	45.00000000	7.56308		-0.27068  0.2  0.2		2.0852751579		-1.0
	90.00000000	7.6921		-0.36004  0.2  0.2		2.0852751579		-1.0
	135.00000000	8.42535		-0.34425  0.2  0.2		2.0852751579		-1.0
	180.00000000	8.80865		-0.42657  0.2  0.2		2.0852751579		-1.0
	225.00000000	8.38435		-0.33519  0.2  0.2		2.0852751579		-1.0
	270.00000000	8.08166		-0.30872  0.2  0.2		2.0852751579		-1.0
	315.00000000	7.60124		-0.3869  0.2  0.2		2.0852751579		-1.0
	360.00000000	7.4287		-0.34709  0.2  0.2		2.0852751579		-1.0
	405.00000000	7.39499		-0.26019  0.2  0.2		2.0852751579		-1.0
	450.00000000	7.33619		-0.30658  0.2  0.2		2.0852751579		-1.0
	495.00000000	6.5784		-0.23908  0.2  0.2		2.0852751579		-1.0
	540.00000000	6.80196		-0.10321  0.2  0.2		2.0852751579		-1.0
	585.00000000	6.4304		-0.25449  0.2  0.2		2.0852751579		-1.0
	630.00000000	5.87569		-0.29692  0.2  0.2		2.0852751579		-1.0
	675.00000000	6.14618		-0.14137  0.2  0.2		2.0852751579		-1.0
	720.00000000	5.28933		-0.30803  0.2  0.2		2.0852751579		-1.0
	765.00000000	5.40872		-0.31799  0.2  0.2		2.0852751579		-1.0
	810.00000000	5.54461		-0.23069  0.2  0.2		2.0852751579		-1.0
	855.00000000	5.03822		-0.20016  0.2  0.2		2.0852751579		-1.0
	900.00000000	4.47088		-0.15037  0.2  0.2		2.0852751579		-1.0
	945.00000000	4.10434		-0.34466  0.2  0.2		2.0852751579		-1.0
	990.00000000	4.4978		-0.11739  0.2  0.2		2.0852751579		-1.0
	1035.00000000	4.80306		-0.2445  0.2  0.2		2.0852751579		-1.0
	1080.00000000	5.02962		-0.4018  0.2  0.2		2.0852751579		-1.0
	1125.00000000	5.48776		-0.42162  0.2  0.2		2.0852751579		-1.0
	1170.00000000	5.78684		-0.19224  0.2  0.2		2.0852751579		-1.0
	1215.00000000	5.56272		-0.44567  0.2  0.2		2.0852751579		-1.0
	1260.00000000	5.18032		-0.4868  0.2  0.2		2.0852751579		-1.0
	1305.00000000	4.83997		-0.78031  0.2  0.2		2.0852751579		-1.0
	1350.00000000	4.36036		-0.55583  0.2  0.2		2.0852751579		-1.0
	1395.00000000	4.0284		-0.56334  0.2  0.2		2.0852751579		-1.0
	1440.00000000	4.4109		-0.84116  0.2  0.2		2.0852751579		-1.0
	1485.00000000	4.48899		-0.67019  0.2  0.2		2.0852751579		-1.0
	1530.00000000	3.82111		-0.81761  0.2  0.2		2.0852751579		-1.0
	1575.00000000	3.53196		-0.84292  0.2  0.2		2.0852751579		-1.0
	1620.00000000	4.0116		-0.74045  0.2  0.2		2.0852751579		-1.0
	1665.00000000	4.47701		-0.63272  0.2  0.2		2.0852751579		-1.0
	1710.00000000	4.83778		-0.77156  0.2  0.2		2.0852751579		-1.0
	1755.00000000	4.7222		-0.78427  0.2  0.2		2.0852751579		-1.0
	1800.00000000	4.47811		-0.94013  0.2  0.2		2.0852751579		-1.0
	1845.00000000	5.13769		-0.86283  0.2  0.2		2.0852751579		-1.0
	1890.00000000	5.14395		-0.6296  0.2  0.2		2.0852751579		-1.0
	1935.00000000	5.84734		-0.72841  0.2  0.2		2.0852751579		-1.0
	1980.00000000	5.5809		-0.78764  0.2  0.2		2.0852751579		-1.0
	2025.00000000	5.18417		-0.97552  0.2  0.2		2.0852751579		-1.0
	2070.00000000	4.89859		-1.09994  0.2  0.2		2.0852751579		-1.0
	2115.00000000	5.04032		-0.89666  0.2  0.2		2.0852751579		-1.0
	2160.00000000	5.37155		-0.84164  0.2  0.2		2.0852751579		-1.0
	2205.00000000	5.707		-0.81459  0.2  0.2		2.0852751579		-1.0
	2250.00000000	5.61281		-0.85678  0.2  0.2		2.0852751579		-1.0
	2295.00000000	5.87391		-0.74551  0.2  0.2		2.0852751579		-1.0
	2340.00000000	5.66382		-0.52585  0.2  0.2		2.0852751579		-1.0
	2385.00000000	5.84746		-0.54703  0.2  0.2		2.0852751579		-1.0
	2430.00000000	5.6047		-0.71546  0.2  0.2		2.0852751579		-1.0
	2475.00000000	4.79078		-0.80406  0.2  0.2		2.0852751579		-1.0
	2520.00000000	4.58287		-0.65902  0.2  0.2		2.0852751579		-1.0
	2565.00000000	4.98927		-0.80434  0.2  0.2		2.0852751579		-1.0
	2610.00000000	4.84346		-0.80226  0.2  0.2		2.0852751579		-1.0
	2655.00000000	5.07982		-0.95491  0.2  0.2		2.0852751579		-1.0
	2700.00000000	4.04424		-0.94705  0.2  0.2		2.0852751579		-1.0
	2745.00000000	4.12913		-0.89886  0.2  0.2		2.0852751579		-1.0
	2790.00000000	4.78203		-0.76944  0.2  0.2		2.0852751579		-1.0
	2835.00000000	5.0745		-0.76611  0.2  0.2		2.0852751579		-1.0
	2880.00000000	4.93361		-0.51093  0.2  0.2		2.0852751579		-1.0
	2925.00000000	5.12075		-0.4354  0.2  0.2		2.0852751579		-1.0
	2970.00000000	4.17164		-0.58011  0.2  0.2		2.0852751579		-1.0
	3015.00000000	3.96959		-0.52159  0.2  0.2		2.0852751579		-1.0
	3060.00000000	4.38297		-0.85447  0.2  0.2		2.0852751579		-1.0
	3105.00000000	4.17703		-0.69586  0.2  0.2		2.0852751579		-1.0
	3150.00000000	4.16698		-0.68664  0.2  0.2		2.0852751579		-1.0
	3195.00000000	3.84215		-0.82627  0.2  0.2		2.0852751579		-1.0
	3240.00000000	3.9311		-0.90093  0.2  0.2		2.0852751579		-1.0
	3285.00000000	3.84119		-0.81474  0.2  0.2		2.0852751579		-1.0
	3330.00000000	3.96513		-0.72941  0.2  0.2		2.0852751579		-1.0
	3375.00000000	4.29602		-0.69342  0.2  0.2		2.0852751579		-1.0
	3420.00000000	4.46221		-0.96421  0.2  0.2		2.0852751579		-1.0
	3465.00000000	4.25734		-0.96439  0.2  0.2		2.0852751579		-1.0
	3510.00000000	3.57257		-0.85553  0.2  0.2		2.0852751579		-1.0
	3555.00000000	3.73587		-0.94098  0.2  0.2		2.0852751579		-1.0
	3600.00000000	3.85079		-1.02999  0.2  0.2		2.0852751579		-1.0
	3645.00000000	3.67046		-0.77026  0.2  0.2		2.0852751579		-1.0
	3690.00000000	3.53746		-0.8387  0.2  0.2		2.0852751579		-1.0
	3735.00000000	3.50254		-0.871  0.2  0.2		2.0852751579		-1.0
	3780.00000000	3.5276		-0.51569  0.2  0.2		2.0852751579		-1.0
	3825.00000000	3.54655		-0.39313  0.2  0.2		2.0852751579		-1.0
	3870.00000000	3.1749		-0.55016  0.2  0.2		2.0852751579		-1.0
	3915.00000000	3.47362		-0.69544  0.2  0.2		2.0852751579		-1.0
	3960.00000000	3.5684		-0.35347  0.2  0.2		2.0852751579		-1.0
	4005.00000000	4.07751		-0.15795  0.2  0.2		2.0852751579		-1.0
	4050.00000000	3.82779		-0.10229  0.2  0.2		2.0852751579		-1.0
	4095.00000000	3.91651		-0.09683  0.2  0.2		2.0852751579		-1.0
	4140.00000000	4.20624		0.09122  0.2  0.2		2.0852751579		-1.0
	4185.00000000	4.53195		0.10554  0.2  0.2		2.0852751579		-1.0
	4230.00000000	5.38874		0.23962  0.2  0.2		2.0852751579		-1.0
	4275.00000000	4.76858		0.08016  0.2  0.2		2.0852751579		-1.0
	4320.00000000	4.72359		0.02023  0.2  0.2		2.0852751579		-1.0
	4365.00000000	5.26883		-0.00334  0.2  0.2		2.0852751579		-1.0
	4410.00000000	5.20916		0.04041  0.2  0.2		2.0852751579		-1.0
	4455.00000000	5.60959		0.04745  0.2  0.2		2.0852751579		-1.0
	4500.00000000	5.67588		-0.06167  0.2  0.2		2.0852751579		-1.0
	4545.00000000	5.98852		0.09808  0.2  0.2		2.0852751579		-1.0
	4590.00000000	6.11031		-0.06134  0.2  0.2		2.0852751579		-1.0
	4635.00000000	6.15426		-0.32393  0.2  0.2		2.0852751579		-1.0
	4680.00000000	6.27252		-0.0524  0.2  0.2		2.0852751579		-1.0
	4725.00000000	6.84793		-0.16102  0.2  0.2		2.0852751579		-1.0
	4770.00000000	7.74081		-0.08421  0.2  0.2		2.0852751579		-1.0
	4815.00000000	7.96446		-0.18896  0.2  0.2		2.0852751579		-1.0
	4860.00000000	8.70056		-0.1545  0.2  0.2		2.0852751579		-1.0
	4905.00000000	8.97872		-0.27122  0.2  0.2		2.0852751579		-1.0
	4950.00000000	8.09489		-0.0758  0.2  0.2		2.0852751579		-1.0
	4995.00000000	8.08263		0.06779  0.2  0.2		2.0852751579		-1.0
	5040.00000000	8.43771		-0.00744  0.2  0.2		2.0852751579		-1.0
	5085.00000000	8.57486		-0.08627  0.2  0.2		2.0852751579		-1.0
	5130.00000000	8.30687		-0.08915  0.2  0.2		2.0852751579		-1.0
	5175.00000000	8.62797		-0.098  0.2  0.2		2.0852751579		-1.0
	5220.00000000	8.62916		-0.00016  0.2  0.2		2.0852751579		-1.0
	5265.00000000	7.92451		-0.08338  0.2  0.2		2.0852751579		-1.0
	5310.00000000	6.87452		-0.1154  0.2  0.2		2.0852751579		-1.0
	5355.00000000	6.53032		0.04357  0.2  0.2		2.0852751579		-1.0
	5400.00000000	6.57902		0.11584  0.2  0.2		2.0852751579		-1.0
	5445.00000000	7.34524		0.06842  0.2  0.2		2.0852751579		-1.0
	5490.00000000	7.41563		-0.11997  0.2  0.2		2.0852751579		-1.0
	5535.00000000	7.67001		-0.06466  0.2  0.2		2.0852751579		-1.0
	5580.00000000	7.0112		0.25154  0.2  0.2		2.0852751579		-1.0
	5625.00000000	6.10767		0.14338  0.2  0.2		2.0852751579		-1.0
	5670.00000000	6.36975		-0.09171  0.2  0.2		2.0852751579		-1.0
	5715.00000000	6.98214		-0.14939  0.2  0.2		2.0852751579		-1.0
	5760.00000000	7.48222		0.00919  0.2  0.2		2.0852751579		-1.0
	5805.00000000	6.9244		-6e-05  0.2  0.2		2.0852751579		-1.0
	5850.00000000	6.59602		-0.17831  0.2  0.2		2.0852751579		-1.0
	5895.00000000	6.77539		-0.34496  0.2  0.2		2.0852751579		-1.0
	5940.00000000	7.10038		-0.20057  0.2  0.2		2.0852751579		-1.0
	5985.00000000	7.76291		-0.13452  0.2  0.2		2.0852751579		-1.0
	6030.00000000	7.18156		-0.04118  0.2  0.2		2.0852751579		-1.0
	6075.00000000	7.08858		-0.2361  0.2  0.2		2.0852751579		-1.0
	6120.00000000	6.54229		-0.33617  0.2  0.2		2.0852751579		-1.0
	6165.00000000	6.29247		-0.22348  0.2  0.2		2.0852751579		-1.0
	6210.00000000	6.90451		-0.16792  0.2  0.2		2.0852751579		-1.0
	6255.00000000	6.92394		-0.12563  0.2  0.2		2.0852751579		-1.0
	6300.00000000	6.40479		-0.12932  0.2  0.2		2.0852751579		-1.0
	6345.00000000	6.80553		0.09035  0.2  0.2		2.0852751579		-1.0
	6390.00000000	6.71332		0.11413  0.2  0.2		2.0852751579		-1.0
	6435.00000000	7.37121		0.11134  0.2  0.2		2.0852751579		-1.0
	6480.00000000	7.57424		-0.00261  0.2  0.2		2.0852751579		-1.0
	6525.00000000	7.71161		0.02999  0.2  0.2		2.0852751579		-1.0
	6570.00000000	8.17179		-0.05376  0.2  0.2		2.0852751579		-1.0
	6615.00000000	8.38476		-0.25693  0.2  0.2		2.0852751579		-1.0
	6660.00000000	8.21606		-0.21359  0.2  0.2		2.0852751579		-1.0
	6705.00000000	8.23316		-0.30653  0.2  0.2		2.0852751579		-1.0
	6750.00000000	8.15028		-0.06544  0.2  0.2		2.0852751579		-1.0
	6795.00000000	7.91181		-0.11963  0.2  0.2		2.0852751579		-1.0
	6840.00000000	7.73029		-0.21227  0.2  0.2		2.0852751579		-1.0
	6885.00000000	7.39746		-0.23109  0.2  0.2		2.0852751579		-1.0
	6930.00000000	7.69821		0.16952  0.2  0.2		2.0852751579		-1.0
	6975.00000000	8.44221		0.11082  0.2  0.2		2.0852751579		-1.0
	7020.00000000	8.84977		-0.05723  0.2  0.2		2.0852751579		-1.0
	7065.00000000	8.74774		-0.19933  0.2  0.2		2.0852751579		-1.0
	7110.00000000	7.96088		-0.07794  0.2  0.2		2.0852751579		-1.0
	7155.00000000	8.55712		-0.04855  0.2  0.2		2.0852751579		-1.0
	7200.00000000	8.92257		-0.10274  0.2  0.2		2.0852751579		-1.0
	7245.00000000	9.47096		-0.10142  0.2  0.2		2.0852751579		-1.0
	7290.00000000	9.03825		0.03697  0.2  0.2		2.0852751579		-1.0
	7335.00000000	9.13602		-0.18551  0.2  0.2		2.0852751579		-1.0
	7380.00000000	9.06079		-0.12915  0.2  0.2		2.0852751579		-1.0
	7425.00000000	9.23822		-0.18473  0.2  0.2		2.0852751579		-1.0
	7470.00000000	9.32594		-0.24212  0.2  0.2		2.0852751579		-1.0
	7515.00000000	9.43391		-0.16063  0.2  0.2		2.0852751579		-1.0
	7560.00000000	9.62563		-0.17365  0.2  0.2		2.0852751579		-1.0
	7605.00000000	9.0163		-0.05692  0.2  0.2		2.0852751579		-1.0
	7650.00000000	9.5993		-0.20777  0.2  0.2		2.0852751579		-1.0
	7695.00000000	9.90894		-0.38655  0.2  0.2		2.0852751579		-1.0
	7740.00000000	9.59278		-0.34393  0.2  0.2		2.0852751579		-1.0
	7785.00000000	9.30237		-0.22722  0.2  0.2		2.0852751579		-1.0
	7830.00000000	9.22347		-0.0284  0.2  0.2		2.0852751579		-1.0
	7875.00000000	9.17414		0.02586  0.2  0.2		2.0852751579		-1.0
	7920.00000000	8.89874		-0.10365  0.2  0.2		2.0852751579		-1.0
	7965.00000000	8.68359		-0.0957  0.2  0.2		2.0852751579		-1.0
	8010.00000000	8.27212		0.15404  0.2  0.2		2.0852751579		-1.0
	8055.00000000	7.97147		0.29977  0.2  0.2		2.0852751579		-1.0
	8100.00000000	8.50774		0.23534  0.2  0.2		2.0852751579		-1.0
	8145.00000000	8.21397		0.22507  0.2  0.2		2.0852751579		-1.0
	8190.00000000	8.18143		0.03199  0.2  0.2		2.0852751579		-1.0
	8235.00000000	8.48669		0.07387  0.2  0.2		2.0852751579		-1.0
	8280.00000000	8.05378		0.11883  0.2  0.2		2.0852751579		-1.0
	8325.00000000	7.50815		0.25915  0.2  0.2		2.0852751579		-1.0
	8370.00000000	7.32296		0.27241  0.2  0.2		2.0852751579		-1.0
	8415.00000000	6.91297		0.35224  0.2  0.2		2.0852751579		-1.0
	8460.00000000	7.4203		0.18193  0.2  0.2		2.0852751579		-1.0
	8505.00000000	7.18709		0.18188  0.2  0.2		2.0852751579		-1.0
	8550.00000000	7.08292		0.33156  0.2  0.2		2.0852751579		-1.0
	8595.00000000	6.70003		0.27873  0.2  0.2		2.0852751579		-1.0
	8640.00000000	7.02483		0.48265  0.2  0.2		2.0852751579		-1.0
	8685.00000000	7.54368		0.45375  0.2  0.2		2.0852751579		-1.0
	8730.00000000	7.5486		0.41568  0.2  0.2		2.0852751579		-1.0
	8775.00000000	7.17518		0.61646  0.2  0.2		2.0852751579		-1.0
	8820.00000000	8.15825		0.36091  0.2  0.2		2.0852751579		-1.0
	8865.00000000	7.81246		0.36899  0.2  0.2		2.0852751579		-1.0
	8910.00000000	7.78531		0.36151  0.2  0.2		2.0852751579		-1.0
	8955.00000000	7.8591		0.20451  0.2  0.2		2.0852751579		-1.0
	9000.00000000	8.2799		0.29884  0.2  0.2		2.0852751579		-1.0
	9045.00000000	8.87454		0.16795  0.2  0.2		2.0852751579		-1.0
	9090.00000000	9.02689		0.14791  0.2  0.2		2.0852751579		-1.0
	9135.00000000	8.53756		0.14995  0.2  0.2		2.0852751579		-1.0
	9180.00000000	8.5349		0.26651  0.2  0.2		2.0852751579		-1.0
	9225.00000000	8.0928		0.34149  0.2  0.2		2.0852751579		-1.0
	9270.00000000	7.56458		0.15209  0.2  0.2		2.0852751579		-1.0
	9315.00000000	7.40336		0.19271  0.2  0.2		2.0852751579		-1.0
	9360.00000000	7.23227		0.25358  0.2  0.2		2.0852751579		-1.0
	9405.00000000	6.93903		0.1667  0.2  0.2		2.0852751579		-1.0
	9450.00000000	6.30075		0.29742  0.2  0.2		2.0852751579		-1.0
	9495.00000000	5.56773		0.11249  0.2  0.2		2.0852751579		-1.0
	9540.00000000	4.95127		0.06805  0.2  0.2		2.0852751579		-1.0
	9585.00000000	4.85323		0.19602  0.2  0.2		2.0852751579		-1.0
	9630.00000000	3.96725		0.26082  0.2  0.2		2.0852751579		-1.0
	9675.00000000	4.57946		0.21322  0.2  0.2		2.0852751579		-1.0
	9720.00000000	4.37889		0.06109  0.2  0.2		2.0852751579		-1.0
	9765.00000000	5.09654		-0.0526  0.2  0.2		2.0852751579		-1.0
	9810.00000000	4.95786		-0.0714  0.2  0.2		2.0852751579		-1.0
	9855.00000000	4.42177		-0.20662  0.2  0.2		2.0852751579		-1.0
	9900.00000000	3.80925		-0.30565  0.2  0.2		2.0852751579		-1.0
	9945.00000000	3.53159		-0.14225  0.2  0.2		2.0852751579		-1.0
	9990.00000000	3.83049		-0.39756  0.2  0.2		2.0852751579		-1.0
