	45.00000000	7.49139		-0.17479  0.2  0.2		2.0852751579		-1.0
	90.00000000	7.82589		-0.33217  0.2  0.2		2.0852751579		-1.0
	135.00000000	8.53983		-0.3052  0.2  0.2		2.0852751579		-1.0
	180.00000000	8.4056		-0.3647  0.2  0.2		2.0852751579		-1.0
	225.00000000	8.35746		-0.1815  0.2  0.2		2.0852751579		-1.0
	270.00000000	7.70619		-0.18262  0.2  0.2		2.0852751579		-1.0
	315.00000000	7.0181		-0.22254  0.2  0.2		2.0852751579		-1.0
	360.00000000	7.35622		-0.27628  0.2  0.2		2.0852751579		-1.0
	405.00000000	7.10868		-0.13262  0.2  0.2		2.0852751579		-1.0
	450.00000000	6.94727		-0.27618  0.2  0.2		2.0852751579		-1.0
	495.00000000	7.47641		-0.26344  0.2  0.2		2.0852751579		-1.0
	540.00000000	7.9817		-0.19003  0.2  0.2		2.0852751579		-1.0
	585.00000000	7.4715		-0.1483  0.2  0.2		2.0852751579		-1.0
	630.00000000	6.6462		-0.09907  0.2  0.2		2.0852751579		-1.0
	675.00000000	6.11186		-0.11149  0.2  0.2		2.0852751579		-1.0
	720.00000000	6.2991		-0.35096  0.2  0.2		2.0852751579		-1.0
	765.00000000	6.18451		-0.13874  0.2  0.2		2.0852751579		-1.0
	810.00000000	6.28569		-0.11356  0.2  0.2		2.0852751579		-1.0
	855.00000000	6.66006		-0.24208  0.2  0.2		2.0852751579		-1.0
	900.00000000	6.7931		-0.23254  0.2  0.2		2.0852751579		-1.0
	945.00000000	6.38769		-0.11412  0.2  0.2		2.0852751579		-1.0
	990.00000000	6.01855		-0.07452  0.2  0.2		2.0852751579		-1.0
	1035.00000000	5.6259		-0.21737  0.2  0.2		2.0852751579		-1.0
	1080.00000000	5.47722		-0.40858  0.2  0.2		2.0852751579		-1.0
	1125.00000000	6.04921		-0.34128  0.2  0.2		2.0852751579		-1.0
	1170.00000000	5.88407		-0.38631  0.2  0.2		2.0852751579		-1.0
	1215.00000000	5.9463		-0.5322  0.2  0.2		2.0852751579		-1.0
	1260.00000000	5.11498		-0.55454  0.2  0.2		2.0852751579		-1.0
	1305.00000000	4.77744		-0.28859  0.2  0.2		2.0852751579		-1.0
	1350.00000000	5.03631		-0.28127  0.2  0.2		2.0852751579		-1.0
	1395.00000000	5.39574		-0.39697  0.2  0.2		2.0852751579		-1.0
	1440.00000000	4.88827		-0.26078  0.2  0.2		2.0852751579		-1.0
	1485.00000000	4.37596		-0.41664  0.2  0.2		2.0852751579		-1.0
	1530.00000000	4.97824		-0.3793  0.2  0.2		2.0852751579		-1.0
	1575.00000000	4.64908		-0.36932  0.2  0.2		2.0852751579		-1.0
	1620.00000000	4.18656		-0.18757  0.2  0.2		2.0852751579		-1.0
	1665.00000000	4.05166		-0.45831  0.2  0.2		2.0852751579		-1.0
	1710.00000000	3.54079		-0.4381  0.2  0.2		2.0852751579		-1.0
	1755.00000000	4.40848		-0.49044  0.2  0.2		2.0852751579		-1.0
	1800.00000000	4.2508		-0.40647  0.2  0.2		2.0852751579		-1.0
	1845.00000000	3.95768		-0.46891  0.2  0.2		2.0852751579		-1.0
	1890.00000000	4.01808		-0.59626  0.2  0.2		2.0852751579		-1.0
	1935.00000000	4.0261		-0.57622  0.2  0.2		2.0852751579		-1.0
	1980.00000000	3.77286		-0.4121  0.2  0.2		2.0852751579		-1.0
	2025.00000000	4.56626		-0.31347  0.2  0.2		2.0852751579		-1.0
	2070.00000000	5.02256		-0.47601  0.2  0.2		2.0852751579		-1.0
	2115.00000000	4.60504		-0.60171  0.2  0.2		2.0852751579		-1.0
	2160.00000000	4.18049		-0.22153  0.2  0.2		2.0852751579		-1.0
	2205.00000000	3.81457		-0.27077  0.2  0.2		2.0852751579		-1.0
	2250.00000000	3.687		-0.38321  0.2  0.2		2.0852751579		-1.0
	2295.00000000	3.67967		-0.55299  0.2  0.2		2.0852751579		-1.0
	2340.00000000	3.60481		-0.60013  0.2  0.2		2.0852751579		-1.0
	2385.00000000	3.27187		-0.63858  0.2  0.2		2.0852751579		-1.0
	2430.00000000	3.04939		-0.66309  0.2  0.2		2.0852751579		-1.0
	2475.00000000	3.57331		-0.77778  0.2  0.2		2.0852751579		-1.0
	2520.00000000	4.39285		-0.70834  0.2  0.2		2.0852751579		-1.0
	2565.00000000	4.15958		-0.88236  0.2  0.2		2.0852751579		-1.0
	2610.00000000	3.93763		-0.96409  0.2  0.2		2.0852751579		-1.0
	2655.00000000	4.4673		-0.84342  0.2  0.2		2.0852751579		-1.0
	2700.00000000	5.31091		-0.88944  0.2  0.2		2.0852751579		-1.0
	2745.00000000	5.46952		-0.9349  0.2  0.2		2.0852751579		-1.0
	2790.00000000	5.91751		-0.97757  0.2  0.2		2.0852751579		-1.0
	2835.00000000	5.82224		-1.07025  0.2  0.2		2.0852751579		-1.0
	2880.00000000	5.83213		-0.91098  0.2  0.2		2.0852751579		-1.0
	2925.00000000	5.61428		-1.03154  0.2  0.2		2.0852751579		-1.0
	2970.00000000	5.67954		-1.25021  0.2  0.2		2.0852751579		-1.0
	3015.00000000	5.64555		-1.31524  0.2  0.2		2.0852751579		-1.0
	3060.00000000	6.42667		-1.17684  0.2  0.2		2.0852751579		-1.0
	3105.00000000	6.38965		-1.19014  0.2  0.2		2.0852751579		-1.0
	3150.00000000	5.81081		-1.00166  0.2  0.2		2.0852751579		-1.0
	3195.00000000	5.1848		-1.13372  0.2  0.2		2.0852751579		-1.0
	3240.00000000	4.8385		-1.1837  0.2  0.2		2.0852751579		-1.0
	3285.00000000	4.58518		-1.14936  0.2  0.2		2.0852751579		-1.0
	3330.00000000	4.75174		-1.08506  0.2  0.2		2.0852751579		-1.0
	3375.00000000	4.8309		-0.92921  0.2  0.2		2.0852751579		-1.0
	3420.00000000	5.1004		-0.83346  0.2  0.2		2.0852751579		-1.0
	3465.00000000	4.71023		-0.82396  0.2  0.2		2.0852751579		-1.0
	3510.00000000	4.3312		-0.86606  0.2  0.2		2.0852751579		-1.0
	3555.00000000	4.1408		-0.91925  0.2  0.2		2.0852751579		-1.0
	3600.00000000	3.85805		-0.92897  0.2  0.2		2.0852751579		-1.0
	3645.00000000	3.21857		-0.53406  0.2  0.2		2.0852751579		-1.0
	3690.00000000	3.13648		-0.34586  0.2  0.2		2.0852751579		-1.0
	3735.00000000	4.09902		-0.3405  0.2  0.2		2.0852751579		-1.0
	3780.00000000	4.6189		-0.50182  0.2  0.2		2.0852751579		-1.0
	3825.00000000	5.42893		-0.53106  0.2  0.2		2.0852751579		-1.0
	3870.00000000	5.31382		-0.10955  0.2  0.2		2.0852751579		-1.0
	3915.00000000	5.19603		-0.0993  0.2  0.2		2.0852751579		-1.0
	3960.00000000	5.13274		-0.37225  0.2  0.2		2.0852751579		-1.0
	4005.00000000	4.42594		-0.03064  0.2  0.2		2.0852751579		-1.0
	4050.00000000	3.74825		-0.23062  0.2  0.2		2.0852751579		-1.0
	4095.00000000	4.19603		-0.46432  0.2  0.2		2.0852751579		-1.0
	4140.00000000	4.80014		-0.32174  0.2  0.2		2.0852751579		-1.0
	4185.00000000	4.54065		-0.18424  0.2  0.2		2.0852751579		-1.0
	4230.00000000	4.59666		-0.53416  0.2  0.2		2.0852751579		-1.0
	4275.00000000	4.90063		-0.69302  0.2  0.2		2.0852751579		-1.0
	4320.00000000	5.15375		-0.60644  0.2  0.2		2.0852751579		-1.0
	4365.00000000	4.75809		-0.34747  0.2  0.2		2.0852751579		-1.0
	4410.00000000	4.78441		-0.37156  0.2  0.2		2.0852751579		-1.0
	4455.00000000	4.89009		-0.24596  0.2  0.2		2.0852751579		-1.0
	4500.00000000	5.61645		-0.28954  0.2  0.2		2.0852751579		-1.0
	4545.00000000	5.31846		-0.45373  0.2  0.2		2.0852751579		-1.0
	4590.00000000	5.30337		-0.64774  0.2  0.2		2.0852751579		-1.0
	4635.00000000	5.41945		-0.70415  0.2  0.2		2.0852751579		-1.0
	4680.00000000	5.88292		-0.60552  0.2  0.2		2.0852751579		-1.0
	4725.00000000	6.16969		-0.54449  0.2  0.2		2.0852751579		-1.0
	4770.00000000	6.24223		-0.52305  0.2  0.2		2.0852751579		-1.0
	4815.00000000	6.42029		-0.42495  0.2  0.2		2.0852751579		-1.0
	4860.00000000	6.5165		-0.26933  0.2  0.2		2.0852751579		-1.0
	4905.00000000	6.08875		-0.22976  0.2  0.2		2.0852751579		-1.0
	4950.00000000	5.91838		-0.03485  0.2  0.2		2.0852751579		-1.0
	4995.00000000	5.7041		-0.08137  0.2  0.2		2.0852751579		-1.0
	5040.00000000	5.498		0.1189  0.2  0.2		2.0852751579		-1.0
	5085.00000000	6.60942		0.08944  0.2  0.2		2.0852751579		-1.0
	5130.00000000	6.8708		-0.15465  0.2  0.2		2.0852751579		-1.0
	5175.00000000	6.84549		0.09655  0.2  0.2		2.0852751579		-1.0
	5220.00000000	6.08998		0.11531  0.2  0.2		2.0852751579		-1.0
	5265.00000000	5.55965		0.1747  0.2  0.2		2.0852751579		-1.0
	5310.00000000	5.29593		0.02099  0.2  0.2		2.0852751579		-1.0
	5355.00000000	4.71735		-0.09131  0.2  0.2		2.0852751579		-1.0
	5400.00000000	4.76749		0.10976  0.2  0.2		2.0852751579		-1.0
	5445.00000000	5.175		0.10496  0.2  0.2		2.0852751579		-1.0
	5490.00000000	4.92574		0.13743  0.2  0.2		2.0852751579		-1.0
	5535.00000000	5.12584		0.12088  0.2  0.2		2.0852751579		-1.0
	5580.00000000	4.96521		0.02957  0.2  0.2		2.0852751579		-1.0
	5625.00000000	5.29813		-0.03235  0.2  0.2		2.0852751579		-1.0
	5670.00000000	5.77253		0.24294  0.2  0.2		2.0852751579		-1.0
	5715.00000000	5.82962		0.3694  0.2  0.2		2.0852751579		-1.0
	5760.00000000	6.82962		0.18072  0.2  0.2		2.0852751579		-1.0
	5805.00000000	7.28479		-0.05742  0.2  0.2		2.0852751579		-1.0
	5850.00000000	7.59615		-0.01688  0.2  0.2		2.0852751579		-1.0
	5895.00000000	7.0234		-0.10646  0.2  0.2		2.0852751579		-1.0
	5940.00000000	6.2771		0.10981  0.2  0.2		2.0852751579		-1.0
	5985.00000000	5.80632		0.01998  0.2  0.2		2.0852751579		-1.0
	6030.00000000	5.92306		-0.04893  0.2  0.2		2.0852751579		-1.0
	6075.00000000	6.41214		0.07558  0.2  0.2		2.0852751579		-1.0
	6120.00000000	6.31508		0.22324  0.2  0.2		2.0852751579		-1.0
	6165.00000000	6.79228		0.10892  0.2  0.2		2.0852751579		-1.0
	6210.00000000	6.60668		-0.20708  0.2  0.2		2.0852751579		-1.0
	6255.00000000	6.7894		-0.01701  0.2  0.2		2.0852751579		-1.0
	6300.00000000	6.99498		0.00037  0.2  0.2		2.0852751579		-1.0
	6345.00000000	7.09361		-0.25673  0.2  0.2		2.0852751579		-1.0
	6390.00000000	7.83621		-0.27164  0.2  0.2		2.0852751579		-1.0
	6435.00000000	8.11245		-0.18115  0.2  0.2		2.0852751579		-1.0
	6480.00000000	7.85936		-0.03265  0.2  0.2		2.0852751579		-1.0
	6525.00000000	8.39393		-0.22627  0.2  0.2		2.0852751579		-1.0
	6570.00000000	8.19495		-0.1911  0.2  0.2		2.0852751579		-1.0
	6615.00000000	7.9762		-0.11759  0.2  0.2		2.0852751579		-1.0
	6660.00000000	7.79921		-0.22417  0.2  0.2		2.0852751579		-1.0
	6705.00000000	8.15934		-0.3199  0.2  0.2		2.0852751579		-1.0
	6750.00000000	9.00187		-0.26846  0.2  0.2		2.0852751579		-1.0
	6795.00000000	8.84766		-0.09523  0.2  0.2		2.0852751579		-1.0
	6840.00000000	8.75461		0.01771  0.2  0.2		2.0852751579		-1.0
	6885.00000000	8.24949		0.08248  0.2  0.2		2.0852751579		-1.0
	6930.00000000	8.73986		-0.21589  0.2  0.2		2.0852751579		-1.0
	6975.00000000	9.31018		-0.38096  0.2  0.2		2.0852751579		-1.0
	7020.00000000	8.96767		-0.22958  0.2  0.2		2.0852751579		-1.0
	7065.00000000	8.00781		0.00545  0.2  0.2		2.0852751579		-1.0
	7110.00000000	7.42568		0.11427  0.2  0.2		2.0852751579		-1.0
	7155.00000000	7.46258		0.002  0.2  0.2		2.0852751579		-1.0
	7200.00000000	8.19052		-0.05416  0.2  0.2		2.0852751579		-1.0
	7245.00000000	8.47835		-0.0382  0.2  0.2		2.0852751579		-1.0
	7290.00000000	8.48796		-0.00433  0.2  0.2		2.0852751579		-1.0
	7335.00000000	8.91816		-0.09354  0.2  0.2		2.0852751579		-1.0
	7380.00000000	8.72271		-0.03912  0.2  0.2		2.0852751579		-1.0
	7425.00000000	9.17961		-0.15597  0.2  0.2		2.0852751579		-1.0
	7470.00000000	9.15133		-0.35424  0.2  0.2		2.0852751579		-1.0
	7515.00000000	8.56514		-0.23896  0.2  0.2		2.0852751579		-1.0
	7560.00000000	8.12102		-0.05048  0.2  0.2		2.0852751579		-1.0
	7605.00000000	8.17688		-0.04397  0.2  0.2		2.0852751579		-1.0
	7650.00000000	8.71686		0.00079  0.2  0.2		2.0852751579		-1.0
	7695.00000000	8.72533		-0.11703  0.2  0.2		2.0852751579		-1.0
	7740.00000000	9.28385		-0.13153  0.2  0.2		2.0852751579		-1.0
	7785.00000000	8.44005		-0.10272  0.2  0.2		2.0852751579		-1.0
	7830.00000000	8.37995		0.07266  0.2  0.2		2.0852751579		-1.0
	7875.00000000	9.28983		-0.02758  0.2  0.2		2.0852751579		-1.0
	7920.00000000	8.85826		0.00624  0.2  0.2		2.0852751579		-1.0
	7965.00000000	8.64942		-0.0274  0.2  0.2		2.0852751579		-1.0
	8010.00000000	7.61517		0.16969  0.2  0.2		2.0852751579		-1.0
	8055.00000000	7.70104		0.22408  0.2  0.2		2.0852751579		-1.0
	8100.00000000	7.67805		0.21182  0.2  0.2		2.0852751579		-1.0
	8145.00000000	7.38671		0.04286  0.2  0.2		2.0852751579		-1.0
	8190.00000000	7.249		0.1237  0.2  0.2		2.0852751579		-1.0
	8235.00000000	7.34037		0.20638  0.2  0.2		2.0852751579		-1.0
	8280.00000000	8.13229		0.20892  0.2  0.2		2.0852751579		-1.0
	8325.00000000	9.06397		0.08796  0.2  0.2		2.0852751579		-1.0
	8370.00000000	8.79765		-0.11768  0.2  0.2		2.0852751579		-1.0
	8415.00000000	9.6646		-0.17862  0.2  0.2		2.0852751579		-1.0
	8460.00000000	9.50957		-0.15655  0.2  0.2		2.0852751579		-1.0
	8505.00000000	9.37281		-0.13075  0.2  0.2		2.0852751579		-1.0
	8550.00000000	9.34251		-0.13056  0.2  0.2		2.0852751579		-1.0
	8595.00000000	9.13883		-0.09287  0.2  0.2		2.0852751579		-1.0
	8640.00000000	8.85742		0.04413  0.2  0.2		2.0852751579		-1.0
	8685.00000000	8.15225		0.13672  0.2  0.2		2.0852751579		-1.0
	8730.00000000	7.73046		0.02833  0.2  0.2		2.0852751579		-1.0
	8775.00000000	7.84286		0.2118  0.2  0.2		2.0852751579		-1.0
	8820.00000000	8.26981		0.28085  0.2  0.2		2.0852751579		-1.0
	8865.00000000	8.46462		0.42448  0.2  0.2		2.0852751579		-1.0
	8910.00000000	8.36391		0.4263  0.2  0.2		2.0852751579		-1.0
	8955.00000000	7.75291		0.3457  0.2  0.2		2.0852751579		-1.0
	9000.00000000	7.81911		0.2551  0.2  0.2		2.0852751579		-1.0
	9045.00000000	7.52616		0.366  0.2  0.2		2.0852751579		-1.0
	9090.00000000	8.02048		0.55957  0.2  0.2		2.0852751579		-1.0
	9135.00000000	7.83555		0.70193  0.2  0.2		2.0852751579		-1.0
	9180.00000000	6.98731		0.69709  0.2  0.2		2.0852751579		-1.0
	9225.00000000	6.50878		0.55359  0.2  0.2		2.0852751579		-1.0
	9270.00000000	6.74267		0.34806  0.2  0.2		2.0852751579		-1.0
	9315.00000000	7.07553		0.25193  0.2  0.2		2.0852751579		-1.0
	9360.00000000	7.02379		0.56541  0.2  0.2		2.0852751579		-1.0
	9405.00000000	6.67254		0.62466  0.2  0.2		2.0852751579		-1.0
	9450.00000000	6.24427		0.46734  0.2  0.2		2.0852751579		-1.0
	9495.00000000	6.6152		0.10224  0.2  0.2		2.0852751579		-1.0
	9540.00000000	6.08905		0.18652  0.2  0.2		2.0852751579		-1.0
	9585.00000000	6.2291		0.28598  0.2  0.2		2.0852751579		-1.0
	9630.00000000	6.1807		0.07215  0.2  0.2		2.0852751579		-1.0
	9675.00000000	6.49231		0.00228  0.2  0.2		2.0852751579		-1.0
	9720.00000000	6.47474		0.06561  0.2  0.2		2.0852751579		-1.0
	9765.00000000	6.60347		0.21235  0.2  0.2		2.0852751579		-1.0
	9810.00000000	6.41464		0.33044  0.2  0.2		2.0852751579		-1.0
	9855.00000000	6.91244		0.53553  0.2  0.2		2.0852751579		-1.0
	9900.00000000	6.37984		0.72996  0.2  0.2		2.0852751579		-1.0
	9945.00000000	6.3765		0.84849  0.2  0.2		2.0852751579		-1.0
	9990.00000000	6.67584		0.77006  0.2  0.2		2.0852751579		-1.0
