	45.00000000	2.10582		-1.36325  0.2  0.2		2.0852751579		-1.0
	90.00000000	2.10419		-1.51997  0.2  0.2		2.0852751579		-1.0
	135.00000000	2.09589		-1.35664  0.2  0.2		2.0852751579		-1.0
	180.00000000	2.08862		-1.2586  0.2  0.2		2.0852751579		-1.0
	225.00000000	2.11732		-1.58169  0.2  0.2		2.0852751579		-1.0
	270.00000000	2.09516		-1.30278  0.2  0.2		2.0852751579		-1.0
	315.00000000	2.03316		-1.54158  0.2  0.2		2.0852751579		-1.0
	360.00000000	2.13016		-1.46624  0.2  0.2		2.0852751579		-1.0
	405.00000000	1.94495		-1.54026  0.2  0.2		2.0852751579		-1.0
	450.00000000	2.10469		-1.7043  0.2  0.2		2.0852751579		-1.0
	495.00000000	2.19221		-1.62255  0.2  0.2		2.0852751579		-1.0
	540.00000000	1.94296		-1.84549  0.2  0.2		2.0852751579		-1.0
	585.00000000	2.09905		-1.48266  0.2  0.2		2.0852751579		-1.0
	630.00000000	2.20055		-1.52824  0.2  0.2		2.0852751579		-1.0
	675.00000000	1.95375		-1.52393  0.2  0.2		2.0852751579		-1.0
	720.00000000	2.09682		-1.06815  0.2  0.2		2.0852751579		-1.0
	765.00000000	1.99975		-0.94828  0.2  0.2		2.0852751579		-1.0
	810.00000000	2.00788		-1.00967  0.2  0.2		2.0852751579		-1.0
	855.00000000	2.09482		-1.08041  0.2  0.2		2.0852751579		-1.0
	900.00000000	2.03452		-0.94816  0.2  0.2		2.0852751579		-1.0
	945.00000000	2.20015		-1.02403  0.2  0.2		2.0852751579		-1.0
	990.00000000	2.03761		-0.93638  0.2  0.2		2.0852751579		-1.0
	1035.00000000	2.05541		-0.64366  0.2  0.2		2.0852751579		-1.0
	1080.00000000	2.00399		-0.71275  0.2  0.2		2.0852751579		-1.0
	1125.00000000	2.19016		-0.79115  0.2  0.2		2.0852751579		-1.0
	1170.00000000	1.96689		-0.68496  0.2  0.2		2.0852751579		-1.0
	1215.00000000	2.0488		-0.55538  0.2  0.2		2.0852751579		-1.0
	1260.00000000	2.08438		-0.21456  0.2  0.2		2.0852751579		-1.0
	1305.00000000	2.16193		-0.21146  0.2  0.2		2.0852751579		-1.0
	1350.00000000	2.15472		-0.45243  0.2  0.2		2.0852751579		-1.0
	1395.00000000	2.09913		-0.54372  0.2  0.2		2.0852751579		-1.0
	1440.00000000	2.04714		-0.28071  0.2  0.2		2.0852751579		-1.0
	1485.00000000	2.05082		-0.05718  0.2  0.2		2.0852751579		-1.0
	1530.00000000	2.02334		-0.33391  0.2  0.2		2.0852751579		-1.0
	1575.00000000	2.05111		0.15593  0.2  0.2		2.0852751579		-1.0
	1620.00000000	2.05954		0.23868  0.2  0.2		2.0852751579		-1.0
	1665.00000000	2.09841		0.61685  0.2  0.2		2.0852751579		-1.0
	1710.00000000	2.07928		0.36672  0.2  0.2		2.0852751579		-1.0
	1755.00000000	2.04893		0.61932  0.2  0.2		2.0852751579		-1.0
	1800.00000000	2.04495		0.36511  0.2  0.2		2.0852751579		-1.0
	1845.00000000	2.06881		0.90109  0.2  0.2		2.0852751579		-1.0
	1890.00000000	2.06693		1.03622  0.2  0.2		2.0852751579		-1.0
	1935.00000000	2.08594		0.86939  0.2  0.2		2.0852751579		-1.0
	1980.00000000	2.03193		0.5207  0.2  0.2		2.0852751579		-1.0
	2025.00000000	2.08801		1.00328  0.2  0.2		2.0852751579		-1.0
	2070.00000000	1.99357		0.5735  0.2  0.2		2.0852751579		-1.0
	2115.00000000	2.01142		0.88956  0.2  0.2		2.0852751579		-1.0
	2160.00000000	2.04118		1.32254  0.2  0.2		2.0852751579		-1.0
	2205.00000000	2.1953		1.37395  0.2  0.2		2.0852751579		-1.0
	2250.00000000	2.16243		1.37122  0.2  0.2		2.0852751579		-1.0
	2295.00000000	2.03291		1.12204  0.2  0.2		2.0852751579		-1.0
	2340.00000000	2.04857		1.22449  0.2  0.2		2.0852751579		-1.0
	2385.00000000	2.11044		1.36001  0.2  0.2		2.0852751579		-1.0
	2430.00000000	2.0488		1.4773  0.2  0.2		2.0852751579		-1.0
	2475.00000000	2.04465		1.1958  0.2  0.2		2.0852751579		-1.0
	2520.00000000	2.03904		1.57577  0.2  0.2		2.0852751579		-1.0
	2565.00000000	2.00169		1.2853  0.2  0.2		2.0852751579		-1.0
	2610.00000000	2.02921		1.11929  0.2  0.2		2.0852751579		-1.0
	2655.00000000	2.01165		1.01533  0.2  0.2		2.0852751579		-1.0
	2700.00000000	2.1401		0.73313  0.2  0.2		2.0852751579		-1.0
	2745.00000000	2.07055		0.30651  0.2  0.2		2.0852751579		-1.0
	2790.00000000	2.00802		0.25688  0.2  0.2		2.0852751579		-1.0
	2835.00000000	2.20418		-0.06325  0.2  0.2		2.0852751579		-1.0
	2880.00000000	2.05823		0.18736  0.2  0.2		2.0852751579		-1.0
	2925.00000000	2.06239		0.18138  0.2  0.2		2.0852751579		-1.0
	2970.00000000	2.05967		0.34744  0.2  0.2		2.0852751579		-1.0
	3015.00000000	2.12609		0.60268  0.2  0.2		2.0852751579		-1.0
	3060.00000000	2.06954		0.77245  0.2  0.2		2.0852751579		-1.0
	3105.00000000	2.12918		0.88129  0.2  0.2		2.0852751579		-1.0
	3150.00000000	2.03636		0.88265  0.2  0.2		2.0852751579		-1.0
	3195.00000000	2.09717		0.23971  0.2  0.2		2.0852751579		-1.0
	3240.00000000	1.92231		0.70197  0.2  0.2		2.0852751579		-1.0
	3285.00000000	2.29366		0.83859  0.2  0.2		2.0852751579		-1.0
	3330.00000000	1.98785		0.74833  0.2  0.2		2.0852751579		-1.0
	3375.00000000	2.00985		0.03707  0.2  0.2		2.0852751579		-1.0
	3420.00000000	2.14661		0.33166  0.2  0.2		2.0852751579		-1.0
	3465.00000000	2.04621		0.02202  0.2  0.2		2.0852751579		-1.0
	3510.00000000	2.08472		0.41736  0.2  0.2		2.0852751579		-1.0
	3555.00000000	2.14845		0.48047  0.2  0.2		2.0852751579		-1.0
	3600.00000000	2.17259		-0.21108  0.2  0.2		2.0852751579		-1.0
	3645.00000000	2.16093		-0.06512  0.2  0.2		2.0852751579		-1.0
	3690.00000000	2.18552		-0.30734  0.2  0.2		2.0852751579		-1.0
	3735.00000000	2.05397		-0.00027  0.2  0.2		2.0852751579		-1.0
	3780.00000000	1.97739		0.11627  0.2  0.2		2.0852751579		-1.0
	3825.00000000	2.00358		0.43742  0.2  0.2		2.0852751579		-1.0
	3870.00000000	1.98485		0.17052  0.2  0.2		2.0852751579		-1.0
	3915.00000000	2.05009		0.43488  0.2  0.2		2.0852751579		-1.0
	3960.00000000	2.12973		0.74951  0.2  0.2		2.0852751579		-1.0
	4005.00000000	2.09897		0.67189  0.2  0.2		2.0852751579		-1.0
	4050.00000000	2.02031		-0.15853  0.2  0.2		2.0852751579		-1.0
	4095.00000000	1.99451		-0.49278  0.2  0.2		2.0852751579		-1.0
	4140.00000000	1.97424		-0.15062  0.2  0.2		2.0852751579		-1.0
	4185.00000000	2.1347		-0.59539  0.2  0.2		2.0852751579		-1.0
	4230.00000000	2.14321		-0.66742  0.2  0.2		2.0852751579		-1.0
	4275.00000000	2.14824		-0.66744  0.2  0.2		2.0852751579		-1.0
	4320.00000000	2.24218		-0.56581  0.2  0.2		2.0852751579		-1.0
	4365.00000000	2.15708		-0.38899  0.2  0.2		2.0852751579		-1.0
	4410.00000000	2.00502		-0.18068  0.2  0.2		2.0852751579		-1.0
	4455.00000000	2.0949		-0.09726  0.2  0.2		2.0852751579		-1.0
	4500.00000000	2.22631		0.22445  0.2  0.2		2.0852751579		-1.0
	4545.00000000	2.01909		-0.49028  0.2  0.2		2.0852751579		-1.0
	4590.00000000	2.03891		-0.32396  0.2  0.2		2.0852751579		-1.0
	4635.00000000	2.02337		-0.66577  0.2  0.2		2.0852751579		-1.0
	4680.00000000	2.09736		-0.97377  0.2  0.2		2.0852751579		-1.0
	4725.00000000	2.11704		-1.10038  0.2  0.2		2.0852751579		-1.0
	4770.00000000	2.22061		-1.08941  0.2  0.2		2.0852751579		-1.0
	4815.00000000	2.10635		-1.23008  0.2  0.2		2.0852751579		-1.0
	4860.00000000	1.93728		-1.04912  0.2  0.2		2.0852751579		-1.0
	4905.00000000	1.90998		-1.0074  0.2  0.2		2.0852751579		-1.0
	4950.00000000	1.96731		-1.30681  0.2  0.2		2.0852751579		-1.0
	4995.00000000	2.15342		-0.99902  0.2  0.2		2.0852751579		-1.0
	5040.00000000	2.14117		-0.96483  0.2  0.2		2.0852751579		-1.0
	5085.00000000	1.97405		-1.18433  0.2  0.2		2.0852751579		-1.0
	5130.00000000	2.03883		-1.07879  0.2  0.2		2.0852751579		-1.0
	5175.00000000	1.9955		-1.11921  0.2  0.2		2.0852751579		-1.0
	5220.00000000	2.13908		-0.9246  0.2  0.2		2.0852751579		-1.0
	5265.00000000	2.05534		-0.66688  0.2  0.2		2.0852751579		-1.0
	5310.00000000	2.21954		-0.66733  0.2  0.2		2.0852751579		-1.0
	5355.00000000	1.94098		-0.51723  0.2  0.2		2.0852751579		-1.0
	5400.00000000	2.14568		-0.32153  0.2  0.2		2.0852751579		-1.0
	5445.00000000	2.2538		-0.04966  0.2  0.2		2.0852751579		-1.0
	5490.00000000	2.07858		-0.10782  0.2  0.2		2.0852751579		-1.0
	5535.00000000	2.33451		0.4541  0.2  0.2		2.0852751579		-1.0
	5580.00000000	2.12294		0.16214  0.2  0.2		2.0852751579		-1.0
	5625.00000000	2.24996		0.53351  0.2  0.2		2.0852751579		-1.0
	5670.00000000	2.02055		0.5855  0.2  0.2		2.0852751579		-1.0
	5715.00000000	2.10674		1.12327  0.2  0.2		2.0852751579		-1.0
	5760.00000000	1.95415		-0.09587  0.2  0.2		2.0852751579		-1.0
	5805.00000000	2.16037		-0.07939  0.2  0.2		2.0852751579		-1.0
	5850.00000000	2.12366		-0.02185  0.2  0.2		2.0852751579		-1.0
	5895.00000000	2.15041		-0.36667  0.2  0.2		2.0852751579		-1.0
	5940.00000000	2.11628		-0.32844  0.2  0.2		2.0852751579		-1.0
	5985.00000000	2.03876		0.08189  0.2  0.2		2.0852751579		-1.0
	6030.00000000	1.9471		-0.13446  0.2  0.2		2.0852751579		-1.0
	6075.00000000	1.98881		0.03984  0.2  0.2		2.0852751579		-1.0
	6120.00000000	2.00082		0.40486  0.2  0.2		2.0852751579		-1.0
	6165.00000000	2.09146		0.40163  0.2  0.2		2.0852751579		-1.0
	6210.00000000	2.07515		0.065  0.2  0.2		2.0852751579		-1.0
	6255.00000000	2.27032		-0.03226  0.2  0.2		2.0852751579		-1.0
	6300.00000000	2.00143		-0.43962  0.2  0.2		2.0852751579		-1.0
	6345.00000000	2.25549		-0.12517  0.2  0.2		2.0852751579		-1.0
	6390.00000000	2.31727		0.39049  0.2  0.2		2.0852751579		-1.0
	6435.00000000	2.32327		0.15368  0.2  0.2		2.0852751579		-1.0
	6480.00000000	1.95095		0.3628  0.2  0.2		2.0852751579		-1.0
	6525.00000000	2.1639		0.57424  0.2  0.2		2.0852751579		-1.0
	6570.00000000	2.01161		0.90561  0.2  0.2		2.0852751579		-1.0
	6615.00000000	1.96777		0.82646  0.2  0.2		2.0852751579		-1.0
	6660.00000000	1.99719		1.26087  0.2  0.2		2.0852751579		-1.0
	6705.00000000	2.01923		1.21606  0.2  0.2		2.0852751579		-1.0
	6750.00000000	2.16576		1.22146  0.2  0.2		2.0852751579		-1.0
	6795.00000000	2.01775		1.60679  0.2  0.2		2.0852751579		-1.0
	6840.00000000	2.05766		1.51376  0.2  0.2		2.0852751579		-1.0
	6885.00000000	2.09787		1.56901  0.2  0.2		2.0852751579		-1.0
	6930.00000000	2.14258		1.74491  0.2  0.2		2.0852751579		-1.0
	6975.00000000	2.01931		1.8032  0.2  0.2		2.0852751579		-1.0
	7020.00000000	2.07019		1.7485  0.2  0.2		2.0852751579		-1.0
	7065.00000000	1.99505		1.49261  0.2  0.2		2.0852751579		-1.0
	7110.00000000	2.00274		2.01747  0.2  0.2		2.0852751579		-1.0
	7155.00000000	2.07791		1.98356  0.2  0.2		2.0852751579		-1.0
	7200.00000000	2.07457		1.85627  0.2  0.2		2.0852751579		-1.0
	7245.00000000	2.07007		2.10766  0.2  0.2		2.0852751579		-1.0
	7290.00000000	2.10773		2.15657  0.2  0.2		2.0852751579		-1.0
	7335.00000000	2.06656		2.10156  0.2  0.2		2.0852751579		-1.0
	7380.00000000	2.02885		1.88026  0.2  0.2		2.0852751579		-1.0
	7425.00000000	2.08237		1.71746  0.2  0.2		2.0852751579		-1.0
	7470.00000000	2.08903		1.81587  0.2  0.2		2.0852751579		-1.0
	7515.00000000	2.08901		2.25668  0.2  0.2		2.0852751579		-1.0
	7560.00000000	2.17242		2.10971  0.2  0.2		2.0852751579		-1.0
	7605.00000000	1.98152		2.37226  0.2  0.2		2.0852751579		-1.0
	7650.00000000	2.11365		2.46617  0.2  0.2		2.0852751579		-1.0
	7695.00000000	2.06819		2.8642  0.2  0.2		2.0852751579		-1.0
	7740.00000000	2.05554		2.66247  0.2  0.2		2.0852751579		-1.0
	7785.00000000	2.06153		2.82037  0.2  0.2		2.0852751579		-1.0
	7830.00000000	2.09791		3.1081  0.2  0.2		2.0852751579		-1.0
	7875.00000000	2.15792		3.0238  0.2  0.2		2.0852751579		-1.0
	7920.00000000	2.00156		2.45827  0.2  0.2		2.0852751579		-1.0
	7965.00000000	2.11475		2.74437  0.2  0.2		2.0852751579		-1.0
	8010.00000000	2.05958		2.88141  0.2  0.2		2.0852751579		-1.0
	8055.00000000	2.00076		-2.91335  0.2  0.2		2.0852751579		-1.0
	8100.00000000	1.97488		-2.90147  0.2  0.2		2.0852751579		-1.0
	8145.00000000	2.03089		-2.74615  0.2  0.2		2.0852751579		-1.0
	8190.00000000	2.06656		-2.55629  0.2  0.2		2.0852751579		-1.0
	8235.00000000	2.07204		-2.56933  0.2  0.2		2.0852751579		-1.0
	8280.00000000	2.00086		-2.86459  0.2  0.2		2.0852751579		-1.0
	8325.00000000	2.14924		-2.57981  0.2  0.2		2.0852751579		-1.0
	8370.00000000	1.98967		-2.53606  0.2  0.2		2.0852751579		-1.0
	8415.00000000	2.10886		-2.41865  0.2  0.2		2.0852751579		-1.0
	8460.00000000	2.08146		-2.22305  0.2  0.2		2.0852751579		-1.0
	8505.00000000	2.07574		-2.18732  0.2  0.2		2.0852751579		-1.0
	8550.00000000	2.12451		-2.08516  0.2  0.2		2.0852751579		-1.0
	8595.00000000	2.07715		-2.38061  0.2  0.2		2.0852751579		-1.0
	8640.00000000	2.14989		-2.9677  0.2  0.2		2.0852751579		-1.0
	8685.00000000	1.95669		-2.66474  0.2  0.2		2.0852751579		-1.0
	8730.00000000	2.1183		-3.03839  0.2  0.2		2.0852751579		-1.0
	8775.00000000	2.0453		3.06963  0.2  0.2		2.0852751579		-1.0
	8820.00000000	2.00911		-2.71347  0.2  0.2		2.0852751579		-1.0
	8865.00000000	2.2374		3.01574  0.2  0.2		2.0852751579		-1.0
	8910.00000000	2.05568		-2.9872  0.2  0.2		2.0852751579		-1.0
	8955.00000000	2.0395		-3.13805  0.2  0.2		2.0852751579		-1.0
	9000.00000000	2.0933		2.92083  0.2  0.2		2.0852751579		-1.0
	9045.00000000	1.99011		2.89298  0.2  0.2		2.0852751579		-1.0
	9090.00000000	2.03812		-2.81572  0.2  0.2		2.0852751579		-1.0
	9135.00000000	2.12747		-2.49749  0.2  0.2		2.0852751579		-1.0
	9180.00000000	1.98591		-2.2595  0.2  0.2		2.0852751579		-1.0
	9225.00000000	2.11901		-2.27029  0.2  0.2		2.0852751579		-1.0
	9270.00000000	2.05684		-2.04771  0.2  0.2		2.0852751579		-1.0
	9315.00000000	2.02553		-1.99621  0.2  0.2		2.0852751579		-1.0
	9360.00000000	2.0699		-1.92269  0.2  0.2		2.0852751579		-1.0
	9405.00000000	2.04459		-1.8598  0.2  0.2		2.0852751579		-1.0
	9450.00000000	2.07021		-1.90433  0.2  0.2		2.0852751579		-1.0
	9495.00000000	2.01973		-2.18224  0.2  0.2		2.0852751579		-1.0
	9540.00000000	2.06735		-1.96557  0.2  0.2		2.0852751579		-1.0
	9585.00000000	2.08231		-2.00317  0.2  0.2		2.0852751579		-1.0
	9630.00000000	2.12529		-1.90596  0.2  0.2		2.0852751579		-1.0
	9675.00000000	2.05689		-2.32421  0.2  0.2		2.0852751579		-1.0
	9720.00000000	2.14058		-2.13671  0.2  0.2		2.0852751579		-1.0
	9765.00000000	2.17653		-1.67838  0.2  0.2		2.0852751579		-1.0
	9810.00000000	1.99756		-1.83996  0.2  0.2		2.0852751579		-1.0
	9855.00000000	2.0553		-1.75466  0.2  0.2		2.0852751579		-1.0
	9900.00000000	2.11107		-1.69545  0.2  0.2		2.0852751579		-1.0
	9945.00000000	2.04806		-1.5425  0.2  0.2		2.0852751579		-1.0
	9990.00000000	1.98608		-2.04524  0.2  0.2		2.0852751579		-1.0
