	45.00000000	8.25098		-0.35017  0.2  0.2		2.0852751579		-1.0
	90.00000000	7.93788		-0.24063  0.2  0.2		2.0852751579		-1.0
	135.00000000	8.32412		-0.25493  0.2  0.2		2.0852751579		-1.0
	180.00000000	8.88795		-0.30023  0.2  0.2		2.0852751579		-1.0
	225.00000000	8.55716		-0.3549  0.2  0.2		2.0852751579		-1.0
	270.00000000	8.58706		-0.33805  0.2  0.2		2.0852751579		-1.0
	315.00000000	8.38298		-0.35364  0.2  0.2		2.0852751579		-1.0
	360.00000000	7.23173		-0.32389  0.2  0.2		2.0852751579		-1.0
	405.00000000	8.1064		-0.10492  0.2  0.2		2.0852751579		-1.0
	450.00000000	8.45515		-0.16588  0.2  0.2		2.0852751579		-1.0
	495.00000000	8.64193		-0.33326  0.2  0.2		2.0852751579		-1.0
	540.00000000	7.7266		-0.27702  0.2  0.2		2.0852751579		-1.0
	585.00000000	8.25477		-0.122  0.2  0.2		2.0852751579		-1.0
	630.00000000	7.51431		-0.26197  0.2  0.2		2.0852751579		-1.0
	675.00000000	7.14124		-0.20741  0.2  0.2		2.0852751579		-1.0
	720.00000000	6.93832		-0.09783  0.2  0.2		2.0852751579		-1.0
	765.00000000	7.03402		-0.17548  0.2  0.2		2.0852751579		-1.0
	810.00000000	6.82571		-0.20324  0.2  0.2		2.0852751579		-1.0
	855.00000000	6.43017		-0.032  0.2  0.2		2.0852751579		-1.0
	900.00000000	6.07514		-0.20007  0.2  0.2		2.0852751579		-1.0
	945.00000000	6.40937		-0.08865  0.2  0.2		2.0852751579		-1.0
	990.00000000	6.17665		-0.18221  0.2  0.2		2.0852751579		-1.0
	1035.00000000	5.53885		-0.15424  0.2  0.2		2.0852751579		-1.0
	1080.00000000	5.62282		-0.1839  0.2  0.2		2.0852751579		-1.0
	1125.00000000	5.87711		-0.1518  0.2  0.2		2.0852751579		-1.0
	1170.00000000	6.20465		-0.39792  0.2  0.2		2.0852751579		-1.0
	1215.00000000	5.77702		-0.47065  0.2  0.2		2.0852751579		-1.0
	1260.00000000	5.0211		-0.49989  0.2  0.2		2.0852751579		-1.0
	1305.00000000	4.40278		-0.64767  0.2  0.2		2.0852751579		-1.0
	1350.00000000	4.73215		-0.67719  0.2  0.2		2.0852751579		-1.0
	1395.00000000	5.73548		-0.73447  0.2  0.2		2.0852751579		-1.0
	1440.00000000	4.94561		-0.44704  0.2  0.2		2.0852751579		-1.0
	1485.00000000	5.14958		-0.42505  0.2  0.2		2.0852751579		-1.0
	1530.00000000	5.39131		-0.54178  0.2  0.2		2.0852751579		-1.0
	1575.00000000	5.60447		-0.52731  0.2  0.2		2.0852751579		-1.0
	1620.00000000	5.12874		-0.5968  0.2  0.2		2.0852751579		-1.0
	1665.00000000	5.42377		-0.7743  0.2  0.2		2.0852751579		-1.0
	1710.00000000	4.89945		-0.97611  0.2  0.2		2.0852751579		-1.0
	1755.00000000	5.06452		-0.77991  0.2  0.2		2.0852751579		-1.0
	1800.00000000	5.42003		-0.72921  0.2  0.2		2.0852751579		-1.0
	1845.00000000	5.83694		-0.76312  0.2  0.2		2.0852751579		-1.0
	1890.00000000	6.00749		-0.72547  0.2  0.2		2.0852751579		-1.0
	1935.00000000	5.87876		-0.67632  0.2  0.2		2.0852751579		-1.0
	1980.00000000	5.50216		-0.88649  0.2  0.2		2.0852751579		-1.0
	2025.00000000	4.66295		-0.85388  0.2  0.2		2.0852751579		-1.0
	2070.00000000	4.30493		-0.79723  0.2  0.2		2.0852751579		-1.0
	2115.00000000	3.95311		-0.79378  0.2  0.2		2.0852751579		-1.0
	2160.00000000	4.84866		-0.70811  0.2  0.2		2.0852751579		-1.0
	2205.00000000	4.35541		-0.63759  0.2  0.2		2.0852751579		-1.0
	2250.00000000	4.86979		-0.70369  0.2  0.2		2.0852751579		-1.0
	2295.00000000	4.65444		-0.43099  0.2  0.2		2.0852751579		-1.0
	2340.00000000	4.68116		-0.13013  0.2  0.2		2.0852751579		-1.0
	2385.00000000	5.04477		-0.26121  0.2  0.2		2.0852751579		-1.0
	2430.00000000	4.43354		-0.31327  0.2  0.2		2.0852751579		-1.0
	2475.00000000	3.92582		-0.11464  0.2  0.2		2.0852751579		-1.0
	2520.00000000	4.11437		-0.30086  0.2  0.2		2.0852751579		-1.0
	2565.00000000	3.829		-0.36798  0.2  0.2		2.0852751579		-1.0
	2610.00000000	4.00952		-0.44116  0.2  0.2		2.0852751579		-1.0
	2655.00000000	4.61294		-0.60212  0.2  0.2		2.0852751579		-1.0
	2700.00000000	4.11297		-0.67757  0.2  0.2		2.0852751579		-1.0
	2745.00000000	4.09543		-0.73611  0.2  0.2		2.0852751579		-1.0
	2790.00000000	3.3638		-0.73754  0.2  0.2		2.0852751579		-1.0
	2835.00000000	3.92868		-0.62779  0.2  0.2		2.0852751579		-1.0
	2880.00000000	3.592		-0.50172  0.2  0.2		2.0852751579		-1.0
	2925.00000000	3.30139		-0.43226  0.2  0.2		2.0852751579		-1.0
	2970.00000000	3.62952		-0.54029  0.2  0.2		2.0852751579		-1.0
	3015.00000000	3.57044		-0.39782  0.2  0.2		2.0852751579		-1.0
	3060.00000000	3.79777		-0.22491  0.2  0.2		2.0852751579		-1.0
	3105.00000000	4.35785		-0.03926  0.2  0.2		2.0852751579		-1.0
	3150.00000000	4.04529		-0.32416  0.2  0.2		2.0852751579		-1.0
	3195.00000000	4.35372		-0.47297  0.2  0.2		2.0852751579		-1.0
	3240.00000000	3.42343		-0.3917  0.2  0.2		2.0852751579		-1.0
	3285.00000000	3.8375		-0.20467  0.2  0.2		2.0852751579		-1.0
	3330.00000000	3.5052		-0.17823  0.2  0.2		2.0852751579		-1.0
	3375.00000000	2.71023		-0.38408  0.2  0.2		2.0852751579		-1.0
	3420.00000000	2.94561		-0.21939  0.2  0.2		2.0852751579		-1.0
	3465.00000000	2.30434		-0.19178  0.2  0.2		2.0852751579		-1.0
	3510.00000000	2.08906		-0.52549  0.2  0.2		2.0852751579		-1.0
	3555.00000000	2.06331		-0.74817  0.2  0.2		2.0852751579		-1.0
	3600.00000000	2.06807		-0.31164  0.2  0.2		2.0852751579		-1.0
	3645.00000000	2.02672		-0.6705  0.2  0.2		2.0852751579		-1.0
	3690.00000000	2.09039		-0.87085  0.2  0.2		2.0852751579		-1.0
	3735.00000000	2.10348		-1.21346  0.2  0.2		2.0852751579		-1.0
	3780.00000000	2.09888		-1.09167  0.2  0.2		2.0852751579		-1.0
	3825.00000000	2.07734		-1.05717  0.2  0.2		2.0852751579		-1.0
	3870.00000000	2.03568		-1.0129  0.2  0.2		2.0852751579		-1.0
	3915.00000000	2.11911		-0.67899  0.2  0.2		2.0852751579		-1.0
	3960.00000000	2.09069		-1.22059  0.2  0.2		2.0852751579		-1.0
	4005.00000000	2.00447		-1.51974  0.2  0.2		2.0852751579		-1.0
	4050.00000000	2.14601		-1.37823  0.2  0.2		2.0852751579		-1.0
	4095.00000000	2.02835		-0.9962  0.2  0.2		2.0852751579		-1.0
	4140.00000000	2.1818		-1.09994  0.2  0.2		2.0852751579		-1.0
	4185.00000000	1.99828		-0.74383  0.2  0.2		2.0852751579		-1.0
	4230.00000000	1.98825		-0.93752  0.2  0.2		2.0852751579		-1.0
	4275.00000000	2.05314		-0.61038  0.2  0.2		2.0852751579		-1.0
	4320.00000000	2.13983		-0.49802  0.2  0.2		2.0852751579		-1.0
	4365.00000000	2.15024		-0.66023  0.2  0.2		2.0852751579		-1.0
	4410.00000000	2.0576		-0.74991  0.2  0.2		2.0852751579		-1.0
	4455.00000000	2.01686		-0.68722  0.2  0.2		2.0852751579		-1.0
	4500.00000000	2.15552		-0.75179  0.2  0.2		2.0852751579		-1.0
	4545.00000000	2.11061		-0.97481  0.2  0.2		2.0852751579		-1.0
	4590.00000000	2.05328		-1.14085  0.2  0.2		2.0852751579		-1.0
	4635.00000000	2.14353		-1.12852  0.2  0.2		2.0852751579		-1.0
	4680.00000000	2.03602		-1.32104  0.2  0.2		2.0852751579		-1.0
	4725.00000000	2.09817		-1.54696  0.2  0.2		2.0852751579		-1.0
	4770.00000000	1.95384		-1.3608  0.2  0.2		2.0852751579		-1.0
	4815.00000000	2.018		-1.64503  0.2  0.2		2.0852751579		-1.0
	4860.00000000	2.11932		-1.70664  0.2  0.2		2.0852751579		-1.0
	4905.00000000	2.07648		-1.52397  0.2  0.2		2.0852751579		-1.0
	4950.00000000	2.01444		-1.63346  0.2  0.2		2.0852751579		-1.0
	4995.00000000	2.03911		-1.21634  0.2  0.2		2.0852751579		-1.0
	5040.00000000	2.10508		-1.65782  0.2  0.2		2.0852751579		-1.0
	5085.00000000	2.05435		-2.04185  0.2  0.2		2.0852751579		-1.0
	5130.00000000	2.00471		-1.99937  0.2  0.2		2.0852751579		-1.0
	5175.00000000	2.05178		-2.82082  0.2  0.2		2.0852751579		-1.0
	5220.00000000	2.04537		3.00267  0.2  0.2		2.0852751579		-1.0
	5265.00000000	1.99912		3.01769  0.2  0.2		2.0852751579		-1.0
	5310.00000000	2.06773		-2.93163  0.2  0.2		2.0852751579		-1.0
	5355.00000000	2.08019		3.13677  0.2  0.2		2.0852751579		-1.0
	5400.00000000	2.12495		-3.08084  0.2  0.2		2.0852751579		-1.0
	5445.00000000	1.97094		-2.98132  0.2  0.2		2.0852751579		-1.0
	5490.00000000	2.10762		2.99579  0.2  0.2		2.0852751579		-1.0
	5535.00000000	1.99882		2.89778  0.2  0.2		2.0852751579		-1.0
	5580.00000000	2.07528		2.91015  0.2  0.2		2.0852751579		-1.0
	5625.00000000	2.04287		2.68306  0.2  0.2		2.0852751579		-1.0
	5670.00000000	2.05529		3.05705  0.2  0.2		2.0852751579		-1.0
	5715.00000000	2.11845		-2.71795  0.2  0.2		2.0852751579		-1.0
	5760.00000000	2.04655		-2.84391  0.2  0.2		2.0852751579		-1.0
	5805.00000000	2.1781		2.80077  0.2  0.2		2.0852751579		-1.0
	5850.00000000	2.11157		2.68804  0.2  0.2		2.0852751579		-1.0
	5895.00000000	1.96046		2.4465  0.2  0.2		2.0852751579		-1.0
	5940.00000000	2.00842		2.54646  0.2  0.2		2.0852751579		-1.0
	5985.00000000	2.23676		2.85163  0.2  0.2		2.0852751579		-1.0
	6030.00000000	2.13456		2.86566  0.2  0.2		2.0852751579		-1.0
	6075.00000000	2.19187		2.59323  0.2  0.2		2.0852751579		-1.0
	6120.00000000	2.22626		2.17623  0.2  0.2		2.0852751579		-1.0
	6165.00000000	1.98558		2.64177  0.2  0.2		2.0852751579		-1.0
	6210.00000000	2.17287		2.50638  0.2  0.2		2.0852751579		-1.0
	6255.00000000	2.00052		2.21721  0.2  0.2		2.0852751579		-1.0
	6300.00000000	2.00466		2.26192  0.2  0.2		2.0852751579		-1.0
	6345.00000000	2.04306		2.12308  0.2  0.2		2.0852751579		-1.0
	6390.00000000	2.05051		2.17832  0.2  0.2		2.0852751579		-1.0
	6435.00000000	2.00203		1.91155  0.2  0.2		2.0852751579		-1.0
	6480.00000000	2.11694		1.75527  0.2  0.2		2.0852751579		-1.0
	6525.00000000	2.11777		1.52171  0.2  0.2		2.0852751579		-1.0
	6570.00000000	2.05796		1.36224  0.2  0.2		2.0852751579		-1.0
	6615.00000000	2.1128		1.35499  0.2  0.2		2.0852751579		-1.0
	6660.00000000	2.1321		1.11552  0.2  0.2		2.0852751579		-1.0
	6705.00000000	2.11228		0.8706  0.2  0.2		2.0852751579		-1.0
	6750.00000000	2.06596		0.81837  0.2  0.2		2.0852751579		-1.0
	6795.00000000	2.09344		0.79651  0.2  0.2		2.0852751579		-1.0
	6840.00000000	2.10999		0.82218  0.2  0.2		2.0852751579		-1.0
	6885.00000000	1.9998		0.57946  0.2  0.2		2.0852751579		-1.0
	6930.00000000	2.08932		0.99491  0.2  0.2		2.0852751579		-1.0
	6975.00000000	2.13925		0.90082  0.2  0.2		2.0852751579		-1.0
	7020.00000000	1.99168		0.94954  0.2  0.2		2.0852751579		-1.0
	7065.00000000	2.15343		1.28969  0.2  0.2		2.0852751579		-1.0
	7110.00000000	2.0022		1.27914  0.2  0.2		2.0852751579		-1.0
	7155.00000000	2.05934		1.28177  0.2  0.2		2.0852751579		-1.0
	7200.00000000	2.10929		1.3405  0.2  0.2		2.0852751579		-1.0
	7245.00000000	1.99241		1.42867  0.2  0.2		2.0852751579		-1.0
	7290.00000000	2.08151		1.60694  0.2  0.2		2.0852751579		-1.0
	7335.00000000	2.09404		1.20782  0.2  0.2		2.0852751579		-1.0
	7380.00000000	2.07625		1.11367  0.2  0.2		2.0852751579		-1.0
	7425.00000000	2.11717		1.00852  0.2  0.2		2.0852751579		-1.0
	7470.00000000	2.14089		0.57955  0.2  0.2		2.0852751579		-1.0
	7515.00000000	2.0228		0.50871  0.2  0.2		2.0852751579		-1.0
	7560.00000000	2.10043		0.60342  0.2  0.2		2.0852751579		-1.0
	7605.00000000	2.06112		0.35371  0.2  0.2		2.0852751579		-1.0
	7650.00000000	2.09386		0.47527  0.2  0.2		2.0852751579		-1.0
	7695.00000000	2.03337		0.28503  0.2  0.2		2.0852751579		-1.0
	7740.00000000	2.19901		0.5744  0.2  0.2		2.0852751579		-1.0
	7785.00000000	2.08918		0.67784  0.2  0.2		2.0852751579		-1.0
	7830.00000000	1.98488		0.71001  0.2  0.2		2.0852751579		-1.0
	7875.00000000	2.07368		0.18964  0.2  0.2		2.0852751579		-1.0
	7920.00000000	2.24303		0.74913  0.2  0.2		2.0852751579		-1.0
	7965.00000000	2.12129		0.44929  0.2  0.2		2.0852751579		-1.0
	8010.00000000	2.09079		0.48652  0.2  0.2		2.0852751579		-1.0
	8055.00000000	2.09052		0.56353  0.2  0.2		2.0852751579		-1.0
	8100.00000000	2.13399		0.20033  0.2  0.2		2.0852751579		-1.0
	8145.00000000	2.00325		-0.03474  0.2  0.2		2.0852751579		-1.0
	8190.00000000	1.98428		0.05936  0.2  0.2		2.0852751579		-1.0
	8235.00000000	1.94231		0.02573  0.2  0.2		2.0852751579		-1.0
	8280.00000000	2.15921		-0.13006  0.2  0.2		2.0852751579		-1.0
	8325.00000000	1.99144		0.18636  0.2  0.2		2.0852751579		-1.0
	8370.00000000	2.0317		-0.01268  0.2  0.2		2.0852751579		-1.0
	8415.00000000	2.09245		-0.10488  0.2  0.2		2.0852751579		-1.0
	8460.00000000	1.98551		0.04628  0.2  0.2		2.0852751579		-1.0
	8505.00000000	2.03414		0.14648  0.2  0.2		2.0852751579		-1.0
	8550.00000000	2.06846		-0.04453  0.2  0.2		2.0852751579		-1.0
	8595.00000000	2.04347		-0.2822  0.2  0.2		2.0852751579		-1.0
	8640.00000000	1.95727		0.58913  0.2  0.2		2.0852751579		-1.0
	8685.00000000	2.26725		0.44435  0.2  0.2		2.0852751579		-1.0
	8730.00000000	2.04295		0.61127  0.2  0.2		2.0852751579		-1.0
	8775.00000000	2.09429		0.9351  0.2  0.2		2.0852751579		-1.0
	8820.00000000	2.18436		0.89846  0.2  0.2		2.0852751579		-1.0
	8865.00000000	2.20412		1.07828  0.2  0.2		2.0852751579		-1.0
	8910.00000000	1.94991		0.83155  0.2  0.2		2.0852751579		-1.0
	8955.00000000	2.03288		1.13605  0.2  0.2		2.0852751579		-1.0
	9000.00000000	2.05448		1.37337  0.2  0.2		2.0852751579		-1.0
	9045.00000000	2.04814		1.40779  0.2  0.2		2.0852751579		-1.0
	9090.00000000	2.12055		1.75575  0.2  0.2		2.0852751579		-1.0
	9135.00000000	2.06318		1.7414  0.2  0.2		2.0852751579		-1.0
	9180.00000000	1.99226		1.64417  0.2  0.2		2.0852751579		-1.0
	9225.00000000	2.15262		1.89769  0.2  0.2		2.0852751579		-1.0
	9270.00000000	2.14047		1.93691  0.2  0.2		2.0852751579		-1.0
	9315.00000000	2.18165		1.91022  0.2  0.2		2.0852751579		-1.0
	9360.00000000	1.91373		1.86144  0.2  0.2		2.0852751579		-1.0
	9405.00000000	2.06326		1.88284  0.2  0.2		2.0852751579		-1.0
	9450.00000000	2.09003		1.99544  0.2  0.2		2.0852751579		-1.0
	9495.00000000	2.13497		2.3349  0.2  0.2		2.0852751579		-1.0
	9540.00000000	2.10841		2.40418  0.2  0.2		2.0852751579		-1.0
	9585.00000000	2.12484		2.3075  0.2  0.2		2.0852751579		-1.0
	9630.00000000	2.1633		2.18427  0.2  0.2		2.0852751579		-1.0
	9675.00000000	2.04911		2.32106  0.2  0.2		2.0852751579		-1.0
	9720.00000000	2.10399		2.32241  0.2  0.2		2.0852751579		-1.0
	9765.00000000	2.36813		1.74251  0.2  0.2		2.0852751579		-1.0
	9810.00000000	2.23213		1.85184  0.2  0.2		2.0852751579		-1.0
	9855.00000000	2.07274		1.83897  0.2  0.2		2.0852751579		-1.0
	9900.00000000	2.1001		1.86131  0.2  0.2		2.0852751579		-1.0
	9945.00000000	2.18447		1.52786  0.2  0.2		2.0852751579		-1.0
	9990.00000000	2.04329		1.56216  0.2  0.2		2.0852751579		-1.0
