	45.00000000	7.61483		-0.23124  0.2  0.2		2.0852751579		-1.0
	90.00000000	7.49954		-0.38981  0.2  0.2		2.0852751579		-1.0
	135.00000000	8.05299		-0.23468  0.2  0.2		2.0852751579		-1.0
	180.00000000	8.4325		-0.27648  0.2  0.2		2.0852751579		-1.0
	225.00000000	8.40564		-0.24142  0.2  0.2		2.0852751579		-1.0
	270.00000000	8.20588		-0.31488  0.2  0.2		2.0852751579		-1.0
	315.00000000	7.35823		-0.3774  0.2  0.2		2.0852751579		-1.0
	360.00000000	7.1223		-0.30473  0.2  0.2		2.0852751579		-1.0
	405.00000000	6.89387		-0.35653  0.2  0.2		2.0852751579		-1.0
	450.00000000	7.66989		-0.26838  0.2  0.2		2.0852751579		-1.0
	495.00000000	7.12005		-0.15851  0.2  0.2		2.0852751579		-1.0
	540.00000000	6.84047		-0.22034  0.2  0.2		2.0852751579		-1.0
	585.00000000	6.26765		-0.30091  0.2  0.2		2.0852751579		-1.0
	630.00000000	5.70212		-0.36457  0.2  0.2		2.0852751579		-1.0
	675.00000000	6.02022		-0.19315  0.2  0.2		2.0852751579		-1.0
	720.00000000	5.73481		-0.50136  0.2  0.2		2.0852751579		-1.0
	765.00000000	5.7106		-0.30515  0.2  0.2		2.0852751579		-1.0
	810.00000000	5.7615		-0.24188  0.2  0.2		2.0852751579		-1.0
	855.00000000	6.08545		-0.36377  0.2  0.2		2.0852751579		-1.0
	900.00000000	6.43091		-0.35521  0.2  0.2		2.0852751579		-1.0
	945.00000000	6.26665		-0.44303  0.2  0.2		2.0852751579		-1.0
	990.00000000	6.18825		-0.37403  0.2  0.2		2.0852751579		-1.0
	1035.00000000	6.81016		-0.28809  0.2  0.2		2.0852751579		-1.0
	1080.00000000	6.40189		-0.48459  0.2  0.2		2.0852751579		-1.0
	1125.00000000	7.09429		-0.5256  0.2  0.2		2.0852751579		-1.0
	1170.00000000	6.68529		-0.38425  0.2  0.2		2.0852751579		-1.0
	1215.00000000	6.44436		-0.57093  0.2  0.2		2.0852751579		-1.0
	1260.00000000	6.12161		-0.60728  0.2  0.2		2.0852751579		-1.0
	1305.00000000	5.45651		-0.85027  0.2  0.2		2.0852751579		-1.0
	1350.00000000	5.15003		-0.73863  0.2  0.2		2.0852751579		-1.0
	1395.00000000	4.78978		-0.68102  0.2  0.2		2.0852751579		-1.0
	1440.00000000	4.50478		-0.66183  0.2  0.2		2.0852751579		-1.0
	1485.00000000	4.3963		-0.72466  0.2  0.2		2.0852751579		-1.0
	1530.00000000	4.42179		-0.80465  0.2  0.2		2.0852751579		-1.0
	1575.00000000	3.87101		-0.71723  0.2  0.2		2.0852751579		-1.0
	1620.00000000	4.17826		-0.68158  0.2  0.2		2.0852751579		-1.0
	1665.00000000	4.62254		-0.94934  0.2  0.2		2.0852751579		-1.0
	1710.00000000	4.48463		-0.97911  0.2  0.2		2.0852751579		-1.0
	1755.00000000	4.04595		-0.90727  0.2  0.2		2.0852751579		-1.0
	1800.00000000	3.82075		-0.91475  0.2  0.2		2.0852751579		-1.0
	1845.00000000	4.31278		-0.90835  0.2  0.2		2.0852751579		-1.0
	1890.00000000	4.96932		-0.96408  0.2  0.2		2.0852751579		-1.0
	1935.00000000	5.02827		-0.76304  0.2  0.2		2.0852751579		-1.0
	1980.00000000	5.32071		-0.72324  0.2  0.2		2.0852751579		-1.0
	2025.00000000	5.73092		-0.75918  0.2  0.2		2.0852751579		-1.0
	2070.00000000	5.33622		-0.53899  0.2  0.2		2.0852751579		-1.0
	2115.00000000	4.96025		-0.39118  0.2  0.2		2.0852751579		-1.0
	2160.00000000	4.75094		-0.44723  0.2  0.2		2.0852751579		-1.0
	2205.00000000	4.88514		-0.41319  0.2  0.2		2.0852751579		-1.0
	2250.00000000	4.56507		-0.55303  0.2  0.2		2.0852751579		-1.0
	2295.00000000	4.44218		-0.55889  0.2  0.2		2.0852751579		-1.0
	2340.00000000	4.04309		-0.55942  0.2  0.2		2.0852751579		-1.0
	2385.00000000	4.35242		-0.66223  0.2  0.2		2.0852751579		-1.0
	2430.00000000	4.99154		-0.93239  0.2  0.2		2.0852751579		-1.0
	2475.00000000	4.89621		-0.83963  0.2  0.2		2.0852751579		-1.0
	2520.00000000	5.53518		-1.00601  0.2  0.2		2.0852751579		-1.0
	2565.00000000	5.27473		-0.85481  0.2  0.2		2.0852751579		-1.0
	2610.00000000	5.59606		-0.83738  0.2  0.2		2.0852751579		-1.0
	2655.00000000	5.46172		-0.57295  0.2  0.2		2.0852751579		-1.0
	2700.00000000	5.02978		-0.4111  0.2  0.2		2.0852751579		-1.0
	2745.00000000	4.62635		-0.46026  0.2  0.2		2.0852751579		-1.0
	2790.00000000	4.78584		-0.55077  0.2  0.2		2.0852751579		-1.0
	2835.00000000	4.71309		-0.44287  0.2  0.2		2.0852751579		-1.0
	2880.00000000	5.42418		-0.18406  0.2  0.2		2.0852751579		-1.0
	2925.00000000	5.30143		-0.21443  0.2  0.2		2.0852751579		-1.0
	2970.00000000	5.05596		-0.63875  0.2  0.2		2.0852751579		-1.0
	3015.00000000	4.76502		-0.54809  0.2  0.2		2.0852751579		-1.0
	3060.00000000	4.76215		-0.72709  0.2  0.2		2.0852751579		-1.0
	3105.00000000	4.05964		-0.71142  0.2  0.2		2.0852751579		-1.0
	3150.00000000	3.87535		-0.48518  0.2  0.2		2.0852751579		-1.0
	3195.00000000	3.88632		-0.65317  0.2  0.2		2.0852751579		-1.0
	3240.00000000	3.84248		-0.57198  0.2  0.2		2.0852751579		-1.0
	3285.00000000	3.35449		-0.57271  0.2  0.2		2.0852751579		-1.0
	3330.00000000	3.27585		-0.51294  0.2  0.2		2.0852751579		-1.0
	3375.00000000	3.46012		-0.6355  0.2  0.2		2.0852751579		-1.0
	3420.00000000	3.67921		-0.36193  0.2  0.2		2.0852751579		-1.0
	3465.00000000	3.62389		-0.575  0.2  0.2		2.0852751579		-1.0
	3510.00000000	4.07613		-0.51934  0.2  0.2		2.0852751579		-1.0
	3555.00000000	4.17703		-0.16097  0.2  0.2		2.0852751579		-1.0
	3600.00000000	4.39696		-0.37539  0.2  0.2		2.0852751579		-1.0
	3645.00000000	4.1744		-0.28427  0.2  0.2		2.0852751579		-1.0
	3690.00000000	4.16015		-0.16753  0.2  0.2		2.0852751579		-1.0
	3735.00000000	4.72609		0.10836  0.2  0.2		2.0852751579		-1.0
	3780.00000000	4.93217		-0.0439  0.2  0.2		2.0852751579		-1.0
	3825.00000000	4.47752		0.05641  0.2  0.2		2.0852751579		-1.0
	3870.00000000	4.55343		-0.02328  0.2  0.2		2.0852751579		-1.0
	3915.00000000	5.03645		0.06404  0.2  0.2		2.0852751579		-1.0
	3960.00000000	5.29608		0.08377  0.2  0.2		2.0852751579		-1.0
	4005.00000000	5.31763		-0.06467  0.2  0.2		2.0852751579		-1.0
	4050.00000000	4.84022		-0.2255  0.2  0.2		2.0852751579		-1.0
	4095.00000000	5.37313		-0.20083  0.2  0.2		2.0852751579		-1.0
	4140.00000000	5.81586		-0.08419  0.2  0.2		2.0852751579		-1.0
	4185.00000000	5.9795		-0.00449  0.2  0.2		2.0852751579		-1.0
	4230.00000000	5.7318		-0.04164  0.2  0.2		2.0852751579		-1.0
	4275.00000000	5.00029		-0.16606  0.2  0.2		2.0852751579		-1.0
	4320.00000000	4.81426		-0.12403  0.2  0.2		2.0852751579		-1.0
	4365.00000000	4.11538		0.12923  0.2  0.2		2.0852751579		-1.0
	4410.00000000	4.56056		0.04543  0.2  0.2		2.0852751579		-1.0
	4455.00000000	4.42433		0.20256  0.2  0.2		2.0852751579		-1.0
	4500.00000000	4.6384		0.29152  0.2  0.2		2.0852751579		-1.0
	4545.00000000	4.75295		0.21408  0.2  0.2		2.0852751579		-1.0
	4590.00000000	5.22962		0.32476  0.2  0.2		2.0852751579		-1.0
	4635.00000000	5.65217		0.20623  0.2  0.2		2.0852751579		-1.0
	4680.00000000	5.2035		0.00149  0.2  0.2		2.0852751579		-1.0
	4725.00000000	5.52069		-0.27288  0.2  0.2		2.0852751579		-1.0
	4770.00000000	6.04912		-0.22563  0.2  0.2		2.0852751579		-1.0
	4815.00000000	6.65476		-0.20637  0.2  0.2		2.0852751579		-1.0
	4860.00000000	7.02741		-0.04211  0.2  0.2		2.0852751579		-1.0
	4905.00000000	6.93836		-0.10317  0.2  0.2		2.0852751579		-1.0
	4950.00000000	6.42932		-0.03842  0.2  0.2		2.0852751579		-1.0
	4995.00000000	6.42141		0.08243  0.2  0.2		2.0852751579		-1.0
	5040.00000000	6.68675		-0.05261  0.2  0.2		2.0852751579		-1.0
	5085.00000000	6.25811		-0.12606  0.2  0.2		2.0852751579		-1.0
	5130.00000000	6.67519		0.03205  0.2  0.2		2.0852751579		-1.0
	5175.00000000	6.55217		-0.12638  0.2  0.2		2.0852751579		-1.0
	5220.00000000	6.37446		0.04718  0.2  0.2		2.0852751579		-1.0
	5265.00000000	7.01132		-0.02473  0.2  0.2		2.0852751579		-1.0
	5310.00000000	7.14486		-0.01655  0.2  0.2		2.0852751579		-1.0
	5355.00000000	7.30163		0.02972  0.2  0.2		2.0852751579		-1.0
	5400.00000000	7.4708		0.01555  0.2  0.2		2.0852751579		-1.0
	5445.00000000	7.32007		-0.06437  0.2  0.2		2.0852751579		-1.0
	5490.00000000	7.34545		-0.02237  0.2  0.2		2.0852751579		-1.0
	5535.00000000	7.84026		-0.09699  0.2  0.2		2.0852751579		-1.0
	5580.00000000	7.62141		-0.13673  0.2  0.2		2.0852751579		-1.0
	5625.00000000	8.36656		-0.15713  0.2  0.2		2.0852751579		-1.0
	5670.00000000	8.69248		-0.09313  0.2  0.2		2.0852751579		-1.0
	5715.00000000	8.66833		-0.17128  0.2  0.2		2.0852751579		-1.0
	5760.00000000	8.75258		-0.24348  0.2  0.2		2.0852751579		-1.0
	5805.00000000	8.27533		-0.16735  0.2  0.2		2.0852751579		-1.0
	5850.00000000	7.98534		-0.01999  0.2  0.2		2.0852751579		-1.0
	5895.00000000	8.59828		0.06376  0.2  0.2		2.0852751579		-1.0
	5940.00000000	8.82922		-0.00899  0.2  0.2		2.0852751579		-1.0
	5985.00000000	8.01128		-0.05968  0.2  0.2		2.0852751579		-1.0
	6030.00000000	8.37304		-0.06787  0.2  0.2		2.0852751579		-1.0
	6075.00000000	8.90005		-0.13562  0.2  0.2		2.0852751579		-1.0
	6120.00000000	9.5176		-0.08467  0.2  0.2		2.0852751579		-1.0
	6165.00000000	9.31752		0.09385  0.2  0.2		2.0852751579		-1.0
	6210.00000000	8.76776		0.10076  0.2  0.2		2.0852751579		-1.0
	6255.00000000	8.84703		-0.1474  0.2  0.2		2.0852751579		-1.0
	6300.00000000	9.09755		-0.2736  0.2  0.2		2.0852751579		-1.0
	6345.00000000	9.02373		-0.09382  0.2  0.2		2.0852751579		-1.0
	6390.00000000	9.17474		-0.04592  0.2  0.2		2.0852751579		-1.0
	6435.00000000	9.30001		-0.11444  0.2  0.2		2.0852751579		-1.0
	6480.00000000	8.55044		-0.16093  0.2  0.2		2.0852751579		-1.0
	6525.00000000	8.71837		-0.0572  0.2  0.2		2.0852751579		-1.0
	6570.00000000	8.17443		0.05348  0.2  0.2		2.0852751579		-1.0
	6615.00000000	7.56403		0.1245  0.2  0.2		2.0852751579		-1.0
	6660.00000000	7.80517		0.01171  0.2  0.2		2.0852751579		-1.0
	6705.00000000	8.28789		0.08575  0.2  0.2		2.0852751579		-1.0
	6750.00000000	8.56765		0.02815  0.2  0.2		2.0852751579		-1.0
	6795.00000000	7.95957		0.13267  0.2  0.2		2.0852751579		-1.0
	6840.00000000	7.97904		0.11349  0.2  0.2		2.0852751579		-1.0
	6885.00000000	7.67969		0.15851  0.2  0.2		2.0852751579		-1.0
	6930.00000000	8.22373		0.18704  0.2  0.2		2.0852751579		-1.0
	6975.00000000	8.58925		0.10585  0.2  0.2		2.0852751579		-1.0
	7020.00000000	7.79889		0.16543  0.2  0.2		2.0852751579		-1.0
	7065.00000000	7.47347		0.07654  0.2  0.2		2.0852751579		-1.0
	7110.00000000	7.88015		-0.02297  0.2  0.2		2.0852751579		-1.0
	7155.00000000	7.25822		0.24401  0.2  0.2		2.0852751579		-1.0
	7200.00000000	7.43727		0.26387  0.2  0.2		2.0852751579		-1.0
	7245.00000000	7.55698		0.23312  0.2  0.2		2.0852751579		-1.0
	7290.00000000	7.00804		0.2188  0.2  0.2		2.0852751579		-1.0
	7335.00000000	7.18921		0.3382  0.2  0.2		2.0852751579		-1.0
	7380.00000000	6.5371		0.24928  0.2  0.2		2.0852751579		-1.0
	7425.00000000	6.02383		0.22751  0.2  0.2		2.0852751579		-1.0
	7470.00000000	5.93236		0.25033  0.2  0.2		2.0852751579		-1.0
	7515.00000000	6.51384		0.22842  0.2  0.2		2.0852751579		-1.0
	7560.00000000	5.51049		0.03186  0.2  0.2		2.0852751579		-1.0
	7605.00000000	6.03567		0.16876  0.2  0.2		2.0852751579		-1.0
	7650.00000000	6.34139		-0.0528  0.2  0.2		2.0852751579		-1.0
	7695.00000000	6.06616		-0.16068  0.2  0.2		2.0852751579		-1.0
	7740.00000000	5.79235		-0.0545  0.2  0.2		2.0852751579		-1.0
	7785.00000000	5.06343		-0.08074  0.2  0.2		2.0852751579		-1.0
	7830.00000000	5.09877		0.0477  0.2  0.2		2.0852751579		-1.0
	7875.00000000	4.43576		-0.05052  0.2  0.2		2.0852751579		-1.0
	7920.00000000	4.43182		0.10476  0.2  0.2		2.0852751579		-1.0
	7965.00000000	4.12566		0.03539  0.2  0.2		2.0852751579		-1.0
	8010.00000000	4.24562		0.37536  0.2  0.2		2.0852751579		-1.0
	8055.00000000	4.44222		0.34832  0.2  0.2		2.0852751579		-1.0
	8100.00000000	3.86823		0.24145  0.2  0.2		2.0852751579		-1.0
	8145.00000000	3.91771		0.42677  0.2  0.2		2.0852751579		-1.0
	8190.00000000	4.04183		0.30082  0.2  0.2		2.0852751579		-1.0
	8235.00000000	4.40111		0.5942  0.2  0.2		2.0852751579		-1.0
	8280.00000000	4.69312		0.53488  0.2  0.2		2.0852751579		-1.0
	8325.00000000	4.78734		0.49487  0.2  0.2		2.0852751579		-1.0
	8370.00000000	5.08089		0.45748  0.2  0.2		2.0852751579		-1.0
	8415.00000000	4.71912		0.39601  0.2  0.2		2.0852751579		-1.0
	8460.00000000	4.85292		0.37301  0.2  0.2		2.0852751579		-1.0
	8505.00000000	5.13577		0.48115  0.2  0.2		2.0852751579		-1.0
	8550.00000000	5.73724		0.46712  0.2  0.2		2.0852751579		-1.0
	8595.00000000	5.53258		0.4154  0.2  0.2		2.0852751579		-1.0
	8640.00000000	5.03262		0.58807  0.2  0.2		2.0852751579		-1.0
	8685.00000000	4.77263		0.63249  0.2  0.2		2.0852751579		-1.0
	8730.00000000	4.30162		0.58584  0.2  0.2		2.0852751579		-1.0
	8775.00000000	4.56481		0.56481  0.2  0.2		2.0852751579		-1.0
	8820.00000000	5.80465		0.79541  0.2  0.2		2.0852751579		-1.0
	8865.00000000	6.07598		0.94294  0.2  0.2		2.0852751579		-1.0
	8910.00000000	6.06339		1.02282  0.2  0.2		2.0852751579		-1.0
	8955.00000000	5.5311		0.97796  0.2  0.2		2.0852751579		-1.0
	9000.00000000	5.40807		0.7951  0.2  0.2		2.0852751579		-1.0
	9045.00000000	5.2597		0.62823  0.2  0.2		2.0852751579		-1.0
	9090.00000000	5.85093		0.82491  0.2  0.2		2.0852751579		-1.0
	9135.00000000	5.17399		0.98184  0.2  0.2		2.0852751579		-1.0
	9180.00000000	4.59129		0.85451  0.2  0.2		2.0852751579		-1.0
	9225.00000000	4.85504		0.7245  0.2  0.2		2.0852751579		-1.0
	9270.00000000	5.06022		1.03008  0.2  0.2		2.0852751579		-1.0
	9315.00000000	5.08041		0.91545  0.2  0.2		2.0852751579		-1.0
	9360.00000000	4.42312		0.91106  0.2  0.2		2.0852751579		-1.0
	9405.00000000	4.38822		0.93816  0.2  0.2		2.0852751579		-1.0
	9450.00000000	4.90393		1.05349  0.2  0.2		2.0852751579		-1.0
	9495.00000000	4.60778		1.05768  0.2  0.2		2.0852751579		-1.0
	9540.00000000	5.39644		1.18735  0.2  0.2		2.0852751579		-1.0
	9585.00000000	5.77136		1.11683  0.2  0.2		2.0852751579		-1.0
	9630.00000000	6.19609		1.01297  0.2  0.2		2.0852751579		-1.0
	9675.00000000	6.26835		0.99577  0.2  0.2		2.0852751579		-1.0
	9720.00000000	6.5547		1.11758  0.2  0.2		2.0852751579		-1.0
	9765.00000000	7.20538		1.07287  0.2  0.2		2.0852751579		-1.0
	9810.00000000	6.87968		1.15689  0.2  0.2		2.0852751579		-1.0
	9855.00000000	6.33493		1.48218  0.2  0.2		2.0852751579		-1.0
	9900.00000000	6.34227		1.44858  0.2  0.2		2.0852751579		-1.0
	9945.00000000	6.67162		1.30844  0.2  0.2		2.0852751579		-1.0
	9990.00000000	6.61827		1.36652  0.2  0.2		2.0852751579		-1.0
