	45.00000000	7.48805		-0.20989  0.2  0.2		2.0852751579		-1.0
	90.00000000	7.31807		-0.22872  0.2  0.2		2.0852751579		-1.0
	135.00000000	7.97218		-0.25315  0.2  0.2		2.0852751579		-1.0
	180.00000000	7.78984		-0.23374  0.2  0.2		2.0852751579		-1.0
	225.00000000	8.19126		-0.2212  0.2  0.2		2.0852751579		-1.0
	270.00000000	8.43272		-0.24363  0.2  0.2		2.0852751579		-1.0
	315.00000000	7.70328		-0.21568  0.2  0.2		2.0852751579		-1.0
	360.00000000	7.4426		-0.16022  0.2  0.2		2.0852751579		-1.0
	405.00000000	6.84225		-0.21106  0.2  0.2		2.0852751579		-1.0
	450.00000000	7.41611		-0.24237  0.2  0.2		2.0852751579		-1.0
	495.00000000	7.18767		-0.07949  0.2  0.2		2.0852751579		-1.0
	540.00000000	6.61652		-0.21636  0.2  0.2		2.0852751579		-1.0
	585.00000000	7.10184		-0.17582  0.2  0.2		2.0852751579		-1.0
	630.00000000	7.12598		-0.2487  0.2  0.2		2.0852751579		-1.0
	675.00000000	6.90494		-0.09961  0.2  0.2		2.0852751579		-1.0
	720.00000000	6.35586		-0.38767  0.2  0.2		2.0852751579		-1.0
	765.00000000	5.99362		-0.4484  0.2  0.2		2.0852751579		-1.0
	810.00000000	6.20435		-0.11734  0.2  0.2		2.0852751579		-1.0
	855.00000000	6.7945		-0.19037  0.2  0.2		2.0852751579		-1.0
	900.00000000	6.43571		-0.20874  0.2  0.2		2.0852751579		-1.0
	945.00000000	6.16536		-0.25282  0.2  0.2		2.0852751579		-1.0
	990.00000000	5.75057		-0.16147  0.2  0.2		2.0852751579		-1.0
	1035.00000000	5.42041		-0.19815  0.2  0.2		2.0852751579		-1.0
	1080.00000000	5.56795		-0.31789  0.2  0.2		2.0852751579		-1.0
	1125.00000000	6.32856		-0.07166  0.2  0.2		2.0852751579		-1.0
	1170.00000000	6.50013		-0.05157  0.2  0.2		2.0852751579		-1.0
	1215.00000000	6.61666		-0.20091  0.2  0.2		2.0852751579		-1.0
	1260.00000000	6.95524		-0.31458  0.2  0.2		2.0852751579		-1.0
	1305.00000000	6.79131		-0.3127  0.2  0.2		2.0852751579		-1.0
	1350.00000000	7.30116		-0.33316  0.2  0.2		2.0852751579		-1.0
	1395.00000000	7.25597		-0.36876  0.2  0.2		2.0852751579		-1.0
	1440.00000000	7.85661		-0.60268  0.2  0.2		2.0852751579		-1.0
	1485.00000000	6.98743		-0.48849  0.2  0.2		2.0852751579		-1.0
	1530.00000000	6.5191		-0.47363  0.2  0.2		2.0852751579		-1.0
	1575.00000000	5.71003		-0.39058  0.2  0.2		2.0852751579		-1.0
	1620.00000000	5.7356		-0.31537  0.2  0.2		2.0852751579		-1.0
	1665.00000000	6.00884		-0.45594  0.2  0.2		2.0852751579		-1.0
	1710.00000000	5.07974		-0.32183  0.2  0.2		2.0852751579		-1.0
	1755.00000000	4.80446		-0.15325  0.2  0.2		2.0852751579		-1.0
	1800.00000000	4.35935		-0.30493  0.2  0.2		2.0852751579		-1.0
	1845.00000000	4.46048		-0.11742  0.2  0.2		2.0852751579		-1.0
	1890.00000000	4.55735		-0.15383  0.2  0.2		2.0852751579		-1.0
	1935.00000000	4.79111		-0.2457  0.2  0.2		2.0852751579		-1.0
	1980.00000000	4.99553		-0.22687  0.2  0.2		2.0852751579		-1.0
	2025.00000000	4.37253		-0.2746  0.2  0.2		2.0852751579		-1.0
	2070.00000000	3.68755		-0.20325  0.2  0.2		2.0852751579		-1.0
	2115.00000000	3.97964		-0.25327  0.2  0.2		2.0852751579		-1.0
	2160.00000000	4.40798		-0.15224  0.2  0.2		2.0852751579		-1.0
	2205.00000000	5.39395		0.00494  0.2  0.2		2.0852751579		-1.0
	2250.00000000	5.24875		-0.18103  0.2  0.2		2.0852751579		-1.0
	2295.00000000	5.09211		-0.24656  0.2  0.2		2.0852751579		-1.0
	2340.00000000	5.12875		0.04122  0.2  0.2		2.0852751579		-1.0
	2385.00000000	4.28271		0.08451  0.2  0.2		2.0852751579		-1.0
	2430.00000000	4.40205		-0.24928  0.2  0.2		2.0852751579		-1.0
	2475.00000000	4.57635		-0.38077  0.2  0.2		2.0852751579		-1.0
	2520.00000000	4.98245		-0.48125  0.2  0.2		2.0852751579		-1.0
	2565.00000000	5.05451		-0.3511  0.2  0.2		2.0852751579		-1.0
	2610.00000000	4.70935		-0.38406  0.2  0.2		2.0852751579		-1.0
	2655.00000000	4.0324		-0.49515  0.2  0.2		2.0852751579		-1.0
	2700.00000000	3.47502		-0.46943  0.2  0.2		2.0852751579		-1.0
	2745.00000000	3.65398		-0.61476  0.2  0.2		2.0852751579		-1.0
	2790.00000000	4.8285		-0.66465  0.2  0.2		2.0852751579		-1.0
	2835.00000000	5.25788		-0.69616  0.2  0.2		2.0852751579		-1.0
	2880.00000000	5.22509		-0.96042  0.2  0.2		2.0852751579		-1.0
	2925.00000000	5.12854		-1.0775  0.2  0.2		2.0852751579		-1.0
	2970.00000000	4.43338		-0.98423  0.2  0.2		2.0852751579		-1.0
	3015.00000000	4.43634		-1.10986  0.2  0.2		2.0852751579		-1.0
	3060.00000000	4.92524		-1.07025  0.2  0.2		2.0852751579		-1.0
	3105.00000000	4.46367		-1.07207  0.2  0.2		2.0852751579		-1.0
	3150.00000000	4.07559		-1.26912  0.2  0.2		2.0852751579		-1.0
	3195.00000000	4.05916		-1.00408  0.2  0.2		2.0852751579		-1.0
	3240.00000000	4.20391		-0.92075  0.2  0.2		2.0852751579		-1.0
	3285.00000000	4.76405		-0.86396  0.2  0.2		2.0852751579		-1.0
	3330.00000000	5.48239		-1.032  0.2  0.2		2.0852751579		-1.0
	3375.00000000	5.64283		-0.95457  0.2  0.2		2.0852751579		-1.0
	3420.00000000	5.7311		-1.06732  0.2  0.2		2.0852751579		-1.0
	3465.00000000	5.7105		-1.2505  0.2  0.2		2.0852751579		-1.0
	3510.00000000	5.05219		-1.17986  0.2  0.2		2.0852751579		-1.0
	3555.00000000	5.47448		-1.08317  0.2  0.2		2.0852751579		-1.0
	3600.00000000	5.81157		-1.03459  0.2  0.2		2.0852751579		-1.0
	3645.00000000	6.18612		-1.05664  0.2  0.2		2.0852751579		-1.0
	3690.00000000	6.20951		-1.18358  0.2  0.2		2.0852751579		-1.0
	3735.00000000	5.05908		-1.20139  0.2  0.2		2.0852751579		-1.0
	3780.00000000	4.64908		-1.10644  0.2  0.2		2.0852751579		-1.0
	3825.00000000	4.80008		-1.05533  0.2  0.2		2.0852751579		-1.0
	3870.00000000	5.38554		-1.24835  0.2  0.2		2.0852751579		-1.0
	3915.00000000	5.61832		-1.30653  0.2  0.2		2.0852751579		-1.0
	3960.00000000	5.22798		-1.21584  0.2  0.2		2.0852751579		-1.0
	4005.00000000	5.54783		-1.03614  0.2  0.2		2.0852751579		-1.0
	4050.00000000	5.69289		-1.22816  0.2  0.2		2.0852751579		-1.0
	4095.00000000	5.83		-1.32817  0.2  0.2		2.0852751579		-1.0
	4140.00000000	5.89699		-1.2659  0.2  0.2		2.0852751579		-1.0
	4185.00000000	6.37524		-1.05397  0.2  0.2		2.0852751579		-1.0
	4230.00000000	6.76368		-1.10539  0.2  0.2		2.0852751579		-1.0
	4275.00000000	6.62318		-1.1303  0.2  0.2		2.0852751579		-1.0
	4320.00000000	6.99285		-1.17895  0.2  0.2		2.0852751579		-1.0
	4365.00000000	6.53706		-1.27971  0.2  0.2		2.0852751579		-1.0
	4410.00000000	5.95577		-1.43816  0.2  0.2		2.0852751579		-1.0
	4455.00000000	5.35537		-1.36807  0.2  0.2		2.0852751579		-1.0
	4500.00000000	6.14072		-1.4606  0.2  0.2		2.0852751579		-1.0
	4545.00000000	6.02436		-1.27464  0.2  0.2		2.0852751579		-1.0
	4590.00000000	6.48817		-1.15939  0.2  0.2		2.0852751579		-1.0
	4635.00000000	7.48005		-1.14354  0.2  0.2		2.0852751579		-1.0
	4680.00000000	7.56854		-0.99255  0.2  0.2		2.0852751579		-1.0
	4725.00000000	7.51626		-1.11816  0.2  0.2		2.0852751579		-1.0
	4770.00000000	7.84944		-1.09298  0.2  0.2		2.0852751579		-1.0
	4815.00000000	8.34744		-1.14682  0.2  0.2		2.0852751579		-1.0
	4860.00000000	8.01386		-1.251  0.2  0.2		2.0852751579		-1.0
	4905.00000000	7.07739		-1.25994  0.2  0.2		2.0852751579		-1.0
	4950.00000000	7.19429		-1.08843  0.2  0.2		2.0852751579		-1.0
	4995.00000000	6.67036		-1.23753  0.2  0.2		2.0852751579		-1.0
	5040.00000000	6.66272		-1.48322  0.2  0.2		2.0852751579		-1.0
	5085.00000000	7.14293		-1.34546  0.2  0.2		2.0852751579		-1.0
	5130.00000000	6.26061		-1.33309  0.2  0.2		2.0852751579		-1.0
	5175.00000000	5.92854		-1.26844  0.2  0.2		2.0852751579		-1.0
	5220.00000000	6.07191		-1.34245  0.2  0.2		2.0852751579		-1.0
	5265.00000000	6.40875		-1.26348  0.2  0.2		2.0852751579		-1.0
	5310.00000000	6.65043		-1.04766  0.2  0.2		2.0852751579		-1.0
	5355.00000000	7.03765		-1.01098  0.2  0.2		2.0852751579		-1.0
	5400.00000000	6.85197		-0.91573  0.2  0.2		2.0852751579		-1.0
	5445.00000000	6.42484		-0.98324  0.2  0.2		2.0852751579		-1.0
	5490.00000000	6.04409		-1.0677  0.2  0.2		2.0852751579		-1.0
	5535.00000000	5.72465		-1.01603  0.2  0.2		2.0852751579		-1.0
	5580.00000000	5.32902		-1.20148  0.2  0.2		2.0852751579		-1.0
	5625.00000000	4.86484		-1.27944  0.2  0.2		2.0852751579		-1.0
	5670.00000000	4.40965		-1.38227  0.2  0.2		2.0852751579		-1.0
	5715.00000000	4.87268		-1.12197  0.2  0.2		2.0852751579		-1.0
	5760.00000000	4.94905		-1.26555  0.2  0.2		2.0852751579		-1.0
	5805.00000000	4.54829		-1.45297  0.2  0.2		2.0852751579		-1.0
	5850.00000000	4.70446		-1.2898  0.2  0.2		2.0852751579		-1.0
	5895.00000000	5.21296		-1.21073  0.2  0.2		2.0852751579		-1.0
	5940.00000000	5.32127		-1.24719  0.2  0.2		2.0852751579		-1.0
	5985.00000000	5.4048		-1.34578  0.2  0.2		2.0852751579		-1.0
	6030.00000000	5.8188		-1.36805  0.2  0.2		2.0852751579		-1.0
	6075.00000000	6.28354		-1.51179  0.2  0.2		2.0852751579		-1.0
	6120.00000000	6.17556		-1.35501  0.2  0.2		2.0852751579		-1.0
	6165.00000000	6.35518		-1.12703  0.2  0.2		2.0852751579		-1.0
	6210.00000000	6.17845		-0.99476  0.2  0.2		2.0852751579		-1.0
	6255.00000000	6.17543		-1.0862  0.2  0.2		2.0852751579		-1.0
	6300.00000000	6.36304		-1.10471  0.2  0.2		2.0852751579		-1.0
	6345.00000000	5.77013		-1.08322  0.2  0.2		2.0852751579		-1.0
	6390.00000000	5.72645		-0.99855  0.2  0.2		2.0852751579		-1.0
	6435.00000000	5.51012		-1.21281  0.2  0.2		2.0852751579		-1.0
	6480.00000000	5.08534		-1.25641  0.2  0.2		2.0852751579		-1.0
	6525.00000000	5.21939		-1.28629  0.2  0.2		2.0852751579		-1.0
	6570.00000000	4.59298		-1.42211  0.2  0.2		2.0852751579		-1.0
	6615.00000000	4.18584		-1.27689  0.2  0.2		2.0852751579		-1.0
	6660.00000000	4.32155		-1.28412  0.2  0.2		2.0852751579		-1.0
	6705.00000000	4.76442		-1.11902  0.2  0.2		2.0852751579		-1.0
	6750.00000000	5.19462		-1.31828  0.2  0.2		2.0852751579		-1.0
	6795.00000000	5.07915		-1.34731  0.2  0.2		2.0852751579		-1.0
	6840.00000000	4.9208		-1.50475  0.2  0.2		2.0852751579		-1.0
	6885.00000000	4.97014		-1.36397  0.2  0.2		2.0852751579		-1.0
	6930.00000000	4.8605		-1.34056  0.2  0.2		2.0852751579		-1.0
	6975.00000000	4.5837		-1.18019  0.2  0.2		2.0852751579		-1.0
	7020.00000000	4.39825		-1.22466  0.2  0.2		2.0852751579		-1.0
	7065.00000000	4.67209		-1.31738  0.2  0.2		2.0852751579		-1.0
	7110.00000000	3.9464		-1.03972  0.2  0.2		2.0852751579		-1.0
	7155.00000000	3.84648		-1.06338  0.2  0.2		2.0852751579		-1.0
	7200.00000000	3.69408		-0.99014  0.2  0.2		2.0852751579		-1.0
	7245.00000000	4.04718		-0.99597  0.2  0.2		2.0852751579		-1.0
	7290.00000000	4.14847		-0.97371  0.2  0.2		2.0852751579		-1.0
	7335.00000000	4.54216		-1.09138  0.2  0.2		2.0852751579		-1.0
	7380.00000000	3.67955		-0.82283  0.2  0.2		2.0852751579		-1.0
	7425.00000000	3.27423		-0.84181  0.2  0.2		2.0852751579		-1.0
	7470.00000000	2.95026		-0.8255  0.2  0.2		2.0852751579		-1.0
	7515.00000000	2.21102		-0.77696  0.2  0.2		2.0852751579		-1.0
	7560.00000000	2.15993		-1.3041  0.2  0.2		2.0852751579		-1.0
	7605.00000000	2.10668		-1.01238  0.2  0.2		2.0852751579		-1.0
	7650.00000000	2.05369		-0.81781  0.2  0.2		2.0852751579		-1.0
	7695.00000000	2.05724		-1.27022  0.2  0.2		2.0852751579		-1.0
	7740.00000000	2.04537		-1.05391  0.2  0.2		2.0852751579		-1.0
	7785.00000000	2.06362		-1.30135  0.2  0.2		2.0852751579		-1.0
	7830.00000000	2.07577		-1.36697  0.2  0.2		2.0852751579		-1.0
	7875.00000000	2.12526		-0.64624  0.2  0.2		2.0852751579		-1.0
	7920.00000000	2.07791		-1.23182  0.2  0.2		2.0852751579		-1.0
	7965.00000000	2.00741		-1.45759  0.2  0.2		2.0852751579		-1.0
	8010.00000000	2.09741		-1.48293  0.2  0.2		2.0852751579		-1.0
	8055.00000000	2.01954		-1.86225  0.2  0.2		2.0852751579		-1.0
	8100.00000000	2.175		-1.40083  0.2  0.2		2.0852751579		-1.0
	8145.00000000	2.09388		-1.01446  0.2  0.2		2.0852751579		-1.0
	8190.00000000	2.04242		-0.79076  0.2  0.2		2.0852751579		-1.0
	8235.00000000	2.01716		-0.69796  0.2  0.2		2.0852751579		-1.0
	8280.00000000	2.09585		-1.03476  0.2  0.2		2.0852751579		-1.0
	8325.00000000	2.16557		-1.04979  0.2  0.2		2.0852751579		-1.0
	8370.00000000	2.06183		-0.62912  0.2  0.2		2.0852751579		-1.0
	8415.00000000	1.97492		-1.03859  0.2  0.2		2.0852751579		-1.0
	8460.00000000	2.01765		-0.94634  0.2  0.2		2.0852751579		-1.0
	8505.00000000	2.01609		-1.03736  0.2  0.2		2.0852751579		-1.0
	8550.00000000	1.99883		-0.6854  0.2  0.2		2.0852751579		-1.0
	8595.00000000	2.12361		-0.42298  0.2  0.2		2.0852751579		-1.0
	8640.00000000	2.05143		-0.39479  0.2  0.2		2.0852751579		-1.0
	8685.00000000	2.12239		-0.57795  0.2  0.2		2.0852751579		-1.0
	8730.00000000	2.09177		-0.15441  0.2  0.2		2.0852751579		-1.0
	8775.00000000	2.07026		-0.26446  0.2  0.2		2.0852751579		-1.0
	8820.00000000	2.1611		-0.56391  0.2  0.2		2.0852751579		-1.0
	8865.00000000	1.88719		-0.41456  0.2  0.2		2.0852751579		-1.0
	8910.00000000	2.27525		-0.55098  0.2  0.2		2.0852751579		-1.0
	8955.00000000	1.95822		-0.58824  0.2  0.2		2.0852751579		-1.0
	9000.00000000	1.97734		-0.43894  0.2  0.2		2.0852751579		-1.0
	9045.00000000	2.03915		-0.1995  0.2  0.2		2.0852751579		-1.0
	9090.00000000	1.99688		-0.35813  0.2  0.2		2.0852751579		-1.0
	9135.00000000	2.14403		-0.11819  0.2  0.2		2.0852751579		-1.0
	9180.00000000	2.22115		-0.63294  0.2  0.2		2.0852751579		-1.0
	9225.00000000	2.1365		-0.11255  0.2  0.2		2.0852751579		-1.0
	9270.00000000	2.09835		0.03823  0.2  0.2		2.0852751579		-1.0
	9315.00000000	1.94749		0.0433  0.2  0.2		2.0852751579		-1.0
	9360.00000000	2.26011		-0.03275  0.2  0.2		2.0852751579		-1.0
	9405.00000000	2.05155		0.03732  0.2  0.2		2.0852751579		-1.0
	9450.00000000	2.08823		0.20134  0.2  0.2		2.0852751579		-1.0
	9495.00000000	2.02498		0.54416  0.2  0.2		2.0852751579		-1.0
	9540.00000000	1.93145		0.36519  0.2  0.2		2.0852751579		-1.0
	9585.00000000	2.15319		0.41318  0.2  0.2		2.0852751579		-1.0
	9630.00000000	2.11794		0.40736  0.2  0.2		2.0852751579		-1.0
	9675.00000000	2.02075		0.47136  0.2  0.2		2.0852751579		-1.0
	9720.00000000	2.09187		0.6745  0.2  0.2		2.0852751579		-1.0
	9765.00000000	2.27737		0.42947  0.2  0.2		2.0852751579		-1.0
	9810.00000000	1.96915		0.66378  0.2  0.2		2.0852751579		-1.0
	9855.00000000	2.08436		0.38369  0.2  0.2		2.0852751579		-1.0
	9900.00000000	1.96296		0.29393  0.2  0.2		2.0852751579		-1.0
	9945.00000000	2.03757		0.57719  0.2  0.2		2.0852751579		-1.0
	9990.00000000	2.02101		0.26847  0.2  0.2		2.0852751579		-1.0
