	0.00000000		4.42558		0.11995
	5.00000000		4.35914		0.05762
	10.00000000		4.50442		-0.02343
	15.00000000		4.64353		-0.02322
	20.00000000		4.88134		-0.00240
	25.00000000		4.85017		0.02775
	30.00000000		4.67584		-0.01047
	35.00000000		4.60205		-0.09152
	40.00000000		4.81235		-0.13690
	45.00000000		5.11532		-0.15344
	50.00000000		5.16663		-0.14486
	55.00000000		5.09687		-0.14916
	60.00000000		4.95080		-0.17143
	65.00000000		4.87801		-0.21821
	70.00000000		4.96116		-0.21437
	75.00000000		5.10410		-0.17312
	80.00000000		5.00196		-0.15223
	85.00000000		4.71751		-0.16508
	90.00000000		4.50264		-0.16896
	95.00000000		4.48795		-0.07956
	100.00000000		4.69722		0.02942
	105.00000000		4.93635		0.10725
	110.00000000		4.88015		0.07201
	115.00000000		4.75646		0.01073
	120.00000000		4.66042		-0.00922
	125.00000000		4.77517		0.04107
	130.00000000		4.87095		0.06995
	135.00000000		4.86407		-0.00107
	140.00000000		4.62732		-0.14850
	145.00000000		4.47015		-0.27994
	150.00000000		4.38434		-0.25298
	155.00000000		4.37343		-0.17396
	160.00000000		4.38445		-0.12648
	165.00000000		4.15564		-0.11242
	170.00000000		4.20267		-0.14231
	175.00000000		4.19762		-0.14140
	180.00000000		4.36269		-0.11308
	185.00000000		4.37808		-0.10211
	190.00000000		4.21163		-0.14579
	195.00000000		4.11142		-0.22776
	200.00000000		4.03684		-0.26313
	205.00000000		4.27462		-0.24394
	210.00000000		4.40894		-0.22850
	215.00000000		4.65880		-0.23543
	220.00000000		4.69775		-0.26064
	225.00000000		4.72909		-0.22587
	230.00000000		4.70309		-0.19042
	235.00000000		4.66092		-0.17313
	240.00000000		4.60338		-0.21406
	245.00000000		4.61217		-0.28093
	250.00000000		4.72814		-0.31898
	255.00000000		4.74954		-0.36389
	260.00000000		4.85071		-0.38142
	265.00000000		4.78421		-0.35595
	270.00000000		4.76041		-0.35189
	275.00000000		4.50856		-0.40362
	280.00000000		4.50260		-0.50178
	285.00000000		4.62902		-0.52881
	290.00000000		4.84450		-0.45243
	295.00000000		5.04632		-0.32530
	300.00000000		4.95049		-0.23772
	305.00000000		4.81357		-0.22674
	310.00000000		4.63557		-0.26057
	315.00000000		4.63316		-0.32898
	320.00000000		4.54726		-0.33695
	325.00000000		4.71010		-0.27312
	330.00000000		4.72841		-0.19087
	335.00000000		4.88251		-0.16956
	340.00000000		4.80771		-0.14969
	345.00000000		4.63065		-0.18521
	350.00000000		4.31121		-0.21902
	355.00000000		4.23153		-0.24174
	360.00000000		4.53685		-0.20396
	365.00000000		4.74107		-0.12441
	370.00000000		4.91603		-0.09534
	375.00000000		4.49458		-0.08768
	380.00000000		4.16873		-0.21655
	385.00000000		3.85652		-0.34109
	390.00000000		3.99622		-0.36555
	395.00000000		4.17469		-0.25508
	400.00000000		4.13436		-0.09511
	405.00000000		4.01304		-0.05198
	410.00000000		3.77281		-0.12511
	415.00000000		3.97264		-0.28150
	420.00000000		4.12806		-0.37987
	425.00000000		4.22699		-0.33227
	430.00000000		3.99260		-0.24435
	435.00000000		4.01936		-0.20280
	440.00000000		4.13322		-0.25790
	445.00000000		4.39326		-0.31173
	450.00000000		4.54298		-0.34282
	455.00000000		4.40138		-0.33756
	460.00000000		4.27158		-0.31492
	465.00000000		4.12544		-0.32460
	470.00000000		4.36207		-0.38706
	475.00000000		4.38133		-0.44741
	480.00000000		4.34647		-0.44524
	485.00000000		4.13795		-0.41046
	490.00000000		4.05432		-0.37070
	495.00000000		4.21077		-0.37259
	500.00000000		4.13464		-0.38906
	505.00000000		3.97480		-0.41310
	510.00000000		3.74241		-0.41905
	515.00000000		4.01084		-0.39876
	520.00000000		4.05687		-0.40410
	525.00000000		4.10750		-0.40497
	530.00000000		3.76278		-0.42978
	535.00000000		3.74489		-0.42840
	540.00000000		3.74087		-0.40446
	545.00000000		3.84690		-0.37075
	550.00000000		4.14907		-0.34105
	555.00000000		3.90714		-0.31841
	560.00000000		3.98095		-0.30704
	565.00000000		3.76881		-0.31299
	570.00000000		3.89444		-0.33400
	575.00000000		3.94728		-0.32589
	580.00000000		3.90331		-0.25563
	585.00000000		3.91354		-0.19651
	590.00000000		3.89084		-0.20451
	595.00000000		4.14124		-0.26453
	600.00000000		4.10378		-0.25645
	605.00000000		3.96250		-0.20916
	610.00000000		3.70062		-0.12690
	615.00000000		3.83649		-0.12906
	620.00000000		3.88179		-0.18863
	625.00000000		4.14053		-0.31002
	630.00000000		4.21981		-0.39740
	635.00000000		3.98899		-0.40996
	640.00000000		3.69810		-0.38325
	645.00000000		3.51784		-0.35296
	650.00000000		3.66431		-0.38251
	655.00000000		3.71491		-0.42133
	660.00000000		3.85745		-0.47629
	665.00000000		3.81348		-0.49910
	670.00000000		3.79997		-0.47117
	675.00000000		3.90874		-0.42556
	680.00000000		3.87153		-0.41849
	685.00000000		3.86509		-0.47275
	690.00000000		3.56611		-0.49321
	695.00000000		3.41630		-0.46273
	700.00000000		3.45045		-0.36386
	705.00000000		3.58229		-0.29586
	710.00000000		3.91879		-0.26371
	715.00000000		3.97805		-0.28698
	720.00000000		3.90364		-0.31587
	725.00000000		3.61329		-0.32515
	730.00000000		3.49987		-0.33516
	735.00000000		3.65066		-0.37651
	740.00000000		3.74039		-0.45560
	745.00000000		3.97735		-0.49058
	750.00000000		4.07368		-0.45825
	755.00000000		4.27965		-0.36385
	760.00000000		4.40001		-0.30460
	765.00000000		4.30688		-0.29597
	770.00000000		4.27377		-0.35679
	775.00000000		4.20792		-0.37482
	780.00000000		4.39943		-0.34436
	785.00000000		4.57782		-0.29118
	790.00000000		4.89190		-0.26411
	795.00000000		5.04756		-0.25213
	800.00000000		5.07493		-0.23644
	805.00000000		5.00018		-0.24281
	810.00000000		5.03937		-0.30805
	815.00000000		5.25404		-0.43213
	820.00000000		5.36170		-0.49132
	825.00000000		5.30011		-0.48915
	830.00000000		5.09882		-0.45104
	835.00000000		5.15036		-0.45078
	840.00000000		5.11846		-0.46375
	845.00000000		5.21358		-0.44579
	850.00000000		5.11786		-0.41297
	855.00000000		5.10340		-0.38161
	860.00000000		5.02134		-0.37062
	865.00000000		5.05538		-0.34862
	870.00000000		5.16065		-0.33426
	875.00000000		5.32389		-0.29590
	880.00000000		5.38080		-0.26953
	885.00000000		5.34438		-0.25624
	890.00000000		5.33337		-0.30844
	895.00000000		5.40422		-0.37738
	900.00000000		5.53464		-0.38856
	905.00000000		5.62262		-0.30884
	910.00000000		5.65503		-0.30926
	915.00000000		5.53200		-0.36464
	920.00000000		5.48916		-0.46251
	925.00000000		5.44737		-0.51003
	930.00000000		5.62937		-0.47238
	935.00000000		5.68909		-0.40410
	940.00000000		5.75494		-0.34300
	945.00000000		5.59483		-0.35767
	950.00000000		5.42957		-0.37215
	955.00000000		5.37824		-0.36577
	960.00000000		5.41320		-0.36049
	965.00000000		5.66644		-0.37768
	970.00000000		5.72570		-0.35897
	975.00000000		5.71204		-0.31205
	980.00000000		5.51464		-0.22844
	985.00000000		5.40262		-0.20677
	990.00000000		5.27111		-0.22738
	995.00000000		5.23782		-0.28321
	1000.00000000		5.17087		-0.28688
	1005.00000000		5.07609		-0.21769
	1010.00000000		4.99323		-0.09094
	1015.00000000		4.84664		0.02157
	1020.00000000		4.80211		0.04232
	1025.00000000		4.84036		-0.00368
	1030.00000000		5.10970		-0.05604
	1035.00000000		4.99390		-0.08001
	1040.00000000		4.78646		-0.09100
	1045.00000000		4.40706		-0.04376
	1050.00000000		4.34214		0.01773
	1055.00000000		4.53867		0.06279
	1060.00000000		4.71469		0.05496
	1065.00000000		4.54628		0.01582
	1070.00000000		4.32297		0.02210
	1075.00000000		4.46381		0.02835
	1080.00000000		4.59419		0.07810
	1085.00000000		4.85013		0.06163
	1090.00000000		4.73256		0.05138
	1095.00000000		4.62564		0.01211
	1100.00000000		4.50503		-0.00532
	1105.00000000		4.59993		-0.03925
	1110.00000000		4.84280		-0.06577
	1115.00000000		5.08392		-0.03955
	1120.00000000		5.22324		-0.02619
	1125.00000000		5.14666		0.00936
	1130.00000000		5.24045		-0.02899
	1135.00000000		5.21483		-0.04542
	1140.00000000		5.39216		-0.08969
	1145.00000000		5.50125		-0.07146
	1150.00000000		5.58532		0.00148
	1155.00000000		5.61699		0.03339
	1160.00000000		5.56407		-0.01124
	1165.00000000		5.59923		-0.08697
	1170.00000000		5.52409		-0.11683
	1175.00000000		5.53990		-0.09098
	1180.00000000		5.50992		-0.05010
	1185.00000000		5.73697		-0.05241
	1190.00000000		5.89160		-0.10796
	1195.00000000		6.04544		-0.15873
	1200.00000000		5.99592		-0.12587
	1205.00000000		6.00889		-0.08876
	1210.00000000		5.99382		-0.03410
	1215.00000000		5.96087		-0.03062
	1220.00000000		5.98825		-0.07539
	1225.00000000		5.90017		-0.16230
	1230.00000000		5.86215		-0.18346
	1235.00000000		5.82305		-0.10846
	1240.00000000		6.05895		-0.04555
	1245.00000000		6.22785		-0.00152
	1250.00000000		6.38710		-0.06348
	1255.00000000		6.35297		-0.13935
	1260.00000000		6.25746		-0.15526
	1265.00000000		6.29111		-0.11447
	1270.00000000		6.29759		-0.00245
	1275.00000000		6.28348		0.06211
	1280.00000000		6.01699		0.09928
	1285.00000000		5.70360		0.04963
	1290.00000000		5.46033		0.02366
	1295.00000000		5.69985		0.01352
	1300.00000000		6.04508		0.05555
	1305.00000000		6.19024		0.11556
	1310.00000000		6.00346		0.16784
	1315.00000000		5.69248		0.20550
	1320.00000000		5.51158		0.19070
	1325.00000000		5.60146		0.21155
	1330.00000000		5.83084		0.21707
	1335.00000000		5.76846		0.26843
	1340.00000000		5.42020		0.25482
	1345.00000000		5.25297		0.19677
	1350.00000000		5.46015		0.13811
	1355.00000000		5.83738		0.09017
	1360.00000000		5.80637		0.06591
	1365.00000000		5.61547		0.03884
	1370.00000000		5.54308		0.01874
	1375.00000000		5.63883		-0.00002
	1380.00000000		5.81309		-0.01895
	1385.00000000		5.72240		-0.02737
	1390.00000000		5.42487		0.01967
	1395.00000000		5.06994		0.02334
	1400.00000000		4.88736		0.04341
	1405.00000000		4.89684		0.08651
	1410.00000000		5.06497		0.10927
	1415.00000000		5.10200		0.12414
	1420.00000000		5.03978		0.10848
	1425.00000000		4.92948		0.15546
	1430.00000000		4.93610		0.20754
	1435.00000000		4.84954		0.30593
	1440.00000000		4.89184		0.28088
	1445.00000000		4.77048		0.30350
	1450.00000000		4.71764		0.27202
	1455.00000000		4.52809		0.29315
	1460.00000000		4.43264		0.28882
	1465.00000000		4.38455		0.28343
	1470.00000000		4.41858		0.25705
	1475.00000000		4.61820		0.15853
	1480.00000000		4.60801		0.18650
	1485.00000000		4.66838		0.16758
	1490.00000000		4.52684		0.25114
	1495.00000000		4.54906		0.17834
	1500.00000000		4.48733		0.20051
	1505.00000000		4.67614		0.15551
	1510.00000000		4.69440		0.17195
	1515.00000000		4.74991		0.18285
	1520.00000000		4.84126		0.18535
	1525.00000000		5.00390		0.20324
	1530.00000000		5.38411		0.15468
	1535.00000000		5.53123		0.17992
	1540.00000000		5.64488		0.15765
	1545.00000000		5.56174		0.17591
	1550.00000000		5.58430		0.11273
	1555.00000000		5.51569		0.10250
	1560.00000000		5.59153		0.07776
	1565.00000000		5.53881		0.15894
	1570.00000000		5.73080		0.21986
	1575.00000000		5.84763		0.24855
	1580.00000000		5.83684		0.21991
	1585.00000000		5.67068		0.12175
	1590.00000000		5.56341		0.12934
	1595.00000000		5.73573		0.14731
	1600.00000000		5.75105		0.23532
	1605.00000000		5.62122		0.22925
	1610.00000000		5.36959		0.23970
	1615.00000000		5.34140		0.22599
	1620.00000000		5.41009		0.26671
	1625.00000000		5.50043		0.30457
	1630.00000000		5.52483		0.32925
	1635.00000000		5.59961		0.38177
	1640.00000000		5.69868		0.37426
	1645.00000000		5.66072		0.35106
	1650.00000000		5.55834		0.26470
	1655.00000000		5.61570		0.23823
	1660.00000000		5.87229		0.21143
	1665.00000000		5.97662		0.22114
	1670.00000000		5.90383		0.14574
	1675.00000000		5.66736		0.07544
	1680.00000000		5.60880		0.00239
	1685.00000000		5.83996		-0.01372
	1690.00000000		6.04226		-0.01453
	1695.00000000		5.97781		-0.03810
	1700.00000000		5.71495		-0.03578
	1705.00000000		5.72610		-0.09238
	1710.00000000		5.92805		-0.09707
	1715.00000000		6.02251		-0.10726
	1720.00000000		5.88075		-0.05804
	1725.00000000		5.68679		0.00307
	1730.00000000		5.63566		0.07724
	1735.00000000		5.65811		0.12551
	1740.00000000		5.67317		0.11016
	1745.00000000		5.61130		0.10997
	1750.00000000		5.59454		0.09733
	1755.00000000		5.62271		0.18595
	1760.00000000		5.80978		0.23360
	1765.00000000		5.80796		0.27453
	1770.00000000		5.42942		0.21431
	1775.00000000		5.16094		0.18586
	1780.00000000		4.98078		0.17326
	1785.00000000		4.89833		0.22945
	1790.00000000		4.90054		0.24599
	1795.00000000		4.85806		0.22196
	1800.00000000		4.80901		0.16303
	1805.00000000		4.76575		0.10780
	1810.00000000		4.80886		0.12532
	1815.00000000		5.08093		0.17446
	1820.00000000		5.35342		0.27004
	1825.00000000		5.39968		0.28343
	1830.00000000		5.19482		0.31669
	1835.00000000		5.10740		0.27739
	1840.00000000		5.22825		0.29508
	1845.00000000		5.37975		0.31577
	1850.00000000		5.45096		0.31561
	1855.00000000		5.40886		0.34159
	1860.00000000		5.43138		0.31882
	1865.00000000		5.38986		0.30850
	1870.00000000		5.41569		0.30053
	1875.00000000		5.45488		0.29864
	1880.00000000		5.49270		0.32188
	1885.00000000		5.54593		0.34426
	1890.00000000		5.57389		0.36024
	1895.00000000		5.56446		0.30367
	1900.00000000		5.36067		0.33479
	1905.00000000		5.16947		0.27078
	1910.00000000		4.98470		0.28734
	1915.00000000		5.11875		0.26916
	1920.00000000		5.22074		0.24638
	1925.00000000		5.10627		0.26376
	1930.00000000		5.15303		0.20855
	1935.00000000		5.04283		0.26769
	1940.00000000		5.02527		0.24049
	1945.00000000		4.83678		0.30437
	1950.00000000		4.86372		0.30660
	1955.00000000		4.89693		0.37041
	1960.00000000		4.93009		0.40185
	1965.00000000		4.84111		0.35324
	1970.00000000		4.52083		0.33797
	1975.00000000		4.42188		0.24437
	1980.00000000		4.35814		0.25731
	1985.00000000		4.58398		0.28474
	1990.00000000		4.57247		0.32426
	1995.00000000		4.34545		0.28317
	2000.00000000		4.03344		0.22579
	2005.00000000		3.95012		0.18608
	2010.00000000		4.01799		0.19617
	2015.00000000		4.04856		0.21542
	2020.00000000		3.98547		0.19401
	2025.00000000		3.76881		0.14036
	2030.00000000		3.63169		0.08330
	2035.00000000		3.72035		0.05886
	2040.00000000		3.90017		0.10807
	2045.00000000		4.17676		0.13655
	2050.00000000		4.23315		0.15080
	2055.00000000		4.13628		0.11335
	2060.00000000		4.01087		0.13972
	2065.00000000		4.15651		0.15731
	2070.00000000		4.37675		0.14685
	2075.00000000		4.34397		0.11404
	2080.00000000		4.26921		0.03772
	2085.00000000		4.20040		0.04705
	2090.00000000		4.41345		0.07974
	2095.00000000		4.43859		0.10413
	2100.00000000		4.36880		0.05101
	2105.00000000		4.19697		-0.03886
	2110.00000000		3.97350		-0.09900
	2115.00000000		4.08570		-0.08367
	2120.00000000		4.14437		0.02375
	2125.00000000		4.26335		0.05126
	2130.00000000		4.10529		-0.00448
	2135.00000000		3.97443		-0.10920
	2140.00000000		3.82952		-0.19547
	2145.00000000		3.69027		-0.16654
	2150.00000000		3.85722		-0.11051
	2155.00000000		3.79181		-0.02351
	2160.00000000		3.90591		-0.06766
	2165.00000000		3.73251		-0.12247
	2170.00000000		3.33577		-0.17468
	2175.00000000		3.36499		-0.25804
	2180.00000000		3.16504		-0.18983
	2185.00000000		3.37650		-0.12458
	2190.00000000		3.60963		0.03121
	2195.00000000		3.47053		0.13430
	2200.00000000		3.35959		-0.01871
	2205.00000000		2.95383		-0.14069
	2210.00000000		3.00129		-0.22208
	2215.00000000		3.15600		-0.16870
	2220.00000000		3.16888		-0.04261
	2225.00000000		3.39276		-0.06943
	2230.00000000		3.24519		-0.12808
	2235.00000000		3.22411		-0.21677
	2240.00000000		3.36335		-0.23970
	2245.00000000		3.44125		-0.15521
	2250.00000000		3.61618		-0.18885
	2255.00000000		3.50688		-0.25070
	2260.00000000		3.37909		-0.36117
	2265.00000000		3.34518		-0.37892
	2270.00000000		3.21025		-0.31158
	2275.00000000		3.32726		-0.25656
	2280.00000000		3.29785		-0.23308
	2285.00000000		3.23014		-0.27134
	2290.00000000		3.29258		-0.28956
	2295.00000000		3.21948		-0.26075
	2300.00000000		3.35404		-0.27172
	2305.00000000		3.42073		-0.32318
	2310.00000000		3.38042		-0.39828
	2315.00000000		3.51604		-0.48676
	2320.00000000		3.29085		-0.56464
	2325.00000000		3.30367		-0.49060
	2330.00000000		3.43765		-0.36084
	2335.00000000		3.44450		-0.27678
	2340.00000000		3.66891		-0.37589
	2345.00000000		3.65029		-0.50612
	2350.00000000		3.70659		-0.57525
	2355.00000000		3.54343		-0.59465
	2360.00000000		3.27298		-0.52902
	2365.00000000		3.25238		-0.52857
	2370.00000000		3.02810		-0.57490
	2375.00000000		2.99109		-0.66989
	2380.00000000		2.97567		-0.70620
	2385.00000000		2.80397		-0.68832
	2390.00000000		2.74366		-0.59144
	2395.00000000		2.85161		-0.55138
	2400.00000000		3.01208		-0.54123
	2405.00000000		3.23357		-0.52751
	2410.00000000		3.30417		-0.47242
	2415.00000000		3.31695		-0.38907
	2420.00000000		3.24346		-0.41858
	2425.00000000		3.15929		-0.47209
	2430.00000000		3.28015		-0.49000
	2435.00000000		3.30443		-0.36141
	2440.00000000		3.24220		-0.25603
	2445.00000000		3.19844		-0.26809
	2450.00000000		2.84503		-0.35435
	2455.00000000		2.63712		-0.40747
	2460.00000000		2.67085		-0.33631
	2465.00000000		2.70384		-0.23486
	2470.00000000		2.52764		-0.20307
	2475.00000000		2.30374		-0.30613
	2480.00000000		2.23079		-0.43440
	2485.00000000		2.24866		-0.51755
	2490.00000000		2.11452		-0.49354
	2495.00000000		2.06903		-0.48226
	2500.00000000		2.09670		-0.49655
	2505.00000000		2.02632		-0.54528
	2510.00000000		2.10759		-0.59399
	2515.00000000		2.05942		-0.65134
	2520.00000000		2.09605		-0.64164
	2525.00000000		2.04349		-0.61928
	2530.00000000		2.08503		-0.62272
	2535.00000000		2.07137		-0.73790
	2540.00000000		2.05426		-0.85645
	2545.00000000		2.06921		-0.77953
	2550.00000000		2.05867		-0.63561
	2555.00000000		2.07109		-0.52401
	2560.00000000		2.04926		-0.57309
	2565.00000000		2.08922		-0.63530
	2570.00000000		2.03957		-0.66104
	2575.00000000		2.06895		-0.62532
	2580.00000000		2.04915		-0.58653
	2585.00000000		2.05928		-0.47991
	2590.00000000		2.09282		-0.33546
	2595.00000000		2.03166		-0.32374
	2600.00000000		2.10756		-0.35937
	2605.00000000		2.02885		-0.35937
	2610.00000000		2.09051		-0.22960
	2615.00000000		2.04006		-0.09834
	2620.00000000		2.11125		-0.02079
	2625.00000000		2.04648		-0.03488
	2630.00000000		2.11301		-0.06354
	2635.00000000		2.07043		-0.06800
	2640.00000000		2.04737		-0.09262
	2645.00000000		2.05941		-0.14342
	2650.00000000		2.06065		-0.19147
	2655.00000000		2.05854		-0.16762
	2660.00000000		2.07536		-0.12709
	2665.00000000		2.07564		-0.06067
	2670.00000000		2.07776		0.02581
	2675.00000000		2.06824		0.09875
	2680.00000000		2.06691		0.12152
	2685.00000000		2.07017		0.14681
	2690.00000000		2.07187		0.19145
	2695.00000000		2.07043		0.26185
	2700.00000000		2.08372		0.33745
	2705.00000000		2.10743		0.35250
	2710.00000000		2.04422		0.27320
	2715.00000000		2.14035		0.11194
	2720.00000000		2.00274		0.00210
	2725.00000000		2.09736		-0.00420
	2730.00000000		2.05442		0.08678
	2735.00000000		2.08981		0.24101
	2740.00000000		2.08058		0.24841
	2745.00000000		2.05058		0.11190
	2750.00000000		2.10053		-0.03910
	2755.00000000		1.99446		-0.08680
	2760.00000000		2.13733		-0.08640
	2765.00000000		1.96572		0.02435
	2770.00000000		2.14965		0.07411
	2775.00000000		2.11556		-0.06116
	2780.00000000		2.00056		-0.26456
	2785.00000000		2.14553		-0.31158
	2790.00000000		1.99369		-0.13773
	2795.00000000		2.17213		0.14740
	2800.00000000		2.04522		0.28844
	2805.00000000		2.09073		0.20250
	2810.00000000		2.10535		0.12069
	2815.00000000		2.02461		-0.00768
	2820.00000000		2.16668		-0.01250
	2825.00000000		1.96806		-0.02488
	2830.00000000		2.17436		-0.09663
	2835.00000000		2.08738		-0.17024
	2840.00000000		2.00351		-0.17873
	2845.00000000		2.25617		-0.19515
	2850.00000000		1.96718		-0.21296
	2855.00000000		2.13549		-0.21354
	2860.00000000		2.14882		-0.14860
	2865.00000000		2.00043		0.01289
	2870.00000000		2.13250		0.09434
	2875.00000000		2.05929		0.15516
	2880.00000000		2.04077		0.16891
	2885.00000000		2.18088		0.20358
	2890.00000000		1.96630		0.21913
	2895.00000000		2.15684		0.19811
	2900.00000000		2.11961		0.09139
	2905.00000000		2.04496		0.00827
	2910.00000000		2.08796		0.02235
	2915.00000000		2.02487		0.10646
	2920.00000000		2.11204		0.19568
	2925.00000000		2.12912		0.26685
	2930.00000000		2.05287		0.32132
	2935.00000000		2.12362		0.31541
	2940.00000000		2.03817		0.18077
	2945.00000000		2.08869		0.05304
	2950.00000000		2.08017		0.11944
	2955.00000000		2.10458		0.35642
	2960.00000000		2.08603		0.51431
	2965.00000000		2.02623		0.42117
	2970.00000000		2.10341		0.26687
	2975.00000000		2.01342		0.28402
	2980.00000000		2.11051		0.46018
	2985.00000000		2.08256		0.61454
	2990.00000000		2.03814		0.55454
	2995.00000000		2.17862		0.38414
	3000.00000000		1.97021		0.34162
	3005.00000000		2.20202		0.54095
	3010.00000000		1.99979		0.72266
	3015.00000000		2.15529		0.70655
	3020.00000000		2.05614		0.58467
	3025.00000000		2.06925		0.59727
	3030.00000000		2.12579		0.71180
	3035.00000000		2.00208		0.76558
	3040.00000000		2.18151		0.73461
	3045.00000000		2.02133		0.72187
	3050.00000000		2.12565		0.66224
	3055.00000000		2.07718		0.56962
	3060.00000000		2.04855		0.54581
	3065.00000000		2.11342		0.61538
	3070.00000000		2.01792		0.79331
	3075.00000000		2.18163		0.92986
	3080.00000000		1.98639		0.88704
	3085.00000000		2.16809		0.70560
	3090.00000000		2.00988		0.61010
	3095.00000000		2.12410		0.70171
	3100.00000000		2.08977		0.85380
	3105.00000000		2.01694		0.89457
	3110.00000000		2.13505		0.87124
	3115.00000000		1.99951		0.85493
	3120.00000000		2.13979		0.90821
	3125.00000000		2.03863		0.93322
	3130.00000000		2.09577		0.92866
	3135.00000000		2.08752		0.83361
	3140.00000000		2.04072		0.76618
	3145.00000000		2.13915		0.70711
	3150.00000000		1.98654		0.65660
	3155.00000000		2.12199		0.60227
	3160.00000000		2.12564		0.61118
	3165.00000000		1.98036		0.67811
	3170.00000000		2.21277		0.68877
	3175.00000000		2.03204		0.60515
	3180.00000000		2.07705		0.49250
	3185.00000000		2.14648		0.50657
	3190.00000000		2.00051		0.61079
	3195.00000000		2.15500		0.70444
	3200.00000000		2.09156		0.76687
	3205.00000000		1.99411		0.72296
	3210.00000000		2.15951		0.66903
	3215.00000000		1.99358		0.60265
	3220.00000000		2.16895		0.59688
	3225.00000000		2.08790		0.60248
	3230.00000000		2.00732		0.71229
	3235.00000000		2.20775		0.73354
	3240.00000000		1.94186		0.62544
	3245.00000000		2.15928		0.45694
	3250.00000000		2.15910		0.42445
	3255.00000000		1.96145		0.52877
	3260.00000000		2.18968		0.56303
	3265.00000000		2.07392		0.53140
	3270.00000000		2.03010		0.50877
	3275.00000000		2.23373		0.57813
	3280.00000000		1.98021		0.68310
	3285.00000000		2.14678		0.75275
	3290.00000000		2.16454		0.76861
	3295.00000000		1.99552		0.80930
	3300.00000000		2.15853		0.87783
	3305.00000000		2.01258		0.90874
	3310.00000000		2.08510		0.87711
	3315.00000000		2.11479		0.92841
	3320.00000000		2.01739		1.03754
	3325.00000000		2.15114		1.15764
	3330.00000000		2.00901		1.21096
	3335.00000000		2.10031		1.19847
	3340.00000000		2.06332		1.21471
	3345.00000000		2.06856		1.21363
	3350.00000000		2.09390		1.16956
	3355.00000000		2.04285		1.09283
	3360.00000000		2.11436		1.07043
	3365.00000000		2.05036		1.09555
	3370.00000000		2.08648		1.11149
	3375.00000000		2.09136		1.06440
	3380.00000000		2.04679		1.03447
	3385.00000000		2.12854		1.02080
	3390.00000000		2.00157		1.03312
	3395.00000000		2.11536		1.05100
	3400.00000000		2.05087		1.18101
	3405.00000000		2.06976		1.27984
	3410.00000000		2.10515		1.25359
	3415.00000000		2.03959		1.20216
	3420.00000000		2.09831		1.18550
	3425.00000000		2.06771		1.22569
	3430.00000000		2.07025		1.31203
	3435.00000000		2.08104		1.32682
	3440.00000000		2.05931		1.24464
	3445.00000000		2.09653		1.13747
	3450.00000000		2.05729		1.01849
	3455.00000000		2.06534		0.97113
	3460.00000000		2.12426		0.93830
	3465.00000000		2.01684		0.90006
	3470.00000000		2.14402		0.85981
	3475.00000000		2.07331		0.81955
	3480.00000000		2.02429		0.84089
	3485.00000000		2.14435		0.91359
	3490.00000000		2.03462		0.99365
	3495.00000000		2.08493		1.01479
	3500.00000000		2.10284		1.07598
	3505.00000000		2.05109		1.10596
	3510.00000000		2.10803		1.12992
	3515.00000000		2.08548		1.16211
	3520.00000000		2.05099		1.16935
	3525.00000000		2.11560		1.20552
	3530.00000000		2.03778		1.33202
	3535.00000000		2.07093		1.37420
	3540.00000000		2.08878		1.23054
	3545.00000000		2.07726		1.15226
	3550.00000000		2.06695		1.22464
	3555.00000000		2.08595		1.36061
	3560.00000000		2.04784		1.34802
	3565.00000000		2.07790		1.31379
	3570.00000000		2.13459		1.30487
	3575.00000000		2.08005		1.37338
	3580.00000000		2.04554		1.41225
	3585.00000000		2.11806		1.30841
	3590.00000000		2.05789		1.09314
	3595.00000000		2.07718		0.99005
	3600.00000000		2.09727		1.01555
	3605.00000000		2.00366		1.04921
	3610.00000000		2.10072		1.02594
	3615.00000000		2.12314		1.03066
	3620.00000000		2.03729		1.17722
	3625.00000000		2.12877		1.35700
	3630.00000000		2.06891		1.32629
	3635.00000000		2.04985		1.08391
	3640.00000000		2.12928		0.95417
	3645.00000000		1.99394		1.02055
	3650.00000000		2.08510		1.13005
	3655.00000000		2.13138		1.04629
	3660.00000000		2.02468		0.84350
	3665.00000000		2.08538		0.70370
	3670.00000000		2.08158		0.74367
	3675.00000000		2.02892		0.82757
	3680.00000000		2.10464		0.81659
	3685.00000000		2.09647		0.78859
	3690.00000000		2.00569		0.76968
	3695.00000000		2.14263		0.75687
	3700.00000000		2.12721		0.62628
	3705.00000000		1.97706		0.43540
	3710.00000000		2.24098		0.44311
	3715.00000000		2.11906		0.69677
	3720.00000000		1.99927		0.84781
	3725.00000000		2.15855		0.79784
	3730.00000000		2.15018		0.69197
	3735.00000000		1.99301		0.61493
	3740.00000000		2.07967		0.56878
	3745.00000000		2.09117		0.49379
	3750.00000000		2.04879		0.51250
	3755.00000000		2.11214		0.61567
	3760.00000000		2.11741		0.69683
	3765.00000000		2.04201		0.69930
	3770.00000000		2.06031		0.64384
	3775.00000000		2.11890		0.60263
	3780.00000000		2.05982		0.67681
	3785.00000000		2.06494		0.78022
	3790.00000000		2.11075		0.91378
	3795.00000000		2.06705		1.05268
	3800.00000000		2.06890		1.05195
	3805.00000000		2.10737		0.95134
	3810.00000000		2.13759		0.78222
	3815.00000000		2.02656		0.74710
	3820.00000000		2.07119		0.79357
	3825.00000000		2.17990		0.88309
	3830.00000000		2.05457		0.93920
	3835.00000000		1.99798		0.99703
	3840.00000000		2.18781		1.06664
	3845.00000000		2.12419		1.07600
	3850.00000000		1.95839		1.07081
	3855.00000000		2.11170		1.08598
	3860.00000000		2.11048		1.19591
	3865.00000000		1.98854		1.29391
	3870.00000000		2.15597		1.33296
	3875.00000000		2.06512		1.28712
	3880.00000000		2.01203		1.28293
	3885.00000000		2.15958		1.27040
	3890.00000000		1.99669		1.27287
	3895.00000000		2.09279		1.29708
	3900.00000000		2.09176		1.39144
	3905.00000000		2.02697		1.52905
	3910.00000000		2.09724		1.53176
	3915.00000000		2.00440		1.51623
	3920.00000000		2.12486		1.51924
	3925.00000000		2.02958		1.59295
	3930.00000000		2.15225		1.60078
	3935.00000000		2.03041		1.57831
	3940.00000000		2.08371		1.51223
	3945.00000000		2.08427		1.44232
	3950.00000000		1.99506		1.41379
	3955.00000000		2.16912		1.41894
	3960.00000000		2.00577		1.45745
	3965.00000000		2.09494		1.40345
	3970.00000000		2.07208		1.30591
	3975.00000000		2.00652		1.13587
	3980.00000000		2.13364		1.08143
	3985.00000000		2.06433		1.11699
	3990.00000000		2.01180		1.24621
	3995.00000000		2.09784		1.27653
	4000.00000000		2.04901		1.26547
	4005.00000000		2.05813		1.27403
	4010.00000000		2.08197		1.27368
	4015.00000000		2.04956		1.30905
	4020.00000000		2.07455		1.28267
	4025.00000000		2.10801		1.29568
	4030.00000000		2.02712		1.29470
	4035.00000000		2.06663		1.21277
	4040.00000000		2.10026		1.07414
	4045.00000000		2.05971		0.98892
	4050.00000000		2.05280		0.98438
	4055.00000000		2.07036		0.97379
	4060.00000000		2.02167		0.82036
	4065.00000000		2.09167		0.65570
	4070.00000000		2.13983		0.65767
	4075.00000000		2.04289		0.78631
	4080.00000000		2.02251		0.88386
	4085.00000000		2.11849		0.85927
	4090.00000000		2.13578		0.73821
	4095.00000000		2.03377		0.59566
	4100.00000000		2.08668		0.55438
	4105.00000000		2.12220		0.55608
	4110.00000000		2.06743		0.59137
	4115.00000000		2.07978		0.63950
	4120.00000000		2.14940		0.75505
	4125.00000000		2.13108		0.85272
	4130.00000000		2.04028		0.92102
	4135.00000000		2.02549		0.95560
	4140.00000000		2.15248		0.96779
	4145.00000000		2.06130		0.89389
	4150.00000000		1.97618		0.89006
	4155.00000000		2.10708		0.91483
	4160.00000000		2.20312		1.00272
	4165.00000000		2.07773		1.00061
	4170.00000000		1.92702		0.86451
	4175.00000000		2.19348		0.79353
	4180.00000000		2.21374		0.82610
	4185.00000000		1.98402		0.93962
	4190.00000000		2.05963		1.04082
	4195.00000000		2.20064		1.02889
	4200.00000000		2.13757		0.91169
	4205.00000000		2.02957		0.78736
	4210.00000000		2.03491		0.64193
	4215.00000000		2.17492		0.55316
	4220.00000000		2.07455		0.50622
	4225.00000000		1.99215		0.48693
	4230.00000000		2.19091		0.52452
	4235.00000000		2.12510		0.61246
	4240.00000000		1.96817		0.71692
	4245.00000000		2.12221		0.69134
	4250.00000000		2.20575		0.60712
	4255.00000000		2.00365		0.56161
	4260.00000000		2.02654		0.69338
	4265.00000000		2.20241		0.81722
	4270.00000000		2.19299		0.86938
	4275.00000000		2.01874		0.82333
	4280.00000000		2.01639		0.67758
	4285.00000000		2.23306		0.58904
	4290.00000000		2.16118		0.57418
	4295.00000000		1.87924		0.55865
	4300.00000000		2.21611		0.58505
	4305.00000000		2.28849		0.67254
	4310.00000000		1.99512		0.77209
	4315.00000000		2.02220		0.84567
	4320.00000000		2.12901		0.77193
	4325.00000000		2.20416		0.57488
	4330.00000000		2.02641		0.51613
	4335.00000000		2.01376		0.64221
	4340.00000000		2.13094		0.74250
	4345.00000000		2.15347		0.75244
	4350.00000000		2.10274		0.63166
	4355.00000000		2.05045		0.38492
	4360.00000000		2.06073		0.27640
	4365.00000000		2.06571		0.37206
	4370.00000000		2.01947		0.52108
	4375.00000000		2.05515		0.43471
	4380.00000000		2.12157		0.25365
	4385.00000000		2.06937		0.16643
	4390.00000000		2.01174		0.25728
	4395.00000000		2.11290		0.28915
	4400.00000000		2.03989		0.19321
	4405.00000000		2.04125		0.23784
	4410.00000000		2.09864		0.36694
	4415.00000000		2.09882		0.49046
	4420.00000000		1.99529		0.46274
	4425.00000000		2.07914		0.45908
	4430.00000000		2.13167		0.46398
	4435.00000000		2.02704		0.48572
	4440.00000000		2.03924		0.41510
	4445.00000000		2.09096		0.28844
	4450.00000000		2.00423		0.25771
	4455.00000000		2.08179		0.34402
	4460.00000000		2.06487		0.36872
	4465.00000000		1.98115		0.19314
	4470.00000000		2.14139		0.08564
	4475.00000000		1.98979		0.09084
	4480.00000000		2.07642		0.15015
	4485.00000000		2.11906		0.17619
	4490.00000000		1.96304		0.18715
	4495.00000000		2.09336		0.30806
	4500.00000000		2.13568		0.32453
	4505.00000000		1.96946		0.24893
	4510.00000000		2.09924		0.14896
	4515.00000000		2.18583		0.18478
	4520.00000000		1.94265		0.27423
	4525.00000000		2.08356		0.37917
	4530.00000000		2.20841		0.38609
	4535.00000000		2.06913		0.37897
	4540.00000000		1.95473		0.40329
	4545.00000000		2.16086		0.41501
	4550.00000000		2.06593		0.36347
	4555.00000000		1.96524		0.19559
	4560.00000000		2.19250		0.17292
	4565.00000000		2.12921		0.22454
	4570.00000000		1.94199		0.28518
	4575.00000000		2.12446		0.28754
	4580.00000000		2.10896		0.31805
	4585.00000000		1.96125		0.34474
	4590.00000000		2.04153		0.35786
	4595.00000000		2.01436		0.26873
	4600.00000000		1.99711		0.17623
	4605.00000000		2.13801		0.30048
	4610.00000000		2.14100		0.48452
	4615.00000000		2.03575		0.57286
	4620.00000000		1.95620		0.48724
	4625.00000000		2.09727		0.39130
	4630.00000000		2.20384		0.44763
	4635.00000000		2.18295		0.58112
	4640.00000000		2.05692		0.58964
	4645.00000000		1.97292		0.49397
	4650.00000000		2.05075		0.42650
	4655.00000000		2.03831		0.38359
	4660.00000000		1.94321		0.38652
	4665.00000000		2.06418		0.39596
	4670.00000000		2.03396		0.45907
	4675.00000000		1.97631		0.56232
	4680.00000000		2.04080		0.70068
	4685.00000000		2.13092		0.71741
	4690.00000000		2.24780		0.62553
	4695.00000000		2.21879		0.59286
	4700.00000000		2.13482		0.66749
	4705.00000000		2.10580		0.74819
	4710.00000000		2.11010		0.73343
	4715.00000000		2.11111		0.61875
	4720.00000000		2.03275		0.54555
	4725.00000000		1.95073		0.57711
	4730.00000000		2.01555		0.62242
	4735.00000000		2.03465		0.71284
	4740.00000000		2.04920		0.85483
	4745.00000000		2.08590		1.01002
	4750.00000000		2.15252		1.14862
	4755.00000000		2.07873		1.16656
	4760.00000000		2.00032		1.16970
	4765.00000000		2.16368		1.22638
	4770.00000000		2.07110		1.31294
	4775.00000000		2.03136		1.34877
	4780.00000000		2.12244		1.29597
	4785.00000000		2.09697		1.18676
	4790.00000000		2.01055		1.06989
	4795.00000000		2.01977		0.97155
	4800.00000000		2.09537		0.93890
	4805.00000000		2.19392		0.98506
	4810.00000000		2.22486		1.12068
	4815.00000000		2.07650		1.20931
	4820.00000000		1.96513		1.25061
	4825.00000000		2.19591		1.15485
	4830.00000000		2.25065		1.09526
	4835.00000000		2.08523		1.12523
	4840.00000000		2.00953		1.30874
	4845.00000000		2.12259		1.38762
	4850.00000000		2.10485		1.30074
	4855.00000000		2.03353		1.15907
	4860.00000000		2.06027		1.09967
	4865.00000000		2.11438		1.20211
	4870.00000000		2.05900		1.20876
	4875.00000000		1.98144		1.21507
	4880.00000000		2.19248		1.18802
	4885.00000000		2.27990		1.24085
	4890.00000000		1.98394		1.40773
	4895.00000000		2.06228		1.49885
	4900.00000000		2.26274		1.34111
	4905.00000000		2.11356		1.19940
	4910.00000000		1.95805		1.26927
	4915.00000000		2.11954		1.40296
	4920.00000000		2.14729		1.52381
	4925.00000000		1.99927		1.54711
	4930.00000000		2.10349		1.54752
	4935.00000000		2.06795		1.55063
	4940.00000000		2.04141		1.60418
	4945.00000000		2.10251		1.63208
	4950.00000000		2.03960		1.65201
	4955.00000000		2.12722		1.67678
	4960.00000000		2.08694		1.64659
	4965.00000000		2.04893		1.59229
	4970.00000000		2.19860		1.57586
	4975.00000000		2.02117		1.75322
	4980.00000000		2.11658		1.90629
	4985.00000000		2.01616		1.82964
	4990.00000000		2.10970		1.65794
	4995.00000000		2.05026		1.68545
	5000.00000000		2.07593		1.79009
	5005.00000000		2.10626		1.86123
	5010.00000000		2.02000		1.78775
	5015.00000000		2.17183		1.65739
	5020.00000000		2.03190		1.60831
	5025.00000000		2.09063		1.63592
	5030.00000000		2.14708		1.70998
	5035.00000000		2.01000		1.74067
	5040.00000000		2.19057		1.69402
	5045.00000000		2.06124		1.62620
	5050.00000000		2.02827		1.67640
	5055.00000000		2.18008		1.81383
	5060.00000000		2.02699		1.92839
	5065.00000000		2.12592		1.90180
	5070.00000000		2.04771		1.84036
	5075.00000000		2.06235		1.84081
	5080.00000000		2.11182		1.90746
	5085.00000000		2.00839		2.01894
	5090.00000000		2.13068		1.98089
	5095.00000000		2.04304		1.85020
	5100.00000000		2.07145		1.85825
	5105.00000000		2.08366		1.96733
	5110.00000000		2.04322		1.96450
	5115.00000000		2.09676		1.91523
	5120.00000000		2.00743		1.87960
	5125.00000000		2.10528		1.87165
	5130.00000000		2.04508		1.90439
	5135.00000000		2.02877		1.89755
	5140.00000000		2.15882		1.87808
	5145.00000000		1.97305		1.91461
	5150.00000000		2.17807		1.99293
	5155.00000000		2.02671		2.07248
	5160.00000000		2.08091		2.12011
	5165.00000000		2.19553		2.11568
	5170.00000000		1.94497		2.07622
	5175.00000000		2.19009		2.04695
	5180.00000000		2.01060		1.94446
	5185.00000000		2.10128		1.80689
	5190.00000000		2.15391		1.72606
	5195.00000000		1.95827		1.77537
	5200.00000000		2.16935		1.87876
	5205.00000000		1.96873		1.91445
	5210.00000000		2.13480		1.91201
	5215.00000000		2.05609		1.92605
	5220.00000000		2.03706		1.99845
	5225.00000000		2.17873		2.06905
	5230.00000000		1.95767		2.00888
	5235.00000000		2.15756		1.95073
	5240.00000000		2.05218		1.93587
	5245.00000000		2.01928		2.02143
	5250.00000000		2.14762		2.13551
	5255.00000000		1.99959		2.23272
	5260.00000000		2.13077		2.20563
	5265.00000000		2.01729		2.12002
	5270.00000000		2.10223		2.05361
	5275.00000000		2.09918		2.12542
	5280.00000000		2.00956		2.29334
	5285.00000000		2.16001		2.44985
	5290.00000000		1.94096		2.52989
	5295.00000000		2.16242		2.50270
	5300.00000000		2.02256		2.52253
	5305.00000000		2.09457		2.58697
	5310.00000000		2.06881		2.64339
	5315.00000000		2.04161		2.64278
	5320.00000000		2.12719		2.63119
	5325.00000000		2.02178		2.59285
	5330.00000000		2.10188		2.62885
	5335.00000000		2.03318		2.66439
	5340.00000000		2.11308		2.67577
	5345.00000000		2.02707		2.66226
	5350.00000000		2.09576		2.65557
	5355.00000000		2.06422		2.71481
	5360.00000000		2.05612		2.76975
	5365.00000000		2.09780		2.71679
	5370.00000000		2.04489		2.60613
	5375.00000000		2.10641		2.56126
	5380.00000000		2.03906		2.63036
	5385.00000000		2.04734		2.72743
	5390.00000000		2.10161		2.75155
	5395.00000000		2.03170		2.76166
	5400.00000000		2.10692		2.76608
	5405.00000000		2.04188		2.81152
	5410.00000000		2.05927		2.85633
	5415.00000000		2.09064		2.87878
	5420.00000000		2.04250		2.91111
	5425.00000000		2.14345		2.96526
	5430.00000000		2.02691		2.94700
	5435.00000000		2.05667		2.79426
	5440.00000000		2.11046		2.70391
	5445.00000000		1.98511		2.71220
	5450.00000000		2.16313		2.85590
	5455.00000000		2.04935		2.88723
	5460.00000000		2.06947		2.75744
	5465.00000000		2.13731		2.61419
	5470.00000000		2.01103		2.52625
	5475.00000000		2.07841		2.51025
	5480.00000000		2.05797		2.57857
	5485.00000000		2.06776		2.65770
	5490.00000000		2.09382		2.73831
	5495.00000000		2.06302		2.85006
	5500.00000000		2.07768		2.99598
	5505.00000000		2.08111		3.11355
	5510.00000000		2.05518		3.13269
	5515.00000000		2.09424		3.02030
	5520.00000000		2.07011		2.97229
	5525.00000000		2.05994		3.03372
	5530.00000000		2.06758		3.09656
	5535.00000000		2.06991		3.07191
	5540.00000000		2.07296		3.04231
	5545.00000000		2.06687		2.97553
	5550.00000000		2.06982		2.92480
	5555.00000000		2.05716		2.84601
	5560.00000000		2.07865		2.78101
	5565.00000000		2.05159		2.71611
	5570.00000000		2.07669		2.68125
	5575.00000000		2.07190		2.70506
	5580.00000000		2.02135		2.67464
	5585.00000000		2.14200		2.56109
	5590.00000000		2.04159		2.47521
	5595.00000000		2.09460		2.44912
	5600.00000000		2.10691		2.37783
	5605.00000000		1.99888		2.30043
	5610.00000000		2.16458		2.26467
	5615.00000000		1.97481		2.31833
	5620.00000000		2.13598		2.39306
	5625.00000000		2.11898		2.44875
	5630.00000000		1.96496		2.41715
	5635.00000000		2.20024		2.38760
	5640.00000000		2.00318		2.43557
	5645.00000000		2.11540		2.54968
	5650.00000000		2.23289		2.66870
	5655.00000000		1.93913		2.70361
	5660.00000000		2.16731		2.72047
	5665.00000000		2.11688		2.73948
	5670.00000000		2.00425		2.82151
	5675.00000000		2.18452		2.92547
	5680.00000000		2.02599		2.97489
	5685.00000000		2.07603		2.97042
	5690.00000000		2.10339		2.98371
	5695.00000000		2.03763		2.95694
	5700.00000000		2.13396		2.89576
	5705.00000000		2.08316		2.85839
	5710.00000000		2.02808		2.87085
	5715.00000000		2.09936		2.91749
	5720.00000000		2.01775		2.98105
	5725.00000000		2.13079		3.08716
	5730.00000000		2.05054		-3.13313
	5735.00000000		2.05422		-3.07575
	5740.00000000		2.14084		-3.09933
	5745.00000000		1.98500		3.08636
	5750.00000000		2.15642		3.02122
	5755.00000000		2.01903		3.07413
	5760.00000000		2.12822		3.09767
	5765.00000000		2.10352		3.06476
	5770.00000000		2.00781		2.99842
	5775.00000000		2.23270		3.05385
	5780.00000000		1.92081		3.09658
	5785.00000000		2.21879		3.06835
	5790.00000000		2.15149		2.95850
	5795.00000000		1.96110		2.92241
	5800.00000000		2.29081		3.00061
	5805.00000000		1.98014		3.05317
	5810.00000000		2.10880		2.96508
	5815.00000000		2.23297		2.90606
	5820.00000000		1.92868		2.96256
	5825.00000000		2.20390		3.08856
	5830.00000000		2.08772		-3.11229
	5835.00000000		1.99766		-3.10466
	5840.00000000		2.25333		-3.10753
	5845.00000000		1.96347		-3.11331
	5850.00000000		2.19730		-3.07769
	5855.00000000		2.10683		-3.06240
	5860.00000000		2.02634		-3.06909
	5865.00000000		2.15932		-3.02138
	5870.00000000		1.99324		-2.91646
	5875.00000000		2.13004		-2.84366
	5880.00000000		2.02481		-2.83457
	5885.00000000		2.10289		-2.86904
	5890.00000000		2.11040		-2.91065
	5895.00000000		1.98649		-2.92711
	5900.00000000		2.21631		-2.96453
	5905.00000000		1.94550		-2.98940
	5910.00000000		2.17377		-2.97094
	5915.00000000		2.05414		-2.96750
	5920.00000000		2.06591		-3.02337
	5925.00000000		2.14871		-3.08312
	5930.00000000		1.92141		3.08109
	5935.00000000		2.19849		3.02612
	5940.00000000		2.10341		3.07998
	5945.00000000		1.96864		-3.13306
	5950.00000000		2.21050		-3.11435
	5955.00000000		2.08802		3.09682
	5960.00000000		2.01245		3.06648
	5965.00000000		2.24060		3.11057
	5970.00000000		2.00762		-3.07023
	5975.00000000		2.12364		-2.91488
	5980.00000000		2.14509		-2.88248
	5985.00000000		2.01370		-2.84402
	5990.00000000		2.14190		-2.79200
	5995.00000000		2.02091		-2.75094
	6000.00000000		2.09094		-2.76503
	6005.00000000		2.04964		-2.72259
	6010.00000000		2.06148		-2.59567
	6015.00000000		2.14854		-2.47291
	6020.00000000		2.00622		-2.47269
	6025.00000000		2.14167		-2.56796
	6030.00000000		2.00819		-2.67272
	6035.00000000		2.17623		-2.63915
	6040.00000000		2.04625		-2.59867
	6045.00000000		2.10733		-2.59303
	6050.00000000		2.17873		-2.67287
	6055.00000000		1.99394		-2.74167
	6060.00000000		2.24485		-2.80208
	6065.00000000		1.91880		-2.80416
	6070.00000000		2.20490		-2.81834
	6075.00000000		2.15718		-2.84294
	6080.00000000		1.95344		-2.85577
	6085.00000000		2.24664		-2.86754
	6090.00000000		1.92970		-2.86198
	6095.00000000		2.15865		-2.87449
	6100.00000000		2.14199		-2.87972
	6105.00000000		1.99282		-2.84441
	6110.00000000		2.24096		-2.78158
	6115.00000000		1.97360		-2.73984
	6120.00000000		2.14944		-2.80021
	6125.00000000		2.17855		-2.87815
	6130.00000000		1.93111		-2.91366
	6135.00000000		2.22794		-2.87477
	6140.00000000		2.03524		-2.85945
	6145.00000000		2.00355		-2.89576
	6150.00000000		2.21333		-2.88947
	6155.00000000		2.01281		-2.77094
	6160.00000000		2.09840		-2.61445
	6165.00000000		2.14969		-2.57629
	6170.00000000		1.98339		-2.70863
	6175.00000000		2.16795		-2.89905
	6180.00000000		2.05822		-2.93213
	6185.00000000		1.98797		-2.90953
	6190.00000000		2.17281		-2.94192
	6195.00000000		1.96023		-3.12244
	6200.00000000		2.14970		3.08870
	6205.00000000		2.17549		-3.05505
	6210.00000000		1.97488		-2.84843
	6215.00000000		2.15499		-2.86391
	6220.00000000		2.06083		-2.96192
	6225.00000000		2.04101		-3.05406
	6230.00000000		2.13831		-2.98460
	6235.00000000		1.98376		-2.82192
	6240.00000000		2.13511		-2.69897
	6245.00000000		2.12098		-2.70666
	6250.00000000		2.02418		-2.76033
	6255.00000000		2.15758		-2.78386
	6260.00000000		2.02764		-2.89232
	6265.00000000		2.04585		-3.10734
	6270.00000000		2.13031		3.05685
	6275.00000000		2.02985		3.13873
	6280.00000000		2.08141		-2.97489
	6285.00000000		2.05957		-2.92388
	6290.00000000		2.04391		-2.92859
	6295.00000000		2.16928		-2.94429
	6300.00000000		2.06163		-2.98266
	6305.00000000		2.00136		-3.04878
	6310.00000000		2.12122		-3.06889
	6315.00000000		2.01706		-2.99939
	6320.00000000		2.03959		-2.86707
	6325.00000000		2.18700		-2.80958
	6330.00000000		2.06097		-2.84949
	6335.00000000		2.01937		-2.92131
	6340.00000000		2.18284		-2.93212
	6345.00000000		2.05050		-2.82666
	6350.00000000		1.99129		-2.71045
	6355.00000000		2.19097		-2.68293
	6360.00000000		2.01155		-2.68311
	6365.00000000		2.10323		-2.60609
	6370.00000000		2.11241		-2.53891
	6375.00000000		2.00173		-2.53737
	6380.00000000		2.15248		-2.60018
	6385.00000000		2.01184		-2.60494
	6390.00000000		2.09127		-2.49151
	6395.00000000		2.07880		-2.45771
	6400.00000000		2.03150		-2.42343
	6405.00000000		2.12619		-2.44171
	6410.00000000		2.00208		-2.46771
	6415.00000000		2.08849		-2.50727
	6420.00000000		2.05311		-2.55640
	6425.00000000		2.02221		-2.61007
	6430.00000000		2.16887		-2.62601
	6435.00000000		2.02535		-2.59800
	6440.00000000		2.05634		-2.60089
	6445.00000000		2.16154		-2.61799
	6450.00000000		2.01620		-2.64851
	6455.00000000		2.04820		-2.55658
	6460.00000000		2.12057		-2.38439
	6465.00000000		2.01570		-2.21966
	6470.00000000		2.11054		-2.25916
	6475.00000000		2.08650		-2.45086
	6480.00000000		2.02786		-2.51165
	6485.00000000		2.09407		-2.44760
	6490.00000000		2.02288		-2.30848
	6495.00000000		2.10140		-2.26991
	6500.00000000		2.06006		-2.29470
	6505.00000000		2.08284		-2.22603
	6510.00000000		2.08652		-2.05109
	6515.00000000		2.07537		-1.98527
	6520.00000000		2.07864		-2.08017
	6525.00000000		2.05924		-2.19857
	6530.00000000		2.08122		-2.15199
	6535.00000000		2.04815		-2.06109
	6540.00000000		2.06828		-2.05402
	6545.00000000		2.06269		-2.10135
	6550.00000000		2.06091		-2.14351
	6555.00000000		2.07067		-2.13464
	6560.00000000		2.05808		-2.17191
	6565.00000000		2.06281		-2.22514
	6570.00000000		2.06058		-2.28108
	6575.00000000		2.06321		-2.20342
	6580.00000000		2.07788		-2.04657
	6585.00000000		2.06075		-1.92583
	6590.00000000		2.07487		-1.88817
	6595.00000000		2.08798		-1.86381
	6600.00000000		2.05297		-1.85479
	6605.00000000		2.06721		-1.90378
	6610.00000000		2.06665		-2.00349
	6615.00000000		2.06269		-2.00481
	6620.00000000		2.07573		-1.94083
	6625.00000000		2.05347		-1.92816
	6630.00000000		2.09199		-2.02651
	6635.00000000		2.06773		-2.13480
	6640.00000000		2.08028		-2.03371
	6645.00000000		2.07310		-1.93508
	6650.00000000		2.04830		-2.04438
	6655.00000000		2.09318		-2.15232
	6660.00000000		2.02241		-2.02846
	6665.00000000		2.14445		-1.80952
	6670.00000000		2.00850		-1.69081
	6675.00000000		2.13061		-1.82228
	6680.00000000		2.07498		-1.94861
	6685.00000000		2.03364		-1.89899
	6690.00000000		2.15419		-1.69312
	6695.00000000		1.99123		-1.54892
	6700.00000000		2.17301		-1.53984
	6705.00000000		1.98985		-1.58586
	6710.00000000		2.15358		-1.63497
	6715.00000000		2.01244		-1.63477
	6720.00000000		2.12180		-1.58026
	6725.00000000		2.07575		-1.49491
	6730.00000000		2.05759		-1.38943
	6735.00000000		2.16482		-1.28938
	6740.00000000		1.94662		-1.24574
	6745.00000000		2.19051		-1.22992
	6750.00000000		1.96955		-1.20230
	6755.00000000		2.18484		-1.15220
	6760.00000000		2.00779		-1.12020
	6765.00000000		2.10851		-1.09331
	6770.00000000		2.03409		-1.04378
	6775.00000000		2.10391		-0.96024
	6780.00000000		2.11092		-0.91487
	6785.00000000		1.99366		-1.05850
	6790.00000000		2.18831		-1.20738
	6795.00000000		2.00969		-1.24645
	6800.00000000		2.12262		-1.14728
	6805.00000000		2.05702		-0.94245
	6810.00000000		2.06150		-0.85847
	6815.00000000		2.09194		-0.82312
	6820.00000000		2.03601		-0.93890
	6825.00000000		2.11939		-1.02852
	6830.00000000		2.02087		-1.09063
	6835.00000000		2.12594		-1.06304
	6840.00000000		2.03418		-0.98750
	6845.00000000		2.06697		-0.97481
	6850.00000000		2.09849		-0.99990
	6855.00000000		2.02640		-1.04099
	6860.00000000		2.13701		-1.07917
	6865.00000000		2.09814		-1.13735
	6870.00000000		2.02238		-1.13370
	6875.00000000		2.17067		-1.04138
	6880.00000000		1.94814		-0.90621
	6885.00000000		2.20581		-0.86517
	6890.00000000		1.98772		-0.96122
	6895.00000000		2.11688		-1.07948
	6900.00000000		2.10569		-1.14727
	6905.00000000		2.03415		-1.20851
	6910.00000000		2.15722		-1.24491
	6915.00000000		2.02228		-1.21490
	6920.00000000		2.13443		-1.14505
	6925.00000000		2.01864		-1.12296
	6930.00000000		2.12329		-1.23792
	6935.00000000		2.08786		-1.29169
	6940.00000000		2.03807		-1.15458
	6945.00000000		2.15440		-0.96032
	6950.00000000		1.97837		-0.86636
	6955.00000000		2.11195		-0.79976
	6960.00000000		2.03720		-0.82745
	6965.00000000		2.06561		-0.93992
	6970.00000000		2.08530		-1.01897
	6975.00000000		2.04623		-1.06799
	6980.00000000		2.11698		-1.05840
	6985.00000000		2.01864		-1.10750
	6990.00000000		2.12438		-1.12784
	6995.00000000		2.02062		-1.26500
	7000.00000000		2.14006		-1.46197
	7005.00000000		1.98955		-1.54037
	7010.00000000		2.13698		-1.45885
	7015.00000000		2.08294		-1.44259
	7020.00000000		2.04013		-1.47688
	7025.00000000		2.16987		-1.40131
	7030.00000000		2.05149		-1.27585
	7035.00000000		2.06868		-1.18725
	7040.00000000		2.12468		-1.26681
	7045.00000000		2.03271		-1.38162
	7050.00000000		2.14037		-1.44454
	7055.00000000		2.07312		-1.31997
	7060.00000000		2.04410		-1.19597
	7065.00000000		2.15863		-1.24459
	7070.00000000		2.03711		-1.39459
	7075.00000000		2.14063		-1.47009
	7080.00000000		2.07005		-1.43522
	7085.00000000		2.03080		-1.49606
	7090.00000000		2.13499		-1.63000
	7095.00000000		2.01844		-1.69682
	7100.00000000		2.10108		-1.57483
	7105.00000000		2.06545		-1.46617
	7110.00000000		2.02666		-1.39968
	7115.00000000		2.11767		-1.45070
	7120.00000000		2.03814		-1.41408
	7125.00000000		2.06338		-1.33985
	7130.00000000		2.05333		-1.28373
	7135.00000000		2.07530		-1.21739
	7140.00000000		2.06614		-1.18550
	7145.00000000		2.06757		-1.18930
	7150.00000000		2.06861		-1.26916
	7155.00000000		2.05976		-1.35536
	7160.00000000		2.09190		-1.39531
	7165.00000000		2.05730		-1.34603
	7170.00000000		2.07099		-1.30736
	7175.00000000		2.07803		-1.29269
	7180.00000000		2.03490		-1.22347
	7185.00000000		2.07255		-1.17115
	7190.00000000		2.12597		-1.10311
	7195.00000000		2.03143		-1.00251
	7200.00000000		2.04127		-0.98772
	7205.00000000		2.06280		-0.98249
	7210.00000000		1.96333		-0.88822
	7215.00000000		2.14346		-0.72186
	7220.00000000		1.94859		-0.68233
	7225.00000000		2.14731		-0.77133
	7230.00000000		1.99280		-0.86037
	7235.00000000		2.06562		-0.83697
	7240.00000000		2.14692		-0.76982
	7245.00000000		1.93176		-0.75834
	7250.00000000		2.15512		-0.81161
	7255.00000000		1.98792		-0.80188
	7260.00000000		2.09514		-0.67402
	7265.00000000		2.07303		-0.56175
	7270.00000000		2.00344		-0.59406
	7275.00000000		2.08761		-0.75627
	7280.00000000		2.03814		-0.94345
	7285.00000000		2.06212		-1.01721
	7290.00000000		2.09127		-0.89165
	7295.00000000		2.00882		-0.78150
	7300.00000000		2.08007		-0.75155
	7305.00000000		2.05787		-0.86708
	7310.00000000		2.01847		-0.97117
	7315.00000000		2.12170		-0.93166
	7320.00000000		2.02866		-0.82531
	7325.00000000		2.06470		-0.83044
	7330.00000000		2.09818		-0.97627
	7335.00000000		2.02426		-1.11094
	7340.00000000		2.05470		-1.19354
	7345.00000000		2.08881		-1.20784
	7350.00000000		2.02408		-1.20794
	7355.00000000		2.04734		-1.22746
	7360.00000000		2.12096		-1.25388
	7365.00000000		2.04939		-1.28980
	7370.00000000		2.06981		-1.32194
	7375.00000000		2.09648		-1.31793
	7380.00000000		2.08049		-1.33508
	7385.00000000		1.99664		-1.40404
	7390.00000000		2.17088		-1.48786
	7395.00000000		2.06420		-1.57075
	7400.00000000		2.05145		-1.57018
	7405.00000000		2.14864		-1.51462
	7410.00000000		1.99810		-1.41214
	7415.00000000		2.09401		-1.38385
	7420.00000000		2.14006		-1.46213
	7425.00000000		2.01029		-1.52650
	7430.00000000		2.12215		-1.51936
	7435.00000000		2.12987		-1.45103
	7440.00000000		1.98497		-1.41557
	7445.00000000		2.14454		-1.47034
	7450.00000000		2.15670		-1.62329
	7455.00000000		2.01119		-1.74618
	7460.00000000		2.15723		-1.72129
	7465.00000000		1.96398		-1.69343
	7470.00000000		2.19290		-1.73017
	7475.00000000		1.98213		-1.74913
	7480.00000000		2.13675		-1.65159
	7485.00000000		2.12164		-1.52845
	7490.00000000		1.98160		-1.46742
	7495.00000000		2.12432		-1.46950
	7500.00000000		2.10261		-1.48901
	7505.00000000		1.99798		-1.56993
	7510.00000000		2.17555		-1.65823
	7515.00000000		2.04063		-1.76046
	7520.00000000		2.06545		-1.71806
	7525.00000000		2.14579		-1.56481
	7530.00000000		2.05042		-1.46700
	7535.00000000		2.10238		-1.44534
	7540.00000000		2.18360		-1.48080
	7545.00000000		2.06473		-1.51517
	7550.00000000		2.07281		-1.55046
	7555.00000000		2.13273		-1.61282
	7560.00000000		1.99632		-1.71281
	7565.00000000		2.10770		-1.74742
	7570.00000000		2.07578		-1.60994
	7575.00000000		2.03601		-1.46449
	7580.00000000		2.16694		-1.42756
	7585.00000000		2.12180		-1.44228
	7590.00000000		2.02739		-1.53583
	7595.00000000		2.13941		-1.64946
	7600.00000000		2.13047		-1.58867
	7605.00000000		2.01835		-1.41458
	7610.00000000		2.12850		-1.20485
	7615.00000000		2.17121		-1.11937
	7620.00000000		2.01523		-1.19006
	7625.00000000		2.05773		-1.21157
	7630.00000000		2.18556		-1.18707
	7635.00000000		2.08563		-1.10622
	7640.00000000		2.01126		-1.10489
	7645.00000000		2.09791		-1.16492
	7650.00000000		2.10484		-1.26959
	7655.00000000		2.05373		-1.31592
	7660.00000000		2.05294		-1.23406
	7665.00000000		2.11250		-1.07541
	7670.00000000		2.04697		-0.94639
	7675.00000000		2.02657		-0.94290
	7680.00000000		2.09278		-0.99836
	7685.00000000		2.09585		-0.97520
	7690.00000000		2.02549		-0.89132
	7695.00000000		2.02829		-0.88271
	7700.00000000		2.08811		-0.95428
	7705.00000000		2.09222		-0.96193
	7710.00000000		2.07996		-0.78946
	7715.00000000		2.06069		-0.60244
	7720.00000000		2.01338		-0.52915
	7725.00000000		2.08511		-0.70557
	7730.00000000		2.08004		-0.92889
	7735.00000000		2.06402		-1.00090
	7740.00000000		2.05547		-0.88259
	7745.00000000		2.07471		-0.76225
	7750.00000000		2.04538		-0.82236
	7755.00000000		2.09307		-0.96171
	7760.00000000		2.08693		-1.04770
	7765.00000000		2.04468		-1.05856
	7770.00000000		2.06508		-1.00930
	7775.00000000		2.09653		-0.92834
	7780.00000000		2.07449		-0.76957
	7785.00000000		2.05247		-0.60526
	7790.00000000		2.03131		-0.56869
	7795.00000000		2.08212		-0.64301
	7800.00000000		2.01810		-0.71549
	7805.00000000		2.11351		-0.71079
	7810.00000000		2.04066		-0.68931
	7815.00000000		2.04851		-0.78813
	7820.00000000		2.14189		-0.85390
	7825.00000000		2.03606		-0.87586
	7830.00000000		2.02748		-0.84348
	7835.00000000		2.13821		-0.86011
	7840.00000000		2.08125		-0.91840
	7845.00000000		2.04047		-0.97701
	7850.00000000		2.11163		-1.02478
	7855.00000000		2.08483		-1.07201
	7860.00000000		1.99757		-1.03826
	7865.00000000		2.13025		-0.92290
	7870.00000000		2.23536		-0.80675
	7875.00000000		1.98039		-0.74279
	7880.00000000		2.04811		-0.80830
	7885.00000000		2.24919		-0.81848
	7890.00000000		2.10902		-0.83572
	7895.00000000		1.98889		-0.75116
	7900.00000000		2.16051		-0.70278
	7905.00000000		2.12327		-0.65303
	7910.00000000		1.96506		-0.62950
	7915.00000000		2.19822		-0.58351
	7920.00000000		2.00022		-0.46937
	7925.00000000		2.08396		-0.46366
	7930.00000000		2.14592		-0.61184
	7935.00000000		1.97792		-0.71781
	7940.00000000		2.10695		-0.70554
	7945.00000000		2.13121		-0.65639
	7950.00000000		1.95926		-0.60773
	7955.00000000		2.17166		-0.69309
	7960.00000000		2.14117		-0.86333
	7965.00000000		2.03244		-1.01005
	7970.00000000		2.13224		-0.97024
	7975.00000000		2.19014		-0.88580
	7980.00000000		2.05829		-0.82448
	7985.00000000		2.03800		-0.94789
	7990.00000000		2.16962		-1.11395
	7995.00000000		2.23484		-1.19159
	8000.00000000		2.07480		-1.20549
	8005.00000000		2.06168		-1.21593
	8010.00000000		2.15617		-1.31849
	8015.00000000		2.20035		-1.47341
	8020.00000000		2.12462		-1.55283
	8025.00000000		1.98101		-1.56764
	8030.00000000		2.10906		-1.60813
	8035.00000000		2.16733		-1.56873
	8040.00000000		1.98011		-1.52896
	8045.00000000		2.12896		-1.47454
	8050.00000000		2.21321		-1.47478
	8055.00000000		2.02729		-1.52037
	8060.00000000		2.01205		-1.52211
	8065.00000000		2.23438		-1.49250
	8070.00000000		2.17187		-1.41858
	8075.00000000		1.98766		-1.45079
	8080.00000000		2.08085		-1.49217
	8085.00000000		2.21705		-1.49665
	8090.00000000		2.11334		-1.45269
	8095.00000000		1.96532		-1.45768
	8100.00000000		2.19165		-1.56295
	8105.00000000		2.20666		-1.68046
	8110.00000000		1.91405		-1.72880
	8115.00000000		2.21540		-1.71196
	8120.00000000		2.10109		-1.64866
	8125.00000000		1.98885		-1.60618
	8130.00000000		2.20538		-1.61889
	8135.00000000		2.12574		-1.58297
	8140.00000000		1.94383		-1.56951
	8145.00000000		2.20945		-1.62796
	8150.00000000		2.09576		-1.68350
	8155.00000000		1.96602		-1.62673
	8160.00000000		2.17729		-1.51102
	8165.00000000		2.17877		-1.41424
	8170.00000000		2.01133		-1.36363
	8175.00000000		2.01739		-1.35582
	8180.00000000		2.17886		-1.34861
	8185.00000000		2.19461		-1.35471
	8190.00000000		2.01901		-1.37696
	8195.00000000		2.01407		-1.41353
	8200.00000000		2.32700		-1.28951
	8205.00000000		2.15416		-1.16135
	8210.00000000		1.91361		-0.98995
	8215.00000000		2.21222		-0.95901
	8220.00000000		2.20284		-0.93906
	8225.00000000		1.93936		-0.87702
	8230.00000000		2.15527		-0.73754
	8235.00000000		2.20567		-0.70530
	8240.00000000		1.86704		-0.78514
	8245.00000000		2.24091		-0.83798
	8250.00000000		2.27653		-0.77246
	8255.00000000		1.92257		-0.67761
	8260.00000000		2.11467		-0.69932
	8265.00000000		2.25082		-0.80843
	8270.00000000		1.93389		-0.89145
	8275.00000000		2.08453		-0.83577
	8280.00000000		2.25927		-0.77905
	8285.00000000		1.95723		-0.80333
	8290.00000000		2.06913		-0.88594
	8295.00000000		2.31419		-0.93844
	8300.00000000		2.07531		-0.97167
	8305.00000000		1.94936		-0.93536
	8310.00000000		2.11001		-0.93122
	8315.00000000		2.19191		-0.95620
	8320.00000000		2.03304		-0.94883
	8325.00000000		1.99683		-0.88485
	8330.00000000		2.20596		-0.83505
	8335.00000000		2.13649		-0.91312
	8340.00000000		2.00208		-0.98262
	8345.00000000		2.02596		-0.95339
	8350.00000000		2.10787		-0.79522
	8355.00000000		2.09119		-0.65747
	8360.00000000		1.98568		-0.68454
	8365.00000000		2.07492		-0.78816
	8370.00000000		2.17535		-0.87024
	8375.00000000		2.11846		-0.84114
	8380.00000000		1.94133		-0.79579
	8385.00000000		2.05662		-0.66899
	8390.00000000		2.12219		-0.60450
	8395.00000000		1.98751		-0.52114
	8400.00000000		2.10292		-0.51740
	8405.00000000		2.05342		-0.50403
	8410.00000000		1.98666		-0.55825
	8415.00000000		2.17303		-0.64576
	8420.00000000		2.05742		-0.68509
	8425.00000000		1.98094		-0.66040
	8430.00000000		2.07380		-0.54384
	8435.00000000		2.01846		-0.53745
	8440.00000000		2.03238		-0.57390
	8445.00000000		2.08849		-0.58898
	8450.00000000		1.97522		-0.52064
	8455.00000000		2.05514		-0.45853
	8460.00000000		2.07223		-0.49466
	8465.00000000		1.99108		-0.55197
	8470.00000000		2.06311		-0.51693
	8475.00000000		2.01784		-0.41947
	8480.00000000		2.02442		-0.41029
	8485.00000000		2.15505		-0.53322
	8490.00000000		1.94133		-0.56363
	8495.00000000		2.06697		-0.51023
	8500.00000000		2.04497		-0.51816
	8505.00000000		1.98899		-0.52046
	8510.00000000		2.18869		-0.51860
	8515.00000000		2.10123		-0.50584
	8520.00000000		1.98773		-0.49005
	8525.00000000		2.06747		-0.51076
	8530.00000000		1.99756		-0.54581
	8535.00000000		2.07640		-0.50777
	8540.00000000		2.11360		-0.36428
	8545.00000000		2.01241		-0.26773
	8550.00000000		2.09612		-0.32355
	8555.00000000		2.02634		-0.42701
	8560.00000000		2.04017		-0.54670
	8565.00000000		2.10671		-0.61827
	8570.00000000		2.01149		-0.67868
	8575.00000000		2.00369		-0.73618
	8580.00000000		2.12199		-0.75564
	8585.00000000		2.09548		-0.80927
	8590.00000000		1.95974		-0.76091
	8595.00000000		2.03056		-0.64639
	8600.00000000		2.17865		-0.54088
	8605.00000000		2.13237		-0.55501
	8610.00000000		1.91506		-0.58363
	8615.00000000		2.15490		-0.52316
	8620.00000000		2.22336		-0.44688
	8625.00000000		1.88937		-0.42012
	8630.00000000		2.18436		-0.47601
	8635.00000000		2.15845		-0.47580
	8640.00000000		1.93921		-0.45295
	8645.00000000		2.17029		-0.40866
	8650.00000000		2.11258		-0.42500
	8655.00000000		1.95926		-0.41273
	8660.00000000		2.11900		-0.42476
	8665.00000000		2.10889		-0.46488
	8670.00000000		2.01958		-0.44140
	8675.00000000		2.01643		-0.37590
	8680.00000000		2.14789		-0.33387
	8685.00000000		2.07181		-0.34935
	8690.00000000		2.00427		-0.29764
	8695.00000000		2.14519		-0.22597
	8700.00000000		2.03207		-0.14935
	8705.00000000		2.03291		-0.10462
	8710.00000000		2.12865		-0.09337
	8715.00000000		2.04129		-0.14287
	8720.00000000		2.07669		-0.21216
	8725.00000000		2.09375		-0.21689
	8730.00000000		2.01855		-0.23775
	8735.00000000		2.11931		-0.30762
	8740.00000000		2.12942		-0.45271
	8745.00000000		1.97120		-0.51873
	8750.00000000		2.09321		-0.43838
	8755.00000000		2.19712		-0.36051
	8760.00000000		2.04186		-0.33120
	8765.00000000		2.04523		-0.28669
	8770.00000000		2.15791		-0.22495
	8775.00000000		2.07817		-0.20963
	8780.00000000		2.00307		-0.13101
	8785.00000000		2.15962		-0.10842
	8790.00000000		2.06555		-0.11545
	8795.00000000		1.98470		-0.15169
	8800.00000000		2.21940		-0.17702
	8805.00000000		2.14314		-0.12075
	8810.00000000		1.97521		-0.01517
	8815.00000000		2.14542		-0.07224
	8820.00000000		2.19443		-0.23963
	8825.00000000		2.00637		-0.31873
	8830.00000000		2.04773		-0.15553
	8835.00000000		2.11507		-0.02357
	8840.00000000		2.00301		-0.05008
	8845.00000000		2.13705		-0.14038
	8850.00000000		2.18292		-0.14869
	8855.00000000		1.94359		-0.00465
	8860.00000000		2.15760		0.09119
	8865.00000000		2.14603		-0.02189
	8870.00000000		1.91854		-0.16169
	8875.00000000		2.08511		-0.06605
	8880.00000000		2.13980		0.12668
	8885.00000000		1.91615		0.08487
	8890.00000000		2.17802		-0.06657
	8895.00000000		2.16475		-0.08369
	8900.00000000		1.93196		0.05944
	8905.00000000		2.12379		0.09515
	8910.00000000		2.08482		0.04661
	8915.00000000		1.97346		0.00107
	8920.00000000		2.09633		0.04835
	8925.00000000		2.04682		0.07491
	8930.00000000		1.97705		0.01777
	8935.00000000		2.12903		-0.01011
	8940.00000000		2.17801		-0.02731
	8945.00000000		1.99802		0.05857
	8950.00000000		1.99898		0.07562
	8955.00000000		2.05865		-0.00078
	8960.00000000		2.00583		-0.06515
	8965.00000000		2.08634		0.12229
	8970.00000000		2.05661		0.19505
	8975.00000000		1.95547		0.11376
	8980.00000000		2.09490		0.00867
	8985.00000000		2.12501		0.08330
	8990.00000000		2.02217		0.28635
	8995.00000000		1.94864		0.33834
	9000.00000000		2.11774		0.21773
	9005.00000000		2.09638		0.10984
	9010.00000000		1.93523		0.20172
	9015.00000000		2.09399		0.34055
	9020.00000000		2.13311		0.25121
	9025.00000000		2.02792		0.01741
	9030.00000000		1.98585		-0.04389
	9035.00000000		2.10018		0.11756
	9040.00000000		2.14700		0.29521
	9045.00000000		2.06857		0.18287
	9050.00000000		2.01817		-0.03515
	9055.00000000		2.08877		-0.07900
	9060.00000000		2.02251		0.01763
	9065.00000000		2.01363		0.04613
	9070.00000000		2.09928		-0.02030
	9075.00000000		2.08810		0.02055
	9080.00000000		2.02052		0.10750
	9085.00000000		1.97338		0.15071
	9090.00000000		2.07693		0.11431
	9095.00000000		2.06649		0.05968
	9100.00000000		1.95094		0.04392
	9105.00000000		2.03844		0.12175
	9110.00000000		2.06628		0.11116
	9115.00000000		1.97423		0.08288
	9120.00000000		2.04732		0.11407
	9125.00000000		2.09493		0.12543
	9130.00000000		1.98595		0.04099
	9135.00000000		1.98878		-0.08760
	9140.00000000		2.10477		-0.00259
	9145.00000000		2.20755		0.17844
	9150.00000000		2.15630		0.24037
	9155.00000000		1.98190		0.22907
	9160.00000000		1.99259		0.21101
	9165.00000000		2.26985		0.18742
	9170.00000000		2.27436		0.14725
	9175.00000000		1.98838		0.09420
	9180.00000000		1.99098		0.10820
	9185.00000000		2.15535		0.18004
	9190.00000000		2.25252		0.20998
	9195.00000000		2.25143		0.17673
	9200.00000000		2.15467		0.02918
	9205.00000000		2.03103		-0.07903
	9210.00000000		1.96533		-0.11895
	9215.00000000		2.03547		-0.05518
	9220.00000000		2.16039		0.12990
	9225.00000000		2.25571		0.21290
	9230.00000000		2.23727		0.14247
	9235.00000000		2.12222		0.04651
	9240.00000000		1.91799		0.01643
	9245.00000000		2.04293		0.12582
	9250.00000000		2.16867		0.13758
	9255.00000000		2.22375		-0.09103
	9260.00000000		2.08496		-0.25008
	9265.00000000		1.94806		-0.14554
	9270.00000000		2.06442		0.03958
	9275.00000000		2.06914		0.14221
	9280.00000000		1.89580		0.20012
	9285.00000000		2.06610		0.28037
	9290.00000000		2.19513		0.25613
	9295.00000000		2.24127		0.18357
	9300.00000000		2.22240		0.08088
	9305.00000000		2.07816		0.04961
	9310.00000000		1.88891		0.09635
	9315.00000000		2.14658		0.09306
	9320.00000000		2.28393		-0.14728
	9325.00000000		2.19578		-0.27210
	9330.00000000		1.99021		-0.21208
	9335.00000000		1.98844		0.00115
	9340.00000000		2.17193		0.07974
	9345.00000000		2.21713		-0.05765
	9350.00000000		2.16510		-0.13724
	9355.00000000		2.01512		-0.07502
	9360.00000000		1.94029		0.04917
	9365.00000000		2.17764		0.00164
	9370.00000000		2.36706		-0.15785
	9375.00000000		2.09884		-0.24322
	9380.00000000		1.89812		-0.17611
	9385.00000000		2.07622		-0.15708
	9390.00000000		2.20605		-0.31118
	9395.00000000		2.12506		-0.39188
	9400.00000000		1.96759		-0.27096
	9405.00000000		2.02070		-0.14589
	9410.00000000		2.05697		-0.18310
	9415.00000000		2.01688		-0.30394
	9420.00000000		2.00350		-0.40166
	9425.00000000		2.08806		-0.32353
	9430.00000000		2.07814		-0.34211
	9435.00000000		2.00741		-0.45727
	9440.00000000		2.03635		-0.50338
	9445.00000000		2.08293		-0.39585
	9450.00000000		2.04682		-0.30438
	9455.00000000		1.97546		-0.32533
	9460.00000000		2.07781		-0.48734
	9465.00000000		2.21466		-0.57658
	9470.00000000		2.16166		-0.46040
	9475.00000000		2.03516		-0.33758
	9480.00000000		1.98323		-0.30518
	9485.00000000		2.10036		-0.43947
	9490.00000000		2.17146		-0.50967
	9495.00000000		2.08832		-0.52424
	9500.00000000		1.91325		-0.53634
	9505.00000000		2.15244		-0.54058
	9510.00000000		2.35191		-0.47068
	9515.00000000		2.08785		-0.33815
	9520.00000000		1.93815		-0.32702
	9525.00000000		2.23014		-0.36546
	9530.00000000		2.27356		-0.44502
	9535.00000000		1.91072		-0.41315
	9540.00000000		2.06641		-0.36270
	9545.00000000		2.29980		-0.38343
	9550.00000000		2.21406		-0.47669
	9555.00000000		2.05609		-0.55020
	9560.00000000		1.98069		-0.52293
	9565.00000000		2.02188		-0.54537
	9570.00000000		2.17464		-0.65437
	9575.00000000		2.24016		-0.72089
	9580.00000000		2.13855		-0.74831
	9585.00000000		2.01324		-0.77589
	9590.00000000		1.96053		-0.81171
	9595.00000000		2.11680		-0.81245
	9600.00000000		2.37389		-0.75768
	9605.00000000		2.18892		-0.70414
	9610.00000000		1.91610		-0.67509
	9615.00000000		2.03430		-0.70413
	9620.00000000		2.19344		-0.74201
	9625.00000000		2.31461		-0.71349
	9630.00000000		2.18439		-0.67369
	9635.00000000		1.98338		-0.57398
	9640.00000000		1.98042		-0.50549
	9645.00000000		2.17363		-0.55866
	9650.00000000		2.36611		-0.63198
	9655.00000000		2.19567		-0.59782
	9660.00000000		2.01552		-0.52323
	9665.00000000		1.95801		-0.55788
	9670.00000000		2.11518		-0.62860
	9675.00000000		2.12066		-0.60649
	9680.00000000		2.07937		-0.54715
	9685.00000000		1.98258		-0.46168
	9690.00000000		1.97930		-0.44909
	9695.00000000		2.04895		-0.51175
	9700.00000000		2.07923		-0.59273
	9705.00000000		2.02487		-0.56889
	9710.00000000		1.95073		-0.45694
	9715.00000000		2.05569		-0.39564
	9720.00000000		2.20885		-0.44390
	9725.00000000		2.33304		-0.52782
	9730.00000000		2.11625		-0.51169
	9735.00000000		1.85323		-0.47440
	9740.00000000		2.20772		-0.49083
	9745.00000000		2.38510		-0.52094
	9750.00000000		2.07286		-0.55082
	9755.00000000		1.88064		-0.48295
	9760.00000000		2.29022		-0.42082
	9765.00000000		2.34376		-0.49987
	9770.00000000		1.94907		-0.63163
	9775.00000000		1.99220		-0.64867
	9780.00000000		2.12291		-0.58523
	9785.00000000		2.07396		-0.51662
	9790.00000000		1.89654		-0.50301
	9795.00000000		2.10796		-0.62629
	9800.00000000		2.29812		-0.66266
	9805.00000000		2.26645		-0.62287
	9810.00000000		2.02774		-0.58348
	9815.00000000		1.91222		-0.52627
	9820.00000000		2.10613		-0.47881
	9825.00000000		2.33195		-0.47208
	9830.00000000		2.20770		-0.50312
	9835.00000000		1.88558		-0.52258
	9840.00000000		2.02272		-0.49565
	9845.00000000		2.04200		-0.50544
	9850.00000000		1.92011		-0.51272
	9855.00000000		1.99036		-0.55765
	9860.00000000		2.10350		-0.54726
	9865.00000000		2.18522		-0.48351
	9870.00000000		2.29240		-0.40021
	9875.00000000		2.25934		-0.43299
	9880.00000000		2.20932		-0.51333
	9885.00000000		2.17398		-0.45981
	9890.00000000		2.19651		-0.33764
	9895.00000000		2.21679		-0.26299
	9900.00000000		2.06577		-0.33035
	9905.00000000		1.95680		-0.36019
	9910.00000000		2.03546		-0.33304
	9915.00000000		2.27516		-0.21356
	9920.00000000		2.30869		-0.17751
	9925.00000000		2.00135		-0.21372
	9930.00000000		1.94964		-0.09601
	9935.00000000		2.14820		0.04279
	9940.00000000		2.39028		0.06587
	9945.00000000		2.25397		-0.05289
	9950.00000000		2.03710		-0.18940
	9955.00000000		1.94433		-0.22369
	9960.00000000		2.00805		-0.17227
	9965.00000000		1.98731		-0.20784
	9970.00000000		1.95692		-0.32954
	9975.00000000		2.01762		-0.41517
	9980.00000000		2.07978		-0.38037
	9985.00000000		2.09920		-0.33662
	9990.00000000		2.03765		-0.32628
	9995.00000000		1.92315		-0.37424
	10000.00000000		2.05865		-0.42355
