	0.00000000		8.20185		-0.30957
	5.00000000		8.23157		-0.30702
	10.00000000		8.18191		-0.26491
	15.00000000		8.11148		-0.23172
	20.00000000		8.10111		-0.23102
	25.00000000		8.13046		-0.29367
	30.00000000		8.19776		-0.38146
	35.00000000		8.15681		-0.39649
	40.00000000		8.04132		-0.34706
	45.00000000		7.98253		-0.30332
	50.00000000		7.98461		-0.33947
	55.00000000		7.96100		-0.36373
	60.00000000		7.89146		-0.35882
	65.00000000		7.86910		-0.33306
	70.00000000		7.98292		-0.34905
	75.00000000		8.34280		-0.40262
	80.00000000		8.52000		-0.42718
	85.00000000		8.40104		-0.40965
	90.00000000		8.36276		-0.38653
	95.00000000		8.54796		-0.40354
	100.00000000		8.91911		-0.44495
	105.00000000		9.03756		-0.45390
	110.00000000		8.78250		-0.40880
	115.00000000		8.49674		-0.35543
	120.00000000		8.54989		-0.33405
	125.00000000		8.78883		-0.33800
	130.00000000		8.77016		-0.34510
	135.00000000		8.52753		-0.31089
	140.00000000		8.19209		-0.26316
	145.00000000		8.05788		-0.24375
	150.00000000		8.35784		-0.25545
	155.00000000		8.78567		-0.30048
	160.00000000		8.94184		-0.30539
	165.00000000		8.76380		-0.30175
	170.00000000		8.69602		-0.31002
	175.00000000		8.81725		-0.33631
	180.00000000		9.04982		-0.36595
	185.00000000		9.03898		-0.36724
	190.00000000		8.79270		-0.34961
	195.00000000		8.62819		-0.32894
	200.00000000		8.78185		-0.34509
	205.00000000		8.97301		-0.34924
	210.00000000		8.94377		-0.35743
	215.00000000		8.69068		-0.33142
	220.00000000		8.49737		-0.35500
	225.00000000		8.69297		-0.36176
	230.00000000		8.97308		-0.36470
	235.00000000		9.03146		-0.31629
	240.00000000		8.79572		-0.25796
	245.00000000		8.46738		-0.23973
	250.00000000		8.47394		-0.26464
	255.00000000		8.69043		-0.31647
	260.00000000		8.87556		-0.30061
	265.00000000		8.85776		-0.26487
	270.00000000		8.66985		-0.24702
	275.00000000		8.31111		-0.29497
	280.00000000		8.17005		-0.37502
	285.00000000		8.39026		-0.41937
	290.00000000		8.60340		-0.39618
	295.00000000		8.64056		-0.37614
	300.00000000		8.43677		-0.35759
	305.00000000		8.11370		-0.37227
	310.00000000		8.01082		-0.39255
	315.00000000		8.13475		-0.41124
	320.00000000		8.25770		-0.40982
	325.00000000		8.19608		-0.39320
	330.00000000		8.06330		-0.38629
	335.00000000		7.92030		-0.36546
	340.00000000		7.83202		-0.38676
	345.00000000		7.78499		-0.40027
	350.00000000		7.80710		-0.39431
	355.00000000		7.76854		-0.33414
	360.00000000		7.66337		-0.24734
	365.00000000		7.61230		-0.20131
	370.00000000		7.47069		-0.19869
	375.00000000		7.45044		-0.24572
	380.00000000		7.43415		-0.25415
	385.00000000		7.48260		-0.20221
	390.00000000		7.56134		-0.14470
	395.00000000		7.45070		-0.13885
	400.00000000		7.22179		-0.20278
	405.00000000		7.09906		-0.23815
	410.00000000		7.26704		-0.23007
	415.00000000		7.52873		-0.19381
	420.00000000		7.80355		-0.17410
	425.00000000		7.90713		-0.16205
	430.00000000		7.80329		-0.19319
	435.00000000		7.67598		-0.21336
	440.00000000		7.65223		-0.21939
	445.00000000		7.73815		-0.21495
	450.00000000		7.83426		-0.20544
	455.00000000		7.82140		-0.22852
	460.00000000		7.68933		-0.24216
	465.00000000		7.54017		-0.22344
	470.00000000		7.48259		-0.15318
	475.00000000		7.67123		-0.11450
	480.00000000		7.85979		-0.08831
	485.00000000		7.91777		-0.09856
	490.00000000		7.75779		-0.04240
	495.00000000		7.39515		-0.00670
	500.00000000		7.00022		-0.01017
	505.00000000		6.92754		-0.03246
	510.00000000		7.09986		-0.10685
	515.00000000		7.09755		-0.06986
	520.00000000		7.04072		-0.06017
	525.00000000		6.94819		-0.02795
	530.00000000		7.03415		-0.09038
	535.00000000		7.16867		-0.13739
	540.00000000		7.31165		-0.14188
	545.00000000		7.42603		-0.10793
	550.00000000		7.42303		-0.06751
	555.00000000		7.36139		-0.14980
	560.00000000		7.37687		-0.20834
	565.00000000		7.50891		-0.25465
	570.00000000		7.73468		-0.20955
	575.00000000		7.87596		-0.21134
	580.00000000		7.95071		-0.20680
	585.00000000		7.96916		-0.27249
	590.00000000		8.00922		-0.31792
	595.00000000		8.07845		-0.30145
	600.00000000		8.16069		-0.27115
	605.00000000		8.22211		-0.24846
	610.00000000		8.25986		-0.27421
	615.00000000		8.33203		-0.26097
	620.00000000		8.31791		-0.26110
	625.00000000		8.35247		-0.20601
	630.00000000		8.25728		-0.20075
	635.00000000		8.06498		-0.19687
	640.00000000		7.98445		-0.23366
	645.00000000		8.04335		-0.29702
	650.00000000		8.11780		-0.31912
	655.00000000		8.10186		-0.31967
	660.00000000		8.06071		-0.29424
	665.00000000		7.99893		-0.31730
	670.00000000		7.98978		-0.33834
	675.00000000		8.04101		-0.37389
	680.00000000		8.10549		-0.39471
	685.00000000		8.12816		-0.42327
	690.00000000		8.08355		-0.45703
	695.00000000		7.94598		-0.48068
	700.00000000		7.69289		-0.48400
	705.00000000		7.57755		-0.45949
	710.00000000		7.63735		-0.44012
	715.00000000		7.59091		-0.39188
	720.00000000		7.45986		-0.35978
	725.00000000		7.32507		-0.33424
	730.00000000		7.25842		-0.33323
	735.00000000		7.28766		-0.33417
	740.00000000		7.21722		-0.32310
	745.00000000		7.09115		-0.30511
	750.00000000		6.81602		-0.29773
	755.00000000		6.76951		-0.33135
	760.00000000		6.89337		-0.36217
	765.00000000		6.99649		-0.36594
	770.00000000		6.99286		-0.34059
	775.00000000		6.85544		-0.32545
	780.00000000		6.75904		-0.32409
	785.00000000		6.76722		-0.32729
	790.00000000		7.02427		-0.32383
	795.00000000		7.32262		-0.31786
	800.00000000		7.61048		-0.32678
	805.00000000		7.78685		-0.34459
	810.00000000		7.73038		-0.35703
	815.00000000		7.55639		-0.32606
	820.00000000		7.53635		-0.27358
	825.00000000		7.70514		-0.25215
	830.00000000		7.75578		-0.27077
	835.00000000		7.61804		-0.32702
	840.00000000		7.45883		-0.33240
	845.00000000		7.49968		-0.31502
	850.00000000		7.66850		-0.30374
	855.00000000		7.80427		-0.29876
	860.00000000		7.93543		-0.29683
	865.00000000		8.08051		-0.28388
	870.00000000		8.18866		-0.27670
	875.00000000		8.25503		-0.27913
	880.00000000		8.19268		-0.30218
	885.00000000		8.16438		-0.32438
	890.00000000		8.30801		-0.30780
	895.00000000		8.52511		-0.27656
	900.00000000		8.54982		-0.24995
	905.00000000		8.25752		-0.24538
	910.00000000		8.23086		-0.27763
	915.00000000		8.51887		-0.30112
	920.00000000		8.82810		-0.29587
	925.00000000		8.89320		-0.26144
	930.00000000		8.69076		-0.23104
	935.00000000		8.42722		-0.23872
	940.00000000		8.16980		-0.26414
	945.00000000		8.20633		-0.27768
	950.00000000		8.38250		-0.25091
	955.00000000		8.43407		-0.23384
	960.00000000		8.27737		-0.25839
	965.00000000		8.13667		-0.31031
	970.00000000		8.25710		-0.34208
	975.00000000		8.39518		-0.34067
	980.00000000		8.39252		-0.31820
	985.00000000		8.24667		-0.33234
	990.00000000		8.14380		-0.38333
	995.00000000		8.15516		-0.45042
	1000.00000000		8.28820		-0.44891
	1005.00000000		8.53315		-0.40346
	1010.00000000		8.71398		-0.34798
	1015.00000000		8.91232		-0.30132
	1020.00000000		9.00266		-0.28623
	1025.00000000		8.76867		-0.27911
	1030.00000000		8.45130		-0.29693
	1035.00000000		8.50214		-0.26474
	1040.00000000		8.72823		-0.24420
	1045.00000000		8.97438		-0.21801
	1050.00000000		8.82888		-0.18592
	1055.00000000		8.28582		-0.17021
	1060.00000000		7.92266		-0.18007
	1065.00000000		8.19767		-0.19670
	1070.00000000		8.53145		-0.20742
	1075.00000000		8.68853		-0.25909
	1080.00000000		8.77078		-0.28812
	1085.00000000		8.73144		-0.34352
	1090.00000000		8.73023		-0.34852
	1095.00000000		8.69395		-0.35633
	1100.00000000		8.71395		-0.36556
	1105.00000000		8.85719		-0.40562
	1110.00000000		9.11464		-0.46216
	1115.00000000		9.38778		-0.50906
	1120.00000000		9.36582		-0.53018
	1125.00000000		9.25453		-0.52896
	1130.00000000		9.19296		-0.53003
	1135.00000000		9.31947		-0.52583
	1140.00000000		9.49302		-0.51965
	1145.00000000		9.74760		-0.49342
	1150.00000000		9.68431		-0.46983
	1155.00000000		9.44529		-0.43555
	1160.00000000		9.23227		-0.37923
	1165.00000000		9.18212		-0.30455
	1170.00000000		9.30272		-0.24286
	1175.00000000		9.35629		-0.20156
	1180.00000000		9.32876		-0.22490
	1185.00000000		9.11151		-0.26438
	1190.00000000		8.95817		-0.30643
	1195.00000000		9.06769		-0.31871
	1200.00000000		9.33121		-0.32263
	1205.00000000		9.41355		-0.35615
	1210.00000000		9.26227		-0.40883
	1215.00000000		8.98178		-0.44491
	1220.00000000		8.81760		-0.45026
	1225.00000000		8.90566		-0.43060
	1230.00000000		9.09409		-0.42198
	1235.00000000		9.19594		-0.42441
	1240.00000000		9.15526		-0.41447
	1245.00000000		9.14190		-0.40835
	1250.00000000		9.29086		-0.39132
	1255.00000000		9.45813		-0.40330
	1260.00000000		9.55016		-0.40615
	1265.00000000		9.31440		-0.41750
	1270.00000000		9.04940		-0.41440
	1275.00000000		8.84117		-0.41535
	1280.00000000		8.96416		-0.42884
	1285.00000000		9.17633		-0.42579
	1290.00000000		9.24913		-0.40731
	1295.00000000		9.12227		-0.38941
	1300.00000000		8.93051		-0.37491
	1305.00000000		8.99579		-0.37374
	1310.00000000		9.12287		-0.38794
	1315.00000000		9.19480		-0.40294
	1320.00000000		9.02857		-0.41220
	1325.00000000		8.84594		-0.38713
	1330.00000000		8.74946		-0.34818
	1335.00000000		8.88841		-0.32517
	1340.00000000		9.00324		-0.33631
	1345.00000000		8.93263		-0.36633
	1350.00000000		8.75123		-0.38468
	1355.00000000		8.56053		-0.38637
	1360.00000000		8.60807		-0.38071
	1365.00000000		8.75673		-0.36617
	1370.00000000		8.97701		-0.38589
	1375.00000000		8.99792		-0.40836
	1380.00000000		8.85215		-0.43223
	1385.00000000		8.78750		-0.41653
	1390.00000000		8.91441		-0.38282
	1395.00000000		9.14107		-0.34156
	1400.00000000		9.23729		-0.31610
	1405.00000000		9.11373		-0.33508
	1410.00000000		8.86343		-0.35691
	1415.00000000		8.77178		-0.35577
	1420.00000000		8.89664		-0.34146
	1425.00000000		9.05759		-0.36121
	1430.00000000		8.98507		-0.38251
	1435.00000000		8.77615		-0.39992
	1440.00000000		8.59692		-0.37639
	1445.00000000		8.55155		-0.36109
	1450.00000000		8.57332		-0.38143
	1455.00000000		8.65424		-0.41245
	1460.00000000		8.57922		-0.45306
	1465.00000000		8.26627		-0.45004
	1470.00000000		8.05815		-0.44295
	1475.00000000		8.12231		-0.45664
	1480.00000000		8.23443		-0.50075
	1485.00000000		8.18804		-0.53296
	1490.00000000		8.02472		-0.54348
	1495.00000000		7.77891		-0.51156
	1500.00000000		7.73878		-0.44272
	1505.00000000		7.87552		-0.38945
	1510.00000000		7.90537		-0.39857
	1515.00000000		7.67518		-0.42908
	1520.00000000		7.25003		-0.42585
	1525.00000000		7.11749		-0.38053
	1530.00000000		7.35913		-0.35871
	1535.00000000		7.46039		-0.36621
	1540.00000000		7.20682		-0.41027
	1545.00000000		6.99544		-0.40188
	1550.00000000		7.04843		-0.36665
	1555.00000000		7.26706		-0.32403
	1560.00000000		7.49002		-0.32053
	1565.00000000		7.45197		-0.35668
	1570.00000000		7.19173		-0.34929
	1575.00000000		7.00644		-0.32777
	1580.00000000		6.93645		-0.28291
	1585.00000000		7.10304		-0.31608
	1590.00000000		7.08716		-0.34926
	1595.00000000		7.03716		-0.40509
	1600.00000000		6.80427		-0.42289
	1605.00000000		6.80080		-0.39688
	1610.00000000		6.88238		-0.33108
	1615.00000000		6.82851		-0.30269
	1620.00000000		6.64429		-0.34476
	1625.00000000		6.51548		-0.35361
	1630.00000000		6.54549		-0.37059
	1635.00000000		6.54141		-0.35926
	1640.00000000		6.57215		-0.35575
	1645.00000000		6.55518		-0.33265
	1650.00000000		6.65555		-0.32995
	1655.00000000		6.65148		-0.34753
	1660.00000000		6.59544		-0.38017
	1665.00000000		6.40239		-0.37071
	1670.00000000		6.40061		-0.35065
	1675.00000000		6.38016		-0.32031
	1680.00000000		6.42447		-0.30659
	1685.00000000		6.48880		-0.30419
	1690.00000000		6.50170		-0.29452
	1695.00000000		6.50269		-0.26362
	1700.00000000		6.39352		-0.22053
	1705.00000000		6.48132		-0.22579
	1710.00000000		6.58479		-0.22374
	1715.00000000		6.78701		-0.23313
	1720.00000000		6.91280		-0.24539
	1725.00000000		6.92609		-0.27768
	1730.00000000		6.74709		-0.33128
	1735.00000000		6.61107		-0.36689
	1740.00000000		6.64974		-0.35680
	1745.00000000		6.76787		-0.31625
	1750.00000000		6.96660		-0.34029
	1755.00000000		6.89272		-0.40270
	1760.00000000		6.72698		-0.47991
	1765.00000000		6.62293		-0.44819
	1770.00000000		6.70033		-0.34887
	1775.00000000		6.83190		-0.32118
	1780.00000000		6.81104		-0.37826
	1785.00000000		6.83336		-0.45552
	1790.00000000		6.94414		-0.44812
	1795.00000000		6.99376		-0.40161
	1800.00000000		6.98074		-0.38576
	1805.00000000		6.79563		-0.42500
	1810.00000000		6.61093		-0.48527
	1815.00000000		6.48896		-0.52019
	1820.00000000		6.59585		-0.49214
	1825.00000000		6.75089		-0.41625
	1830.00000000		6.62153		-0.38180
	1835.00000000		6.46118		-0.34606
	1840.00000000		6.41537		-0.30151
	1845.00000000		6.44799		-0.25728
	1850.00000000		6.47610		-0.23183
	1855.00000000		6.43845		-0.22387
	1860.00000000		6.49237		-0.21468
	1865.00000000		6.59012		-0.19470
	1870.00000000		6.60504		-0.16904
	1875.00000000		6.47302		-0.20179
	1880.00000000		6.21665		-0.24187
	1885.00000000		6.22113		-0.33260
	1890.00000000		6.31850		-0.35700
	1895.00000000		6.50075		-0.29881
	1900.00000000		6.72218		-0.24827
	1905.00000000		6.78555		-0.29226
	1910.00000000		6.55019		-0.35368
	1915.00000000		6.50159		-0.39198
	1920.00000000		6.59963		-0.37114
	1925.00000000		6.87137		-0.32770
	1930.00000000		6.84543		-0.31391
	1935.00000000		6.79503		-0.32087
	1940.00000000		6.69897		-0.30405
	1945.00000000		6.82276		-0.24628
	1950.00000000		7.06708		-0.17089
	1955.00000000		7.28965		-0.14204
	1960.00000000		7.34892		-0.16259
	1965.00000000		7.24451		-0.16099
	1970.00000000		7.08077		-0.12729
	1975.00000000		6.99958		-0.08730
	1980.00000000		7.01528		-0.08588
	1985.00000000		7.01205		-0.11006
	1990.00000000		7.09165		-0.14379
	1995.00000000		7.25994		-0.12826
	2000.00000000		7.41150		-0.10400
	2005.00000000		7.48765		-0.06590
	2010.00000000		7.58124		-0.06084
	2015.00000000		7.73986		-0.06761
	2020.00000000		7.85286		-0.07338
	2025.00000000		7.91372		-0.07743
	2030.00000000		7.79763		-0.08717
	2035.00000000		7.41591		-0.06825
	2040.00000000		7.26607		-0.06295
	2045.00000000		7.46329		-0.04437
	2050.00000000		7.67753		-0.07553
	2055.00000000		7.62493		-0.13725
	2060.00000000		7.26211		-0.20125
	2065.00000000		6.96394		-0.18137
	2070.00000000		7.04568		-0.12337
	2075.00000000		7.32686		-0.09328
	2080.00000000		7.42188		-0.07220
	2085.00000000		7.26484		-0.08205
	2090.00000000		6.95829		-0.08947
	2095.00000000		6.84209		-0.11076
	2100.00000000		6.86631		-0.09851
	2105.00000000		6.93550		-0.05800
	2110.00000000		7.13424		-0.03338
	2115.00000000		7.20160		-0.03052
	2120.00000000		7.11874		-0.05825
	2125.00000000		6.95310		-0.09468
	2130.00000000		6.75322		-0.10428
	2135.00000000		6.64215		-0.09056
	2140.00000000		6.82155		-0.04010
	2145.00000000		7.17375		-0.02852
	2150.00000000		7.39379		-0.04260
	2155.00000000		7.48849		-0.09152
	2160.00000000		7.36663		-0.10942
	2165.00000000		7.34531		-0.10029
	2170.00000000		7.39084		-0.03901
	2175.00000000		7.64637		-0.02803
	2180.00000000		7.79020		0.00062
	2185.00000000		7.61013		0.03235
	2190.00000000		7.22245		0.07718
	2195.00000000		7.01944		0.09270
	2200.00000000		7.17794		0.06178
	2205.00000000		7.37215		0.07303
	2210.00000000		7.51061		0.09729
	2215.00000000		7.41797		0.15598
	2220.00000000		7.21391		0.12431
	2225.00000000		6.93061		0.07865
	2230.00000000		6.97556		0.01084
	2235.00000000		7.31556		-0.03431
	2240.00000000		7.51938		-0.02401
	2245.00000000		7.58385		-0.02390
	2250.00000000		7.54847		-0.03651
	2255.00000000		7.56537		-0.07091
	2260.00000000		7.75322		-0.08900
	2265.00000000		7.82784		-0.07085
	2270.00000000		7.76313		-0.06726
	2275.00000000		7.70269		-0.06880
	2280.00000000		7.76164		-0.12440
	2285.00000000		7.80766		-0.14520
	2290.00000000		7.67677		-0.14768
	2295.00000000		7.53770		-0.14642
	2300.00000000		7.48239		-0.18281
	2305.00000000		7.46282		-0.20208
	2310.00000000		7.45715		-0.18988
	2315.00000000		7.51231		-0.16437
	2320.00000000		7.54823		-0.12437
	2325.00000000		7.39624		-0.12105
	2330.00000000		7.09055		-0.08559
	2335.00000000		6.86284		-0.08370
	2340.00000000		6.87979		-0.02726
	2345.00000000		7.03335		-0.00420
	2350.00000000		7.11264		-0.01317
	2355.00000000		6.95991		-0.06605
	2360.00000000		6.70083		-0.09704
	2365.00000000		6.68293		-0.04437
	2370.00000000		6.82474		0.00326
	2375.00000000		6.96175		0.05822
	2380.00000000		6.95517		0.01956
	2385.00000000		6.82061		0.02161
	2390.00000000		6.69622		0.03181
	2395.00000000		6.58954		0.10263
	2400.00000000		6.63736		0.14415
	2405.00000000		6.69778		0.15464
	2410.00000000		6.65143		0.13190
	2415.00000000		6.39656		0.06931
	2420.00000000		6.13078		0.05975
	2425.00000000		6.10055		0.04656
	2430.00000000		6.16685		0.09061
	2435.00000000		6.35131		0.09303
	2440.00000000		6.38604		0.11024
	2445.00000000		6.22602		0.07593
	2450.00000000		5.97878		0.06456
	2455.00000000		5.93493		0.03427
	2460.00000000		6.02944		0.05118
	2465.00000000		6.16210		0.04781
	2470.00000000		6.24843		-0.01348
	2475.00000000		6.11072		-0.05656
	2480.00000000		5.88217		-0.09510
	2485.00000000		5.71792		-0.06258
	2490.00000000		5.91065		-0.03820
	2495.00000000		5.95910		0.00060
	2500.00000000		5.89509		-0.01370
	2505.00000000		5.64895		-0.01190
	2510.00000000		5.50054		-0.03132
	2515.00000000		5.40158		-0.05205
	2520.00000000		5.49136		-0.04139
	2525.00000000		5.64213		-0.01568
	2530.00000000		5.71766		0.01798
	2535.00000000		5.74374		-0.00208
	2540.00000000		5.71862		-0.04998
	2545.00000000		5.73315		-0.09942
	2550.00000000		5.78918		-0.09105
	2555.00000000		5.94785		-0.04840
	2560.00000000		5.97280		-0.01423
	2565.00000000		5.89404		-0.02145
	2570.00000000		5.89948		-0.05930
	2575.00000000		5.89362		-0.10117
	2580.00000000		6.02222		-0.11917
	2585.00000000		6.17861		-0.09841
	2590.00000000		6.36068		-0.07355
	2595.00000000		6.36356		-0.07447
	2600.00000000		6.14914		-0.10325
	2605.00000000		6.06396		-0.10210
	2610.00000000		6.17382		-0.07295
	2615.00000000		6.43856		-0.04760
	2620.00000000		6.46736		-0.03478
	2625.00000000		6.37343		-0.05272
	2630.00000000		6.31317		-0.04332
	2635.00000000		6.44813		-0.06762
	2640.00000000		6.61143		-0.03948
	2645.00000000		6.70969		-0.05641
	2650.00000000		6.67967		-0.08654
	2655.00000000		6.66799		-0.12696
	2660.00000000		6.73752		-0.16144
	2665.00000000		6.66113		-0.14987
	2670.00000000		6.58388		-0.14719
	2675.00000000		6.56381		-0.10812
	2680.00000000		6.69318		-0.09962
	2685.00000000		6.68396		-0.07256
	2690.00000000		6.59386		-0.08245
	2695.00000000		6.45195		-0.05814
	2700.00000000		6.43397		-0.05870
	2705.00000000		6.40380		-0.01610
	2710.00000000		6.46519		-0.02948
	2715.00000000		6.40877		-0.01795
	2720.00000000		6.41178		-0.05077
	2725.00000000		6.37948		-0.05180
	2730.00000000		6.24641		-0.05241
	2735.00000000		5.94055		-0.06949
	2740.00000000		5.65034		-0.07003
	2745.00000000		5.74077		-0.09988
	2750.00000000		5.93426		-0.07917
	2755.00000000		6.16451		-0.10030
	2760.00000000		6.11307		-0.05158
	2765.00000000		5.81665		0.01022
	2770.00000000		5.46453		0.03858
	2775.00000000		5.71080		0.00241
	2780.00000000		6.16088		-0.06064
	2785.00000000		6.23033		-0.09195
	2790.00000000		5.94348		-0.09436
	2795.00000000		5.71754		-0.06585
	2800.00000000		5.82970		-0.07767
	2805.00000000		5.98233		-0.07797
	2810.00000000		6.13249		-0.12794
	2815.00000000		6.21255		-0.10678
	2820.00000000		6.27481		-0.11062
	2825.00000000		6.04412		-0.08986
	2830.00000000		5.86877		-0.13974
	2835.00000000		5.65191		-0.18194
	2840.00000000		5.66309		-0.14031
	2845.00000000		5.94038		-0.05353
	2850.00000000		6.13919		0.04985
	2855.00000000		6.12222		0.04266
	2860.00000000		5.87981		0.05810
	2865.00000000		5.80466		0.02280
	2870.00000000		5.82132		0.05163
	2875.00000000		6.03082		0.05712
	2880.00000000		6.32742		0.05650
	2885.00000000		6.48640		0.08300
	2890.00000000		6.39568		0.08666
	2895.00000000		6.31782		0.10479
	2900.00000000		6.53451		0.04370
	2905.00000000		6.63634		0.02626
	2910.00000000		6.59911		-0.01064
	2915.00000000		6.42083		0.01928
	2920.00000000		6.45000		0.00567
	2925.00000000		6.63244		0.04341
	2930.00000000		6.73509		0.02017
	2935.00000000		6.66229		-0.01683
	2940.00000000		6.64268		-0.03599
	2945.00000000		6.92155		-0.02956
	2950.00000000		7.07198		-0.00031
	2955.00000000		7.14315		-0.00826
	2960.00000000		7.12972		0.01867
	2965.00000000		7.04032		0.01540
	2970.00000000		7.03464		0.04879
	2975.00000000		7.18780		0.05612
	2980.00000000		7.36243		0.04602
	2985.00000000		7.45587		-0.00095
	2990.00000000		7.45152		-0.04226
	2995.00000000		7.39010		-0.03440
	3000.00000000		7.39144		-0.03405
	3005.00000000		7.54281		0.02198
	3010.00000000		7.72764		-0.01497
	3015.00000000		7.77168		0.00096
	3020.00000000		7.61161		-0.02787
	3025.00000000		7.45471		0.00874
	3030.00000000		7.44310		0.01359
	3035.00000000		7.62805		0.01556
	3040.00000000		7.93723		0.01539
	3045.00000000		8.18162		-0.01694
	3050.00000000		8.14533		-0.02282
	3055.00000000		7.80683		-0.03606
	3060.00000000		7.58854		-0.01648
	3065.00000000		7.68844		-0.02334
	3070.00000000		8.02482		-0.02935
	3075.00000000		8.22113		-0.03715
	3080.00000000		8.10157		-0.03763
	3085.00000000		7.84815		-0.03293
	3090.00000000		7.71137		-0.05998
	3095.00000000		7.80277		-0.09506
	3100.00000000		8.00573		-0.14499
	3105.00000000		8.13950		-0.15413
	3110.00000000		8.28098		-0.15159
	3115.00000000		8.44532		-0.13494
	3120.00000000		8.57286		-0.12244
	3125.00000000		8.56335		-0.11087
	3130.00000000		8.36382		-0.10207
	3135.00000000		8.23970		-0.08939
	3140.00000000		8.31228		-0.08466
	3145.00000000		8.34215		-0.11194
	3150.00000000		8.23049		-0.13717
	3155.00000000		7.99602		-0.16341
	3160.00000000		7.89623		-0.16957
	3165.00000000		8.01921		-0.14970
	3170.00000000		8.15072		-0.15512
	3175.00000000		8.11265		-0.17051
	3180.00000000		7.87426		-0.16399
	3185.00000000		7.65460		-0.15884
	3190.00000000		7.72787		-0.15245
	3195.00000000		7.86972		-0.13891
	3200.00000000		7.85495		-0.11474
	3205.00000000		7.69368		-0.10932
	3210.00000000		7.60512		-0.11024
	3215.00000000		7.65726		-0.12405
	3220.00000000		7.70559		-0.11579
	3225.00000000		7.74746		-0.15657
	3230.00000000		7.62892		-0.18738
	3235.00000000		7.50951		-0.21046
	3240.00000000		7.51126		-0.19848
	3245.00000000		7.61536		-0.18179
	3250.00000000		7.71289		-0.19432
	3255.00000000		7.70225		-0.22342
	3260.00000000		7.54258		-0.25496
	3265.00000000		7.33282		-0.24615
	3270.00000000		7.27703		-0.21590
	3275.00000000		7.41677		-0.18891
	3280.00000000		7.62497		-0.20717
	3285.00000000		7.71243		-0.23505
	3290.00000000		7.53143		-0.25377
	3295.00000000		7.25593		-0.23959
	3300.00000000		7.17744		-0.21286
	3305.00000000		7.35070		-0.19862
	3310.00000000		7.42975		-0.19837
	3315.00000000		7.32744		-0.18892
	3320.00000000		7.22423		-0.15544
	3325.00000000		7.25547		-0.12796
	3330.00000000		7.28170		-0.12094
	3335.00000000		7.32672		-0.16629
	3340.00000000		7.32053		-0.16969
	3345.00000000		7.38772		-0.12040
	3350.00000000		7.45559		-0.05863
	3355.00000000		7.55836		-0.02772
	3360.00000000		7.62347		-0.04853
	3365.00000000		7.68404		-0.07639
	3370.00000000		7.74303		-0.06909
	3375.00000000		7.84120		-0.03263
	3380.00000000		7.98162		-0.00797
	3385.00000000		8.07548		-0.00461
	3390.00000000		8.03995		-0.01502
	3395.00000000		7.95060		0.01848
	3400.00000000		7.98687		0.07092
	3405.00000000		8.06070		0.12055
	3410.00000000		8.05227		0.10514
	3415.00000000		7.95039		0.09381
	3420.00000000		7.77649		0.09152
	3425.00000000		7.72291		0.11075
	3430.00000000		7.82333		0.13293
	3435.00000000		7.99527		0.11656
	3440.00000000		8.14307		0.09016
	3445.00000000		8.06685		0.04380
	3450.00000000		7.95781		0.04427
	3455.00000000		7.94521		0.05362
	3460.00000000		8.08061		0.05372
	3465.00000000		8.20131		0.00904
	3470.00000000		8.11516		-0.04908
	3475.00000000		8.06274		-0.06387
	3480.00000000		8.08825		-0.10089
	3485.00000000		8.23601		-0.10719
	3490.00000000		8.29660		-0.13171
	3495.00000000		8.36741		-0.14759
	3500.00000000		8.44525		-0.13975
	3505.00000000		8.49031		-0.11391
	3510.00000000		8.54655		-0.06908
	3515.00000000		8.56799		-0.02162
	3520.00000000		8.58280		-0.00189
	3525.00000000		8.61333		0.00846
	3530.00000000		8.64476		-0.00434
	3535.00000000		8.67402		-0.00117
	3540.00000000		8.61356		0.01619
	3545.00000000		8.45732		0.04264
	3550.00000000		8.42034		0.03716
	3555.00000000		8.52401		0.04277
	3560.00000000		8.55529		0.05092
	3565.00000000		8.50073		0.05749
	3570.00000000		8.25745		0.04644
	3575.00000000		8.01088		0.02235
	3580.00000000		8.15283		0.03279
	3585.00000000		8.33921		0.03530
	3590.00000000		8.26780		0.02778
	3595.00000000		7.86417		-0.01079
	3600.00000000		7.47605		-0.04665
	3605.00000000		7.39545		-0.04345
	3610.00000000		7.57396		-0.01306
	3615.00000000		7.68607		0.00191
	3620.00000000		7.52381		0.01135
	3625.00000000		7.07522		0.01597
	3630.00000000		6.97166		0.04251
	3635.00000000		7.24668		0.11508
	3640.00000000		7.53442		0.16197
	3645.00000000		7.48084		0.16777
	3650.00000000		7.14190		0.15584
	3655.00000000		6.87003		0.18776
	3660.00000000		6.84540		0.19975
	3665.00000000		6.93447		0.20392
	3670.00000000		6.85254		0.20829
	3675.00000000		6.72347		0.21272
	3680.00000000		6.65486		0.24563
	3685.00000000		6.83010		0.24498
	3690.00000000		6.92989		0.23116
	3695.00000000		6.86337		0.17474
	3700.00000000		6.55945		0.17300
	3705.00000000		6.56745		0.15917
	3710.00000000		6.84174		0.18084
	3715.00000000		7.07168		0.12790
	3720.00000000		7.05033		0.05434
	3725.00000000		6.87206		0.02432
	3730.00000000		6.82937		-0.00393
	3735.00000000		6.92652		0.02090
	3740.00000000		7.08653		0.03523
	3745.00000000		7.04974		0.03370
	3750.00000000		6.97047		0.04003
	3755.00000000		6.88865		0.06494
	3760.00000000		6.86355		0.11152
	3765.00000000		6.89122		0.11740
	3770.00000000		6.92333		0.14866
	3775.00000000		7.00263		0.15098
	3780.00000000		7.14458		0.17965
	3785.00000000		7.24303		0.16788
	3790.00000000		7.20616		0.15278
	3795.00000000		6.97370		0.15440
	3800.00000000		6.69747		0.14488
	3805.00000000		6.61140		0.18597
	3810.00000000		6.93990		0.20962
	3815.00000000		7.10480		0.28066
	3820.00000000		7.09443		0.29813
	3825.00000000		6.96306		0.30103
	3830.00000000		6.94399		0.26250
	3835.00000000		7.03532		0.26143
	3840.00000000		7.28214		0.28398
	3845.00000000		7.35254		0.27433
	3850.00000000		7.12949		0.26716
	3855.00000000		6.93505		0.19478
	3860.00000000		6.88846		0.15236
	3865.00000000		6.97623		0.09373
	3870.00000000		7.02451		0.08717
	3875.00000000		6.94431		0.12243
	3880.00000000		6.64947		0.13017
	3885.00000000		6.54413		0.13107
	3890.00000000		6.79096		0.09637
	3895.00000000		6.85201		0.08711
	3900.00000000		6.67678		0.08946
	3905.00000000		6.49186		0.12484
	3910.00000000		6.60679		0.17142
	3915.00000000		6.86131		0.20282
	3920.00000000		6.90471		0.22247
	3925.00000000		6.75878		0.21146
	3930.00000000		6.44247		0.19528
	3935.00000000		6.33035		0.18899
	3940.00000000		6.46220		0.24431
	3945.00000000		6.58778		0.29729
	3950.00000000		6.44161		0.33902
	3955.00000000		6.24630		0.36969
	3960.00000000		6.17865		0.38546
	3965.00000000		6.31485		0.39794
	3970.00000000		6.37182		0.36757
	3975.00000000		6.33936		0.34920
	3980.00000000		6.21496		0.31935
	3985.00000000		6.18484		0.31791
	3990.00000000		6.28488		0.32904
	3995.00000000		6.45648		0.28439
	4000.00000000		6.61033		0.24466
	4005.00000000		6.52602		0.24451
	4010.00000000		6.51890		0.28006
	4015.00000000		6.58593		0.37072
	4020.00000000		6.68419		0.41692
	4025.00000000		6.71889		0.43617
	4030.00000000		6.61580		0.38938
	4035.00000000		6.48315		0.41259
	4040.00000000		6.54938		0.41992
	4045.00000000		6.66785		0.48564
	4050.00000000		6.71428		0.51130
	4055.00000000		6.73485		0.49010
	4060.00000000		6.76060		0.50049
	4065.00000000		6.87072		0.46380
	4070.00000000		6.84139		0.47514
	4075.00000000		6.70835		0.41764
	4080.00000000		6.44925		0.43949
	4085.00000000		6.43252		0.44802
	4090.00000000		6.53827		0.51536
	4095.00000000		6.48587		0.52350
	4100.00000000		6.24147		0.46735
	4105.00000000		6.00705		0.45868
	4110.00000000		6.09556		0.40323
	4115.00000000		6.19519		0.44231
	4120.00000000		6.46327		0.41527
	4125.00000000		6.37787		0.45431
	4130.00000000		6.15591		0.40001
	4135.00000000		5.92902		0.38779
	4140.00000000		6.03541		0.38241
	4145.00000000		6.19504		0.39060
	4150.00000000		6.33171		0.41322
	4155.00000000		6.46618		0.41076
	4160.00000000		6.46020		0.39826
	4165.00000000		6.42662		0.33357
	4170.00000000		6.24235		0.30107
	4175.00000000		6.26950		0.25744
	4180.00000000		6.38773		0.29681
	4185.00000000		6.61879		0.29326
	4190.00000000		6.57501		0.30701
	4195.00000000		6.46853		0.26015
	4200.00000000		6.38298		0.21109
	4205.00000000		6.38656		0.15162
	4210.00000000		6.46215		0.10758
	4215.00000000		6.53207		0.08752
	4220.00000000		6.47591		0.06620
	4225.00000000		6.37752		0.06924
	4230.00000000		6.36711		0.07497
	4235.00000000		6.40602		0.05814
	4240.00000000		6.47300		0.02424
	4245.00000000		6.48784		-0.03505
	4250.00000000		6.47890		-0.03435
	4255.00000000		6.59491		-0.00715
	4260.00000000		6.68888		0.07152
	4265.00000000		6.69235		0.06984
	4270.00000000		6.58525		0.03408
	4275.00000000		6.60063		-0.02387
	4280.00000000		6.64058		-0.03826
	4285.00000000		6.54156		-0.03639
	4290.00000000		6.27461		-0.01357
	4295.00000000		6.12242		-0.02348
	4300.00000000		6.15211		-0.00967
	4305.00000000		6.26279		0.04703
	4310.00000000		6.29296		0.06878
	4315.00000000		6.03322		0.14740
	4320.00000000		5.93202		0.14265
	4325.00000000		5.90841		0.21411
	4330.00000000		6.04313		0.20336
	4335.00000000		5.99279		0.20876
	4340.00000000		5.69657		0.19695
	4345.00000000		5.41064		0.17872
	4350.00000000		5.43002		0.15370
	4355.00000000		5.72810		0.12779
	4360.00000000		5.93332		0.11998
	4365.00000000		5.78051		0.09186
	4370.00000000		5.34194		0.08860
	4375.00000000		5.31008		0.06477
	4380.00000000		5.46211		0.13483
	4385.00000000		5.59931		0.15016
	4390.00000000		5.43650		0.16595
	4395.00000000		5.22693		0.14702
	4400.00000000		5.20421		0.10643
	4405.00000000		5.17546		0.11689
	4410.00000000		5.15769		0.11604
	4415.00000000		5.09979		0.16771
	4420.00000000		5.19961		0.15652
	4425.00000000		5.23373		0.19117
	4430.00000000		5.27497		0.15493
	4435.00000000		5.22797		0.17949
	4440.00000000		5.15578		0.19870
	4445.00000000		4.99237		0.23075
	4450.00000000		4.85315		0.22315
	4455.00000000		4.85037		0.19428
	4460.00000000		4.96085		0.18461
	4465.00000000		5.25432		0.19794
	4470.00000000		5.44458		0.23117
	4475.00000000		5.34219		0.22568
	4480.00000000		5.27781		0.22979
	4485.00000000		5.33390		0.19855
	4490.00000000		5.47038		0.22429
	4495.00000000		5.53911		0.22328
	4500.00000000		5.41760		0.23928
	4505.00000000		5.25519		0.22881
	4510.00000000		5.18141		0.21212
	4515.00000000		5.25040		0.19729
	4520.00000000		5.32228		0.14077
	4525.00000000		5.30093		0.12207
	4530.00000000		5.26894		0.11969
	4535.00000000		5.22332		0.20071
	4540.00000000		5.22812		0.25888
	4545.00000000		5.15688		0.25457
	4550.00000000		5.01313		0.19153
	4555.00000000		4.79304		0.10478
	4560.00000000		4.78509		0.05743
	4565.00000000		4.88754		0.12091
	4570.00000000		5.03897		0.12582
	4575.00000000		4.97546		0.11920
	4580.00000000		4.88779		0.00728
	4585.00000000		4.73081		-0.07382
	4590.00000000		4.77907		-0.13530
	4595.00000000		4.83840		-0.08717
	4600.00000000		4.92975		-0.06475
	4605.00000000		4.80676		-0.05193
	4610.00000000		4.50262		-0.06383
	4615.00000000		4.43741		-0.11715
	4620.00000000		4.51117		-0.10198
	4625.00000000		4.72918		-0.12537
	4630.00000000		4.81364		-0.10732
	4635.00000000		4.73030		-0.11633
	4640.00000000		4.56384		-0.06147
	4645.00000000		4.58138		-0.03515
	4650.00000000		4.64739		-0.01018
	4655.00000000		4.62609		-0.01813
	4660.00000000		4.39899		-0.01707
	4665.00000000		4.20951		-0.00586
	4670.00000000		4.29524		0.01556
	4675.00000000		4.41111		0.05722
	4680.00000000		4.44652		0.06083
	4685.00000000		4.43068		0.10976
	4690.00000000		4.50864		0.10154
	4695.00000000		4.48761		0.07857
	4700.00000000		4.40125		0.00205
	4705.00000000		4.40671		-0.01647
	4710.00000000		4.46409		0.00014
	4715.00000000		4.64669		0.04351
	4720.00000000		4.63669		0.08180
	4725.00000000		4.48168		0.03872
	4730.00000000		4.38460		-0.02465
	4735.00000000		4.34409		-0.05753
	4740.00000000		4.59229		-0.01511
	4745.00000000		4.70969		0.08243
	4750.00000000		4.98342		0.12041
	4755.00000000		4.94093		0.08471
	4760.00000000		4.81951		0.02236
	4765.00000000		4.66832		-0.03234
	4770.00000000		4.68730		-0.03452
	4775.00000000		4.89280		-0.05383
	4780.00000000		5.10347		-0.05645
	4785.00000000		5.32223		-0.07294
	4790.00000000		5.29620		-0.09049
	4795.00000000		5.31700		-0.07394
	4800.00000000		5.29417		-0.05668
	4805.00000000		5.31003		-0.04337
	4810.00000000		5.24118		-0.04107
	4815.00000000		5.11497		-0.02205
	4820.00000000		5.03083		-0.04301
	4825.00000000		5.11459		-0.07135
	4830.00000000		5.45265		-0.12072
	4835.00000000		5.58651		-0.11950
	4840.00000000		5.53991		-0.14693
	4845.00000000		5.38355		-0.17386
	4850.00000000		5.50960		-0.22571
	4855.00000000		5.62685		-0.23916
	4860.00000000		5.74577		-0.24912
	4865.00000000		5.69306		-0.27285
	4870.00000000		5.54802		-0.25072
	4875.00000000		5.41519		-0.24770
	4880.00000000		5.31912		-0.20653
	4885.00000000		5.36624		-0.21255
	4890.00000000		5.24462		-0.22782
	4895.00000000		5.35347		-0.27486
	4900.00000000		5.43503		-0.24300
	4905.00000000		5.33912		-0.21465
	4910.00000000		5.22645		-0.23535
	4915.00000000		4.95237		-0.25975
	4920.00000000		5.06649		-0.33222
	4925.00000000		5.00352		-0.32197
	4930.00000000		5.12718		-0.31302
	4935.00000000		5.10675		-0.31707
	4940.00000000		5.15028		-0.35251
	4945.00000000		5.17105		-0.35643
	4950.00000000		5.21408		-0.32557
	4955.00000000		5.35629		-0.26600
	4960.00000000		5.45956		-0.19172
	4965.00000000		5.47462		-0.16000
	4970.00000000		5.10533		-0.12434
	4975.00000000		4.94176		-0.15853
	4980.00000000		4.94873		-0.15983
	4985.00000000		5.21009		-0.13956
	4990.00000000		5.38861		-0.11595
	4995.00000000		5.22302		-0.12022
	5000.00000000		5.01445		-0.16843
	5005.00000000		4.86630		-0.22609
	5010.00000000		5.04756		-0.27340
	5015.00000000		5.20491		-0.23547
	5020.00000000		5.28770		-0.19306
	5025.00000000		5.04600		-0.13550
	5030.00000000		4.91880		-0.13621
	5035.00000000		4.83086		-0.14895
	5040.00000000		4.96615		-0.17039
	5045.00000000		5.14481		-0.19245
	5050.00000000		5.02728		-0.20735
	5055.00000000		4.94484		-0.22177
	5060.00000000		4.88317		-0.17695
	5065.00000000		5.09909		-0.12197
	5070.00000000		5.19372		-0.09709
	5075.00000000		5.12114		-0.13902
	5080.00000000		4.73505		-0.16043
	5085.00000000		4.40234		-0.20890
	5090.00000000		4.20395		-0.20017
	5095.00000000		4.22609		-0.12595
	5100.00000000		4.49617		-0.10455
	5105.00000000		4.50046		-0.06964
	5110.00000000		4.37691		-0.13873
	5115.00000000		4.12370		-0.15879
	5120.00000000		4.21653		-0.13470
	5125.00000000		4.27347		-0.04364
	5130.00000000		4.30453		-0.01491
	5135.00000000		4.08941		-0.05763
	5140.00000000		3.91104		-0.06092
	5145.00000000		3.95833		-0.03485
	5150.00000000		4.07998		0.02357
	5155.00000000		4.28940		-0.03969
	5160.00000000		4.15002		-0.10180
	5165.00000000		4.19886		-0.20225
	5170.00000000		4.19604		-0.22866
	5175.00000000		4.41488		-0.20378
	5180.00000000		4.60643		-0.20263
	5185.00000000		4.73138		-0.22585
	5190.00000000		4.69415		-0.31829
	5195.00000000		4.60394		-0.37008
	5200.00000000		4.79808		-0.47067
	5205.00000000		4.89229		-0.52573
	5210.00000000		5.03027		-0.59067
	5215.00000000		4.86024		-0.57821
	5220.00000000		4.84850		-0.53637
	5225.00000000		4.79960		-0.46792
	5230.00000000		5.05501		-0.42387
	5235.00000000		5.26691		-0.42696
	5240.00000000		5.23916		-0.44142
	5245.00000000		5.12080		-0.49567
	5250.00000000		4.83843		-0.54760
	5255.00000000		4.89728		-0.60164
	5260.00000000		5.05951		-0.56968
	5265.00000000		5.36005		-0.49634
	5270.00000000		5.35394		-0.42926
	5275.00000000		5.24069		-0.47863
	5280.00000000		5.14032		-0.58402
	5285.00000000		5.13395		-0.62209
	5290.00000000		5.45133		-0.58004
	5295.00000000		5.50392		-0.45252
	5300.00000000		5.49124		-0.35012
	5305.00000000		5.22859		-0.27673
	5310.00000000		5.12806		-0.26372
	5315.00000000		5.00306		-0.29440
	5320.00000000		4.96229		-0.30963
	5325.00000000		5.05946		-0.28970
	5330.00000000		5.07782		-0.25431
	5335.00000000		5.05105		-0.22450
	5340.00000000		4.97946		-0.21766
	5345.00000000		4.89962		-0.21130
	5350.00000000		4.73367		-0.21467
	5355.00000000		4.59733		-0.27650
	5360.00000000		4.48008		-0.36028
	5365.00000000		4.40783		-0.39852
	5370.00000000		4.26846		-0.36888
	5375.00000000		4.26459		-0.36564
	5380.00000000		4.09260		-0.41943
	5385.00000000		4.07870		-0.49963
	5390.00000000		4.03854		-0.51018
	5395.00000000		3.89849		-0.48672
	5400.00000000		3.98477		-0.47449
	5405.00000000		3.72420		-0.47461
	5410.00000000		3.72962		-0.50904
	5415.00000000		3.53322		-0.52142
	5420.00000000		3.65885		-0.50912
	5425.00000000		3.89120		-0.42808
	5430.00000000		4.09704		-0.35763
	5435.00000000		4.26843		-0.32842
	5440.00000000		4.04428		-0.32272
	5445.00000000		4.20126		-0.35964
	5450.00000000		4.01143		-0.39063
	5455.00000000		4.24685		-0.45009
	5460.00000000		4.44464		-0.44724
	5465.00000000		4.60086		-0.42085
	5470.00000000		4.61766		-0.38888
	5475.00000000		4.53947		-0.38207
	5480.00000000		4.61837		-0.39236
	5485.00000000		4.66862		-0.45957
	5490.00000000		4.77657		-0.48612
	5495.00000000		4.71053		-0.46136
	5500.00000000		4.74693		-0.41358
	5505.00000000		4.56705		-0.36914
	5510.00000000		4.58855		-0.35666
	5515.00000000		4.52754		-0.34695
	5520.00000000		4.21688		-0.36828
	5525.00000000		4.10205		-0.40430
	5530.00000000		3.82859		-0.39508
	5535.00000000		3.87228		-0.40148
	5540.00000000		3.78262		-0.36770
	5545.00000000		3.81081		-0.36775
	5550.00000000		3.77299		-0.38249
	5555.00000000		3.74946		-0.39224
	5560.00000000		3.66777		-0.42851
	5565.00000000		3.64646		-0.50426
	5570.00000000		3.58379		-0.55960
	5575.00000000		3.49918		-0.53963
	5580.00000000		3.40725		-0.48094
	5585.00000000		3.35978		-0.46755
	5590.00000000		3.27459		-0.51271
	5595.00000000		3.21116		-0.60720
	5600.00000000		3.17742		-0.63479
	5605.00000000		3.08926		-0.57377
	5610.00000000		3.18442		-0.44529
	5615.00000000		3.34092		-0.45702
	5620.00000000		3.35582		-0.50967
	5625.00000000		3.38128		-0.57076
	5630.00000000		3.34449		-0.55557
	5635.00000000		3.18708		-0.53546
	5640.00000000		3.26770		-0.55758
	5645.00000000		3.42280		-0.61289
	5650.00000000		3.55774		-0.67541
	5655.00000000		3.66741		-0.64179
	5660.00000000		3.57500		-0.63640
	5665.00000000		3.68781		-0.65477
	5670.00000000		3.73726		-0.72138
	5675.00000000		3.85183		-0.73671
	5680.00000000		3.91091		-0.70394
	5685.00000000		3.95009		-0.65486
	5690.00000000		4.01782		-0.64460
	5695.00000000		4.04004		-0.72498
	5700.00000000		4.18589		-0.78460
	5705.00000000		4.20414		-0.78398
	5710.00000000		4.22202		-0.69937
	5715.00000000		4.28496		-0.62428
	5720.00000000		4.40113		-0.60972
	5725.00000000		4.59986		-0.65850
	5730.00000000		4.55080		-0.68954
	5735.00000000		4.40313		-0.64812
	5740.00000000		4.28873		-0.57077
	5745.00000000		4.43570		-0.48937
	5750.00000000		4.57700		-0.50080
	5755.00000000		4.58488		-0.49649
	5760.00000000		4.42496		-0.45729
	5765.00000000		4.21791		-0.38742
	5770.00000000		4.20821		-0.30535
	5775.00000000		4.26251		-0.28108
	5780.00000000		4.40205		-0.31562
	5785.00000000		4.32540		-0.43592
	5790.00000000		4.28448		-0.52197
	5795.00000000		4.27555		-0.54618
	5800.00000000		4.44699		-0.48549
	5805.00000000		4.78083		-0.43773
	5810.00000000		4.65916		-0.46559
	5815.00000000		4.39664		-0.54047
	5820.00000000		4.08982		-0.58770
	5825.00000000		4.24055		-0.54655
	5830.00000000		4.44075		-0.50414
	5835.00000000		4.65229		-0.45122
	5840.00000000		4.53908		-0.48685
	5845.00000000		4.27981		-0.54833
	5850.00000000		4.15883		-0.63700
	5855.00000000		3.94967		-0.64256
	5860.00000000		3.97897		-0.59069
	5865.00000000		3.98560		-0.51721
	5870.00000000		4.03694		-0.47395
	5875.00000000		3.97610		-0.49522
	5880.00000000		3.85582		-0.52995
	5885.00000000		3.91014		-0.50856
	5890.00000000		3.86038		-0.38591
	5895.00000000		3.92220		-0.29192
	5900.00000000		3.71972		-0.27377
	5905.00000000		3.61394		-0.36089
	5910.00000000		3.69723		-0.37335
	5915.00000000		3.52493		-0.31811
	5920.00000000		3.66531		-0.24861
	5925.00000000		3.58254		-0.23281
	5930.00000000		3.50030		-0.27293
	5935.00000000		3.59512		-0.30304
	5940.00000000		3.43564		-0.22011
	5945.00000000		3.55496		-0.15359
	5950.00000000		3.58017		-0.13831
	5955.00000000		3.65752		-0.21373
	5960.00000000		3.64760		-0.23597
	5965.00000000		3.41792		-0.07185
	5970.00000000		3.57016		0.08172
	5975.00000000		3.66849		0.13028
	5980.00000000		3.66302		0.00578
	5985.00000000		3.66092		-0.16983
	5990.00000000		3.73319		-0.26340
	5995.00000000		3.85131		-0.29294
	6000.00000000		4.00301		-0.28044
	6005.00000000		4.15959		-0.26957
	6010.00000000		4.24821		-0.25210
	6015.00000000		4.36193		-0.32334
	6020.00000000		4.28561		-0.38640
	6025.00000000		4.30108		-0.40839
	6030.00000000		4.35770		-0.40018
	6035.00000000		4.30027		-0.42123
	6040.00000000		4.41297		-0.43050
	6045.00000000		4.34454		-0.42055
	6050.00000000		4.46604		-0.42853
	6055.00000000		4.49019		-0.45414
	6060.00000000		4.36385		-0.52511
	6065.00000000		4.52721		-0.61105
	6070.00000000		4.43033		-0.63436
	6075.00000000		4.67774		-0.59549
	6080.00000000		4.73664		-0.56389
	6085.00000000		4.75485		-0.59738
	6090.00000000		4.58024		-0.63219
	6095.00000000		4.49846		-0.66265
	6100.00000000		4.33563		-0.62940
	6105.00000000		4.38973		-0.60692
	6110.00000000		4.58981		-0.60819
	6115.00000000		4.66690		-0.65559
	6120.00000000		4.77873		-0.73575
	6125.00000000		4.64450		-0.80462
	6130.00000000		4.93596		-0.83628
	6135.00000000		5.00017		-0.84694
	6140.00000000		5.22980		-0.83536
	6145.00000000		5.09972		-0.82501
	6150.00000000		4.93709		-0.84591
	6155.00000000		5.01783		-0.88878
	6160.00000000		5.08686		-0.93396
	6165.00000000		5.34221		-0.92251
	6170.00000000		5.18516		-0.87922
	6175.00000000		5.14686		-0.85341
	6180.00000000		4.99136		-0.82612
	6185.00000000		5.08107		-0.77952
	6190.00000000		5.11646		-0.77041
	6195.00000000		5.08177		-0.79607
	6200.00000000		5.11567		-0.84608
	6205.00000000		4.95129		-0.90541
	6210.00000000		5.07724		-0.90927
	6215.00000000		4.88623		-0.86576
	6220.00000000		4.87112		-0.80113
	6225.00000000		4.87168		-0.79218
	6230.00000000		4.92854		-0.82942
	6235.00000000		4.95053		-0.84766
	6240.00000000		4.76812		-0.83818
	6245.00000000		4.78354		-0.75716
	6250.00000000		4.63550		-0.70731
	6255.00000000		4.74909		-0.66171
	6260.00000000		4.72522		-0.67535
	6265.00000000		4.83764		-0.64314
	6270.00000000		4.88318		-0.58232
	6275.00000000		4.93834		-0.50512
	6280.00000000		5.07115		-0.48271
	6285.00000000		5.06018		-0.52981
	6290.00000000		5.17712		-0.55708
	6295.00000000		5.14283		-0.53644
	6300.00000000		5.22935		-0.44929
	6305.00000000		5.02812		-0.41359
	6310.00000000		5.02231		-0.42099
	6315.00000000		5.07124		-0.46608
	6320.00000000		5.38061		-0.47164
	6325.00000000		5.72393		-0.45362
	6330.00000000		5.81841		-0.42984
	6335.00000000		5.67238		-0.42578
	6340.00000000		5.55559		-0.43906
	6345.00000000		5.73503		-0.44121
	6350.00000000		5.94371		-0.48219
	6355.00000000		6.15709		-0.55206
	6360.00000000		6.09126		-0.61934
	6365.00000000		5.94361		-0.63288
	6370.00000000		5.82328		-0.58638
	6375.00000000		5.95334		-0.54023
	6380.00000000		6.02860		-0.53728
	6385.00000000		6.01048		-0.56457
	6390.00000000		5.79823		-0.57833
	6395.00000000		5.64576		-0.57992
	6400.00000000		5.51553		-0.60770
	6405.00000000		5.39643		-0.62287
	6410.00000000		5.48930		-0.63780
	6415.00000000		5.48771		-0.62062
	6420.00000000		5.50344		-0.63628
	6425.00000000		5.44034		-0.63363
	6430.00000000		5.26232		-0.61209
	6435.00000000		5.19998		-0.58140
	6440.00000000		5.14299		-0.57952
	6445.00000000		5.25164		-0.59152
	6450.00000000		5.32911		-0.60265
	6455.00000000		5.36448		-0.66735
	6460.00000000		5.31504		-0.69943
	6465.00000000		5.17919		-0.75617
	6470.00000000		5.12599		-0.76735
	6475.00000000		5.09232		-0.78659
	6480.00000000		5.28776		-0.79011
	6485.00000000		5.48100		-0.83509
	6490.00000000		5.79882		-0.89572
	6495.00000000		5.83480		-0.91079
	6500.00000000		5.80698		-0.85315
	6505.00000000		5.69831		-0.80109
	6510.00000000		5.80130		-0.78781
	6515.00000000		6.02849		-0.81699
	6520.00000000		6.06313		-0.83943
	6525.00000000		6.14862		-0.83514
	6530.00000000		5.98763		-0.81416
	6535.00000000		5.99163		-0.82596
	6540.00000000		5.92825		-0.88222
	6545.00000000		5.90655		-0.93592
	6550.00000000		5.78699		-0.92701
	6555.00000000		5.72430		-0.87426
	6560.00000000		5.82352		-0.83399
	6565.00000000		5.85458		-0.79183
	6570.00000000		5.89733		-0.80137
	6575.00000000		5.77993		-0.85447
	6580.00000000		5.74976		-0.86236
	6585.00000000		5.67012		-0.86216
	6590.00000000		5.79018		-0.83401
	6595.00000000		5.79073		-0.83252
	6600.00000000		5.67381		-0.80292
	6605.00000000		5.56963		-0.77978
	6610.00000000		5.46818		-0.67951
	6615.00000000		5.52759		-0.61102
	6620.00000000		5.53703		-0.55667
	6625.00000000		5.49555		-0.52334
	6630.00000000		5.30444		-0.52029
	6635.00000000		5.10790		-0.53406
	6640.00000000		5.00700		-0.58405
	6645.00000000		4.99645		-0.59355
	6650.00000000		5.01725		-0.58479
	6655.00000000		4.98608		-0.53660
	6660.00000000		5.06569		-0.53844
	6665.00000000		5.01082		-0.55901
	6670.00000000		5.12106		-0.58158
	6675.00000000		4.98325		-0.52375
	6680.00000000		4.88130		-0.45506
	6685.00000000		4.76580		-0.36939
	6690.00000000		4.68718		-0.31333
	6695.00000000		4.80980		-0.32720
	6700.00000000		4.88691		-0.36429
	6705.00000000		4.86755		-0.37028
	6710.00000000		4.63448		-0.33237
	6715.00000000		4.61546		-0.30327
	6720.00000000		4.66213		-0.28850
	6725.00000000		4.76106		-0.28002
	6730.00000000		4.91009		-0.25893
	6735.00000000		4.92449		-0.20597
	6740.00000000		5.05333		-0.23767
	6745.00000000		4.91953		-0.28141
	6750.00000000		4.97577		-0.31996
	6755.00000000		4.83469		-0.25952
	6760.00000000		4.74458		-0.21671
	6765.00000000		4.64835		-0.21232
	6770.00000000		4.40546		-0.25293
	6775.00000000		4.42939		-0.34950
	6780.00000000		4.07762		-0.37785
	6785.00000000		4.13570		-0.28677
	6790.00000000		4.17751		-0.10439
	6795.00000000		4.15816		-0.03199
	6800.00000000		3.98859		-0.04760
	6805.00000000		3.69943		-0.10637
	6810.00000000		3.70376		-0.21205
	6815.00000000		3.62220		-0.20025
	6820.00000000		3.67230		-0.21193
	6825.00000000		3.48594		-0.16610
	6830.00000000		3.48982		-0.18138
	6835.00000000		3.46471		-0.15614
	6840.00000000		3.52645		-0.12752
	6845.00000000		3.75754		-0.14139
	6850.00000000		3.79136		-0.11930
	6855.00000000		3.91061		-0.12223
	6860.00000000		3.83811		-0.09415
	6865.00000000		3.93270		-0.11570
	6870.00000000		3.89627		-0.11893
	6875.00000000		3.91225		-0.15445
	6880.00000000		4.16428		-0.20985
	6885.00000000		4.00598		-0.25265
	6890.00000000		4.10213		-0.24764
	6895.00000000		3.91886		-0.19326
	6900.00000000		4.00118		-0.13277
	6905.00000000		4.04554		-0.09217
	6910.00000000		3.96615		-0.07508
	6915.00000000		4.03177		-0.10725
	6920.00000000		4.06318		-0.11587
	6925.00000000		4.24221		-0.09043
	6930.00000000		4.22576		0.01818
	6935.00000000		4.19593		0.08640
	6940.00000000		3.92693		0.06217
	6945.00000000		4.06291		-0.09754
	6950.00000000		4.33296		-0.25395
	6955.00000000		4.42232		-0.26598
	6960.00000000		4.37524		-0.17553
	6965.00000000		4.20590		-0.08490
	6970.00000000		4.05965		-0.05123
	6975.00000000		3.91820		-0.10259
	6980.00000000		4.00819		-0.11390
	6985.00000000		4.16058		-0.05756
	6990.00000000		4.12731		0.03512
	6995.00000000		3.95328		0.12235
	7000.00000000		3.71428		0.13392
	7005.00000000		3.66563		0.06436
	7010.00000000		3.56867		0.02330
	7015.00000000		3.82292		0.03205
	7020.00000000		3.84948		0.05356
	7025.00000000		4.03548		0.04777
	7030.00000000		4.14709		0.05507
	7035.00000000		4.16727		0.07569
	7040.00000000		4.07395		0.06041
	7045.00000000		3.87062		0.05153
	7050.00000000		3.93852		0.00803
	7055.00000000		3.98320		0.05279
	7060.00000000		4.22008		0.11652
	7065.00000000		4.26465		0.17930
	7070.00000000		4.13662		0.22630
	7075.00000000		3.98937		0.19033
	7080.00000000		3.90108		0.17995
	7085.00000000		4.12012		0.14497
	7090.00000000		4.17139		0.18812
	7095.00000000		4.20420		0.14358
	7100.00000000		3.92932		0.07408
	7105.00000000		3.69286		-0.01814
	7110.00000000		3.71021		-0.08278
	7115.00000000		3.73091		-0.04574
	7120.00000000		3.94543		-0.00915
	7125.00000000		3.92001		-0.00296
	7130.00000000		3.83659		-0.08164
	7135.00000000		3.72240		-0.15610
	7140.00000000		3.62893		-0.21498
	7145.00000000		3.62113		-0.17959
	7150.00000000		3.62469		-0.16153
	7155.00000000		3.56061		-0.17943
	7160.00000000		3.44114		-0.18941
	7165.00000000		3.41862		-0.17205
	7170.00000000		3.46679		-0.10053
	7175.00000000		3.39215		-0.01273
	7180.00000000		3.41974		-0.00161
	7185.00000000		3.32801		-0.00532
	7190.00000000		3.22884		0.03326
	7195.00000000		3.31958		0.01767
	7200.00000000		3.23623		0.01021
	7205.00000000		3.25170		-0.04074
	7210.00000000		3.22160		-0.02135
	7215.00000000		3.07095		0.04427
	7220.00000000		3.21591		-0.05711
	7225.00000000		3.17485		-0.17619
	7230.00000000		3.23151		-0.24108
	7235.00000000		3.30615		-0.17267
	7240.00000000		3.22807		-0.08060
	7245.00000000		3.46775		-0.11468
	7250.00000000		3.48282		-0.16031
	7255.00000000		3.58344		-0.21859
	7260.00000000		3.60777		-0.23213
	7265.00000000		3.42111		-0.17171
	7270.00000000		3.35591		-0.15643
	7275.00000000		3.26054		-0.13066
	7280.00000000		3.28069		-0.12931
	7285.00000000		3.41261		-0.11456
	7290.00000000		3.23206		-0.08610
	7295.00000000		3.10249		-0.20869
	7300.00000000		2.78478		-0.37435
	7305.00000000		2.50193		-0.44436
	7310.00000000		2.44396		-0.31798
	7315.00000000		2.46897		-0.25820
	7320.00000000		2.44767		-0.31754
	7325.00000000		2.33334		-0.46541
	7330.00000000		2.33692		-0.48634
	7335.00000000		2.46982		-0.34132
	7340.00000000		2.52844		-0.21080
	7345.00000000		2.41867		-0.17756
	7350.00000000		2.25971		-0.25824
	7355.00000000		2.26943		-0.28283
	7360.00000000		2.41609		-0.18585
	7365.00000000		2.61066		-0.08106
	7370.00000000		2.73044		-0.10947
	7375.00000000		2.90657		-0.19595
	7380.00000000		3.07356		-0.24575
	7385.00000000		3.00535		-0.20921
	7390.00000000		2.84077		-0.18673
	7395.00000000		2.81678		-0.26779
	7400.00000000		2.92190		-0.33250
	7405.00000000		2.99186		-0.36205
	7410.00000000		2.88110		-0.35774
	7415.00000000		3.07583		-0.35806
	7420.00000000		3.12772		-0.40842
	7425.00000000		3.15457		-0.48278
	7430.00000000		3.38788		-0.50597
	7435.00000000		3.31183		-0.49214
	7440.00000000		3.48669		-0.48994
	7445.00000000		3.72422		-0.55856
	7450.00000000		3.67059		-0.65480
	7455.00000000		3.76274		-0.62802
	7460.00000000		3.50600		-0.56278
	7465.00000000		3.72358		-0.50351
	7470.00000000		3.66388		-0.50836
	7475.00000000		3.92352		-0.58617
	7480.00000000		3.99456		-0.62146
	7485.00000000		4.03045		-0.57093
	7490.00000000		3.91533		-0.42798
	7495.00000000		3.86108		-0.31796
	7500.00000000		3.80022		-0.31942
	7505.00000000		3.77721		-0.41095
	7510.00000000		3.92464		-0.47282
	7515.00000000		3.96972		-0.46951
	7520.00000000		4.11801		-0.37649
	7525.00000000		4.05300		-0.26533
	7530.00000000		4.19164		-0.20499
	7535.00000000		4.01625		-0.21504
	7540.00000000		4.05136		-0.25717
	7545.00000000		3.99325		-0.30659
	7550.00000000		4.18246		-0.29029
	7555.00000000		4.34115		-0.24966
	7560.00000000		4.22660		-0.18828
	7565.00000000		4.04265		-0.20102
	7570.00000000		3.74994		-0.23459
	7575.00000000		3.87904		-0.30803
	7580.00000000		3.90400		-0.32743
	7585.00000000		4.19420		-0.28354
	7590.00000000		4.06474		-0.21770
	7595.00000000		3.84684		-0.18700
	7600.00000000		3.78173		-0.21091
	7605.00000000		3.89644		-0.28630
	7610.00000000		4.34668		-0.35515
	7615.00000000		4.54541		-0.36655
	7620.00000000		4.60314		-0.40924
	7625.00000000		4.42222		-0.44486
	7630.00000000		4.39814		-0.48849
	7635.00000000		4.47311		-0.52995
	7640.00000000		4.39739		-0.56444
	7645.00000000		4.31847		-0.58353
	7650.00000000		4.20793		-0.61689
	7655.00000000		4.20108		-0.63764
	7660.00000000		4.20375		-0.66605
	7665.00000000		4.18342		-0.73029
	7670.00000000		3.99247		-0.77689
	7675.00000000		3.81018		-0.84573
	7680.00000000		3.88138		-0.88695
	7685.00000000		3.89453		-0.89402
	7690.00000000		3.95106		-0.85050
	7695.00000000		3.87498		-0.82359
	7700.00000000		3.86351		-0.78631
	7705.00000000		3.84092		-0.77000
	7710.00000000		3.87326		-0.72234
	7715.00000000		3.83520		-0.71197
	7720.00000000		3.58324		-0.65704
	7725.00000000		3.53422		-0.63577
	7730.00000000		3.52775		-0.65514
	7735.00000000		3.60763		-0.67688
	7740.00000000		3.63875		-0.68374
	7745.00000000		3.67664		-0.64511
	7750.00000000		3.72948		-0.63899
	7755.00000000		3.62271		-0.67950
	7760.00000000		3.80687		-0.71543
	7765.00000000		3.88137		-0.69843
	7770.00000000		3.98991		-0.66723
	7775.00000000		4.03753		-0.65034
	7780.00000000		3.87420		-0.66081
	7785.00000000		3.84234		-0.67512
	7790.00000000		3.79287		-0.69789
	7795.00000000		3.89890		-0.69975
	7800.00000000		4.02021		-0.67155
	7805.00000000		4.14092		-0.64452
	7810.00000000		4.21937		-0.61403
	7815.00000000		3.99783		-0.64625
	7820.00000000		3.92252		-0.67315
	7825.00000000		3.91594		-0.66527
	7830.00000000		3.98431		-0.63477
	7835.00000000		4.09327		-0.58994
	7840.00000000		3.99092		-0.61295
	7845.00000000		3.97575		-0.63980
	7850.00000000		3.98673		-0.70498
	7855.00000000		4.19273		-0.75321
	7860.00000000		4.31811		-0.77747
	7865.00000000		4.51331		-0.74041
	7870.00000000		4.41796		-0.77249
	7875.00000000		4.43569		-0.84134
	7880.00000000		4.49985		-0.88591
	7885.00000000		4.56420		-0.84669
	7890.00000000		4.63654		-0.76620
	7895.00000000		4.62894		-0.76922
	7900.00000000		4.50172		-0.77780
	7905.00000000		4.43409		-0.80357
	7910.00000000		4.40577		-0.80303
	7915.00000000		4.36456		-0.75361
	7920.00000000		4.55555		-0.72552
	7925.00000000		4.38853		-0.75271
	7930.00000000		4.29523		-0.79086
	7935.00000000		4.13641		-0.81083
	7940.00000000		4.20822		-0.79957
	7945.00000000		4.19476		-0.81709
	7950.00000000		4.17411		-0.82889
	7955.00000000		4.17796		-0.82914
	7960.00000000		4.05444		-0.80909
	7965.00000000		4.09677		-0.80095
	7970.00000000		4.12432		-0.83230
	7975.00000000		4.26385		-0.84913
	7980.00000000		4.23150		-0.88639
	7985.00000000		4.32247		-0.84243
	7990.00000000		4.40637		-0.77995
	7995.00000000		4.64894		-0.70782
	8000.00000000		4.76003		-0.69303
	8005.00000000		4.81028		-0.63665
	8010.00000000		4.88790		-0.60048
	8015.00000000		4.98806		-0.55946
	8020.00000000		5.14998		-0.56156
	8025.00000000		5.27009		-0.58152
	8030.00000000		5.38157		-0.59471
	8035.00000000		5.46097		-0.58187
	8040.00000000		5.43190		-0.54113
	8045.00000000		5.58559		-0.53799
	8050.00000000		5.59195		-0.58049
	8055.00000000		5.80005		-0.59970
	8060.00000000		5.94110		-0.54950
	8065.00000000		6.10905		-0.46763
	8070.00000000		6.09431		-0.38787
	8075.00000000		5.95330		-0.41396
	8080.00000000		5.93458		-0.43791
	8085.00000000		5.89890		-0.41688
	8090.00000000		5.89044		-0.37032
	8095.00000000		5.81930		-0.31548
	8100.00000000		5.81301		-0.32926
	8105.00000000		5.77645		-0.39096
	8110.00000000		5.99399		-0.47697
	8115.00000000		6.06612		-0.49733
	8120.00000000		5.95288		-0.49380
	8125.00000000		5.69805		-0.49508
	8130.00000000		5.58272		-0.56971
	8135.00000000		5.56625		-0.60717
	8140.00000000		5.67280		-0.59031
	8145.00000000		5.77886		-0.53312
	8150.00000000		5.77093		-0.47925
	8155.00000000		5.88675		-0.48082
	8160.00000000		5.98879		-0.51657
	8165.00000000		6.09544		-0.54423
	8170.00000000		5.98273		-0.55301
	8175.00000000		6.01141		-0.55268
	8180.00000000		6.09960		-0.57748
	8185.00000000		6.28837		-0.60235
	8190.00000000		6.20789		-0.67182
	8195.00000000		6.19920		-0.70687
	8200.00000000		6.30616		-0.69483
	8205.00000000		6.47565		-0.66603
	8210.00000000		6.70231		-0.65022
	8215.00000000		6.58097		-0.68735
	8220.00000000		6.46411		-0.73284
	8225.00000000		6.30488		-0.77616
	8230.00000000		6.44182		-0.75136
	8235.00000000		6.46887		-0.72079
	8240.00000000		6.23906		-0.65392
	8245.00000000		5.87102		-0.58112
	8250.00000000		5.82671		-0.57571
	8255.00000000		6.06032		-0.61391
	8260.00000000		6.22734		-0.65680
	8265.00000000		6.14608		-0.66472
	8270.00000000		5.87475		-0.67236
	8275.00000000		5.67805		-0.68174
	8280.00000000		5.59117		-0.72478
	8285.00000000		5.74165		-0.73594
	8290.00000000		5.72066		-0.72031
	8295.00000000		5.56348		-0.69564
	8300.00000000		5.42889		-0.68394
	8305.00000000		5.42249		-0.70734
	8310.00000000		5.47202		-0.72032
	8315.00000000		5.49340		-0.73324
	8320.00000000		5.35150		-0.72424
	8325.00000000		5.28125		-0.66955
	8330.00000000		5.35862		-0.66562
	8335.00000000		5.53419		-0.73841
	8340.00000000		5.63005		-0.80988
	8345.00000000		5.46534		-0.87215
	8350.00000000		5.42368		-0.85378
	8355.00000000		5.37584		-0.84126
	8360.00000000		5.54115		-0.81876
	8365.00000000		5.54733		-0.87892
	8370.00000000		5.54238		-0.96815
	8375.00000000		5.54773		-1.04391
	8380.00000000		5.71602		-1.03842
	8385.00000000		5.99307		-0.98689
	8390.00000000		6.03092		-0.95829
	8395.00000000		5.84262		-0.97034
	8400.00000000		5.66050		-1.04070
	8405.00000000		5.64971		-1.08029
	8410.00000000		5.73485		-1.13037
	8415.00000000		5.93514		-1.11518
	8420.00000000		5.80042		-1.10058
	8425.00000000		5.59192		-1.06483
	8430.00000000		5.35965		-1.04877
	8435.00000000		5.32770		-1.00756
	8440.00000000		5.36058		-0.97272
	8445.00000000		5.46589		-0.97905
	8450.00000000		5.56392		-0.99695
	8455.00000000		5.57844		-1.01637
	8460.00000000		5.42262		-0.98909
	8465.00000000		5.17807		-0.95824
	8470.00000000		5.08901		-0.93185
	8475.00000000		5.19228		-1.00395
	8480.00000000		5.37264		-1.07804
	8485.00000000		5.66389		-1.12583
	8490.00000000		5.66551		-1.11238
	8495.00000000		5.52443		-1.09026
	8500.00000000		5.50802		-1.10973
	8505.00000000		5.53126		-1.15511
	8510.00000000		5.64653		-1.17223
	8515.00000000		5.78465		-1.18018
	8520.00000000		5.77744		-1.17688
	8525.00000000		5.71185		-1.16029
	8530.00000000		5.68277		-1.16397
	8535.00000000		5.78155		-1.11527
	8540.00000000		5.96685		-1.12578
	8545.00000000		6.17335		-1.08472
	8550.00000000		6.12456		-1.07985
	8555.00000000		5.99881		-1.05504
	8560.00000000		5.85448		-1.07659
	8565.00000000		5.86079		-1.08338
	8570.00000000		6.11749		-1.08634
	8575.00000000		6.34783		-1.08574
	8580.00000000		6.43776		-1.06125
	8585.00000000		6.23522		-1.07652
	8590.00000000		6.08025		-1.03121
	8595.00000000		5.86070		-1.04202
	8600.00000000		5.81992		-0.98154
	8605.00000000		5.76725		-0.98757
	8610.00000000		5.80136		-0.97918
	8615.00000000		5.73733		-0.98819
	8620.00000000		5.54193		-0.99335
	8625.00000000		5.48920		-0.95472
	8630.00000000		5.46990		-0.96499
	8635.00000000		5.56120		-0.95213
	8640.00000000		5.62025		-0.99267
	8645.00000000		5.73361		-0.96495
	8650.00000000		5.78699		-0.99431
	8655.00000000		5.86629		-0.98033
	8660.00000000		5.94272		-0.99565
	8665.00000000		5.96119		-1.04066
	8670.00000000		5.99442		-1.04539
	8675.00000000		5.94670		-1.04924
	8680.00000000		5.84322		-1.02600
	8685.00000000		5.59676		-1.01025
	8690.00000000		5.28832		-0.99681
	8695.00000000		4.86020		-1.00123
	8700.00000000		4.86725		-0.99942
	8705.00000000		4.95462		-1.04014
	8710.00000000		4.90891		-1.03650
	8715.00000000		4.66260		-1.04598
	8720.00000000		4.52401		-1.06511
	8725.00000000		4.44416		-1.08255
	8730.00000000		4.45996		-1.07268
	8735.00000000		4.42828		-1.06993
	8740.00000000		4.37161		-1.08374
	8745.00000000		4.19316		-1.07743
	8750.00000000		4.15813		-1.06376
	8755.00000000		4.25571		-1.04910
	8760.00000000		4.36979		-1.06844
	8765.00000000		4.47091		-1.05549
	8770.00000000		4.38681		-1.08282
	8775.00000000		4.38209		-1.08868
	8780.00000000		4.22218		-1.11617
	8785.00000000		4.19606		-1.12106
	8790.00000000		4.21895		-1.09941
	8795.00000000		4.07518		-1.05654
	8800.00000000		4.14350		-0.93586
	8805.00000000		4.02429		-0.95597
	8810.00000000		4.29825		-0.96697
	8815.00000000		4.15245		-1.06168
	8820.00000000		4.17441		-0.99312
	8825.00000000		3.98253		-0.95224
	8830.00000000		4.20081		-0.92319
	8835.00000000		4.53897		-0.96920
	8840.00000000		4.71287		-1.08226
	8845.00000000		4.84586		-1.15798
	8850.00000000		4.69488		-1.21542
	8855.00000000		4.61702		-1.12703
	8860.00000000		4.48055		-1.07642
	8865.00000000		4.58543		-1.02935
	8870.00000000		4.59857		-1.12609
	8875.00000000		4.72689		-1.20554
	8880.00000000		4.79447		-1.23484
	8885.00000000		4.69836		-1.20609
	8890.00000000		4.70909		-1.10275
	8895.00000000		4.52301		-1.10371
	8900.00000000		4.62896		-1.08006
	8905.00000000		4.71111		-1.13493
	8910.00000000		4.93722		-1.09595
	8915.00000000		4.92963		-1.06387
	8920.00000000		4.81501		-0.99038
	8925.00000000		4.75763		-0.94839
	8930.00000000		4.75183		-1.00380
	8935.00000000		4.89594		-1.04626
	8940.00000000		4.73613		-1.14621
	8945.00000000		4.71774		-1.13140
	8950.00000000		4.49312		-1.19030
	8955.00000000		4.64708		-1.16744
	8960.00000000		4.78032		-1.19686
	8965.00000000		4.86468		-1.18693
	8970.00000000		4.84067		-1.16980
	8975.00000000		4.79378		-1.15026
	8980.00000000		4.86981		-1.12849
	8985.00000000		4.79670		-1.13925
	8990.00000000		4.72826		-1.09231
	8995.00000000		4.50270		-1.06033
	9000.00000000		4.55334		-0.98745
	9005.00000000		4.69406		-1.01544
	9010.00000000		5.06992		-1.09339
	9015.00000000		5.18952		-1.14620
	9020.00000000		4.99394		-1.10526
	9025.00000000		4.88489		-1.01655
	9030.00000000		5.00189		-1.01184
	9035.00000000		5.26368		-1.07139
	9040.00000000		5.20741		-1.16871
	9045.00000000		5.12952		-1.15811
	9050.00000000		4.90116		-1.11218
	9055.00000000		4.96484		-1.02896
	9060.00000000		4.98084		-1.03800
	9065.00000000		5.08130		-1.07096
	9070.00000000		5.12804		-1.08284
	9075.00000000		5.04348		-1.03944
	9080.00000000		4.97333		-0.98665
	9085.00000000		4.99370		-0.99992
	9090.00000000		5.08807		-1.02477
	9095.00000000		5.03612		-1.05556
	9100.00000000		4.96588		-1.04528
	9105.00000000		4.97602		-1.04515
	9110.00000000		5.28191		-1.05374
	9115.00000000		5.42121		-1.07235
	9120.00000000		5.32166		-1.10237
	9125.00000000		5.12590		-1.13155
	9130.00000000		5.10711		-1.14008
	9135.00000000		5.19312		-1.15026
	9140.00000000		5.19466		-1.18146
	9145.00000000		5.21666		-1.23292
	9150.00000000		5.20385		-1.27370
	9155.00000000		5.26622		-1.25865
	9160.00000000		5.29389		-1.21868
	9165.00000000		5.06026		-1.17098
	9170.00000000		4.78719		-1.13419
	9175.00000000		4.60357		-1.16994
	9180.00000000		4.79694		-1.24308
	9185.00000000		4.92776		-1.25626
	9190.00000000		4.90170		-1.18122
	9195.00000000		4.62847		-1.13965
	9200.00000000		4.56015		-1.11392
	9205.00000000		4.63838		-1.13651
	9210.00000000		4.78437		-1.17404
	9215.00000000		4.99421		-1.18472
	9220.00000000		5.20432		-1.22106
	9225.00000000		5.39678		-1.22889
	9230.00000000		5.30570		-1.24206
	9235.00000000		5.15663		-1.23068
	9240.00000000		4.95040		-1.22850
	9245.00000000		4.98077		-1.25236
	9250.00000000		5.22129		-1.28890
	9255.00000000		5.37101		-1.32495
	9260.00000000		5.39320		-1.29939
	9265.00000000		5.19944		-1.32477
	9270.00000000		5.19881		-1.27985
	9275.00000000		5.19259		-1.28687
	9280.00000000		5.39561		-1.26436
	9285.00000000		5.57361		-1.28615
	9290.00000000		5.69583		-1.24617
	9295.00000000		5.61488		-1.23555
	9300.00000000		5.52389		-1.19458
	9305.00000000		5.48555		-1.16507
	9310.00000000		5.57590		-1.16792
	9315.00000000		5.90508		-1.11122
	9320.00000000		5.91181		-1.14900
	9325.00000000		5.80257		-1.15337
	9330.00000000		5.68269		-1.21400
	9335.00000000		5.69654		-1.24056
	9340.00000000		5.85499		-1.27496
	9345.00000000		6.13118		-1.29254
	9350.00000000		6.32524		-1.30742
	9355.00000000		6.29882		-1.34564
	9360.00000000		6.19457		-1.30910
	9365.00000000		6.01409		-1.32608
	9370.00000000		6.20905		-1.24566
	9375.00000000		6.33296		-1.26236
	9380.00000000		6.31478		-1.28954
	9385.00000000		6.22081		-1.30780
	9390.00000000		6.13956		-1.26178
	9395.00000000		6.07491		-1.21268
	9400.00000000		6.10629		-1.14473
	9405.00000000		6.21055		-1.13992
	9410.00000000		6.35772		-1.17967
	9415.00000000		6.48961		-1.21693
	9420.00000000		6.47275		-1.20812
	9425.00000000		6.34430		-1.13761
	9430.00000000		6.16729		-1.08386
	9435.00000000		6.26681		-1.03982
	9440.00000000		6.36870		-1.08786
	9445.00000000		6.51955		-1.11252
	9450.00000000		6.57176		-1.14486
	9455.00000000		6.45852		-1.11728
	9460.00000000		6.19224		-1.10269
	9465.00000000		5.97207		-1.09347
	9470.00000000		6.00480		-1.11659
	9475.00000000		6.25265		-1.15601
	9480.00000000		6.63384		-1.18360
	9485.00000000		6.77995		-1.20546
	9490.00000000		6.48159		-1.18620
	9495.00000000		6.19063		-1.21130
	9500.00000000		6.20007		-1.25152
	9505.00000000		6.47749		-1.29334
	9510.00000000		6.73647		-1.25840
	9515.00000000		6.61655		-1.17403
	9520.00000000		6.40987		-1.11821
	9525.00000000		6.39986		-1.08646
	9530.00000000		6.60936		-1.11620
	9535.00000000		6.97508		-1.11585
	9540.00000000		6.87579		-1.13174
	9545.00000000		6.57675		-1.08913
	9550.00000000		6.47390		-1.05754
	9555.00000000		6.62089		-1.03462
	9560.00000000		6.73739		-1.06273
	9565.00000000		6.76225		-1.10449
	9570.00000000		6.52994		-1.15466
	9575.00000000		6.43218		-1.20833
	9580.00000000		6.57220		-1.20348
	9585.00000000		6.69558		-1.20078
	9590.00000000		6.67127		-1.21063
	9595.00000000		6.58591		-1.28427
	9600.00000000		6.58667		-1.30212
	9605.00000000		6.62207		-1.35245
	9610.00000000		6.75744		-1.32693
	9615.00000000		6.78845		-1.35134
	9620.00000000		6.74905		-1.40054
	9625.00000000		6.68307		-1.44617
	9630.00000000		6.67107		-1.41482
	9635.00000000		6.60159		-1.33959
	9640.00000000		6.45278		-1.28170
	9645.00000000		6.30975		-1.26156
	9650.00000000		6.29786		-1.29273
	9655.00000000		6.44011		-1.29028
	9660.00000000		6.40615		-1.27955
	9665.00000000		6.33527		-1.23321
	9670.00000000		6.31742		-1.24058
	9675.00000000		6.40592		-1.25526
	9680.00000000		6.47548		-1.27994
	9685.00000000		6.39681		-1.25508
	9690.00000000		6.28437		-1.23792
	9695.00000000		6.21525		-1.20434
	9700.00000000		6.15576		-1.18932
	9705.00000000		6.16756		-1.21432
	9710.00000000		6.28180		-1.24428
	9715.00000000		6.35942		-1.27697
	9720.00000000		6.42082		-1.26445
	9725.00000000		6.46732		-1.28205
	9730.00000000		6.53101		-1.26168
	9735.00000000		6.62530		-1.29778
	9740.00000000		6.66945		-1.31322
	9745.00000000		6.56755		-1.34311
	9750.00000000		6.52236		-1.35563
	9755.00000000		6.65329		-1.34859
	9760.00000000		7.00479		-1.36116
	9765.00000000		7.18455		-1.33726
	9770.00000000		6.84031		-1.38283
	9775.00000000		6.54800		-1.40586
	9780.00000000		6.42733		-1.45652
	9785.00000000		6.63696		-1.49292
	9790.00000000		6.89527		-1.47309
	9795.00000000		6.96164		-1.43998
	9800.00000000		6.71693		-1.39510
	9805.00000000		6.47567		-1.40244
	9810.00000000		6.52086		-1.42284
	9815.00000000		6.76017		-1.44781
	9820.00000000		7.17294		-1.45940
	9825.00000000		7.39168		-1.43366
	9830.00000000		7.23152		-1.40461
	9835.00000000		6.97161		-1.32735
	9840.00000000		6.99788		-1.24952
	9845.00000000		7.18316		-1.20325
	9850.00000000		7.39557		-1.18439
	9855.00000000		7.44817		-1.18834
	9860.00000000		7.38607		-1.16916
	9865.00000000		7.29748		-1.11708
	9870.00000000		7.32583		-1.08695
	9875.00000000		7.65406		-1.07887
	9880.00000000		7.87994		-1.14223
	9885.00000000		7.91561		-1.20670
	9890.00000000		7.73190		-1.26932
	9895.00000000		7.70789		-1.28683
	9900.00000000		7.88446		-1.30853
	9905.00000000		7.89255		-1.33028
	9910.00000000		7.69645		-1.34626
	9915.00000000		7.43538		-1.34530
	9920.00000000		7.56172		-1.32059
	9925.00000000		7.91269		-1.34706
	9930.00000000		8.03748		-1.32827
	9935.00000000		7.90148		-1.38473
	9940.00000000		7.61041		-1.38355
	9945.00000000		7.37354		-1.45211
	9950.00000000		7.56270		-1.47172
	9955.00000000		7.81351		-1.52932
	9960.00000000		7.83523		-1.55895
	9965.00000000		7.60770		-1.60349
	9970.00000000		7.41584		-1.71689
	9975.00000000		7.54100		-1.71090
	9980.00000000		7.62685		-1.77561
	9985.00000000		7.72445		-1.74623
	9990.00000000		7.74040		-1.83299
	9995.00000000		7.83428		-1.90119
	10000.00000000		7.92282		-1.99858
