	0.00000000		8.02193		-0.32273
	5.00000000		8.00828		-0.33153
	10.00000000		7.92577		-0.31109
	15.00000000		7.87028		-0.29288
	20.00000000		7.87109		-0.28169
	25.00000000		7.85207		-0.30082
	30.00000000		7.80443		-0.35028
	35.00000000		7.69053		-0.34803
	40.00000000		7.64908		-0.30416
	45.00000000		7.66353		-0.26571
	50.00000000		7.69872		-0.28975
	55.00000000		7.71539		-0.28979
	60.00000000		7.71745		-0.27470
	65.00000000		7.77780		-0.25269
	70.00000000		7.93607		-0.28128
	75.00000000		8.24770		-0.33174
	80.00000000		8.38410		-0.33773
	85.00000000		8.35352		-0.27696
	90.00000000		8.41615		-0.24298
	95.00000000		8.59236		-0.30189
	100.00000000		8.84064		-0.39727
	105.00000000		8.91727		-0.46416
	110.00000000		8.76109		-0.44619
	115.00000000		8.64738		-0.40474
	120.00000000		8.77714		-0.40807
	125.00000000		8.94711		-0.44368
	130.00000000		8.83879		-0.46925
	135.00000000		8.59788		-0.44904
	140.00000000		8.27712		-0.40413
	145.00000000		8.07236		-0.34170
	150.00000000		8.28260		-0.31840
	155.00000000		8.58905		-0.30500
	160.00000000		8.66559		-0.30654
	165.00000000		8.45000		-0.31427
	170.00000000		8.22507		-0.33676
	175.00000000		8.06353		-0.36139
	180.00000000		8.01686		-0.38083
	185.00000000		8.02683		-0.38472
	190.00000000		7.94460		-0.38123
	195.00000000		7.79523		-0.36562
	200.00000000		7.75296		-0.33222
	205.00000000		7.86174		-0.30816
	210.00000000		8.07814		-0.28922
	215.00000000		8.24146		-0.26497
	220.00000000		8.19944		-0.28197
	225.00000000		8.11525		-0.31068
	230.00000000		8.26075		-0.32041
	235.00000000		8.48605		-0.30203
	240.00000000		8.56479		-0.29925
	245.00000000		8.46367		-0.34550
	250.00000000		8.27764		-0.38286
	255.00000000		8.21652		-0.40878
	260.00000000		8.37979		-0.37647
	265.00000000		8.51998		-0.33424
	270.00000000		8.45856		-0.33901
	275.00000000		8.25646		-0.39599
	280.00000000		8.18691		-0.46042
	285.00000000		8.35436		-0.48291
	290.00000000		8.47082		-0.44375
	295.00000000		8.36024		-0.41428
	300.00000000		8.00240		-0.41581
	305.00000000		7.70691		-0.46047
	310.00000000		7.78063		-0.47750
	315.00000000		8.17960		-0.45842
	320.00000000		8.39714		-0.40284
	325.00000000		8.30896		-0.34346
	330.00000000		8.06292		-0.31550
	335.00000000		7.90422		-0.33632
	340.00000000		7.94129		-0.38981
	345.00000000		8.11585		-0.43316
	350.00000000		8.19916		-0.44648
	355.00000000		8.04740		-0.41067
	360.00000000		7.77274		-0.34156
	365.00000000		7.66623		-0.29027
	370.00000000		7.87487		-0.30434
	375.00000000		8.15598		-0.35240
	380.00000000		8.20509		-0.37139
	385.00000000		8.01084		-0.33966
	390.00000000		7.79663		-0.29578
	395.00000000		7.90042		-0.29146
	400.00000000		8.21921		-0.32430
	405.00000000		8.33013		-0.34767
	410.00000000		8.13611		-0.34153
	415.00000000		7.90022		-0.30720
	420.00000000		7.90180		-0.23945
	425.00000000		8.18097		-0.20769
	430.00000000		8.31282		-0.25087
	435.00000000		8.18867		-0.31139
	440.00000000		7.85984		-0.34715
	445.00000000		7.66507		-0.32262
	450.00000000		7.77096		-0.27706
	455.00000000		8.06700		-0.28837
	460.00000000		8.21614		-0.35764
	465.00000000		7.95893		-0.42411
	470.00000000		7.67511		-0.45929
	475.00000000		7.65109		-0.44717
	480.00000000		7.92797		-0.41108
	485.00000000		8.19972		-0.40726
	490.00000000		8.17141		-0.41252
	495.00000000		7.80654		-0.41910
	500.00000000		7.49276		-0.42248
	505.00000000		7.61142		-0.42869
	510.00000000		7.90377		-0.44452
	515.00000000		8.07593		-0.42307
	520.00000000		7.93607		-0.39602
	525.00000000		7.71739		-0.36380
	530.00000000		7.60288		-0.37220
	535.00000000		7.50956		-0.39133
	540.00000000		7.52769		-0.39646
	545.00000000		7.47759		-0.36370
	550.00000000		7.35158		-0.31015
	555.00000000		7.18338		-0.31512
	560.00000000		7.22384		-0.36021
	565.00000000		7.38411		-0.42678
	570.00000000		7.42494		-0.43170
	575.00000000		7.36995		-0.41998
	580.00000000		7.29851		-0.39785
	585.00000000		7.46898		-0.44535
	590.00000000		7.59172		-0.49005
	595.00000000		7.74650		-0.49515
	600.00000000		7.84977		-0.47555
	605.00000000		7.91599		-0.46979
	610.00000000		8.07992		-0.48736
	615.00000000		8.19455		-0.52265
	620.00000000		8.20022		-0.55467
	625.00000000		8.04848		-0.53593
	630.00000000		7.91350		-0.52501
	635.00000000		7.74184		-0.51369
	640.00000000		7.64726		-0.52697
	645.00000000		7.57178		-0.54109
	650.00000000		7.50709		-0.52450
	655.00000000		7.48644		-0.50474
	660.00000000		7.34179		-0.46069
	665.00000000		7.22358		-0.43998
	670.00000000		7.10274		-0.42373
	675.00000000		7.21740		-0.42305
	680.00000000		7.26821		-0.40050
	685.00000000		7.17415		-0.38217
	690.00000000		6.97348		-0.35165
	695.00000000		6.91482		-0.32039
	700.00000000		7.21801		-0.32196
	705.00000000		7.27073		-0.30419
	710.00000000		7.17569		-0.29853
	715.00000000		7.03584		-0.29344
	720.00000000		7.13382		-0.35641
	725.00000000		7.27928		-0.40094
	730.00000000		7.38108		-0.42666
	735.00000000		7.26088		-0.40997
	740.00000000		7.07885		-0.41798
	745.00000000		6.93333		-0.44128
	750.00000000		7.03759		-0.47284
	755.00000000		7.14303		-0.46997
	760.00000000		7.05209		-0.42836
	765.00000000		6.81370		-0.39118
	770.00000000		6.67041		-0.38686
	775.00000000		6.78528		-0.41831
	780.00000000		6.82212		-0.44529
	785.00000000		6.64015		-0.43928
	790.00000000		6.46266		-0.41835
	795.00000000		6.50315		-0.41782
	800.00000000		6.66429		-0.42506
	805.00000000		6.69122		-0.47513
	810.00000000		6.39215		-0.51445
	815.00000000		6.09680		-0.51382
	820.00000000		6.16919		-0.44831
	825.00000000		6.36515		-0.39753
	830.00000000		6.51443		-0.37558
	835.00000000		6.20245		-0.38383
	840.00000000		5.88221		-0.37810
	845.00000000		5.69114		-0.35639
	850.00000000		5.71515		-0.35087
	855.00000000		5.78797		-0.37408
	860.00000000		5.54738		-0.40645
	865.00000000		5.32121		-0.39602
	870.00000000		5.26442		-0.40029
	875.00000000		5.52286		-0.41259
	880.00000000		5.73344		-0.44583
	885.00000000		5.66695		-0.47444
	890.00000000		5.48722		-0.51376
	895.00000000		5.27031		-0.51752
	900.00000000		5.43305		-0.52219
	905.00000000		5.68457		-0.53144
	910.00000000		5.86564		-0.56322
	915.00000000		5.74997		-0.61034
	920.00000000		5.69404		-0.63368
	925.00000000		5.70929		-0.64557
	930.00000000		5.85108		-0.61679
	935.00000000		5.89343		-0.60175
	940.00000000		5.86457		-0.57882
	945.00000000		5.77794		-0.56594
	950.00000000		5.58705		-0.54381
	955.00000000		5.52650		-0.52239
	960.00000000		5.38928		-0.49818
	965.00000000		5.49723		-0.46091
	970.00000000		5.46379		-0.47402
	975.00000000		5.63073		-0.51520
	980.00000000		5.71062		-0.55911
	985.00000000		5.81561		-0.57332
	990.00000000		5.84286		-0.57548
	995.00000000		5.80533		-0.58643
	1000.00000000		5.81728		-0.60936
	1005.00000000		5.85010		-0.63345
	1010.00000000		6.03251		-0.63352
	1015.00000000		6.12069		-0.58874
	1020.00000000		6.12288		-0.56069
	1025.00000000		5.77482		-0.55881
	1030.00000000		5.54384		-0.57228
	1035.00000000		5.48033		-0.52880
	1040.00000000		5.48601		-0.46712
	1045.00000000		5.55160		-0.41752
	1050.00000000		5.26751		-0.42163
	1055.00000000		5.09048		-0.54230
	1060.00000000		5.05000		-0.65413
	1065.00000000		5.08261		-0.66368
	1070.00000000		5.11755		-0.63088
	1075.00000000		5.01676		-0.65371
	1080.00000000		4.93116		-0.71303
	1085.00000000		5.13999		-0.75075
	1090.00000000		5.20196		-0.71994
	1095.00000000		5.22529		-0.65864
	1100.00000000		5.06376		-0.62551
	1105.00000000		5.00649		-0.63252
	1110.00000000		5.11159		-0.65152
	1115.00000000		5.22533		-0.64937
	1120.00000000		5.18554		-0.61295
	1125.00000000		4.89782		-0.55833
	1130.00000000		4.89121		-0.51959
	1135.00000000		4.88578		-0.48838
	1140.00000000		5.08701		-0.49134
	1145.00000000		5.23676		-0.49839
	1150.00000000		5.13476		-0.51303
	1155.00000000		4.96628		-0.52259
	1160.00000000		5.03258		-0.52872
	1165.00000000		5.24771		-0.50863
	1170.00000000		5.40112		-0.53538
	1175.00000000		5.39068		-0.55419
	1180.00000000		5.21772		-0.56532
	1185.00000000		5.21504		-0.55938
	1190.00000000		5.22134		-0.53916
	1195.00000000		5.43426		-0.48984
	1200.00000000		5.50039		-0.44683
	1205.00000000		5.48281		-0.47089
	1210.00000000		5.31811		-0.51626
	1215.00000000		5.43578		-0.54714
	1220.00000000		5.64120		-0.55173
	1225.00000000		6.05090		-0.57516
	1230.00000000		6.20352		-0.59132
	1235.00000000		6.04410		-0.59872
	1240.00000000		5.92433		-0.55174
	1245.00000000		5.95062		-0.52578
	1250.00000000		6.44364		-0.52234
	1255.00000000		6.70932		-0.51943
	1260.00000000		6.58778		-0.52410
	1265.00000000		6.29133		-0.51547
	1270.00000000		6.03290		-0.49078
	1275.00000000		5.91133		-0.44244
	1280.00000000		6.02852		-0.39265
	1285.00000000		6.21623		-0.31145
	1290.00000000		6.21581		-0.28338
	1295.00000000		6.07043		-0.31162
	1300.00000000		5.94234		-0.39858
	1305.00000000		5.92242		-0.43687
	1310.00000000		5.85662		-0.39090
	1315.00000000		5.81013		-0.28312
	1320.00000000		5.66671		-0.20323
	1325.00000000		5.57732		-0.27169
	1330.00000000		5.56360		-0.34617
	1335.00000000		5.83043		-0.35046
	1340.00000000		6.05464		-0.24894
	1345.00000000		5.99804		-0.15901
	1350.00000000		5.69482		-0.13347
	1355.00000000		5.44226		-0.15112
	1360.00000000		5.47277		-0.16885
	1365.00000000		5.58378		-0.13114
	1370.00000000		5.64793		-0.07548
	1375.00000000		5.53403		-0.01504
	1380.00000000		5.24239		-0.02245
	1385.00000000		5.17190		-0.05765
	1390.00000000		5.37435		-0.07603
	1395.00000000		5.67862		-0.07113
	1400.00000000		5.71242		-0.05480
	1405.00000000		5.40144		-0.07838
	1410.00000000		5.08877		-0.07241
	1415.00000000		5.02446		-0.08475
	1420.00000000		5.22207		-0.09645
	1425.00000000		5.31228		-0.16010
	1430.00000000		5.00456		-0.17434
	1435.00000000		4.77432		-0.20444
	1440.00000000		4.69562		-0.17008
	1445.00000000		4.79443		-0.15652
	1450.00000000		4.80623		-0.15157
	1455.00000000		4.68688		-0.13336
	1460.00000000		4.47189		-0.13531
	1465.00000000		4.29320		-0.10213
	1470.00000000		4.38389		-0.14915
	1475.00000000		4.34499		-0.12339
	1480.00000000		4.46714		-0.10410
	1485.00000000		4.36752		-0.05041
	1490.00000000		4.40059		-0.10530
	1495.00000000		4.34355		-0.17415
	1500.00000000		4.56320		-0.20290
	1505.00000000		4.70312		-0.17372
	1510.00000000		4.89990		-0.12633
	1515.00000000		4.97332		-0.08742
	1520.00000000		4.86982		-0.05970
	1525.00000000		4.85630		-0.08393
	1530.00000000		4.56004		-0.09683
	1535.00000000		4.70534		-0.14378
	1540.00000000		4.84061		-0.10012
	1545.00000000		5.17737		-0.05558
	1550.00000000		5.18145		-0.01626
	1555.00000000		4.93578		-0.04602
	1560.00000000		4.77108		-0.08467
	1565.00000000		4.85380		-0.08206
	1570.00000000		5.27034		-0.08064
	1575.00000000		5.21788		-0.05158
	1580.00000000		4.80176		-0.07335
	1585.00000000		4.36303		-0.05115
	1590.00000000		4.53652		-0.02031
	1595.00000000		4.80856		0.07863
	1600.00000000		5.07454		0.14094
	1605.00000000		4.89978		0.17262
	1610.00000000		4.57877		0.14796
	1615.00000000		4.56785		0.05829
	1620.00000000		4.70560		0.05477
	1625.00000000		4.99495		0.03485
	1630.00000000		5.12434		0.02838
	1635.00000000		5.24456		0.02947
	1640.00000000		5.38989		0.05165
	1645.00000000		5.51005		0.11981
	1650.00000000		5.63457		0.16400
	1655.00000000		5.54456		0.21994
	1660.00000000		5.65459		0.19800
	1665.00000000		5.71175		0.21358
	1670.00000000		5.83778		0.16212
	1675.00000000		5.87230		0.14609
	1680.00000000		5.86258		0.12396
	1685.00000000		5.77747		0.14081
	1690.00000000		5.63176		0.16383
	1695.00000000		5.59749		0.12862
	1700.00000000		5.52365		0.09439
	1705.00000000		5.49895		0.01938
	1710.00000000		5.31725		0.03141
	1715.00000000		5.33680		0.03720
	1720.00000000		5.39094		0.09675
	1725.00000000		5.42743		0.10940
	1730.00000000		5.33670		0.09341
	1735.00000000		5.23623		0.08222
	1740.00000000		5.31921		0.05159
	1745.00000000		5.38562		0.11111
	1750.00000000		5.50446		0.11713
	1755.00000000		5.41503		0.18347
	1760.00000000		5.22930		0.19904
	1765.00000000		5.13822		0.16915
	1770.00000000		5.19344		0.17366
	1775.00000000		5.29184		0.16549
	1780.00000000		5.08388		0.23583
	1785.00000000		4.99239		0.23125
	1790.00000000		4.97517		0.23167
	1795.00000000		5.11868		0.22503
	1800.00000000		5.13282		0.25878
	1805.00000000		4.99072		0.32293
	1810.00000000		4.87767		0.35749
	1815.00000000		4.86112		0.36823
	1820.00000000		5.04376		0.31363
	1825.00000000		5.04989		0.28297
	1830.00000000		4.82715		0.30481
	1835.00000000		4.51749		0.34898
	1840.00000000		4.39469		0.39604
	1845.00000000		4.49184		0.39696
	1850.00000000		4.60043		0.41529
	1855.00000000		4.74448		0.38153
	1860.00000000		4.65157		0.39497
	1865.00000000		4.52783		0.34278
	1870.00000000		4.44384		0.32331
	1875.00000000		4.64494		0.30165
	1880.00000000		4.89242		0.29997
	1885.00000000		4.94115		0.32417
	1890.00000000		4.82847		0.29652
	1895.00000000		4.62212		0.26141
	1900.00000000		4.64594		0.15274
	1905.00000000		4.68271		0.14987
	1910.00000000		4.75236		0.14866
	1915.00000000		4.63904		0.18312
	1920.00000000		4.45206		0.16015
	1925.00000000		4.27040		0.09594
	1930.00000000		4.29725		0.05864
	1935.00000000		4.32369		0.06089
	1940.00000000		4.38481		0.06163
	1945.00000000		4.35011		0.06977
	1950.00000000		4.09640		0.06928
	1955.00000000		3.90287		0.02772
	1960.00000000		3.84897		-0.02082
	1965.00000000		4.04205		-0.03271
	1970.00000000		4.23626		-0.00549
	1975.00000000		4.40296		0.05460
	1980.00000000		4.48227		0.06007
	1985.00000000		4.40698		0.06698
	1990.00000000		4.27450		0.02724
	1995.00000000		4.18074		0.01288
	2000.00000000		4.34031		0.01711
	2005.00000000		4.64683		0.05709
	2010.00000000		5.05952		0.08398
	2015.00000000		5.07107		0.03204
	2020.00000000		4.97525		-0.00541
	2025.00000000		4.91425		-0.03710
	2030.00000000		5.21758		-0.05319
	2035.00000000		5.75134		-0.07553
	2040.00000000		6.10412		-0.10229
	2045.00000000		5.98978		-0.15092
	2050.00000000		5.83031		-0.16382
	2055.00000000		5.94307		-0.17132
	2060.00000000		6.18765		-0.15061
	2065.00000000		6.30325		-0.12590
	2070.00000000		6.04156		-0.10517
	2075.00000000		5.81838		-0.12126
	2080.00000000		5.88613		-0.14579
	2085.00000000		6.02262		-0.13729
	2090.00000000		6.13007		-0.16162
	2095.00000000		6.05897		-0.20288
	2100.00000000		6.02178		-0.25396
	2105.00000000		6.14014		-0.24386
	2110.00000000		6.40250		-0.22855
	2115.00000000		6.24805		-0.20976
	2120.00000000		5.95675		-0.23029
	2125.00000000		5.89573		-0.23839
	2130.00000000		6.16473		-0.23286
	2135.00000000		6.43533		-0.21988
	2140.00000000		6.46654		-0.17636
	2145.00000000		6.15666		-0.14799
	2150.00000000		6.03954		-0.09376
	2155.00000000		6.21028		-0.04807
	2160.00000000		6.46455		-0.01466
	2165.00000000		6.27797		-0.04329
	2170.00000000		5.77266		-0.02842
	2175.00000000		5.61859		-0.04219
	2180.00000000		5.76834		-0.02022
	2185.00000000		6.12123		-0.02470
	2190.00000000		6.26445		0.00130
	2195.00000000		6.02639		0.01152
	2200.00000000		5.65443		-0.00560
	2205.00000000		5.42469		-0.02142
	2210.00000000		5.56474		-0.03109
	2215.00000000		5.68290		0.00762
	2220.00000000		5.77940		0.02796
	2225.00000000		5.65555		0.04770
	2230.00000000		5.55893		-0.00522
	2235.00000000		5.46815		-0.09948
	2240.00000000		5.38809		-0.15069
	2245.00000000		5.40010		-0.14452
	2250.00000000		5.43924		-0.12660
	2255.00000000		5.66816		-0.09251
	2260.00000000		5.79313		-0.07063
	2265.00000000		5.83389		-0.07080
	2270.00000000		5.72863		-0.06483
	2275.00000000		5.78560		-0.06056
	2280.00000000		5.93273		-0.05391
	2285.00000000		6.06655		-0.08182
	2290.00000000		5.99947		-0.12316
	2295.00000000		5.85269		-0.12998
	2300.00000000		5.86271		-0.12025
	2305.00000000		5.96056		-0.07151
	2310.00000000		6.05706		-0.07367
	2315.00000000		6.09003		-0.05700
	2320.00000000		5.98776		-0.00392
	2325.00000000		5.96451		0.02228
	2330.00000000		5.99388		0.08362
	2335.00000000		6.19711		0.07997
	2340.00000000		6.25017		0.09104
	2345.00000000		6.20119		0.11685
	2350.00000000		6.00442		0.12625
	2355.00000000		6.00177		0.10934
	2360.00000000		6.15875		0.05826
	2365.00000000		6.18120		0.02320
	2370.00000000		6.15389		-0.01764
	2375.00000000		6.11862		0.00645
	2380.00000000		6.23467		-0.01246
	2385.00000000		6.17172		-0.03895
	2390.00000000		6.10991		-0.08847
	2395.00000000		5.96246		-0.10683
	2400.00000000		6.00517		-0.06155
	2405.00000000		6.05844		-0.01146
	2410.00000000		6.09670		0.03221
	2415.00000000		6.01533		0.07285
	2420.00000000		5.86589		0.10144
	2425.00000000		5.84880		0.11612
	2430.00000000		5.91128		0.13401
	2435.00000000		6.08894		0.11641
	2440.00000000		5.88401		0.13674
	2445.00000000		5.61147		0.12385
	2450.00000000		5.38080		0.16904
	2455.00000000		5.55100		0.20703
	2460.00000000		5.63785		0.22058
	2465.00000000		5.47275		0.20238
	2470.00000000		5.11307		0.20074
	2475.00000000		4.89069		0.24856
	2480.00000000		5.06846		0.25738
	2485.00000000		5.28423		0.26013
	2490.00000000		5.52545		0.23659
	2495.00000000		5.56791		0.22928
	2500.00000000		5.60889		0.23894
	2505.00000000		5.59219		0.24822
	2510.00000000		5.58231		0.23395
	2515.00000000		5.55364		0.15333
	2520.00000000		5.54159		0.11911
	2525.00000000		5.64818		0.11842
	2530.00000000		5.72738		0.17760
	2535.00000000		5.88940		0.21606
	2540.00000000		6.01598		0.20090
	2545.00000000		6.01460		0.19135
	2550.00000000		5.99739		0.16809
	2555.00000000		5.98697		0.20635
	2560.00000000		5.89079		0.21568
	2565.00000000		5.66224		0.23436
	2570.00000000		5.40836		0.23912
	2575.00000000		5.19665		0.21338
	2580.00000000		5.16145		0.19383
	2585.00000000		5.30645		0.20066
	2590.00000000		5.49638		0.21480
	2595.00000000		5.57260		0.19525
	2600.00000000		5.55490		0.14890
	2605.00000000		5.48767		0.14446
	2610.00000000		5.50012		0.19424
	2615.00000000		5.56417		0.24268
	2620.00000000		5.71590		0.24497
	2625.00000000		5.83461		0.19752
	2630.00000000		5.72158		0.13810
	2635.00000000		5.48626		0.09992
	2640.00000000		5.36595		0.11965
	2645.00000000		5.41269		0.14309
	2650.00000000		5.55014		0.11869
	2655.00000000		5.71850		0.07488
	2660.00000000		5.92559		0.01966
	2665.00000000		6.07490		-0.02112
	2670.00000000		6.23874		-0.06437
	2675.00000000		6.26416		-0.10267
	2680.00000000		6.26159		-0.10866
	2685.00000000		6.29864		-0.09865
	2690.00000000		6.32959		-0.10380
	2695.00000000		6.37290		-0.14682
	2700.00000000		6.32643		-0.20306
	2705.00000000		6.39621		-0.24501
	2710.00000000		6.63162		-0.18834
	2715.00000000		6.86655		-0.10772
	2720.00000000		6.87852		-0.04706
	2725.00000000		6.65526		-0.06604
	2730.00000000		6.66004		-0.09992
	2735.00000000		6.83272		-0.13264
	2740.00000000		7.04671		-0.14723
	2745.00000000		6.96971		-0.12732
	2750.00000000		6.73712		-0.11809
	2755.00000000		6.52065		-0.10907
	2760.00000000		6.56961		-0.10001
	2765.00000000		6.76753		-0.04713
	2770.00000000		6.76573		-0.00282
	2775.00000000		6.31115		-0.00096
	2780.00000000		5.87218		-0.01079
	2785.00000000		6.11586		-0.04501
	2790.00000000		6.37918		-0.01632
	2795.00000000		6.51263		0.02609
	2800.00000000		6.34673		0.05657
	2805.00000000		6.03948		0.06692
	2810.00000000		5.96351		0.01368
	2815.00000000		6.09215		-0.02789
	2820.00000000		6.27305		-0.07807
	2825.00000000		6.22680		-0.02978
	2830.00000000		6.17302		-0.01516
	2835.00000000		6.04418		0.01186
	2840.00000000		6.16471		0.01894
	2845.00000000		6.58066		0.03190
	2850.00000000		6.88946		0.11695
	2855.00000000		6.67269		0.15726
	2860.00000000		6.31664		0.23160
	2865.00000000		6.24151		0.22140
	2870.00000000		6.36946		0.23473
	2875.00000000		6.56321		0.22229
	2880.00000000		6.68948		0.20468
	2885.00000000		6.68212		0.20815
	2890.00000000		6.60028		0.17666
	2895.00000000		6.56336		0.19634
	2900.00000000		6.66463		0.18078
	2905.00000000		6.72053		0.20833
	2910.00000000		6.74724		0.16690
	2915.00000000		6.71697		0.18676
	2920.00000000		6.76644		0.18633
	2925.00000000		6.73107		0.22645
	2930.00000000		6.71796		0.22578
	2935.00000000		6.76156		0.17915
	2940.00000000		6.81144		0.16405
	2945.00000000		6.84866		0.12055
	2950.00000000		6.79515		0.11169
	2955.00000000		6.67431		0.04456
	2960.00000000		6.47423		0.03375
	2965.00000000		6.43292		-0.02078
	2970.00000000		6.45730		-0.04201
	2975.00000000		6.50842		-0.07098
	2980.00000000		6.53980		-0.10065
	2985.00000000		6.51751		-0.09922
	2990.00000000		6.54660		-0.09434
	2995.00000000		6.66012		-0.03174
	3000.00000000		6.78207		-0.04207
	3005.00000000		6.70588		0.02359
	3010.00000000		6.67279		-0.02098
	3015.00000000		6.61608		0.01859
	3020.00000000		6.81004		-0.01061
	3025.00000000		6.92675		0.01133
	3030.00000000		6.93529		-0.00548
	3035.00000000		6.87910		-0.02587
	3040.00000000		6.83043		-0.02295
	3045.00000000		6.86625		-0.05453
	3050.00000000		6.85002		-0.04182
	3055.00000000		6.83161		-0.06308
	3060.00000000		6.79299		-0.03088
	3065.00000000		6.81068		-0.02380
	3070.00000000		6.88381		-0.01901
	3075.00000000		6.90970		-0.01283
	3080.00000000		6.91745		-0.01094
	3085.00000000		6.83880		0.03091
	3090.00000000		6.79444		0.03257
	3095.00000000		6.72534		0.06128
	3100.00000000		6.69230		0.04010
	3105.00000000		6.68007		-0.00150
	3110.00000000		6.62788		-0.07194
	3115.00000000		6.51092		-0.11344
	3120.00000000		6.38011		-0.08740
	3125.00000000		6.35263		-0.06269
	3130.00000000		6.43509		-0.03071
	3135.00000000		6.55668		-0.06652
	3140.00000000		6.63277		-0.06988
	3145.00000000		6.64367		-0.07597
	3150.00000000		6.63391		-0.03978
	3155.00000000		6.50630		-0.03398
	3160.00000000		6.43130		0.00511
	3165.00000000		6.50650		0.00273
	3170.00000000		6.69889		-0.01298
	3175.00000000		6.93559		-0.02407
	3180.00000000		7.03863		-0.02382
	3185.00000000		6.98249		0.03362
	3190.00000000		7.00251		0.05585
	3195.00000000		7.11393		0.10980
	3200.00000000		7.12699		0.10148
	3205.00000000		7.05214		0.09611
	3210.00000000		7.00717		0.09698
	3215.00000000		7.01806		0.11647
	3220.00000000		7.00099		0.15916
	3225.00000000		6.96760		0.13211
	3230.00000000		7.01872		0.10914
	3235.00000000		7.14255		0.07056
	3240.00000000		7.23272		0.07813
	3245.00000000		7.22545		0.09136
	3250.00000000		7.10841		0.13082
	3255.00000000		7.02936		0.16000
	3260.00000000		7.06316		0.16361
	3265.00000000		7.19066		0.16463
	3270.00000000		7.22876		0.13682
	3275.00000000		7.17855		0.16848
	3280.00000000		6.99533		0.14325
	3285.00000000		6.99106		0.18543
	3290.00000000		7.11288		0.16250
	3295.00000000		7.25403		0.18207
	3300.00000000		7.22528		0.16399
	3305.00000000		7.01102		0.12432
	3310.00000000		6.83624		0.10510
	3315.00000000		6.91951		0.10335
	3320.00000000		7.17602		0.14861
	3325.00000000		7.42523		0.15016
	3330.00000000		7.52643		0.16564
	3335.00000000		7.43262		0.13991
	3340.00000000		7.37910		0.13413
	3345.00000000		7.36411		0.13549
	3350.00000000		7.43095		0.13276
	3355.00000000		7.51645		0.14792
	3360.00000000		7.53770		0.11126
	3365.00000000		7.55870		0.08451
	3370.00000000		7.53650		0.05101
	3375.00000000		7.48071		0.03517
	3380.00000000		7.45486		0.01593
	3385.00000000		7.50591		-0.00279
	3390.00000000		7.54835		-0.02146
	3395.00000000		7.49605		-0.05262
	3400.00000000		7.24295		-0.01231
	3405.00000000		7.07099		0.00687
	3410.00000000		7.09158		0.04732
	3415.00000000		7.23465		0.03482
	3420.00000000		7.31483		0.03520
	3425.00000000		7.31476		0.06584
	3430.00000000		7.36070		0.10482
	3435.00000000		7.51447		0.14612
	3440.00000000		7.70918		0.12531
	3445.00000000		7.73138		0.08867
	3450.00000000		7.54081		0.04987
	3455.00000000		7.36199		0.05024
	3460.00000000		7.30608		0.08233
	3465.00000000		7.34470		0.11059
	3470.00000000		7.47004		0.15466
	3475.00000000		7.56961		0.09928
	3480.00000000		7.58292		0.07525
	3485.00000000		7.43356		0.04118
	3490.00000000		7.36059		0.07482
	3495.00000000		7.41557		0.13804
	3500.00000000		7.54067		0.14579
	3505.00000000		7.67005		0.14859
	3510.00000000		7.73922		0.12095
	3515.00000000		7.86441		0.10664
	3520.00000000		7.83649		0.08032
	3525.00000000		7.73971		0.06833
	3530.00000000		7.80128		0.08451
	3535.00000000		7.98621		0.07143
	3540.00000000		8.12218		0.09274
	3545.00000000		8.23491		0.08119
	3550.00000000		8.23026		0.05104
	3555.00000000		8.18920		0.00401
	3560.00000000		8.21741		-0.00747
	3565.00000000		8.34165		0.02945
	3570.00000000		8.51215		0.06425
	3575.00000000		8.70053		0.07912
	3580.00000000		8.59846		0.02319
	3585.00000000		8.54740		-0.01663
	3590.00000000		8.63108		-0.05190
	3595.00000000		8.88472		-0.04722
	3600.00000000		9.01494		-0.03999
	3605.00000000		8.93848		-0.03189
	3610.00000000		8.72180		-0.01809
	3615.00000000		8.61633		-0.01102
	3620.00000000		8.76850		0.00496
	3625.00000000		8.96793		-0.03245
	3630.00000000		8.93800		-0.04821
	3635.00000000		8.70310		-0.04392
	3640.00000000		8.61092		-0.02470
	3645.00000000		8.75547		-0.00224
	3650.00000000		8.88924		-0.02588
	3655.00000000		8.75336		-0.01697
	3660.00000000		8.39679		0.01034
	3665.00000000		8.09122		0.02745
	3670.00000000		8.13941		0.05252
	3675.00000000		8.22072		0.02105
	3680.00000000		8.22141		0.01623
	3685.00000000		7.96637		-0.02561
	3690.00000000		7.92399		0.00117
	3695.00000000		8.12173		-0.01131
	3700.00000000		8.45958		0.01829
	3705.00000000		8.37818		0.01102
	3710.00000000		7.93394		0.00840
	3715.00000000		7.74418		0.00207
	3720.00000000		7.96442		-0.02932
	3725.00000000		8.24509		-0.00670
	3730.00000000		8.30607		-0.01352
	3735.00000000		8.23386		0.02492
	3740.00000000		8.19027		0.02474
	3745.00000000		8.28263		0.00017
	3750.00000000		8.40691		-0.03928
	3755.00000000		8.41647		-0.07850
	3760.00000000		8.26183		-0.08584
	3765.00000000		8.18631		-0.09571
	3770.00000000		8.26522		-0.09593
	3775.00000000		8.36233		-0.12485
	3780.00000000		8.49337		-0.15722
	3785.00000000		8.52308		-0.19737
	3790.00000000		8.54743		-0.19440
	3795.00000000		8.70013		-0.20495
	3800.00000000		8.94314		-0.23055
	3805.00000000		9.05101		-0.23861
	3810.00000000		8.82321		-0.26579
	3815.00000000		8.78909		-0.25121
	3820.00000000		9.00355		-0.23889
	3825.00000000		9.27883		-0.22174
	3830.00000000		9.27608		-0.25841
	3835.00000000		9.11049		-0.30509
	3840.00000000		8.88641		-0.35011
	3845.00000000		8.89987		-0.34492
	3850.00000000		9.13879		-0.33917
	3855.00000000		9.31011		-0.34874
	3860.00000000		9.24830		-0.34717
	3865.00000000		9.03736		-0.36288
	3870.00000000		8.92274		-0.34207
	3875.00000000		8.97115		-0.32792
	3880.00000000		9.15287		-0.32382
	3885.00000000		9.18771		-0.35809
	3890.00000000		9.00323		-0.38224
	3895.00000000		8.88994		-0.39301
	3900.00000000		8.90721		-0.40682
	3905.00000000		9.05572		-0.45195
	3910.00000000		9.06968		-0.50336
	3915.00000000		8.86473		-0.51130
	3920.00000000		8.72493		-0.48408
	3925.00000000		8.74251		-0.45428
	3930.00000000		8.92780		-0.44852
	3935.00000000		9.04595		-0.46120
	3940.00000000		8.97462		-0.45411
	3945.00000000		8.81516		-0.42300
	3950.00000000		8.75526		-0.38037
	3955.00000000		8.75947		-0.34129
	3960.00000000		8.82774		-0.33741
	3965.00000000		8.75980		-0.35885
	3970.00000000		8.71903		-0.39146
	3975.00000000		8.68466		-0.37095
	3980.00000000		8.84328		-0.32204
	3985.00000000		9.01757		-0.27365
	3990.00000000		9.11966		-0.25891
	3995.00000000		9.08513		-0.27611
	4000.00000000		8.83760		-0.28620
	4005.00000000		8.80983		-0.30622
	4010.00000000		9.02420		-0.32223
	4015.00000000		9.36986		-0.34767
	4020.00000000		9.39534		-0.33630
	4025.00000000		9.21254		-0.32127
	4030.00000000		9.09982		-0.31292
	4035.00000000		9.36756		-0.34374
	4040.00000000		9.66848		-0.39035
	4045.00000000		9.56618		-0.40347
	4050.00000000		9.12104		-0.38726
	4055.00000000		9.01047		-0.36014
	4060.00000000		9.24916		-0.37261
	4065.00000000		9.44418		-0.39297
	4070.00000000		9.36868		-0.41220
	4075.00000000		9.27217		-0.39722
	4080.00000000		9.44903		-0.39417
	4085.00000000		9.75455		-0.41180
	4090.00000000		9.81067		-0.45618
	4095.00000000		9.52363		-0.50006
	4100.00000000		9.11511		-0.50790
	4105.00000000		9.12195		-0.50299
	4110.00000000		9.44296		-0.50311
	4115.00000000		9.58612		-0.52463
	4120.00000000		9.50676		-0.56499
	4125.00000000		9.31825		-0.56120
	4130.00000000		9.16980		-0.52581
	4135.00000000		9.29479		-0.50678
	4140.00000000		9.40631		-0.52415
	4145.00000000		9.26441		-0.53217
	4150.00000000		8.99275		-0.56912
	4155.00000000		8.86168		-0.58586
	4160.00000000		8.94117		-0.57640
	4165.00000000		9.09915		-0.51799
	4170.00000000		9.32149		-0.44515
	4175.00000000		9.35577		-0.42894
	4180.00000000		9.17346		-0.46430
	4185.00000000		8.99024		-0.51665
	4190.00000000		9.03533		-0.49135
	4195.00000000		9.06547		-0.44827
	4200.00000000		9.08379		-0.42079
	4205.00000000		9.07972		-0.44156
	4210.00000000		9.10657		-0.49794
	4215.00000000		9.09919		-0.54335
	4220.00000000		9.09544		-0.53640
	4225.00000000		9.10531		-0.49185
	4230.00000000		9.21193		-0.48234
	4235.00000000		9.38795		-0.50391
	4240.00000000		9.50687		-0.53022
	4245.00000000		9.47313		-0.52326
	4250.00000000		9.28196		-0.50296
	4255.00000000		9.11691		-0.49309
	4260.00000000		9.09395		-0.51707
	4265.00000000		9.32292		-0.53261
	4270.00000000		9.59037		-0.51580
	4275.00000000		9.65580		-0.49738
	4280.00000000		9.45174		-0.48247
	4285.00000000		9.23761		-0.46273
	4290.00000000		9.22641		-0.39891
	4295.00000000		9.49053		-0.33496
	4300.00000000		9.68078		-0.30250
	4305.00000000		9.61064		-0.35155
	4310.00000000		9.42504		-0.40472
	4315.00000000		9.28195		-0.41076
	4320.00000000		9.35886		-0.41698
	4325.00000000		9.66166		-0.38559
	4330.00000000		9.78679		-0.39379
	4335.00000000		9.63507		-0.38755
	4340.00000000		9.51220		-0.41228
	4345.00000000		9.49120		-0.42898
	4350.00000000		9.56023		-0.44798
	4355.00000000		9.56242		-0.44177
	4360.00000000		9.48470		-0.41990
	4365.00000000		9.43266		-0.44286
	4370.00000000		9.48646		-0.51445
	4375.00000000		9.65146		-0.57544
	4380.00000000		9.78535		-0.55310
	4385.00000000		9.79221		-0.52588
	4390.00000000		9.60866		-0.49423
	4395.00000000		9.54889		-0.48074
	4400.00000000		9.70942		-0.49715
	4405.00000000		9.80893		-0.50098
	4410.00000000		9.66479		-0.49804
	4415.00000000		9.27694		-0.48451
	4420.00000000		8.95612		-0.47555
	4425.00000000		9.07770		-0.46022
	4430.00000000		9.33538		-0.45037
	4435.00000000		9.44013		-0.43385
	4440.00000000		9.35671		-0.42203
	4445.00000000		9.15231		-0.42172
	4450.00000000		9.07834		-0.43324
	4455.00000000		9.17098		-0.44707
	4460.00000000		9.23740		-0.44901
	4465.00000000		9.12175		-0.47244
	4470.00000000		8.95620		-0.49378
	4475.00000000		8.87830		-0.50664
	4480.00000000		8.81070		-0.51977
	4485.00000000		8.81344		-0.48122
	4490.00000000		8.87194		-0.46343
	4495.00000000		9.11678		-0.45195
	4500.00000000		9.29196		-0.47132
	4505.00000000		9.26860		-0.50183
	4510.00000000		9.03172		-0.50327
	4515.00000000		8.82043		-0.50581
	4520.00000000		8.85254		-0.48763
	4525.00000000		8.96516		-0.50981
	4530.00000000		9.12234		-0.51334
	4535.00000000		9.09686		-0.50111
	4540.00000000		8.90696		-0.47055
	4545.00000000		8.78089		-0.43343
	4550.00000000		8.90491		-0.45386
	4555.00000000		9.26895		-0.48201
	4560.00000000		9.36494		-0.52704
	4565.00000000		9.24648		-0.55642
	4570.00000000		9.01205		-0.58838
	4575.00000000		8.92452		-0.60060
	4580.00000000		8.90406		-0.62374
	4585.00000000		8.94844		-0.63451
	4590.00000000		8.87849		-0.66283
	4595.00000000		8.72365		-0.69469
	4600.00000000		8.47613		-0.72426
	4605.00000000		8.53659		-0.73352
	4610.00000000		8.72194		-0.73364
	4615.00000000		8.63535		-0.74164
	4620.00000000		8.36469		-0.75989
	4625.00000000		8.26540		-0.78480
	4630.00000000		8.54052		-0.80282
	4635.00000000		8.68548		-0.78006
	4640.00000000		8.49389		-0.72142
	4645.00000000		8.26887		-0.68530
	4650.00000000		8.37652		-0.66835
	4655.00000000		8.58875		-0.68035
	4660.00000000		8.70474		-0.67229
	4665.00000000		8.65539		-0.67153
	4670.00000000		8.55407		-0.70606
	4675.00000000		8.49824		-0.76918
	4680.00000000		8.59417		-0.81968
	4685.00000000		8.83866		-0.85998
	4690.00000000		9.08021		-0.87371
	4695.00000000		9.13021		-0.86629
	4700.00000000		9.09505		-0.85970
	4705.00000000		9.13785		-0.85844
	4710.00000000		9.23844		-0.83059
	4715.00000000		9.32596		-0.76436
	4720.00000000		9.24746		-0.68811
	4725.00000000		9.10486		-0.66615
	4730.00000000		9.08228		-0.70507
	4735.00000000		9.22525		-0.75755
	4740.00000000		9.47234		-0.76890
	4745.00000000		9.56361		-0.71386
	4750.00000000		9.60525		-0.67451
	4755.00000000		9.57182		-0.69019
	4760.00000000		9.51595		-0.77248
	4765.00000000		9.35306		-0.83203
	4770.00000000		9.17039		-0.79138
	4775.00000000		9.11868		-0.76125
	4780.00000000		9.19200		-0.77330
	4785.00000000		9.23913		-0.80589
	4790.00000000		9.12728		-0.79279
	4795.00000000		8.99237		-0.79117
	4800.00000000		8.97307		-0.77578
	4805.00000000		9.09378		-0.79446
	4810.00000000		9.20448		-0.81459
	4815.00000000		9.28479		-0.80378
	4820.00000000		9.32975		-0.81656
	4825.00000000		9.28607		-0.81678
	4830.00000000		9.08361		-0.88974
	4835.00000000		8.79556		-0.92987
	4840.00000000		8.77273		-0.95186
	4845.00000000		9.06952		-0.88928
	4850.00000000		9.32540		-0.79828
	4855.00000000		9.40755		-0.82184
	4860.00000000		9.35518		-0.90190
	4865.00000000		9.25182		-1.01505
	4870.00000000		9.24575		-1.13244
	4875.00000000		9.36329		-1.17990
	4880.00000000		9.60975		-1.11471
	4885.00000000		9.74691		-1.02234
	4890.00000000		9.68143		-0.92845
	4895.00000000		9.43778		-0.87102
	4900.00000000		9.28873		-0.77722
	4905.00000000		9.32368		-0.79103
	4910.00000000		9.60135		-0.90130
	4915.00000000		9.68253		-1.03559
	4920.00000000		9.43693		-1.00174
	4925.00000000		9.16608		-0.89701
	4930.00000000		9.01658		-0.82942
	4935.00000000		8.96306		-0.86152
	4940.00000000		9.00774		-0.96353
	4945.00000000		9.10975		-1.06129
	4950.00000000		9.16308		-1.09379
	4955.00000000		9.12751		-1.04933
	4960.00000000		8.93913		-0.98112
	4965.00000000		8.87691		-0.97718
	4970.00000000		9.10084		-1.03571
	4975.00000000		9.43457		-1.02420
	4980.00000000		9.59468		-1.07641
	4985.00000000		9.44379		-1.09143
	4990.00000000		9.19613		-1.13084
	4995.00000000		9.12787		-1.12632
	5000.00000000		9.07785		-1.11049
	5005.00000000		8.97468		-1.04078
	5010.00000000		8.81923		-0.96913
	5015.00000000		8.76463		-0.91953
	5020.00000000		8.84178		-0.94478
	5025.00000000		8.83681		-1.01688
	5030.00000000		8.67282		-1.05908
	5035.00000000		8.46517		-1.10211
	5040.00000000		8.26482		-1.08126
	5045.00000000		8.07164		-1.05998
	5050.00000000		8.15331		-1.08958
	5055.00000000		8.28440		-1.14454
	5060.00000000		8.43226		-1.18267
	5065.00000000		8.42176		-1.21568
	5070.00000000		8.38103		-1.26458
	5075.00000000		8.38355		-1.26633
	5080.00000000		8.29998		-1.24420
	5085.00000000		8.20109		-1.14076
	5090.00000000		8.19872		-1.09110
	5095.00000000		8.30612		-1.17578
	5100.00000000		8.47666		-1.28125
	5105.00000000		8.43988		-1.31265
	5110.00000000		8.25963		-1.19201
	5115.00000000		8.05013		-1.12525
	5120.00000000		7.96585		-1.11310
	5125.00000000		7.95518		-1.18140
	5130.00000000		7.95536		-1.16279
	5135.00000000		7.73659		-1.10238
	5140.00000000		7.70693		-1.02744
	5145.00000000		7.74026		-1.10161
	5150.00000000		7.78075		-1.16824
	5155.00000000		7.66563		-1.16179
	5160.00000000		7.42135		-1.10771
	5165.00000000		7.46384		-1.04484
	5170.00000000		7.54627		-1.09688
	5175.00000000		7.68690		-1.12787
	5180.00000000		7.52448		-1.16788
	5185.00000000		7.40117		-1.13545
	5190.00000000		7.37467		-1.10454
	5195.00000000		7.58973		-1.12052
	5200.00000000		7.70453		-1.18244
	5205.00000000		7.56504		-1.24246
	5210.00000000		7.42814		-1.25059
	5215.00000000		7.38321		-1.27764
	5220.00000000		7.55101		-1.33720
	5225.00000000		7.77691		-1.40847
	5230.00000000		8.00912		-1.40191
	5235.00000000		8.05997		-1.34710
	5240.00000000		7.97456		-1.33381
	5245.00000000		7.84510		-1.36484
	5250.00000000		7.78085		-1.36675
	5255.00000000		7.82879		-1.30402
	5260.00000000		7.91791		-1.16730
	5265.00000000		7.96956		-1.00187
	5270.00000000		7.68541		-0.93111
	5275.00000000		7.56600		-0.90302
	5280.00000000		7.64552		-0.90410
	5285.00000000		7.89543		-0.88346
	5290.00000000		8.16402		-0.87143
	5295.00000000		8.13451		-0.90473
	5300.00000000		7.91071		-0.96381
	5305.00000000		7.78196		-0.96548
	5310.00000000		7.83550		-0.94206
	5315.00000000		8.02966		-0.91814
	5320.00000000		8.06000		-0.94795
	5325.00000000		7.91673		-1.01264
	5330.00000000		7.79296		-1.00636
	5335.00000000		7.77641		-0.98659
	5340.00000000		8.00336		-0.96554
	5345.00000000		8.31517		-0.98321
	5350.00000000		8.48302		-1.01914
	5355.00000000		8.38804		-1.03999
	5360.00000000		8.23047		-1.01451
	5365.00000000		8.20044		-0.95863
	5370.00000000		8.23798		-0.90546
	5375.00000000		8.31227		-0.86946
	5380.00000000		8.33714		-0.86769
	5385.00000000		8.28666		-0.91923
	5390.00000000		8.21386		-0.95866
	5395.00000000		8.17270		-0.94899
	5400.00000000		8.21014		-0.88082
	5405.00000000		8.23839		-0.80651
	5410.00000000		8.16464		-0.78951
	5415.00000000		8.05527		-0.83281
	5420.00000000		8.05527		-0.88434
	5425.00000000		7.93525		-0.91652
	5430.00000000		7.80821		-0.89577
	5435.00000000		7.75920		-0.83574
	5440.00000000		7.76024		-0.84265
	5445.00000000		7.83520		-0.86630
	5450.00000000		7.86547		-0.93982
	5455.00000000		7.89423		-0.95963
	5460.00000000		7.85682		-0.96028
	5465.00000000		7.87389		-0.96189
	5470.00000000		7.79162		-0.98216
	5475.00000000		7.70964		-1.00306
	5480.00000000		7.61670		-1.00050
	5485.00000000		7.51776		-1.02554
	5490.00000000		7.59431		-1.00821
	5495.00000000		7.65488		-0.98968
	5500.00000000		7.71091		-0.92718
	5505.00000000		7.48818		-0.90271
	5510.00000000		7.43075		-0.92822
	5515.00000000		7.51191		-1.03254
	5520.00000000		7.63938		-1.11199
	5525.00000000		7.65434		-1.08654
	5530.00000000		7.45494		-1.04881
	5535.00000000		7.32509		-0.99902
	5540.00000000		7.33823		-1.00110
	5545.00000000		7.66411		-0.97463
	5550.00000000		7.62783		-0.99190
	5555.00000000		7.47554		-1.01861
	5560.00000000		7.43180		-1.06621
	5565.00000000		7.39794		-1.12409
	5570.00000000		7.44425		-1.14545
	5575.00000000		7.35588		-1.16992
	5580.00000000		7.24432		-1.16881
	5585.00000000		7.22585		-1.19636
	5590.00000000		7.30551		-1.19138
	5595.00000000		7.45937		-1.18796
	5600.00000000		7.60702		-1.17131
	5605.00000000		7.68905		-1.19658
	5610.00000000		7.51618		-1.22416
	5615.00000000		7.33796		-1.23238
	5620.00000000		7.19286		-1.18815
	5625.00000000		7.22569		-1.12226
	5630.00000000		7.40502		-1.09111
	5635.00000000		7.65339		-1.10658
	5640.00000000		7.75884		-1.11420
	5645.00000000		7.61755		-1.11650
	5650.00000000		7.53044		-1.12727
	5655.00000000		7.78762		-1.16603
	5660.00000000		8.17916		-1.24586
	5665.00000000		8.37519		-1.28683
	5670.00000000		8.29568		-1.33551
	5675.00000000		7.97799		-1.38111
	5680.00000000		7.81811		-1.44123
	5685.00000000		7.94628		-1.48951
	5690.00000000		8.05317		-1.42817
	5695.00000000		8.15342		-1.29766
	5700.00000000		8.25154		-1.20148
	5705.00000000		8.23461		-1.19189
	5710.00000000		8.07400		-1.23620
	5715.00000000		7.93025		-1.31451
	5720.00000000		7.96348		-1.30811
	5725.00000000		8.14125		-1.29135
	5730.00000000		8.20591		-1.26808
	5735.00000000		8.11122		-1.29831
	5740.00000000		7.87840		-1.28829
	5745.00000000		7.70097		-1.20956
	5750.00000000		7.76187		-1.13390
	5755.00000000		8.06337		-1.11500
	5760.00000000		8.34642		-1.12716
	5765.00000000		8.70555		-1.13575
	5770.00000000		8.75035		-1.10615
	5775.00000000		8.43910		-1.00451
	5780.00000000		8.24614		-0.92232
	5785.00000000		8.36416		-0.89354
	5790.00000000		8.65052		-0.89951
	5795.00000000		8.59962		-0.92913
	5800.00000000		8.17420		-0.95080
	5805.00000000		7.81859		-0.93632
	5810.00000000		7.74364		-0.95466
	5815.00000000		7.89681		-0.98425
	5820.00000000		8.06407		-1.01975
	5825.00000000		8.09924		-1.02768
	5830.00000000		8.04358		-1.01922
	5835.00000000		8.00787		-1.02185
	5840.00000000		8.10961		-1.03482
	5845.00000000		8.18837		-1.08900
	5850.00000000		8.27254		-1.11151
	5855.00000000		8.31801		-1.14950
	5860.00000000		8.50816		-1.13276
	5865.00000000		8.62976		-1.11058
	5870.00000000		8.57323		-1.05211
	5875.00000000		8.32311		-1.01362
	5880.00000000		8.07359		-1.00305
	5885.00000000		8.05806		-0.97762
	5890.00000000		8.27845		-0.94517
	5895.00000000		8.56371		-0.89455
	5900.00000000		8.63823		-0.90401
	5905.00000000		8.43333		-0.91744
	5910.00000000		8.16271		-0.93768
	5915.00000000		8.12516		-0.91199
	5920.00000000		8.19645		-0.87352
	5925.00000000		8.30507		-0.84540
	5930.00000000		8.29640		-0.82959
	5935.00000000		8.20738		-0.85042
	5940.00000000		8.10362		-0.85732
	5945.00000000		8.00638		-0.83874
	5950.00000000		8.08587		-0.79488
	5955.00000000		8.16336		-0.79640
	5960.00000000		8.22452		-0.84491
	5965.00000000		8.04770		-0.88392
	5970.00000000		7.77745		-0.87218
	5975.00000000		7.61042		-0.79390
	5980.00000000		7.59295		-0.78560
	5985.00000000		7.92648		-0.79878
	5990.00000000		8.11366		-0.83335
	5995.00000000		8.25296		-0.83715
	6000.00000000		8.21956		-0.82855
	6005.00000000		8.16571		-0.79551
	6010.00000000		8.22605		-0.74945
	6015.00000000		8.30297		-0.78328
	6020.00000000		8.39214		-0.83189
	6025.00000000		8.35073		-0.84583
	6030.00000000		8.23678		-0.78881
	6035.00000000		8.09490		-0.75768
	6040.00000000		8.15036		-0.78326
	6045.00000000		8.35025		-0.87031
	6050.00000000		8.59176		-0.94986
	6055.00000000		8.60643		-0.98707
	6060.00000000		8.35816		-0.97713
	6065.00000000		8.22578		-0.89216
	6070.00000000		8.31442		-0.83707
	6075.00000000		8.71115		-0.81629
	6080.00000000		8.83357		-0.85615
	6085.00000000		8.67668		-0.89959
	6090.00000000		8.43325		-0.92700
	6095.00000000		8.37361		-0.90359
	6100.00000000		8.49017		-0.86783
	6105.00000000		8.58273		-0.85474
	6110.00000000		8.44861		-0.88549
	6115.00000000		8.37206		-0.94422
	6120.00000000		8.39180		-0.92680
	6125.00000000		8.51706		-0.89553
	6130.00000000		8.63756		-0.87229
	6135.00000000		8.58156		-0.91463
	6140.00000000		8.48226		-0.94180
	6145.00000000		8.39860		-0.93969
	6150.00000000		8.38336		-0.90568
	6155.00000000		8.38487		-0.84525
	6160.00000000		8.37770		-0.80991
	6165.00000000		8.32816		-0.79928
	6170.00000000		8.27398		-0.79560
	6175.00000000		8.30413		-0.76301
	6180.00000000		8.36978		-0.76243
	6185.00000000		8.45541		-0.78081
	6190.00000000		8.52395		-0.81207
	6195.00000000		8.57947		-0.80053
	6200.00000000		8.67544		-0.80429
	6205.00000000		8.69958		-0.86374
	6210.00000000		8.70862		-0.94234
	6215.00000000		8.66586		-0.94287
	6220.00000000		8.55650		-0.90338
	6225.00000000		8.44973		-0.86871
	6230.00000000		8.38386		-0.85121
	6235.00000000		8.39201		-0.91624
	6240.00000000		8.53708		-0.98048
	6245.00000000		8.53329		-0.99566
	6250.00000000		8.48114		-0.91765
	6255.00000000		8.41304		-0.86829
	6260.00000000		8.32529		-0.85781
	6265.00000000		8.17882		-0.88570
	6270.00000000		8.00417		-0.90243
	6275.00000000		7.94292		-0.88846
	6280.00000000		8.06086		-0.85795
	6285.00000000		8.18380		-0.82833
	6290.00000000		8.22915		-0.83764
	6295.00000000		8.16944		-0.86929
	6300.00000000		7.98127		-0.91105
	6305.00000000		7.99022		-0.92238
	6310.00000000		8.18072		-0.93292
	6315.00000000		8.41477		-0.92030
	6320.00000000		8.75970		-0.90433
	6325.00000000		8.96059		-0.90533
	6330.00000000		8.76349		-0.92331
	6335.00000000		8.56893		-0.92845
	6340.00000000		8.56074		-0.85992
	6345.00000000		8.67520		-0.79972
	6350.00000000		8.80372		-0.76787
	6355.00000000		8.79716		-0.81477
	6360.00000000		8.76876		-0.88311
	6365.00000000		8.76650		-0.92287
	6370.00000000		8.73774		-0.86181
	6375.00000000		8.53113		-0.80811
	6380.00000000		8.29492		-0.79302
	6385.00000000		8.22750		-0.82907
	6390.00000000		8.42603		-0.89985
	6395.00000000		8.62677		-0.92953
	6400.00000000		8.84987		-0.95634
	6405.00000000		8.82941		-0.97260
	6410.00000000		8.65424		-1.00797
	6415.00000000		8.57940		-1.02312
	6420.00000000		8.74311		-1.03156
	6425.00000000		8.84898		-1.02194
	6430.00000000		8.72057		-1.00698
	6435.00000000		8.70899		-1.02862
	6440.00000000		8.82972		-1.02587
	6445.00000000		8.90601		-1.03304
	6450.00000000		8.80987		-1.01695
	6455.00000000		8.78720		-1.03364
	6460.00000000		8.77332		-1.05222
	6465.00000000		8.88884		-1.03236
	6470.00000000		8.82073		-1.02277
	6475.00000000		8.57214		-1.00600
	6480.00000000		8.50772		-0.99985
	6485.00000000		8.68440		-0.95116
	6490.00000000		9.04756		-0.91391
	6495.00000000		8.98168		-0.87952
	6500.00000000		8.67098		-0.88728
	6505.00000000		8.63820		-0.91846
	6510.00000000		8.99885		-0.95594
	6515.00000000		9.05610		-0.97185
	6520.00000000		8.68116		-0.95728
	6525.00000000		8.48341		-0.94238
	6530.00000000		8.59643		-0.90710
	6535.00000000		8.85430		-0.89505
	6540.00000000		8.95023		-0.88081
	6545.00000000		8.83200		-0.91520
	6550.00000000		8.82050		-0.90678
	6555.00000000		8.96635		-0.91835
	6560.00000000		8.98928		-0.95636
	6565.00000000		8.92373		-0.99490
	6570.00000000		8.92737		-1.03777
	6575.00000000		8.99015		-0.98866
	6580.00000000		9.10335		-0.94268
	6585.00000000		9.09976		-0.91931
	6590.00000000		9.01255		-0.95282
	6595.00000000		8.94805		-0.93350
	6600.00000000		8.94793		-0.91363
	6605.00000000		8.95493		-0.90249
	6610.00000000		8.87814		-0.92810
	6615.00000000		8.91418		-0.95687
	6620.00000000		8.91883		-0.96541
	6625.00000000		8.83218		-0.97935
	6630.00000000		8.66403		-0.95932
	6635.00000000		8.58415		-1.04449
	6640.00000000		8.75163		-1.16119
	6645.00000000		8.87284		-1.31368
	6650.00000000		8.75626		-1.30468
	6655.00000000		8.57060		-1.20395
	6660.00000000		8.60200		-1.11280
	6665.00000000		8.75506		-1.13028
	6670.00000000		8.76164		-1.18214
	6675.00000000		8.49325		-1.19861
	6680.00000000		8.34274		-1.20194
	6685.00000000		8.39638		-1.20504
	6690.00000000		8.67458		-1.23403
	6695.00000000		8.91942		-1.22723
	6700.00000000		8.91750		-1.20189
	6705.00000000		8.69001		-1.18621
	6710.00000000		8.45232		-1.23602
	6715.00000000		8.43202		-1.32228
	6720.00000000		8.56559		-1.29531
	6725.00000000		8.62172		-1.19643
	6730.00000000		8.49800		-1.13953
	6735.00000000		8.09158		-1.19081
	6740.00000000		7.88380		-1.29626
	6745.00000000		7.88633		-1.42663
	6750.00000000		8.10554		-1.36643
	6755.00000000		8.31663		-1.21855
	6760.00000000		8.26962		-1.18733
	6765.00000000		7.98991		-1.29912
	6770.00000000		7.85169		-1.45374
	6775.00000000		8.07252		-1.51729
	6780.00000000		8.40832		-1.46374
	6785.00000000		8.60569		-1.32712
	6790.00000000		8.55705		-1.26789
	6795.00000000		8.44442		-1.28677
	6800.00000000		8.37472		-1.39860
	6805.00000000		8.29611		-1.49983
	6810.00000000		8.23678		-1.50716
	6815.00000000		8.24116		-1.40705
	6820.00000000		8.43951		-1.32327
	6825.00000000		8.61811		-1.36646
	6830.00000000		8.67941		-1.37502
	6835.00000000		8.48065		-1.38162
	6840.00000000		8.15163		-1.32128
	6845.00000000		7.84609		-1.28216
	6850.00000000		7.80325		-1.31349
	6855.00000000		7.97568		-1.37336
	6860.00000000		8.09530		-1.43964
	6865.00000000		8.20514		-1.42323
	6870.00000000		8.22369		-1.49973
	6875.00000000		8.19952		-1.70121
	6880.00000000		8.15667		-1.80049
	6885.00000000		8.01995		-1.67678
	6890.00000000		8.03044		-1.37514
	6895.00000000		7.90549		-1.23920
	6900.00000000		7.71665		-1.24501
	6905.00000000		7.59633		-1.30600
	6910.00000000		7.59964		-1.29875
	6915.00000000		7.62115		-1.32455
	6920.00000000		7.65313		-1.34594
	6925.00000000		7.59574		-1.41167
	6930.00000000		7.51127		-1.46965
	6935.00000000		7.52146		-1.50546
	6940.00000000		7.59406		-1.43828
	6945.00000000		7.65304		-1.30950
	6950.00000000		7.62199		-1.26554
	6955.00000000		7.55286		-1.31979
	6960.00000000		7.55933		-1.36718
	6965.00000000		7.60114		-1.33323
	6970.00000000		7.68024		-1.22579
	6975.00000000		7.61839		-1.13261
	6980.00000000		7.36188		-1.14262
	6985.00000000		7.21499		-1.21311
	6990.00000000		7.26454		-1.27695
	6995.00000000		7.51714		-1.26666
	7000.00000000		7.64959		-1.28286
	7005.00000000		7.66953		-1.32657
	7010.00000000		7.39108		-1.43429
	7015.00000000		7.31082		-1.44381
	7020.00000000		7.29469		-1.47682
	7025.00000000		7.56213		-1.51744
	7030.00000000		7.72116		-1.59763
	7035.00000000		7.75026		-1.60455
	7040.00000000		7.56148		-1.55092
	7045.00000000		7.38791		-1.53292
	7050.00000000		7.40368		-1.55758
	7055.00000000		7.53916		-1.64164
	7060.00000000		7.81214		-1.67675
	7065.00000000		7.74731		-1.64592
	7070.00000000		7.61111		-1.54130
	7075.00000000		7.48736		-1.43510
	7080.00000000		7.52647		-1.43773
	7085.00000000		7.66055		-1.47136
	7090.00000000		7.73615		-1.54318
	7095.00000000		7.83534		-1.53446
	7100.00000000		7.74753		-1.47457
	7105.00000000		7.64151		-1.40329
	7110.00000000		7.56322		-1.37195
	7115.00000000		7.71101		-1.43982
	7120.00000000		7.89379		-1.53380
	7125.00000000		7.89034		-1.54119
	7130.00000000		7.76344		-1.44768
	7135.00000000		7.63615		-1.35522
	7140.00000000		7.59727		-1.28002
	7145.00000000		7.62487		-1.23381
	7150.00000000		7.64236		-1.22152
	7155.00000000		7.53272		-1.22020
	7160.00000000		7.31671		-1.22704
	7165.00000000		7.05977		-1.22464
	7170.00000000		7.07415		-1.25411
	7175.00000000		7.12272		-1.29231
	7180.00000000		7.38332		-1.27294
	7185.00000000		7.33721		-1.31666
	7190.00000000		7.14600		-1.39760
	7195.00000000		7.05998		-1.49861
	7200.00000000		7.18756		-1.49846
	7205.00000000		7.36063		-1.43719
	7210.00000000		7.23239		-1.41714
	7215.00000000		7.02751		-1.42536
	7220.00000000		6.74113		-1.48807
	7225.00000000		6.88180		-1.51545
	7230.00000000		6.97189		-1.52986
	7235.00000000		7.10900		-1.45846
	7240.00000000		7.03661		-1.38044
	7245.00000000		6.80970		-1.34696
	7250.00000000		6.71447		-1.33994
	7255.00000000		6.80251		-1.33351
	7260.00000000		7.02742		-1.31827
	7265.00000000		6.92262		-1.25695
	7270.00000000		6.87235		-1.18548
	7275.00000000		6.79177		-1.19533
	7280.00000000		6.85991		-1.23688
	7285.00000000		6.87483		-1.24432
	7290.00000000		6.89145		-1.17721
	7295.00000000		6.99585		-1.09984
	7300.00000000		7.08794		-1.09743
	7305.00000000		7.04817		-1.18248
	7310.00000000		6.94358		-1.28604
	7315.00000000		6.98646		-1.29513
	7320.00000000		7.01915		-1.27576
	7325.00000000		7.19101		-1.25874
	7330.00000000		7.15995		-1.28483
	7335.00000000		6.98987		-1.31438
	7340.00000000		6.88591		-1.33280
	7345.00000000		6.91628		-1.37772
	7350.00000000		7.16302		-1.41581
	7355.00000000		7.26506		-1.43562
	7360.00000000		7.11940		-1.41686
	7365.00000000		6.89578		-1.43354
	7370.00000000		6.99562		-1.46212
	7375.00000000		7.20370		-1.55421
	7380.00000000		7.41401		-1.63860
	7385.00000000		7.37086		-1.71335
	7390.00000000		7.20112		-1.63543
	7395.00000000		7.08554		-1.50820
	7400.00000000		7.15737		-1.51691
	7405.00000000		7.39672		-1.57211
	7410.00000000		7.60420		-1.62016
	7415.00000000		7.60226		-1.55720
	7420.00000000		7.38621		-1.48697
	7425.00000000		7.14396		-1.45567
	7430.00000000		6.90428		-1.46004
	7435.00000000		6.88245		-1.44435
	7440.00000000		6.90995		-1.36602
	7445.00000000		6.98899		-1.26039
	7450.00000000		6.98715		-1.22139
	7455.00000000		6.83617		-1.24008
	7460.00000000		6.68818		-1.24331
	7465.00000000		6.60929		-1.21874
	7470.00000000		6.76834		-1.22490
	7475.00000000		6.94256		-1.25108
	7480.00000000		6.95343		-1.23013
	7485.00000000		6.72279		-1.23543
	7490.00000000		6.54426		-1.23413
	7495.00000000		6.54029		-1.26230
	7500.00000000		6.79778		-1.28320
	7505.00000000		7.11775		-1.27595
	7510.00000000		7.15723		-1.31426
	7515.00000000		7.03253		-1.40414
	7520.00000000		6.99555		-1.46503
	7525.00000000		7.06786		-1.51358
	7530.00000000		7.23202		-1.54102
	7535.00000000		7.24207		-1.56113
	7540.00000000		7.11499		-1.54592
	7545.00000000		6.94401		-1.58538
	7550.00000000		7.02233		-1.64198
	7555.00000000		7.23471		-1.69425
	7560.00000000		7.29291		-1.67795
	7565.00000000		7.15459		-1.61257
	7570.00000000		6.80160		-1.57415
	7575.00000000		6.69100		-1.54322
	7580.00000000		6.69796		-1.53383
	7585.00000000		6.92893		-1.51766
	7590.00000000		6.90071		-1.49355
	7595.00000000		6.74626		-1.43163
	7600.00000000		6.60893		-1.36992
	7605.00000000		6.66502		-1.32626
	7610.00000000		6.81954		-1.30372
	7615.00000000		6.88971		-1.33629
	7620.00000000		7.02166		-1.41227
	7625.00000000		7.01854		-1.47111
	7630.00000000		6.97102		-1.43643
	7635.00000000		6.93905		-1.28703
	7640.00000000		6.88270		-1.25535
	7645.00000000		6.91549		-1.27310
	7650.00000000		6.94518		-1.33247
	7655.00000000		6.88188		-1.34896
	7660.00000000		6.77776		-1.29346
	7665.00000000		6.63761		-1.21774
	7670.00000000		6.60559		-1.18469
	7675.00000000		6.64060		-1.21989
	7680.00000000		6.71757		-1.21717
	7685.00000000		6.60468		-1.20198
	7690.00000000		6.52166		-1.17824
	7695.00000000		6.49471		-1.20672
	7700.00000000		6.60847		-1.25549
	7705.00000000		6.66818		-1.28375
	7710.00000000		6.59127		-1.22612
	7715.00000000		6.45638		-1.16511
	7720.00000000		6.32861		-1.16824
	7725.00000000		6.37831		-1.21990
	7730.00000000		6.50046		-1.27716
	7735.00000000		6.49785		-1.28362
	7740.00000000		6.22211		-1.25009
	7745.00000000		6.12240		-1.18138
	7750.00000000		6.13538		-1.23152
	7755.00000000		6.45696		-1.30896
	7760.00000000		6.60867		-1.34858
	7765.00000000		6.55474		-1.34537
	7770.00000000		6.51132		-1.29302
	7775.00000000		6.66117		-1.31018
	7780.00000000		6.91794		-1.37890
	7785.00000000		7.08538		-1.42819
	7790.00000000		7.07848		-1.44143
	7795.00000000		7.07114		-1.44489
	7800.00000000		7.09861		-1.43860
	7805.00000000		7.18810		-1.47393
	7810.00000000		7.28713		-1.46933
	7815.00000000		7.21068		-1.49070
	7820.00000000		7.12689		-1.45354
	7825.00000000		7.14496		-1.43572
	7830.00000000		7.29169		-1.44559
	7835.00000000		7.49806		-1.45151
	7840.00000000		7.55678		-1.47717
	7845.00000000		7.62486		-1.43774
	7850.00000000		7.56950		-1.41698
	7855.00000000		7.54301		-1.37120
	7860.00000000		7.58014		-1.34373
	7865.00000000		7.66617		-1.36741
	7870.00000000		7.85022		-1.35560
	7875.00000000		7.87872		-1.44156
	7880.00000000		7.99346		-1.44192
	7885.00000000		8.05901		-1.51361
	7890.00000000		8.17785		-1.51973
	7895.00000000		8.27616		-1.50778
	7900.00000000		8.44506		-1.47829
	7905.00000000		8.67293		-1.46470
	7910.00000000		8.71269		-1.43715
	7915.00000000		8.50020		-1.37862
	7920.00000000		8.30250		-1.43540
	7925.00000000		8.25028		-1.43292
	7930.00000000		8.27234		-1.56268
	7935.00000000		8.30078		-1.54067
	7940.00000000		8.26792		-1.58626
	7945.00000000		8.17518		-1.59336
	7950.00000000		8.03012		-1.64979
	7955.00000000		7.99289		-1.70128
	7960.00000000		8.10256		-1.73118
	7965.00000000		8.20648		-1.75266
	7970.00000000		8.17419		-1.64944
	7975.00000000		8.00544		-1.62303
	7980.00000000		7.82729		-1.41483
	7985.00000000		7.82554		-1.42565
	7990.00000000		8.02069		-1.41316
	7995.00000000		7.98501		-1.43424
	8000.00000000		7.64464		-1.38976
	8005.00000000		7.40250		-1.31059
	8010.00000000		7.47469		-1.31123
	8015.00000000		7.78273		-1.33454
	8020.00000000		7.82179		-1.40762
	8025.00000000		7.57569		-1.43070
	8030.00000000		7.42734		-1.45613
	8035.00000000		7.48279		-1.47241
	8040.00000000		7.82647		-1.45753
	8045.00000000		7.88488		-1.47228
	8050.00000000		7.62982		-1.42505
	8055.00000000		7.54292		-1.45737
	8060.00000000		7.80448		-1.45503
	8065.00000000		7.86500		-1.50770
	8070.00000000		7.61036		-1.45525
	8075.00000000		7.50263		-1.42551
	8080.00000000		7.65885		-1.40611
	8085.00000000		7.95961		-1.45112
	8090.00000000		8.02630		-1.51529
	8095.00000000		7.77265		-1.55452
	8100.00000000		7.55283		-1.63040
	8105.00000000		7.73788		-1.69781
	8110.00000000		8.06771		-1.86035
	8115.00000000		8.30364		-1.91553
	8120.00000000		8.05971		-2.05252
	8125.00000000		7.80135		-2.01837
	8130.00000000		7.66063		-2.06852
	8135.00000000		7.80685		-2.05119
	8140.00000000		7.98177		-2.05788
	8145.00000000		7.83121		-2.12481
	8150.00000000		7.59819		-2.12308
	8155.00000000		7.43595		-2.17715
	8160.00000000		7.51452		-2.00578
	8165.00000000		7.50694		-1.91948
	8170.00000000		7.60768		-1.77222
	8175.00000000		7.64559		-1.81187
	8180.00000000		7.65364		-1.80404
	8185.00000000		7.53697		-2.01955
	8190.00000000		7.59727		-2.03492
	8195.00000000		7.72390		-1.97325
	8200.00000000		7.93917		-1.92111
	8205.00000000		7.97578		-1.90815
	8210.00000000		7.82599		-2.00324
	8215.00000000		7.76217		-1.97553
	8220.00000000		7.82021		-2.11728
	8225.00000000		8.16633		-2.11302
	8230.00000000		8.26808		-2.08985
	8235.00000000		8.08092		-1.95188
	8240.00000000		7.70428		-1.89116
	8245.00000000		7.56718		-1.79135
	8250.00000000		7.70371		-1.82412
	8255.00000000		7.86956		-1.81621
	8260.00000000		7.78651		-1.83302
	8265.00000000		7.63530		-1.93975
	8270.00000000		7.73995		-1.95668
	8275.00000000		7.93611		-2.06326
	8280.00000000		8.12932		-1.92921
	8285.00000000		8.13524		-1.93043
	8290.00000000		8.09260		-1.85288
	8295.00000000		8.10778		-1.88926
	8300.00000000		8.26783		-1.89353
	8305.00000000		8.47717		-2.00161
	8310.00000000		8.41185		-2.12217
	8315.00000000		8.15232		-2.21074
	8320.00000000		7.94721		-2.10997
	8325.00000000		7.85919		-1.93265
	8330.00000000		7.94733		-1.80234
	8335.00000000		8.13290		-1.82049
	8340.00000000		8.25290		-2.09933
	8345.00000000		8.15090		-2.30449
	8350.00000000		7.89867		-2.35422
	8355.00000000		7.75079		-2.14385
	8360.00000000		7.81870		-2.11177
	8365.00000000		8.01358		-2.23948
	8370.00000000		8.09097		-2.47780
	8375.00000000		7.92474		-2.60811
	8380.00000000		7.67862		-2.63278
	8385.00000000		7.51655		-2.46148
	8390.00000000		7.63126		-2.37875
	8395.00000000		7.80611		-2.34138
	8400.00000000		7.69032		-2.27945
	8405.00000000		7.44824		-2.18013
	8410.00000000		7.17373		-2.10248
	8415.00000000		7.15792		-2.07745
	8420.00000000		7.30464		-2.03686
	8425.00000000		7.37419		-1.91588
	8430.00000000		7.24030		-1.83521
	8435.00000000		7.28905		-1.71179
	8440.00000000		7.38918		-1.68307
	8445.00000000		7.55231		-1.71739
	8450.00000000		7.61465		-1.77712
	8455.00000000		7.40216		-1.81609
	8460.00000000		7.18244		-1.85885
	8465.00000000		7.11821		-1.96673
	8470.00000000		7.39756		-2.00031
	8475.00000000		7.55240		-2.00943
	8480.00000000		7.56167		-1.95467
	8485.00000000		7.44267		-1.91017
	8490.00000000		7.47146		-1.94871
	8495.00000000		7.61424		-1.94833
	8500.00000000		7.62611		-1.94254
	8505.00000000		7.60079		-1.95156
	8510.00000000		7.64543		-2.06217
	8515.00000000		7.75192		-2.18430
	8520.00000000		7.66301		-2.20580
	8525.00000000		7.51815		-2.14837
	8530.00000000		7.35117		-2.18095
	8535.00000000		7.33167		-2.27504
	8540.00000000		7.50285		-2.49346
	8545.00000000		7.70361		-2.45509
	8550.00000000		7.62101		-2.39087
	8555.00000000		7.41696		-2.44871
	8560.00000000		7.21916		-2.65696
	8565.00000000		7.25836		-2.93963
	8570.00000000		7.61127		-3.10828
	8575.00000000		7.82337		3.12246
	8580.00000000		7.80649		-3.06083
	8585.00000000		7.64787		-2.90582
	8590.00000000		7.61249		-2.75666
	8595.00000000		7.66607		-2.70487
	8600.00000000		7.72894		-2.56882
	8605.00000000		7.66820		-2.45465
	8610.00000000		7.52120		-2.33105
	8615.00000000		7.47147		-2.37847
	8620.00000000		7.51502		-2.51638
	8625.00000000		7.67019		-2.46587
	8630.00000000		7.73912		-2.48169
	8635.00000000		7.63495		-2.39161
	8640.00000000		7.45164		-2.33821
	8645.00000000		7.36526		-2.33426
	8650.00000000		7.52368		-2.25632
	8655.00000000		7.83519		-2.33796
	8660.00000000		8.06377		-2.37747
	8665.00000000		7.90492		-2.43780
	8670.00000000		7.81121		-2.37145
	8675.00000000		7.88669		-2.29268
	8680.00000000		8.05576		-2.19841
	8685.00000000		8.24182		-2.12870
	8690.00000000		8.19693		-2.18229
	8695.00000000		7.97146		-2.12978
	8700.00000000		7.92634		-2.22827
	8705.00000000		8.15132		-2.16410
	8710.00000000		8.36615		-2.31635
	8715.00000000		8.42300		-2.33844
	8720.00000000		8.40259		-2.41038
	8725.00000000		8.45662		-2.29420
	8730.00000000		8.57355		-2.33830
	8735.00000000		8.67902		-2.42601
	8740.00000000		8.70179		-2.65748
	8745.00000000		8.60589		-2.83908
	8750.00000000		8.59637		-2.79509
	8755.00000000		8.75702		-2.78191
	8760.00000000		8.87962		-2.57666
	8765.00000000		8.85378		-2.38866
	8770.00000000		8.69895		-2.16238
	8775.00000000		8.64483		-2.01524
	8780.00000000		8.84221		-1.78405
	8785.00000000		8.98736		-1.78090
	8790.00000000		8.81981		-1.72042
	8795.00000000		8.48094		-1.65449
	8800.00000000		8.36936		-1.61403
	8805.00000000		8.64065		-1.60118
	8810.00000000		8.89631		-1.66364
	8815.00000000		8.79811		-1.65772
	8820.00000000		8.48348		-1.76294
	8825.00000000		8.40146		-1.69575
	8830.00000000		8.65324		-1.74674
	8835.00000000		8.75210		-1.69546
	8840.00000000		8.63585		-1.70108
	8845.00000000		8.48697		-1.66689
	8850.00000000		8.51817		-1.60853
	8855.00000000		8.73902		-1.71777
	8860.00000000		8.80383		-1.73746
	8865.00000000		8.64548		-1.87449
	8870.00000000		8.31835		-1.88244
	8875.00000000		8.28550		-1.97209
	8880.00000000		8.51309		-2.10340
	8885.00000000		8.66686		-1.98734
	8890.00000000		8.46756		-2.22794
	8895.00000000		8.03168		-2.22511
	8900.00000000		7.76066		-2.30598
	8905.00000000		7.97554		-2.44357
	8910.00000000		8.32410		-2.62547
	8915.00000000		8.52724		-2.67212
	8920.00000000		8.49196		-2.60664
	8925.00000000		8.34287		-2.41531
	8930.00000000		8.29707		-2.03028
	8935.00000000		8.52833		-2.01552
	8940.00000000		8.88361		-1.92853
	8945.00000000		9.07922		-2.08486
	8950.00000000		8.94001		-1.94287
	8955.00000000		8.93964		-1.86156
	8960.00000000		9.11412		-1.77174
	8965.00000000		9.25946		-1.68119
	8970.00000000		9.16305		-1.72020
	8975.00000000		8.78495		-1.68095
	8980.00000000		8.58885		-1.68051
	8985.00000000		8.63269		-1.53782
	8990.00000000		8.81630		-1.56531
	8995.00000000		8.79736		-1.57347
	9000.00000000		8.54909		-1.64964
	9005.00000000		8.33752		-1.66840
	9010.00000000		8.21673		-1.65313
	9015.00000000		8.20253		-1.71394
	9020.00000000		8.25991		-1.67141
	9025.00000000		8.30967		-1.70447
	9030.00000000		8.22195		-1.61288
	9035.00000000		8.02668		-1.71149
	9040.00000000		7.78954		-1.63223
	9045.00000000		7.72950		-1.80182
	9050.00000000		7.85483		-1.81404
	9055.00000000		7.95125		-1.93310
	9060.00000000		7.85857		-2.05503
	9065.00000000		7.68326		-2.21313
	9070.00000000		7.57509		-2.40256
	9075.00000000		7.73893		-2.43039
	9080.00000000		7.88413		-2.34427
	9085.00000000		7.92544		-2.14889
	9090.00000000		7.93167		-2.15934
	9095.00000000		8.03936		-2.26699
	9100.00000000		8.09660		-2.40344
	9105.00000000		7.98239		-2.40161
	9110.00000000		7.71762		-2.29421
	9115.00000000		7.70554		-2.11231
	9120.00000000		7.84354		-2.01278
	9125.00000000		7.97220		-2.02029
	9130.00000000		7.99261		-2.06437
	9135.00000000		7.83759		-2.09150
	9140.00000000		7.73207		-1.97533
	9145.00000000		7.55548		-1.89852
	9150.00000000		7.53482		-1.84628
	9155.00000000		7.52392		-1.89591
	9160.00000000		7.52575		-1.88496
	9165.00000000		7.49437		-1.83716
	9170.00000000		7.52494		-1.84056
	9175.00000000		7.70964		-1.72189
	9180.00000000		7.77211		-1.80569
	9185.00000000		7.70047		-1.73499
	9190.00000000		7.57225		-1.75909
	9195.00000000		7.55493		-1.69694
	9200.00000000		7.73240		-1.70557
	9205.00000000		7.93677		-1.70136
	9210.00000000		7.96520		-1.60717
	9215.00000000		7.88443		-1.57556
	9220.00000000		7.85658		-1.52837
	9225.00000000		7.93753		-1.65072
	9230.00000000		8.07629		-1.71802
	9235.00000000		8.12751		-1.77160
	9240.00000000		8.04131		-1.72038
	9245.00000000		7.93509		-1.70548
	9250.00000000		7.88448		-1.66118
	9255.00000000		7.94207		-1.58702
	9260.00000000		8.10238		-1.61872
	9265.00000000		8.14777		-1.68114
	9270.00000000		8.11644		-1.75964
	9275.00000000		8.02458		-1.78843
	9280.00000000		8.02469		-1.83556
	9285.00000000		8.19571		-1.70587
	9290.00000000		8.44485		-1.69783
	9295.00000000		8.45364		-1.55900
	9300.00000000		8.33819		-1.57040
	9305.00000000		8.21670		-1.56024
	9310.00000000		8.30205		-1.58969
	9315.00000000		8.69013		-1.57923
	9320.00000000		9.01048		-1.39181
	9325.00000000		9.17181		-1.38550
	9330.00000000		8.97998		-1.35346
	9335.00000000		8.78727		-1.48466
	9340.00000000		8.83911		-1.50361
	9345.00000000		9.18578		-1.50168
	9350.00000000		9.24833		-1.39984
	9355.00000000		9.09459		-1.29511
	9360.00000000		8.90099		-1.25033
	9365.00000000		8.92569		-1.22288
	9370.00000000		9.21457		-1.31321
	9375.00000000		9.10604		-1.31584
	9380.00000000		9.06132		-1.42993
	9385.00000000		8.97374		-1.35281
	9390.00000000		9.10061		-1.29220
	9395.00000000		9.25652		-1.28678
	9400.00000000		9.20201		-1.30167
	9405.00000000		9.13356		-1.45379
	9410.00000000		9.03692		-1.44985
	9415.00000000		9.16029		-1.50667
	9420.00000000		9.37329		-1.46198
	9425.00000000		9.58391		-1.43371
	9430.00000000		9.39976		-1.46355
	9435.00000000		9.09806		-1.48222
	9440.00000000		9.05748		-1.46643
	9445.00000000		9.34420		-1.37927
	9450.00000000		9.70157		-1.33596
	9455.00000000		9.77883		-1.36851
	9460.00000000		9.66043		-1.46218
	9465.00000000		9.40447		-1.47705
	9470.00000000		9.53114		-1.46793
	9475.00000000		9.77570		-1.39064
	9480.00000000		9.99104		-1.31131
	9485.00000000		10.00115		-1.29429
	9490.00000000		9.89877		-1.37409
	9495.00000000		9.74849		-1.39180
	9500.00000000		9.63128		-1.32255
	9505.00000000		9.58462		-1.25618
	9510.00000000		9.53189		-1.18292
	9515.00000000		9.63910		-1.23643
	9520.00000000		9.66779		-1.21164
	9525.00000000		9.72614		-1.18701
	9530.00000000		9.77268		-1.09367
	9535.00000000		9.85187		-1.02992
	9540.00000000		9.79331		-0.98140
	9545.00000000		9.75410		-1.08819
	9550.00000000		9.68205		-1.09396
	9555.00000000		9.73049		-1.12789
	9560.00000000		9.83530		-1.13957
	9565.00000000		9.97552		-1.11199
	9570.00000000		10.15264		-1.13423
	9575.00000000		10.00092		-1.17533
	9580.00000000		9.79522		-1.24470
	9585.00000000		9.55142		-1.14890
	9590.00000000		9.44451		-1.08204
	9595.00000000		9.50217		-0.99860
	9600.00000000		9.68500		-1.13486
	9605.00000000		9.43150		-1.20724
	9610.00000000		8.99593		-1.28276
	9615.00000000		8.72753		-1.37589
	9620.00000000		8.80326		-1.39437
	9625.00000000		9.01001		-1.48700
	9630.00000000		8.92913		-1.37170
	9635.00000000		8.76864		-1.43693
	9640.00000000		8.75645		-1.51166
	9645.00000000		8.95543		-1.79469
	9650.00000000		9.18213		-2.14033
	9655.00000000		9.10160		-2.18616
	9660.00000000		8.93472		-2.22419
	9665.00000000		8.82705		-2.08571
	9670.00000000		8.87929		-2.12593
	9675.00000000		8.86150		-1.94642
	9680.00000000		8.76067		-1.76196
	9685.00000000		8.54569		-1.53908
	9690.00000000		8.45325		-1.46230
	9695.00000000		8.61229		-1.56479
	9700.00000000		8.77469		-1.62457
	9705.00000000		8.66470		-1.47761
	9710.00000000		8.46189		-1.41335
	9715.00000000		8.42154		-1.69758
	9720.00000000		8.51339		-1.89703
	9725.00000000		8.51166		-1.96304
	9730.00000000		8.38806		-1.85159
	9735.00000000		8.28151		-1.86482
	9740.00000000		8.38783		-1.71322
	9745.00000000		8.52953		-1.78129
	9750.00000000		8.55284		-1.62256
	9755.00000000		8.54272		-1.64697
	9760.00000000		8.61253		-1.66736
	9765.00000000		8.78173		-1.85273
	9770.00000000		8.85191		-2.16459
	9775.00000000		8.70634		-2.72946
	9780.00000000		8.52798		2.71352
	9785.00000000		8.45796		2.18198
	9790.00000000		8.54095		2.26387
	9795.00000000		8.69270		2.42018
	9800.00000000		8.64342		2.65905
	9805.00000000		8.42180		2.88074
	9810.00000000		8.34294		2.82036
	9815.00000000		8.49812		2.83880
	9820.00000000		8.82727		2.66747
	9825.00000000		9.02112		2.41533
	9830.00000000		8.85253		1.22559
	9835.00000000		8.66454		0.98643
	9840.00000000		8.72790		0.55246
	9845.00000000		8.91429		0.35325
	9850.00000000		9.08520		0.90709
	9855.00000000		9.13817		3.01904
	9860.00000000		9.09185		-2.38969
	9865.00000000		9.06878		-2.19607
	9870.00000000		9.23516		-2.25405
	9875.00000000		9.26387		-2.45225
	9880.00000000		9.06029		-3.02646
	9885.00000000		8.84605		-2.96658
	9890.00000000		8.70867		-2.74407
	9895.00000000		8.77920		-2.34993
	9900.00000000		9.02174		-2.35270
	9905.00000000		9.07858		-2.54436
	9910.00000000		8.84842		-3.10144
	9915.00000000		8.45054		2.86125
	9920.00000000		8.27270		2.53395
	9925.00000000		8.43138		2.17048
	9930.00000000		8.64705		2.14468
	9935.00000000		8.76701		2.73292
	9940.00000000		8.64759		2.77530
	9945.00000000		8.49534		2.54419
	9950.00000000		8.51742		2.28861
	9955.00000000		8.55831		2.21922
	9960.00000000		8.52392		2.32100
	9965.00000000		8.40606		2.43251
	9970.00000000		8.31298		2.51835
	9975.00000000		8.39453		2.35668
	9980.00000000		8.43789		2.30713
	9985.00000000		8.38863		2.26944
	9990.00000000		8.22723		2.34500
	9995.00000000		8.04623		2.31429
	10000.00000000		7.92026		2.20087
