	0.00000000		8.09595		-0.19757
	5.00000000		8.19236		-0.21692
	10.00000000		8.13809		-0.23604
	15.00000000		7.94371		-0.22981
	20.00000000		7.82531		-0.20422
	25.00000000		7.89384		-0.20511
	30.00000000		8.07111		-0.23727
	35.00000000		8.02455		-0.25101
	40.00000000		7.75491		-0.24175
	45.00000000		7.53880		-0.23414
	50.00000000		7.57944		-0.26673
	55.00000000		7.56754		-0.26557
	60.00000000		7.43119		-0.26901
	65.00000000		7.24856		-0.26932
	70.00000000		7.30972		-0.32799
	75.00000000		7.58522		-0.39145
	80.00000000		7.70806		-0.39926
	85.00000000		7.54958		-0.32074
	90.00000000		7.38650		-0.23552
	95.00000000		7.40817		-0.19789
	100.00000000		7.62505		-0.24369
	105.00000000		7.90118		-0.32252
	110.00000000		7.96190		-0.31283
	115.00000000		7.87829		-0.24280
	120.00000000		7.87783		-0.19075
	125.00000000		7.94516		-0.21678
	130.00000000		8.04596		-0.26853
	135.00000000		7.99485		-0.28308
	140.00000000		7.86838		-0.26385
	145.00000000		7.75465		-0.24475
	150.00000000		7.86178		-0.26283
	155.00000000		7.98828		-0.29662
	160.00000000		7.83482		-0.30046
	165.00000000		7.63703		-0.29283
	170.00000000		7.64716		-0.28745
	175.00000000		7.82241		-0.26951
	180.00000000		7.95436		-0.25843
	185.00000000		7.90969		-0.25568
	190.00000000		7.72322		-0.26131
	195.00000000		7.79275		-0.28403
	200.00000000		8.05691		-0.30073
	205.00000000		8.30711		-0.31813
	210.00000000		8.40854		-0.33073
	215.00000000		8.24067		-0.34382
	220.00000000		8.10850		-0.35779
	225.00000000		8.26552		-0.35525
	230.00000000		8.57772		-0.36393
	235.00000000		8.64491		-0.37428
	240.00000000		8.41255		-0.38738
	245.00000000		8.22922		-0.39383
	250.00000000		8.44426		-0.37027
	255.00000000		8.76677		-0.32998
	260.00000000		8.78507		-0.28448
	265.00000000		8.56255		-0.26660
	270.00000000		8.48829		-0.28784
	275.00000000		8.62693		-0.32807
	280.00000000		8.78743		-0.36012
	285.00000000		8.70101		-0.35684
	290.00000000		8.40014		-0.36358
	295.00000000		8.03874		-0.39002
	300.00000000		7.82293		-0.39353
	305.00000000		7.82334		-0.40990
	310.00000000		7.90730		-0.40571
	315.00000000		8.05918		-0.37771
	320.00000000		8.09005		-0.34586
	325.00000000		7.94844		-0.32897
	330.00000000		7.73884		-0.30602
	335.00000000		7.67482		-0.29328
	340.00000000		7.74634		-0.28496
	345.00000000		7.76438		-0.29955
	350.00000000		7.69931		-0.32394
	355.00000000		7.62256		-0.29405
	360.00000000		7.66513		-0.21500
	365.00000000		7.78889		-0.15350
	370.00000000		7.80190		-0.17965
	375.00000000		7.59673		-0.20542
	380.00000000		7.45008		-0.25659
	385.00000000		7.31685		-0.26254
	390.00000000		7.30605		-0.22534
	395.00000000		7.33321		-0.18054
	400.00000000		7.17374		-0.14174
	405.00000000		7.00596		-0.16611
	410.00000000		6.88227		-0.18301
	415.00000000		6.98204		-0.21212
	420.00000000		7.17807		-0.15173
	425.00000000		7.37181		-0.11939
	430.00000000		7.36331		-0.10564
	435.00000000		7.24502		-0.11835
	440.00000000		7.01883		-0.16662
	445.00000000		6.80896		-0.18626
	450.00000000		6.79072		-0.15387
	455.00000000		6.84601		-0.10249
	460.00000000		6.92825		-0.11907
	465.00000000		6.81529		-0.16128
	470.00000000		6.65680		-0.16200
	475.00000000		6.61820		-0.12612
	480.00000000		6.84492		-0.06547
	485.00000000		7.23311		-0.07779
	490.00000000		7.36720		-0.06375
	495.00000000		7.03026		-0.06407
	500.00000000		6.57891		-0.02329
	505.00000000		6.48943		-0.02121
	510.00000000		6.65734		-0.03516
	515.00000000		6.93437		-0.07393
	520.00000000		7.01961		-0.06711
	525.00000000		6.97408		-0.05159
	530.00000000		6.90511		-0.06364
	535.00000000		6.87894		-0.08400
	540.00000000		6.99492		-0.08389
	545.00000000		7.21742		-0.04902
	550.00000000		7.39892		-0.02483
	555.00000000		7.31163		0.00290
	560.00000000		7.19111		-0.00146
	565.00000000		7.25830		0.02682
	570.00000000		7.44691		0.08096
	575.00000000		7.46751		0.12068
	580.00000000		7.29423		0.16434
	585.00000000		7.10188		0.13835
	590.00000000		7.08829		0.10203
	595.00000000		7.27306		0.07954
	600.00000000		7.24544		0.06091
	605.00000000		6.98596		0.04785
	610.00000000		6.75612		0.04533
	615.00000000		6.75336		0.06954
	620.00000000		6.88143		0.05980
	625.00000000		7.08265		0.03528
	630.00000000		7.15688		0.00484
	635.00000000		6.97351		-0.00190
	640.00000000		6.65334		-0.00464
	645.00000000		6.61091		-0.01220
	650.00000000		6.86200		0.00517
	655.00000000		6.95917		-0.00384
	660.00000000		6.94937		-0.00970
	665.00000000		6.82818		-0.02845
	670.00000000		6.67327		-0.02334
	675.00000000		6.63207		-0.01242
	680.00000000		6.63068		0.03134
	685.00000000		6.61966		0.06493
	690.00000000		6.58707		0.10380
	695.00000000		6.65975		0.14420
	700.00000000		6.75562		0.19008
	705.00000000		6.74463		0.19511
	710.00000000		6.61215		0.18008
	715.00000000		6.60967		0.17713
	720.00000000		6.72501		0.19151
	725.00000000		6.85745		0.23801
	730.00000000		6.94238		0.21626
	735.00000000		6.92771		0.18028
	740.00000000		6.86477		0.10365
	745.00000000		6.80799		0.06807
	750.00000000		7.01066		0.04247
	755.00000000		7.30067		0.06271
	760.00000000		7.45121		0.08284
	765.00000000		7.30728		0.06956
	770.00000000		7.17548		0.03823
	775.00000000		7.23890		0.00765
	780.00000000		7.35842		0.02052
	785.00000000		7.41582		0.02640
	790.00000000		7.38840		0.05534
	795.00000000		7.45613		0.04709
	800.00000000		7.70336		0.04819
	805.00000000		7.92612		0.00026
	810.00000000		7.92408		-0.04918
	815.00000000		7.69948		-0.06654
	820.00000000		7.56992		-0.06994
	825.00000000		7.75205		-0.09070
	830.00000000		7.90842		-0.15730
	835.00000000		7.90648		-0.18717
	840.00000000		7.72692		-0.19885
	845.00000000		7.67176		-0.16587
	850.00000000		7.84959		-0.13431
	855.00000000		8.03045		-0.12586
	860.00000000		8.23414		-0.12874
	865.00000000		8.39401		-0.13192
	870.00000000		8.33202		-0.10081
	875.00000000		8.22054		-0.08506
	880.00000000		8.42241		-0.08329
	885.00000000		8.69513		-0.10471
	890.00000000		8.77011		-0.10668
	895.00000000		8.61894		-0.11593
	900.00000000		8.40600		-0.13638
	905.00000000		8.34128		-0.12852
	910.00000000		8.41171		-0.13143
	915.00000000		8.47947		-0.11149
	920.00000000		8.37168		-0.11250
	925.00000000		8.13482		-0.10728
	930.00000000		8.01934		-0.13932
	935.00000000		7.94813		-0.14251
	940.00000000		7.78844		-0.11998
	945.00000000		7.57808		-0.08929
	950.00000000		7.68569		-0.06138
	955.00000000		7.92504		-0.08315
	960.00000000		7.97611		-0.07671
	965.00000000		7.85847		-0.07768
	970.00000000		7.71993		-0.01535
	975.00000000		7.70539		0.01843
	980.00000000		7.79245		0.07962
	985.00000000		7.81106		0.08030
	990.00000000		7.74001		0.05862
	995.00000000		7.65317		0.04525
	1000.00000000		7.72806		0.04610
	1005.00000000		7.94248		0.06701
	1010.00000000		8.06691		0.05637
	1015.00000000		8.13521		0.03884
	1020.00000000		8.14252		0.00370
	1025.00000000		8.11125		0.02226
	1030.00000000		8.06286		0.02492
	1035.00000000		8.01308		0.04406
	1040.00000000		7.96823		0.03848
	1045.00000000		7.90884		0.00801
	1050.00000000		7.83923		0.03503
	1055.00000000		7.75477		0.02987
	1060.00000000		7.68811		0.04486
	1065.00000000		7.60109		-0.00655
	1070.00000000		7.57687		-0.04393
	1075.00000000		7.56670		-0.08601
	1080.00000000		7.58900		-0.06059
	1085.00000000		7.65817		-0.05947
	1090.00000000		7.68502		-0.03952
	1095.00000000		7.75431		-0.05938
	1100.00000000		7.81433		-0.07215
	1105.00000000		7.84648		-0.06668
	1110.00000000		7.90396		-0.08090
	1115.00000000		8.13299		-0.10247
	1120.00000000		8.39422		-0.16308
	1125.00000000		8.61468		-0.22658
	1130.00000000		8.69972		-0.26274
	1135.00000000		8.67127		-0.27059
	1140.00000000		8.58387		-0.26027
	1145.00000000		8.37581		-0.26195
	1150.00000000		8.33096		-0.30528
	1155.00000000		8.50027		-0.33172
	1160.00000000		8.72332		-0.33332
	1165.00000000		8.71763		-0.31287
	1170.00000000		8.53155		-0.29731
	1175.00000000		8.25215		-0.28837
	1180.00000000		8.19476		-0.28418
	1185.00000000		8.30610		-0.27335
	1190.00000000		8.39578		-0.23425
	1195.00000000		8.27525		-0.16676
	1200.00000000		8.06290		-0.13004
	1205.00000000		8.09128		-0.13956
	1210.00000000		8.18052		-0.15742
	1215.00000000		8.11781		-0.11664
	1220.00000000		7.89092		-0.06159
	1225.00000000		7.50809		-0.02007
	1230.00000000		7.47196		-0.01079
	1235.00000000		7.72555		-0.04257
	1240.00000000		7.87504		-0.05035
	1245.00000000		7.64641		-0.05423
	1250.00000000		7.27741		-0.05361
	1255.00000000		7.33666		-0.08016
	1260.00000000		7.51704		-0.02408
	1265.00000000		7.55764		0.01823
	1270.00000000		7.46099		0.10173
	1275.00000000		7.44361		0.08819
	1280.00000000		7.45542		0.08393
	1285.00000000		7.47912		0.05081
	1290.00000000		7.39621		0.04052
	1295.00000000		7.30547		0.07533
	1300.00000000		7.45587		0.06081
	1305.00000000		7.65888		0.07441
	1310.00000000		7.72945		0.03637
	1315.00000000		7.61093		0.03568
	1320.00000000		7.36192		-0.01689
	1325.00000000		7.19735		-0.04350
	1330.00000000		7.46960		-0.08699
	1335.00000000		7.84706		-0.10541
	1340.00000000		7.97137		-0.14977
	1345.00000000		7.74450		-0.17950
	1350.00000000		7.40627		-0.20597
	1355.00000000		7.21092		-0.22512
	1360.00000000		7.32741		-0.21473
	1365.00000000		7.58301		-0.21114
	1370.00000000		7.81624		-0.20275
	1375.00000000		7.82825		-0.19622
	1380.00000000		7.64713		-0.16534
	1385.00000000		7.62758		-0.13538
	1390.00000000		7.75203		-0.10558
	1395.00000000		7.85975		-0.12313
	1400.00000000		7.65436		-0.13928
	1405.00000000		7.34863		-0.16162
	1410.00000000		7.24159		-0.18480
	1415.00000000		7.46237		-0.18110
	1420.00000000		7.80829		-0.18519
	1425.00000000		7.88154		-0.13612
	1430.00000000		7.69277		-0.11004
	1435.00000000		7.56798		-0.05628
	1440.00000000		7.63535		-0.03660
	1445.00000000		7.72343		-0.00109
	1450.00000000		7.74531		0.01178
	1455.00000000		7.80736		0.00569
	1460.00000000		7.87910		-0.02221
	1465.00000000		7.95970		-0.06155
	1470.00000000		8.11303		-0.07557
	1475.00000000		8.08435		-0.13042
	1480.00000000		8.06140		-0.15483
	1485.00000000		8.08345		-0.22474
	1490.00000000		8.29059		-0.22952
	1495.00000000		8.48886		-0.25098
	1500.00000000		8.42125		-0.22607
	1505.00000000		8.12567		-0.22548
	1510.00000000		7.99085		-0.26281
	1515.00000000		8.08189		-0.29159
	1520.00000000		8.49916		-0.33230
	1525.00000000		8.71843		-0.33047
	1530.00000000		8.64762		-0.36069
	1535.00000000		8.40087		-0.36984
	1540.00000000		8.03294		-0.40334
	1545.00000000		7.89480		-0.40512
	1550.00000000		8.02630		-0.39796
	1555.00000000		8.27531		-0.35356
	1560.00000000		8.26733		-0.30996
	1565.00000000		8.03664		-0.27124
	1570.00000000		7.69332		-0.23923
	1575.00000000		7.50573		-0.25907
	1580.00000000		7.39798		-0.28033
	1585.00000000		7.35847		-0.33452
	1590.00000000		7.22527		-0.34700
	1595.00000000		7.19540		-0.36981
	1600.00000000		7.18431		-0.32577
	1605.00000000		7.29231		-0.29552
	1610.00000000		7.26855		-0.27501
	1615.00000000		7.09962		-0.27489
	1620.00000000		7.05888		-0.27261
	1625.00000000		7.00678		-0.20773
	1630.00000000		6.99838		-0.15395
	1635.00000000		6.87623		-0.11508
	1640.00000000		6.68406		-0.12108
	1645.00000000		6.46366		-0.14148
	1650.00000000		6.44894		-0.16210
	1655.00000000		6.56191		-0.15718
	1660.00000000		6.47677		-0.17509
	1665.00000000		6.25685		-0.19354
	1670.00000000		6.23029		-0.22485
	1675.00000000		6.24760		-0.22634
	1680.00000000		6.33337		-0.21595
	1685.00000000		6.50292		-0.24590
	1690.00000000		6.55381		-0.31267
	1695.00000000		6.48427		-0.40598
	1700.00000000		6.24796		-0.45194
	1705.00000000		6.24294		-0.45639
	1710.00000000		6.26612		-0.42420
	1715.00000000		6.44480		-0.40013
	1720.00000000		6.60576		-0.38053
	1725.00000000		6.70122		-0.36617
	1730.00000000		6.63670		-0.38136
	1735.00000000		6.58278		-0.37194
	1740.00000000		6.64744		-0.34413
	1745.00000000		6.60813		-0.28683
	1750.00000000		6.59202		-0.24650
	1755.00000000		6.62734		-0.22516
	1760.00000000		6.89242		-0.19471
	1765.00000000		6.97674		-0.15654
	1770.00000000		6.69559		-0.10260
	1775.00000000		6.54074		-0.07226
	1780.00000000		6.45652		-0.04267
	1785.00000000		6.65969		-0.05222
	1790.00000000		6.76769		-0.05198
	1795.00000000		6.79948		-0.08397
	1800.00000000		6.69732		-0.09281
	1805.00000000		6.65067		-0.10062
	1810.00000000		6.56515		-0.10970
	1815.00000000		6.57683		-0.10461
	1820.00000000		6.49762		-0.10100
	1825.00000000		6.42241		-0.13427
	1830.00000000		6.27823		-0.15519
	1835.00000000		6.21497		-0.15522
	1840.00000000		6.16572		-0.11742
	1845.00000000		6.19039		-0.08907
	1850.00000000		6.29785		-0.08240
	1855.00000000		6.34376		-0.06784
	1860.00000000		6.39145		-0.05514
	1865.00000000		6.25281		-0.07272
	1870.00000000		6.14880		-0.10275
	1875.00000000		5.94635		-0.11638
	1880.00000000		5.89935		-0.09766
	1885.00000000		6.08218		-0.06641
	1890.00000000		6.18247		-0.04465
	1895.00000000		6.04628		-0.05899
	1900.00000000		5.71870		-0.05357
	1905.00000000		5.89946		-0.06373
	1910.00000000		6.09506		-0.00823
	1915.00000000		6.31483		0.04489
	1920.00000000		6.31936		0.08311
	1925.00000000		6.20605		0.11214
	1930.00000000		6.22968		0.07846
	1935.00000000		6.14893		0.09694
	1940.00000000		6.12187		0.09639
	1945.00000000		5.96446		0.13914
	1950.00000000		5.91785		0.12285
	1955.00000000		5.85624		0.14239
	1960.00000000		5.96939		0.20064
	1965.00000000		6.02111		0.27467
	1970.00000000		6.04287		0.34034
	1975.00000000		6.11275		0.30247
	1980.00000000		6.00527		0.31520
	1985.00000000		5.79111		0.33637
	1990.00000000		5.51903		0.39055
	1995.00000000		5.57519		0.41192
	2000.00000000		5.77291		0.39124
	2005.00000000		5.97321		0.32035
	2010.00000000		5.97189		0.28951
	2015.00000000		5.84088		0.29006
	2020.00000000		5.74667		0.30334
	2025.00000000		5.84100		0.28361
	2030.00000000		6.02036		0.23119
	2035.00000000		6.13812		0.18050
	2040.00000000		6.12301		0.17977
	2045.00000000		5.95261		0.16153
	2050.00000000		5.79009		0.12331
	2055.00000000		5.75507		0.05644
	2060.00000000		5.93240		0.00636
	2065.00000000		6.03535		0.01646
	2070.00000000		5.79166		0.05270
	2075.00000000		5.38690		0.04560
	2080.00000000		5.20618		-0.01580
	2085.00000000		5.35173		-0.07172
	2090.00000000		5.54869		-0.08691
	2095.00000000		5.54574		-0.04275
	2100.00000000		5.40869		0.01237
	2105.00000000		5.39512		0.06096
	2110.00000000		5.57965		0.04294
	2115.00000000		5.71844		0.00865
	2120.00000000		5.74884		-0.06249
	2125.00000000		5.50489		-0.05569
	2130.00000000		5.44727		-0.04254
	2135.00000000		5.44650		-0.01356
	2140.00000000		5.71735		-0.05087
	2145.00000000		5.59656		-0.09423
	2150.00000000		5.36438		-0.08952
	2155.00000000		5.41512		-0.07892
	2160.00000000		5.52361		-0.00354
	2165.00000000		5.65850		-0.00946
	2170.00000000		5.34652		0.02191
	2175.00000000		5.17781		-0.04488
	2180.00000000		5.00189		-0.07237
	2185.00000000		5.19173		-0.10712
	2190.00000000		5.52156		-0.11536
	2195.00000000		5.52622		-0.08651
	2200.00000000		5.27736		-0.10931
	2205.00000000		4.96275		-0.13118
	2210.00000000		5.26094		-0.18937
	2215.00000000		5.47989		-0.19344
	2220.00000000		5.64500		-0.21707
	2225.00000000		5.31757		-0.17624
	2230.00000000		5.01666		-0.15109
	2235.00000000		4.76262		-0.10116
	2240.00000000		4.74239		-0.08352
	2245.00000000		4.94567		-0.09507
	2250.00000000		4.98592		-0.07139
	2255.00000000		5.19096		-0.06034
	2260.00000000		5.00145		-0.01892
	2265.00000000		4.89952		-0.02429
	2270.00000000		4.72090		-0.02643
	2275.00000000		4.78730		-0.04980
	2280.00000000		4.92535		-0.02210
	2285.00000000		4.96781		0.00390
	2290.00000000		4.88713		-0.01301
	2295.00000000		4.71329		0.00374
	2300.00000000		4.82673		-0.03287
	2305.00000000		4.96575		-0.03606
	2310.00000000		5.05974		-0.08529
	2315.00000000		4.86531		-0.13024
	2320.00000000		4.41825		-0.16101
	2325.00000000		4.50043		-0.15590
	2330.00000000		4.57493		-0.05184
	2335.00000000		4.80897		0.01174
	2340.00000000		4.64353		0.00700
	2345.00000000		4.34835		-0.02145
	2350.00000000		4.16032		-0.04885
	2355.00000000		4.18379		-0.01295
	2360.00000000		4.61736		0.00938
	2365.00000000		4.69098		-0.02462
	2370.00000000		4.55833		-0.07565
	2375.00000000		4.29291		-0.13292
	2380.00000000		4.34182		-0.17587
	2385.00000000		4.38311		-0.18932
	2390.00000000		4.57569		-0.21367
	2395.00000000		4.56394		-0.24044
	2400.00000000		4.57394		-0.21122
	2405.00000000		4.57651		-0.17860
	2410.00000000		4.60227		-0.15029
	2415.00000000		4.72697		-0.16384
	2420.00000000		4.70953		-0.19155
	2425.00000000		4.62965		-0.22920
	2430.00000000		4.33371		-0.19960
	2435.00000000		4.30742		-0.15925
	2440.00000000		4.23568		-0.13295
	2445.00000000		4.38659		-0.15509
	2450.00000000		4.58700		-0.19698
	2455.00000000		4.60506		-0.18449
	2460.00000000		4.48955		-0.14807
	2465.00000000		4.38473		-0.10292
	2470.00000000		4.38977		-0.11928
	2475.00000000		4.36917		-0.10096
	2480.00000000		4.62676		-0.10803
	2485.00000000		4.74843		-0.07673
	2490.00000000		4.86745		-0.05641
	2495.00000000		4.83473		-0.07377
	2500.00000000		4.79015		-0.10611
	2505.00000000		4.80357		-0.15845
	2510.00000000		4.81173		-0.13787
	2515.00000000		5.03676		-0.10612
	2520.00000000		5.23240		-0.12760
	2525.00000000		5.30003		-0.21222
	2530.00000000		5.13279		-0.26144
	2535.00000000		4.84598		-0.26178
	2540.00000000		4.74166		-0.23686
	2545.00000000		4.74895		-0.23743
	2550.00000000		4.85178		-0.25481
	2555.00000000		4.99576		-0.26851
	2560.00000000		4.88651		-0.25281
	2565.00000000		4.68945		-0.24038
	2570.00000000		4.64483		-0.23926
	2575.00000000		4.88508		-0.26017
	2580.00000000		5.04859		-0.27670
	2585.00000000		5.13211		-0.30047
	2590.00000000		4.97007		-0.30034
	2595.00000000		4.88657		-0.29351
	2600.00000000		4.91938		-0.23482
	2605.00000000		5.12834		-0.22020
	2610.00000000		5.18255		-0.20276
	2615.00000000		5.08741		-0.18602
	2620.00000000		4.96397		-0.21069
	2625.00000000		4.91551		-0.25268
	2630.00000000		5.15200		-0.30298
	2635.00000000		5.41913		-0.34317
	2640.00000000		5.46338		-0.38811
	2645.00000000		5.34316		-0.39384
	2650.00000000		5.28547		-0.39031
	2655.00000000		5.35485		-0.34179
	2660.00000000		5.48255		-0.33136
	2665.00000000		5.51980		-0.34249
	2670.00000000		5.46816		-0.36867
	2675.00000000		5.42534		-0.35564
	2680.00000000		5.48106		-0.31392
	2685.00000000		5.75169		-0.27806
	2690.00000000		5.89451		-0.26827
	2695.00000000		5.91007		-0.31342
	2700.00000000		5.81356		-0.37925
	2705.00000000		5.83237		-0.47407
	2710.00000000		5.89190		-0.51618
	2715.00000000		6.07909		-0.51755
	2720.00000000		6.34204		-0.49198
	2725.00000000		6.45688		-0.48238
	2730.00000000		6.39153		-0.51609
	2735.00000000		6.15456		-0.54908
	2740.00000000		6.08335		-0.53061
	2745.00000000		6.09442		-0.47806
	2750.00000000		6.28606		-0.43044
	2755.00000000		6.51245		-0.37428
	2760.00000000		6.62857		-0.35385
	2765.00000000		6.42870		-0.34163
	2770.00000000		6.14827		-0.37792
	2775.00000000		6.03276		-0.42773
	2780.00000000		6.04327		-0.45929
	2785.00000000		6.26086		-0.48522
	2790.00000000		6.38306		-0.51232
	2795.00000000		6.38365		-0.52524
	2800.00000000		6.15615		-0.49727
	2805.00000000		5.93834		-0.52236
	2810.00000000		5.84994		-0.54851
	2815.00000000		5.76021		-0.60429
	2820.00000000		5.77806		-0.57887
	2825.00000000		5.71001		-0.50943
	2830.00000000		5.97678		-0.44617
	2835.00000000		6.04905		-0.44115
	2840.00000000		5.88264		-0.49847
	2845.00000000		5.59704		-0.55666
	2850.00000000		5.44315		-0.58645
	2855.00000000		5.73550		-0.54956
	2860.00000000		5.99983		-0.54028
	2865.00000000		6.00861		-0.54888
	2870.00000000		5.68535		-0.56719
	2875.00000000		5.53576		-0.58022
	2880.00000000		5.66158		-0.57164
	2885.00000000		5.76983		-0.57095
	2890.00000000		5.74171		-0.61441
	2895.00000000		5.49913		-0.66313
	2900.00000000		5.39437		-0.63164
	2905.00000000		5.37077		-0.57936
	2910.00000000		5.66506		-0.51731
	2915.00000000		5.82051		-0.48383
	2920.00000000		5.78336		-0.46460
	2925.00000000		5.34176		-0.45487
	2930.00000000		5.20789		-0.46190
	2935.00000000		5.41805		-0.49531
	2940.00000000		5.78055		-0.50608
	2945.00000000		5.92409		-0.45636
	2950.00000000		5.79460		-0.41079
	2955.00000000		5.81788		-0.38504
	2960.00000000		5.79710		-0.36125
	2965.00000000		5.90822		-0.36111
	2970.00000000		5.87363		-0.36903
	2975.00000000		5.82811		-0.37056
	2980.00000000		5.79367		-0.35538
	2985.00000000		5.92655		-0.33401
	2990.00000000		6.10755		-0.34335
	2995.00000000		6.12724		-0.39448
	3000.00000000		6.05807		-0.45006
	3005.00000000		5.80947		-0.47577
	3010.00000000		5.95711		-0.47929
	3015.00000000		6.01993		-0.45803
	3020.00000000		6.30361		-0.44317
	3025.00000000		6.40448		-0.43311
	3030.00000000		6.42909		-0.45898
	3035.00000000		6.39340		-0.51283
	3040.00000000		6.44700		-0.56604
	3045.00000000		6.57936		-0.60204
	3050.00000000		6.59228		-0.65456
	3055.00000000		6.55784		-0.69905
	3060.00000000		6.42356		-0.69282
	3065.00000000		6.45128		-0.66656
	3070.00000000		6.64155		-0.68110
	3075.00000000		6.80029		-0.71836
	3080.00000000		6.60854		-0.74511
	3085.00000000		6.25675		-0.74573
	3090.00000000		6.07091		-0.70817
	3095.00000000		6.10251		-0.67371
	3100.00000000		6.31412		-0.64265
	3105.00000000		6.22222		-0.64019
	3110.00000000		5.86307		-0.60893
	3115.00000000		5.50633		-0.56725
	3120.00000000		5.28218		-0.51465
	3125.00000000		5.32679		-0.51183
	3130.00000000		5.55092		-0.51954
	3135.00000000		5.63355		-0.52102
	3140.00000000		5.51820		-0.47342
	3145.00000000		5.40958		-0.43348
	3150.00000000		5.52633		-0.41913
	3155.00000000		5.77210		-0.44504
	3160.00000000		5.85986		-0.53403
	3165.00000000		5.71065		-0.59771
	3170.00000000		5.69037		-0.61754
	3175.00000000		5.69704		-0.57640
	3180.00000000		5.82780		-0.56720
	3185.00000000		5.94398		-0.58736
	3190.00000000		5.95786		-0.62066
	3195.00000000		6.00495		-0.62049
	3200.00000000		5.89285		-0.58954
	3205.00000000		5.64471		-0.54289
	3210.00000000		5.58116		-0.50378
	3215.00000000		5.67813		-0.48770
	3220.00000000		5.91855		-0.48335
	3225.00000000		5.96221		-0.51580
	3230.00000000		5.81038		-0.55765
	3235.00000000		5.52265		-0.60715
	3240.00000000		5.47470		-0.59843
	3245.00000000		5.37216		-0.56591
	3250.00000000		5.33554		-0.55633
	3255.00000000		5.23201		-0.58394
	3260.00000000		5.22122		-0.62535
	3265.00000000		5.32830		-0.64594
	3270.00000000		5.35077		-0.61989
	3275.00000000		5.31830		-0.57468
	3280.00000000		5.09724		-0.60391
	3285.00000000		5.03363		-0.72045
	3290.00000000		4.92381		-0.82964
	3295.00000000		5.16060		-0.86117
	3300.00000000		5.17932		-0.83421
	3305.00000000		5.09814		-0.77451
	3310.00000000		4.92572		-0.73617
	3315.00000000		4.75594		-0.72741
	3320.00000000		4.80970		-0.72130
	3325.00000000		4.76206		-0.72465
	3330.00000000		5.03621		-0.69575
	3335.00000000		5.03991		-0.70051
	3340.00000000		5.20882		-0.71813
	3345.00000000		5.29593		-0.73865
	3350.00000000		5.34454		-0.73141
	3355.00000000		5.22227		-0.69762
	3360.00000000		5.12258		-0.67729
	3365.00000000		5.06887		-0.67386
	3370.00000000		5.09251		-0.66198
	3375.00000000		5.27888		-0.59931
	3380.00000000		5.31991		-0.56352
	3385.00000000		5.30506		-0.53342
	3390.00000000		5.02322		-0.55145
	3395.00000000		4.92139		-0.51903
	3400.00000000		4.73431		-0.49646
	3405.00000000		4.89084		-0.49247
	3410.00000000		4.91893		-0.56642
	3415.00000000		4.92358		-0.63967
	3420.00000000		4.87051		-0.66095
	3425.00000000		4.72117		-0.63542
	3430.00000000		4.55467		-0.58332
	3435.00000000		4.46195		-0.60916
	3440.00000000		4.45466		-0.65297
	3445.00000000		4.50091		-0.73020
	3450.00000000		4.62620		-0.74270
	3455.00000000		4.59581		-0.73558
	3460.00000000		4.47563		-0.70342
	3465.00000000		4.37011		-0.69901
	3470.00000000		4.65830		-0.71069
	3475.00000000		4.74232		-0.71626
	3480.00000000		4.67801		-0.66005
	3485.00000000		4.43981		-0.60453
	3490.00000000		4.62511		-0.61849
	3495.00000000		4.84822		-0.66791
	3500.00000000		4.85460		-0.68141
	3505.00000000		4.69256		-0.62728
	3510.00000000		4.63587		-0.57735
	3515.00000000		4.71688		-0.50488
	3520.00000000		4.90083		-0.51116
	3525.00000000		5.00106		-0.53690
	3530.00000000		4.87078		-0.53305
	3535.00000000		4.84001		-0.49046
	3540.00000000		4.90575		-0.44183
	3545.00000000		5.06442		-0.46387
	3550.00000000		5.00404		-0.49698
	3555.00000000		4.87473		-0.53405
	3560.00000000		5.01666		-0.54234
	3565.00000000		5.21884		-0.55472
	3570.00000000		5.34515		-0.54340
	3575.00000000		5.15122		-0.56778
	3580.00000000		5.02258		-0.59730
	3585.00000000		4.99680		-0.64980
	3590.00000000		5.22527		-0.63247
	3595.00000000		5.35067		-0.59408
	3600.00000000		5.19351		-0.58904
	3605.00000000		5.11308		-0.57395
	3610.00000000		5.10126		-0.65075
	3615.00000000		5.51733		-0.70698
	3620.00000000		5.72314		-0.73804
	3625.00000000		5.65234		-0.68059
	3630.00000000		5.47718		-0.64699
	3635.00000000		5.41254		-0.69879
	3640.00000000		5.58321		-0.74567
	3645.00000000		5.67766		-0.76898
	3650.00000000		5.72459		-0.70755
	3655.00000000		5.52114		-0.66307
	3660.00000000		5.40601		-0.62042
	3665.00000000		5.40492		-0.58650
	3670.00000000		5.47732		-0.55146
	3675.00000000		5.63095		-0.50405
	3680.00000000		5.47707		-0.49606
	3685.00000000		5.43725		-0.50580
	3690.00000000		5.39138		-0.54727
	3695.00000000		5.63751		-0.50831
	3700.00000000		5.67594		-0.44664
	3705.00000000		5.55310		-0.39192
	3710.00000000		5.22602		-0.41357
	3715.00000000		5.07760		-0.49911
	3720.00000000		5.34717		-0.53024
	3725.00000000		5.53448		-0.53710
	3730.00000000		5.79110		-0.53445
	3735.00000000		5.57535		-0.57533
	3740.00000000		5.41733		-0.61261
	3745.00000000		5.32095		-0.63252
	3750.00000000		5.28816		-0.60421
	3755.00000000		5.17860		-0.59301
	3760.00000000		5.04098		-0.61909
	3765.00000000		5.08777		-0.63512
	3770.00000000		5.09775		-0.66935
	3775.00000000		5.21333		-0.67070
	3780.00000000		5.24133		-0.71924
	3785.00000000		5.37581		-0.74479
	3790.00000000		5.48640		-0.78807
	3795.00000000		5.59126		-0.79728
	3800.00000000		5.63106		-0.77515
	3805.00000000		5.46075		-0.77895
	3810.00000000		5.29193		-0.76278
	3815.00000000		5.12795		-0.81149
	3820.00000000		5.31938		-0.84057
	3825.00000000		5.46590		-0.88748
	3830.00000000		5.55361		-0.87579
	3835.00000000		5.56637		-0.89130
	3840.00000000		5.69759		-0.87838
	3845.00000000		5.81996		-0.88404
	3850.00000000		5.78684		-0.90806
	3855.00000000		5.83408		-0.92462
	3860.00000000		5.83463		-0.99417
	3865.00000000		5.95099		-1.00531
	3870.00000000		5.86169		-0.95331
	3875.00000000		5.72020		-0.83089
	3880.00000000		5.60573		-0.79159
	3885.00000000		5.82382		-0.80016
	3890.00000000		6.08349		-0.87688
	3895.00000000		6.14789		-0.90239
	3900.00000000		6.03040		-0.92503
	3905.00000000		5.95095		-0.94928
	3910.00000000		5.96875		-0.98087
	3915.00000000		5.95188		-1.02279
	3920.00000000		5.95915		-1.02873
	3925.00000000		5.90129		-1.05648
	3930.00000000		5.92988		-1.00689
	3935.00000000		5.92235		-0.99540
	3940.00000000		5.99108		-0.99166
	3945.00000000		5.94459		-0.98616
	3950.00000000		5.88826		-0.95111
	3955.00000000		5.74497		-0.88695
	3960.00000000		5.71061		-0.86478
	3965.00000000		5.89326		-0.87298
	3970.00000000		6.04765		-0.88547
	3975.00000000		6.13850		-0.86141
	3980.00000000		5.90734		-0.81300
	3985.00000000		5.88188		-0.79251
	3990.00000000		6.03067		-0.82874
	3995.00000000		6.30190		-0.83838
	4000.00000000		6.43315		-0.84179
	4005.00000000		6.27984		-0.82466
	4010.00000000		6.13607		-0.82845
	4015.00000000		6.04613		-0.84886
	4020.00000000		6.06430		-0.84964
	4025.00000000		6.03264		-0.81302
	4030.00000000		5.89664		-0.76390
	4035.00000000		5.70751		-0.73314
	4040.00000000		5.73753		-0.72435
	4045.00000000		5.76159		-0.72938
	4050.00000000		5.79347		-0.69093
	4055.00000000		5.70647		-0.64661
	4060.00000000		5.46940		-0.57289
	4065.00000000		5.32391		-0.49183
	4070.00000000		5.13920		-0.49702
	4075.00000000		5.15295		-0.52670
	4080.00000000		5.14634		-0.55455
	4085.00000000		5.39615		-0.51108
	4090.00000000		5.60939		-0.43443
	4095.00000000		5.60674		-0.36353
	4100.00000000		5.26666		-0.27943
	4105.00000000		4.94855		-0.27933
	4110.00000000		4.96783		-0.35149
	4115.00000000		5.02566		-0.38409
	4120.00000000		5.06654		-0.34628
	4125.00000000		4.83256		-0.34019
	4130.00000000		4.74175		-0.35028
	4135.00000000		4.75009		-0.39175
	4140.00000000		4.95747		-0.35988
	4145.00000000		4.86346		-0.35821
	4150.00000000		4.71330		-0.36216
	4155.00000000		4.61951		-0.45823
	4160.00000000		4.76866		-0.60604
	4165.00000000		4.89944		-0.66967
	4170.00000000		4.69355		-0.71760
	4175.00000000		4.58222		-0.70940
	4180.00000000		4.50406		-0.80719
	4185.00000000		4.82663		-0.83327
	4190.00000000		4.77229		-0.88333
	4195.00000000		4.53108		-0.88785
	4200.00000000		4.36913		-0.92388
	4205.00000000		4.47646		-0.94983
	4210.00000000		4.67332		-0.96580
	4215.00000000		4.68687		-0.94870
	4220.00000000		4.51295		-0.91319
	4225.00000000		4.35512		-0.93298
	4230.00000000		4.43633		-0.94094
	4235.00000000		4.60443		-0.99656
	4240.00000000		4.86570		-1.01123
	4245.00000000		4.78044		-1.02872
	4250.00000000		4.66837		-0.99949
	4255.00000000		4.48582		-0.99233
	4260.00000000		4.55186		-0.97729
	4265.00000000		4.69664		-0.95524
	4270.00000000		4.69025		-0.97390
	4275.00000000		4.60842		-0.95967
	4280.00000000		4.31241		-1.00677
	4285.00000000		4.23522		-0.93782
	4290.00000000		4.06107		-0.87242
	4295.00000000		4.23857		-0.77831
	4300.00000000		4.24534		-0.75912
	4305.00000000		4.10379		-0.79382
	4310.00000000		4.12156		-0.79626
	4315.00000000		4.16687		-0.76796
	4320.00000000		4.43770		-0.65507
	4325.00000000		4.51541		-0.64024
	4330.00000000		4.41566		-0.72393
	4335.00000000		4.28631		-0.81033
	4340.00000000		4.29538		-0.83109
	4345.00000000		4.29603		-0.82377
	4350.00000000		4.26056		-0.82591
	4355.00000000		4.14435		-0.83725
	4360.00000000		4.12632		-0.90422
	4365.00000000		4.35002		-0.94200
	4370.00000000		4.63773		-0.97770
	4375.00000000		4.81967		-0.93322
	4380.00000000		4.59818		-0.93175
	4385.00000000		4.53608		-0.91778
	4390.00000000		4.56781		-0.96410
	4395.00000000		4.88368		-0.99911
	4400.00000000		5.19631		-1.04194
	4405.00000000		5.23298		-1.06765
	4410.00000000		5.19038		-1.06212
	4415.00000000		5.07560		-1.07874
	4420.00000000		5.15787		-1.08352
	4425.00000000		5.21180		-1.10014
	4430.00000000		5.27109		-1.07388
	4435.00000000		5.26957		-1.08856
	4440.00000000		5.29373		-1.12307
	4445.00000000		5.33856		-1.14150
	4450.00000000		5.24333		-1.18623
	4455.00000000		5.07576		-1.17101
	4460.00000000		4.89554		-1.16825
	4465.00000000		4.76999		-1.10580
	4470.00000000		4.81102		-1.08372
	4475.00000000		4.84514		-1.08847
	4480.00000000		4.89868		-1.07012
	4485.00000000		4.85251		-1.06552
	4490.00000000		4.81848		-1.02589
	4495.00000000		4.83061		-0.99080
	4500.00000000		4.77262		-1.00534
	4505.00000000		4.82386		-1.04653
	4510.00000000		4.92658		-1.07662
	4515.00000000		5.01118		-1.02786
	4520.00000000		4.90392		-0.96605
	4525.00000000		4.87570		-0.91866
	4530.00000000		4.80697		-0.96057
	4535.00000000		5.02622		-1.00447
	4540.00000000		5.22393		-1.05077
	4545.00000000		5.28736		-1.04621
	4550.00000000		5.18152		-1.03026
	4555.00000000		5.04272		-0.99251
	4560.00000000		5.16491		-0.96098
	4565.00000000		5.26055		-0.96191
	4570.00000000		5.25366		-0.98098
	4575.00000000		5.06636		-0.99567
	4580.00000000		5.04793		-0.98937
	4585.00000000		5.08186		-1.00374
	4590.00000000		5.12250		-1.00199
	4595.00000000		4.97557		-1.00490
	4600.00000000		4.71683		-0.99551
	4605.00000000		4.75592		-1.01506
	4610.00000000		4.83391		-1.09873
	4615.00000000		4.92943		-1.15047
	4620.00000000		4.79145		-1.23487
	4625.00000000		4.63157		-1.28342
	4630.00000000		4.61760		-1.30039
	4635.00000000		4.86683		-1.32679
	4640.00000000		5.15107		-1.31738
	4645.00000000		5.09902		-1.30783
	4650.00000000		4.91728		-1.29612
	4655.00000000		4.76315		-1.29851
	4660.00000000		4.82945		-1.29026
	4665.00000000		4.91767		-1.30233
	4670.00000000		4.93365		-1.28184
	4675.00000000		4.82798		-1.27881
	4680.00000000		4.72357		-1.26856
	4685.00000000		4.58924		-1.22982
	4690.00000000		4.54795		-1.13986
	4695.00000000		4.62740		-1.12465
	4700.00000000		4.77895		-1.11431
	4705.00000000		4.80224		-1.14002
	4710.00000000		4.70849		-1.15250
	4715.00000000		4.69412		-1.15470
	4720.00000000		4.69326		-1.15925
	4725.00000000		4.69586		-1.11917
	4730.00000000		4.55438		-1.08490
	4735.00000000		4.37949		-1.02423
	4740.00000000		4.30638		-0.98327
	4745.00000000		4.44757		-0.99007
	4750.00000000		4.68574		-1.03031
	4755.00000000		4.61175		-1.02775
	4760.00000000		4.22584		-1.00814
	4765.00000000		4.00934		-0.96922
	4770.00000000		4.10728		-1.06579
	4775.00000000		4.37361		-1.12808
	4780.00000000		4.42642		-1.15822
	4785.00000000		4.31479		-1.17262
	4790.00000000		4.37910		-1.15028
	4795.00000000		4.46267		-1.18786
	4800.00000000		4.65052		-1.20498
	4805.00000000		4.76503		-1.25329
	4810.00000000		4.80059		-1.26492
	4815.00000000		4.78158		-1.28700
	4820.00000000		4.74525		-1.27039
	4825.00000000		4.67400		-1.21735
	4830.00000000		4.68337		-1.16889
	4835.00000000		4.80078		-1.15300
	4840.00000000		4.77061		-1.22253
	4845.00000000		4.78603		-1.22700
	4850.00000000		4.69589		-1.24900
	4855.00000000		4.75246		-1.16642
	4860.00000000		4.83946		-1.14073
	4865.00000000		5.07645		-1.18846
	4870.00000000		5.31293		-1.29919
	4875.00000000		5.39720		-1.34624
	4880.00000000		5.31892		-1.31827
	4885.00000000		5.22974		-1.27709
	4890.00000000		5.41753		-1.27520
	4895.00000000		5.51492		-1.33664
	4900.00000000		5.40542		-1.37724
	4905.00000000		5.30251		-1.37850
	4910.00000000		5.33517		-1.30063
	4915.00000000		5.38182		-1.26967
	4920.00000000		5.55944		-1.22183
	4925.00000000		5.44703		-1.24945
	4930.00000000		5.41186		-1.23843
	4935.00000000		5.42747		-1.22560
	4940.00000000		5.57456		-1.19840
	4945.00000000		5.64707		-1.18129
	4950.00000000		5.63546		-1.22036
	4955.00000000		5.58034		-1.23140
	4960.00000000		5.44498		-1.26431
	4965.00000000		5.55094		-1.23432
	4970.00000000		5.63734		-1.29836
	4975.00000000		5.63584		-1.30116
	4980.00000000		5.39756		-1.26806
	4985.00000000		5.32412		-1.20169
	4990.00000000		5.45226		-1.16893
	4995.00000000		5.57778		-1.18707
	5000.00000000		5.67432		-1.15149
	5005.00000000		5.62972		-1.14358
	5010.00000000		5.65750		-1.06467
	5015.00000000		5.54480		-1.08515
	5020.00000000		5.66275		-1.09246
	5025.00000000		5.53503		-1.15340
	5030.00000000		5.54169		-1.15778
	5035.00000000		5.54290		-1.15049
	5040.00000000		5.58948		-1.15945
	5045.00000000		5.73465		-1.14194
	5050.00000000		5.56872		-1.20063
	5055.00000000		5.37178		-1.19776
	5060.00000000		5.18314		-1.19427
	5065.00000000		5.41398		-1.16462
	5070.00000000		5.51124		-1.19500
	5075.00000000		5.46744		-1.23498
	5080.00000000		5.18018		-1.27277
	5085.00000000		4.99264		-1.27474
	5090.00000000		5.12894		-1.23511
	5095.00000000		5.21061		-1.23011
	5100.00000000		5.28007		-1.16735
	5105.00000000		5.00548		-1.21869
	5110.00000000		5.15681		-1.22431
	5115.00000000		5.22722		-1.27891
	5120.00000000		5.48232		-1.24631
	5125.00000000		5.48672		-1.29330
	5130.00000000		5.45440		-1.33289
	5135.00000000		5.31494		-1.38970
	5140.00000000		5.28234		-1.41711
	5145.00000000		5.49479		-1.39072
	5150.00000000		5.61535		-1.39691
	5155.00000000		5.78401		-1.34238
	5160.00000000		5.74781		-1.36843
	5165.00000000		5.62382		-1.30806
	5170.00000000		5.44736		-1.28001
	5175.00000000		5.54277		-1.21522
	5180.00000000		5.75551		-1.20435
	5185.00000000		6.06587		-1.18972
	5190.00000000		6.20311		-1.15614
	5195.00000000		6.07395		-1.13301
	5200.00000000		6.02843		-1.07687
	5205.00000000		6.06705		-1.08200
	5210.00000000		6.27117		-1.02358
	5215.00000000		6.24041		-1.04999
	5220.00000000		6.24884		-1.03779
	5225.00000000		6.25198		-1.10493
	5230.00000000		6.31976		-1.16777
	5235.00000000		6.39873		-1.18389
	5240.00000000		6.34851		-1.17017
	5245.00000000		6.28869		-1.11545
	5250.00000000		6.15266		-1.12397
	5255.00000000		6.27240		-1.12161
	5260.00000000		6.48759		-1.15071
	5265.00000000		6.66036		-1.15282
	5270.00000000		6.79253		-1.13327
	5275.00000000		6.77463		-1.13004
	5280.00000000		6.76211		-1.11576
	5285.00000000		6.71023		-1.13246
	5290.00000000		6.74571		-1.09951
	5295.00000000		6.76985		-1.13005
	5300.00000000		6.92944		-1.13108
	5305.00000000		7.06140		-1.18403
	5310.00000000		7.06688		-1.21806
	5315.00000000		7.00045		-1.20435
	5320.00000000		6.97187		-1.17035
	5325.00000000		6.98147		-1.12595
	5330.00000000		6.98528		-1.13100
	5335.00000000		7.02080		-1.15760
	5340.00000000		7.07459		-1.20638
	5345.00000000		7.13265		-1.22338
	5350.00000000		7.09379		-1.23477
	5355.00000000		7.00886		-1.21692
	5360.00000000		6.92089		-1.21924
	5365.00000000		6.91168		-1.25166
	5370.00000000		7.04381		-1.26745
	5375.00000000		7.28802		-1.28356
	5380.00000000		7.54826		-1.26617
	5385.00000000		7.45214		-1.26441
	5390.00000000		7.23970		-1.26304
	5395.00000000		7.24303		-1.28201
	5400.00000000		7.52952		-1.30498
	5405.00000000		7.76743		-1.31059
	5410.00000000		7.70811		-1.32280
	5415.00000000		7.44504		-1.31248
	5420.00000000		7.22451		-1.30282
	5425.00000000		7.18780		-1.27043
	5430.00000000		7.25091		-1.25599
	5435.00000000		7.35061		-1.23273
	5440.00000000		7.27719		-1.25703
	5445.00000000		7.10164		-1.29421
	5450.00000000		6.90736		-1.33080
	5455.00000000		6.95929		-1.35990
	5460.00000000		7.03625		-1.40027
	5465.00000000		7.05787		-1.40978
	5470.00000000		6.96859		-1.44945
	5475.00000000		6.90075		-1.47709
	5480.00000000		6.86355		-1.48094
	5485.00000000		6.79571		-1.48997
	5490.00000000		6.72636		-1.46019
	5495.00000000		6.62418		-1.49068
	5500.00000000		6.55558		-1.48408
	5505.00000000		6.46340		-1.51403
	5510.00000000		6.60449		-1.49695
	5515.00000000		6.70829		-1.49779
	5520.00000000		6.67300		-1.47086
	5525.00000000		6.45608		-1.38122
	5530.00000000		6.33828		-1.36176
	5535.00000000		6.56031		-1.32742
	5540.00000000		6.69997		-1.38574
	5545.00000000		6.71494		-1.39691
	5550.00000000		6.57411		-1.44243
	5555.00000000		6.39853		-1.46197
	5560.00000000		6.28346		-1.42446
	5565.00000000		6.14138		-1.42056
	5570.00000000		6.13180		-1.37094
	5575.00000000		6.12363		-1.38185
	5580.00000000		6.26183		-1.36042
	5585.00000000		6.30428		-1.38813
	5590.00000000		6.24533		-1.37646
	5595.00000000		6.13603		-1.36834
	5600.00000000		5.94625		-1.35625
	5605.00000000		5.92991		-1.34171
	5610.00000000		6.03512		-1.37319
	5615.00000000		6.17433		-1.33728
	5620.00000000		6.09958		-1.32179
	5625.00000000		6.02372		-1.26726
	5630.00000000		5.97921		-1.27862
	5635.00000000		5.99505		-1.26620
	5640.00000000		5.95247		-1.25950
	5645.00000000		5.94719		-1.22609
	5650.00000000		6.12611		-1.21983
	5655.00000000		6.30635		-1.22002
	5660.00000000		6.34235		-1.23922
	5665.00000000		6.19863		-1.27926
	5670.00000000		6.05409		-1.29889
	5675.00000000		5.97626		-1.32113
	5680.00000000		6.03883		-1.29533
	5685.00000000		6.13965		-1.30981
	5690.00000000		6.15858		-1.30538
	5695.00000000		6.14381		-1.35916
	5700.00000000		6.20756		-1.37308
	5705.00000000		6.25987		-1.35624
	5710.00000000		6.18859		-1.32379
	5715.00000000		6.10391		-1.33425
	5720.00000000		6.04417		-1.41550
	5725.00000000		6.07755		-1.46698
	5730.00000000		6.06255		-1.50505
	5735.00000000		6.10355		-1.44983
	5740.00000000		6.13578		-1.41650
	5745.00000000		6.17950		-1.41816
	5750.00000000		6.18493		-1.46616
	5755.00000000		6.20628		-1.49440
	5760.00000000		6.30115		-1.47544
	5765.00000000		6.47816		-1.42815
	5770.00000000		6.62666		-1.37025
	5775.00000000		6.46317		-1.37276
	5780.00000000		6.28373		-1.37715
	5785.00000000		6.28947		-1.38787
	5790.00000000		6.34149		-1.39946
	5795.00000000		6.41388		-1.35644
	5800.00000000		6.28044		-1.39538
	5805.00000000		6.37703		-1.36602
	5810.00000000		6.49958		-1.41974
	5815.00000000		6.66089		-1.42498
	5820.00000000		6.67886		-1.39864
	5825.00000000		6.56202		-1.38862
	5830.00000000		6.57473		-1.38948
	5835.00000000		6.72526		-1.45382
	5840.00000000		6.88980		-1.48864
	5845.00000000		6.82743		-1.55199
	5850.00000000		6.70750		-1.53697
	5855.00000000		6.62799		-1.55616
	5860.00000000		6.80045		-1.51674
	5865.00000000		7.02598		-1.50830
	5870.00000000		7.21335		-1.50360
	5875.00000000		7.21212		-1.48922
	5880.00000000		7.05776		-1.48773
	5885.00000000		7.02085		-1.43518
	5890.00000000		7.11314		-1.39351
	5895.00000000		7.30342		-1.30490
	5900.00000000		7.41488		-1.30355
	5905.00000000		7.31190		-1.27725
	5910.00000000		7.14843		-1.29591
	5915.00000000		7.09607		-1.27964
	5920.00000000		7.13821		-1.26488
	5925.00000000		7.29101		-1.23937
	5930.00000000		7.49368		-1.20504
	5935.00000000		7.56275		-1.20558
	5940.00000000		7.52086		-1.20438
	5945.00000000		7.57343		-1.24547
	5950.00000000		7.79795		-1.22045
	5955.00000000		7.95871		-1.24408
	5960.00000000		7.78052		-1.20749
	5965.00000000		7.42564		-1.22076
	5970.00000000		7.25411		-1.18600
	5975.00000000		7.44909		-1.24457
	5980.00000000		7.77511		-1.29247
	5985.00000000		7.96747		-1.32692
	5990.00000000		7.91063		-1.37409
	5995.00000000		7.86898		-1.35599
	6000.00000000		7.83542		-1.37041
	6005.00000000		7.85041		-1.38064
	6010.00000000		7.93928		-1.44932
	6015.00000000		7.95778		-1.44697
	6020.00000000		7.95600		-1.46596
	6025.00000000		7.90318		-1.44548
	6030.00000000		7.81581		-1.43252
	6035.00000000		7.69446		-1.43838
	6040.00000000		7.62724		-1.48034
	6045.00000000		7.72514		-1.53809
	6050.00000000		7.90192		-1.53680
	6055.00000000		7.90965		-1.51084
	6060.00000000		7.63986		-1.46315
	6065.00000000		7.32546		-1.48204
	6070.00000000		7.30847		-1.47683
	6075.00000000		7.49862		-1.49628
	6080.00000000		7.55137		-1.45302
	6085.00000000		7.37258		-1.45345
	6090.00000000		7.14617		-1.41272
	6095.00000000		7.07579		-1.39976
	6100.00000000		7.21717		-1.42296
	6105.00000000		7.33459		-1.38817
	6110.00000000		7.20176		-1.38004
	6115.00000000		6.98391		-1.40134
	6120.00000000		6.79444		-1.44194
	6125.00000000		6.85353		-1.44149
	6130.00000000		6.98214		-1.42951
	6135.00000000		6.95536		-1.40749
	6140.00000000		6.73635		-1.39733
	6145.00000000		6.47748		-1.45576
	6150.00000000		6.48577		-1.45769
	6155.00000000		6.55779		-1.50679
	6160.00000000		6.67193		-1.53362
	6165.00000000		6.67489		-1.56592
	6170.00000000		6.66867		-1.60287
	6175.00000000		6.61698		-1.58951
	6180.00000000		6.58097		-1.58750
	6185.00000000		6.42059		-1.52640
	6190.00000000		6.21802		-1.51090
	6195.00000000		6.08049		-1.48109
	6200.00000000		6.17292		-1.49437
	6205.00000000		6.54178		-1.53797
	6210.00000000		6.81284		-1.52779
	6215.00000000		6.58979		-1.53194
	6220.00000000		6.13879		-1.49220
	6225.00000000		5.80191		-1.43265
	6230.00000000		5.84569		-1.39979
	6235.00000000		6.17705		-1.42591
	6240.00000000		6.48433		-1.44020
	6245.00000000		6.41053		-1.45665
	6250.00000000		6.13363		-1.43480
	6255.00000000		6.07397		-1.39144
	6260.00000000		6.22579		-1.40891
	6265.00000000		6.54137		-1.45442
	6270.00000000		6.61100		-1.52533
	6275.00000000		6.46031		-1.55277
	6280.00000000		6.32344		-1.54511
	6285.00000000		6.44601		-1.51563
	6290.00000000		6.54324		-1.50384
	6295.00000000		6.31722		-1.49073
	6300.00000000		6.06424		-1.49307
	6305.00000000		6.09570		-1.52078
	6310.00000000		6.46759		-1.55773
	6315.00000000		6.62302		-1.59938
	6320.00000000		6.40534		-1.57752
	6325.00000000		6.09643		-1.56397
	6330.00000000		6.18186		-1.50130
	6335.00000000		6.44040		-1.51837
	6340.00000000		6.60792		-1.49532
	6345.00000000		6.45289		-1.53748
	6350.00000000		6.29644		-1.57001
	6355.00000000		6.49549		-1.60558
	6360.00000000		6.81007		-1.58485
	6365.00000000		7.09107		-1.54272
	6370.00000000		7.07984		-1.50712
	6375.00000000		6.90150		-1.45626
	6380.00000000		6.87729		-1.47921
	6385.00000000		7.16620		-1.49369
	6390.00000000		7.45272		-1.55656
	6395.00000000		7.37144		-1.55569
	6400.00000000		7.07107		-1.58748
	6405.00000000		7.09747		-1.56309
	6410.00000000		7.32529		-1.55812
	6415.00000000		7.50983		-1.52465
	6420.00000000		7.53672		-1.49102
	6425.00000000		7.50590		-1.49932
	6430.00000000		7.49364		-1.45724
	6435.00000000		7.47842		-1.49060
	6440.00000000		7.55096		-1.45854
	6445.00000000		7.74231		-1.49588
	6450.00000000		7.91083		-1.50585
	6455.00000000		7.90029		-1.49306
	6460.00000000		7.74648		-1.46095
	6465.00000000		7.56379		-1.41527
	6470.00000000		7.62642		-1.43979
	6475.00000000		7.98460		-1.43704
	6480.00000000		8.20368		-1.44407
	6485.00000000		8.12684		-1.39744
	6490.00000000		7.88558		-1.39377
	6495.00000000		7.76853		-1.41672
	6500.00000000		7.98817		-1.46778
	6505.00000000		8.22854		-1.53796
	6510.00000000		8.39819		-1.56441
	6515.00000000		8.31720		-1.57198
	6520.00000000		8.05638		-1.54319
	6525.00000000		8.05101		-1.59170
	6530.00000000		8.29479		-1.59415
	6535.00000000		8.48163		-1.53724
	6540.00000000		8.49671		-1.44129
	6545.00000000		8.45453		-1.44897
	6550.00000000		8.50034		-1.50759
	6555.00000000		8.55607		-1.57039
	6560.00000000		8.49103		-1.69654
	6565.00000000		8.36241		-1.76827
	6570.00000000		8.26963		-1.84171
	6575.00000000		8.23780		-1.75938
	6580.00000000		8.27728		-1.73315
	6585.00000000		8.36453		-1.65258
	6590.00000000		8.31747		-1.68491
	6595.00000000		8.13643		-1.72439
	6600.00000000		7.87487		-1.78492
	6605.00000000		7.79947		-1.78860
	6610.00000000		7.93966		-1.72128
	6615.00000000		8.09080		-1.67922
	6620.00000000		8.12465		-1.58566
	6625.00000000		8.15329		-1.62869
	6630.00000000		8.21765		-1.53244
	6635.00000000		8.32337		-1.49228
	6640.00000000		8.38163		-1.43426
	6645.00000000		8.38094		-1.41249
	6650.00000000		8.37132		-1.42772
	6655.00000000		8.40277		-1.42861
	6660.00000000		8.42912		-1.55009
	6665.00000000		8.41069		-1.50339
	6670.00000000		8.43171		-1.58767
	6675.00000000		8.56472		-1.54411
	6680.00000000		8.75375		-1.53247
	6685.00000000		8.86947		-1.54993
	6690.00000000		8.96370		-1.64048
	6695.00000000		8.80060		-1.71801
	6700.00000000		8.37761		-1.63251
	6705.00000000		8.29942		-1.65921
	6710.00000000		8.53623		-1.65983
	6715.00000000		8.72136		-1.76771
	6720.00000000		8.58886		-1.75864
	6725.00000000		8.47044		-1.76756
	6730.00000000		8.65352		-1.68808
	6735.00000000		9.06730		-1.66609
	6740.00000000		9.22354		-1.62445
	6745.00000000		9.14159		-1.60164
	6750.00000000		9.02209		-1.56870
	6755.00000000		8.86995		-1.53875
	6760.00000000		8.82154		-1.53540
	6765.00000000		8.81728		-1.48897
	6770.00000000		8.78317		-1.46587
	6775.00000000		8.66050		-1.39611
	6780.00000000		8.68119		-1.42559
	6785.00000000		8.91880		-1.45618
	6790.00000000		9.09082		-1.56249
	6795.00000000		9.01370		-1.58017
	6800.00000000		8.79845		-1.57663
	6805.00000000		8.55167		-1.58107
	6810.00000000		8.71483		-1.56240
	6815.00000000		8.94774		-1.57843
	6820.00000000		8.62311		-1.44658
	6825.00000000		8.29169		-1.45914
	6830.00000000		8.24072		-1.41929
	6835.00000000		8.42470		-1.50622
	6840.00000000		8.62082		-1.47596
	6845.00000000		8.55759		-1.47851
	6850.00000000		8.41524		-1.53735
	6855.00000000		8.32681		-1.54455
	6860.00000000		8.35858		-1.59607
	6865.00000000		8.54361		-1.54428
	6870.00000000		8.61625		-1.54659
	6875.00000000		8.43690		-1.61073
	6880.00000000		8.20686		-1.66150
	6885.00000000		8.11976		-1.72756
	6890.00000000		8.23889		-1.62746
	6895.00000000		8.40181		-1.65931
	6900.00000000		8.42826		-1.70879
	6905.00000000		8.33764		-1.87444
	6910.00000000		8.26546		-1.98879
	6915.00000000		8.19871		-1.94295
	6920.00000000		8.04760		-1.94149
	6925.00000000		7.87668		-2.03237
	6930.00000000		7.74800		-2.17508
	6935.00000000		7.79321		-2.16795
	6940.00000000		8.00767		-2.09995
	6945.00000000		8.13271		-2.03102
	6950.00000000		7.95894		-2.01522
	6955.00000000		7.76294		-2.02279
	6960.00000000		7.78439		-2.01062
	6965.00000000		7.85365		-1.95895
	6970.00000000		7.91480		-1.94821
	6975.00000000		7.79805		-1.94879
	6980.00000000		7.64303		-1.93485
	6985.00000000		7.48859		-1.84420
	6990.00000000		7.50518		-1.76066
	6995.00000000		7.64734		-1.67464
	7000.00000000		7.77259		-1.71424
	7005.00000000		7.72684		-1.66161
	7010.00000000		7.48610		-1.67506
	7015.00000000		7.51758		-1.55202
	7020.00000000		7.58264		-1.55804
	7025.00000000		7.80547		-1.57175
	7030.00000000		7.84935		-1.60234
	7035.00000000		7.70727		-1.64436
	7040.00000000		7.65121		-1.64651
	7045.00000000		7.71002		-1.71971
	7050.00000000		7.80655		-1.69043
	7055.00000000		7.67752		-1.80382
	7060.00000000		7.58932		-1.78141
	7065.00000000		7.51204		-1.86350
	7070.00000000		7.51210		-1.90980
	7075.00000000		7.61105		-1.89354
	7080.00000000		7.68632		-1.94550
	7085.00000000		7.68278		-1.83683
	7090.00000000		7.56617		-1.87103
	7095.00000000		7.56699		-1.78267
	7100.00000000		7.62555		-1.85915
	7105.00000000		7.64831		-1.75513
	7110.00000000		7.64307		-1.61499
	7115.00000000		7.74052		-1.55967
	7120.00000000		7.89989		-1.52651
	7125.00000000		7.84535		-1.58417
	7130.00000000		7.79047		-1.55357
	7135.00000000		7.73604		-1.58298
	7140.00000000		7.79251		-1.50824
	7145.00000000		7.84699		-1.50115
	7150.00000000		7.87080		-1.49454
	7155.00000000		7.81193		-1.55902
	7160.00000000		7.65736		-1.62225
	7165.00000000		7.53964		-1.56405
	7170.00000000		7.46655		-1.56083
	7175.00000000		7.48052		-1.46761
	7180.00000000		7.32628		-1.57678
	7185.00000000		7.22672		-1.59911
	7190.00000000		7.01074		-1.73976
	7195.00000000		7.16292		-1.77376
	7200.00000000		7.32892		-1.78157
	7205.00000000		7.24812		-1.87456
	7210.00000000		7.11738		-1.90379
	7215.00000000		6.91042		-2.03867
	7220.00000000		7.12978		-1.91850
	7225.00000000		7.19844		-1.94719
	7230.00000000		7.11758		-1.79312
	7235.00000000		6.90862		-1.88842
	7240.00000000		7.09369		-1.91825
	7245.00000000		7.18427		-1.93324
	7250.00000000		7.15622		-1.89665
	7255.00000000		7.12596		-1.80411
	7260.00000000		7.15222		-1.85868
	7265.00000000		7.45100		-1.84091
	7270.00000000		7.68309		-1.92041
	7275.00000000		7.69829		-1.82382
	7280.00000000		7.51633		-1.76398
	7285.00000000		7.38168		-1.67974
	7290.00000000		7.40787		-1.62450
	7295.00000000		7.53947		-1.69083
	7300.00000000		7.99691		-1.68798
	7305.00000000		8.02948		-1.76781
	7310.00000000		7.70025		-1.72332
	7315.00000000		7.52535		-1.74395
	7320.00000000		7.69904		-1.77511
	7325.00000000		8.01777		-1.81480
	7330.00000000		7.93129		-1.82226
	7335.00000000		7.54538		-1.77736
	7340.00000000		7.28259		-1.76704
	7345.00000000		7.28660		-1.78699
	7350.00000000		7.49335		-1.91041
	7355.00000000		7.83048		-1.94209
	7360.00000000		7.87463		-1.94016
	7365.00000000		7.64905		-1.92507
	7370.00000000		7.58529		-1.89824
	7375.00000000		7.69247		-1.87609
	7380.00000000		7.81419		-1.83770
	7385.00000000		7.83984		-1.81577
	7390.00000000		7.68001		-1.85046
	7395.00000000		7.49584		-1.85637
	7400.00000000		7.49602		-1.96247
	7405.00000000		7.71216		-1.97601
	7410.00000000		8.04315		-2.02820
	7415.00000000		8.19569		-2.03537
	7420.00000000		8.10767		-2.18771
	7425.00000000		8.07307		-2.35829
	7430.00000000		8.18930		-2.52116
	7435.00000000		8.37756		-2.52333
	7440.00000000		8.50843		-2.44280
	7445.00000000		8.40847		-2.40074
	7450.00000000		8.27225		-2.52959
	7455.00000000		8.26631		-2.74438
	7460.00000000		8.38673		-2.67110
	7465.00000000		8.49374		-2.51857
	7470.00000000		8.46731		-2.22940
	7475.00000000		8.42635		-2.22103
	7480.00000000		8.56073		-2.00785
	7485.00000000		8.77079		-1.84217
	7490.00000000		8.80214		-1.54383
	7495.00000000		8.59892		-1.45727
	7500.00000000		8.42943		-1.45002
	7505.00000000		8.31328		-1.44701
	7510.00000000		8.44474		-1.43875
	7515.00000000		8.68098		-1.37979
	7520.00000000		8.47131		-1.39271
	7525.00000000		8.00226		-1.40175
	7530.00000000		7.86199		-1.39419
	7535.00000000		8.17948		-1.41013
	7540.00000000		8.52597		-1.38357
	7545.00000000		8.65342		-1.39277
	7550.00000000		8.45206		-1.46633
	7555.00000000		8.19298		-1.48936
	7560.00000000		8.18461		-1.48421
	7565.00000000		8.38676		-1.41851
	7570.00000000		8.49612		-1.47904
	7575.00000000		8.45334		-1.55207
	7580.00000000		8.37322		-1.67693
	7585.00000000		8.42670		-1.77566
	7590.00000000		8.56054		-1.77586
	7595.00000000		8.66290		-1.76385
	7600.00000000		8.51646		-1.74968
	7605.00000000		8.52166		-1.74169
	7610.00000000		8.70375		-1.75888
	7615.00000000		8.88082		-1.76659
	7620.00000000		8.86176		-1.90478
	7625.00000000		8.74080		-2.01834
	7630.00000000		8.68928		-2.04867
	7635.00000000		8.71234		-1.95536
	7640.00000000		8.75601		-1.81348
	7645.00000000		8.75420		-1.70774
	7650.00000000		8.80314		-1.65772
	7655.00000000		8.83662		-1.65295
	7660.00000000		8.75530		-1.60742
	7665.00000000		8.64046		-1.53661
	7670.00000000		8.60883		-1.46735
	7675.00000000		8.72191		-1.38193
	7680.00000000		8.79290		-1.30329
	7685.00000000		8.77174		-1.27338
	7690.00000000		8.77136		-1.22284
	7695.00000000		8.84619		-1.23356
	7700.00000000		9.06244		-1.26827
	7705.00000000		9.29543		-1.29650
	7710.00000000		9.25959		-1.31884
	7715.00000000		9.17085		-1.29462
	7720.00000000		9.21236		-1.25380
	7725.00000000		9.30806		-1.25251
	7730.00000000		9.35516		-1.29210
	7735.00000000		9.19440		-1.30172
	7740.00000000		8.94325		-1.25881
	7745.00000000		8.88848		-1.16900
	7750.00000000		9.08078		-1.13939
	7755.00000000		9.34718		-1.20441
	7760.00000000		9.19705		-1.29231
	7765.00000000		9.11567		-1.41243
	7770.00000000		9.02395		-1.38240
	7775.00000000		9.15285		-1.34539
	7780.00000000		9.34941		-1.32180
	7785.00000000		9.34680		-1.27402
	7790.00000000		9.34307		-1.29751
	7795.00000000		9.28280		-1.31725
	7800.00000000		9.41508		-1.35449
	7805.00000000		9.53226		-1.38236
	7810.00000000		9.54947		-1.36660
	7815.00000000		9.39517		-1.34177
	7820.00000000		9.35303		-1.27729
	7825.00000000		9.52029		-1.20678
	7830.00000000		9.67701		-1.14713
	7835.00000000		9.71033		-1.14971
	7840.00000000		9.57971		-1.17677
	7845.00000000		9.54302		-1.18984
	7850.00000000		9.52099		-1.13004
	7855.00000000		9.59818		-1.12698
	7860.00000000		9.59349		-1.19836
	7865.00000000		9.59143		-1.27539
	7870.00000000		9.50954		-1.31398
	7875.00000000		9.49602		-1.33864
	7880.00000000		9.46696		-1.28849
	7885.00000000		9.69254		-1.27188
	7890.00000000		9.95011		-1.25298
	7895.00000000		9.98947		-1.25262
	7900.00000000		9.99366		-1.28762
	7905.00000000		9.71367		-1.28627
	7910.00000000		9.69765		-1.33819
	7915.00000000		9.84743		-1.37259
	7920.00000000		9.98550		-1.37861
	7925.00000000		9.96498		-1.35127
	7930.00000000		9.85197		-1.27631
	7935.00000000		9.79118		-1.23845
	7940.00000000		9.85726		-1.22480
	7945.00000000		9.93523		-1.19009
	7950.00000000		10.04804		-1.13449
	7955.00000000		10.22865		-1.07223
	7960.00000000		10.27490		-0.98719
	7965.00000000		10.41326		-0.93240
	7970.00000000		10.26270		-0.90636
	7975.00000000		10.31014		-0.93380
	7980.00000000		10.24051		-0.94809
	7985.00000000		10.45885		-0.96881
	7990.00000000		10.41819		-0.91003
	7995.00000000		10.38506		-0.86185
	8000.00000000		10.26810		-0.86394
	8005.00000000		10.14001		-0.91839
	8010.00000000		10.22726		-0.99072
	8015.00000000		10.33952		-1.01604
	8020.00000000		10.44946		-1.01941
	8025.00000000		10.47281		-0.97350
	8030.00000000		10.48782		-0.95407
	8035.00000000		10.70040		-0.97041
	8040.00000000		10.80560		-0.97911
	8045.00000000		10.78752		-0.97911
	8050.00000000		10.64626		-0.96697
	8055.00000000		10.47865		-0.96492
	8060.00000000		10.34396		-0.92916
	8065.00000000		10.29679		-0.92519
	8070.00000000		10.36514		-0.94654
	8075.00000000		10.33079		-0.95664
	8080.00000000		10.42705		-0.92202
	8085.00000000		10.48041		-0.84989
	8090.00000000		10.42910		-0.78321
	8095.00000000		10.41650		-0.75894
	8100.00000000		10.45389		-0.76778
	8105.00000000		10.50044		-0.75060
	8110.00000000		10.54124		-0.67472
	8115.00000000		10.49368		-0.59268
	8120.00000000		10.43270		-0.59513
	8125.00000000		10.56544		-0.66112
	8130.00000000		10.60320		-0.74633
	8135.00000000		10.71404		-0.74675
	8140.00000000		10.73744		-0.68625
	8145.00000000		10.72584		-0.64803
	8150.00000000		10.86041		-0.67611
	8155.00000000		10.88701		-0.71085
	8160.00000000		10.94507		-0.72425
	8165.00000000		10.82069		-0.70994
	8170.00000000		10.82376		-0.68978
	8175.00000000		10.75683		-0.68799
	8180.00000000		10.89711		-0.71185
	8185.00000000		10.85777		-0.74342
	8190.00000000		11.00529		-0.78247
	8195.00000000		10.92963		-0.81589
	8200.00000000		10.82736		-0.84981
	8205.00000000		10.85738		-0.85742
	8210.00000000		10.78839		-0.79727
	8215.00000000		10.96476		-0.68648
	8220.00000000		10.78371		-0.62914
	8225.00000000		10.96456		-0.64048
	8230.00000000		10.90196		-0.66989
	8235.00000000		10.90631		-0.68492
	8240.00000000		10.96033		-0.69623
	8245.00000000		10.88773		-0.70225
	8250.00000000		11.13465		-0.72184
	8255.00000000		10.94610		-0.72077
	8260.00000000		10.87890		-0.69814
	8265.00000000		10.59617		-0.66359
	8270.00000000		10.42650		-0.65277
	8275.00000000		10.65944		-0.70314
	8280.00000000		10.75573		-0.71783
	8285.00000000		11.04277		-0.71350
	8290.00000000		10.88773		-0.68296
	8295.00000000		10.81201		-0.67833
	8300.00000000		10.69620		-0.69896
	8305.00000000		10.56412		-0.74730
	8310.00000000		10.62884		-0.77891
	8315.00000000		10.64423		-0.75649
	8320.00000000		10.72548		-0.70725
	8325.00000000		10.63160		-0.67313
	8330.00000000		10.56184		-0.70426
	8335.00000000		10.60612		-0.76850
	8340.00000000		10.64520		-0.77839
	8345.00000000		10.88867		-0.71172
	8350.00000000		10.88744		-0.64345
	8355.00000000		11.02629		-0.61859
	8360.00000000		11.08191		-0.62764
	8365.00000000		11.21133		-0.65605
	8370.00000000		11.09903		-0.66118
	8375.00000000		11.04958		-0.63661
	8380.00000000		10.96511		-0.61369
	8385.00000000		10.88608		-0.59814
	8390.00000000		10.93510		-0.60014
	8395.00000000		10.96552		-0.60389
	8400.00000000		11.03103		-0.61044
	8405.00000000		10.99729		-0.62987
	8410.00000000		11.04837		-0.61982
	8415.00000000		11.02666		-0.58440
	8420.00000000		11.06898		-0.56734
	8425.00000000		11.10613		-0.58566
	8430.00000000		11.10994		-0.61660
	8435.00000000		11.09723		-0.64419
	8440.00000000		10.99491		-0.65364
	8445.00000000		10.96189		-0.64503
	8450.00000000		10.92080		-0.62857
	8455.00000000		10.89855		-0.64213
	8460.00000000		10.92612		-0.67162
	8465.00000000		10.92080		-0.72009
	8470.00000000		10.97360		-0.74087
	8475.00000000		10.99267		-0.75008
	8480.00000000		11.05918		-0.74940
	8485.00000000		11.13574		-0.76320
	8490.00000000		11.07387		-0.75413
	8495.00000000		11.21697		-0.76385
	8500.00000000		11.19508		-0.74759
	8505.00000000		11.24367		-0.73840
	8510.00000000		11.08266		-0.71443
	8515.00000000		10.93559		-0.71038
	8520.00000000		10.90895		-0.70826
	8525.00000000		10.86943		-0.73109
	8530.00000000		10.82425		-0.78337
	8535.00000000		10.58773		-0.84273
	8540.00000000		10.55925		-0.85713
	8545.00000000		10.57498		-0.80440
	8550.00000000		10.72981		-0.76154
	8555.00000000		10.85212		-0.74881
	8560.00000000		10.77671		-0.76717
	8565.00000000		10.68939		-0.78662
	8570.00000000		10.38908		-0.76748
	8575.00000000		10.43876		-0.76985
	8580.00000000		10.56895		-0.79134
	8585.00000000		10.72933		-0.84760
	8590.00000000		10.75481		-0.86532
	8595.00000000		10.63616		-0.82260
	8600.00000000		10.71371		-0.75909
	8605.00000000		10.69372		-0.73773
	8610.00000000		10.92548		-0.74579
	8615.00000000		10.91425		-0.71112
	8620.00000000		11.12225		-0.68288
	8625.00000000		11.21373		-0.64761
	8630.00000000		11.04774		-0.62349
	8635.00000000		11.19120		-0.62835
	8640.00000000		11.09543		-0.61822
	8645.00000000		11.31610		-0.54791
	8650.00000000		11.25998		-0.45572
	8655.00000000		11.26169		-0.28711
	8660.00000000		11.20521		-0.19444
	8665.00000000		11.12280		-0.23479
	8670.00000000		11.19378		-0.28420
	8675.00000000		11.03921		-0.33679
	8680.00000000		11.19024		-0.29991
	8685.00000000		11.15432		-0.23326
	8690.00000000		11.35967		-0.14372
	8695.00000000		11.46785		-0.15177
	8700.00000000		11.51301		-0.17687
	8705.00000000		11.52643		-0.14985
	8710.00000000		11.32943		-0.08276
	8715.00000000		11.33734		-0.02145
	8720.00000000		11.32306		-0.04040
	8725.00000000		11.43942		-0.10534
	8730.00000000		11.44179		-0.18398
	8735.00000000		11.47017		-0.23840
	8740.00000000		11.39738		-0.23220
	8745.00000000		11.21614		-0.05889
	8750.00000000		11.11096		0.10786
	8755.00000000		11.09819		0.04284
	8760.00000000		11.21330		-0.04713
	8765.00000000		11.13925		-0.13463
	8770.00000000		11.06997		-0.15685
	8775.00000000		10.92225		-0.13237
	8780.00000000		10.94400		-0.09006
	8785.00000000		11.07539		-0.15014
	8790.00000000		11.14653		-0.34301
	8795.00000000		11.22928		-0.54918
	8800.00000000		10.99323		-0.59631
	8805.00000000		11.07402		-0.41360
	8810.00000000		11.07736		-0.20164
	8815.00000000		11.28568		-0.18057
	8820.00000000		11.44823		-0.31583
	8825.00000000		11.38694		-0.42977
	8830.00000000		11.45914		-0.38148
	8835.00000000		11.29495		-0.29739
	8840.00000000		11.30229		-0.22368
	8845.00000000		11.11161		-0.19242
	8850.00000000		11.15023		-0.17787
	8855.00000000		11.10111		-0.17022
	8860.00000000		11.17995		-0.13959
	8865.00000000		11.33777		-0.07307
	8870.00000000		11.20904		-0.00889
	8875.00000000		11.30903		0.03560
	8880.00000000		11.36132		-0.03273
	8885.00000000		11.59119		-0.11185
	8890.00000000		11.51286		-0.13513
	8895.00000000		11.70690		-0.09733
	8900.00000000		11.52657		-0.06196
	8905.00000000		11.30417		-0.08442
	8910.00000000		11.15824		-0.15111
	8915.00000000		11.04033		-0.25318
	8920.00000000		11.22849		-0.27637
	8925.00000000		11.19723		-0.24151
	8930.00000000		11.25703		-0.19849
	8935.00000000		10.97383		-0.22681
	8940.00000000		10.90623		-0.29153
	8945.00000000		10.84273		-0.37592
	8950.00000000		11.06446		-0.37823
	8955.00000000		11.15516		-0.29530
	8960.00000000		10.95517		-0.21478
	8965.00000000		10.80188		-0.15919
	8970.00000000		10.60300		-0.17281
	8975.00000000		10.77974		-0.23437
	8980.00000000		10.86867		-0.28467
	8985.00000000		11.09037		-0.26265
	8990.00000000		11.02569		-0.25670
	8995.00000000		11.06501		-0.26726
	9000.00000000		11.04747		-0.29381
	9005.00000000		10.97629		-0.32416
	9010.00000000		11.18292		-0.30976
	9015.00000000		11.17388		-0.31336
	9020.00000000		11.33484		-0.32508
	9025.00000000		11.36329		-0.38865
	9030.00000000		11.28584		-0.43875
	9035.00000000		11.45002		-0.43791
	9040.00000000		11.39652		-0.33769
	9045.00000000		11.61733		-0.28496
	9050.00000000		11.59309		-0.33208
	9055.00000000		11.76634		-0.40325
	9060.00000000		11.66002		-0.41509
	9065.00000000		11.63770		-0.37161
	9070.00000000		11.53443		-0.30323
	9075.00000000		11.42174		-0.27056
	9080.00000000		11.53889		-0.30338
	9085.00000000		11.62321		-0.33635
	9090.00000000		11.73763		-0.34033
	9095.00000000		11.59205		-0.29135
	9100.00000000		11.54200		-0.24991
	9105.00000000		11.34895		-0.21237
	9110.00000000		11.47770		-0.19003
	9115.00000000		11.44995		-0.17703
	9120.00000000		11.35956		-0.16532
	9125.00000000		11.35861		-0.13260
	9130.00000000		11.05893		-0.10280
	9135.00000000		11.02102		-0.06582
	9140.00000000		10.84223		-0.07427
	9145.00000000		10.98001		-0.08354
	9150.00000000		10.85237		-0.04598
	9155.00000000		10.92683		0.02837
	9160.00000000		10.93332		0.07219
	9165.00000000		11.08319		0.08830
	9170.00000000		11.12619		0.06673
	9175.00000000		11.16023		0.03724
	9180.00000000		11.11793		0.03185
	9185.00000000		11.03050		0.07675
	9190.00000000		11.21829		0.13655
	9195.00000000		11.33905		0.11862
	9200.00000000		11.59473		0.09611
	9205.00000000		11.62165		0.06126
	9210.00000000		11.46171		0.02234
	9215.00000000		11.46488		0.03708
	9220.00000000		11.39347		0.04887
	9225.00000000		11.56465		0.06091
	9230.00000000		11.61122		0.01347
	9235.00000000		11.71591		-0.05756
	9240.00000000		11.74998		-0.09818
	9245.00000000		11.68797		-0.13033
	9250.00000000		11.59008		-0.15699
	9255.00000000		11.34339		-0.22071
	9260.00000000		11.54640		-0.28191
	9265.00000000		11.45495		-0.30907
	9270.00000000		11.52309		-0.31249
	9275.00000000		11.30379		-0.29700
	9280.00000000		11.34014		-0.35044
	9285.00000000		11.10621		-0.40701
	9290.00000000		11.18560		-0.41484
	9295.00000000		11.27775		-0.34969
	9300.00000000		11.27576		-0.30101
	9305.00000000		11.30294		-0.31182
	9310.00000000		10.98081		-0.35146
	9315.00000000		10.81544		-0.37822
	9320.00000000		10.73451		-0.29492
	9325.00000000		11.04588		-0.21110
	9330.00000000		11.10819		-0.19262
	9335.00000000		11.21154		-0.23568
	9340.00000000		11.18033		-0.24506
	9345.00000000		11.21039		-0.17624
	9350.00000000		11.31715		-0.12267
	9355.00000000		11.24202		-0.12918
	9360.00000000		11.40079		-0.17920
	9365.00000000		11.21223		-0.20404
	9370.00000000		11.32611		-0.13523
	9375.00000000		11.30252		-0.07051
	9380.00000000		11.42849		-0.02259
	9385.00000000		11.54463		-0.00250
	9390.00000000		11.37636		-0.04303
	9395.00000000		11.45474		-0.04798
	9400.00000000		11.16562		-0.02847
	9405.00000000		11.27999		0.04283
	9410.00000000		11.25094		0.05534
	9415.00000000		11.45504		0.04057
	9420.00000000		11.54375		0.01231
	9425.00000000		11.33712		-0.00127
	9430.00000000		11.36436		0.05516
	9435.00000000		11.09971		0.08560
	9440.00000000		11.23205		0.12031
	9445.00000000		11.15348		0.06739
	9450.00000000		11.14138		0.03326
	9455.00000000		11.11810		0.01245
	9460.00000000		10.98725		0.00662
	9465.00000000		11.06099		-0.01727
	9470.00000000		10.95139		-0.04340
	9475.00000000		11.13286		-0.04256
	9480.00000000		11.09244		-0.04427
	9485.00000000		11.19071		-0.03422
	9490.00000000		11.18972		-0.05668
	9495.00000000		11.26857		-0.06726
	9500.00000000		11.43113		-0.06602
	9505.00000000		11.17381		-0.04143
	9510.00000000		11.21504		0.04117
	9515.00000000		10.95521		0.09149
	9520.00000000		10.96744		0.15259
	9525.00000000		10.98372		0.18727
	9530.00000000		10.87120		0.20762
	9535.00000000		11.06180		0.28186
	9540.00000000		10.98917		0.31436
	9545.00000000		11.34744		0.38196
	9550.00000000		11.20659		0.35509
	9555.00000000		11.34258		0.36505
	9560.00000000		11.24235		0.36327
	9565.00000000		11.26044		0.41203
	9570.00000000		11.46360		0.46885
	9575.00000000		11.49566		0.49617
	9580.00000000		11.70292		0.55579
	9585.00000000		11.49765		0.54742
	9590.00000000		11.48323		0.54781
	9595.00000000		11.21115		0.46887
	9600.00000000		11.29848		0.42903
	9605.00000000		11.21300		0.36546
	9610.00000000		11.26459		0.38375
	9615.00000000		11.31173		0.42064
	9620.00000000		11.11313		0.40575
	9625.00000000		11.10644		0.42464
	9630.00000000		10.87529		0.38084
	9635.00000000		11.05964		0.36002
	9640.00000000		11.10886		0.33380
	9645.00000000		11.16075		0.31194
	9650.00000000		11.23529		0.30351
	9655.00000000		11.02376		0.25385
	9660.00000000		11.14956		0.28715
	9665.00000000		11.20366		0.31670
	9670.00000000		11.38992		0.34962
	9675.00000000		11.38376		0.32964
	9680.00000000		11.33952		0.26318
	9685.00000000		11.23393		0.20996
	9690.00000000		11.29520		0.20321
	9695.00000000		11.31887		0.18306
	9700.00000000		11.58196		0.13523
	9705.00000000		11.58744		0.08292
	9710.00000000		11.51033		0.06980
	9715.00000000		11.39851		0.12151
	9720.00000000		11.27811		0.16768
	9725.00000000		11.31185		0.20511
	9730.00000000		11.23767		0.18292
	9735.00000000		11.40495		0.18950
	9740.00000000		11.36339		0.19780
	9745.00000000		11.45933		0.21021
	9750.00000000		11.40611		0.19566
	9755.00000000		11.29219		0.16536
	9760.00000000		11.26988		0.17102
	9765.00000000		11.05221		0.19197
	9770.00000000		11.24310		0.27560
	9775.00000000		11.29246		0.31286
	9780.00000000		11.43561		0.31495
	9785.00000000		11.51912		0.25111
	9790.00000000		11.44509		0.15240
	9795.00000000		11.59969		0.12158
	9800.00000000		11.41333		0.13841
	9805.00000000		11.42599		0.18236
	9810.00000000		11.37499		0.21824
	9815.00000000		11.25399		0.25144
	9820.00000000		11.43566		0.33862
	9825.00000000		11.38481		0.38437
	9830.00000000		11.46015		0.38602
	9835.00000000		11.50461		0.31351
	9840.00000000		11.45469		0.26630
	9845.00000000		11.54992		0.29375
	9850.00000000		11.53540		0.30590
	9855.00000000		11.62129		0.32002
	9860.00000000		11.62956		0.28766
	9865.00000000		11.51076		0.26750
	9870.00000000		11.59696		0.33954
	9875.00000000		11.33797		0.44874
	9880.00000000		11.41943		0.59339
	9885.00000000		11.23634		0.59023
	9890.00000000		11.26449		0.53363
	9895.00000000		11.19899		0.41063
	9900.00000000		11.15783		0.34702
	9905.00000000		11.14116		0.32668
	9910.00000000		10.89444		0.31729
	9915.00000000		10.75160		0.35747
	9920.00000000		10.65320		0.33390
	9925.00000000		11.03240		0.30805
	9930.00000000		10.93339		0.29860
	9935.00000000		10.92434		0.35603
	9940.00000000		10.73232		0.36090
	9945.00000000		10.85703		0.33583
	9950.00000000		11.07018		0.26804
	9955.00000000		11.26841		0.22742
	9960.00000000		11.43728		0.19762
	9965.00000000		11.43799		0.16641
	9970.00000000		11.67676		0.17637
	9975.00000000		11.41823		0.21115
	9980.00000000		11.47530		0.29062
	9985.00000000		11.30081		0.30008
	9990.00000000		11.28176		0.29344
	9995.00000000		11.27764		0.29397
	10000.00000000		11.04618		0.29638
