	0.00000000		8.43767		-0.23413
	5.00000000		8.50665		-0.25105
	10.00000000		8.44403		-0.24771
	15.00000000		8.41448		-0.24101
	20.00000000		8.46130		-0.24662
	25.00000000		8.55253		-0.29025
	30.00000000		8.67376		-0.36148
	35.00000000		8.63444		-0.38258
	40.00000000		8.39822		-0.37303
	45.00000000		8.25098		-0.35017
	50.00000000		8.28711		-0.36429
	55.00000000		8.31970		-0.36045
	60.00000000		8.27588		-0.33739
	65.00000000		8.17313		-0.31018
	70.00000000		8.10244		-0.31502
	75.00000000		8.04534		-0.35316
	80.00000000		8.06109		-0.35036
	85.00000000		8.01629		-0.29326
	90.00000000		7.93788		-0.24063
	95.00000000		7.89135		-0.24066
	100.00000000		7.92087		-0.28432
	105.00000000		8.01393		-0.31589
	110.00000000		8.14821		-0.28560
	115.00000000		8.23723		-0.23916
	120.00000000		8.23333		-0.22677
	125.00000000		8.17459		-0.24472
	130.00000000		8.19100		-0.27163
	135.00000000		8.32412		-0.25493
	140.00000000		8.62826		-0.21639
	145.00000000		8.97213		-0.16323
	150.00000000		8.99131		-0.12754
	155.00000000		8.75587		-0.13373
	160.00000000		8.71650		-0.15134
	165.00000000		8.87357		-0.19829
	170.00000000		9.00966		-0.23120
	175.00000000		8.97714		-0.26470
	180.00000000		8.88795		-0.30023
	185.00000000		8.76727		-0.31914
	190.00000000		8.63785		-0.33459
	195.00000000		8.64072		-0.34982
	200.00000000		8.66167		-0.35949
	205.00000000		8.63995		-0.36046
	210.00000000		8.53738		-0.35771
	215.00000000		8.48632		-0.37167
	220.00000000		8.49266		-0.37104
	225.00000000		8.55716		-0.35490
	230.00000000		8.55838		-0.34788
	235.00000000		8.54176		-0.37243
	240.00000000		8.69002		-0.39129
	245.00000000		8.89734		-0.42259
	250.00000000		8.95506		-0.39701
	255.00000000		8.82341		-0.36975
	260.00000000		8.61916		-0.33766
	265.00000000		8.51580		-0.32262
	270.00000000		8.58706		-0.33805
	275.00000000		8.80515		-0.33991
	280.00000000		8.91988		-0.33789
	285.00000000		8.84980		-0.28355
	290.00000000		8.61919		-0.28183
	295.00000000		8.38698		-0.29441
	300.00000000		8.26330		-0.32185
	305.00000000		8.25356		-0.36704
	310.00000000		8.28145		-0.37501
	315.00000000		8.38298		-0.35364
	320.00000000		8.36658		-0.30879
	325.00000000		8.09444		-0.29137
	330.00000000		7.69560		-0.29000
	335.00000000		7.54152		-0.30912
	340.00000000		7.65551		-0.32882
	345.00000000		7.83572		-0.35763
	350.00000000		7.80261		-0.36694
	355.00000000		7.54847		-0.35286
	360.00000000		7.23173		-0.32389
	365.00000000		7.22506		-0.29303
	370.00000000		7.60504		-0.29679
	375.00000000		7.85866		-0.28554
	380.00000000		7.79952		-0.27641
	385.00000000		7.64536		-0.20584
	390.00000000		7.64948		-0.15434
	395.00000000		7.88666		-0.11119
	400.00000000		8.13025		-0.10152
	405.00000000		8.10640		-0.10492
	410.00000000		7.96124		-0.13686
	415.00000000		7.96118		-0.17205
	420.00000000		8.20212		-0.13150
	425.00000000		8.54118		-0.09224
	430.00000000		8.57903		-0.06447
	435.00000000		8.36056		-0.09040
	440.00000000		8.17199		-0.14076
	445.00000000		8.23211		-0.18754
	450.00000000		8.45515		-0.16588
	455.00000000		8.57637		-0.15489
	460.00000000		8.55679		-0.18012
	465.00000000		8.34521		-0.23669
	470.00000000		8.04256		-0.33140
	475.00000000		7.94854		-0.34487
	480.00000000		8.27621		-0.31352
	485.00000000		8.58767		-0.27731
	490.00000000		8.66943		-0.31075
	495.00000000		8.64193		-0.33326
	500.00000000		8.37604		-0.35674
	505.00000000		7.98306		-0.36757
	510.00000000		7.71885		-0.35202
	515.00000000		7.73311		-0.33892
	520.00000000		7.95423		-0.32276
	525.00000000		8.11960		-0.35689
	530.00000000		8.15910		-0.33564
	535.00000000		7.95439		-0.31981
	540.00000000		7.72660		-0.27702
	545.00000000		7.64504		-0.24885
	550.00000000		7.81207		-0.23134
	555.00000000		8.07311		-0.18861
	560.00000000		8.15195		-0.17568
	565.00000000		8.07338		-0.13321
	570.00000000		7.89252		-0.11370
	575.00000000		7.87823		-0.09655
	580.00000000		8.08015		-0.10873
	585.00000000		8.25477		-0.12200
	590.00000000		8.16750		-0.12985
	595.00000000		7.81380		-0.13069
	600.00000000		7.64066		-0.12541
	605.00000000		7.71156		-0.16571
	610.00000000		7.72958		-0.17749
	615.00000000		7.63883		-0.21416
	620.00000000		7.51469		-0.22472
	625.00000000		7.50700		-0.25131
	630.00000000		7.51431		-0.26197
	635.00000000		7.44647		-0.25703
	640.00000000		7.34550		-0.25103
	645.00000000		7.33873		-0.23146
	650.00000000		7.34814		-0.22155
	655.00000000		7.25971		-0.18441
	660.00000000		7.23756		-0.17999
	665.00000000		7.20287		-0.18622
	670.00000000		7.23909		-0.20517
	675.00000000		7.14124		-0.20741
	680.00000000		6.90065		-0.18818
	685.00000000		6.69875		-0.17697
	690.00000000		6.60243		-0.13100
	695.00000000		6.76196		-0.12387
	700.00000000		6.94093		-0.08462
	705.00000000		6.95770		-0.07179
	710.00000000		6.79258		-0.04752
	715.00000000		6.80570		-0.06540
	720.00000000		6.93832		-0.09783
	725.00000000		7.05446		-0.11580
	730.00000000		7.12904		-0.12592
	735.00000000		7.07835		-0.09506
	740.00000000		7.07437		-0.10198
	745.00000000		7.04970		-0.09743
	750.00000000		7.11115		-0.15159
	755.00000000		7.14019		-0.18529
	760.00000000		7.09703		-0.20786
	765.00000000		7.03402		-0.17548
	770.00000000		7.03288		-0.13554
	775.00000000		7.12643		-0.12362
	780.00000000		7.20980		-0.13968
	785.00000000		7.27226		-0.15420
	790.00000000		7.15041		-0.15704
	795.00000000		6.85848		-0.16139
	800.00000000		6.57684		-0.15597
	805.00000000		6.66637		-0.19132
	810.00000000		6.82571		-0.20324
	815.00000000		6.75863		-0.21552
	820.00000000		6.50539		-0.18985
	825.00000000		6.33945		-0.16053
	830.00000000		6.46901		-0.14279
	835.00000000		6.61363		-0.11874
	840.00000000		6.54718		-0.10051
	845.00000000		6.36480		-0.06775
	850.00000000		6.36417		-0.03236
	855.00000000		6.43017		-0.03200
	860.00000000		6.47008		-0.03926
	865.00000000		6.40817		-0.04897
	870.00000000		6.32893		-0.10850
	875.00000000		6.24253		-0.16043
	880.00000000		6.34585		-0.17325
	885.00000000		6.44558		-0.11880
	890.00000000		6.43612		-0.12384
	895.00000000		6.26065		-0.14499
	900.00000000		6.07514		-0.20007
	905.00000000		6.11679		-0.25608
	910.00000000		6.13983		-0.25259
	915.00000000		6.10796		-0.21310
	920.00000000		5.91431		-0.17272
	925.00000000		5.82816		-0.18363
	930.00000000		5.85533		-0.15267
	935.00000000		6.05514		-0.13789
	940.00000000		6.29422		-0.08912
	945.00000000		6.40937		-0.08865
	950.00000000		6.32149		-0.09151
	955.00000000		6.15395		-0.09494
	960.00000000		6.22056		-0.06750
	965.00000000		6.24251		-0.02467
	970.00000000		6.28375		-0.05991
	975.00000000		6.11891		-0.08571
	980.00000000		6.11601		-0.12298
	985.00000000		6.10727		-0.13850
	990.00000000		6.17665		-0.18221
	995.00000000		6.15009		-0.19935
	1000.00000000		5.99246		-0.19859
	1005.00000000		5.81812		-0.19692
	1010.00000000		5.76316		-0.20690
	1015.00000000		5.98948		-0.19233
	1020.00000000		6.10078		-0.19659
	1025.00000000		5.95852		-0.21783
	1030.00000000		5.59513		-0.23079
	1035.00000000		5.53885		-0.15424
	1040.00000000		5.59755		-0.08630
	1045.00000000		5.84426		-0.10523
	1050.00000000		5.76255		-0.15108
	1055.00000000		5.63850		-0.25900
	1060.00000000		5.61989		-0.29667
	1065.00000000		5.64676		-0.20566
	1070.00000000		5.82604		-0.14826
	1075.00000000		5.72378		-0.14201
	1080.00000000		5.62282		-0.18390
	1085.00000000		5.54440		-0.23162
	1090.00000000		5.60170		-0.20400
	1095.00000000		5.72323		-0.19700
	1100.00000000		5.74358		-0.18511
	1105.00000000		5.70152		-0.19843
	1110.00000000		5.70105		-0.20645
	1115.00000000		5.74519		-0.21176
	1120.00000000		5.84016		-0.20276
	1125.00000000		5.87711		-0.15180
	1130.00000000		5.79166		-0.15581
	1135.00000000		5.79032		-0.17621
	1140.00000000		5.77076		-0.21984
	1145.00000000		5.83653		-0.23480
	1150.00000000		5.85003		-0.22470
	1155.00000000		5.94208		-0.21361
	1160.00000000		6.03743		-0.25068
	1165.00000000		6.15885		-0.32009
	1170.00000000		6.20465		-0.39792
	1175.00000000		6.16230		-0.44603
	1180.00000000		6.03664		-0.41924
	1185.00000000		5.85226		-0.39898
	1190.00000000		5.81831		-0.40777
	1195.00000000		5.96600		-0.48482
	1200.00000000		6.22783		-0.55921
	1205.00000000		6.23189		-0.58064
	1210.00000000		6.03799		-0.53748
	1215.00000000		5.77702		-0.47065
	1220.00000000		5.69583		-0.42685
	1225.00000000		5.73335		-0.41746
	1230.00000000		5.82319		-0.42657
	1235.00000000		5.87513		-0.43877
	1240.00000000		5.61947		-0.43264
	1245.00000000		5.33336		-0.42302
	1250.00000000		4.95643		-0.45345
	1255.00000000		4.96823		-0.48957
	1260.00000000		5.02110		-0.49989
	1265.00000000		5.06134		-0.51664
	1270.00000000		4.98341		-0.57580
	1275.00000000		4.84214		-0.66420
	1280.00000000		4.84542		-0.73540
	1285.00000000		4.86203		-0.77612
	1290.00000000		4.90107		-0.72761
	1295.00000000		4.69113		-0.65305
	1300.00000000		4.59022		-0.59236
	1305.00000000		4.40278		-0.64767
	1310.00000000		4.52493		-0.69924
	1315.00000000		4.74944		-0.66870
	1320.00000000		4.78002		-0.62578
	1325.00000000		4.75829		-0.59036
	1330.00000000		4.55236		-0.63633
	1335.00000000		4.81258		-0.71095
	1340.00000000		4.96854		-0.75527
	1345.00000000		4.92507		-0.71464
	1350.00000000		4.73215		-0.67719
	1355.00000000		4.69361		-0.69862
	1360.00000000		4.79296		-0.74205
	1365.00000000		4.93735		-0.77504
	1370.00000000		5.11690		-0.74829
	1375.00000000		5.12520		-0.71229
	1380.00000000		5.19707		-0.65611
	1385.00000000		5.31625		-0.66112
	1390.00000000		5.55322		-0.68953
	1395.00000000		5.73548		-0.73447
	1400.00000000		5.63134		-0.73146
	1405.00000000		5.23486		-0.69434
	1410.00000000		5.12869		-0.58875
	1415.00000000		5.39440		-0.50676
	1420.00000000		5.63318		-0.47921
	1425.00000000		5.63369		-0.45638
	1430.00000000		5.23528		-0.46643
	1435.00000000		5.10394		-0.45901
	1440.00000000		4.94561		-0.44704
	1445.00000000		5.08334		-0.37028
	1450.00000000		5.08688		-0.34220
	1455.00000000		5.09759		-0.36690
	1460.00000000		4.98366		-0.44991
	1465.00000000		4.89777		-0.49005
	1470.00000000		5.12624		-0.48007
	1475.00000000		5.15191		-0.46401
	1480.00000000		5.31276		-0.42348
	1485.00000000		5.14958		-0.42505
	1490.00000000		5.26087		-0.42962
	1495.00000000		5.23013		-0.46367
	1500.00000000		5.46627		-0.44523
	1505.00000000		5.38870		-0.42150
	1510.00000000		5.33059		-0.40878
	1515.00000000		5.27448		-0.43124
	1520.00000000		5.31662		-0.50109
	1525.00000000		5.54211		-0.52798
	1530.00000000		5.39131		-0.54178
	1535.00000000		5.52429		-0.50633
	1540.00000000		5.46668		-0.47928
	1545.00000000		5.60288		-0.47943
	1550.00000000		5.49721		-0.50591
	1555.00000000		5.35754		-0.53086
	1560.00000000		5.21350		-0.53856
	1565.00000000		5.32004		-0.55547
	1570.00000000		5.66417		-0.52858
	1575.00000000		5.60447		-0.52731
	1580.00000000		5.23752		-0.50995
	1585.00000000		4.74569		-0.55562
	1590.00000000		4.91230		-0.54259
	1595.00000000		5.09727		-0.55897
	1600.00000000		5.50255		-0.56356
	1605.00000000		5.61148		-0.61444
	1610.00000000		5.44478		-0.63657
	1615.00000000		5.21329		-0.62718
	1620.00000000		5.12874		-0.59680
	1625.00000000		5.28680		-0.57737
	1630.00000000		5.37892		-0.62753
	1635.00000000		5.50162		-0.66326
	1640.00000000		5.59678		-0.73032
	1645.00000000		5.58842		-0.75133
	1650.00000000		5.48274		-0.77206
	1655.00000000		5.45730		-0.72331
	1660.00000000		5.44360		-0.73202
	1665.00000000		5.42377		-0.77430
	1670.00000000		5.24142		-0.86967
	1675.00000000		5.07006		-0.93306
	1680.00000000		4.93454		-0.93451
	1685.00000000		4.80169		-0.89132
	1690.00000000		4.76011		-0.82486
	1695.00000000		4.69921		-0.83824
	1700.00000000		4.73247		-0.91160
	1705.00000000		4.79833		-0.98058
	1710.00000000		4.89945		-0.97611
	1715.00000000		4.87734		-0.94754
	1720.00000000		4.88815		-0.89873
	1725.00000000		4.82711		-0.90298
	1730.00000000		4.99574		-0.91709
	1735.00000000		5.09082		-0.90380
	1740.00000000		5.14316		-0.84915
	1745.00000000		5.13903		-0.79580
	1750.00000000		4.97790		-0.79251
	1755.00000000		5.06452		-0.77991
	1760.00000000		5.05024		-0.76898
	1765.00000000		5.32595		-0.75750
	1770.00000000		5.57680		-0.80846
	1775.00000000		5.66724		-0.79284
	1780.00000000		5.46753		-0.74756
	1785.00000000		5.26643		-0.71142
	1790.00000000		5.33112		-0.71665
	1795.00000000		5.36240		-0.73916
	1800.00000000		5.42003		-0.72921
	1805.00000000		5.30790		-0.69940
	1810.00000000		5.29535		-0.64678
	1815.00000000		5.26596		-0.63456
	1820.00000000		5.52380		-0.63690
	1825.00000000		5.67237		-0.70347
	1830.00000000		5.81475		-0.72920
	1835.00000000		5.74749		-0.76371
	1840.00000000		5.77595		-0.74993
	1845.00000000		5.83694		-0.76312
	1850.00000000		5.98614		-0.79094
	1855.00000000		6.20468		-0.83756
	1860.00000000		6.18324		-0.85096
	1865.00000000		5.99729		-0.80139
	1870.00000000		5.82025		-0.78395
	1875.00000000		6.03171		-0.76518
	1880.00000000		6.22251		-0.80655
	1885.00000000		6.18039		-0.77236
	1890.00000000		6.00749		-0.72547
	1895.00000000		5.92417		-0.72353
	1900.00000000		6.07283		-0.76803
	1905.00000000		6.12975		-0.81482
	1910.00000000		6.11085		-0.82789
	1915.00000000		5.92508		-0.83231
	1920.00000000		5.80647		-0.79758
	1925.00000000		5.68898		-0.78305
	1930.00000000		5.74958		-0.70659
	1935.00000000		5.87876		-0.67632
	1940.00000000		6.03558		-0.64267
	1945.00000000		6.02545		-0.67743
	1950.00000000		5.85422		-0.69725
	1955.00000000		5.48820		-0.69639
	1960.00000000		5.16183		-0.67501
	1965.00000000		5.13771		-0.68122
	1970.00000000		5.34783		-0.76702
	1975.00000000		5.51045		-0.82642
	1980.00000000		5.50216		-0.88649
	1985.00000000		5.42037		-0.89685
	1990.00000000		5.35354		-0.93677
	1995.00000000		5.32399		-0.93301
	2000.00000000		5.22403		-0.96948
	2005.00000000		5.21657		-0.96324
	2010.00000000		5.11069		-0.96645
	2015.00000000		5.06442		-0.94595
	2020.00000000		4.89662		-0.91730
	2025.00000000		4.66295		-0.85388
	2030.00000000		4.49112		-0.80592
	2035.00000000		4.58396		-0.82526
	2040.00000000		4.71618		-0.86497
	2045.00000000		4.69666		-0.89952
	2050.00000000		4.53816		-0.84181
	2055.00000000		4.17748		-0.78646
	2060.00000000		4.14373		-0.72697
	2065.00000000		4.19640		-0.74628
	2070.00000000		4.30493		-0.79723
	2075.00000000		4.31117		-0.84703
	2080.00000000		4.26330		-0.82854
	2085.00000000		4.28366		-0.76365
	2090.00000000		4.27788		-0.73519
	2095.00000000		4.29721		-0.76387
	2100.00000000		4.15690		-0.84085
	2105.00000000		4.05864		-0.85249
	2110.00000000		3.96760		-0.85607
	2115.00000000		3.95311		-0.79378
	2120.00000000		4.07248		-0.73368
	2125.00000000		4.19744		-0.71266
	2130.00000000		4.42571		-0.71321
	2135.00000000		4.45020		-0.71853
	2140.00000000		4.53161		-0.70348
	2145.00000000		4.33240		-0.65788
	2150.00000000		4.35088		-0.63829
	2155.00000000		4.55086		-0.67911
	2160.00000000		4.84866		-0.70811
	2165.00000000		4.96940		-0.68901
	2170.00000000		4.75044		-0.65783
	2175.00000000		4.69722		-0.64215
	2180.00000000		4.88702		-0.62913
	2185.00000000		4.99775		-0.64286
	2190.00000000		5.04289		-0.64271
	2195.00000000		4.70206		-0.67089
	2200.00000000		4.62410		-0.61741
	2205.00000000		4.35541		-0.63759
	2210.00000000		4.61231		-0.68412
	2215.00000000		4.77678		-0.76671
	2220.00000000		4.87597		-0.76588
	2225.00000000		4.74478		-0.72542
	2230.00000000		4.61890		-0.70435
	2235.00000000		4.67046		-0.70703
	2240.00000000		4.63367		-0.74196
	2245.00000000		4.89139		-0.70855
	2250.00000000		4.86979		-0.70369
	2255.00000000		5.01107		-0.63320
	2260.00000000		4.88481		-0.60456
	2265.00000000		4.72227		-0.57731
	2270.00000000		4.63245		-0.58615
	2275.00000000		4.64293		-0.58108
	2280.00000000		4.87109		-0.53289
	2285.00000000		4.93287		-0.48553
	2290.00000000		4.82165		-0.45444
	2295.00000000		4.65444		-0.43099
	2300.00000000		4.67149		-0.36575
	2305.00000000		4.65489		-0.31736
	2310.00000000		4.62508		-0.33195
	2315.00000000		4.48062		-0.38185
	2320.00000000		4.34177		-0.43776
	2325.00000000		4.48015		-0.35225
	2330.00000000		4.59530		-0.17976
	2335.00000000		4.81200		-0.08875
	2340.00000000		4.68116		-0.13013
	2345.00000000		4.65090		-0.19125
	2350.00000000		4.79951		-0.20362
	2355.00000000		4.95491		-0.12030
	2360.00000000		5.06552		-0.05319
	2365.00000000		4.97818		-0.06322
	2370.00000000		4.97972		-0.11325
	2375.00000000		5.00327		-0.18689
	2380.00000000		5.12783		-0.22235
	2385.00000000		5.04477		-0.26121
	2390.00000000		4.93793		-0.23852
	2395.00000000		4.73968		-0.23351
	2400.00000000		4.76568		-0.20659
	2405.00000000		4.86801		-0.20708
	2410.00000000		5.00934		-0.20215
	2415.00000000		4.96691		-0.24225
	2420.00000000		4.73357		-0.29983
	2425.00000000		4.55093		-0.31810
	2430.00000000		4.43354		-0.31327
	2435.00000000		4.63363		-0.26290
	2440.00000000		4.63502		-0.20083
	2445.00000000		4.40136		-0.14175
	2450.00000000		3.97604		-0.14500
	2455.00000000		3.87120		-0.21004
	2460.00000000		3.95525		-0.26151
	2465.00000000		4.10075		-0.26853
	2470.00000000		4.05711		-0.18491
	2475.00000000		3.92582		-0.11464
	2480.00000000		3.87459		-0.12242
	2485.00000000		3.76443		-0.18115
	2490.00000000		3.84883		-0.22463
	2495.00000000		3.77606		-0.23304
	2500.00000000		3.89707		-0.21319
	2505.00000000		3.97699		-0.22719
	2510.00000000		4.15754		-0.24888
	2515.00000000		4.22307		-0.28616
	2520.00000000		4.11437		-0.30086
	2525.00000000		4.12190		-0.29758
	2530.00000000		4.07530		-0.31798
	2535.00000000		4.25653		-0.33479
	2540.00000000		4.33613		-0.36950
	2545.00000000		4.22771		-0.37360
	2550.00000000		4.02162		-0.39010
	2555.00000000		3.80446		-0.39436
	2560.00000000		3.86154		-0.38777
	2565.00000000		3.82900		-0.36798
	2570.00000000		3.92686		-0.35523
	2575.00000000		3.92035		-0.40461
	2580.00000000		3.98290		-0.45649
	2585.00000000		4.01109		-0.50254
	2590.00000000		4.06759		-0.47881
	2595.00000000		4.12115		-0.47120
	2600.00000000		3.90448		-0.42691
	2605.00000000		3.97602		-0.40873
	2610.00000000		4.00952		-0.44116
	2615.00000000		4.24303		-0.47111
	2620.00000000		4.42911		-0.49673
	2625.00000000		4.53593		-0.50232
	2630.00000000		4.48538		-0.53963
	2635.00000000		4.41042		-0.56701
	2640.00000000		4.56298		-0.61278
	2645.00000000		4.69981		-0.62806
	2650.00000000		4.78722		-0.63037
	2655.00000000		4.61294		-0.60212
	2660.00000000		4.47547		-0.57328
	2665.00000000		4.45903		-0.59285
	2670.00000000		4.61161		-0.62110
	2675.00000000		4.44727		-0.65193
	2680.00000000		4.16275		-0.63168
	2685.00000000		3.91493		-0.58848
	2690.00000000		3.81511		-0.57326
	2695.00000000		3.95764		-0.60051
	2700.00000000		4.11297		-0.67757
	2705.00000000		4.22909		-0.74714
	2710.00000000		4.14070		-0.77252
	2715.00000000		3.85229		-0.70890
	2720.00000000		3.56336		-0.60532
	2725.00000000		3.47163		-0.53355
	2730.00000000		3.68667		-0.58629
	2735.00000000		4.00353		-0.69522
	2740.00000000		4.19925		-0.75080
	2745.00000000		4.09543		-0.73611
	2750.00000000		3.94112		-0.65950
	2755.00000000		3.85208		-0.59452
	2760.00000000		3.80051		-0.59911
	2765.00000000		3.66841		-0.68614
	2770.00000000		3.59585		-0.80852
	2775.00000000		3.66791		-0.81989
	2780.00000000		3.58506		-0.79061
	2785.00000000		3.59946		-0.73407
	2790.00000000		3.36380		-0.73754
	2795.00000000		3.25167		-0.73421
	2800.00000000		3.48261		-0.67449
	2805.00000000		3.48803		-0.68402
	2810.00000000		3.71195		-0.66513
	2815.00000000		3.40420		-0.68084
	2820.00000000		3.40410		-0.63638
	2825.00000000		3.52891		-0.60835
	2830.00000000		3.61193		-0.59642
	2835.00000000		3.92868		-0.62779
	2840.00000000		3.64050		-0.66007
	2845.00000000		3.73726		-0.61305
	2850.00000000		3.94348		-0.54412
	2855.00000000		3.89990		-0.53045
	2860.00000000		4.29956		-0.51570
	2865.00000000		4.01315		-0.49280
	2870.00000000		3.93726		-0.46209
	2875.00000000		3.77474		-0.46591
	2880.00000000		3.59200		-0.50172
	2885.00000000		3.81886		-0.50441
	2890.00000000		3.58350		-0.46686
	2895.00000000		3.40957		-0.37107
	2900.00000000		3.41094		-0.29290
	2905.00000000		3.26247		-0.32188
	2910.00000000		3.31892		-0.45212
	2915.00000000		3.24866		-0.57662
	2920.00000000		3.23388		-0.56789
	2925.00000000		3.30139		-0.43226
	2930.00000000		3.34585		-0.35720
	2935.00000000		3.51413		-0.42260
	2940.00000000		3.33961		-0.48839
	2945.00000000		3.49406		-0.48467
	2950.00000000		3.60569		-0.46167
	2955.00000000		3.69438		-0.45999
	2960.00000000		3.87793		-0.45991
	2965.00000000		3.70976		-0.50718
	2970.00000000		3.62952		-0.54029
	2975.00000000		3.59610		-0.53735
	2980.00000000		3.47521		-0.49531
	2985.00000000		3.61394		-0.47729
	2990.00000000		3.56777		-0.48504
	2995.00000000		3.35833		-0.49886
	3000.00000000		3.31571		-0.53258
	3005.00000000		3.06406		-0.47111
	3010.00000000		3.23932		-0.42857
	3015.00000000		3.57044		-0.39782
	3020.00000000		3.49816		-0.43419
	3025.00000000		3.62701		-0.48865
	3030.00000000		3.60229		-0.47750
	3035.00000000		3.74207		-0.35938
	3040.00000000		3.99323		-0.20901
	3045.00000000		4.10237		-0.11719
	3050.00000000		4.15929		-0.14784
	3055.00000000		3.83034		-0.18731
	3060.00000000		3.79777		-0.22491
	3065.00000000		3.85850		-0.19406
	3070.00000000		3.98670		-0.10398
	3075.00000000		4.36523		-0.09087
	3080.00000000		4.31016		-0.10708
	3085.00000000		4.20592		-0.17920
	3090.00000000		4.06577		-0.16600
	3095.00000000		4.26183		-0.10338
	3100.00000000		4.49699		-0.05045
	3105.00000000		4.35785		-0.03926
	3110.00000000		4.15484		-0.10441
	3115.00000000		4.06794		-0.15437
	3120.00000000		4.07737		-0.20351
	3125.00000000		4.13500		-0.18061
	3130.00000000		4.19517		-0.20159
	3135.00000000		4.08372		-0.22372
	3140.00000000		4.01886		-0.28833
	3145.00000000		3.94649		-0.30788
	3150.00000000		4.04529		-0.32416
	3155.00000000		4.19313		-0.33509
	3160.00000000		4.23674		-0.43858
	3165.00000000		4.07359		-0.53077
	3170.00000000		3.92599		-0.51965
	3175.00000000		3.87433		-0.45445
	3180.00000000		4.01971		-0.41503
	3185.00000000		4.27597		-0.43155
	3190.00000000		4.36226		-0.45215
	3195.00000000		4.35372		-0.47297
	3200.00000000		4.19563		-0.44799
	3205.00000000		4.06708		-0.40058
	3210.00000000		4.10219		-0.38756
	3215.00000000		4.01695		-0.39186
	3220.00000000		4.09870		-0.42885
	3225.00000000		3.91987		-0.44321
	3230.00000000		3.75987		-0.42855
	3235.00000000		3.52807		-0.40107
	3240.00000000		3.42343		-0.39170
	3245.00000000		3.56958		-0.39066
	3250.00000000		3.59975		-0.39258
	3255.00000000		3.46582		-0.39439
	3260.00000000		3.28843		-0.38096
	3265.00000000		3.05316		-0.35100
	3270.00000000		3.14150		-0.30854
	3275.00000000		3.47134		-0.26746
	3280.00000000		3.76113		-0.21078
	3285.00000000		3.83750		-0.20467
	3290.00000000		3.52515		-0.17577
	3295.00000000		3.32371		-0.14361
	3300.00000000		3.36700		-0.11487
	3305.00000000		3.40798		-0.10549
	3310.00000000		3.58912		-0.17639
	3315.00000000		3.56688		-0.22680
	3320.00000000		3.45471		-0.27052
	3325.00000000		3.52558		-0.23500
	3330.00000000		3.50520		-0.17823
	3335.00000000		3.61607		-0.18213
	3340.00000000		3.55673		-0.22233
	3345.00000000		3.32511		-0.30105
	3350.00000000		3.30719		-0.36139
	3355.00000000		3.14082		-0.38860
	3360.00000000		3.00237		-0.35745
	3365.00000000		3.17345		-0.38403
	3370.00000000		2.93674		-0.36579
	3375.00000000		2.71023		-0.38408
	3380.00000000		2.77773		-0.43273
	3385.00000000		2.94702		-0.46760
	3390.00000000		2.99918		-0.43571
	3395.00000000		3.12571		-0.40574
	3400.00000000		3.14920		-0.35444
	3405.00000000		2.97785		-0.31037
	3410.00000000		3.04009		-0.30555
	3415.00000000		3.13049		-0.29943
	3420.00000000		2.94561		-0.21939
	3425.00000000		2.88251		-0.13257
	3430.00000000		2.88601		-0.11049
	3435.00000000		2.69793		-0.11566
	3440.00000000		2.37480		-0.23621
	3445.00000000		2.04320		-0.35003
	3450.00000000		2.19201		-0.41910
	3455.00000000		2.15888		-0.35433
	3460.00000000		2.01434		-0.22273
	3465.00000000		2.30434		-0.19178
	3470.00000000		2.04577		-0.32062
	3475.00000000		2.18913		-0.48981
	3480.00000000		2.19937		-0.53120
	3485.00000000		1.96651		-0.57338
	3490.00000000		2.14034		-0.67190
	3495.00000000		2.01658		-0.73672
	3500.00000000		2.12348		-0.63331
	3505.00000000		2.05185		-0.52207
	3510.00000000		2.08906		-0.52549
	3515.00000000		2.04817		-0.64987
	3520.00000000		2.07777		-0.78357
	3525.00000000		2.06244		-0.79476
	3530.00000000		2.05591		-0.57421
	3535.00000000		2.10307		-0.47592
	3540.00000000		2.02592		-0.55627
	3545.00000000		2.12610		-0.70557
	3550.00000000		2.04728		-0.75712
	3555.00000000		2.06331		-0.74817
	3560.00000000		2.08413		-0.77674
	3565.00000000		2.05972		-0.81265
	3570.00000000		2.11594		-0.69257
	3575.00000000		2.06842		-0.48226
	3580.00000000		2.10655		-0.32584
	3585.00000000		2.06353		-0.30950
	3590.00000000		2.10244		-0.31490
	3595.00000000		2.10147		-0.30737
	3600.00000000		2.06807		-0.31164
	3605.00000000		2.12138		-0.32093
	3610.00000000		2.05565		-0.38808
	3615.00000000		2.10060		-0.37206
	3620.00000000		2.04461		-0.38464
	3625.00000000		2.06658		-0.52851
	3630.00000000		2.09539		-0.65104
	3635.00000000		2.04638		-0.75579
	3640.00000000		2.11190		-0.74768
	3645.00000000		2.02672		-0.67050
	3650.00000000		2.11323		-0.58713
	3655.00000000		2.07235		-0.63711
	3660.00000000		2.09034		-0.72296
	3665.00000000		2.17453		-0.71370
	3670.00000000		1.98981		-0.66489
	3675.00000000		2.19102		-0.68161
	3680.00000000		2.01878		-0.77898
	3685.00000000		2.13689		-0.87700
	3690.00000000		2.09039		-0.87085
	3695.00000000		2.01475		-0.85887
	3700.00000000		2.16013		-0.98269
	3705.00000000		1.99419		-1.18518
	3710.00000000		2.15264		-1.23512
	3715.00000000		2.03340		-1.16036
	3720.00000000		2.06636		-1.17363
	3725.00000000		2.08301		-1.24501
	3730.00000000		2.04767		-1.27090
	3735.00000000		2.10348		-1.21346
	3740.00000000		2.03422		-1.19996
	3745.00000000		2.10175		-1.24847
	3750.00000000		2.04122		-1.28756
	3755.00000000		2.09955		-1.18250
	3760.00000000		2.07417		-1.03002
	3765.00000000		2.05460		-1.00023
	3770.00000000		2.10075		-1.09563
	3775.00000000		2.03673		-1.13701
	3780.00000000		2.09888		-1.09167
	3785.00000000		1.99775		-1.02442
	3790.00000000		2.09922		-0.97546
	3795.00000000		2.05137		-0.98939
	3800.00000000		2.06774		-1.00211
	3805.00000000		2.09554		-0.97343
	3810.00000000		1.99217		-1.00433
	3815.00000000		2.06191		-1.03591
	3820.00000000		2.01811		-1.06012
	3825.00000000		2.07734		-1.05717
	3830.00000000		2.04560		-0.99358
	3835.00000000		2.06699		-0.92248
	3840.00000000		2.04408		-0.94038
	3845.00000000		2.02039		-0.97963
	3850.00000000		2.08364		-0.97608
	3855.00000000		2.02222		-1.01786
	3860.00000000		2.05600		-1.05795
	3865.00000000		2.05518		-1.06755
	3870.00000000		2.03568		-1.01290
	3875.00000000		2.10700		-0.85378
	3880.00000000		2.05621		-0.72084
	3885.00000000		2.07455		-0.80898
	3890.00000000		2.08618		-1.00166
	3895.00000000		1.99506		-1.08293
	3900.00000000		2.08094		-0.98288
	3905.00000000		2.05677		-0.78502
	3910.00000000		2.07270		-0.65334
	3915.00000000		2.11911		-0.67899
	3920.00000000		2.02527		-0.80551
	3925.00000000		2.08305		-0.92330
	3930.00000000		2.00767		-1.01009
	3935.00000000		2.07895		-1.05668
	3940.00000000		2.05993		-1.01226
	3945.00000000		2.02470		-0.99312
	3950.00000000		2.12937		-1.05021
	3955.00000000		2.00977		-1.15561
	3960.00000000		2.09069		-1.22059
	3965.00000000		2.04432		-1.22823
	3970.00000000		2.05703		-1.22050
	3975.00000000		2.08146		-1.29858
	3980.00000000		2.01938		-1.41002
	3985.00000000		2.09712		-1.37996
	3990.00000000		2.03745		-1.31247
	3995.00000000		2.06656		-1.35040
	4000.00000000		2.09298		-1.48672
	4005.00000000		2.00447		-1.51974
	4010.00000000		2.13659		-1.44231
	4015.00000000		2.01167		-1.32136
	4020.00000000		2.11963		-1.24247
	4025.00000000		2.10590		-1.19078
	4030.00000000		2.00091		-1.12029
	4035.00000000		2.12924		-1.16788
	4040.00000000		2.03296		-1.29516
	4045.00000000		2.09310		-1.40471
	4050.00000000		2.14601		-1.37823
	4055.00000000		1.97700		-1.32601
	4060.00000000		2.15600		-1.30681
	4065.00000000		2.00690		-1.30129
	4070.00000000		2.08595		-1.29845
	4075.00000000		2.08674		-1.29095
	4080.00000000		2.00246		-1.30226
	4085.00000000		2.12714		-1.28186
	4090.00000000		2.06040		-1.17808
	4095.00000000		2.02835		-0.99620
	4100.00000000		2.23298		-0.81317
	4105.00000000		2.01698		-0.78991
	4110.00000000		2.07431		-0.92666
	4115.00000000		2.20524		-0.98678
	4120.00000000		1.97733		-0.88861
	4125.00000000		2.17906		-0.81432
	4130.00000000		2.11038		-0.90568
	4135.00000000		1.98197		-1.04081
	4140.00000000		2.18180		-1.09994
	4145.00000000		2.02151		-1.04297
	4150.00000000		2.04254		-0.93454
	4155.00000000		2.18254		-0.94083
	4160.00000000		1.91758		-1.03268
	4165.00000000		2.20031		-1.01977
	4170.00000000		2.14128		-0.78760
	4175.00000000		1.97412		-0.56403
	4180.00000000		2.18914		-0.57365
	4185.00000000		1.99828		-0.74383
	4190.00000000		2.09774		-0.75930
	4195.00000000		2.11881		-0.72645
	4200.00000000		1.99020		-0.72685
	4205.00000000		2.10394		-0.73586
	4210.00000000		2.13696		-0.67050
	4215.00000000		1.95504		-0.62090
	4220.00000000		2.15009		-0.69589
	4225.00000000		2.10251		-0.83498
	4230.00000000		1.98825		-0.93752
	4235.00000000		2.15821		-0.97432
	4240.00000000		2.11017		-0.96449
	4245.00000000		1.92800		-0.85984
	4250.00000000		2.20466		-0.76465
	4255.00000000		2.13936		-0.70104
	4260.00000000		1.99917		-0.72287
	4265.00000000		2.17988		-0.67944
	4270.00000000		2.02382		-0.62808
	4275.00000000		2.05314		-0.61038
	4280.00000000		2.22790		-0.68192
	4285.00000000		2.00217		-0.74071
	4290.00000000		2.06219		-0.70910
	4295.00000000		2.25928		-0.69290
	4300.00000000		1.97130		-0.68700
	4305.00000000		2.08927		-0.69281
	4310.00000000		2.23295		-0.61481
	4315.00000000		1.92113		-0.54125
	4320.00000000		2.13983		-0.49802
	4325.00000000		2.13891		-0.54964
	4330.00000000		1.96141		-0.59578
	4335.00000000		2.11819		-0.55622
	4340.00000000		2.04497		-0.50533
	4345.00000000		2.01397		-0.49095
	4350.00000000		2.10321		-0.55255
	4355.00000000		2.01243		-0.57496
	4360.00000000		2.05592		-0.62490
	4365.00000000		2.15024		-0.66023
	4370.00000000		1.95395		-0.78582
	4375.00000000		2.09634		-0.86895
	4380.00000000		2.14565		-0.86470
	4385.00000000		1.98662		-0.85031
	4390.00000000		2.07483		-0.84867
	4395.00000000		2.15862		-0.85499
	4400.00000000		1.95155		-0.78200
	4405.00000000		2.10020		-0.75151
	4410.00000000		2.05760		-0.74991
	4415.00000000		1.96976		-0.68791
	4420.00000000		2.19630		-0.62973
	4425.00000000		2.04042		-0.58917
	4430.00000000		2.00940		-0.57992
	4435.00000000		2.12473		-0.59495
	4440.00000000		1.97716		-0.63251
	4445.00000000		2.02248		-0.67112
	4450.00000000		2.17105		-0.70287
	4455.00000000		2.01686		-0.68722
	4460.00000000		2.06172		-0.64994
	4465.00000000		2.24010		-0.62534
	4470.00000000		2.02527		-0.68014
	4475.00000000		2.01465		-0.78455
	4480.00000000		2.09837		-0.84480
	4485.00000000		2.07320		-0.88756
	4490.00000000		2.00630		-0.87474
	4495.00000000		2.03221		-0.81491
	4500.00000000		2.15552		-0.75179
	4505.00000000		2.12622		-0.76955
	4510.00000000		2.01497		-0.91790
	4515.00000000		2.06642		-1.11938
	4520.00000000		2.06115		-1.26244
	4525.00000000		1.99960		-1.31978
	4530.00000000		2.08119		-1.30967
	4535.00000000		2.05060		-1.17754
	4540.00000000		2.06294		-1.03300
	4545.00000000		2.11061		-0.97481
	4550.00000000		1.99813		-0.98357
	4555.00000000		2.02226		-0.94585
	4560.00000000		2.14175		-0.95281
	4565.00000000		2.11270		-0.97063
	4570.00000000		1.99839		-0.99329
	4575.00000000		2.07028		-1.01717
	4580.00000000		2.09179		-1.02353
	4585.00000000		2.01932		-1.06438
	4590.00000000		2.05328		-1.14085
	4595.00000000		2.09340		-1.24390
	4600.00000000		2.02241		-1.34763
	4605.00000000		2.08785		-1.36986
	4610.00000000		2.05308		-1.40332
	4615.00000000		2.03448		-1.45969
	4620.00000000		2.09582		-1.50035
	4625.00000000		2.05357		-1.42037
	4630.00000000		2.03649		-1.24431
	4635.00000000		2.14353		-1.12852
	4640.00000000		2.05943		-1.23459
	4645.00000000		2.02876		-1.37462
	4650.00000000		2.09179		-1.43659
	4655.00000000		2.01757		-1.43883
	4660.00000000		2.08457		-1.38470
	4665.00000000		2.06567		-1.30959
	4670.00000000		2.01183		-1.27454
	4675.00000000		2.09703		-1.27649
	4680.00000000		2.03602		-1.32104
	4685.00000000		2.09493		-1.42722
	4690.00000000		2.11567		-1.57628
	4695.00000000		1.99990		-1.63697
	4700.00000000		2.10527		-1.65520
	4705.00000000		2.06937		-1.63329
	4710.00000000		2.07335		-1.52197
	4715.00000000		2.09664		-1.41742
	4720.00000000		2.04283		-1.42881
	4725.00000000		2.09817		-1.54696
	4730.00000000		2.05133		-1.55921
	4735.00000000		2.06774		-1.48647
	4740.00000000		2.09556		-1.49960
	4745.00000000		2.01041		-1.56943
	4750.00000000		2.11016		-1.56230
	4755.00000000		2.04055		-1.43106
	4760.00000000		2.03616		-1.32021
	4765.00000000		2.15106		-1.31579
	4770.00000000		1.95384		-1.36080
	4775.00000000		2.08140		-1.32861
	4780.00000000		2.21780		-1.24822
	4785.00000000		2.00621		-1.16093
	4790.00000000		2.02348		-1.22179
	4795.00000000		2.13060		-1.33197
	4800.00000000		2.06348		-1.44972
	4805.00000000		2.06048		-1.54530
	4810.00000000		2.10239		-1.59352
	4815.00000000		2.01800		-1.64503
	4820.00000000		2.11826		-1.71565
	4825.00000000		2.10496		-1.71628
	4830.00000000		1.98750		-1.67524
	4835.00000000		2.21159		-1.63820
	4840.00000000		2.02690		-1.68678
	4845.00000000		2.12323		-1.74396
	4850.00000000		2.11352		-1.68100
	4855.00000000		2.04969		-1.63007
	4860.00000000		2.11932		-1.70664
	4865.00000000		2.03271		-1.82034
	4870.00000000		2.07722		-1.80908
	4875.00000000		2.09324		-1.75287
	4880.00000000		2.01280		-1.63750
	4885.00000000		2.15590		-1.57860
	4890.00000000		2.15715		-1.58033
	4895.00000000		1.99534		-1.59577
	4900.00000000		2.24511		-1.56269
	4905.00000000		2.07648		-1.52397
	4910.00000000		2.00357		-1.49620
	4915.00000000		2.23448		-1.53909
	4920.00000000		2.03841		-1.57441
	4925.00000000		2.05742		-1.58365
	4930.00000000		2.14035		-1.58773
	4935.00000000		2.00604		-1.61307
	4940.00000000		2.09066		-1.65684
	4945.00000000		2.11322		-1.67422
	4950.00000000		2.01444		-1.63346
	4955.00000000		2.12703		-1.55030
	4960.00000000		2.20944		-1.47987
	4965.00000000		2.00039		-1.44567
	4970.00000000		2.07782		-1.43298
	4975.00000000		2.30261		-1.44824
	4980.00000000		1.99147		-1.39660
	4985.00000000		2.10661		-1.27207
	4990.00000000		2.30024		-1.19396
	4995.00000000		2.03911		-1.21634
	5000.00000000		1.98942		-1.30938
	5005.00000000		2.25728		-1.39894
	5010.00000000		2.08656		-1.44096
	5015.00000000		1.98472		-1.44347
	5020.00000000		2.27244		-1.40262
	5025.00000000		2.15093		-1.44860
	5030.00000000		1.97003		-1.54183
	5035.00000000		2.16437		-1.62430
	5040.00000000		2.10508		-1.65782
	5045.00000000		2.02663		-1.67408
	5050.00000000		2.14712		-1.70429
	5055.00000000		2.06308		-1.79231
	5060.00000000		2.02926		-1.91782
	5065.00000000		2.14142		-1.92144
	5070.00000000		2.02022		-1.86914
	5075.00000000		2.12926		-1.84498
	5080.00000000		2.07883		-1.93003
	5085.00000000		2.05435		-2.04185
	5090.00000000		2.13797		-2.04891
	5095.00000000		2.00204		-1.98270
	5100.00000000		2.16552		-1.99531
	5105.00000000		2.01846		-2.09104
	5110.00000000		2.10851		-2.16139
	5115.00000000		2.05878		-2.14044
	5120.00000000		2.05985		-2.04889
	5125.00000000		2.15952		-1.96578
	5130.00000000		2.00471		-1.99937
	5135.00000000		2.16625		-2.14982
	5140.00000000		2.03150		-2.27453
	5145.00000000		2.10951		-2.37344
	5150.00000000		2.08843		-2.39450
	5155.00000000		2.06244		-2.44809
	5160.00000000		2.10282		-2.55132
	5165.00000000		2.03495		-2.65500
	5170.00000000		2.09921		-2.76634
	5175.00000000		2.05178		-2.82082
	5180.00000000		2.08901		-2.83228
	5185.00000000		2.03044		-2.84028
	5190.00000000		2.10775		-2.94977
	5195.00000000		2.05354		-3.05360
	5200.00000000		2.08369		-3.10042
	5205.00000000		2.08417		-3.06273
	5210.00000000		2.03740		-3.09775
	5215.00000000		2.06985		3.08205
	5220.00000000		2.04537		3.00267
	5225.00000000		2.09619		3.01458
	5230.00000000		2.05176		3.12451
	5235.00000000		2.08045		-3.09047
	5240.00000000		2.06007		-3.13417
	5245.00000000		2.09173		3.02598
	5250.00000000		2.05749		2.87917
	5255.00000000		2.06715		2.81189
	5260.00000000		2.08463		2.92010
	5265.00000000		1.99912		3.01769
	5270.00000000		2.14483		3.09682
	5275.00000000		2.06415		-3.13172
	5280.00000000		2.08914		-3.06293
	5285.00000000		2.09114		-2.96415
	5290.00000000		2.04679		-2.95228
	5295.00000000		2.09421		-3.01306
	5300.00000000		2.06644		-3.07133
	5305.00000000		2.06620		-3.01812
	5310.00000000		2.06773		-2.93163
	5315.00000000		2.08570		-2.87220
	5320.00000000		2.09731		-2.92362
	5325.00000000		2.06305		-3.03735
	5330.00000000		2.07617		-3.07972
	5335.00000000		2.06884		-3.09059
	5340.00000000		2.08888		-3.11545
	5345.00000000		2.05480		3.13769
	5350.00000000		2.07809		-3.12476
	5355.00000000		2.08019		3.13677
	5360.00000000		2.03273		3.08001
	5365.00000000		2.15044		3.05769
	5370.00000000		2.00713		3.10490
	5375.00000000		2.13463		-3.07922
	5380.00000000		2.10964		-2.97977
	5385.00000000		2.00710		-2.96017
	5390.00000000		2.19022		-3.01805
	5395.00000000		2.00793		-3.06839
	5400.00000000		2.12495		-3.08084
	5405.00000000		2.08526		-3.04664
	5410.00000000		2.01625		-2.98487
	5415.00000000		2.16735		-2.95922
	5420.00000000		2.02512		-3.00073
	5425.00000000		2.10321		-3.05953
	5430.00000000		2.13514		-3.08168
	5435.00000000		1.97553		-3.06396
	5440.00000000		2.19286		-3.02187
	5445.00000000		1.97094		-2.98132
	5450.00000000		2.14881		-2.94927
	5455.00000000		2.04646		-2.92069
	5460.00000000		2.06742		-2.85680
	5465.00000000		2.16084		-2.88375
	5470.00000000		2.02347		-2.95741
	5475.00000000		2.06207		-3.05676
	5480.00000000		2.11355		-3.13139
	5485.00000000		2.03402		3.06247
	5490.00000000		2.10762		2.99579
	5495.00000000		2.08009		2.96459
	5500.00000000		2.01508		2.93055
	5505.00000000		2.16176		2.87822
	5510.00000000		2.02253		2.77923
	5515.00000000		2.08984		2.75217
	5520.00000000		2.08280		2.79401
	5525.00000000		2.02323		2.85408
	5530.00000000		2.12791		2.86017
	5535.00000000		1.99882		2.89778
	5540.00000000		2.15723		3.00354
	5545.00000000		2.09535		3.13292
	5550.00000000		2.05992		3.12691
	5555.00000000		2.09483		3.00692
	5560.00000000		2.06600		2.89706
	5565.00000000		2.09155		2.79695
	5570.00000000		2.06092		2.79149
	5575.00000000		2.07528		2.84132
	5580.00000000		2.07528		2.91015
	5585.00000000		2.04939		2.91899
	5590.00000000		2.11576		2.91611
	5595.00000000		2.08826		2.94973
	5600.00000000		2.01267		3.02561
	5605.00000000		2.12591		3.04887
	5610.00000000		2.08302		2.98652
	5615.00000000		2.03075		2.87378
	5620.00000000		2.12913		2.76660
	5625.00000000		2.04287		2.68306
	5630.00000000		2.07561		2.62404
	5635.00000000		2.07250		2.59397
	5640.00000000		2.05440		2.63295
	5645.00000000		2.11174		2.75478
	5650.00000000		2.06112		2.91601
	5655.00000000		2.06501		2.93826
	5660.00000000		2.13966		2.90347
	5665.00000000		2.06454		2.94267
	5670.00000000		2.05529		3.05705
	5675.00000000		2.11576		-3.09837
	5680.00000000		2.04479		-3.02540
	5685.00000000		2.06895		-3.01784
	5690.00000000		2.11280		-3.01563
	5695.00000000		2.05743		-3.01869
	5700.00000000		2.06907		-2.92849
	5705.00000000		2.10802		-2.82541
	5710.00000000		2.00242		-2.79416
	5715.00000000		2.11845		-2.71795
	5720.00000000		2.07000		-2.63642
	5725.00000000		2.09087		-2.52617
	5730.00000000		2.07199		-2.59795
	5735.00000000		2.07494		-2.74877
	5740.00000000		2.10563		-2.89206
	5745.00000000		2.03691		-2.93902
	5750.00000000		2.07372		-2.89459
	5755.00000000		2.07347		-2.84141
	5760.00000000		2.04655		-2.84391
	5765.00000000		2.12623		-2.85949
	5770.00000000		2.06475		-2.82705
	5775.00000000		2.09878		-2.77906
	5780.00000000		2.12958		-2.78977
	5785.00000000		2.00419		-2.98798
	5790.00000000		2.13344		3.01462
	5795.00000000		2.15408		2.86781
	5800.00000000		1.96796		2.84731
	5805.00000000		2.17810		2.80077
	5810.00000000		2.05037		2.64818
	5815.00000000		2.06416		2.45184
	5820.00000000		2.10232		2.38359
	5825.00000000		2.01008		2.40807
	5830.00000000		2.10832		2.50365
	5835.00000000		2.00325		2.61973
	5840.00000000		2.16336		2.70485
	5845.00000000		2.02172		2.70966
	5850.00000000		2.11157		2.68804
	5855.00000000		2.11180		2.66909
	5860.00000000		2.00475		2.61680
	5865.00000000		2.15005		2.61572
	5870.00000000		1.99278		2.60417
	5875.00000000		2.10160		2.58673
	5880.00000000		2.08255		2.49953
	5885.00000000		2.04232		2.42938
	5890.00000000		2.13663		2.40808
	5895.00000000		1.96046		2.44650
	5900.00000000		2.21415		2.51277
	5905.00000000		1.97151		2.53427
	5910.00000000		2.13658		2.46318
	5915.00000000		2.07870		2.39083
	5920.00000000		2.05449		2.34990
	5925.00000000		2.10023		2.37898
	5930.00000000		2.00686		2.49510
	5935.00000000		2.17277		2.56738
	5940.00000000		2.00842		2.54646
	5945.00000000		2.15334		2.51482
	5950.00000000		2.00648		2.49947
	5955.00000000		2.11314		2.49235
	5960.00000000		2.13098		2.51961
	5965.00000000		1.90960		2.57209
	5970.00000000		2.34811		2.64480
	5975.00000000		2.04020		2.70686
	5980.00000000		2.05089		2.75444
	5985.00000000		2.23676		2.85163
	5990.00000000		1.98915		2.90877
	5995.00000000		2.04385		2.90201
	6000.00000000		2.15110		2.87237
	6005.00000000		1.95173		2.89483
	6010.00000000		2.11149		2.94535
	6015.00000000		2.21061		2.97752
	6020.00000000		2.00341		2.98930
	6025.00000000		2.05557		2.93630
	6030.00000000		2.13456		2.86566
	6035.00000000		1.96311		2.88133
	6040.00000000		2.07980		2.89386
	6045.00000000		2.18083		2.89948
	6050.00000000		1.93871		2.88487
	6055.00000000		2.12072		2.87737
	6060.00000000		2.24335		2.82758
	6065.00000000		1.88946		2.75439
	6070.00000000		2.19218		2.67243
	6075.00000000		2.19187		2.59323
	6080.00000000		1.92298		2.49750
	6085.00000000		2.24896		2.47154
	6090.00000000		1.95558		2.46431
	6095.00000000		2.14597		2.42875
	6100.00000000		2.13672		2.34404
	6105.00000000		2.00931		2.21299
	6110.00000000		2.17818		2.13137
	6115.00000000		1.95633		2.14556
	6120.00000000		2.22626		2.17623
	6125.00000000		1.91317		2.19866
	6130.00000000		2.23019		2.29309
	6135.00000000		2.03184		2.34386
	6140.00000000		2.06635		2.35451
	6145.00000000		2.23417		2.33730
	6150.00000000		1.90247		2.35532
	6155.00000000		2.21799		2.46507
	6160.00000000		2.03922		2.58471
	6165.00000000		1.98558		2.64177
	6170.00000000		2.19192		2.57202
	6175.00000000		2.02090		2.46104
	6180.00000000		2.07829		2.47578
	6185.00000000		2.15423		2.58093
	6190.00000000		1.96745		2.55309
	6195.00000000		2.16279		2.32769
	6200.00000000		2.05456		2.21378
	6205.00000000		2.10005		2.34933
	6210.00000000		2.17287		2.50638
	6215.00000000		1.92355		2.45921
	6220.00000000		2.19518		2.38134
	6225.00000000		2.04952		2.34713
	6230.00000000		2.05372		2.46966
	6235.00000000		2.24875		2.58559
	6240.00000000		1.92130		2.61226
	6245.00000000		2.14204		2.50602
	6250.00000000		2.12618		2.34144
	6255.00000000		2.00052		2.21721
	6260.00000000		2.11840		2.11507
	6265.00000000		2.01598		2.02850
	6270.00000000		2.09724		2.01682
	6275.00000000		2.05207		2.11234
	6280.00000000		2.06152		2.14673
	6285.00000000		2.04889		2.08411
	6290.00000000		2.06527		1.99523
	6295.00000000		2.09544		2.08760
	6300.00000000		2.00466		2.26192
	6305.00000000		2.14091		2.26018
	6310.00000000		2.03574		2.11879
	6315.00000000		2.08025		2.01375
	6320.00000000		2.12627		2.04484
	6325.00000000		1.98475		2.17002
	6330.00000000		2.12409		2.22292
	6335.00000000		2.03475		2.10946
	6340.00000000		2.11028		2.06802
	6345.00000000		2.04306		2.12308
	6350.00000000		2.02355		2.18822
	6355.00000000		2.12122		2.14578
	6360.00000000		1.98350		2.12137
	6365.00000000		2.17708		2.23304
	6370.00000000		2.09661		2.39815
	6375.00000000		1.98952		2.39143
	6380.00000000		2.15615		2.21245
	6385.00000000		2.04254		2.12766
	6390.00000000		2.05051		2.17832
	6395.00000000		2.13179		2.28547
	6400.00000000		2.01734		2.28426
	6405.00000000		2.10686		2.15746
	6410.00000000		2.06366		2.00150
	6415.00000000		2.05896		1.90715
	6420.00000000		2.09782		1.94109
	6425.00000000		2.01593		1.94839
	6430.00000000		2.14757		1.91437
	6435.00000000		2.00203		1.91155
	6440.00000000		2.11385		1.97565
	6445.00000000		2.07371		1.99687
	6450.00000000		2.05862		1.96705
	6455.00000000		2.10399		1.87849
	6460.00000000		2.01073		1.80949
	6465.00000000		2.13186		1.78208
	6470.00000000		2.02907		1.78274
	6475.00000000		2.07196		1.76800
	6480.00000000		2.11694		1.75527
	6485.00000000		2.01605		1.74917
	6490.00000000		2.18598		1.72039
	6495.00000000		1.97414		1.69901
	6500.00000000		2.15509		1.65958
	6505.00000000		2.02633		1.64313
	6510.00000000		2.08951		1.60897
	6515.00000000		2.08375		1.56666
	6520.00000000		2.05973		1.53718
	6525.00000000		2.11777		1.52171
	6530.00000000		2.01058		1.49280
	6535.00000000		2.11508		1.45886
	6540.00000000		2.02007		1.52019
	6545.00000000		2.11107		1.63019
	6550.00000000		2.01951		1.65423
	6555.00000000		2.08137		1.55343
	6560.00000000		2.06856		1.40637
	6565.00000000		2.07037		1.34808
	6570.00000000		2.05796		1.36224
	6575.00000000		2.06402		1.48582
	6580.00000000		2.11363		1.55816
	6585.00000000		2.04088		1.59246
	6590.00000000		2.09598		1.48823
	6595.00000000		2.04643		1.41982
	6600.00000000		2.06399		1.36693
	6605.00000000		2.05679		1.34510
	6610.00000000		2.04407		1.32294
	6615.00000000		2.11280		1.35499
	6620.00000000		1.99950		1.39817
	6625.00000000		2.13147		1.35278
	6630.00000000		2.02508		1.26269
	6635.00000000		2.08475		1.14376
	6640.00000000		2.09393		1.19798
	6645.00000000		2.01652		1.29333
	6650.00000000		2.11011		1.29116
	6655.00000000		2.03363		1.19820
	6660.00000000		2.13210		1.11552
	6665.00000000		1.99434		1.07475
	6670.00000000		2.11971		1.01356
	6675.00000000		2.05074		0.97892
	6680.00000000		2.07720		0.94017
	6685.00000000		2.11244		0.98033
	6690.00000000		2.02087		0.95907
	6695.00000000		2.14348		0.93123
	6700.00000000		2.02225		0.84602
	6705.00000000		2.11228		0.87060
	6710.00000000		2.02325		0.84720
	6715.00000000		2.08383		0.80558
	6720.00000000		2.05868		0.79706
	6725.00000000		2.07692		0.86504
	6730.00000000		2.05477		0.97258
	6735.00000000		2.06668		0.93178
	6740.00000000		2.07063		0.82148
	6745.00000000		2.07879		0.68927
	6750.00000000		2.06596		0.81837
	6755.00000000		2.05775		1.08232
	6760.00000000		2.07421		1.14693
	6765.00000000		2.05837		1.01474
	6770.00000000		2.14418		0.96795
	6775.00000000		2.02372		1.06118
	6780.00000000		2.06891		1.18381
	6785.00000000		2.10600		1.03208
	6790.00000000		2.03844		0.81773
	6795.00000000		2.09344		0.79651
	6800.00000000		2.04772		0.95309
	6805.00000000		2.09176		1.20961
	6810.00000000		2.03827		1.17764
	6815.00000000		2.08950		0.93662
	6820.00000000		2.10605		0.81564
	6825.00000000		1.99265		0.81583
	6830.00000000		2.10100		0.80178
	6835.00000000		2.01392		0.78627
	6840.00000000		2.10999		0.82218
	6845.00000000		2.09265		0.88959
	6850.00000000		2.01584		0.92694
	6855.00000000		2.10760		0.91049
	6860.00000000		2.00515		0.92164
	6865.00000000		2.07257		0.94517
	6870.00000000		2.16062		0.99410
	6875.00000000		1.93550		0.92377
	6880.00000000		2.25769		0.76398
	6885.00000000		1.99980		0.57946
	6890.00000000		2.14450		0.54181
	6895.00000000		2.11012		0.64586
	6900.00000000		2.01730		0.79630
	6905.00000000		2.20441		0.87254
	6910.00000000		1.98585		0.82811
	6915.00000000		2.10884		0.78602
	6920.00000000		1.99404		0.75655
	6925.00000000		2.11042		0.84599
	6930.00000000		2.08932		0.99491
	6935.00000000		2.00556		1.19223
	6940.00000000		2.15035		1.13325
	6945.00000000		2.04271		0.86306
	6950.00000000		2.09697		0.64543
	6955.00000000		2.03356		0.55100
	6960.00000000		2.08596		0.57604
	6965.00000000		2.08391		0.68328
	6970.00000000		2.03457		0.83350
	6975.00000000		2.13925		0.90082
	6980.00000000		2.00403		0.98161
	6985.00000000		2.07090		1.07390
	6990.00000000		2.14275		1.16858
	6995.00000000		2.00946		1.25273
	7000.00000000		2.15320		1.32200
	7005.00000000		1.96549		1.23084
	7010.00000000		2.15495		0.99359
	7015.00000000		2.14386		0.91882
	7020.00000000		1.99168		0.94954
	7025.00000000		2.15991		1.02218
	7030.00000000		2.05447		0.94065
	7035.00000000		2.01178		0.84894
	7040.00000000		2.18060		0.84231
	7045.00000000		2.00795		0.97596
	7050.00000000		2.08147		1.21797
	7055.00000000		2.19673		1.38597
	7060.00000000		2.00612		1.40202
	7065.00000000		2.15343		1.28969
	7070.00000000		2.07378		1.19921
	7075.00000000		2.00158		1.11117
	7080.00000000		2.13474		1.07650
	7085.00000000		2.01314		1.11403
	7090.00000000		2.10908		1.24390
	7095.00000000		2.04994		1.24046
	7100.00000000		2.02731		1.13076
	7105.00000000		2.12946		1.13464
	7110.00000000		2.00220		1.27914
	7115.00000000		2.12438		1.39200
	7120.00000000		2.08679		1.44265
	7125.00000000		2.04058		1.42230
	7130.00000000		2.07202		1.36642
	7135.00000000		2.05377		1.29051
	7140.00000000		2.05901		1.22504
	7145.00000000		2.06352		1.27119
	7150.00000000		2.05157		1.30510
	7155.00000000		2.05934		1.28177
	7160.00000000		2.10126		1.21611
	7165.00000000		2.00193		1.13705
	7170.00000000		2.07422		1.13355
	7175.00000000		2.04179		1.20164
	7180.00000000		2.01962		1.31303
	7185.00000000		2.11979		1.33670
	7190.00000000		2.07291		1.29787
	7195.00000000		2.01510		1.29705
	7200.00000000		2.10929		1.34050
	7205.00000000		2.00741		1.35907
	7210.00000000		2.06097		1.33421
	7215.00000000		2.16004		1.36642
	7220.00000000		2.01830		1.46363
	7225.00000000		2.10464		1.63884
	7230.00000000		2.06558		1.60080
	7235.00000000		2.02666		1.43030
	7240.00000000		2.14008		1.35184
	7245.00000000		1.99241		1.42867
	7250.00000000		2.10411		1.56256
	7255.00000000		2.09334		1.54032
	7260.00000000		2.04102		1.47730
	7265.00000000		2.13226		1.45174
	7270.00000000		2.08378		1.50023
	7275.00000000		2.02959		1.53031
	7280.00000000		2.08728		1.50454
	7285.00000000		2.06594		1.47006
	7290.00000000		2.08151		1.60694
	7295.00000000		2.09491		1.73168
	7300.00000000		2.01178		1.73731
	7305.00000000		2.14727		1.58052
	7310.00000000		2.11882		1.47392
	7315.00000000		1.99030		1.49570
	7320.00000000		2.09008		1.45270
	7325.00000000		2.10499		1.36120
	7330.00000000		2.02159		1.23473
	7335.00000000		2.09404		1.20782
	7340.00000000		2.09195		1.25349
	7345.00000000		1.99752		1.25491
	7350.00000000		2.08876		1.17929
	7355.00000000		2.11794		1.14528
	7360.00000000		2.01229		1.19246
	7365.00000000		2.07178		1.29127
	7370.00000000		2.10387		1.31907
	7375.00000000		2.02154		1.24552
	7380.00000000		2.07625		1.11367
	7385.00000000		2.13858		0.97071
	7390.00000000		1.96122		0.94210
	7395.00000000		2.04405		0.90196
	7400.00000000		2.08346		0.91252
	7405.00000000		2.00241		0.88666
	7410.00000000		2.12457		0.92856
	7415.00000000		2.04819		1.00071
	7420.00000000		1.98773		1.01624
	7425.00000000		2.11717		1.00852
	7430.00000000		2.05603		0.98704
	7435.00000000		2.00594		1.05423
	7440.00000000		2.11098		1.13655
	7445.00000000		2.11616		1.11274
	7450.00000000		1.98625		0.95333
	7455.00000000		2.08148		0.77910
	7460.00000000		2.09962		0.64135
	7465.00000000		1.98738		0.56013
	7470.00000000		2.14089		0.57955
	7475.00000000		1.98051		0.63737
	7480.00000000		2.10196		0.71855
	7485.00000000		2.07234		0.79607
	7490.00000000		1.99203		0.81922
	7495.00000000		2.08367		0.80028
	7500.00000000		2.04972		0.74010
	7505.00000000		2.01662		0.70970
	7510.00000000		2.13298		0.68205
	7515.00000000		2.02280		0.50871
	7520.00000000		2.09880		0.42356
	7525.00000000		2.03381		0.37632
	7530.00000000		2.08263		0.40908
	7535.00000000		2.06443		0.49109
	7540.00000000		2.02259		0.50000
	7545.00000000		2.13141		0.47315
	7550.00000000		2.00247		0.52732
	7555.00000000		2.12244		0.61307
	7560.00000000		2.10043		0.60342
	7565.00000000		2.00117		0.47729
	7570.00000000		2.16697		0.44937
	7575.00000000		2.00150		0.49025
	7580.00000000		2.10162		0.58067
	7585.00000000		2.14336		0.57434
	7590.00000000		1.99681		0.44074
	7595.00000000		2.14259		0.28053
	7600.00000000		2.03846		0.29136
	7605.00000000		2.06112		0.35371
	7610.00000000		2.04414		0.36730
	7615.00000000		2.07935		0.42471
	7620.00000000		2.18912		0.56102
	7625.00000000		2.03275		0.65302
	7630.00000000		2.04994		0.56693
	7635.00000000		2.13398		0.42393
	7640.00000000		1.99403		0.31749
	7645.00000000		2.09712		0.35625
	7650.00000000		2.09386		0.47527
	7655.00000000		2.01813		0.57344
	7660.00000000		2.11469		0.59190
	7665.00000000		2.10166		0.46170
	7670.00000000		2.00351		0.26939
	7675.00000000		2.16078		0.20916
	7680.00000000		1.98949		0.28854
	7685.00000000		2.11805		0.35275
	7690.00000000		2.07334		0.29896
	7695.00000000		2.03337		0.28503
	7700.00000000		2.16533		0.35523
	7705.00000000		2.00300		0.42678
	7710.00000000		2.06967		0.37988
	7715.00000000		2.08464		0.26978
	7720.00000000		2.00263		0.28423
	7725.00000000		2.15472		0.44002
	7730.00000000		2.02789		0.63633
	7735.00000000		2.01586		0.70714
	7740.00000000		2.19901		0.57440
	7745.00000000		2.06896		0.43486
	7750.00000000		1.99859		0.41014
	7755.00000000		2.19571		0.54900
	7760.00000000		1.97886		0.68794
	7765.00000000		2.06203		0.74012
	7770.00000000		2.15845		0.63599
	7775.00000000		1.94396		0.55148
	7780.00000000		2.15046		0.58451
	7785.00000000		2.08918		0.67784
	7790.00000000		1.94806		0.72423
	7795.00000000		2.09541		0.71110
	7800.00000000		2.01055		0.65378
	7805.00000000		2.01431		0.59219
	7810.00000000		2.15360		0.63747
	7815.00000000		1.95609		0.70656
	7820.00000000		2.05578		0.80722
	7825.00000000		2.16336		0.76471
	7830.00000000		1.98488		0.71001
	7835.00000000		2.00776		0.70178
	7840.00000000		2.12779		0.68996
	7845.00000000		2.01595		0.64070
	7850.00000000		2.00527		0.51850
	7855.00000000		2.17514		0.37384
	7860.00000000		1.97838		0.25568
	7865.00000000		2.17484		0.22283
	7870.00000000		2.03445		0.21577
	7875.00000000		2.07368		0.18964
	7880.00000000		2.20382		0.20535
	7885.00000000		1.91273		0.31816
	7890.00000000		2.21925		0.37562
	7895.00000000		2.03566		0.26746
	7900.00000000		2.07348		0.09572
	7905.00000000		2.17301		0.18436
	7910.00000000		1.95318		0.54969
	7915.00000000		2.19964		0.77094
	7920.00000000		2.24303		0.74913
	7925.00000000		1.99291		0.58873
	7930.00000000		2.03362		0.49547
	7935.00000000		2.07747		0.56199
	7940.00000000		1.96942		0.62473
	7945.00000000		2.04083		0.64249
	7950.00000000		2.13070		0.66481
	7955.00000000		1.96071		0.63634
	7960.00000000		2.03004		0.56828
	7965.00000000		2.12129		0.44929
	7970.00000000		1.93742		0.34007
	7975.00000000		2.15126		0.35772
	7980.00000000		2.23057		0.52884
	7985.00000000		1.96889		0.67193
	7990.00000000		2.03409		0.73277
	7995.00000000		2.17415		0.67467
	8000.00000000		2.02421		0.58348
	8005.00000000		2.00782		0.52813
	8010.00000000		2.09079		0.48652
	8015.00000000		1.97420		0.37346
	8020.00000000		2.04837		0.26466
	8025.00000000		2.10643		0.35980
	8030.00000000		2.03548		0.46098
	8035.00000000		1.99186		0.54642
	8040.00000000		2.12360		0.57859
	8045.00000000		2.06987		0.55586
	8050.00000000		1.93990		0.56026
	8055.00000000		2.09052		0.56353
	8060.00000000		2.09076		0.53098
	8065.00000000		1.94875		0.38987
	8070.00000000		2.12836		0.30560
	8075.00000000		2.11677		0.35537
	8080.00000000		1.96720		0.43353
	8085.00000000		2.04707		0.43832
	8090.00000000		2.06971		0.35191
	8095.00000000		2.02676		0.24697
	8100.00000000		2.13399		0.20033
	8105.00000000		2.01708		0.17291
	8110.00000000		2.03859		0.07063
	8115.00000000		2.14666		0.00351
	8120.00000000		1.95782		0.01772
	8125.00000000		2.15370		0.05489
	8130.00000000		1.98527		-0.00351
	8135.00000000		2.12750		-0.09628
	8140.00000000		2.09377		-0.10470
	8145.00000000		2.00325		-0.03474
	8150.00000000		2.17715		0.00484
	8155.00000000		1.94813		0.06080
	8160.00000000		2.18139		0.09991
	8165.00000000		2.00114		0.04385
	8170.00000000		2.09114		-0.02894
	8175.00000000		2.06268		-0.07916
	8180.00000000		1.97074		-0.11581
	8185.00000000		2.14058		-0.09552
	8190.00000000		1.98428		0.05936
	8195.00000000		2.08036		0.24621
	8200.00000000		2.15142		0.29331
	8205.00000000		1.93206		0.27233
	8210.00000000		2.12478		0.26967
	8215.00000000		2.21248		0.31218
	8220.00000000		1.97394		0.31913
	8225.00000000		2.08226		0.22159
	8230.00000000		2.19200		0.09940
	8235.00000000		1.94231		0.02573
	8240.00000000		2.23307		0.06676
	8245.00000000		2.04522		0.11471
	8250.00000000		2.03254		0.06087
	8255.00000000		2.18341		-0.00148
	8260.00000000		1.97048		0.04226
	8265.00000000		2.11112		0.17293
	8270.00000000		2.17124		0.15780
	8275.00000000		1.96955		-0.01126
	8280.00000000		2.15921		-0.13006
	8285.00000000		1.98508		-0.09486
	8290.00000000		2.10493		-0.02851
	8295.00000000		2.17215		0.01021
	8300.00000000		1.97293		0.02375
	8305.00000000		2.15878		-0.02360
	8310.00000000		2.02484		-0.06594
	8315.00000000		2.07547		-0.07113
	8320.00000000		2.17424		0.03688
	8325.00000000		1.99144		0.18636
	8330.00000000		2.08168		0.16563
	8335.00000000		2.17068		0.00346
	8340.00000000		2.02631		-0.09535
	8345.00000000		2.05905		-0.04058
	8350.00000000		2.08960		-0.03295
	8355.00000000		2.04160		-0.11151
	8360.00000000		2.08802		-0.15329
	8365.00000000		2.05454		-0.11881
	8370.00000000		2.03170		-0.01268
	8375.00000000		2.09275		0.00872
	8380.00000000		2.06109		0.02230
	8385.00000000		2.05537		0.06547
	8390.00000000		2.13767		0.08066
	8395.00000000		2.06200		-0.02095
	8400.00000000		2.06218		-0.18712
	8405.00000000		2.06163		-0.28091
	8410.00000000		2.02457		-0.22702
	8415.00000000		2.09245		-0.10488
	8420.00000000		2.07195		-0.02390
	8425.00000000		2.06636		0.00248
	8430.00000000		2.06469		0.04629
	8435.00000000		2.11306		0.07940
	8440.00000000		2.06147		0.11228
	8445.00000000		2.06105		0.12792
	8450.00000000		2.16248		0.16041
	8455.00000000		2.14498		0.15076
	8460.00000000		1.98551		0.04628
	8465.00000000		2.14084		-0.09099
	8470.00000000		2.10091		-0.15650
	8475.00000000		1.98270		-0.16640
	8480.00000000		2.08434		-0.15910
	8485.00000000		2.05976		-0.04558
	8490.00000000		2.08956		0.06416
	8495.00000000		2.13616		0.17004
	8500.00000000		2.09432		0.17745
	8505.00000000		2.03414		0.14648
	8510.00000000		2.09749		0.09183
	8515.00000000		2.12933		0.08153
	8520.00000000		2.07561		0.13552
	8525.00000000		2.06008		0.19288
	8530.00000000		2.13114		0.21113
	8535.00000000		2.06669		0.17593
	8540.00000000		2.02081		0.11207
	8545.00000000		2.16045		0.01880
	8550.00000000		2.06846		-0.04453
	8555.00000000		1.97450		-0.17162
	8560.00000000		2.15052		-0.31145
	8565.00000000		2.00480		-0.16929
	8570.00000000		2.04129		0.02866
	8575.00000000		2.22580		0.08411
	8580.00000000		2.10184		-0.02189
	8585.00000000		1.98294		-0.12908
	8590.00000000		2.15259		-0.22509
	8595.00000000		2.04347		-0.28220
	8600.00000000		1.97741		-0.30024
	8605.00000000		2.18556		-0.15299
	8610.00000000		2.08442		0.17758
	8615.00000000		2.04870		0.40811
	8620.00000000		1.95046		0.45517
	8625.00000000		2.07780		0.26519
	8630.00000000		2.27279		0.24850
	8635.00000000		2.04832		0.37521
	8640.00000000		1.95727		0.58913
	8645.00000000		2.22524		0.68702
	8650.00000000		2.23211		0.62820
	8655.00000000		2.00350		0.41450
	8660.00000000		2.00445		0.28135
	8665.00000000		2.19386		0.32380
	8670.00000000		2.12274		0.35629
	8675.00000000		1.94751		0.34479
	8680.00000000		2.13515		0.39127
	8685.00000000		2.26725		0.44435
	8690.00000000		2.04655		0.43730
	8695.00000000		1.95349		0.35180
	8700.00000000		2.30286		0.32084
	8705.00000000		2.16220		0.39076
	8710.00000000		1.90535		0.56080
	8715.00000000		2.07716		0.69673
	8720.00000000		2.03421		0.74711
	8725.00000000		1.97262		0.67263
	8730.00000000		2.04295		0.61127
	8735.00000000		1.97086		0.59347
	8740.00000000		2.00035		0.70909
	8745.00000000		2.16567		0.93998
	8750.00000000		2.07933		1.00671
	8755.00000000		1.95252		0.85287
	8760.00000000		2.10161		0.72085
	8765.00000000		2.05959		0.73086
	8770.00000000		1.94093		0.85663
	8775.00000000		2.09429		0.93510
	8780.00000000		2.20785		0.86026
	8785.00000000		2.11234		0.73084
	8790.00000000		1.88103		0.71887
	8795.00000000		2.17058		0.86927
	8800.00000000		2.29737		0.99217
	8805.00000000		1.97987		0.96072
	8810.00000000		2.04407		0.86405
	8815.00000000		2.32925		0.84788
	8820.00000000		2.18436		0.89846
	8825.00000000		1.88061		0.94863
	8830.00000000		2.18331		0.84705
	8835.00000000		2.17997		0.83766
	8840.00000000		1.94006		0.93569
	8845.00000000		2.08755		1.09226
	8850.00000000		2.20506		1.11357
	8855.00000000		1.93123		0.98011
	8860.00000000		2.07444		0.93243
	8865.00000000		2.20412		1.07828
	8870.00000000		2.02902		1.24713
	8875.00000000		1.97554		1.19797
	8880.00000000		2.19509		1.00472
	8885.00000000		2.12997		0.84168
	8890.00000000		1.89284		0.88794
	8895.00000000		2.10910		0.99015
	8900.00000000		2.24071		0.96392
	8905.00000000		2.04432		0.84477
	8910.00000000		1.94991		0.83155
	8915.00000000		2.17523		0.99800
	8920.00000000		2.20809		1.11497
	8925.00000000		1.95533		1.10607
	8930.00000000		2.02312		0.99689
	8935.00000000		2.15207		0.95158
	8940.00000000		2.10287		1.03852
	8945.00000000		1.92518		1.14938
	8950.00000000		2.06386		1.11583
	8955.00000000		2.03288		1.13605
	8960.00000000		1.98957		1.25810
	8965.00000000		2.04627		1.33426
	8970.00000000		2.01347		1.34209
	8975.00000000		2.04859		1.27040
	8980.00000000		2.02964		1.27214
	8985.00000000		2.00441		1.30568
	8990.00000000		2.02357		1.35933
	8995.00000000		2.03681		1.36962
	9000.00000000		2.05448		1.37337
	9005.00000000		2.06227		1.38449
	9010.00000000		2.06822		1.38104
	9015.00000000		1.98944		1.36120
	9020.00000000		2.04280		1.34520
	9025.00000000		2.16733		1.43267
	9030.00000000		2.03678		1.52677
	9035.00000000		2.00995		1.53776
	9040.00000000		2.20728		1.42190
	9045.00000000		2.04814		1.40779
	9050.00000000		1.99482		1.58541
	9055.00000000		2.18025		1.78012
	9060.00000000		1.96475		1.74860
	9065.00000000		2.17004		1.63565
	9070.00000000		2.15548		1.64065
	9075.00000000		1.96219		1.83046
	9080.00000000		2.16593		1.89960
	9085.00000000		1.98200		1.79815
	9090.00000000		2.12055		1.75575
	9095.00000000		2.07020		1.85131
	9100.00000000		1.98486		1.90693
	9105.00000000		2.16523		1.74472
	9110.00000000		2.04065		1.55614
	9115.00000000		2.01029		1.57443
	9120.00000000		2.14980		1.74936
	9125.00000000		2.00871		1.83025
	9130.00000000		2.09129		1.79177
	9135.00000000		2.06318		1.74140
	9140.00000000		2.01185		1.83427
	9145.00000000		2.11502		1.95639
	9150.00000000		1.99359		1.89462
	9155.00000000		2.10917		1.79622
	9160.00000000		2.10981		1.86672
	9165.00000000		1.95828		1.99385
	9170.00000000		2.19104		1.90668
	9175.00000000		2.05181		1.68398
	9180.00000000		1.99226		1.64417
	9185.00000000		2.17583		1.84883
	9190.00000000		2.01290		2.07453
	9195.00000000		2.08967		2.24595
	9200.00000000		2.19145		2.18625
	9205.00000000		2.01374		2.05201
	9210.00000000		2.13396		1.99287
	9215.00000000		2.06941		1.96575
	9220.00000000		2.01837		1.94554
	9225.00000000		2.15262		1.89769
	9230.00000000		2.01172		1.81193
	9235.00000000		2.06477		1.70959
	9240.00000000		2.16025		1.64136
	9245.00000000		2.03311		1.61454
	9250.00000000		2.01551		1.79029
	9255.00000000		2.26101		1.96648
	9260.00000000		1.99691		2.03821
	9265.00000000		2.06562		1.99352
	9270.00000000		2.14047		1.93691
	9275.00000000		1.93908		1.85908
	9280.00000000		2.18329		1.76330
	9285.00000000		2.18133		1.66531
	9290.00000000		1.89979		1.61124
	9295.00000000		2.20901		1.65129
	9300.00000000		2.18453		1.71670
	9305.00000000		1.89274		1.78147
	9310.00000000		2.29336		1.86767
	9315.00000000		2.18165		1.91022
	9320.00000000		1.91697		1.93591
	9325.00000000		2.27999		1.93781
	9330.00000000		2.01213		1.88459
	9335.00000000		2.05286		1.80996
	9340.00000000		2.29080		1.79590
	9345.00000000		1.88865		1.85402
	9350.00000000		2.15822		1.91802
	9355.00000000		2.13905		1.92486
	9360.00000000		1.91373		1.86144
	9365.00000000		2.36299		1.76728
	9370.00000000		2.09263		1.69576
	9375.00000000		1.97539		1.77175
	9380.00000000		2.26379		1.84285
	9385.00000000		2.08528		1.88136
	9390.00000000		1.97525		1.92026
	9395.00000000		2.22909		1.94317
	9400.00000000		1.97706		1.89183
	9405.00000000		2.06326		1.88284
	9410.00000000		2.18711		1.92558
	9415.00000000		1.99912		2.01293
	9420.00000000		2.07093		2.12343
	9425.00000000		2.22990		2.08933
	9430.00000000		1.98086		1.96542
	9435.00000000		2.09608		1.88915
	9440.00000000		2.10704		1.94087
	9445.00000000		1.97767		1.98045
	9450.00000000		2.09003		1.99544
	9455.00000000		2.07343		2.03545
	9460.00000000		2.01816		2.14228
	9465.00000000		2.14147		2.25112
	9470.00000000		2.08689		2.24718
	9475.00000000		2.01716		2.19767
	9480.00000000		2.10326		2.16301
	9485.00000000		2.07342		2.20831
	9490.00000000		2.00925		2.30897
	9495.00000000		2.13497		2.33490
	9500.00000000		2.04849		2.29769
	9505.00000000		2.06440		2.31267
	9510.00000000		2.13970		2.34598
	9515.00000000		1.99341		2.27005
	9520.00000000		2.09020		2.17250
	9525.00000000		2.18721		2.20854
	9530.00000000		2.01891		2.35474
	9535.00000000		2.02750		2.45523
	9540.00000000		2.10841		2.40418
	9545.00000000		1.99499		2.35130
	9550.00000000		2.10318		2.40388
	9555.00000000		2.10597		2.45645
	9560.00000000		1.99806		2.41257
	9565.00000000		2.10325		2.26944
	9570.00000000		2.14638		2.11469
	9575.00000000		1.98140		2.12591
	9580.00000000		2.05859		2.25283
	9585.00000000		2.12484		2.30750
	9590.00000000		1.96994		2.23318
	9595.00000000		2.13757		2.15779
	9600.00000000		2.24319		2.10499
	9605.00000000		1.95060		2.10456
	9610.00000000		2.05039		2.17637
	9615.00000000		2.20465		2.22559
	9620.00000000		1.98411		2.22135
	9625.00000000		2.06496		2.18982
	9630.00000000		2.16330		2.18427
	9635.00000000		1.96607		2.15300
	9640.00000000		2.04335		2.11486
	9645.00000000		2.15369		2.12433
	9650.00000000		1.96020		2.26020
	9655.00000000		2.08400		2.36539
	9660.00000000		2.11026		2.34826
	9665.00000000		1.95342		2.29944
	9670.00000000		2.09623		2.29890
	9675.00000000		2.04911		2.32106
	9680.00000000		2.00819		2.34178
	9685.00000000		2.11485		2.32658
	9690.00000000		2.05199		2.25347
	9695.00000000		1.98777		2.26132
	9700.00000000		2.09446		2.35296
	9705.00000000		2.08754		2.42840
	9710.00000000		2.02262		2.45754
	9715.00000000		2.06743		2.41970
	9720.00000000		2.10399		2.32241
	9725.00000000		1.96165		2.18805
	9730.00000000		2.11470		2.15807
	9735.00000000		2.19936		2.17834
	9740.00000000		2.01603		2.18565
	9745.00000000		1.99921		2.11357
	9750.00000000		2.20911		2.03191
	9755.00000000		2.02630		1.96810
	9760.00000000		1.98925		1.80296
	9765.00000000		2.36813		1.74251
	9770.00000000		2.08208		1.76233
	9775.00000000		1.97158		1.85672
	9780.00000000		2.16193		1.88339
	9785.00000000		1.98170		1.80532
	9790.00000000		2.05983		1.73457
	9795.00000000		2.24168		1.78345
	9800.00000000		2.00963		1.86719
	9805.00000000		2.02904		1.89649
	9810.00000000		2.23213		1.85184
	9815.00000000		2.00442		1.83518
	9820.00000000		2.03522		1.93977
	9825.00000000		2.27138		2.01183
	9830.00000000		2.08494		2.00671
	9835.00000000		1.94781		1.90215
	9840.00000000		2.13420		1.88198
	9845.00000000		1.99485		1.87565
	9850.00000000		2.01606		1.86227
	9855.00000000		2.07274		1.83897
	9860.00000000		1.95262		1.77133
	9865.00000000		2.12821		1.78728
	9870.00000000		2.14375		1.81655
	9875.00000000		1.90980		1.82572
	9880.00000000		2.12973		1.82777
	9885.00000000		2.10968		1.83767
	9890.00000000		1.90551		1.90282
	9895.00000000		2.10518		1.91639
	9900.00000000		2.10010		1.86131
	9905.00000000		1.95552		1.77282
	9910.00000000		2.12549		1.76737
	9915.00000000		2.31123		1.73934
	9920.00000000		2.08394		1.64515
	9925.00000000		1.93816		1.53353
	9930.00000000		2.20095		1.60213
	9935.00000000		2.11773		1.65140
	9940.00000000		1.89613		1.60842
	9945.00000000		2.18447		1.52786
	9950.00000000		2.20272		1.47619
	9955.00000000		1.99246		1.44760
	9960.00000000		1.99136		1.43929
	9965.00000000		2.26424		1.44600
	9970.00000000		2.20969		1.44240
	9975.00000000		1.88825		1.50702
	9980.00000000		2.12224		1.57069
	9985.00000000		2.21450		1.58513
	9990.00000000		2.04329		1.56216
	9995.00000000		1.95451		1.58203
	10000.00000000		2.14725		1.60259
