	30.00000000	2.95664		0.61503  0.2  0.2		4.1705503158		-1.0
	60.00000000	2.82899		0.68434  0.2  0.2		4.1705503158		-1.0
	90.00000000	2.91791		0.86128  0.2  0.2		4.1705503158		-1.0
	120.00000000	2.911		1.13413  0.2  0.2		4.1705503158		-1.0
	150.00000000	3.03711		1.3869  0.2  0.2		4.1705503158		-1.0
	180.00000000	3.11617		1.26451  0.2  0.2		4.1705503158		-1.0
	210.00000000	2.9094		1.12823  0.2  0.2		4.1705503158		-1.0
	240.00000000	2.85047		1.04302  0.2  0.2		4.1705503158		-1.0
	270.00000000	3.15568		0.90236  0.2  0.2		4.1705503158		-1.0
	300.00000000	2.88664		0.64005  0.2  0.2		4.1705503158		-1.0
	330.00000000	2.95522		0.43765  0.2  0.2		4.1705503158		-1.0
	360.00000000	3.03653		0.23574  0.2  0.2		4.1705503158		-1.0
	390.00000000	2.98998		-0.09227  0.2  0.2		4.1705503158		-1.0
	420.00000000	2.9198		-0.502  0.2  0.2		4.1705503158		-1.0
	450.00000000	2.96021		-0.63386  0.2  0.2		4.1705503158		-1.0
	480.00000000	2.96101		-0.98219  0.2  0.2		4.1705503158		-1.0
	510.00000000	2.94463		-1.13212  0.2  0.2		4.1705503158		-1.0
	540.00000000	2.92302		-1.10275  0.2  0.2		4.1705503158		-1.0
	570.00000000	2.84991		-1.07824  0.2  0.2		4.1705503158		-1.0
	600.00000000	3.01223		-0.84088  0.2  0.2		4.1705503158		-1.0
	630.00000000	2.99902		-0.74659  0.2  0.2		4.1705503158		-1.0
	660.00000000	2.86867		-0.66983  0.2  0.2		4.1705503158		-1.0
	690.00000000	2.71975		-0.83134  0.2  0.2		4.1705503158		-1.0
	720.00000000	2.92969		-1.04431  0.2  0.2		4.1705503158		-1.0
	750.00000000	3.00761		-1.45713  0.2  0.2		4.1705503158		-1.0
	780.00000000	2.90333		-1.56369  0.2  0.2		4.1705503158		-1.0
	810.00000000	2.96156		-1.4061  0.2  0.2		4.1705503158		-1.0
	840.00000000	3.07542		-1.344  0.2  0.2		4.1705503158		-1.0
	870.00000000	2.98533		-1.18946  0.2  0.2		4.1705503158		-1.0
	900.00000000	3.01819		-0.86918  0.2  0.2		4.1705503158		-1.0
	930.00000000	2.98168		-0.22999  0.2  0.2		4.1705503158		-1.0
	960.00000000	2.9387		0.26455  0.2  0.2		4.1705503158		-1.0
	990.00000000	2.88556		0.59701  0.2  0.2		4.1705503158		-1.0
	1020.00000000	2.99676		0.90514  0.2  0.2		4.1705503158		-1.0
	1050.00000000	3.15053		0.9818  0.2  0.2		4.1705503158		-1.0
	1080.00000000	2.73334		1.23102  0.2  0.2		4.1705503158		-1.0
	1110.00000000	2.97867		1.43541  0.2  0.2		4.1705503158		-1.0
	1140.00000000	3.31154		1.09273  0.2  0.2		4.1705503158		-1.0
	1170.00000000	2.90246		0.50796  0.2  0.2		4.1705503158		-1.0
	1200.00000000	3.03047		0.06937  0.2  0.2		4.1705503158		-1.0
	1230.00000000	3.17612		-0.27721  0.2  0.2		4.1705503158		-1.0
	1260.00000000	2.88714		-0.75145  0.2  0.2		4.1705503158		-1.0
	1290.00000000	2.90863		-0.65588  0.2  0.2		4.1705503158		-1.0
	1320.00000000	3.10665		-0.28074  0.2  0.2		4.1705503158		-1.0
	1350.00000000	3.01936		-0.20235  0.2  0.2		4.1705503158		-1.0
	1380.00000000	2.74201		-0.47613  0.2  0.2		4.1705503158		-1.0
	1410.00000000	2.8505		-0.2702  0.2  0.2		4.1705503158		-1.0
	1440.00000000	3.03479		0.051  0.2  0.2		4.1705503158		-1.0
	1470.00000000	2.89849		-0.13344  0.2  0.2		4.1705503158		-1.0
	1500.00000000	2.8046		-0.45605  0.2  0.2		4.1705503158		-1.0
	1530.00000000	3.06936		-0.65216  0.2  0.2		4.1705503158		-1.0
	1560.00000000	3.15708		-0.46057  0.2  0.2		4.1705503158		-1.0
	1590.00000000	3.19892		-0.23313  0.2  0.2		4.1705503158		-1.0
	1620.00000000	2.98667		0.31028  0.2  0.2		4.1705503158		-1.0
	1650.00000000	3.1171		0.66998  0.2  0.2		4.1705503158		-1.0
	1680.00000000	2.72363		1.0884  0.2  0.2		4.1705503158		-1.0
	1710.00000000	3.03801		1.0724  0.2  0.2		4.1705503158		-1.0
	1740.00000000	3.13433		1.04693  0.2  0.2		4.1705503158		-1.0
	1770.00000000	2.75605		1.38318  0.2  0.2		4.1705503158		-1.0
	1800.00000000	2.84036		1.70471  0.2  0.2		4.1705503158		-1.0
	1830.00000000	3.07127		1.71534  0.2  0.2		4.1705503158		-1.0
	1860.00000000	3.13957		1.47315  0.2  0.2		4.1705503158		-1.0
	1890.00000000	2.85737		1.58907  0.2  0.2		4.1705503158		-1.0
	1920.00000000	2.76411		1.73533  0.2  0.2		4.1705503158		-1.0
	1950.00000000	2.78455		1.77761  0.2  0.2		4.1705503158		-1.0
	1980.00000000	3.16288		1.48346  0.2  0.2		4.1705503158		-1.0
	2010.00000000	2.78903		1.35238  0.2  0.2		4.1705503158		-1.0
	2040.00000000	2.74997		1.53186  0.2  0.2		4.1705503158		-1.0
	2070.00000000	2.93297		1.40175  0.2  0.2		4.1705503158		-1.0
	2100.00000000	2.95636		1.08791  0.2  0.2		4.1705503158		-1.0
	2130.00000000	2.96032		0.76844  0.2  0.2		4.1705503158		-1.0
	2160.00000000	2.81234		0.85677  0.2  0.2		4.1705503158		-1.0
	2190.00000000	2.81142		0.86708  0.2  0.2		4.1705503158		-1.0
	2220.00000000	2.76486		0.81835  0.2  0.2		4.1705503158		-1.0
	2250.00000000	2.76888		0.75603  0.2  0.2		4.1705503158		-1.0
	2280.00000000	3.01427		0.69918  0.2  0.2		4.1705503158		-1.0
	2310.00000000	3.11428		0.49838  0.2  0.2		4.1705503158		-1.0
	2340.00000000	2.91634		0.20687  0.2  0.2		4.1705503158		-1.0
	2370.00000000	3.16681		-0.03042  0.2  0.2		4.1705503158		-1.0
	2400.00000000	3.05129		0.27416  0.2  0.2		4.1705503158		-1.0
	2430.00000000	2.93265		0.64183  0.2  0.2		4.1705503158		-1.0
	2460.00000000	2.70195		0.99233  0.2  0.2		4.1705503158		-1.0
	2490.00000000	3.0609		1.17578  0.2  0.2		4.1705503158		-1.0
	2520.00000000	3.09339		1.06127  0.2  0.2		4.1705503158		-1.0
	2550.00000000	3.23916		0.99581  0.2  0.2		4.1705503158		-1.0
	2580.00000000	3.33671		0.75698  0.2  0.2		4.1705503158		-1.0
	2610.00000000	3.16311		0.51177  0.2  0.2		4.1705503158		-1.0
	2640.00000000	3.08126		0.12094  0.2  0.2		4.1705503158		-1.0
	2670.00000000	2.82562		0.13042  0.2  0.2		4.1705503158		-1.0
	2700.00000000	2.79434		-0.12201  0.2  0.2		4.1705503158		-1.0
	2730.00000000	2.92717		-0.52944  0.2  0.2		4.1705503158		-1.0
	2760.00000000	3.39051		-0.77385  0.2  0.2		4.1705503158		-1.0
	2790.00000000	2.99228		-1.07471  0.2  0.2		4.1705503158		-1.0
	2820.00000000	3.28769		-1.11944  0.2  0.2		4.1705503158		-1.0
	2850.00000000	2.62607		-1.14586  0.2  0.2		4.1705503158		-1.0
	2880.00000000	3.38004		-0.88188  0.2  0.2		4.1705503158		-1.0
	2910.00000000	2.98672		-0.74286  0.2  0.2		4.1705503158		-1.0
	2940.00000000	2.7786		-1.06524  0.2  0.2		4.1705503158		-1.0
	2970.00000000	2.9033		-1.53346  0.2  0.2		4.1705503158		-1.0
	3000.00000000	2.97492		-1.55038  0.2  0.2		4.1705503158		-1.0
	3030.00000000	2.80989		-1.4647  0.2  0.2		4.1705503158		-1.0
	3060.00000000	2.92196		-1.78491  0.2  0.2		4.1705503158		-1.0
	3090.00000000	2.86935		-2.06968  0.2  0.2		4.1705503158		-1.0
	3120.00000000	2.89919		-2.36115  0.2  0.2		4.1705503158		-1.0
	3150.00000000	2.96475		-2.51957  0.2  0.2		4.1705503158		-1.0
	3180.00000000	2.93708		-2.71783  0.2  0.2		4.1705503158		-1.0
	3210.00000000	2.99159		-2.80504  0.2  0.2		4.1705503158		-1.0
	3240.00000000	3.05921		2.99194  0.2  0.2		4.1705503158		-1.0
	3270.00000000	2.88185		2.76498  0.2  0.2		4.1705503158		-1.0
	3300.00000000	2.89794		2.88432  0.2  0.2		4.1705503158		-1.0
	3330.00000000	2.97636		2.82892  0.2  0.2		4.1705503158		-1.0
	3360.00000000	2.78925		3.01651  0.2  0.2		4.1705503158		-1.0
	3390.00000000	3.00663		-2.91926  0.2  0.2		4.1705503158		-1.0
	3420.00000000	2.83483		-2.80856  0.2  0.2		4.1705503158		-1.0
	3450.00000000	3.0657		-3.12678  0.2  0.2		4.1705503158		-1.0
	3480.00000000	2.95179		3.08949  0.2  0.2		4.1705503158		-1.0
	3510.00000000	2.75723		2.89383  0.2  0.2		4.1705503158		-1.0
	3540.00000000	3.04256		2.91429  0.2  0.2		4.1705503158		-1.0
	3570.00000000	3.07825		2.79821  0.2  0.2		4.1705503158		-1.0
	3600.00000000	2.84279		2.76117  0.2  0.2		4.1705503158		-1.0
	3630.00000000	3.09973		2.78439  0.2  0.2		4.1705503158		-1.0
	3660.00000000	3.14499		2.80055  0.2  0.2		4.1705503158		-1.0
	3690.00000000	2.77459		2.80302  0.2  0.2		4.1705503158		-1.0
	3720.00000000	3.23771		2.69044  0.2  0.2		4.1705503158		-1.0
	3750.00000000	2.96667		2.7005  0.2  0.2		4.1705503158		-1.0
	3780.00000000	2.77972		2.39078  0.2  0.2		4.1705503158		-1.0
	3810.00000000	2.69087		2.36336  0.2  0.2		4.1705503158		-1.0
	3840.00000000	2.84042		2.56537  0.2  0.2		4.1705503158		-1.0
	3870.00000000	3.17392		2.54524  0.2  0.2		4.1705503158		-1.0
	3900.00000000	3.03925		2.50066  0.2  0.2		4.1705503158		-1.0
	3930.00000000	2.93484		2.25973  0.2  0.2		4.1705503158		-1.0
	3960.00000000	2.78626		2.3263  0.2  0.2		4.1705503158		-1.0
	3990.00000000	2.96952		2.14841  0.2  0.2		4.1705503158		-1.0
	4020.00000000	3.01798		2.08285  0.2  0.2		4.1705503158		-1.0
	4050.00000000	2.98135		2.1856  0.2  0.2		4.1705503158		-1.0
	4080.00000000	2.8309		2.37231  0.2  0.2		4.1705503158		-1.0
	4110.00000000	3.36209		2.68098  0.2  0.2		4.1705503158		-1.0
	4140.00000000	2.91385		3.1089  0.2  0.2		4.1705503158		-1.0
	4170.00000000	3.01589		-2.94542  0.2  0.2		4.1705503158		-1.0
	4200.00000000	3.03134		-2.88727  0.2  0.2		4.1705503158		-1.0
	4230.00000000	3.07056		-2.52631  0.2  0.2		4.1705503158		-1.0
	4260.00000000	2.86772		-2.37003  0.2  0.2		4.1705503158		-1.0
	4290.00000000	2.81004		-2.51206  0.2  0.2		4.1705503158		-1.0
	4320.00000000	2.78972		-2.73726  0.2  0.2		4.1705503158		-1.0
	4350.00000000	2.84189		-2.74695  0.2  0.2		4.1705503158		-1.0
	4380.00000000	2.80472		-2.81526  0.2  0.2		4.1705503158		-1.0
	4410.00000000	2.7597		-2.93793  0.2  0.2		4.1705503158		-1.0
	4440.00000000	2.83453		-3.06366  0.2  0.2		4.1705503158		-1.0
	4470.00000000	2.92324		-3.01874  0.2  0.2		4.1705503158		-1.0
	4500.00000000	2.73088		-3.11271  0.2  0.2		4.1705503158		-1.0
	4530.00000000	2.72325		-3.00153  0.2  0.2		4.1705503158		-1.0
	4560.00000000	2.96119		-2.91297  0.2  0.2		4.1705503158		-1.0
	4590.00000000	3.17958		-2.83115  0.2  0.2		4.1705503158		-1.0
	4620.00000000	3.04964		-2.4866  0.2  0.2		4.1705503158		-1.0
	4650.00000000	3.10554		-2.06713  0.2  0.2		4.1705503158		-1.0
	4680.00000000	2.79716		-1.67048  0.2  0.2		4.1705503158		-1.0
	4710.00000000	2.89484		-1.80604  0.2  0.2		4.1705503158		-1.0
	4740.00000000	3.08759		-1.82985  0.2  0.2		4.1705503158		-1.0
	4770.00000000	2.7397		-1.86808  0.2  0.2		4.1705503158		-1.0
	4800.00000000	2.83609		-1.87636  0.2  0.2		4.1705503158		-1.0
	4830.00000000	3.06403		-2.1438  0.2  0.2		4.1705503158		-1.0
	4860.00000000	2.88105		-2.42784  0.2  0.2		4.1705503158		-1.0
	4890.00000000	2.84928		-2.27962  0.2  0.2		4.1705503158		-1.0
	4920.00000000	2.90912		-1.96738  0.2  0.2		4.1705503158		-1.0
	4950.00000000	2.83231		-1.96089  0.2  0.2		4.1705503158		-1.0
	4980.00000000	2.82161		-1.91265  0.2  0.2		4.1705503158		-1.0
	5010.00000000	3.34967		-1.89894  0.2  0.2		4.1705503158		-1.0
	5040.00000000	2.69199		-1.82788  0.2  0.2		4.1705503158		-1.0
	5070.00000000	3.18152		-1.72543  0.2  0.2		4.1705503158		-1.0
	5100.00000000	3.11893		-1.38209  0.2  0.2		4.1705503158		-1.0
	5130.00000000	3.04004		-1.17095  0.2  0.2		4.1705503158		-1.0
	5160.00000000	3.26222		-1.03458  0.2  0.2		4.1705503158		-1.0
	5190.00000000	3.24439		-1.298  0.2  0.2		4.1705503158		-1.0
	5220.00000000	3.04077		-1.3948  0.2  0.2		4.1705503158		-1.0
	5250.00000000	2.80098		-1.3398  0.2  0.2		4.1705503158		-1.0
	5280.00000000	2.73441		-1.33226  0.2  0.2		4.1705503158		-1.0
	5310.00000000	2.81641		-1.05287  0.2  0.2		4.1705503158		-1.0
	5340.00000000	2.86514		-0.79848  0.2  0.2		4.1705503158		-1.0
	5370.00000000	2.8494		-0.87653  0.2  0.2		4.1705503158		-1.0
	5400.00000000	3.3619		-0.70044  0.2  0.2		4.1705503158		-1.0
	5430.00000000	2.7591		-0.72449  0.2  0.2		4.1705503158		-1.0
	5460.00000000	3.35425		-0.64809  0.2  0.2		4.1705503158		-1.0
	5490.00000000	3.03063		-0.3549  0.2  0.2		4.1705503158		-1.0
	5520.00000000	3.03883		-0.32527  0.2  0.2		4.1705503158		-1.0
	5550.00000000	3.23587		-0.40054  0.2  0.2		4.1705503158		-1.0
	5580.00000000	3.24532		-0.77569  0.2  0.2		4.1705503158		-1.0
	5610.00000000	3.14454		-0.64553  0.2  0.2		4.1705503158		-1.0
	5640.00000000	3.45813		-0.48481  0.2  0.2		4.1705503158		-1.0
	5670.00000000	3.06316		-0.63291  0.2  0.2		4.1705503158		-1.0
	5700.00000000	2.99534		-0.66874  0.2  0.2		4.1705503158		-1.0
	5730.00000000	3.64731		-0.58333  0.2  0.2		4.1705503158		-1.0
	5760.00000000	2.76564		-0.43159  0.2  0.2		4.1705503158		-1.0
	5790.00000000	3.47604		-0.25212  0.2  0.2		4.1705503158		-1.0
	5820.00000000	3.05151		-0.22382  0.2  0.2		4.1705503158		-1.0
	5850.00000000	3.10878		-0.07671  0.2  0.2		4.1705503158		-1.0
	5880.00000000	3.24684		0.03382  0.2  0.2		4.1705503158		-1.0
	5910.00000000	3.02678		0.06777  0.2  0.2		4.1705503158		-1.0
	5940.00000000	2.92008		0.08406  0.2  0.2		4.1705503158		-1.0
	5970.00000000	2.83054		0.3249  0.2  0.2		4.1705503158		-1.0
	6000.00000000	2.85849		0.35964  0.2  0.2		4.1705503158		-1.0
	6030.00000000	2.91353		0.60741  0.2  0.2		4.1705503158		-1.0
	6060.00000000	2.97449		0.45253  0.2  0.2		4.1705503158		-1.0
	6090.00000000	3.41519		0.37001  0.2  0.2		4.1705503158		-1.0
	6120.00000000	3.33106		0.28394  0.2  0.2		4.1705503158		-1.0
	6150.00000000	3.01507		0.35752  0.2  0.2		4.1705503158		-1.0
	6180.00000000	2.82329		0.44723  0.2  0.2		4.1705503158		-1.0
	6210.00000000	2.69398		0.50447  0.2  0.2		4.1705503158		-1.0
	6240.00000000	2.63484		0.44819  0.2  0.2		4.1705503158		-1.0
	6270.00000000	2.76042		0.28664  0.2  0.2		4.1705503158		-1.0
	6300.00000000	2.67198		0.08664  0.2  0.2		4.1705503158		-1.0
	6330.00000000	2.69039		0.03468  0.2  0.2		4.1705503158		-1.0
	6360.00000000	2.82534		-0.08755  0.2  0.2		4.1705503158		-1.0
	6390.00000000	3.23406		-0.19897  0.2  0.2		4.1705503158		-1.0
	6420.00000000	3.41289		-0.43518  0.2  0.2		4.1705503158		-1.0
	6450.00000000	3.24978		-0.78788  0.2  0.2		4.1705503158		-1.0
	6480.00000000	3.28085		-1.13343  0.2  0.2		4.1705503158		-1.0
	6510.00000000	3.24945		-1.20741  0.2  0.2		4.1705503158		-1.0
	6540.00000000	3.31717		-1.0013  0.2  0.2		4.1705503158		-1.0
	6570.00000000	3.51725		-1.06867  0.2  0.2		4.1705503158		-1.0
	6600.00000000	2.9579		-0.98402  0.2  0.2		4.1705503158		-1.0
	6630.00000000	2.88874		-0.51381  0.2  0.2		4.1705503158		-1.0
	6660.00000000	2.83065		-0.17763  0.2  0.2		4.1705503158		-1.0
	6690.00000000	2.81067		-0.09297  0.2  0.2		4.1705503158		-1.0
	6720.00000000	2.73014		0.00254  0.2  0.2		4.1705503158		-1.0
	6750.00000000	2.70903		-0.01505  0.2  0.2		4.1705503158		-1.0
	6780.00000000	2.76595		-0.2764  0.2  0.2		4.1705503158		-1.0
	6810.00000000	2.73896		-0.48323  0.2  0.2		4.1705503158		-1.0
	6840.00000000	2.7044		-0.6352  0.2  0.2		4.1705503158		-1.0
	6870.00000000	2.73883		-0.56918  0.2  0.2		4.1705503158		-1.0
	6900.00000000	2.77366		-0.43289  0.2  0.2		4.1705503158		-1.0
	6930.00000000	2.83735		-0.43711  0.2  0.2		4.1705503158		-1.0
	6960.00000000	2.72784		-0.20132  0.2  0.2		4.1705503158		-1.0
	6990.00000000	2.82259		0.03677  0.2  0.2		4.1705503158		-1.0
	7020.00000000	3.48072		0.28908  0.2  0.2		4.1705503158		-1.0
	7050.00000000	3.07518		0.91099  0.2  0.2		4.1705503158		-1.0
	7080.00000000	2.87328		1.33595  0.2  0.2		4.1705503158		-1.0
	7110.00000000	3.23067		1.36189  0.2  0.2		4.1705503158		-1.0
	7140.00000000	2.82512		1.30841  0.2  0.2		4.1705503158		-1.0
	7170.00000000	2.70594		1.58908  0.2  0.2		4.1705503158		-1.0
	7200.00000000	3.19538		1.72129  0.2  0.2		4.1705503158		-1.0
	7230.00000000	2.95286		1.9419  0.2  0.2		4.1705503158		-1.0
	7260.00000000	2.85658		1.87212  0.2  0.2		4.1705503158		-1.0
	7290.00000000	3.23248		1.70141  0.2  0.2		4.1705503158		-1.0
	7320.00000000	2.90586		1.68299  0.2  0.2		4.1705503158		-1.0
	7350.00000000	2.99946		1.7539  0.2  0.2		4.1705503158		-1.0
	7380.00000000	2.84345		1.6822  0.2  0.2		4.1705503158		-1.0
	7410.00000000	2.77249		1.49102  0.2  0.2		4.1705503158		-1.0
	7440.00000000	3.50255		1.39295  0.2  0.2		4.1705503158		-1.0
	7470.00000000	2.77805		1.35643  0.2  0.2		4.1705503158		-1.0
	7500.00000000	2.8083		1.30509  0.2  0.2		4.1705503158		-1.0
	7530.00000000	2.7309		1.10862  0.2  0.2		4.1705503158		-1.0
	7560.00000000	2.71738		0.76724  0.2  0.2		4.1705503158		-1.0
	7590.00000000	2.78382		0.86636  0.2  0.2		4.1705503158		-1.0
	7620.00000000	3.12294		1.07533  0.2  0.2		4.1705503158		-1.0
	7650.00000000	3.20757		1.0869  0.2  0.2		4.1705503158		-1.0
	7680.00000000	2.56531		1.26066  0.2  0.2		4.1705503158		-1.0
	7710.00000000	3.3673		1.3062  0.2  0.2		4.1705503158		-1.0
	7740.00000000	3.14076		1.12476  0.2  0.2		4.1705503158		-1.0
	7770.00000000	3.24735		0.71962  0.2  0.2		4.1705503158		-1.0
	7800.00000000	3.27721		0.20383  0.2  0.2		4.1705503158		-1.0
	7830.00000000	3.39535		-0.07553  0.2  0.2		4.1705503158		-1.0
	7860.00000000	3.17776		0.14032  0.2  0.2		4.1705503158		-1.0
	7890.00000000	3.3087		0.2398  0.2  0.2		4.1705503158		-1.0
	7920.00000000	3.37627		0.33044  0.2  0.2		4.1705503158		-1.0
	7950.00000000	3.09568		0.71219  0.2  0.2		4.1705503158		-1.0
	7980.00000000	3.2988		0.85565  0.2  0.2		4.1705503158		-1.0
	8010.00000000	2.59529		0.85164  0.2  0.2		4.1705503158		-1.0
	8040.00000000	2.59937		0.92309  0.2  0.2		4.1705503158		-1.0
	8070.00000000	2.66513		1.00734  0.2  0.2		4.1705503158		-1.0
	8100.00000000	3.45714		1.09437  0.2  0.2		4.1705503158		-1.0
	8130.00000000	3.30284		0.78079  0.2  0.2		4.1705503158		-1.0
	8160.00000000	3.39902		0.53493  0.2  0.2		4.1705503158		-1.0
	8190.00000000	3.16761		0.52461  0.2  0.2		4.1705503158		-1.0
	8220.00000000	3.44381		0.67775  0.2  0.2		4.1705503158		-1.0
	8250.00000000	3.08439		0.67308  0.2  0.2		4.1705503158		-1.0
	8280.00000000	3.3254		0.30992  0.2  0.2		4.1705503158		-1.0
	8310.00000000	3.31698		0.00517  0.2  0.2		4.1705503158		-1.0
	8340.00000000	3.29308		0.03138  0.2  0.2		4.1705503158		-1.0
	8370.00000000	3.56175		-0.10997  0.2  0.2		4.1705503158		-1.0
	8400.00000000	3.0172		-0.12645  0.2  0.2		4.1705503158		-1.0
	8430.00000000	2.73976		0.20439  0.2  0.2		4.1705503158		-1.0
	8460.00000000	2.71371		0.5502  0.2  0.2		4.1705503158		-1.0
	8490.00000000	2.73252		0.78392  0.2  0.2		4.1705503158		-1.0
	8520.00000000	2.6102		0.79547  0.2  0.2		4.1705503158		-1.0
	8550.00000000	3.04679		0.67595  0.2  0.2		4.1705503158		-1.0
	8580.00000000	3.54112		0.58834  0.2  0.2		4.1705503158		-1.0
	8610.00000000	3.08458		0.32776  0.2  0.2		4.1705503158		-1.0
	8640.00000000	2.76013		0.17684  0.2  0.2		4.1705503158		-1.0
	8670.00000000	3.38667		0.58143  0.2  0.2		4.1705503158		-1.0
	8700.00000000	3.48298		0.8927  0.2  0.2		4.1705503158		-1.0
	8505.00000000	2.69208		0.8693  0.2  0.2		4.1705503158		-1.0
	8535.00000000	2.85469		0.72774  0.2  0.2		4.1705503158		-1.0
	8565.00000000	3.42303		0.52107  0.2  0.2		4.1705503158		-1.0
	8595.00000000	3.39427		0.49523  0.2  0.2		4.1705503158		-1.0
	8625.00000000	2.84462		0.2793  0.2  0.2		4.1705503158		-1.0
	8655.00000000	3.13191		0.3047  0.2  0.2		4.1705503158		-1.0
	8685.00000000	3.49357		0.87023  0.2  0.2		4.1705503158		-1.0
	8715.00000000	3.51622		0.92734  0.2  0.2		4.1705503158		-1.0
	8745.00000000	3.29565		1.26112  0.2  0.2		4.1705503158		-1.0
	8775.00000000	3.11431		1.54021  0.2  0.2		4.1705503158		-1.0
	8805.00000000	3.11884		1.61427  0.2  0.2		4.1705503158		-1.0
	8835.00000000	2.92276		1.44321  0.2  0.2		4.1705503158		-1.0
	8865.00000000	3.29528		1.14783  0.2  0.2		4.1705503158		-1.0
	8895.00000000	3.49555		0.85745  0.2  0.2		4.1705503158		-1.0
	8925.00000000	3.79141		0.66024  0.2  0.2		4.1705503158		-1.0
	8955.00000000	3.17822		0.42771  0.2  0.2		4.1705503158		-1.0
	8985.00000000	3.49516		0.25511  0.2  0.2		4.1705503158		-1.0
	9015.00000000	3.54176		0.24046  0.2  0.2		4.1705503158		-1.0
	9045.00000000	3.56374		-0.0525  0.2  0.2		4.1705503158		-1.0
	9075.00000000	3.13318		-0.54361  0.2  0.2		4.1705503158		-1.0
	9105.00000000	3.42498		-0.53685  0.2  0.2		4.1705503158		-1.0
	9135.00000000	3.34322		-0.36582  0.2  0.2		4.1705503158		-1.0
	9165.00000000	3.67798		-0.22995  0.2  0.2		4.1705503158		-1.0
	9195.00000000	3.48947		-0.22875  0.2  0.2		4.1705503158		-1.0
	9225.00000000	3.17678		-0.6333  0.2  0.2		4.1705503158		-1.0
	9255.00000000	3.25873		-0.93448  0.2  0.2		4.1705503158		-1.0
	9285.00000000	2.59301		-1.25717  0.2  0.2		4.1705503158		-1.0
	9315.00000000	2.73345		-1.2314  0.2  0.2		4.1705503158		-1.0
	9345.00000000	2.68094		-1.30142  0.2  0.2		4.1705503158		-1.0
	9375.00000000	2.6079		-1.24617  0.2  0.2		4.1705503158		-1.0
	9405.00000000	2.94226		-0.99632  0.2  0.2		4.1705503158		-1.0
	9435.00000000	3.02999		-0.9727  0.2  0.2		4.1705503158		-1.0
	9465.00000000	3.46228		-1.17707  0.2  0.2		4.1705503158		-1.0
	9495.00000000	2.59196		-1.0882  0.2  0.2		4.1705503158		-1.0
	9525.00000000	2.59727		-1.02849  0.2  0.2		4.1705503158		-1.0
	9555.00000000	2.74923		-1.27244  0.2  0.2		4.1705503158		-1.0
	9585.00000000	2.95281		-1.7738  0.2  0.2		4.1705503158		-1.0
	9615.00000000	2.87274		-1.94884  0.2  0.2		4.1705503158		-1.0
	9645.00000000	3.23048		-2.20917  0.2  0.2		4.1705503158		-1.0
	9675.00000000	2.70014		-2.18911  0.2  0.2		4.1705503158		-1.0
	9705.00000000	2.98268		-2.19049  0.2  0.2		4.1705503158		-1.0
	9735.00000000	2.88661		-2.24093  0.2  0.2		4.1705503158		-1.0
	9765.00000000	3.33351		-2.35328  0.2  0.2		4.1705503158		-1.0
	9795.00000000	2.7184		-2.49501  0.2  0.2		4.1705503158		-1.0
	9825.00000000	2.74153		-2.41654  0.2  0.2		4.1705503158		-1.0
	9855.00000000	3.19537		-2.21487  0.2  0.2		4.1705503158		-1.0
	9885.00000000	3.042		-2.07741  0.2  0.2		4.1705503158		-1.0
	9915.00000000	2.89726		-1.81218  0.2  0.2		4.1705503158		-1.0
	9945.00000000	2.78091		-1.58644  0.2  0.2		4.1705503158		-1.0
	9975.00000000	2.80256		-1.36997  0.2  0.2		4.1705503158		-1.0
	10005.00000000	3.0077		-1.63885  0.2  0.2		4.1705503158		-1.0
	10035.00000000	2.96502		-1.60396  0.2  0.2		4.1705503158		-1.0
	10065.00000000	3.24014		-1.63625  0.2  0.2		4.1705503158		-1.0
	10095.00000000	2.69789		-1.92569  0.2  0.2		4.1705503158		-1.0
	10125.00000000	3.25089		-2.2876  0.2  0.2		4.1705503158		-1.0
	10155.00000000	3.20854		-2.56795  0.2  0.2		4.1705503158		-1.0
	10185.00000000	3.19957		3.11069  0.2  0.2		4.1705503158		-1.0
	10215.00000000	3.31529		-3.11574  0.2  0.2		4.1705503158		-1.0
	10245.00000000	2.97239		-2.87323  0.2  0.2		4.1705503158		-1.0
	10275.00000000	2.62131		-2.59894  0.2  0.2		4.1705503158		-1.0
	10305.00000000	2.6806		-2.37922  0.2  0.2		4.1705503158		-1.0
	10335.00000000	3.30125		-2.42669  0.2  0.2		4.1705503158		-1.0
	10365.00000000	3.26934		-2.85402  0.2  0.2		4.1705503158		-1.0
	10395.00000000	3.18969		3.14057  0.2  0.2		4.1705503158		-1.0
	10425.00000000	2.68271		-3.09197  0.2  0.2		4.1705503158		-1.0
	10455.00000000	2.64081		2.96142  0.2  0.2		4.1705503158		-1.0
	10485.00000000	2.67287		2.86849  0.2  0.2		4.1705503158		-1.0
	10515.00000000	2.66557		3.06245  0.2  0.2		4.1705503158		-1.0
	10545.00000000	2.85836		-3.01366  0.2  0.2		4.1705503158		-1.0
	10575.00000000	2.71655		-2.7258  0.2  0.2		4.1705503158		-1.0
	10605.00000000	2.61385		-2.65526  0.2  0.2		4.1705503158		-1.0
	10635.00000000	2.61637		-2.60977  0.2  0.2		4.1705503158		-1.0
	10665.00000000	2.86814		-2.59454  0.2  0.2		4.1705503158		-1.0
	10695.00000000	3.42054		-2.63795  0.2  0.2		4.1705503158		-1.0
	10725.00000000	3.42048		-2.6524  0.2  0.2		4.1705503158		-1.0
	10755.00000000	3.3516		-2.60353  0.2  0.2		4.1705503158		-1.0
	10785.00000000	3.16426		-2.40923  0.2  0.2		4.1705503158		-1.0
	10815.00000000	3.0163		-2.14593  0.2  0.2		4.1705503158		-1.0
	10845.00000001	2.72627		-2.16671  0.2  0.2		4.1705503158		-1.0
	10875.00000001	2.68083		-2.30401  0.2  0.2		4.1705503158		-1.0
	10905.00000001	2.73609		-2.55378  0.2  0.2		4.1705503158		-1.0
	10935.00000001	2.72442		-2.54242  0.2  0.2		4.1705503158		-1.0
	10965.00000001	2.71816		-2.59741  0.2  0.2		4.1705503158		-1.0
	10995.00000001	2.87784		-2.31818  0.2  0.2		4.1705503158		-1.0
	11025.00000001	3.48381		-2.14848  0.2  0.2		4.1705503158		-1.0
	11055.00000001	2.67731		-1.87298  0.2  0.2		4.1705503158		-1.0
	11085.00000001	3.4721		-2.45746  0.2  0.2		4.1705503158		-1.0
	11115.00000001	2.58204		-2.60427  0.2  0.2		4.1705503158		-1.0
	11145.00000001	2.58529		-2.7821  0.2  0.2		4.1705503158		-1.0
	11175.00000001	2.75016		-2.987  0.2  0.2		4.1705503158		-1.0
	11205.00000001	2.66739		2.90827  0.2  0.2		4.1705503158		-1.0
	11235.00000001	2.88536		2.64369  0.2  0.2		4.1705503158		-1.0
	11265.00000001	3.2874		2.54355  0.2  0.2		4.1705503158		-1.0
	11295.00000001	2.63465		2.61595  0.2  0.2		4.1705503158		-1.0
	11325.00000001	3.4937		2.62679  0.2  0.2		4.1705503158		-1.0
	11355.00000001	3.12605		2.57361  0.2  0.2		4.1705503158		-1.0
	11385.00000001	3.11201		2.23781  0.2  0.2		4.1705503158		-1.0
	11415.00000001	2.98987		2.33019  0.2  0.2		4.1705503158		-1.0
	11445.00000001	3.16734		2.12778  0.2  0.2		4.1705503158		-1.0
	11475.00000001	2.74709		2.20614  0.2  0.2		4.1705503158		-1.0
	11505.00000001	3.37553		2.15642  0.2  0.2		4.1705503158		-1.0
	11535.00000001	2.77192		2.01589  0.2  0.2		4.1705503158		-1.0
	11565.00000001	3.16513		1.86653  0.2  0.2		4.1705503158		-1.0
	11595.00000001	2.96246		2.05  0.2  0.2		4.1705503158		-1.0
	11625.00000001	3.14974		2.29626  0.2  0.2		4.1705503158		-1.0
	11655.00000001	3.0973		2.19725  0.2  0.2		4.1705503158		-1.0
	11685.00000001	3.0854		2.18698  0.2  0.2		4.1705503158		-1.0
	11715.00000001	3.16269		2.35552  0.2  0.2		4.1705503158		-1.0
	11745.00000001	3.08872		2.39876  0.2  0.2		4.1705503158		-1.0
	11775.00000001	3.19173		2.21825  0.2  0.2		4.1705503158		-1.0
	11805.00000001	3.18559		2.04571  0.2  0.2		4.1705503158		-1.0
	11835.00000001	3.10086		2.00137  0.2  0.2		4.1705503158		-1.0
	11865.00000001	3.3107		2.21939  0.2  0.2		4.1705503158		-1.0
	11895.00000001	2.89736		2.33374  0.2  0.2		4.1705503158		-1.0
	11925.00000001	3.5266		2.01248  0.2  0.2		4.1705503158		-1.0
	11955.00000001	2.65886		1.86322  0.2  0.2		4.1705503158		-1.0
	11985.00000001	3.29123		1.97002  0.2  0.2		4.1705503158		-1.0
	12015.00000001	2.79202		1.96221  0.2  0.2		4.1705503158		-1.0
	12045.00000001	2.97126		1.84308  0.2  0.2		4.1705503158		-1.0
	12075.00000001	3.3513		1.76496  0.2  0.2		4.1705503158		-1.0
	12105.00000001	3.07271		1.6702  0.2  0.2		4.1705503158		-1.0
	12135.00000001	3.28767		1.7507  0.2  0.2		4.1705503158		-1.0
	12165.00000001	3.32728		1.84374  0.2  0.2		4.1705503158		-1.0
	12195.00000001	3.21308		1.70739  0.2  0.2		4.1705503158		-1.0
	12225.00000001	3.29088		1.56777  0.2  0.2		4.1705503158		-1.0
	12255.00000001	2.77168		1.1726  0.2  0.2		4.1705503158		-1.0
	12285.00000001	2.8923		1.15336  0.2  0.2		4.1705503158		-1.0
	12315.00000001	2.62448		1.45467  0.2  0.2		4.1705503158		-1.0
	12345.00000001	2.77294		1.76594  0.2  0.2		4.1705503158		-1.0
	12375.00000001	2.87741		1.76661  0.2  0.2		4.1705503158		-1.0
	12405.00000001	2.81933		1.31049  0.2  0.2		4.1705503158		-1.0
	12435.00000001	2.91517		0.78429  0.2  0.2		4.1705503158		-1.0
	12465.00000001	2.85702		1.03063  0.2  0.2		4.1705503158		-1.0
	12495.00000001	2.67487		1.43141  0.2  0.2		4.1705503158		-1.0
	12525.00000001	2.73166		1.63131  0.2  0.2		4.1705503158		-1.0
	12555.00000001	2.78289		1.71261  0.2  0.2		4.1705503158		-1.0
	12585.00000001	3.029		2.06437  0.2  0.2		4.1705503158		-1.0
	12615.00000001	3.22366		1.96206  0.2  0.2		4.1705503158		-1.0
	12645.00000001	3.74552		1.61835  0.2  0.2		4.1705503158		-1.0
	12675.00000001	3.27154		1.75867  0.2  0.2		4.1705503158		-1.0
	12705.00000001	3.72043		1.81436  0.2  0.2		4.1705503158		-1.0
	12735.00000001	3.26838		1.64071  0.2  0.2		4.1705503158		-1.0
	12765.00000001	3.33905		1.5812  0.2  0.2		4.1705503158		-1.0
	12795.00000001	3.87705		1.64159  0.2  0.2		4.1705503158		-1.0
	12825.00000001	2.99657		1.55346  0.2  0.2		4.1705503158		-1.0
	12855.00000001	3.27267		1.57012  0.2  0.2		4.1705503158		-1.0
	12885.00000001	3.64853		1.42614  0.2  0.2		4.1705503158		-1.0
	12915.00000001	3.27326		1.43203  0.2  0.2		4.1705503158		-1.0
	12945.00000001	3.73287		1.64372  0.2  0.2		4.1705503158		-1.0
	12975.00000001	3.35847		1.35326  0.2  0.2		4.1705503158		-1.0
	13005.00000001	3.51167		1.36444  0.2  0.2		4.1705503158		-1.0
	13035.00000001	3.54972		1.28661  0.2  0.2		4.1705503158		-1.0
	13065.00000001	3.33451		1.16432  0.2  0.2		4.1705503158		-1.0
	13095.00000001	2.96251		1.36881  0.2  0.2		4.1705503158		-1.0
	13125.00000001	3.27331		1.30655  0.2  0.2		4.1705503158		-1.0
	13155.00000001	3.97255		1.33835  0.2  0.2		4.1705503158		-1.0
	13185.00000001	3.23334		1.36754  0.2  0.2		4.1705503158		-1.0
	13215.00000001	3.59479		1.01926  0.2  0.2		4.1705503158		-1.0
	13245.00000001	3.34057		1.17455  0.2  0.2		4.1705503158		-1.0
	13275.00000001	3.59039		1.06685  0.2  0.2		4.1705503158		-1.0
	13305.00000001	3.79592		1.23738  0.2  0.2		4.1705503158		-1.0
	13335.00000001	2.75		1.05048  0.2  0.2		4.1705503158		-1.0
	13365.00000001	3.08787		0.78834  0.2  0.2		4.1705503158		-1.0
	13395.00000001	3.94155		1.09971  0.2  0.2		4.1705503158		-1.0
	13425.00000001	4.14926		1.36591  0.2  0.2		4.1705503158		-1.0
	13455.00000001	3.83761		1.24758  0.2  0.2		4.1705503158		-1.0
	13485.00000001	2.59982		1.39869  0.2  0.2		4.1705503158		-1.0
	13515.00000001	3.56989		1.93363  0.2  0.2		4.1705503158		-1.0
	13545.00000001	3.61329		1.97923  0.2  0.2		4.1705503158		-1.0
	13575.00000001	3.05554		2.03568  0.2  0.2		4.1705503158		-1.0
	13605.00000001	2.69814		2.06041  0.2  0.2		4.1705503158		-1.0
	13635.00000001	2.73951		1.88306  0.2  0.2		4.1705503158		-1.0
	13665.00000001	2.95717		2.15663  0.2  0.2		4.1705503158		-1.0
	13695.00000001	3.23992		2.35096  0.2  0.2		4.1705503158		-1.0
	13725.00000001	2.78497		2.2711  0.2  0.2		4.1705503158		-1.0
	13755.00000001	3.54511		2.29971  0.2  0.2		4.1705503158		-1.0
	13785.00000001	3.02763		2.4496  0.2  0.2		4.1705503158		-1.0
	13815.00000001	3.01389		2.6141  0.2  0.2		4.1705503158		-1.0
	13845.00000001	3.54494		2.5807  0.2  0.2		4.1705503158		-1.0
	13875.00000001	2.983		2.46419  0.2  0.2		4.1705503158		-1.0
	13905.00000001	3.08329		2.46638  0.2  0.2		4.1705503158		-1.0
	13935.00000001	2.96043		2.48117  0.2  0.2		4.1705503158		-1.0
	13965.00000001	2.90879		2.50542  0.2  0.2		4.1705503158		-1.0
	13995.00000001	2.84981		2.50863  0.2  0.2		4.1705503158		-1.0
	14025.00000001	2.76521		2.7955  0.2  0.2		4.1705503158		-1.0
	14055.00000001	2.71368		3.12575  0.2  0.2		4.1705503158		-1.0
	14085.00000001	2.74517		2.77804  0.2  0.2		4.1705503158		-1.0
	14115.00000001	2.84128		2.74311  0.2  0.2		4.1705503158		-1.0
	14145.00000001	3.16235		2.71754  0.2  0.2		4.1705503158		-1.0
	14175.00000001	2.72252		2.47177  0.2  0.2		4.1705503158		-1.0
	14205.00000001	3.21184		2.32765  0.2  0.2		4.1705503158		-1.0
	14235.00000000	3.1229		1.96439  0.2  0.2		4.1705503158		-1.0
	14265.00000000	2.58589		1.95943  0.2  0.2		4.1705503158		-1.0
	14295.00000000	3.50213		1.9251  0.2  0.2		4.1705503158		-1.0
	14325.00000000	3.48599		1.89038  0.2  0.2		4.1705503158		-1.0
	14355.00000000	3.10764		2.27623  0.2  0.2		4.1705503158		-1.0
	14385.00000000	2.9908		2.46118  0.2  0.2		4.1705503158		-1.0
	14415.00000000	3.01219		2.36574  0.2  0.2		4.1705503158		-1.0
	14445.00000000	3.39142		2.27751  0.2  0.2		4.1705503158		-1.0
	14475.00000000	3.15469		2.35273  0.2  0.2		4.1705503158		-1.0
	14505.00000000	3.17171		2.45463  0.2  0.2		4.1705503158		-1.0
	14535.00000000	3.2586		2.77823  0.2  0.2		4.1705503158		-1.0
	14565.00000000	3.26159		2.97082  0.2  0.2		4.1705503158		-1.0
	14595.00000000	3.43594		-3.00314  0.2  0.2		4.1705503158		-1.0
	14625.00000000	3.26693		3.12389  0.2  0.2		4.1705503158		-1.0
	14655.00000000	3.35802		2.95364  0.2  0.2		4.1705503158		-1.0
	14685.00000000	3.28263		2.997  0.2  0.2		4.1705503158		-1.0
	14715.00000000	3.20517		-3.11009  0.2  0.2		4.1705503158		-1.0
	14745.00000000	2.99664		-3.04811  0.2  0.2		4.1705503158		-1.0
	14775.00000000	3.48648		3.04828  0.2  0.2		4.1705503158		-1.0
	14805.00000000	2.73688		2.89557  0.2  0.2		4.1705503158		-1.0
	14835.00000000	3.30499		2.97205  0.2  0.2		4.1705503158		-1.0
	14865.00000000	3.22429		3.10072  0.2  0.2		4.1705503158		-1.0
	14895.00000000	2.60381		3.08996  0.2  0.2		4.1705503158		-1.0
	14925.00000000	2.63293		3.09397  0.2  0.2		4.1705503158		-1.0
	14955.00000000	2.66728		2.86269  0.2  0.2		4.1705503158		-1.0
	14985.00000000	2.91589		2.71753  0.2  0.2		4.1705503158		-1.0
	15015.00000000	3.0501		2.72592  0.2  0.2		4.1705503158		-1.0
	15045.00000000	3.52857		2.77087  0.2  0.2		4.1705503158		-1.0
	15075.00000000	2.97935		2.97558  0.2  0.2		4.1705503158		-1.0
	15105.00000000	2.81798		3.12974  0.2  0.2		4.1705503158		-1.0
	15135.00000000	2.92395		-3.13374  0.2  0.2		4.1705503158		-1.0
	15165.00000000	3.21933		-2.99437  0.2  0.2		4.1705503158		-1.0
	15195.00000000	3.46328		-2.88475  0.2  0.2		4.1705503158		-1.0
	15225.00000000	3.41775		-2.74741  0.2  0.2		4.1705503158		-1.0
	15255.00000000	3.38195		-2.98033  0.2  0.2		4.1705503158		-1.0
	15285.00000000	3.40562		3.12026  0.2  0.2		4.1705503158		-1.0
	15315.00000000	3.16119		-3.12628  0.2  0.2		4.1705503158		-1.0
	15345.00000000	3.51002		-2.97681  0.2  0.2		4.1705503158		-1.0
	15375.00000000	3.08373		-3.07241  0.2  0.2		4.1705503158		-1.0
	15405.00000000	2.54909		-3.05754  0.2  0.2		4.1705503158		-1.0
	15435.00000000	3.63471		2.95151  0.2  0.2		4.1705503158		-1.0
	15465.00000000	3.62405		3.0262  0.2  0.2		4.1705503158		-1.0
	15495.00000000	2.84054		3.08443  0.2  0.2		4.1705503158		-1.0
	15525.00000000	3.02569		-3.01138  0.2  0.2		4.1705503158		-1.0
	15555.00000000	3.53138		-2.83323  0.2  0.2		4.1705503158		-1.0
	15585.00000000	3.41044		-2.36364  0.2  0.2		4.1705503158		-1.0
	15615.00000000	3.14688		-2.55668  0.2  0.2		4.1705503158		-1.0
	15645.00000000	2.5781		-2.30858  0.2  0.2		4.1705503158		-1.0
	15675.00000000	2.60021		-1.94607  0.2  0.2		4.1705503158		-1.0
	15705.00000000	2.65963		-1.77216  0.2  0.2		4.1705503158		-1.0
	15735.00000000	3.34713		-1.80501  0.2  0.2		4.1705503158		-1.0
	15765.00000000	2.96063		-1.60014  0.2  0.2		4.1705503158		-1.0
	15795.00000000	2.95921		-1.56506  0.2  0.2		4.1705503158		-1.0
	15825.00000000	3.14602		-1.76544  0.2  0.2		4.1705503158		-1.0
	15855.00000000	2.66347		-1.66444  0.2  0.2		4.1705503158		-1.0
	15885.00000000	3.23152		-1.40714  0.2  0.2		4.1705503158		-1.0
	15915.00000000	3.26473		-1.37147  0.2  0.2		4.1705503158		-1.0
	15945.00000000	2.58072		-1.74488  0.2  0.2		4.1705503158		-1.0
	15975.00000000	3.4834		-1.65337  0.2  0.2		4.1705503158		-1.0
	16005.00000000	3.15991		-1.40383  0.2  0.2		4.1705503158		-1.0
	16035.00000000	3.34004		-1.49203  0.2  0.2		4.1705503158		-1.0
	16065.00000000	3.29009		-1.4125  0.2  0.2		4.1705503158		-1.0
	16095.00000000	3.25677		-1.60736  0.2  0.2		4.1705503158		-1.0
	16125.00000000	3.204		-1.32287  0.2  0.2		4.1705503158		-1.0
	16155.00000000	3.70934		-1.13449  0.2  0.2		4.1705503158		-1.0
	16185.00000000	3.05691		-1.20473  0.2  0.2		4.1705503158		-1.0
	16215.00000000	2.82998		-1.33342  0.2  0.2		4.1705503158		-1.0
	16245.00000000	2.77578		-1.52801  0.2  0.2		4.1705503158		-1.0
	16275.00000000	2.92671		-1.4607  0.2  0.2		4.1705503158		-1.0
	16305.00000000	3.56883		-1.46202  0.2  0.2		4.1705503158		-1.0
	16335.00000000	3.16977		-1.20891  0.2  0.2		4.1705503158		-1.0
	16365.00000000	3.58008		-1.33053  0.2  0.2		4.1705503158		-1.0
	16395.00000000	3.29407		-1.30335  0.2  0.2		4.1705503158		-1.0
	16425.00000000	3.5695		-1.07326  0.2  0.2		4.1705503158		-1.0
	16455.00000000	3.3754		-1.30228  0.2  0.2		4.1705503158		-1.0
	16485.00000000	3.22588		-1.44656  0.2  0.2		4.1705503158		-1.0
	16515.00000000	3.62859		-1.59046  0.2  0.2		4.1705503158		-1.0
	16545.00000000	2.89243		-1.73474  0.2  0.2		4.1705503158		-1.0
	16575.00000000	3.05953		-1.51875  0.2  0.2		4.1705503158		-1.0
	16605.00000000	3.11248		-1.61983  0.2  0.2		4.1705503158		-1.0
	16635.00000000	3.0476		-1.92066  0.2  0.2		4.1705503158		-1.0
	16665.00000000	3.58861		-1.82532  0.2  0.2		4.1705503158		-1.0
	16695.00000000	3.15239		-2.10596  0.2  0.2		4.1705503158		-1.0
	16725.00000000	3.39881		-2.36361  0.2  0.2		4.1705503158		-1.0
	16755.00000000	3.49069		-2.42634  0.2  0.2		4.1705503158		-1.0
	16785.00000000	3.39856		-2.33628  0.2  0.2		4.1705503158		-1.0
	16815.00000000	3.21754		-2.30823  0.2  0.2		4.1705503158		-1.0
	16845.00000000	3.59099		-2.08527  0.2  0.2		4.1705503158		-1.0
	16875.00000000	3.29616		-1.93813  0.2  0.2		4.1705503158		-1.0
	16905.00000000	3.47652		-2.01917  0.2  0.2		4.1705503158		-1.0
	16935.00000000	3.3569		-2.24794  0.2  0.2		4.1705503158		-1.0
	16965.00000000	3.47791		-2.17053  0.2  0.2		4.1705503158		-1.0
	16995.00000000	3.47446		-2.20282  0.2  0.2		4.1705503158		-1.0
	17025.00000000	3.40135		-2.36702  0.2  0.2		4.1705503158		-1.0
	17055.00000000	3.36336		-2.54804  0.2  0.2		4.1705503158		-1.0
	17085.00000000	3.8226		-2.29236  0.2  0.2		4.1705503158		-1.0
	17115.00000000	3.2995		-2.09243  0.2  0.2		4.1705503158		-1.0
	17145.00000000	3.37867		-1.78652  0.2  0.2		4.1705503158		-1.0
	17175.00000000	3.0413		-1.89358  0.2  0.2		4.1705503158		-1.0
	17205.00000000	3.47009		-1.98207  0.2  0.2		4.1705503158		-1.0
	17235.00000000	3.9924		-2.2674  0.2  0.2		4.1705503158		-1.0
	17265.00000000	3.23817		-2.26401  0.2  0.2		4.1705503158		-1.0
	17295.00000000	3.40886		-2.53197  0.2  0.2		4.1705503158		-1.0
	17325.00000000	3.6711		-2.54272  0.2  0.2		4.1705503158		-1.0
	17355.00000000	3.49689		-2.66516  0.2  0.2		4.1705503158		-1.0
	17385.00000000	3.727		-2.66456  0.2  0.2		4.1705503158		-1.0
	17415.00000000	3.60722		-2.50497  0.2  0.2		4.1705503158		-1.0
	17445.00000000	3.28875		-2.4837  0.2  0.2		4.1705503158		-1.0
	17475.00000000	2.73074		-2.56349  0.2  0.2		4.1705503158		-1.0
	17505.00000000	3.37769		-2.58738  0.2  0.2		4.1705503158		-1.0
	17535.00000000	3.56782		-2.74112  0.2  0.2		4.1705503158		-1.0
	17565.00000000	3.67645		-2.73739  0.2  0.2		4.1705503158		-1.0
	17595.00000000	3.56872		-2.90756  0.2  0.2		4.1705503158		-1.0
	17625.00000000	3.94278		-2.89196  0.2  0.2		4.1705503158		-1.0
	17655.00000000	2.94165		-2.81017  0.2  0.2		4.1705503158		-1.0
	17685.00000000	3.35981		-2.68649  0.2  0.2		4.1705503158		-1.0
	17715.00000000	3.90367		-2.96887  0.2  0.2		4.1705503158		-1.0
	17745.00000000	3.31692		3.06708  0.2  0.2		4.1705503158		-1.0
	17775.00000000	3.84949		3.01254  0.2  0.2		4.1705503158		-1.0
	17805.00000000	3.31587		2.97086  0.2  0.2		4.1705503158		-1.0
	17835.00000000	3.37609		-3.02475  0.2  0.2		4.1705503158		-1.0
	17865.00000000	3.3899		-2.8866  0.2  0.2		4.1705503158		-1.0
	17895.00000000	2.70835		-2.98355  0.2  0.2		4.1705503158		-1.0
	17925.00000000	2.85913		-3.05793  0.2  0.2		4.1705503158		-1.0
	17955.00000000	2.8811		-2.91612  0.2  0.2		4.1705503158		-1.0
	17985.00000000	3.79283		-2.99289  0.2  0.2		4.1705503158		-1.0
	18015.00000000	3.4182		2.92889  0.2  0.2		4.1705503158		-1.0
	18045.00000000	3.39221		2.80098  0.2  0.2		4.1705503158		-1.0
	18075.00000000	3.61459		2.68179  0.2  0.2		4.1705503158		-1.0
	18105.00000000	3.03141		2.37077  0.2  0.2		4.1705503158		-1.0
	18135.00000000	2.84927		2.41951  0.2  0.2		4.1705503158		-1.0
	18165.00000000	2.78623		2.68293  0.2  0.2		4.1705503158		-1.0
	18195.00000000	2.7724		2.90196  0.2  0.2		4.1705503158		-1.0
	18225.00000000	2.64712		2.68961  0.2  0.2		4.1705503158		-1.0
	18255.00000000	2.5954		2.24184  0.2  0.2		4.1705503158		-1.0
	18285.00000000	2.51812		1.96149  0.2  0.2		4.1705503158		-1.0
	18315.00000000	2.58338		2.04255  0.2  0.2		4.1705503158		-1.0
	18345.00000000	2.70584		2.05017  0.2  0.2		4.1705503158		-1.0
	18375.00000000	2.56915		2.17111  0.2  0.2		4.1705503158		-1.0
	18405.00000000	2.69707		2.25036  0.2  0.2		4.1705503158		-1.0
	18435.00000000	3.1851		2.21353  0.2  0.2		4.1705503158		-1.0
	18465.00000000	2.97373		2.36381  0.2  0.2		4.1705503158		-1.0
	18495.00000000	2.55704		2.70121  0.2  0.2		4.1705503158		-1.0
	18525.00000000	2.65688		2.7046  0.2  0.2		4.1705503158		-1.0
	18555.00000000	2.53775		2.41852  0.2  0.2		4.1705503158		-1.0
	18585.00000000	2.70523		2.02108  0.2  0.2		4.1705503158		-1.0
	18615.00000000	2.85042		1.89075  0.2  0.2		4.1705503158		-1.0
	18645.00000000	2.73145		1.87352  0.2  0.2		4.1705503158		-1.0
	18675.00000000	2.69294		1.58409  0.2  0.2		4.1705503158		-1.0
	18705.00000000	2.59579		1.24517  0.2  0.2		4.1705503158		-1.0
	18735.00000000	2.62704		1.55821  0.2  0.2		4.1705503158		-1.0
	18765.00000000	2.58505		1.89035  0.2  0.2		4.1705503158		-1.0
	18795.00000000	2.64915		2.03556  0.2  0.2		4.1705503158		-1.0
	18825.00000000	2.83294		1.80414  0.2  0.2		4.1705503158		-1.0
	18855.00000000	3.5581		1.67588  0.2  0.2		4.1705503158		-1.0
	18885.00000000	2.83622		1.84559  0.2  0.2		4.1705503158		-1.0
	18915.00000000	2.71733		2.10307  0.2  0.2		4.1705503158		-1.0
	18945.00000000	2.63179		2.39323  0.2  0.2		4.1705503158		-1.0
	18975.00000000	2.80736		2.60144  0.2  0.2		4.1705503158		-1.0
	19005.00000000	3.22979		2.77248  0.2  0.2		4.1705503158		-1.0
	19035.00000000	3.14266		2.57207  0.2  0.2		4.1705503158		-1.0
	19065.00000000	2.55276		2.12143  0.2  0.2		4.1705503158		-1.0
	19095.00000000	2.55079		1.974  0.2  0.2		4.1705503158		-1.0
	19125.00000000	2.96096		1.91834  0.2  0.2		4.1705503158		-1.0
	19155.00000000	3.43928		2.00035  0.2  0.2		4.1705503158		-1.0
	19185.00000000	2.54064		2.24217  0.2  0.2		4.1705503158		-1.0
	19215.00000000	3.34829		2.51953  0.2  0.2		4.1705503158		-1.0
	19245.00000000	3.21548		2.88716  0.2  0.2		4.1705503158		-1.0
	19275.00000000	3.06042		2.76861  0.2  0.2		4.1705503158		-1.0
	19305.00000000	3.37602		2.31511  0.2  0.2		4.1705503158		-1.0
	19335.00000000	3.49966		1.91653  0.2  0.2		4.1705503158		-1.0
	19365.00000000	3.59573		1.79632  0.2  0.2		4.1705503158		-1.0
	19395.00000000	3.45664		1.99085  0.2  0.2		4.1705503158		-1.0
	19425.00000000	3.34201		2.2952  0.2  0.2		4.1705503158		-1.0
	19455.00000000	3.67501		2.3825  0.2  0.2		4.1705503158		-1.0
	19485.00000000	3.74205		2.40533  0.2  0.2		4.1705503158		-1.0
	19515.00000000	3.47033		2.37792  0.2  0.2		4.1705503158		-1.0
	19545.00000000	3.62254		2.66608  0.2  0.2		4.1705503158		-1.0
	19575.00000000	3.41964		2.80025  0.2  0.2		4.1705503158		-1.0
	19605.00000000	4.06495		2.79777  0.2  0.2		4.1705503158		-1.0
	19635.00000000	3.35456		2.72231  0.2  0.2		4.1705503158		-1.0
	19665.00000000	3.27639		2.74497  0.2  0.2		4.1705503158		-1.0
	19695.00000000	3.03618		2.66398  0.2  0.2		4.1705503158		-1.0
	19725.00000000	2.78903		2.58519  0.2  0.2		4.1705503158		-1.0
	19755.00000000	2.88827		2.76041  0.2  0.2		4.1705503158		-1.0
	19785.00000000	3.32806		2.8579  0.2  0.2		4.1705503158		-1.0
	19815.00000000	3.73593		2.88376  0.2  0.2		4.1705503158		-1.0
	19845.00000000	3.51092		2.86495  0.2  0.2		4.1705503158		-1.0
	19875.00000000	4.0155		2.67028  0.2  0.2		4.1705503158		-1.0
	19905.00000000	3.68102		2.42601  0.2  0.2		4.1705503158		-1.0
	19935.00000000	3.90642		2.13592  0.2  0.2		4.1705503158		-1.0
	19965.00000000	3.78008		2.07944  0.2  0.2		4.1705503158		-1.0
	19995.00000000	3.19267		1.84913  0.2  0.2		4.1705503158		-1.0
	20025.00000000	3.42044		1.89659  0.2  0.2		4.1705503158		-1.0
	20055.00000000	3.6363		1.83025  0.2  0.2		4.1705503158		-1.0
	20085.00000000	3.93494		1.871  0.2  0.2		4.1705503158		-1.0
	20115.00000000	3.86064		1.92596  0.2  0.2		4.1705503158		-1.0
	20145.00000000	3.57757		2.21403  0.2  0.2		4.1705503158		-1.0
	20175.00000000	3.14807		2.37564  0.2  0.2		4.1705503158		-1.0
	20205.00000000	4.02395		2.17405  0.2  0.2		4.1705503158		-1.0
	20235.00000000	4.11927		2.34458  0.2  0.2		4.1705503158		-1.0
	20265.00000000	3.49308		2.28592  0.2  0.2		4.1705503158		-1.0
	20295.00000000	3.94254		2.43623  0.2  0.2		4.1705503158		-1.0
	20325.00000000	4.28548		2.49629  0.2  0.2		4.1705503158		-1.0
	20355.00000000	4.8378		2.37695  0.2  0.2		4.1705503158		-1.0
	20385.00000000	5.67555		2.31262  0.2  0.2		4.1705503158		-1.0
	20415.00000000	6.59719		2.5397  0.2  0.2		4.1705503158		-1.0
	20445.00000000	7.48805		2.93529  0.2  0.2		4.1705503158		-1.0
	20475.00000000	8.2843		2.93458  0.2  0.2		4.1705503158		-1.0
	20505.00000000	8.61072		2.86163  0.2  0.2		4.1705503158		-1.0
	20535.00000000	9.0122		2.74928  0.2  0.2		4.1705503158		-1.0
	20565.00000000	9.28403		2.45336  0.2  0.2		4.1705503158		-1.0
	20595.00000000	9.75106		2.43283  0.2  0.2		4.1705503158		-1.0
	20625.00000000	10.088		2.35091  0.2  0.2		4.1705503158		-1.0
	20655.00000000	10.46277		2.36752  0.2  0.2		4.1705503158		-1.0
	20685.00000000	10.61081		2.2484  0.2  0.2		4.1705503158		-1.0
	20715.00000000	11.11037		2.25501  0.2  0.2		4.1705503158		-1.0
	20744.99999999	11.115		2.33906  0.2  0.2		4.1705503158		-1.0
	20774.99999999	11.08217		2.5565  0.2  0.2		4.1705503158		-1.0
	20804.99999999	10.60503		2.63115  0.2  0.2		4.1705503158		-1.0
	20834.99999999	9.85359		2.3903  0.2  0.2		4.1705503158		-1.0
	20864.99999999	9.38709		2.09243  0.2  0.2		4.1705503158		-1.0
	20894.99999999	8.77479		2.08206  0.2  0.2		4.1705503158		-1.0
	20924.99999999	8.23329		1.88482  0.2  0.2		4.1705503158		-1.0
	20954.99999999	7.83305		1.94774  0.2  0.2		4.1705503158		-1.0
	20984.99999999	7.1851		2.13504  0.2  0.2		4.1705503158		-1.0
	21014.99999999	6.58971		2.02437  0.2  0.2		4.1705503158		-1.0
	21044.99999999	6.31653		1.95505  0.2  0.2		4.1705503158		-1.0
	21074.99999999	5.55867		1.86683  0.2  0.2		4.1705503158		-1.0
	21104.99999999	5.04785		2.04551  0.2  0.2		4.1705503158		-1.0
	21134.99999999	4.82145		2.04478  0.2  0.2		4.1705503158		-1.0
	21164.99999999	4.88336		1.69177  0.2  0.2		4.1705503158		-1.0
	21194.99999999	4.9596		1.76746  0.2  0.2		4.1705503158		-1.0
	21224.99999999	5.4909		2.20914  0.2  0.2		4.1705503158		-1.0
	21254.99999999	6.29805		2.30358  0.2  0.2		4.1705503158		-1.0
	21284.99999999	6.85136		2.26459  0.2  0.2		4.1705503158		-1.0
	21314.99999999	7.30766		2.3458  0.2  0.2		4.1705503158		-1.0
	21344.99999999	7.78088		2.46279  0.2  0.2		4.1705503158		-1.0
	21374.99999999	8.52669		2.43061  0.2  0.2		4.1705503158		-1.0
	21404.99999999	8.97387		2.37197  0.2  0.2		4.1705503158		-1.0
	21434.99999999	9.30355		2.30074  0.2  0.2		4.1705503158		-1.0
	21464.99999999	9.43778		2.16708  0.2  0.2		4.1705503158		-1.0
	21494.99999999	9.10566		1.97754  0.2  0.2		4.1705503158		-1.0
	21524.99999999	8.14418		2.17708  0.2  0.2		4.1705503158		-1.0
	21554.99999999	7.38851		2.26069  0.2  0.2		4.1705503158		-1.0
	21584.99999999	6.34605		2.3672  0.2  0.2		4.1705503158		-1.0
	21614.99999999	6.17349		2.34672  0.2  0.2		4.1705503158		-1.0
	21644.99999999	6.37008		2.22132  0.2  0.2		4.1705503158		-1.0
	21674.99999999	6.74398		2.25165  0.2  0.2		4.1705503158		-1.0
	21704.99999999	7.37829		2.25387  0.2  0.2		4.1705503158		-1.0
	21734.99999999	8.29103		2.22633  0.2  0.2		4.1705503158		-1.0
	21764.99999999	8.72321		2.10756  0.2  0.2		4.1705503158		-1.0
	21794.99999999	8.01333		2.0489  0.2  0.2		4.1705503158		-1.0
	21824.99999999	7.38184		1.88595  0.2  0.2		4.1705503158		-1.0
	21854.99999999	6.45764		1.70049  0.2  0.2		4.1705503158		-1.0
	21884.99999999	5.94359		1.61141  0.2  0.2		4.1705503158		-1.0
	21914.99999999	5.73012		1.61631  0.2  0.2		4.1705503158		-1.0
	21944.99999999	5.33555		1.50793  0.2  0.2		4.1705503158		-1.0
	21974.99999999	5.27277		1.53912  0.2  0.2		4.1705503158		-1.0
	22004.99999999	5.63385		1.44208  0.2  0.2		4.1705503158		-1.0
	22034.99999999	6.07275		1.38015  0.2  0.2		4.1705503158		-1.0
	22064.99999999	6.43557		1.48556  0.2  0.2		4.1705503158		-1.0
	22094.99999999	7.20605		1.5244  0.2  0.2		4.1705503158		-1.0
	22124.99999999	7.98661		1.66678  0.2  0.2		4.1705503158		-1.0
	22154.99999999	9.04881		1.54278  0.2  0.2		4.1705503158		-1.0
	22184.99999999	9.63304		1.32424  0.2  0.2		4.1705503158		-1.0
	22214.99999999	9.63409		1.51513  0.2  0.2		4.1705503158		-1.0
	22244.99999999	9.47059		1.68855  0.2  0.2		4.1705503158		-1.0
	22274.99999999	9.01845		1.7103  0.2  0.2		4.1705503158		-1.0
	22304.99999999	8.44165		1.61776  0.2  0.2		4.1705503158		-1.0
	22334.99999999	7.77259		1.33542  0.2  0.2		4.1705503158		-1.0
	22364.99999999	6.61339		1.27438  0.2  0.2		4.1705503158		-1.0
	22394.99999999	6.06282		1.10696  0.2  0.2		4.1705503158		-1.0
	22424.99999999	5.91947		0.98757  0.2  0.2		4.1705503158		-1.0
	22454.99999999	6.12265		1.15083  0.2  0.2		4.1705503158		-1.0
	22484.99999999	7.30893		1.2773  0.2  0.2		4.1705503158		-1.0
	22514.99999999	8.19709		1.30644  0.2  0.2		4.1705503158		-1.0
	22544.99999999	8.8299		1.27293  0.2  0.2		4.1705503158		-1.0
	22574.99999999	9.00611		1.39991  0.2  0.2		4.1705503158		-1.0
	22604.99999999	9.33012		1.25501  0.2  0.2		4.1705503158		-1.0
	22634.99999999	9.62551		0.95581  0.2  0.2		4.1705503158		-1.0
	22664.99999999	10.02983		1.17834  0.2  0.2		4.1705503158		-1.0
	22694.99999999	10.45267		1.59355  0.2  0.2		4.1705503158		-1.0
	22724.99999999	10.94329		1.53099  0.2  0.2		4.1705503158		-1.0
	22754.99999999	11.56877		1.51498  0.2  0.2		4.1705503158		-1.0
	22784.99999999	11.8038		1.55855  0.2  0.2		4.1705503158		-1.0
	22814.99999999	12.10673		1.3927  0.2  0.2		4.1705503158		-1.0
	22844.99999999	11.41113		1.6847  0.2  0.2		4.1705503158		-1.0
	22874.99999999	10.55562		1.65475  0.2  0.2		4.1705503158		-1.0
	22904.99999999	9.99748		1.48898  0.2  0.2		4.1705503158		-1.0
	22934.99999999	10.59334		1.30042  0.2  0.2		4.1705503158		-1.0
	22964.99999999	12.0352		1.28833  0.2  0.2		4.1705503158		-1.0
	22994.99999999	12.00983		1.28456  0.2  0.2		4.1705503158		-1.0
	23024.99999999	11.40033		1.48583  0.2  0.2		4.1705503158		-1.0
	23054.99999999	10.30513		1.52088  0.2  0.2		4.1705503158		-1.0
	23084.99999999	10.31788		1.42599  0.2  0.2		4.1705503158		-1.0
	23114.99999999	10.98117		1.69877  0.2  0.2		4.1705503158		-1.0
	23144.99999999	11.29448		1.67572  0.2  0.2		4.1705503158		-1.0
	23174.99999999	11.54291		1.25404  0.2  0.2		4.1705503158		-1.0
	23204.99999999	11.09062		1.03151  0.2  0.2		4.1705503158		-1.0
	23234.99999999	10.49826		0.79767  0.2  0.2		4.1705503158		-1.0
	23264.99999999	10.37373		0.82651  0.2  0.2		4.1705503158		-1.0
	23294.99999999	10.11378		0.73116  0.2  0.2		4.1705503158		-1.0
	23324.99999999	9.96938		0.78695  0.2  0.2		4.1705503158		-1.0
	23354.99999999	9.54678		0.97155  0.2  0.2		4.1705503158		-1.0
	23384.99999999	9.26594		0.9549  0.2  0.2		4.1705503158		-1.0
	23414.99999999	9.29432		0.78625  0.2  0.2		4.1705503158		-1.0
	23444.99999999	9.13754		0.62232  0.2  0.2		4.1705503158		-1.0
	23474.99999999	8.57814		1.06992  0.2  0.2		4.1705503158		-1.0
	23504.99999999	8.0749		1.12583  0.2  0.2		4.1705503158		-1.0
	23534.99999999	7.86731		0.92306  0.2  0.2		4.1705503158		-1.0
	23564.99999999	7.86365		0.62555  0.2  0.2		4.1705503158		-1.0
	23594.99999999	7.96303		0.57293  0.2  0.2		4.1705503158		-1.0
	23624.99999999	8.28245		0.46938  0.2  0.2		4.1705503158		-1.0
	23654.99999999	8.93569		0.71481  0.2  0.2		4.1705503158		-1.0
	23684.99999999	8.86487		0.96165  0.2  0.2		4.1705503158		-1.0
	23714.99999999	8.25107		1.03821  0.2  0.2		4.1705503158		-1.0
	23744.99999999	8.35468		0.97609  0.2  0.2		4.1705503158		-1.0
	23774.99999999	8.74228		1.11765  0.2  0.2		4.1705503158		-1.0
	23804.99999999	8.5845		1.64901  0.2  0.2		4.1705503158		-1.0
	23834.99999999	8.35684		1.73176  0.2  0.2		4.1705503158		-1.0
	23864.99999999	7.39075		1.37471  0.2  0.2		4.1705503158		-1.0
	23894.99999999	6.79349		0.99794  0.2  0.2		4.1705503158		-1.0
	23924.99999999	6.71388		-0.17643  0.2  0.2		4.1705503158		-1.0
	23954.99999999	6.56651		-1.50347  0.2  0.2		4.1705503158		-1.0
	23984.99999999	6.52544		-1.85181  0.2  0.2		4.1705503158		-1.0
	24014.99999999	6.72065		2.54544  0.2  0.2		4.1705503158		-1.0
	24044.99999999	6.94246		-1.75374  0.2  0.2		4.1705503158		-1.0
	24074.99999999	6.95838		-0.28453  0.2  0.2		4.1705503158		-1.0
	24104.99999999	6.62755		0.93466  0.2  0.2		4.1705503158		-1.0
	24134.99999999	6.86823		1.22092  0.2  0.2		4.1705503158		-1.0
	24164.99999999	7.50139		1.23021  0.2  0.2		4.1705503158		-1.0
	24194.99999999	7.67594		1.35239  0.2  0.2		4.1705503158		-1.0
	24224.99999999	7.05204		1.48047  0.2  0.2		4.1705503158		-1.0
	24254.99999999	6.72807		1.54878  0.2  0.2		4.1705503158		-1.0
	24284.99999999	6.68236		1.68091  0.2  0.2		4.1705503158		-1.0
	24314.99999999	6.4869		1.78376  0.2  0.2		4.1705503158		-1.0
	24344.99999999	6.74089		1.83743  0.2  0.2		4.1705503158		-1.0
	24374.99999999	7.64333		1.77402  0.2  0.2		4.1705503158		-1.0
	24404.99999999	8.33228		1.98576  0.2  0.2		4.1705503158		-1.0
	24434.99999999	8.4466		1.88934  0.2  0.2		4.1705503158		-1.0
	24464.99999999	8.1303		1.75648  0.2  0.2		4.1705503158		-1.0
	24494.99999999	8.05151		1.32919  0.2  0.2		4.1705503158		-1.0
	24524.99999999	8.22508		1.29109  0.2  0.2		4.1705503158		-1.0
	24554.99999999	9.27105		1.63129  0.2  0.2		4.1705503158		-1.0
	24584.99999999	10.17088		2.03739  0.2  0.2		4.1705503158		-1.0
	24614.99999999	10.54381		1.99236  0.2  0.2		4.1705503158		-1.0
	24644.99999999	9.88209		1.87056  0.2  0.2		4.1705503158		-1.0
	24674.99999999	8.82234		1.48813  0.2  0.2		4.1705503158		-1.0
	24704.99999999	8.74554		1.47989  0.2  0.2		4.1705503158		-1.0
	24734.99999999	9.6702		1.26843  0.2  0.2		4.1705503158		-1.0
	24764.99999999	10.75079		1.09279  0.2  0.2		4.1705503158		-1.0
	24794.99999999	11.57388		1.0909  0.2  0.2		4.1705503158		-1.0
	24824.99999999	12.00415		1.08902  0.2  0.2		4.1705503158		-1.0
	24854.99999999	11.71655		0.84796  0.2  0.2		4.1705503158		-1.0
	24884.99999999	11.34059		0.48163  0.2  0.2		4.1705503158		-1.0
	24914.99999999	10.77131		0.65179  0.2  0.2		4.1705503158		-1.0
	24944.99999999	10.42088		0.7682  0.2  0.2		4.1705503158		-1.0
	24974.99999999	10.60794		0.95893  0.2  0.2		4.1705503158		-1.0
	25004.99999999	11.22547		1.06509  0.2  0.2		4.1705503158		-1.0
	25034.99999999	11.70487		0.80539  0.2  0.2		4.1705503158		-1.0
	25064.99999999	12.05363		0.51336  0.2  0.2		4.1705503158		-1.0
	25094.99999999	12.07321		0.48268  0.2  0.2		4.1705503158		-1.0
	25124.99999999	11.52691		0.42153  0.2  0.2		4.1705503158		-1.0
	25154.99999999	10.93908		0.21685  0.2  0.2		4.1705503158		-1.0
	25184.99999999	9.95935		0.27448  0.2  0.2		4.1705503158		-1.0
	25214.99999999	8.98714		0.20435  0.2  0.2		4.1705503158		-1.0
	25244.99999999	8.4521		0.30171  0.2  0.2		4.1705503158		-1.0
	25274.99999999	7.95189		0.29164  0.2  0.2		4.1705503158		-1.0
	25304.99999999	7.12825		0.15828  0.2  0.2		4.1705503158		-1.0
	25334.99999999	6.74932		-0.08468  0.2  0.2		4.1705503158		-1.0
	25364.99999999	7.04813		0.04585  0.2  0.2		4.1705503158		-1.0
	25394.99999999	7.76122		-0.17728  0.2  0.2		4.1705503158		-1.0
	25424.99999999	8.37652		-1.06031  0.2  0.2		4.1705503158		-1.0
	25454.99999999	8.60829		-1.23942  0.2  0.2		4.1705503158		-1.0
	25484.99999999	8.6951		-1.11605  0.2  0.2		4.1705503158		-1.0
	25514.99999999	8.58378		-0.7461  0.2  0.2		4.1705503158		-1.0
	25544.99999999	8.56611		0.12843  0.2  0.2		4.1705503158		-1.0
	25574.99999999	9.35613		0.39838  0.2  0.2		4.1705503158		-1.0
	25604.99999999	10.26479		0.41264  0.2  0.2		4.1705503158		-1.0
	25634.99999999	10.13886		0.43036  0.2  0.2		4.1705503158		-1.0
	25664.99999999	9.73785		0.26062  0.2  0.2		4.1705503158		-1.0
	25694.99999999	9.09839		0.25718  0.2  0.2		4.1705503158		-1.0
	25724.99999999	9.00366		0.23222  0.2  0.2		4.1705503158		-1.0
	25754.99999999	9.05505		0.0411  0.2  0.2		4.1705503158		-1.0
	25784.99999999	9.07858		-0.12726  0.2  0.2		4.1705503158		-1.0
	25814.99999999	9.31534		-0.2827  0.2  0.2		4.1705503158		-1.0
	25844.99999999	9.79435		-0.16692  0.2  0.2		4.1705503158		-1.0
	25874.99999999	10.47818		-0.30338  0.2  0.2		4.1705503158		-1.0
	25904.99999999	11.43771		-0.25125  0.2  0.2		4.1705503158		-1.0
	25934.99999999	12.10285		-0.0315  0.2  0.2		4.1705503158		-1.0
	25964.99999999	11.91365		0.11516  0.2  0.2		4.1705503158		-1.0
	25994.99999999	11.37958		0.20108  0.2  0.2		4.1705503158		-1.0
	26024.99999999	11.33754		0.56498  0.2  0.2		4.1705503158		-1.0
	26054.99999999	11.26441		0.61363  0.2  0.2		4.1705503158		-1.0
	26084.99999999	11.07834		0.84283  0.2  0.2		4.1705503158		-1.0
	26114.99999999	11.02166		1.07793  0.2  0.2		4.1705503158		-1.0
	26144.99999999	11.52736		1.28775  0.2  0.2		4.1705503158		-1.0
	26174.99999999	11.73831		1.38214  0.2  0.2		4.1705503158		-1.0
	26204.99999999	11.58336		1.21892  0.2  0.2		4.1705503158		-1.0
	26234.99999999	11.88674		1.18355  0.2  0.2		4.1705503158		-1.0
	26264.99999999	11.86654		0.89462  0.2  0.2		4.1705503158		-1.0
	26294.99999999	11.69751		0.69672  0.2  0.2		4.1705503158		-1.0
	26324.99999999	11.86959		0.82736  0.2  0.2		4.1705503158		-1.0
	26354.99999999	12.11028		0.68257  0.2  0.2		4.1705503158		-1.0
	26384.99999999	11.77684		0.72742  0.2  0.2		4.1705503158		-1.0
	26414.99999999	10.74322		1.01338  0.2  0.2		4.1705503158		-1.0
	26444.99999999	9.55251		1.32447  0.2  0.2		4.1705503158		-1.0
	26474.99999999	9.64018		1.03793  0.2  0.2		4.1705503158		-1.0
	26504.99999999	10.6107		1.04622  0.2  0.2		4.1705503158		-1.0
	26534.99999999	11.55931		1.00007  0.2  0.2		4.1705503158		-1.0
	26564.99999999	10.81943		0.96342  0.2  0.2		4.1705503158		-1.0
	26594.99999999	10.07282		1.09232  0.2  0.2		4.1705503158		-1.0
	26624.99999999	9.22476		1.36576  0.2  0.2		4.1705503158		-1.0
	26654.99999999	8.88156		1.81512  0.2  0.2		4.1705503158		-1.0
	26684.99999999	9.12387		1.73012  0.2  0.2		4.1705503158		-1.0
	26714.99999999	9.37396		1.55191  0.2  0.2		4.1705503158		-1.0
	26744.99999999	9.77213		1.22433  0.2  0.2		4.1705503158		-1.0
	26774.99999999	10.74874		1.05606  0.2  0.2		4.1705503158		-1.0
	26804.99999999	11.36149		1.23015  0.2  0.2		4.1705503158		-1.0
	26834.99999999	10.98371		1.46411  0.2  0.2		4.1705503158		-1.0
	26864.99999999	10.13595		1.67735  0.2  0.2		4.1705503158		-1.0
	26894.99999999	9.72258		1.78865  0.2  0.2		4.1705503158		-1.0
	26924.99999999	9.89592		1.9065  0.2  0.2		4.1705503158		-1.0
	26954.99999999	10.31582		1.76835  0.2  0.2		4.1705503158		-1.0
	26984.99999999	10.95767		1.71432  0.2  0.2		4.1705503158		-1.0
	27014.99999999	10.75868		1.65106  0.2  0.2		4.1705503158		-1.0
	27044.99999999	10.0349		1.82762  0.2  0.2		4.1705503158		-1.0
	27074.99999999	9.47607		2.0167  0.2  0.2		4.1705503158		-1.0
	27104.99999999	8.75333		2.22192  0.2  0.2		4.1705503158		-1.0
	27134.99999999	8.65709		1.82705  0.2  0.2		4.1705503158		-1.0
	27164.99999999	9.3119		1.64111  0.2  0.2		4.1705503158		-1.0
	27194.99999999	9.9343		1.31356  0.2  0.2		4.1705503158		-1.0
	27224.99999998	9.96179		1.22385  0.2  0.2		4.1705503158		-1.0
	27254.99999998	9.52669		1.42557  0.2  0.2		4.1705503158		-1.0
	27284.99999998	8.74766		1.30923  0.2  0.2		4.1705503158		-1.0
	27314.99999998	8.16171		1.19464  0.2  0.2		4.1705503158		-1.0
	27344.99999998	7.85791		1.12198  0.2  0.2		4.1705503158		-1.0
	27374.99999998	7.3209		0.86434  0.2  0.2		4.1705503158		-1.0
	27404.99999998	6.95937		0.38357  0.2  0.2		4.1705503158		-1.0
	27434.99999998	7.35041		0.10074  0.2  0.2		4.1705503158		-1.0
	27464.99999998	7.75426		-0.19936  0.2  0.2		4.1705503158		-1.0
	27494.99999998	8.02751		-0.37577  0.2  0.2		4.1705503158		-1.0
	27524.99999998	8.03634		-0.15881  0.2  0.2		4.1705503158		-1.0
	27554.99999998	8.26771		-0.12675  0.2  0.2		4.1705503158		-1.0
	27584.99999998	8.70125		-0.37627  0.2  0.2		4.1705503158		-1.0
	27614.99999998	9.49031		-0.16779  0.2  0.2		4.1705503158		-1.0
	27644.99999998	9.96698		-0.04781  0.2  0.2		4.1705503158		-1.0
	27674.99999998	9.54986		0.06  0.2  0.2		4.1705503158		-1.0
	27704.99999998	9.07741		-0.12173  0.2  0.2		4.1705503158		-1.0
	27734.99999998	8.47232		-0.28052  0.2  0.2		4.1705503158		-1.0
	27764.99999998	7.85108		-0.08445  0.2  0.2		4.1705503158		-1.0
	27794.99999998	6.79511		-0.162  0.2  0.2		4.1705503158		-1.0
	27824.99999998	5.80875		0.02769  0.2  0.2		4.1705503158		-1.0
	27854.99999998	5.76483		0.58055  0.2  0.2		4.1705503158		-1.0
	27884.99999998	6.57455		0.60062  0.2  0.2		4.1705503158		-1.0
	27914.99999998	6.75898		0.99307  0.2  0.2		4.1705503158		-1.0
	27944.99999998	6.47458		1.13743  0.2  0.2		4.1705503158		-1.0
	27974.99999998	6.11734		1.23424  0.2  0.2		4.1705503158		-1.0
	28004.99999998	5.52824		1.33636  0.2  0.2		4.1705503158		-1.0
	28034.99999998	6.29563		1.26478  0.2  0.2		4.1705503158		-1.0
	28064.99999998	7.46988		1.45791  0.2  0.2		4.1705503158		-1.0
	28094.99999998	7.50263		1.23632  0.2  0.2		4.1705503158		-1.0
	28124.99999998	6.82108		1.13912  0.2  0.2		4.1705503158		-1.0
	28154.99999998	5.73012		0.95012  0.2  0.2		4.1705503158		-1.0
	28184.99999998	5.17067		0.58918  0.2  0.2		4.1705503158		-1.0
	28214.99999998	5.44834		0.35595  0.2  0.2		4.1705503158		-1.0
	28244.99999998	6.46179		0.06866  0.2  0.2		4.1705503158		-1.0
	28274.99999998	7.09399		-0.24014  0.2  0.2		4.1705503158		-1.0
	28304.99999998	7.35242		-0.37555  0.2  0.2		4.1705503158		-1.0
	28334.99999998	7.80862		-0.38456  0.2  0.2		4.1705503158		-1.0
	28364.99999998	8.13561		-0.50362  0.2  0.2		4.1705503158		-1.0
	28394.99999998	8.10923		-0.73827  0.2  0.2		4.1705503158		-1.0
	28424.99999998	8.55303		-0.72529  0.2  0.2		4.1705503158		-1.0
	28454.99999998	9.47999		-0.84273  0.2  0.2		4.1705503158		-1.0
	28484.99999998	9.7168		-0.78759  0.2  0.2		4.1705503158		-1.0
	28514.99999998	9.01862		-0.79474  0.2  0.2		4.1705503158		-1.0
	28544.99999998	8.29651		-0.84427  0.2  0.2		4.1705503158		-1.0
	28574.99999998	7.28712		-0.71739  0.2  0.2		4.1705503158		-1.0
	28604.99999998	7.13424		-0.70363  0.2  0.2		4.1705503158		-1.0
	28634.99999998	6.87237		-0.47003  0.2  0.2		4.1705503158		-1.0
	28664.99999998	6.09785		-0.12103  0.2  0.2		4.1705503158		-1.0
	28694.99999998	5.63106		-0.21643  0.2  0.2		4.1705503158		-1.0
	28724.99999998	5.54463		0.32183  0.2  0.2		4.1705503158		-1.0
	28754.99999998	5.87067		0.74919  0.2  0.2		4.1705503158		-1.0
	28784.99999998	6.11691		0.83876  0.2  0.2		4.1705503158		-1.0
	28814.99999998	6.04145		1.02855  0.2  0.2		4.1705503158		-1.0
	28844.99999998	5.41372		0.74001  0.2  0.2		4.1705503158		-1.0
	28874.99999998	4.77967		0.59094  0.2  0.2		4.1705503158		-1.0
	28904.99999998	5.04468		0.87695  0.2  0.2		4.1705503158		-1.0
	28934.99999998	5.69602		0.83161  0.2  0.2		4.1705503158		-1.0
	28964.99999998	5.37687		0.7194  0.2  0.2		4.1705503158		-1.0
	28994.99999998	5.14517		0.58071  0.2  0.2		4.1705503158		-1.0
	29024.99999998	5.79131		0.26008  0.2  0.2		4.1705503158		-1.0
	29054.99999998	6.73457		0.56168  0.2  0.2		4.1705503158		-1.0
	29084.99999998	7.54823		0.55702  0.2  0.2		4.1705503158		-1.0
	29114.99999998	7.56076		0.65924  0.2  0.2		4.1705503158		-1.0
	29144.99999998	6.90871		0.79494  0.2  0.2		4.1705503158		-1.0
	29174.99999998	6.63462		0.91792  0.2  0.2		4.1705503158		-1.0
	29204.99999998	6.08758		0.66396  0.2  0.2		4.1705503158		-1.0
	29234.99999998	5.59174		0.40648  0.2  0.2		4.1705503158		-1.0
	29264.99999998	5.33314		0.00653  0.2  0.2		4.1705503158		-1.0
	29294.99999998	5.01858		-0.53574  0.2  0.2		4.1705503158		-1.0
	29324.99999998	5.58886		-0.70745  0.2  0.2		4.1705503158		-1.0
	29354.99999998	6.26884		-0.75244  0.2  0.2		4.1705503158		-1.0
	29384.99999998	7.09328		-0.33876  0.2  0.2		4.1705503158		-1.0
	29414.99999998	6.95405		0.20895  0.2  0.2		4.1705503158		-1.0
	29444.99999998	6.93726		0.40857  0.2  0.2		4.1705503158		-1.0
	29474.99999998	6.65303		0.47002  0.2  0.2		4.1705503158		-1.0
	29504.99999998	6.33475		0.56486  0.2  0.2		4.1705503158		-1.0
	29534.99999998	6.40885		0.67731  0.2  0.2		4.1705503158		-1.0
	29564.99999998	6.90683		0.85549  0.2  0.2		4.1705503158		-1.0
	29594.99999998	7.52466		0.79582  0.2  0.2		4.1705503158		-1.0
	29624.99999998	8.17064		0.80825  0.2  0.2		4.1705503158		-1.0
	29654.99999998	8.39702		0.87995  0.2  0.2		4.1705503158		-1.0
	29684.99999998	8.17362		0.66721  0.2  0.2		4.1705503158		-1.0
	29714.99999998	7.35609		1.08779  0.2  0.2		4.1705503158		-1.0
	29744.99999998	6.25388		1.12408  0.2  0.2		4.1705503158		-1.0
	29774.99999998	5.94289		1.55178  0.2  0.2		4.1705503158		-1.0
	29804.99999998	6.19351		1.57512  0.2  0.2		4.1705503158		-1.0
	29834.99999998	6.82111		1.4623  0.2  0.2		4.1705503158		-1.0
	29864.99999998	7.52105		1.47579  0.2  0.2		4.1705503158		-1.0
	29894.99999998	7.53203		1.22179  0.2  0.2		4.1705503158		-1.0
	29924.99999998	7.259		1.13386  0.2  0.2		4.1705503158		-1.0
	29954.99999998	7.61172		0.62626  0.2  0.2		4.1705503158		-1.0
	29984.99999998	7.44126		0.45198  0.2  0.2		4.1705503158		-1.0
	30014.99999998	8.00352		0.94624  0.2  0.2		4.1705503158		-1.0
	30044.99999998	8.82333		0.97035  0.2  0.2		4.1705503158		-1.0
	30074.99999998	9.95251		0.77662  0.2  0.2		4.1705503158		-1.0
	30104.99999998	10.05065		0.41825  0.2  0.2		4.1705503158		-1.0
	30134.99999998	10.18019		0.14586  0.2  0.2		4.1705503158		-1.0
	30164.99999998	10.48268		-0.24948  0.2  0.2		4.1705503158		-1.0
	30194.99999998	10.59958		-0.27006  0.2  0.2		4.1705503158		-1.0
	30224.99999998	10.29966		-0.2115  0.2  0.2		4.1705503158		-1.0
	30254.99999998	10.69037		-0.06161  0.2  0.2		4.1705503158		-1.0
	30284.99999998	11.05167		0.00188  0.2  0.2		4.1705503158		-1.0
	30314.99999998	11.89162		-0.07215  0.2  0.2		4.1705503158		-1.0
	30344.99999998	11.94456		-0.18451  0.2  0.2		4.1705503158		-1.0
	30374.99999998	11.09661		-0.52815  0.2  0.2		4.1705503158		-1.0
	30404.99999998	10.75008		-1.18478  0.2  0.2		4.1705503158		-1.0
	30434.99999998	10.31751		-1.478  0.2  0.2		4.1705503158		-1.0
	30464.99999998	9.90599		-1.91115  0.2  0.2		4.1705503158		-1.0
	30494.99999998	9.56776		-2.46016  0.2  0.2		4.1705503158		-1.0
	30524.99999998	9.53994		-2.96254  0.2  0.2		4.1705503158		-1.0
	30554.99999998	10.28861		-3.09417  0.2  0.2		4.1705503158		-1.0
	30584.99999998	10.24757		2.80475  0.2  0.2		4.1705503158		-1.0
	30614.99999998	10.15826		2.44597  0.2  0.2		4.1705503158		-1.0
	30644.99999998	9.6008		2.35009  0.2  0.2		4.1705503158		-1.0
	30674.99999998	9.5644		2.63297  0.2  0.2		4.1705503158		-1.0
	30704.99999998	9.96747		2.8803  0.2  0.2		4.1705503158		-1.0
	30734.99999998	9.90928		2.79267  0.2  0.2		4.1705503158		-1.0
	30764.99999998	9.55465		2.78771  0.2  0.2		4.1705503158		-1.0
	30794.99999998	9.03242		2.96066  0.2  0.2		4.1705503158		-1.0
	30824.99999998	8.89992		-2.88584  0.2  0.2		4.1705503158		-1.0
	30854.99999998	9.01628		-2.12864  0.2  0.2		4.1705503158		-1.0
	30884.99999998	9.14138		-2.03291  0.2  0.2		4.1705503158		-1.0
	30914.99999998	8.70222		-1.92745  0.2  0.2		4.1705503158		-1.0
	30944.99999998	8.58135		-2.48905  0.2  0.2		4.1705503158		-1.0
	30974.99999998	8.86896		-2.76465  0.2  0.2		4.1705503158		-1.0
	31004.99999998	9.41493		-3.02483  0.2  0.2		4.1705503158		-1.0
	31034.99999998	9.56363		3.08995  0.2  0.2		4.1705503158		-1.0
	31064.99999998	9.4643		2.72196  0.2  0.2		4.1705503158		-1.0
	31094.99999998	9.46464		2.68369  0.2  0.2		4.1705503158		-1.0
	31124.99999998	9.99136		2.72091  0.2  0.2		4.1705503158		-1.0
	31154.99999998	10.11924		2.5514  0.2  0.2		4.1705503158		-1.0
	31184.99999998	10.0072		2.44454  0.2  0.2		4.1705503158		-1.0
	31214.99999998	10.38102		2.10794  0.2  0.2		4.1705503158		-1.0
	31244.99999998	11.06154		1.90771  0.2  0.2		4.1705503158		-1.0
	31274.99999998	11.71558		2.1666  0.2  0.2		4.1705503158		-1.0
	31304.99999998	11.91003		2.07112  0.2  0.2		4.1705503158		-1.0
	31334.99999998	12.00423		1.86692  0.2  0.2		4.1705503158		-1.0
	31364.99999998	11.86132		2.32138  0.2  0.2		4.1705503158		-1.0
	31394.99999998	11.64023		2.64851  0.2  0.2		4.1705503158		-1.0
	31424.99999998	11.24808		2.8308  0.2  0.2		4.1705503158		-1.0
	31454.99999998	10.57705		2.7186  0.2  0.2		4.1705503158		-1.0
	31484.99999998	10.61574		2.68841  0.2  0.2		4.1705503158		-1.0
	31514.99999998	11.27043		2.59023  0.2  0.2		4.1705503158		-1.0
	31544.99999998	12.22276		2.61624  0.2  0.2		4.1705503158		-1.0
	31574.99999998	11.94906		2.48741  0.2  0.2		4.1705503158		-1.0
	31604.99999998	12.04735		2.06231  0.2  0.2		4.1705503158		-1.0
	31634.99999998	12.17041		1.13418  0.2  0.2		4.1705503158		-1.0
	31664.99999998	11.8857		-0.11851  0.2  0.2		4.1705503158		-1.0
	31694.99999998	11.98916		-0.75868  0.2  0.2		4.1705503158		-1.0
	31724.99999998	11.75266		-0.99501  0.2  0.2		4.1705503158		-1.0
	31754.99999998	11.02764		2.22961  0.2  0.2		4.1705503158		-1.0
	31784.99999998	10.53571		1.98433  0.2  0.2		4.1705503158		-1.0
	31814.99999998	10.46482		2.11038  0.2  0.2		4.1705503158		-1.0
	31844.99999998	9.7559		2.21368  0.2  0.2		4.1705503158		-1.0
	31874.99999998	9.50175		2.18845  0.2  0.2		4.1705503158		-1.0
	31904.99999998	10.27455		2.48645  0.2  0.2		4.1705503158		-1.0
	31934.99999998	10.96266		2.31173  0.2  0.2		4.1705503158		-1.0
	31964.99999998	11.69129		2.17536  0.2  0.2		4.1705503158		-1.0
	31994.99999998	11.87043		2.11699  0.2  0.2		4.1705503158		-1.0
	32024.99999998	11.68156		1.71129  0.2  0.2		4.1705503158		-1.0
	32054.99999998	11.59303		1.72461  0.2  0.2		4.1705503158		-1.0
	32084.99999998	11.98518		1.82891  0.2  0.2		4.1705503158		-1.0
	32114.99999998	11.82116		1.75509  0.2  0.2		4.1705503158		-1.0
	32144.99999998	11.60425		1.94587  0.2  0.2		4.1705503158		-1.0
	32174.99999998	11.31624		2.16254  0.2  0.2		4.1705503158		-1.0
	32204.99999998	10.82867		2.22582  0.2  0.2		4.1705503158		-1.0
	32234.99999998	10.4458		2.25458  0.2  0.2		4.1705503158		-1.0
	32264.99999998	9.79974		2.21851  0.2  0.2		4.1705503158		-1.0
	32294.99999998	9.14129		1.91525  0.2  0.2		4.1705503158		-1.0
