	30.00000000	2.88319		1.0104  0.2  0.2		4.1705503158		-1.0
	60.00000000	2.92745		1.2676  0.2  0.2		4.1705503158		-1.0
	90.00000000	2.84159		1.35438  0.2  0.2		4.1705503158		-1.0
	120.00000000	2.98413		1.42746  0.2  0.2		4.1705503158		-1.0
	150.00000000	3.0402		1.41603  0.2  0.2		4.1705503158		-1.0
	180.00000000	2.98869		1.31848  0.2  0.2		4.1705503158		-1.0
	210.00000000	2.83977		1.1781  0.2  0.2		4.1705503158		-1.0
	240.00000000	2.95614		0.87492  0.2  0.2		4.1705503158		-1.0
	270.00000000	3.06688		0.70749  0.2  0.2		4.1705503158		-1.0
	300.00000000	2.89177		0.93297  0.2  0.2		4.1705503158		-1.0
	330.00000000	2.85229		1.18217  0.2  0.2		4.1705503158		-1.0
	360.00000000	3.11501		1.56321  0.2  0.2		4.1705503158		-1.0
	390.00000000	2.99041		1.96816  0.2  0.2		4.1705503158		-1.0
	420.00000000	2.93168		1.89463  0.2  0.2		4.1705503158		-1.0
	450.00000000	2.92419		1.70963  0.2  0.2		4.1705503158		-1.0
	480.00000000	2.98579		1.69869  0.2  0.2		4.1705503158		-1.0
	510.00000000	2.93303		1.72813  0.2  0.2		4.1705503158		-1.0
	540.00000000	2.8268		1.54399  0.2  0.2		4.1705503158		-1.0
	570.00000000	2.70768		1.54604  0.2  0.2		4.1705503158		-1.0
	600.00000000	3.17173		1.71614  0.2  0.2		4.1705503158		-1.0
	630.00000000	3.04355		2.07385  0.2  0.2		4.1705503158		-1.0
	660.00000000	2.95278		2.31283  0.2  0.2		4.1705503158		-1.0
	690.00000000	2.77894		2.53147  0.2  0.2		4.1705503158		-1.0
	720.00000000	2.75555		2.59762  0.2  0.2		4.1705503158		-1.0
	750.00000000	2.84355		2.49545  0.2  0.2		4.1705503158		-1.0
	780.00000000	3.1064		2.1523  0.2  0.2		4.1705503158		-1.0
	810.00000000	3.15845		1.97287  0.2  0.2		4.1705503158		-1.0
	840.00000000	2.64527		1.98233  0.2  0.2		4.1705503158		-1.0
	870.00000000	2.89296		2.08066  0.2  0.2		4.1705503158		-1.0
	900.00000000	3.08883		2.06023  0.2  0.2		4.1705503158		-1.0
	930.00000000	3.0182		2.39588  0.2  0.2		4.1705503158		-1.0
	960.00000000	2.93449		2.78845  0.2  0.2		4.1705503158		-1.0
	990.00000000	2.77022		2.73847  0.2  0.2		4.1705503158		-1.0
	1020.00000000	2.95828		2.60962  0.2  0.2		4.1705503158		-1.0
	1050.00000000	3.10882		2.55486  0.2  0.2		4.1705503158		-1.0
	1080.00000000	2.80111		2.36944  0.2  0.2		4.1705503158		-1.0
	1110.00000000	3.02873		2.25481  0.2  0.2		4.1705503158		-1.0
	1140.00000000	2.98881		2.22869  0.2  0.2		4.1705503158		-1.0
	1170.00000000	2.99457		2.34946  0.2  0.2		4.1705503158		-1.0
	1200.00000000	3.27231		2.84957  0.2  0.2		4.1705503158		-1.0
	1230.00000000	2.92899		2.89021  0.2  0.2		4.1705503158		-1.0
	1260.00000000	2.7765		2.95161  0.2  0.2		4.1705503158		-1.0
	1290.00000000	2.76535		3.03274  0.2  0.2		4.1705503158		-1.0
	1320.00000000	2.99726		3.07836  0.2  0.2		4.1705503158		-1.0
	1350.00000000	3.21822		3.05847  0.2  0.2		4.1705503158		-1.0
	1380.00000000	3.05314		2.95499  0.2  0.2		4.1705503158		-1.0
	1410.00000000	2.75686		2.81522  0.2  0.2		4.1705503158		-1.0
	1440.00000000	2.93359		2.79037  0.2  0.2		4.1705503158		-1.0
	1470.00000000	3.4262		2.53776  0.2  0.2		4.1705503158		-1.0
	1500.00000000	2.74131		2.44073  0.2  0.2		4.1705503158		-1.0
	1530.00000000	3.12745		2.26379  0.2  0.2		4.1705503158		-1.0
	1560.00000000	3.08097		1.99987  0.2  0.2		4.1705503158		-1.0
	1590.00000000	2.67499		1.89508  0.2  0.2		4.1705503158		-1.0
	1620.00000000	3.22323		1.9444  0.2  0.2		4.1705503158		-1.0
	1650.00000000	2.95374		2.20472  0.2  0.2		4.1705503158		-1.0
	1680.00000000	3.23186		2.23992  0.2  0.2		4.1705503158		-1.0
	1710.00000000	3.15572		2.46989  0.2  0.2		4.1705503158		-1.0
	1740.00000000	3.04489		2.80086  0.2  0.2		4.1705503158		-1.0
	1770.00000000	3.04107		2.63458  0.2  0.2		4.1705503158		-1.0
	1800.00000000	2.87705		2.69788  0.2  0.2		4.1705503158		-1.0
	1830.00000000	3.05151		2.92577  0.2  0.2		4.1705503158		-1.0
	1860.00000000	2.87181		3.13297  0.2  0.2		4.1705503158		-1.0
	1890.00000000	2.97335		-3.12774  0.2  0.2		4.1705503158		-1.0
	1920.00000000	2.96516		-2.98272  0.2  0.2		4.1705503158		-1.0
	1950.00000000	2.86734		-2.91455  0.2  0.2		4.1705503158		-1.0
	1980.00000000	3.06418		-3.05279  0.2  0.2		4.1705503158		-1.0
	2010.00000000	2.74546		-3.12877  0.2  0.2		4.1705503158		-1.0
	2040.00000000	3.17761		3.08062  0.2  0.2		4.1705503158		-1.0
	2070.00000000	2.88852		2.79551  0.2  0.2		4.1705503158		-1.0
	2100.00000000	3.249		2.72456  0.2  0.2		4.1705503158		-1.0
	2130.00000000	2.87827		2.70309  0.2  0.2		4.1705503158		-1.0
	2160.00000000	3.22963		2.75009  0.2  0.2		4.1705503158		-1.0
	2190.00000000	2.78477		2.91896  0.2  0.2		4.1705503158		-1.0
	2220.00000000	2.83147		3.07094  0.2  0.2		4.1705503158		-1.0
	2250.00000000	3.10453		-2.80876  0.2  0.2		4.1705503158		-1.0
	2280.00000000	2.92854		-2.65698  0.2  0.2		4.1705503158		-1.0
	2310.00000000	2.84744		-2.65372  0.2  0.2		4.1705503158		-1.0
	2340.00000000	3.04082		-2.86809  0.2  0.2		4.1705503158		-1.0
	2370.00000000	2.8297		3.03555  0.2  0.2		4.1705503158		-1.0
	2400.00000000	2.75158		-3.03736  0.2  0.2		4.1705503158		-1.0
	2430.00000000	2.89201		-2.65798  0.2  0.2		4.1705503158		-1.0
	2460.00000000	3.00942		-2.20289  0.2  0.2		4.1705503158		-1.0
	2490.00000000	3.07664		-2.20023  0.2  0.2		4.1705503158		-1.0
	2520.00000000	3.01328		-2.62377  0.2  0.2		4.1705503158		-1.0
	2550.00000000	2.97564		-2.82291  0.2  0.2		4.1705503158		-1.0
	2580.00000000	2.9624		-2.94086  0.2  0.2		4.1705503158		-1.0
	2610.00000000	2.63636		-2.88679  0.2  0.2		4.1705503158		-1.0
	2640.00000000	3.32667		-2.87556  0.2  0.2		4.1705503158		-1.0
	2670.00000000	2.83156		-2.72189  0.2  0.2		4.1705503158		-1.0
	2700.00000000	3.14288		-2.64153  0.2  0.2		4.1705503158		-1.0
	2730.00000000	2.90653		-2.68356  0.2  0.2		4.1705503158		-1.0
	2760.00000000	3.1179		-2.93947  0.2  0.2		4.1705503158		-1.0
	2790.00000000	3.18023		-3.06038  0.2  0.2		4.1705503158		-1.0
	2820.00000000	3.14059		2.95218  0.2  0.2		4.1705503158		-1.0
	2850.00000000	3.16011		2.93911  0.2  0.2		4.1705503158		-1.0
	2880.00000000	3.58935		2.8514  0.2  0.2		4.1705503158		-1.0
	2910.00000000	2.61557		2.73011  0.2  0.2		4.1705503158		-1.0
	2940.00000000	3.05677		2.63562  0.2  0.2		4.1705503158		-1.0
	2970.00000000	3.4241		2.41633  0.2  0.2		4.1705503158		-1.0
	3000.00000000	2.93362		2.59726  0.2  0.2		4.1705503158		-1.0
	3030.00000000	2.90479		2.73022  0.2  0.2		4.1705503158		-1.0
	3060.00000000	3.31352		2.82697  0.2  0.2		4.1705503158		-1.0
	3090.00000000	3.00306		3.01618  0.2  0.2		4.1705503158		-1.0
	3120.00000000	2.8471		-3.07472  0.2  0.2		4.1705503158		-1.0
	3150.00000000	2.86673		-2.73784  0.2  0.2		4.1705503158		-1.0
	3180.00000000	3.26714		-2.36938  0.2  0.2		4.1705503158		-1.0
	3210.00000000	3.00411		-2.0169  0.2  0.2		4.1705503158		-1.0
	3240.00000000	2.85728		-1.78631  0.2  0.2		4.1705503158		-1.0
	3270.00000000	2.84669		-1.74822  0.2  0.2		4.1705503158		-1.0
	3300.00000000	3.07064		-1.86108  0.2  0.2		4.1705503158		-1.0
	3330.00000000	2.89343		-2.11292  0.2  0.2		4.1705503158		-1.0
	3360.00000000	2.8863		-2.03702  0.2  0.2		4.1705503158		-1.0
	3390.00000000	2.85701		-1.60565  0.2  0.2		4.1705503158		-1.0
	3420.00000000	2.89106		-1.38219  0.2  0.2		4.1705503158		-1.0
	3450.00000000	2.86716		-1.49899  0.2  0.2		4.1705503158		-1.0
	3480.00000000	2.99074		-1.75187  0.2  0.2		4.1705503158		-1.0
	3510.00000000	2.82199		-1.92353  0.2  0.2		4.1705503158		-1.0
	3540.00000000	2.8784		-1.74176  0.2  0.2		4.1705503158		-1.0
	3570.00000000	2.98105		-1.14683  0.2  0.2		4.1705503158		-1.0
	3600.00000000	2.87568		-0.68353  0.2  0.2		4.1705503158		-1.0
	3630.00000000	2.9257		-0.76708  0.2  0.2		4.1705503158		-1.0
	3660.00000000	2.88808		-1.32883  0.2  0.2		4.1705503158		-1.0
	3690.00000000	3.08956		-1.4294  0.2  0.2		4.1705503158		-1.0
	3720.00000000	2.83255		-0.98124  0.2  0.2		4.1705503158		-1.0
	3750.00000000	2.77548		-1.27603  0.2  0.2		4.1705503158		-1.0
	3780.00000000	3.04262		-1.38052  0.2  0.2		4.1705503158		-1.0
	3810.00000000	2.78224		-1.04145  0.2  0.2		4.1705503158		-1.0
	3840.00000000	2.89387		-0.80823  0.2  0.2		4.1705503158		-1.0
	3870.00000000	2.82651		-0.74546  0.2  0.2		4.1705503158		-1.0
	3900.00000000	3.18947		-0.96867  0.2  0.2		4.1705503158		-1.0
	3930.00000000	2.65145		-1.36247  0.2  0.2		4.1705503158		-1.0
	3960.00000000	2.93626		-1.53729  0.2  0.2		4.1705503158		-1.0
	3990.00000000	2.89195		-1.30938  0.2  0.2		4.1705503158		-1.0
	4020.00000000	2.75776		-1.07792  0.2  0.2		4.1705503158		-1.0
	4050.00000000	3.05555		-0.91341  0.2  0.2		4.1705503158		-1.0
	4080.00000000	2.8983		-0.90179  0.2  0.2		4.1705503158		-1.0
	4110.00000000	3.03598		-1.09858  0.2  0.2		4.1705503158		-1.0
	4140.00000000	2.94638		-1.10194  0.2  0.2		4.1705503158		-1.0
	4170.00000000	3.03378		-0.62958  0.2  0.2		4.1705503158		-1.0
	4200.00000000	2.79362		-0.1004  0.2  0.2		4.1705503158		-1.0
	4230.00000000	2.79341		0.5733  0.2  0.2		4.1705503158		-1.0
	4260.00000000	3.30993		1.15347  0.2  0.2		4.1705503158		-1.0
	4290.00000000	3.0241		1.16548  0.2  0.2		4.1705503158		-1.0
	4320.00000000	2.98505		0.86073  0.2  0.2		4.1705503158		-1.0
	4350.00000000	2.96344		0.43211  0.2  0.2		4.1705503158		-1.0
	4380.00000000	2.95812		0.56302  0.2  0.2		4.1705503158		-1.0
	4410.00000000	2.84295		0.619  0.2  0.2		4.1705503158		-1.0
	4440.00000000	3.13218		0.87923  0.2  0.2		4.1705503158		-1.0
	4470.00000000	2.77457		0.97127  0.2  0.2		4.1705503158		-1.0
	4500.00000000	3.20781		1.14716  0.2  0.2		4.1705503158		-1.0
	4530.00000000	3.00454		1.30954  0.2  0.2		4.1705503158		-1.0
	4560.00000000	3.18642		1.3194  0.2  0.2		4.1705503158		-1.0
	4590.00000000	2.80703		0.98808  0.2  0.2		4.1705503158		-1.0
	4620.00000000	3.44028		0.68207  0.2  0.2		4.1705503158		-1.0
	4650.00000000	2.78579		0.77313  0.2  0.2		4.1705503158		-1.0
	4680.00000000	2.93643		0.52492  0.2  0.2		4.1705503158		-1.0
	4710.00000000	3.0035		0.01288  0.2  0.2		4.1705503158		-1.0
	4740.00000000	3.14601		-0.20204  0.2  0.2		4.1705503158		-1.0
	4770.00000000	2.94888		-0.31489  0.2  0.2		4.1705503158		-1.0
	4800.00000000	2.92271		-0.23491  0.2  0.2		4.1705503158		-1.0
	4830.00000000	2.91608		0.29442  0.2  0.2		4.1705503158		-1.0
	4860.00000000	3.00047		0.78267  0.2  0.2		4.1705503158		-1.0
	4890.00000000	3.22773		0.82918  0.2  0.2		4.1705503158		-1.0
	4920.00000000	3.08581		1.02454  0.2  0.2		4.1705503158		-1.0
	4950.00000000	2.81228		1.28687  0.2  0.2		4.1705503158		-1.0
	4980.00000000	2.87133		1.60877  0.2  0.2		4.1705503158		-1.0
	5010.00000000	2.97787		1.52879  0.2  0.2		4.1705503158		-1.0
	5040.00000000	3.29551		1.29512  0.2  0.2		4.1705503158		-1.0
	5070.00000000	2.82717		1.12275  0.2  0.2		4.1705503158		-1.0
	5100.00000000	2.84996		0.80239  0.2  0.2		4.1705503158		-1.0
	5130.00000000	2.76441		0.7022  0.2  0.2		4.1705503158		-1.0
	5160.00000000	2.78549		0.55601  0.2  0.2		4.1705503158		-1.0
	5190.00000000	2.91632		0.03641  0.2  0.2		4.1705503158		-1.0
	5220.00000000	2.96314		-0.46413  0.2  0.2		4.1705503158		-1.0
	5250.00000000	2.84419		-0.94764  0.2  0.2		4.1705503158		-1.0
	5280.00000000	3.13761		-1.36715  0.2  0.2		4.1705503158		-1.0
	5310.00000000	2.79419		-1.55498  0.2  0.2		4.1705503158		-1.0
	5340.00000000	2.93798		-1.65764  0.2  0.2		4.1705503158		-1.0
	5370.00000000	3.2188		-1.53678  0.2  0.2		4.1705503158		-1.0
	5400.00000000	2.82918		-1.22486  0.2  0.2		4.1705503158		-1.0
	5430.00000000	3.37964		-1.17032  0.2  0.2		4.1705503158		-1.0
	5460.00000000	2.98333		-1.67266  0.2  0.2		4.1705503158		-1.0
	5490.00000000	3.16967		-1.85103  0.2  0.2		4.1705503158		-1.0
	5520.00000000	2.97806		-1.94843  0.2  0.2		4.1705503158		-1.0
	5550.00000000	2.96061		-2.2874  0.2  0.2		4.1705503158		-1.0
	5580.00000000	2.79834		-2.27207  0.2  0.2		4.1705503158		-1.0
	5610.00000000	2.76107		-2.15349  0.2  0.2		4.1705503158		-1.0
	5640.00000000	2.87485		-2.07605  0.2  0.2		4.1705503158		-1.0
	5670.00000000	2.8888		-2.15647  0.2  0.2		4.1705503158		-1.0
	5700.00000000	2.96586		-2.29838  0.2  0.2		4.1705503158		-1.0
	5730.00000000	2.89711		-2.26392  0.2  0.2		4.1705503158		-1.0
	5760.00000000	2.92025		-2.52139  0.2  0.2		4.1705503158		-1.0
	5790.00000000	2.88233		-2.48551  0.2  0.2		4.1705503158		-1.0
	5820.00000000	3.31		-2.27822  0.2  0.2		4.1705503158		-1.0
	5850.00000000	2.72309		-2.09835  0.2  0.2		4.1705503158		-1.0
	5880.00000000	2.82085		-2.37041  0.2  0.2		4.1705503158		-1.0
	5910.00000000	2.7515		-2.45235  0.2  0.2		4.1705503158		-1.0
	5940.00000000	2.8337		-2.62526  0.2  0.2		4.1705503158		-1.0
	5970.00000000	2.87723		-2.69634  0.2  0.2		4.1705503158		-1.0
	6000.00000000	2.89626		-2.73916  0.2  0.2		4.1705503158		-1.0
	6030.00000000	3.38331		-2.26814  0.2  0.2		4.1705503158		-1.0
	6060.00000000	2.99685		-1.89744  0.2  0.2		4.1705503158		-1.0
	6090.00000000	3.34589		-1.84048  0.2  0.2		4.1705503158		-1.0
	6120.00000000	3.31847		-1.69883  0.2  0.2		4.1705503158		-1.0
	6150.00000000	3.18967		-1.79056  0.2  0.2		4.1705503158		-1.0
	6180.00000000	3.23748		-1.86199  0.2  0.2		4.1705503158		-1.0
	6210.00000000	3.40781		-2.11294  0.2  0.2		4.1705503158		-1.0
	6240.00000000	2.85517		-2.22298  0.2  0.2		4.1705503158		-1.0
	6270.00000000	2.76772		-2.03787  0.2  0.2		4.1705503158		-1.0
	6300.00000000	2.78787		-1.69702  0.2  0.2		4.1705503158		-1.0
	6330.00000000	2.83583		-1.37274  0.2  0.2		4.1705503158		-1.0
	6360.00000000	3.43295		-0.80353  0.2  0.2		4.1705503158		-1.0
	6390.00000000	2.93542		-0.55705  0.2  0.2		4.1705503158		-1.0
	6420.00000000	2.97128		-0.91524  0.2  0.2		4.1705503158		-1.0
	6450.00000000	2.87223		-0.98843  0.2  0.2		4.1705503158		-1.0
	6480.00000000	2.85542		-0.56972  0.2  0.2		4.1705503158		-1.0
	6510.00000000	3.08364		-0.3518  0.2  0.2		4.1705503158		-1.0
	6540.00000000	2.73395		-0.47024  0.2  0.2		4.1705503158		-1.0
	6570.00000000	3.24698		-0.46346  0.2  0.2		4.1705503158		-1.0
	6600.00000000	2.66647		-0.3419  0.2  0.2		4.1705503158		-1.0
	6630.00000000	3.03132		-0.1169  0.2  0.2		4.1705503158		-1.0
	6660.00000000	3.22714		0.18509  0.2  0.2		4.1705503158		-1.0
	6690.00000000	2.72764		0.4541  0.2  0.2		4.1705503158		-1.0
	6720.00000000	3.14542		0.44485  0.2  0.2		4.1705503158		-1.0
	6750.00000000	2.97498		0.03006  0.2  0.2		4.1705503158		-1.0
	6780.00000000	2.716		-0.15324  0.2  0.2		4.1705503158		-1.0
	6810.00000000	3.21098		-0.09869  0.2  0.2		4.1705503158		-1.0
	6840.00000000	2.78876		0.09849  0.2  0.2		4.1705503158		-1.0
	6870.00000000	3.07673		0.37886  0.2  0.2		4.1705503158		-1.0
	6900.00000000	3.1046		0.59975  0.2  0.2		4.1705503158		-1.0
	6930.00000000	2.82259		0.2909  0.2  0.2		4.1705503158		-1.0
	6960.00000000	2.90179		0.11598  0.2  0.2		4.1705503158		-1.0
	6990.00000000	2.96692		0.22004  0.2  0.2		4.1705503158		-1.0
	7020.00000000	3.05697		0.43195  0.2  0.2		4.1705503158		-1.0
	7050.00000000	3.26948		0.34195  0.2  0.2		4.1705503158		-1.0
	7080.00000000	2.96664		0.14513  0.2  0.2		4.1705503158		-1.0
	7110.00000000	2.82757		-0.01997  0.2  0.2		4.1705503158		-1.0
	7140.00000000	2.80742		-0.27649  0.2  0.2		4.1705503158		-1.0
	7170.00000000	3.2351		-0.40765  0.2  0.2		4.1705503158		-1.0
	7200.00000000	3.18564		-0.89295  0.2  0.2		4.1705503158		-1.0
	7230.00000000	3.10593		-1.10561  0.2  0.2		4.1705503158		-1.0
	7260.00000000	3.29195		-1.00029  0.2  0.2		4.1705503158		-1.0
	7290.00000000	3.1774		-0.53877  0.2  0.2		4.1705503158		-1.0
	7320.00000000	2.76258		-0.45595  0.2  0.2		4.1705503158		-1.0
	7350.00000000	2.81663		-0.63802  0.2  0.2		4.1705503158		-1.0
	7380.00000000	3.03737		-0.6507  0.2  0.2		4.1705503158		-1.0
	7410.00000000	3.25932		-0.53667  0.2  0.2		4.1705503158		-1.0
	7440.00000000	3.23373		-0.76285  0.2  0.2		4.1705503158		-1.0
	7470.00000000	3.47451		-0.8974  0.2  0.2		4.1705503158		-1.0
	7500.00000000	2.76806		-0.87252  0.2  0.2		4.1705503158		-1.0
	7530.00000000	3.06543		-0.90121  0.2  0.2		4.1705503158		-1.0
	7560.00000000	3.28831		-0.60776  0.2  0.2		4.1705503158		-1.0
	7590.00000000	2.71929		-0.54  0.2  0.2		4.1705503158		-1.0
	7620.00000000	2.81644		-0.62958  0.2  0.2		4.1705503158		-1.0
	7650.00000000	2.90383		-0.52504  0.2  0.2		4.1705503158		-1.0
	7680.00000000	3.45606		-0.30421  0.2  0.2		4.1705503158		-1.0
	7710.00000000	2.78152		-0.17699  0.2  0.2		4.1705503158		-1.0
	7740.00000000	3.21479		-0.10071  0.2  0.2		4.1705503158		-1.0
	7770.00000000	3.05232		0.0085  0.2  0.2		4.1705503158		-1.0
	7800.00000000	2.73095		0.40019  0.2  0.2		4.1705503158		-1.0
	7830.00000000	2.77691		0.78584  0.2  0.2		4.1705503158		-1.0
	7860.00000000	2.68111		1.31305  0.2  0.2		4.1705503158		-1.0
	7890.00000000	2.66397		1.48922  0.2  0.2		4.1705503158		-1.0
	7920.00000000	2.80226		1.58825  0.2  0.2		4.1705503158		-1.0
	7950.00000000	2.83871		1.56567  0.2  0.2		4.1705503158		-1.0
	7980.00000000	2.87024		1.63743  0.2  0.2		4.1705503158		-1.0
	8010.00000000	3.3583		1.78981  0.2  0.2		4.1705503158		-1.0
	8040.00000000	2.99695		1.89994  0.2  0.2		4.1705503158		-1.0
	8070.00000000	2.81529		1.78118  0.2  0.2		4.1705503158		-1.0
	8100.00000000	2.9009		1.66483  0.2  0.2		4.1705503158		-1.0
	8130.00000000	3.39544		1.35793  0.2  0.2		4.1705503158		-1.0
	8160.00000000	2.80859		0.98637  0.2  0.2		4.1705503158		-1.0
	8190.00000000	2.93239		0.8168  0.2  0.2		4.1705503158		-1.0
	8220.00000000	3.1602		1.17765  0.2  0.2		4.1705503158		-1.0
	8250.00000000	3.02261		1.40272  0.2  0.2		4.1705503158		-1.0
	8280.00000000	2.76595		1.37936  0.2  0.2		4.1705503158		-1.0
	8310.00000000	2.74692		1.0773  0.2  0.2		4.1705503158		-1.0
	8340.00000000	2.66579		0.71094  0.2  0.2		4.1705503158		-1.0
	8370.00000000	2.69105		1.08342  0.2  0.2		4.1705503158		-1.0
	8400.00000000	2.66885		1.45447  0.2  0.2		4.1705503158		-1.0
	8430.00000000	3.47276		1.54501  0.2  0.2		4.1705503158		-1.0
	8460.00000000	3.27398		1.43995  0.2  0.2		4.1705503158		-1.0
	8490.00000000	3.06072		0.97079  0.2  0.2		4.1705503158		-1.0
	8520.00000000	2.75309		0.43114  0.2  0.2		4.1705503158		-1.0
	8550.00000000	2.68479		0.07445  0.2  0.2		4.1705503158		-1.0
	8580.00000000	2.74878		0.1112  0.2  0.2		4.1705503158		-1.0
	8610.00000000	3.3073		0.34857  0.2  0.2		4.1705503158		-1.0
	8640.00000000	3.16252		0.63489  0.2  0.2		4.1705503158		-1.0
	8670.00000000	3.32669		0.71189  0.2  0.2		4.1705503158		-1.0
	8700.00000000	3.13332		0.76662  0.2  0.2		4.1705503158		-1.0
	8730.00000000	3.25729		0.83657  0.2  0.2		4.1705503158		-1.0
	8760.00000000	3.32253		0.86879  0.2  0.2		4.1705503158		-1.0
	8790.00000000	3.24287		0.70038  0.2  0.2		4.1705503158		-1.0
	8820.00000000	2.86185		0.4385  0.2  0.2		4.1705503158		-1.0
	8850.00000000	2.95501		0.30359  0.2  0.2		4.1705503158		-1.0
	8880.00000000	3.45783		0.26894  0.2  0.2		4.1705503158		-1.0
	8910.00000000	2.97069		-0.02979  0.2  0.2		4.1705503158		-1.0
	8940.00000000	2.81594		-0.31096  0.2  0.2		4.1705503158		-1.0
	8970.00000000	3.32915		-0.28872  0.2  0.2		4.1705503158		-1.0
	9000.00000000	2.75126		-0.37199  0.2  0.2		4.1705503158		-1.0
	9030.00000000	3.36641		-0.55416  0.2  0.2		4.1705503158		-1.0
	9060.00000000	3.13704		-0.94522  0.2  0.2		4.1705503158		-1.0
	9090.00000000	3.25214		-1.23893  0.2  0.2		4.1705503158		-1.0
	9120.00000000	3.24082		-1.2599  0.2  0.2		4.1705503158		-1.0
	9150.00000000	3.19737		-1.20431  0.2  0.2		4.1705503158		-1.0
	9180.00000000	2.66139		-1.38825  0.2  0.2		4.1705503158		-1.0
	9210.00000000	3.52559		-1.30155  0.2  0.2		4.1705503158		-1.0
	9240.00000000	3.00944		-1.2918  0.2  0.2		4.1705503158		-1.0
	9270.00000000	2.71463		-1.48131  0.2  0.2		4.1705503158		-1.0
	9300.00000000	2.65997		-1.70821  0.2  0.2		4.1705503158		-1.0
	9330.00000000	3.39391		-1.76057  0.2  0.2		4.1705503158		-1.0
	9360.00000000	3.08589		-1.48432  0.2  0.2		4.1705503158		-1.0
	9390.00000000	3.29669		-1.48165  0.2  0.2		4.1705503158		-1.0
	9420.00000000	3.35098		-1.65171  0.2  0.2		4.1705503158		-1.0
	9450.00000000	3.30022		-1.87201  0.2  0.2		4.1705503158		-1.0
	9480.00000000	3.43422		-1.6964  0.2  0.2		4.1705503158		-1.0
	9510.00000000	3.20692		-1.42887  0.2  0.2		4.1705503158		-1.0
	9540.00000000	3.53897		-1.40864  0.2  0.2		4.1705503158		-1.0
	9570.00000000	3.11583		-1.54535  0.2  0.2		4.1705503158		-1.0
	9600.00000000	2.77358		-1.35226  0.2  0.2		4.1705503158		-1.0
	9630.00000000	2.78485		-1.37702  0.2  0.2		4.1705503158		-1.0
	9660.00000000	3.74925		-1.5239  0.2  0.2		4.1705503158		-1.0
	9690.00000000	3.05449		-1.53821  0.2  0.2		4.1705503158		-1.0
	9500.00000000	3.25292		-1.47406  0.2  0.2		4.1705503158		-1.0
	9530.00000000	3.52262		-1.27973  0.2  0.2		4.1705503158		-1.0
	9560.00000000	3.38205		-1.53028  0.2  0.2		4.1705503158		-1.0
	9590.00000000	2.62223		-1.36933  0.2  0.2		4.1705503158		-1.0
	9620.00000000	2.61586		-1.27759  0.2  0.2		4.1705503158		-1.0
	9650.00000000	3.38484		-1.34551  0.2  0.2		4.1705503158		-1.0
	9680.00000000	3.36734		-1.57949  0.2  0.2		4.1705503158		-1.0
	9710.00000000	2.65699		-1.66027  0.2  0.2		4.1705503158		-1.0
	9740.00000000	3.77071		-1.74707  0.2  0.2		4.1705503158		-1.0
	9770.00000000	3.03313		-1.74305  0.2  0.2		4.1705503158		-1.0
	9800.00000000	2.87482		-1.81869  0.2  0.2		4.1705503158		-1.0
	9830.00000000	3.32208		-2.03977  0.2  0.2		4.1705503158		-1.0
	9860.00000000	2.7471		-2.27823  0.2  0.2		4.1705503158		-1.0
	9890.00000000	2.82395		-2.30632  0.2  0.2		4.1705503158		-1.0
	9920.00000000	2.70047		-2.25536  0.2  0.2		4.1705503158		-1.0
	9950.00000000	2.70869		-2.24037  0.2  0.2		4.1705503158		-1.0
	9980.00000000	2.86587		-2.20133  0.2  0.2		4.1705503158		-1.0
	10010.00000000	3.41711		-2.32193  0.2  0.2		4.1705503158		-1.0
	10040.00000000	3.26043		-2.32798  0.2  0.2		4.1705503158		-1.0
	10070.00000000	3.02451		-2.3767  0.2  0.2		4.1705503158		-1.0
	10100.00000000	3.03982		-2.43232  0.2  0.2		4.1705503158		-1.0
	10130.00000000	3.55871		-2.73086  0.2  0.2		4.1705503158		-1.0
	10160.00000000	3.32685		-2.79444  0.2  0.2		4.1705503158		-1.0
	10190.00000000	3.24011		-2.71258  0.2  0.2		4.1705503158		-1.0
	10220.00000000	3.19686		-2.42909  0.2  0.2		4.1705503158		-1.0
	10250.00000000	3.65216		-2.27507  0.2  0.2		4.1705503158		-1.0
	10280.00000000	3.06287		-2.15571  0.2  0.2		4.1705503158		-1.0
	10310.00000000	3.61711		-2.22267  0.2  0.2		4.1705503158		-1.0
	10340.00000000	3.55912		-2.22978  0.2  0.2		4.1705503158		-1.0
	10370.00000000	2.78206		-2.00166  0.2  0.2		4.1705503158		-1.0
	10400.00000000	2.72073		-1.87108  0.2  0.2		4.1705503158		-1.0
	10430.00000000	2.84304		-1.88417  0.2  0.2		4.1705503158		-1.0
	10460.00000000	2.76191		-2.00915  0.2  0.2		4.1705503158		-1.0
	10490.00000000	2.75196		-1.79034  0.2  0.2		4.1705503158		-1.0
	10520.00000000	2.73375		-1.64719  0.2  0.2		4.1705503158		-1.0
	10550.00000000	2.87382		-1.85718  0.2  0.2		4.1705503158		-1.0
	10580.00000000	3.63037		-1.93291  0.2  0.2		4.1705503158		-1.0
	10610.00000000	3.05764		-2.14311  0.2  0.2		4.1705503158		-1.0
	10640.00000000	3.52751		-2.17266  0.2  0.2		4.1705503158		-1.0
	10670.00000000	2.61111		-1.80712  0.2  0.2		4.1705503158		-1.0
	10700.00000000	3.607		-1.9266  0.2  0.2		4.1705503158		-1.0
	10730.00000000	3.20569		-1.8603  0.2  0.2		4.1705503158		-1.0
	10760.00000000	3.42539		-1.66438  0.2  0.2		4.1705503158		-1.0
	10790.00000000	3.20412		-1.66473  0.2  0.2		4.1705503158		-1.0
	10820.00000001	3.4273		-1.42487  0.2  0.2		4.1705503158		-1.0
	10850.00000001	3.42243		-1.56036  0.2  0.2		4.1705503158		-1.0
	10880.00000001	3.3532		-1.62696  0.2  0.2		4.1705503158		-1.0
	10910.00000001	3.2934		-1.2973  0.2  0.2		4.1705503158		-1.0
	10940.00000001	3.01243		-1.16385  0.2  0.2		4.1705503158		-1.0
	10970.00000001	2.78713		-1.16898  0.2  0.2		4.1705503158		-1.0
	11000.00000001	2.84212		-0.98136  0.2  0.2		4.1705503158		-1.0
	11030.00000001	2.79397		-1.26755  0.2  0.2		4.1705503158		-1.0
	11060.00000001	2.64569		-1.41005  0.2  0.2		4.1705503158		-1.0
	11090.00000001	2.67551		-1.77025  0.2  0.2		4.1705503158		-1.0
	11120.00000001	2.65795		-1.64042  0.2  0.2		4.1705503158		-1.0
	11150.00000001	2.83355		-1.56334  0.2  0.2		4.1705503158		-1.0
	11180.00000001	2.78068		-1.25153  0.2  0.2		4.1705503158		-1.0
	11210.00000001	2.85588		-0.67717  0.2  0.2		4.1705503158		-1.0
	11240.00000001	2.72949		-0.5494  0.2  0.2		4.1705503158		-1.0
	11270.00000001	2.75359		-0.95673  0.2  0.2		4.1705503158		-1.0
	11300.00000001	2.89433		-1.15556  0.2  0.2		4.1705503158		-1.0
	11330.00000001	3.0006		-0.80091  0.2  0.2		4.1705503158		-1.0
	11360.00000001	3.13098		-0.14782  0.2  0.2		4.1705503158		-1.0
	11390.00000001	3.35716		-0.0384  0.2  0.2		4.1705503158		-1.0
	11420.00000001	3.18583		0.22272  0.2  0.2		4.1705503158		-1.0
	11450.00000001	3.39256		0.6326  0.2  0.2		4.1705503158		-1.0
	11480.00000001	3.16722		0.72438  0.2  0.2		4.1705503158		-1.0
	11510.00000001	3.58866		0.53984  0.2  0.2		4.1705503158		-1.0
	11540.00000001	3.0806		0.33446  0.2  0.2		4.1705503158		-1.0
	11570.00000001	2.83081		0.20703  0.2  0.2		4.1705503158		-1.0
	11600.00000001	3.58492		0.19422  0.2  0.2		4.1705503158		-1.0
	11630.00000001	2.90324		0.09962  0.2  0.2		4.1705503158		-1.0
	11660.00000001	2.8389		-0.00724  0.2  0.2		4.1705503158		-1.0
	11690.00000001	2.66018		-0.06563  0.2  0.2		4.1705503158		-1.0
	11720.00000001	2.78581		-0.27477  0.2  0.2		4.1705503158		-1.0
	11750.00000001	2.72595		-0.47492  0.2  0.2		4.1705503158		-1.0
	11780.00000001	2.72091		-1.00091  0.2  0.2		4.1705503158		-1.0
	11810.00000001	2.72995		-1.09146  0.2  0.2		4.1705503158		-1.0
	11840.00000001	2.578		-0.66673  0.2  0.2		4.1705503158		-1.0
	11870.00000001	3.2802		-0.25346  0.2  0.2		4.1705503158		-1.0
	11900.00000001	2.76369		-0.46079  0.2  0.2		4.1705503158		-1.0
	11930.00000001	2.66566		-0.96968  0.2  0.2		4.1705503158		-1.0
	11960.00000001	2.95112		-1.1287  0.2  0.2		4.1705503158		-1.0
	11990.00000001	3.37714		-0.95641  0.2  0.2		4.1705503158		-1.0
	12020.00000001	3.16958		-0.63223  0.2  0.2		4.1705503158		-1.0
	12050.00000001	2.65131		-0.39575  0.2  0.2		4.1705503158		-1.0
	12080.00000001	3.39781		-0.25708  0.2  0.2		4.1705503158		-1.0
	12110.00000001	2.91566		-0.31442  0.2  0.2		4.1705503158		-1.0
	12140.00000001	3.19694		-0.57575  0.2  0.2		4.1705503158		-1.0
	12170.00000001	3.02077		-0.92076  0.2  0.2		4.1705503158		-1.0
	12200.00000001	3.54548		-0.95416  0.2  0.2		4.1705503158		-1.0
	12230.00000001	3.01069		-0.71162  0.2  0.2		4.1705503158		-1.0
	12260.00000001	3.27137		-0.04497  0.2  0.2		4.1705503158		-1.0
	12290.00000001	3.08814		0.19209  0.2  0.2		4.1705503158		-1.0
	12320.00000001	3.16496		0.40133  0.2  0.2		4.1705503158		-1.0
	12350.00000001	3.59178		0.46916  0.2  0.2		4.1705503158		-1.0
	12380.00000001	3.7163		0.29461  0.2  0.2		4.1705503158		-1.0
	12410.00000001	3.17462		0.0733  0.2  0.2		4.1705503158		-1.0
	12440.00000001	2.91714		0.18669  0.2  0.2		4.1705503158		-1.0
	12470.00000001	2.79062		0.33973  0.2  0.2		4.1705503158		-1.0
	12500.00000001	2.7438		0.87785  0.2  0.2		4.1705503158		-1.0
	12530.00000001	2.6401		0.95798  0.2  0.2		4.1705503158		-1.0
	12560.00000001	3.22968		1.05308  0.2  0.2		4.1705503158		-1.0
	12590.00000001	3.18727		1.23256  0.2  0.2		4.1705503158		-1.0
	12620.00000001	2.91383		1.19683  0.2  0.2		4.1705503158		-1.0
	12650.00000001	2.99121		1.03031  0.2  0.2		4.1705503158		-1.0
	12680.00000001	3.33541		1.29362  0.2  0.2		4.1705503158		-1.0
	12710.00000001	3.5068		1.30581  0.2  0.2		4.1705503158		-1.0
	12740.00000001	2.99028		1.32156  0.2  0.2		4.1705503158		-1.0
	12770.00000001	3.53488		1.45438  0.2  0.2		4.1705503158		-1.0
	12800.00000001	3.15692		1.5792  0.2  0.2		4.1705503158		-1.0
	12830.00000001	3.19806		1.70252  0.2  0.2		4.1705503158		-1.0
	12860.00000001	3.41281		1.72325  0.2  0.2		4.1705503158		-1.0
	12890.00000001	2.88437		1.75285  0.2  0.2		4.1705503158		-1.0
	12920.00000001	2.91809		1.82828  0.2  0.2		4.1705503158		-1.0
	12950.00000001	2.70198		1.69218  0.2  0.2		4.1705503158		-1.0
	12980.00000001	2.64361		1.80747  0.2  0.2		4.1705503158		-1.0
	13010.00000001	2.76261		2.12636  0.2  0.2		4.1705503158		-1.0
	13040.00000001	3.0346		2.06691  0.2  0.2		4.1705503158		-1.0
	13070.00000001	2.79172		2.21728  0.2  0.2		4.1705503158		-1.0
	13100.00000001	3.02226		2.34091  0.2  0.2		4.1705503158		-1.0
	13130.00000001	2.82409		2.20878  0.2  0.2		4.1705503158		-1.0
	13160.00000001	3.007		2.25797  0.2  0.2		4.1705503158		-1.0
	13190.00000001	3.42031		2.1447  0.2  0.2		4.1705503158		-1.0
	13220.00000001	3.52694		1.89444  0.2  0.2		4.1705503158		-1.0
	13250.00000001	3.29261		1.85024  0.2  0.2		4.1705503158		-1.0
	13280.00000001	3.21418		1.84856  0.2  0.2		4.1705503158		-1.0
	13310.00000001	2.82979		2.03516  0.2  0.2		4.1705503158		-1.0
	13340.00000001	2.89104		2.38116  0.2  0.2		4.1705503158		-1.0
	13370.00000001	2.84769		2.48417  0.2  0.2		4.1705503158		-1.0
	13400.00000001	2.85101		2.38528  0.2  0.2		4.1705503158		-1.0
	13430.00000001	2.69771		2.12868  0.2  0.2		4.1705503158		-1.0
	13460.00000001	2.65159		1.83707  0.2  0.2		4.1705503158		-1.0
	13490.00000001	2.75242		1.78301  0.2  0.2		4.1705503158		-1.0
	13520.00000001	2.98268		1.74955  0.2  0.2		4.1705503158		-1.0
	13550.00000001	3.60098		1.71443  0.2  0.2		4.1705503158		-1.0
	13580.00000001	3.24481		1.64015  0.2  0.2		4.1705503158		-1.0
	13610.00000001	3.66095		1.58858  0.2  0.2		4.1705503158		-1.0
	13640.00000001	3.265		1.75941  0.2  0.2		4.1705503158		-1.0
	13670.00000001	3.52188		1.82117  0.2  0.2		4.1705503158		-1.0
	13700.00000001	3.47922		1.74795  0.2  0.2		4.1705503158		-1.0
	13730.00000001	3.3308		1.85348  0.2  0.2		4.1705503158		-1.0
	13760.00000001	3.50335		1.88615  0.2  0.2		4.1705503158		-1.0
	13790.00000001	3.61719		2.04574  0.2  0.2		4.1705503158		-1.0
	13820.00000001	3.28454		2.20176  0.2  0.2		4.1705503158		-1.0
	13850.00000001	3.51685		2.1107  0.2  0.2		4.1705503158		-1.0
	13880.00000001	3.71355		2.22238  0.2  0.2		4.1705503158		-1.0
	13910.00000001	3.2311		2.36845  0.2  0.2		4.1705503158		-1.0
	13940.00000001	3.6184		2.23853  0.2  0.2		4.1705503158		-1.0
	13970.00000001	3.21998		2.00181  0.2  0.2		4.1705503158		-1.0
	14000.00000001	3.55626		2.10942  0.2  0.2		4.1705503158		-1.0
	14030.00000001	3.56343		2.61055  0.2  0.2		4.1705503158		-1.0
	14060.00000001	2.90721		2.49681  0.2  0.2		4.1705503158		-1.0
	14090.00000001	2.79622		2.20317  0.2  0.2		4.1705503158		-1.0
	14120.00000001	2.73675		2.2453  0.2  0.2		4.1705503158		-1.0
	14150.00000001	2.63356		2.18862  0.2  0.2		4.1705503158		-1.0
	14180.00000001	2.82146		2.13771  0.2  0.2		4.1705503158		-1.0
	14210.00000001	3.45558		2.2987  0.2  0.2		4.1705503158		-1.0
	14240.00000000	3.66685		2.52576  0.2  0.2		4.1705503158		-1.0
	14270.00000000	3.20343		2.74968  0.2  0.2		4.1705503158		-1.0
	14300.00000000	3.38133		2.70658  0.2  0.2		4.1705503158		-1.0
	14330.00000000	3.03068		2.4615  0.2  0.2		4.1705503158		-1.0
	14360.00000000	3.38869		2.3374  0.2  0.2		4.1705503158		-1.0
	14390.00000000	2.79212		2.42672  0.2  0.2		4.1705503158		-1.0
	14420.00000000	2.97436		2.73567  0.2  0.2		4.1705503158		-1.0
	14450.00000000	3.49648		2.5162  0.2  0.2		4.1705503158		-1.0
	14480.00000000	3.30025		2.41849  0.2  0.2		4.1705503158		-1.0
	14510.00000000	3.24645		2.4867  0.2  0.2		4.1705503158		-1.0
	14540.00000000	2.96021		2.32938  0.2  0.2		4.1705503158		-1.0
	14570.00000000	2.77485		2.26516  0.2  0.2		4.1705503158		-1.0
	14600.00000000	2.85377		2.30189  0.2  0.2		4.1705503158		-1.0
	14630.00000000	2.89543		2.25878  0.2  0.2		4.1705503158		-1.0
	14660.00000000	3.83507		2.64529  0.2  0.2		4.1705503158		-1.0
	14690.00000000	2.89741		2.84462  0.2  0.2		4.1705503158		-1.0
	14720.00000000	2.98653		2.98888  0.2  0.2		4.1705503158		-1.0
	14750.00000000	3.38037		3.06238  0.2  0.2		4.1705503158		-1.0
	14780.00000000	3.41009		3.05489  0.2  0.2		4.1705503158		-1.0
	14810.00000000	3.41626		-3.01582  0.2  0.2		4.1705503158		-1.0
	14840.00000000	3.46076		-3.10945  0.2  0.2		4.1705503158		-1.0
	14870.00000000	3.05603		-3.11966  0.2  0.2		4.1705503158		-1.0
	14900.00000000	2.94856		-3.00323  0.2  0.2		4.1705503158		-1.0
	14930.00000000	3.46229		-3.01493  0.2  0.2		4.1705503158		-1.0
	14960.00000000	3.15437		-2.97969  0.2  0.2		4.1705503158		-1.0
	14990.00000000	2.88987		-2.96215  0.2  0.2		4.1705503158		-1.0
	15020.00000000	3.73099		-3.05003  0.2  0.2		4.1705503158		-1.0
	15050.00000000	2.53563		-2.91071  0.2  0.2		4.1705503158		-1.0
	15080.00000000	3.71397		-2.92375  0.2  0.2		4.1705503158		-1.0
	15110.00000000	3.15452		-3.05995  0.2  0.2		4.1705503158		-1.0
	15140.00000000	2.82224		-2.83716  0.2  0.2		4.1705503158		-1.0
	15170.00000000	2.82034		-2.91757  0.2  0.2		4.1705503158		-1.0
	15200.00000000	2.73215		-2.85226  0.2  0.2		4.1705503158		-1.0
	15230.00000000	2.63627		-2.66614  0.2  0.2		4.1705503158		-1.0
	15260.00000000	2.7469		-2.4567  0.2  0.2		4.1705503158		-1.0
	15290.00000000	2.78929		-2.39097  0.2  0.2		4.1705503158		-1.0
	15320.00000000	2.72904		-2.81718  0.2  0.2		4.1705503158		-1.0
	15350.00000000	2.78331		-3.02519  0.2  0.2		4.1705503158		-1.0
	15380.00000000	2.6222		-2.88033  0.2  0.2		4.1705503158		-1.0
	15410.00000000	3.42043		-2.69861  0.2  0.2		4.1705503158		-1.0
	15440.00000000	4.04423		-2.62038  0.2  0.2		4.1705503158		-1.0
	15470.00000000	2.6093		-2.59478  0.2  0.2		4.1705503158		-1.0
	15500.00000000	3.83748		-2.68462  0.2  0.2		4.1705503158		-1.0
	15530.00000000	2.89714		-2.5386  0.2  0.2		4.1705503158		-1.0
	15560.00000000	3.56536		-2.56417  0.2  0.2		4.1705503158		-1.0
	15590.00000000	3.50319		-2.92684  0.2  0.2		4.1705503158		-1.0
	15620.00000000	2.78119		-2.90762  0.2  0.2		4.1705503158		-1.0
	15650.00000000	4.00595		-2.85517  0.2  0.2		4.1705503158		-1.0
	15680.00000000	3.18324		-2.88833  0.2  0.2		4.1705503158		-1.0
	15710.00000000	3.49517		-2.85084  0.2  0.2		4.1705503158		-1.0
	15740.00000000	3.46262		-2.69192  0.2  0.2		4.1705503158		-1.0
	15770.00000000	3.15409		-2.59969  0.2  0.2		4.1705503158		-1.0
	15800.00000000	4.37853		-2.81998  0.2  0.2		4.1705503158		-1.0
	15830.00000000	4.02892		-3.08198  0.2  0.2		4.1705503158		-1.0
	15860.00000000	2.52003		2.97641  0.2  0.2		4.1705503158		-1.0
	15890.00000000	3.78627		3.05811  0.2  0.2		4.1705503158		-1.0
	15920.00000000	4.30912		-3.0003  0.2  0.2		4.1705503158		-1.0
	15950.00000000	3.73283		-3.07206  0.2  0.2		4.1705503158		-1.0
	15980.00000000	2.8826		-3.11131  0.2  0.2		4.1705503158		-1.0
	16010.00000000	2.73627		-2.94947  0.2  0.2		4.1705503158		-1.0
	16040.00000000	2.5874		-2.62966  0.2  0.2		4.1705503158		-1.0
	16070.00000000	2.6732		-2.4273  0.2  0.2		4.1705503158		-1.0
	16100.00000000	3.54596		-2.44725  0.2  0.2		4.1705503158		-1.0
	16130.00000000	3.16886		-2.78918  0.2  0.2		4.1705503158		-1.0
	16160.00000000	3.48895		-2.7635  0.2  0.2		4.1705503158		-1.0
	16190.00000000	3.59272		-2.7169  0.2  0.2		4.1705503158		-1.0
	16220.00000000	3.24837		-2.69515  0.2  0.2		4.1705503158		-1.0
	16250.00000000	3.31911		-2.51094  0.2  0.2		4.1705503158		-1.0
	16280.00000000	3.23862		-2.53286  0.2  0.2		4.1705503158		-1.0
	16310.00000000	3.69548		-2.40672  0.2  0.2		4.1705503158		-1.0
	16340.00000000	3.19092		-2.53836  0.2  0.2		4.1705503158		-1.0
	16370.00000000	3.58869		-2.4223  0.2  0.2		4.1705503158		-1.0
	16400.00000000	3.56275		-2.33905  0.2  0.2		4.1705503158		-1.0
	16430.00000000	3.10078		-2.66431  0.2  0.2		4.1705503158		-1.0
	16460.00000000	4.02063		-2.70361  0.2  0.2		4.1705503158		-1.0
	16490.00000000	3.37436		-2.57479  0.2  0.2		4.1705503158		-1.0
	16520.00000000	3.24059		-2.46797  0.2  0.2		4.1705503158		-1.0
	16550.00000000	3.73184		-2.5453  0.2  0.2		4.1705503158		-1.0
	16580.00000000	3.19996		-2.54558  0.2  0.2		4.1705503158		-1.0
	16610.00000000	3.24713		-2.27264  0.2  0.2		4.1705503158		-1.0
	16640.00000000	3.12739		-2.23343  0.2  0.2		4.1705503158		-1.0
	16670.00000000	3.35712		-2.25083  0.2  0.2		4.1705503158		-1.0
	16700.00000000	3.76871		-2.05457  0.2  0.2		4.1705503158		-1.0
	16730.00000000	3.08609		-1.9348  0.2  0.2		4.1705503158		-1.0
	16760.00000000	3.26972		-2.28305  0.2  0.2		4.1705503158		-1.0
	16790.00000000	2.81807		-2.39221  0.2  0.2		4.1705503158		-1.0
	16820.00000000	2.94076		-2.33618  0.2  0.2		4.1705503158		-1.0
	16850.00000000	3.16928		-2.1457  0.2  0.2		4.1705503158		-1.0
	16880.00000000	3.12291		-1.81253  0.2  0.2		4.1705503158		-1.0
	16910.00000000	3.48493		-1.88636  0.2  0.2		4.1705503158		-1.0
	16940.00000000	3.6103		-1.98236  0.2  0.2		4.1705503158		-1.0
	16970.00000000	3.26776		-1.5747  0.2  0.2		4.1705503158		-1.0
	17000.00000000	2.67588		-1.09953  0.2  0.2		4.1705503158		-1.0
	17030.00000000	2.7442		-1.05812  0.2  0.2		4.1705503158		-1.0
	17060.00000000	2.67599		-1.2659  0.2  0.2		4.1705503158		-1.0
	17090.00000000	2.67155		-1.72081  0.2  0.2		4.1705503158		-1.0
	17120.00000000	2.66019		-1.8862  0.2  0.2		4.1705503158		-1.0
	17150.00000000	2.69989		-1.96491  0.2  0.2		4.1705503158		-1.0
	17180.00000000	2.69935		-1.83926  0.2  0.2		4.1705503158		-1.0
	17210.00000000	2.62786		-1.7895  0.2  0.2		4.1705503158		-1.0
	17240.00000000	2.65874		-2.19  0.2  0.2		4.1705503158		-1.0
	17270.00000000	2.63196		-2.50245  0.2  0.2		4.1705503158		-1.0
	17300.00000000	2.65922		-2.3308  0.2  0.2		4.1705503158		-1.0
	17330.00000000	3.34363		-2.0329  0.2  0.2		4.1705503158		-1.0
	17360.00000000	3.74918		-2.11576  0.2  0.2		4.1705503158		-1.0
	17390.00000000	3.01901		-2.051  0.2  0.2		4.1705503158		-1.0
	17420.00000000	3.04261		-1.88679  0.2  0.2		4.1705503158		-1.0
	17450.00000000	3.33616		-1.64261  0.2  0.2		4.1705503158		-1.0
	17480.00000000	3.31782		-1.49547  0.2  0.2		4.1705503158		-1.0
	17510.00000000	3.96607		-1.78517  0.2  0.2		4.1705503158		-1.0
	17540.00000000	3.53051		-1.72269  0.2  0.2		4.1705503158		-1.0
	17570.00000000	2.99766		-1.91171  0.2  0.2		4.1705503158		-1.0
	17600.00000000	3.42201		-1.86616  0.2  0.2		4.1705503158		-1.0
	17630.00000000	3.07381		-1.60073  0.2  0.2		4.1705503158		-1.0
	17660.00000000	3.93064		-1.46637  0.2  0.2		4.1705503158		-1.0
	17690.00000000	3.37727		-1.23513  0.2  0.2		4.1705503158		-1.0
	17720.00000000	3.56427		-1.06879  0.2  0.2		4.1705503158		-1.0
	17750.00000000	3.53624		-1.1367  0.2  0.2		4.1705503158		-1.0
	17780.00000000	3.38038		-1.25006  0.2  0.2		4.1705503158		-1.0
	17810.00000000	3.86063		-1.23497  0.2  0.2		4.1705503158		-1.0
	17840.00000000	2.989		-1.0287  0.2  0.2		4.1705503158		-1.0
	17870.00000000	3.74084		-0.96627  0.2  0.2		4.1705503158		-1.0
	17900.00000000	3.83125		-0.99321  0.2  0.2		4.1705503158		-1.0
	17930.00000000	3.15679		-0.81892  0.2  0.2		4.1705503158		-1.0
	17960.00000000	3.53784		-0.43886  0.2  0.2		4.1705503158		-1.0
	17990.00000000	3.32116		-0.66382  0.2  0.2		4.1705503158		-1.0
	18020.00000000	3.11726		-1.35388  0.2  0.2		4.1705503158		-1.0
	18050.00000000	3.81286		-1.5115  0.2  0.2		4.1705503158		-1.0
	18080.00000000	3.60078		-1.0194  0.2  0.2		4.1705503158		-1.0
	18110.00000000	3.54368		-1.05655  0.2  0.2		4.1705503158		-1.0
	18140.00000000	3.76254		-1.52114  0.2  0.2		4.1705503158		-1.0
	18170.00000000	3.58084		-1.60015  0.2  0.2		4.1705503158		-1.0
	18200.00000000	3.83955		-1.30506  0.2  0.2		4.1705503158		-1.0
	18230.00000000	3.57099		-0.818  0.2  0.2		4.1705503158		-1.0
	18260.00000000	3.48221		-0.68837  0.2  0.2		4.1705503158		-1.0
	18290.00000000	3.5804		-0.53843  0.2  0.2		4.1705503158		-1.0
	18320.00000000	3.56621		-0.04424  0.2  0.2		4.1705503158		-1.0
	18350.00000000	3.00913		-0.16934  0.2  0.2		4.1705503158		-1.0
	18380.00000000	3.34219		-0.28465  0.2  0.2		4.1705503158		-1.0
	18410.00000000	3.70971		-0.16529  0.2  0.2		4.1705503158		-1.0
	18440.00000000	3.08044		-0.23798  0.2  0.2		4.1705503158		-1.0
	18470.00000000	2.75159		-0.16558  0.2  0.2		4.1705503158		-1.0
	18500.00000000	3.57657		-0.05953  0.2  0.2		4.1705503158		-1.0
	18530.00000000	3.53183		-0.1494  0.2  0.2		4.1705503158		-1.0
	18560.00000000	2.88843		-0.42335  0.2  0.2		4.1705503158		-1.0
	18590.00000000	2.80028		-0.93299  0.2  0.2		4.1705503158		-1.0
	18620.00000000	2.64685		-1.12469  0.2  0.2		4.1705503158		-1.0
	18650.00000000	2.93017		-1.10296  0.2  0.2		4.1705503158		-1.0
	18680.00000000	4.29903		-1.27554  0.2  0.2		4.1705503158		-1.0
	18710.00000000	5.18481		-1.42272  0.2  0.2		4.1705503158		-1.0
	18740.00000000	5.50195		-1.44426  0.2  0.2		4.1705503158		-1.0
	18770.00000000	5.74831		-1.54113  0.2  0.2		4.1705503158		-1.0
	18800.00000000	6.53455		-1.57981  0.2  0.2		4.1705503158		-1.0
	18830.00000000	7.43004		-1.58208  0.2  0.2		4.1705503158		-1.0
	18860.00000000	8.06701		-1.25572  0.2  0.2		4.1705503158		-1.0
	18890.00000000	8.67523		-1.14922  0.2  0.2		4.1705503158		-1.0
	18920.00000000	9.04421		-1.10701  0.2  0.2		4.1705503158		-1.0
	18950.00000000	9.33207		-0.96574  0.2  0.2		4.1705503158		-1.0
	18980.00000000	9.95051		-1.06094  0.2  0.2		4.1705503158		-1.0
	19010.00000000	9.7644		-1.19804  0.2  0.2		4.1705503158		-1.0
	19040.00000000	9.23192		-1.55354  0.2  0.2		4.1705503158		-1.0
	19070.00000000	7.94663		-1.94255  0.2  0.2		4.1705503158		-1.0
	19100.00000000	7.2055		-2.03892  0.2  0.2		4.1705503158		-1.0
	19130.00000000	6.52317		-1.89845  0.2  0.2		4.1705503158		-1.0
	19160.00000000	6.3344		-1.87022  0.2  0.2		4.1705503158		-1.0
	19190.00000000	6.10033		-1.84085  0.2  0.2		4.1705503158		-1.0
	19220.00000000	5.76842		-2.00532  0.2  0.2		4.1705503158		-1.0
	19250.00000000	5.0974		-1.80097  0.2  0.2		4.1705503158		-1.0
	19280.00000000	4.64946		-1.50897  0.2  0.2		4.1705503158		-1.0
	19310.00000000	4.2505		-1.5512  0.2  0.2		4.1705503158		-1.0
	19340.00000000	4.06624		-1.30406  0.2  0.2		4.1705503158		-1.0
	19370.00000000	4.9008		-0.94384  0.2  0.2		4.1705503158		-1.0
	19400.00000000	5.95202		-1.04575  0.2  0.2		4.1705503158		-1.0
	19430.00000000	6.77609		-1.11051  0.2  0.2		4.1705503158		-1.0
	19460.00000000	6.76424		-0.94901  0.2  0.2		4.1705503158		-1.0
	19490.00000000	6.3241		-0.93441  0.2  0.2		4.1705503158		-1.0
	19520.00000000	6.02423		-1.51099  0.2  0.2		4.1705503158		-1.0
	19550.00000000	5.73606		-1.68427  0.2  0.2		4.1705503158		-1.0
	19580.00000000	5.24389		-1.44962  0.2  0.2		4.1705503158		-1.0
	19610.00000000	5.28618		-1.58886  0.2  0.2		4.1705503158		-1.0
	19640.00000000	4.99827		-1.78022  0.2  0.2		4.1705503158		-1.0
	19670.00000000	5.52472		-1.77858  0.2  0.2		4.1705503158		-1.0
	19700.00000000	5.91868		-1.66792  0.2  0.2		4.1705503158		-1.0
	19730.00000000	6.56731		-1.47402  0.2  0.2		4.1705503158		-1.0
	19760.00000000	7.48873		-1.45952  0.2  0.2		4.1705503158		-1.0
	19790.00000000	7.9109		-1.51059  0.2  0.2		4.1705503158		-1.0
	19820.00000000	8.22135		-1.64796  0.2  0.2		4.1705503158		-1.0
	19850.00000000	8.25503		-1.72806  0.2  0.2		4.1705503158		-1.0
	19880.00000000	7.8111		-1.74974  0.2  0.2		4.1705503158		-1.0
	19910.00000000	6.8042		-1.88798  0.2  0.2		4.1705503158		-1.0
	19940.00000000	6.49027		-1.92784  0.2  0.2		4.1705503158		-1.0
	19970.00000000	6.35645		-2.18086  0.2  0.2		4.1705503158		-1.0
	20000.00000000	5.91285		-2.26545  0.2  0.2		4.1705503158		-1.0
	20030.00000000	5.97051		-2.43648  0.2  0.2		4.1705503158		-1.0
	20060.00000000	6.47116		-2.47037  0.2  0.2		4.1705503158		-1.0
	20090.00000000	6.89101		-2.22814  0.2  0.2		4.1705503158		-1.0
	20120.00000000	7.82458		-2.17409  0.2  0.2		4.1705503158		-1.0
	20150.00000000	8.63684		-1.8677  0.2  0.2		4.1705503158		-1.0
	20180.00000000	9.28554		-1.83903  0.2  0.2		4.1705503158		-1.0
	20210.00000000	9.54048		-1.82166  0.2  0.2		4.1705503158		-1.0
	20240.00000000	9.62984		-1.6533  0.2  0.2		4.1705503158		-1.0
	20270.00000000	9.2247		-1.36093  0.2  0.2		4.1705503158		-1.0
	20300.00000000	8.41212		-1.24224  0.2  0.2		4.1705503158		-1.0
	20330.00000000	8.16785		-1.19353  0.2  0.2		4.1705503158		-1.0
	20360.00000000	7.80943		-0.95448  0.2  0.2		4.1705503158		-1.0
	20390.00000000	7.05774		-1.10603  0.2  0.2		4.1705503158		-1.0
	20420.00000000	6.538		-1.11454  0.2  0.2		4.1705503158		-1.0
	20450.00000000	6.07003		-1.32927  0.2  0.2		4.1705503158		-1.0
	20480.00000000	5.89096		-1.10984  0.2  0.2		4.1705503158		-1.0
	20510.00000000	5.88752		-0.99574  0.2  0.2		4.1705503158		-1.0
	20540.00000000	5.57475		-0.98715  0.2  0.2		4.1705503158		-1.0
	20570.00000000	5.66511		-0.78156  0.2  0.2		4.1705503158		-1.0
	20600.00000000	6.59017		-0.79152  0.2  0.2		4.1705503158		-1.0
	20630.00000000	7.22592		-0.73487  0.2  0.2		4.1705503158		-1.0
	20660.00000000	7.55807		-1.07551  0.2  0.2		4.1705503158		-1.0
	20690.00000000	7.91029		-1.24811  0.2  0.2		4.1705503158		-1.0
	20720.00000000	8.36692		-0.98188  0.2  0.2		4.1705503158		-1.0
	20749.99999999	8.99037		-0.62976  0.2  0.2		4.1705503158		-1.0
	20779.99999999	9.62746		-0.63365  0.2  0.2		4.1705503158		-1.0
	20809.99999999	9.51855		-0.55695  0.2  0.2		4.1705503158		-1.0
	20839.99999999	9.3792		-0.59614  0.2  0.2		4.1705503158		-1.0
	20869.99999999	8.68235		0.07771  0.2  0.2		4.1705503158		-1.0
	20899.99999999	8.14191		1.30438  0.2  0.2		4.1705503158		-1.0
	20929.99999999	7.42168		1.27838  0.2  0.2		4.1705503158		-1.0
	20959.99999999	6.69728		1.26388  0.2  0.2		4.1705503158		-1.0
	20989.99999999	5.82469		1.22216  0.2  0.2		4.1705503158		-1.0
	21019.99999999	5.25695		1.38355  0.2  0.2		4.1705503158		-1.0
	21049.99999999	4.47738		1.33937  0.2  0.2		4.1705503158		-1.0
	21079.99999999	3.06679		1.25849  0.2  0.2		4.1705503158		-1.0
	21109.99999999	2.95221		1.62718  0.2  0.2		4.1705503158		-1.0
	21139.99999999	3.50059		1.42101  0.2  0.2		4.1705503158		-1.0
	21169.99999999	3.38134		1.27817  0.2  0.2		4.1705503158		-1.0
	21199.99999999	3.60774		1.40756  0.2  0.2		4.1705503158		-1.0
	21229.99999999	3.08713		1.33888  0.2  0.2		4.1705503158		-1.0
	21259.99999999	3.27728		0.88445  0.2  0.2		4.1705503158		-1.0
	21289.99999999	3.457		1.08361  0.2  0.2		4.1705503158		-1.0
	21319.99999999	2.63374		1.0136  0.2  0.2		4.1705503158		-1.0
	21349.99999999	3.7951		0.99195  0.2  0.2		4.1705503158		-1.0
	21379.99999999	3.28715		1.19149  0.2  0.2		4.1705503158		-1.0
	21409.99999999	2.99985		0.99914  0.2  0.2		4.1705503158		-1.0
	21439.99999999	3.83332		0.94477  0.2  0.2		4.1705503158		-1.0
	21469.99999999	3.32032		0.90009  0.2  0.2		4.1705503158		-1.0
	21499.99999999	3.53476		1.10999  0.2  0.2		4.1705503158		-1.0
	21529.99999999	3.41694		1.03704  0.2  0.2		4.1705503158		-1.0
	21559.99999999	3.48838		0.92196  0.2  0.2		4.1705503158		-1.0
	21589.99999999	3.38394		0.99072  0.2  0.2		4.1705503158		-1.0
	21619.99999999	3.2445		1.30387  0.2  0.2		4.1705503158		-1.0
	21649.99999999	3.81338		1.48256  0.2  0.2		4.1705503158		-1.0
	21679.99999999	3.36782		1.47675  0.2  0.2		4.1705503158		-1.0
	21709.99999999	3.58174		1.5871  0.2  0.2		4.1705503158		-1.0
	21739.99999999	3.84315		1.57863  0.2  0.2		4.1705503158		-1.0
	21769.99999999	3.3958		1.69795  0.2  0.2		4.1705503158		-1.0
	21799.99999999	3.52621		1.98887  0.2  0.2		4.1705503158		-1.0
	21829.99999999	3.13109		2.00366  0.2  0.2		4.1705503158		-1.0
	21859.99999999	3.15901		1.96601  0.2  0.2		4.1705503158		-1.0
	21889.99999999	2.59184		1.8516  0.2  0.2		4.1705503158		-1.0
	21919.99999999	2.80083		1.87344  0.2  0.2		4.1705503158		-1.0
	21949.99999999	2.83194		2.08196  0.2  0.2		4.1705503158		-1.0
	21979.99999999	2.77714		2.10115  0.2  0.2		4.1705503158		-1.0
	22009.99999999	2.76942		1.97399  0.2  0.2		4.1705503158		-1.0
	22039.99999999	2.61773		1.62198  0.2  0.2		4.1705503158		-1.0
	22069.99999999	2.58697		1.45183  0.2  0.2		4.1705503158		-1.0
	22099.99999999	2.69054		1.6668  0.2  0.2		4.1705503158		-1.0
	22129.99999999	2.6202		1.70049  0.2  0.2		4.1705503158		-1.0
	22159.99999999	3.20228		1.58703  0.2  0.2		4.1705503158		-1.0
	22189.99999999	3.86555		1.40741  0.2  0.2		4.1705503158		-1.0
	22219.99999999	3.65207		1.42271  0.2  0.2		4.1705503158		-1.0
	22249.99999999	3.48569		1.80528  0.2  0.2		4.1705503158		-1.0
	22279.99999999	3.69682		1.99975  0.2  0.2		4.1705503158		-1.0
	22309.99999999	3.54582		2.23396  0.2  0.2		4.1705503158		-1.0
	22339.99999999	3.36597		2.35  0.2  0.2		4.1705503158		-1.0
	22369.99999999	3.42108		2.44954  0.2  0.2		4.1705503158		-1.0
	22399.99999999	3.75661		2.307  0.2  0.2		4.1705503158		-1.0
	22429.99999999	3.95852		1.96611  0.2  0.2		4.1705503158		-1.0
	22459.99999999	3.92242		1.77877  0.2  0.2		4.1705503158		-1.0
	22489.99999999	3.58534		1.8724  0.2  0.2		4.1705503158		-1.0
	22519.99999999	3.93629		1.70274  0.2  0.2		4.1705503158		-1.0
	22549.99999999	4.35735		1.69776  0.2  0.2		4.1705503158		-1.0
	22579.99999999	4.60069		1.4777  0.2  0.2		4.1705503158		-1.0
	22609.99999999	5.3534		2.00142  0.2  0.2		4.1705503158		-1.0
	22639.99999999	5.41292		1.97969  0.2  0.2		4.1705503158		-1.0
	22669.99999999	5.51547		1.8571  0.2  0.2		4.1705503158		-1.0
	22699.99999999	6.40603		2.08404  0.2  0.2		4.1705503158		-1.0
	22729.99999999	6.87839		1.98951  0.2  0.2		4.1705503158		-1.0
	22759.99999999	7.54386		1.99572  0.2  0.2		4.1705503158		-1.0
	22789.99999999	8.38149		2.22065  0.2  0.2		4.1705503158		-1.0
	22819.99999999	9.30181		2.34348  0.2  0.2		4.1705503158		-1.0
	22849.99999999	10.06914		2.48454  0.2  0.2		4.1705503158		-1.0
	22879.99999999	10.94601		2.40954  0.2  0.2		4.1705503158		-1.0
	22909.99999999	11.67304		2.07366  0.2  0.2		4.1705503158		-1.0
	22939.99999999	12.05401		1.94202  0.2  0.2		4.1705503158		-1.0
	22969.99999999	11.39781		1.36263  0.2  0.2		4.1705503158		-1.0
	22999.99999999	10.73156		1.21883  0.2  0.2		4.1705503158		-1.0
	23029.99999999	10.04269		1.78267  0.2  0.2		4.1705503158		-1.0
	23059.99999999	8.79379		1.98989  0.2  0.2		4.1705503158		-1.0
	23089.99999999	8.16157		2.23401  0.2  0.2		4.1705503158		-1.0
	23119.99999999	7.1851		2.23064  0.2  0.2		4.1705503158		-1.0
	23149.99999999	6.57982		2.25451  0.2  0.2		4.1705503158		-1.0
	23179.99999999	5.81652		2.41086  0.2  0.2		4.1705503158		-1.0
	23209.99999999	5.93747		2.58423  0.2  0.2		4.1705503158		-1.0
	23239.99999999	6.45352		2.87514  0.2  0.2		4.1705503158		-1.0
	23269.99999999	7.23406		2.96149  0.2  0.2		4.1705503158		-1.0
	23299.99999999	8.30377		2.52997  0.2  0.2		4.1705503158		-1.0
	23329.99999999	8.3768		2.41266  0.2  0.2		4.1705503158		-1.0
	23359.99999999	8.03775		2.11924  0.2  0.2		4.1705503158		-1.0
	23389.99999999	7.7985		1.76505  0.2  0.2		4.1705503158		-1.0
	23419.99999999	7.44023		1.68869  0.2  0.2		4.1705503158		-1.0
	23449.99999999	7.31741		1.73033  0.2  0.2		4.1705503158		-1.0
	23479.99999999	6.77768		1.84887  0.2  0.2		4.1705503158		-1.0
	23509.99999999	5.97593		2.15317  0.2  0.2		4.1705503158		-1.0
	23539.99999999	6.03328		2.05891  0.2  0.2		4.1705503158		-1.0
	23569.99999999	6.4791		2.21624  0.2  0.2		4.1705503158		-1.0
	23599.99999999	7.35791		2.11519  0.2  0.2		4.1705503158		-1.0
	23629.99999999	8.24824		1.86022  0.2  0.2		4.1705503158		-1.0
	23659.99999999	8.78995		1.81021  0.2  0.2		4.1705503158		-1.0
	23689.99999999	9.05075		2.06897  0.2  0.2		4.1705503158		-1.0
	23719.99999999	9.26109		2.14183  0.2  0.2		4.1705503158		-1.0
	23749.99999999	9.45467		2.15829  0.2  0.2		4.1705503158		-1.0
	23779.99999999	9.55871		2.11629  0.2  0.2		4.1705503158		-1.0
	23809.99999999	10.33586		2.41912  0.2  0.2		4.1705503158		-1.0
	23839.99999999	11.32215		2.8663  0.2  0.2		4.1705503158		-1.0
	23869.99999999	11.68007		2.69265  0.2  0.2		4.1705503158		-1.0
	23899.99999999	11.99529		2.39837  0.2  0.2		4.1705503158		-1.0
	23929.99999999	11.67931		2.47661  0.2  0.2		4.1705503158		-1.0
	23959.99999999	10.72947		2.51352  0.2  0.2		4.1705503158		-1.0
	23989.99999999	9.87041		2.62359  0.2  0.2		4.1705503158		-1.0
	24019.99999999	8.71347		2.45821  0.2  0.2		4.1705503158		-1.0
	24049.99999999	9.0767		2.55765  0.2  0.2		4.1705503158		-1.0
	24079.99999999	10.05723		2.6228  0.2  0.2		4.1705503158		-1.0
	24109.99999999	10.40999		2.75287  0.2  0.2		4.1705503158		-1.0
	24139.99999999	10.51968		2.97866  0.2  0.2		4.1705503158		-1.0
	24169.99999999	10.76806		3.13693  0.2  0.2		4.1705503158		-1.0
	24199.99999999	11.08972		-3.13605  0.2  0.2		4.1705503158		-1.0
	24229.99999999	11.61016		-3.02285  0.2  0.2		4.1705503158		-1.0
	24259.99999999	11.88823		-2.94651  0.2  0.2		4.1705503158		-1.0
	24289.99999999	12.15599		3.12275  0.2  0.2		4.1705503158		-1.0
	24319.99999999	11.92782		2.99866  0.2  0.2		4.1705503158		-1.0
	24349.99999999	11.19234		3.09187  0.2  0.2		4.1705503158		-1.0
	24379.99999999	10.1973		-3.10993  0.2  0.2		4.1705503158		-1.0
	24409.99999999	9.32055		-2.78106  0.2  0.2		4.1705503158		-1.0
	24439.99999999	8.63932		-2.34064  0.2  0.2		4.1705503158		-1.0
	24469.99999999	7.81208		-2.31007  0.2  0.2		4.1705503158		-1.0
	24499.99999999	7.37032		-2.156  0.2  0.2		4.1705503158		-1.0
	24529.99999999	7.05473		-1.82219  0.2  0.2		4.1705503158		-1.0
	24559.99999999	6.95824		-1.33654  0.2  0.2		4.1705503158		-1.0
	24589.99999999	6.85056		-1.32497  0.2  0.2		4.1705503158		-1.0
	24619.99999999	6.90647		-3.05286  0.2  0.2		4.1705503158		-1.0
	24649.99999999	7.31472		2.54875  0.2  0.2		4.1705503158		-1.0
	24679.99999999	7.81322		1.87818  0.2  0.2		4.1705503158		-1.0
	24709.99999999	8.45363		1.53482  0.2  0.2		4.1705503158		-1.0
	24739.99999999	9.0288		1.77482  0.2  0.2		4.1705503158		-1.0
	24769.99999999	10.0927		1.66458  0.2  0.2		4.1705503158		-1.0
	24799.99999999	11.03137		1.83695  0.2  0.2		4.1705503158		-1.0
	24829.99999999	11.53122		1.7597  0.2  0.2		4.1705503158		-1.0
	24859.99999999	12.11887		1.668  0.2  0.2		4.1705503158		-1.0
	24889.99999999	11.60934		2.03238  0.2  0.2		4.1705503158		-1.0
	24919.99999999	11.03017		2.41735  0.2  0.2		4.1705503158		-1.0
	24949.99999999	10.31543		2.39168  0.2  0.2		4.1705503158		-1.0
	24979.99999999	9.87364		2.32426  0.2  0.2		4.1705503158		-1.0
	25009.99999999	9.99824		2.35689  0.2  0.2		4.1705503158		-1.0
	25039.99999999	9.75621		2.53482  0.2  0.2		4.1705503158		-1.0
	25069.99999999	9.29808		2.99399  0.2  0.2		4.1705503158		-1.0
	25099.99999999	9.27791		-3.04271  0.2  0.2		4.1705503158		-1.0
	25129.99999999	9.30247		-3.02552  0.2  0.2		4.1705503158		-1.0
	25159.99999999	9.26412		-2.88353  0.2  0.2		4.1705503158		-1.0
	25189.99999999	8.87037		3.11602  0.2  0.2		4.1705503158		-1.0
	25219.99999999	8.37781		2.92898  0.2  0.2		4.1705503158		-1.0
	25249.99999999	8.23479		-3.00866  0.2  0.2		4.1705503158		-1.0
	25279.99999999	8.07893		-2.66645  0.2  0.2		4.1705503158		-1.0
	25309.99999999	7.90191		-2.84402  0.2  0.2		4.1705503158		-1.0
	25339.99999999	7.64909		-2.95918  0.2  0.2		4.1705503158		-1.0
	25369.99999999	7.29972		-2.67478  0.2  0.2		4.1705503158		-1.0
	25399.99999999	6.89463		-2.86967  0.2  0.2		4.1705503158		-1.0
	25429.99999999	6.97036		-2.53711  0.2  0.2		4.1705503158		-1.0
	25459.99999999	7.00313		-2.54316  0.2  0.2		4.1705503158		-1.0
	25489.99999999	7.74126		-2.85241  0.2  0.2		4.1705503158		-1.0
	25519.99999999	8.39531		-2.99259  0.2  0.2		4.1705503158		-1.0
	25549.99999999	8.553		-2.73049  0.2  0.2		4.1705503158		-1.0
	25579.99999999	8.34122		-2.95571  0.2  0.2		4.1705503158		-1.0
	25609.99999999	7.9941		-3.12592  0.2  0.2		4.1705503158		-1.0
	25639.99999999	7.64117		2.94551  0.2  0.2		4.1705503158		-1.0
	25669.99999999	7.79358		-2.99559  0.2  0.2		4.1705503158		-1.0
	25699.99999999	7.92527		2.57238  0.2  0.2		4.1705503158		-1.0
	25729.99999999	8.15534		2.79355  0.2  0.2		4.1705503158		-1.0
	25759.99999999	8.47866		3.07919  0.2  0.2		4.1705503158		-1.0
	25789.99999999	9.36221		-3.08592  0.2  0.2		4.1705503158		-1.0
	25819.99999999	10.38569		-2.98143  0.2  0.2		4.1705503158		-1.0
	25849.99999999	11.56814		-3.01206  0.2  0.2		4.1705503158		-1.0
	25879.99999999	11.61296		-2.92357  0.2  0.2		4.1705503158		-1.0
	25909.99999999	11.14586		-2.76567  0.2  0.2		4.1705503158		-1.0
	25939.99999999	10.73171		-2.78845  0.2  0.2		4.1705503158		-1.0
	25969.99999999	10.4851		-2.73294  0.2  0.2		4.1705503158		-1.0
	25999.99999999	10.33102		-2.46966  0.2  0.2		4.1705503158		-1.0
	26029.99999999	10.49338		-2.31026  0.2  0.2		4.1705503158		-1.0
	26059.99999999	10.37202		-2.25401  0.2  0.2		4.1705503158		-1.0
	26089.99999999	10.51955		-1.89815  0.2  0.2		4.1705503158		-1.0
	26119.99999999	10.49424		-2.0123  0.2  0.2		4.1705503158		-1.0
	26149.99999999	10.71654		-1.97702  0.2  0.2		4.1705503158		-1.0
	26179.99999999	11.17176		-1.7743  0.2  0.2		4.1705503158		-1.0
	26209.99999999	11.71959		-1.62209  0.2  0.2		4.1705503158		-1.0
	26239.99999999	11.82544		-1.46372  0.2  0.2		4.1705503158		-1.0
	26269.99999999	11.15034		-1.71368  0.2  0.2		4.1705503158		-1.0
	26299.99999999	11.03321		-1.77409  0.2  0.2		4.1705503158		-1.0
	26329.99999999	11.31463		-2.03774  0.2  0.2		4.1705503158		-1.0
	26359.99999999	12.04166		-2.12364  0.2  0.2		4.1705503158		-1.0
	26389.99999999	12.00893		-2.2271  0.2  0.2		4.1705503158		-1.0
	26419.99999999	11.91312		-1.83536  0.2  0.2		4.1705503158		-1.0
	26449.99999999	11.60324		-1.77729  0.2  0.2		4.1705503158		-1.0
	26479.99999999	11.37392		-1.92115  0.2  0.2		4.1705503158		-1.0
	26509.99999999	11.19246		-2.25764  0.2  0.2		4.1705503158		-1.0
	26539.99999999	11.69356		-2.58532  0.2  0.2		4.1705503158		-1.0
	26569.99999999	11.87834		-2.66806  0.2  0.2		4.1705503158		-1.0
	26599.99999999	11.52992		-2.27531  0.2  0.2		4.1705503158		-1.0
	26629.99999999	12.04796		-1.99309  0.2  0.2		4.1705503158		-1.0
	26659.99999999	11.64099		-1.83111  0.2  0.2		4.1705503158		-1.0
	26689.99999999	11.38619		-1.67796  0.2  0.2		4.1705503158		-1.0
	26719.99999999	10.65747		-1.68678  0.2  0.2		4.1705503158		-1.0
	26749.99999999	10.65366		-1.54349  0.2  0.2		4.1705503158		-1.0
	26779.99999999	10.97387		-1.43151  0.2  0.2		4.1705503158		-1.0
	26809.99999999	11.03886		-1.33271  0.2  0.2		4.1705503158		-1.0
	26839.99999999	11.57554		-1.14922  0.2  0.2		4.1705503158		-1.0
	26869.99999999	11.91315		-1.25999  0.2  0.2		4.1705503158		-1.0
	26899.99999999	11.48414		-1.27656  0.2  0.2		4.1705503158		-1.0
	26929.99999999	11.06864		-1.39431  0.2  0.2		4.1705503158		-1.0
	26959.99999999	10.31964		-1.76101  0.2  0.2		4.1705503158		-1.0
	26989.99999999	9.65061		-1.66423  0.2  0.2		4.1705503158		-1.0
	27019.99999999	10.04777		-1.61077  0.2  0.2		4.1705503158		-1.0
	27049.99999999	10.81521		-1.56979  0.2  0.2		4.1705503158		-1.0
	27079.99999999	10.65706		-1.4175  0.2  0.2		4.1705503158		-1.0
	27109.99999999	9.81911		-1.43114  0.2  0.2		4.1705503158		-1.0
	27139.99999999	10.46278		-1.45095  0.2  0.2		4.1705503158		-1.0
	27169.99999999	10.81445		-1.63268  0.2  0.2		4.1705503158		-1.0
	27199.99999999	10.63422		-1.0898  0.2  0.2		4.1705503158		-1.0
	27229.99999998	9.93735		-0.82882  0.2  0.2		4.1705503158		-1.0
	27259.99999998	9.7341		-1.25499  0.2  0.2		4.1705503158		-1.0
	27289.99999998	9.3739		-1.49031  0.2  0.2		4.1705503158		-1.0
	27319.99999998	8.98082		-1.2845  0.2  0.2		4.1705503158		-1.0
	27349.99999998	8.61009		-1.38142  0.2  0.2		4.1705503158		-1.0
	27379.99999998	8.47571		-1.35961  0.2  0.2		4.1705503158		-1.0
	27409.99999998	8.64561		-1.09484  0.2  0.2		4.1705503158		-1.0
	27439.99999998	9.0696		-1.32142  0.2  0.2		4.1705503158		-1.0
	27469.99999998	9.26828		-1.50573  0.2  0.2		4.1705503158		-1.0
	27499.99999998	8.80159		-1.6411  0.2  0.2		4.1705503158		-1.0
	27529.99999998	8.12418		-1.72921  0.2  0.2		4.1705503158		-1.0
	27559.99999998	8.11387		-1.88186  0.2  0.2		4.1705503158		-1.0
	27589.99999998	8.48473		-2.15804  0.2  0.2		4.1705503158		-1.0
	27619.99999998	8.98173		-2.39445  0.2  0.2		4.1705503158		-1.0
	27649.99999998	9.61254		-2.58288  0.2  0.2		4.1705503158		-1.0
	27679.99999998	10.00552		-2.23299  0.2  0.2		4.1705503158		-1.0
	27709.99999998	9.97038		-2.08087  0.2  0.2		4.1705503158		-1.0
	27739.99999998	9.57956		-1.95293  0.2  0.2		4.1705503158		-1.0
	27769.99999998	9.1733		-1.70906  0.2  0.2		4.1705503158		-1.0
	27799.99999998	8.79114		-1.82673  0.2  0.2		4.1705503158		-1.0
	27829.99999998	8.75627		-1.94104  0.2  0.2		4.1705503158		-1.0
	27859.99999998	8.36007		-1.86237  0.2  0.2		4.1705503158		-1.0
	27889.99999998	7.82471		-1.49945  0.2  0.2		4.1705503158		-1.0
	27919.99999998	7.25504		-0.94348  0.2  0.2		4.1705503158		-1.0
	27949.99999998	7.01254		-0.41766  0.2  0.2		4.1705503158		-1.0
	27979.99999998	6.90436		-0.12641  0.2  0.2		4.1705503158		-1.0
	28009.99999998	6.62415		-0.3214  0.2  0.2		4.1705503158		-1.0
	28039.99999998	6.77952		-0.39782  0.2  0.2		4.1705503158		-1.0
	28069.99999998	6.52347		-0.9095  0.2  0.2		4.1705503158		-1.0
	28099.99999998	6.45046		-0.96032  0.2  0.2		4.1705503158		-1.0
	28129.99999998	6.32484		-0.53124  0.2  0.2		4.1705503158		-1.0
	28159.99999998	6.20392		-0.42853  0.2  0.2		4.1705503158		-1.0
	28189.99999998	5.80768		-0.38619  0.2  0.2		4.1705503158		-1.0
	28219.99999998	5.17143		-0.33927  0.2  0.2		4.1705503158		-1.0
	28249.99999998	4.85754		-0.11652  0.2  0.2		4.1705503158		-1.0
	28279.99999998	5.14689		-0.40732  0.2  0.2		4.1705503158		-1.0
	28309.99999998	5.63827		-0.02622  0.2  0.2		4.1705503158		-1.0
	28339.99999998	6.34731		1.0268  0.2  0.2		4.1705503158		-1.0
	28369.99999998	6.69742		1.38488  0.2  0.2		4.1705503158		-1.0
	28399.99999998	7.12163		1.41027  0.2  0.2		4.1705503158		-1.0
	28429.99999998	7.47525		1.54637  0.2  0.2		4.1705503158		-1.0
	28459.99999998	7.79688		1.01824  0.2  0.2		4.1705503158		-1.0
	28489.99999998	8.28001		0.52407  0.2  0.2		4.1705503158		-1.0
	28519.99999998	9.37528		0.56361  0.2  0.2		4.1705503158		-1.0
	28549.99999998	10.43664		0.64344  0.2  0.2		4.1705503158		-1.0
	28579.99999998	11.78928		0.54257  0.2  0.2		4.1705503158		-1.0
	28609.99999998	11.69761		0.45806  0.2  0.2		4.1705503158		-1.0
	28639.99999998	10.64534		0.50825  0.2  0.2		4.1705503158		-1.0
	28669.99999998	9.59597		0.31533  0.2  0.2		4.1705503158		-1.0
	28699.99999998	9.21451		0.53097  0.2  0.2		4.1705503158		-1.0
	28729.99999998	9.23745		0.56794  0.2  0.2		4.1705503158		-1.0
	28759.99999998	9.24457		0.73  0.2  0.2		4.1705503158		-1.0
	28789.99999998	9.39705		1.19147  0.2  0.2		4.1705503158		-1.0
	28819.99999998	9.74168		1.13752  0.2  0.2		4.1705503158		-1.0
	28849.99999998	10.14512		1.6206  0.2  0.2		4.1705503158		-1.0
	28879.99999998	10.09116		1.88018  0.2  0.2		4.1705503158		-1.0
	28909.99999998	9.81776		1.52618  0.2  0.2		4.1705503158		-1.0
	28939.99999998	9.53927		1.13738  0.2  0.2		4.1705503158		-1.0
	28969.99999998	9.68653		1.19209  0.2  0.2		4.1705503158		-1.0
	28999.99999998	10.11596		1.10399  0.2  0.2		4.1705503158		-1.0
	29029.99999998	10.80983		0.62769  0.2  0.2		4.1705503158		-1.0
	29059.99999998	11.40678		0.44901  0.2  0.2		4.1705503158		-1.0
	29089.99999998	11.83601		0.76911  0.2  0.2		4.1705503158		-1.0
	29119.99999998	11.5013		1.10419  0.2  0.2		4.1705503158		-1.0
	29149.99999998	11.09852		1.34427  0.2  0.2		4.1705503158		-1.0
	29179.99999998	10.65827		1.69064  0.2  0.2		4.1705503158		-1.0
	29209.99999998	10.60415		1.95683  0.2  0.2		4.1705503158		-1.0
	29239.99999998	10.95719		1.92772  0.2  0.2		4.1705503158		-1.0
	29269.99999998	11.27383		1.69815  0.2  0.2		4.1705503158		-1.0
	29299.99999998	12.08041		1.13682  0.2  0.2		4.1705503158		-1.0
	29329.99999998	12.05767		0.86378  0.2  0.2		4.1705503158		-1.0
	29359.99999998	11.65185		0.63128  0.2  0.2		4.1705503158		-1.0
	29389.99999998	10.9442		0.95942  0.2  0.2		4.1705503158		-1.0
	29419.99999998	10.17956		0.70353  0.2  0.2		4.1705503158		-1.0
	29449.99999998	9.76635		0.78381  0.2  0.2		4.1705503158		-1.0
	29479.99999998	10.36875		1.0815  0.2  0.2		4.1705503158		-1.0
	29509.99999998	10.88909		1.31079  0.2  0.2		4.1705503158		-1.0
	29539.99999998	11.04162		1.26032  0.2  0.2		4.1705503158		-1.0
	29569.99999998	11.59358		1.28085  0.2  0.2		4.1705503158		-1.0
	29599.99999998	12.02784		1.22483  0.2  0.2		4.1705503158		-1.0
	29629.99999998	11.52316		1.03117  0.2  0.2		4.1705503158		-1.0
	29659.99999998	11.11969		0.89745  0.2  0.2		4.1705503158		-1.0
	29689.99999998	10.93085		0.98744  0.2  0.2		4.1705503158		-1.0
	29719.99999998	10.59622		1.23123  0.2  0.2		4.1705503158		-1.0
	29749.99999998	9.94897		1.11019  0.2  0.2		4.1705503158		-1.0
	29779.99999998	9.92599		0.91247  0.2  0.2		4.1705503158		-1.0
	29809.99999998	10.47107		0.82982  0.2  0.2		4.1705503158		-1.0
	29839.99999998	10.85796		0.70445  0.2  0.2		4.1705503158		-1.0
	29869.99999998	11.35897		0.52439  0.2  0.2		4.1705503158		-1.0
	29899.99999998	12.0555		0.32506  0.2  0.2		4.1705503158		-1.0
	29929.99999998	11.94228		0.10709  0.2  0.2		4.1705503158		-1.0
	29959.99999998	11.45769		-0.0796  0.2  0.2		4.1705503158		-1.0
	29989.99999998	11.1704		-0.10957  0.2  0.2		4.1705503158		-1.0
	30019.99999998	10.5513		0.12939  0.2  0.2		4.1705503158		-1.0
	30049.99999998	9.82319		-0.32575  0.2  0.2		4.1705503158		-1.0
	30079.99999998	9.15581		-0.54325  0.2  0.2		4.1705503158		-1.0
	30109.99999998	8.44578		0.1121  0.2  0.2		4.1705503158		-1.0
	30139.99999998	8.0255		0.46272  0.2  0.2		4.1705503158		-1.0
	30169.99999998	7.68991		0.26852  0.2  0.2		4.1705503158		-1.0
	30199.99999998	7.79795		0.26092  0.2  0.2		4.1705503158		-1.0
	30229.99999998	7.25878		1.08334  0.2  0.2		4.1705503158		-1.0
	30259.99999998	6.9868		0.24577  0.2  0.2		4.1705503158		-1.0
	30289.99999998	7.24684		0.49613  0.2  0.2		4.1705503158		-1.0
	30319.99999998	7.67887		0.71589  0.2  0.2		4.1705503158		-1.0
	30349.99999998	8.42094		0.36147  0.2  0.2		4.1705503158		-1.0
	30379.99999998	9.12641		-0.12481  0.2  0.2		4.1705503158		-1.0
	30409.99999998	9.80365		-0.02723  0.2  0.2		4.1705503158		-1.0
	30439.99999998	10.25977		0.3514  0.2  0.2		4.1705503158		-1.0
	30469.99999998	10.16496		0.53067  0.2  0.2		4.1705503158		-1.0
	30499.99999998	9.66844		0.64772  0.2  0.2		4.1705503158		-1.0
	30529.99999998	9.05577		0.26922  0.2  0.2		4.1705503158		-1.0
	30559.99999998	8.68967		-0.38412  0.2  0.2		4.1705503158		-1.0
	30589.99999998	8.72161		-1.29643  0.2  0.2		4.1705503158		-1.0
	30619.99999998	8.476		-2.25222  0.2  0.2		4.1705503158		-1.0
	30649.99999998	8.18995		-2.51362  0.2  0.2		4.1705503158		-1.0
	30679.99999998	7.85592		-1.8279  0.2  0.2		4.1705503158		-1.0
	30709.99999998	8.26063		-0.35773  0.2  0.2		4.1705503158		-1.0
	30739.99999998	8.85098		-0.07109  0.2  0.2		4.1705503158		-1.0
	30769.99999998	9.26766		-0.17283  0.2  0.2		4.1705503158		-1.0
	30799.99999998	9.6442		0.08903  0.2  0.2		4.1705503158		-1.0
	30829.99999998	9.94779		-0.19512  0.2  0.2		4.1705503158		-1.0
	30859.99999998	10.19343		-0.42828  0.2  0.2		4.1705503158		-1.0
	30889.99999998	10.34698		-0.25803  0.2  0.2		4.1705503158		-1.0
	30919.99999998	10.28563		-0.3757  0.2  0.2		4.1705503158		-1.0
	30949.99999998	10.36884		-0.71336  0.2  0.2		4.1705503158		-1.0
	30979.99999998	10.13396		-0.57821  0.2  0.2		4.1705503158		-1.0
	31009.99999998	9.96497		-0.53759  0.2  0.2		4.1705503158		-1.0
	31039.99999998	10.20591		-0.9063  0.2  0.2		4.1705503158		-1.0
	31069.99999998	11.00124		-0.84036  0.2  0.2		4.1705503158		-1.0
	31099.99999998	11.29914		-0.5812  0.2  0.2		4.1705503158		-1.0
	31129.99999998	11.1502		-0.44543  0.2  0.2		4.1705503158		-1.0
	31159.99999998	11.07611		-0.76691  0.2  0.2		4.1705503158		-1.0
	31189.99999998	11.53906		-0.82251  0.2  0.2		4.1705503158		-1.0
	31219.99999998	11.74199		-0.73807  0.2  0.2		4.1705503158		-1.0
	31249.99999998	11.43513		-0.67924  0.2  0.2		4.1705503158		-1.0
	31279.99999998	12.15798		-0.23488  0.2  0.2		4.1705503158		-1.0
	31309.99999998	11.64281		-0.20722  0.2  0.2		4.1705503158		-1.0
	31339.99999998	10.89624		0.0381  0.2  0.2		4.1705503158		-1.0
	31369.99999998	10.62625		-0.09043  0.2  0.2		4.1705503158		-1.0
	31399.99999998	10.94341		0.35215  0.2  0.2		4.1705503158		-1.0
	31429.99999998	11.41543		0.05055  0.2  0.2		4.1705503158		-1.0
	31459.99999998	11.99702		-0.07385  0.2  0.2		4.1705503158		-1.0
	31489.99999998	11.94775		0.22379  0.2  0.2		4.1705503158		-1.0
	31519.99999998	12.1033		0.21964  0.2  0.2		4.1705503158		-1.0
	31549.99999998	12.01767		0.48408  0.2  0.2		4.1705503158		-1.0
	31579.99999998	12.05257		0.00514  0.2  0.2		4.1705503158		-1.0
	31609.99999998	11.925		-0.42043  0.2  0.2		4.1705503158		-1.0
	31639.99999998	12.12267		-0.83828  0.2  0.2		4.1705503158		-1.0
	31669.99999998	11.68456		-2.07684  0.2  0.2		4.1705503158		-1.0
	31699.99999998	11.10652		-2.67392  0.2  0.2		4.1705503158		-1.0
	31729.99999998	10.91767		-2.67723  0.2  0.2		4.1705503158		-1.0
	31759.99999998	10.92079		-2.52535  0.2  0.2		4.1705503158		-1.0
	31789.99999998	11.02846		-2.07643  0.2  0.2		4.1705503158		-1.0
	31819.99999998	10.88843		-2.11751  0.2  0.2		4.1705503158		-1.0
	31849.99999998	10.86269		-2.41496  0.2  0.2		4.1705503158		-1.0
	31879.99999998	11.0383		-2.86137  0.2  0.2		4.1705503158		-1.0
	31909.99999998	11.44642		2.98109  0.2  0.2		4.1705503158		-1.0
	31939.99999998	11.36942		2.76648  0.2  0.2		4.1705503158		-1.0
	31969.99999998	11.12873		2.91974  0.2  0.2		4.1705503158		-1.0
	31999.99999998	10.94307		2.74072  0.2  0.2		4.1705503158		-1.0
	32029.99999998	11.05445		2.14545  0.2  0.2		4.1705503158		-1.0
	32059.99999998	10.83418		1.81406  0.2  0.2		4.1705503158		-1.0
	32089.99999998	10.622		1.21221  0.2  0.2		4.1705503158		-1.0
	32119.99999998	10.87457		0.93545  0.2  0.2		4.1705503158		-1.0
	32149.99999998	11.22307		0.61673  0.2  0.2		4.1705503158		-1.0
	32179.99999998	11.54422		-0.9014  0.2  0.2		4.1705503158		-1.0
	32209.99999998	11.49624		-1.0277  0.2  0.2		4.1705503158		-1.0
	32239.99999998	11.8054		-1.44485  0.2  0.2		4.1705503158		-1.0
	32269.99999998	12.15313		-1.78137  0.2  0.2		4.1705503158		-1.0
	32299.99999998	11.67283		-1.8074  0.2  0.2		4.1705503158		-1.0
	32329.99999998	11.03479		-2.20003  0.2  0.2		4.1705503158		-1.0
	32359.99999998	10.75748		-2.58179  0.2  0.2		4.1705503158		-1.0
	32389.99999998	9.93384		-2.28344  0.2  0.2		4.1705503158		-1.0
	32419.99999998	9.85291		-2.74126  0.2  0.2		4.1705503158		-1.0
	32449.99999998	10.25179		2.91906  0.2  0.2		4.1705503158		-1.0
	32479.99999998	10.26735		-3.1124  0.2  0.2		4.1705503158		-1.0
	32509.99999998	10.17634		1.40867  0.2  0.2		4.1705503158		-1.0
	32539.99999998	10.72349		2.14523  0.2  0.2		4.1705503158		-1.0
	32569.99999998	10.98549		1.6988  0.2  0.2		4.1705503158		-1.0
	32599.99999998	10.76074		2.36366  0.2  0.2		4.1705503158		-1.0
	32629.99999998	10.91381		1.52583  0.2  0.2		4.1705503158		-1.0
	32659.99999998	11.22344		1.85594  0.2  0.2		4.1705503158		-1.0
	32689.99999998	11.14316		2.80805  0.2  0.2		4.1705503158		-1.0
	32719.99999998	10.97801		2.90462  0.2  0.2		4.1705503158		-1.0
	32749.99999998	11.83264		2.4152  0.2  0.2		4.1705503158		-1.0
	32779.99999998	12.02225		2.29481  0.2  0.2		4.1705503158		-1.0
	32809.99999998	11.89447		0.90919  0.2  0.2		4.1705503158		-1.0
	32839.99999998	11.66005		0.42951  0.2  0.2		4.1705503158		-1.0
	32869.99999998	11.80577		0.89028  0.2  0.2		4.1705503158		-1.0
	32899.99999998	12.17429		0.4432  0.2  0.2		4.1705503158		-1.0
	32929.99999998	11.94609		-0.86928  0.2  0.2		4.1705503158		-1.0
	32959.99999998	12.07428		-0.72973  0.2  0.2		4.1705503158		-1.0
	32989.99999998	11.84495		-0.28969  0.2  0.2		4.1705503158		-1.0
	33019.99999998	11.61746		-0.55224  0.2  0.2		4.1705503158		-1.0
	33049.99999998	11.99837		-0.35095  0.2  0.2		4.1705503158		-1.0
	33079.99999998	12.19709		-0.39782  0.2  0.2		4.1705503158		-1.0
	33109.99999998	11.40569		-0.94194  0.2  0.2		4.1705503158		-1.0
	33139.99999998	11.23056		-0.04015  0.2  0.2		4.1705503158		-1.0
	33169.99999998	10.94951		-0.78261  0.2  0.2		4.1705503158		-1.0
	33199.99999998	10.36441		-1.20562  0.2  0.2		4.1705503158		-1.0
	33229.99999998	9.10028		-0.77783  0.2  0.2		4.1705503158		-1.0
	33259.99999998	8.40091		-0.79635  0.2  0.2		4.1705503158		-1.0
	33289.99999998	7.91909		-0.34858  0.2  0.2		4.1705503158		-1.0
	33319.99999998	7.09847		-0.1086  0.2  0.2		4.1705503158		-1.0
	33349.99999998	6.83329		-0.60345  0.2  0.2		4.1705503158		-1.0
	33379.99999998	6.57985		0.86616  0.2  0.2		4.1705503158		-1.0
	33409.99999998	6.75098		1.51864  0.2  0.2		4.1705503158		-1.0
	33439.99999998	7.22994		1.98992  0.2  0.2		4.1705503158		-1.0
	33469.99999998	7.15419		2.19984  0.2  0.2		4.1705503158		-1.0
	33499.99999998	7.10558		2.32457  0.2  0.2		4.1705503158		-1.0
	33529.99999998	6.88417		2.53576  0.2  0.2		4.1705503158		-1.0
	33559.99999998	6.83066		2.74954  0.2  0.2		4.1705503158		-1.0
	33589.99999998	7.15378		-3.09029  0.2  0.2		4.1705503158		-1.0
	33619.99999998	7.18911		3.06629  0.2  0.2		4.1705503158		-1.0
	33649.99999998	7.62147		2.14533  0.2  0.2		4.1705503158		-1.0
	33679.99999998	7.55661		1.77474  0.2  0.2		4.1705503158		-1.0
	33709.99999998	7.98519		1.886  0.2  0.2		4.1705503158		-1.0
	33739.99999997	8.74609		1.96167  0.2  0.2		4.1705503158		-1.0
	33769.99999997	9.51155		1.69613  0.2  0.2		4.1705503158		-1.0
	33799.99999997	10.43439		1.82483  0.2  0.2		4.1705503158		-1.0
	33829.99999997	10.73448		2.07582  0.2  0.2		4.1705503158		-1.0
	33859.99999997	10.96188		1.92326  0.2  0.2		4.1705503158		-1.0
	33889.99999997	11.4501		1.49339  0.2  0.2		4.1705503158		-1.0
	33919.99999997	11.57322		1.54379  0.2  0.2		4.1705503158		-1.0
	33949.99999997	12.00987		1.48268  0.2  0.2		4.1705503158		-1.0
	33979.99999997	12.05694		1.42411  0.2  0.2		4.1705503158		-1.0
	34009.99999997	12.0875		1.34335  0.2  0.2		4.1705503158		-1.0
	34039.99999997	12.08992		1.40818  0.2  0.2		4.1705503158		-1.0
	34069.99999997	11.59116		1.30741  0.2  0.2		4.1705503158		-1.0
	34099.99999997	10.65524		1.59842  0.2  0.2		4.1705503158		-1.0
	34129.99999997	9.90361		1.45625  0.2  0.2		4.1705503158		-1.0
	34159.99999997	9.60917		0.99978  0.2  0.2		4.1705503158		-1.0
	34189.99999997	8.72544		1.02124  0.2  0.2		4.1705503158		-1.0
	34219.99999997	8.15351		1.13091  0.2  0.2		4.1705503158		-1.0
	34249.99999997	7.66805		0.91984  0.2  0.2		4.1705503158		-1.0
	34279.99999997	7.35865		0.60653  0.2  0.2		4.1705503158		-1.0
	34309.99999997	7.0625		1.43886  0.2  0.2		4.1705503158		-1.0
	34339.99999997	6.96776		0.44765  0.2  0.2		4.1705503158		-1.0
	34369.99999997	7.21253		0.38692  0.2  0.2		4.1705503158		-1.0
	34399.99999997	7.24273		-0.16737  0.2  0.2		4.1705503158		-1.0
	34429.99999997	7.30447		-1.11842  0.2  0.2		4.1705503158		-1.0
	34459.99999997	7.48986		-1.70966  0.2  0.2		4.1705503158		-1.0
	34489.99999997	7.36976		-2.3847  0.2  0.2		4.1705503158		-1.0
	34519.99999997	7.83128		-2.41901  0.2  0.2		4.1705503158		-1.0
	34549.99999997	8.12297		-2.26813  0.2  0.2		4.1705503158		-1.0
	34579.99999997	7.55936		-2.73234  0.2  0.2		4.1705503158		-1.0
	34609.99999997	7.18847		2.83151  0.2  0.2		4.1705503158		-1.0
	34639.99999997	6.92404		2.93614  0.2  0.2		4.1705503158		-1.0
	34669.99999997	6.68202		2.99536  0.2  0.2		4.1705503158		-1.0
	34699.99999997	6.16655		-3.05298  0.2  0.2		4.1705503158		-1.0
	34729.99999997	6.48232		-2.57808  0.2  0.2		4.1705503158		-1.0
	34759.99999997	6.4147		-2.7836  0.2  0.2		4.1705503158		-1.0
	34789.99999997	6.43743		3.01666  0.2  0.2		4.1705503158		-1.0
	34819.99999997	6.79685		-2.81043  0.2  0.2		4.1705503158		-1.0
	34849.99999997	7.18223		3.03599  0.2  0.2		4.1705503158		-1.0
	34879.99999997	7.66001		2.49033  0.2  0.2		4.1705503158		-1.0
	34909.99999997	8.32816		2.51541  0.2  0.2		4.1705503158		-1.0
	34939.99999997	9.00178		2.58772  0.2  0.2		4.1705503158		-1.0
	34969.99999997	9.32599		2.74855  0.2  0.2		4.1705503158		-1.0
	34999.99999997	9.4052		2.89504  0.2  0.2		4.1705503158		-1.0
	35029.99999997	9.80959		3.0224  0.2  0.2		4.1705503158		-1.0
	35059.99999997	10.60712		3.11375  0.2  0.2		4.1705503158		-1.0
	35089.99999997	10.4985		3.064  0.2  0.2		4.1705503158		-1.0
	35119.99999997	9.81702		-3.09969  0.2  0.2		4.1705503158		-1.0
	35149.99999997	9.74273		2.99116  0.2  0.2		4.1705503158		-1.0
	35179.99999997	10.23666		2.92939  0.2  0.2		4.1705503158		-1.0
	35209.99999997	10.42413		-3.10652  0.2  0.2		4.1705503158		-1.0
	35239.99999997	9.98917		2.94435  0.2  0.2		4.1705503158		-1.0
	35269.99999997	9.01798		2.75551  0.2  0.2		4.1705503158		-1.0
	35299.99999997	8.17564		2.77379  0.2  0.2		4.1705503158		-1.0
	35329.99999997	8.19721		2.7228  0.2  0.2		4.1705503158		-1.0
	35359.99999997	8.51083		2.55326  0.2  0.2		4.1705503158		-1.0
	35389.99999997	8.60803		3.10517  0.2  0.2		4.1705503158		-1.0
	35419.99999997	8.96713		2.87598  0.2  0.2		4.1705503158		-1.0
	35449.99999997	9.04619		2.85812  0.2  0.2		4.1705503158		-1.0
	35479.99999997	8.51216		2.89123  0.2  0.2		4.1705503158		-1.0
	35509.99999997	8.39689		2.60499  0.2  0.2		4.1705503158		-1.0
	35539.99999997	8.34924		2.06565  0.2  0.2		4.1705503158		-1.0
	35569.99999997	8.56643		2.15894  0.2  0.2		4.1705503158		-1.0
	35599.99999997	8.41033		1.85339  0.2  0.2		4.1705503158		-1.0
	35629.99999997	8.03363		1.6993  0.2  0.2		4.1705503158		-1.0
	35659.99999997	8.50797		1.50233  0.2  0.2		4.1705503158		-1.0
	35689.99999997	8.99921		1.48479  0.2  0.2		4.1705503158		-1.0
	35719.99999997	8.53714		1.1628  0.2  0.2		4.1705503158		-1.0
	35749.99999997	8.37952		1.27616  0.2  0.2		4.1705503158		-1.0
	35779.99999997	8.8133		1.91069  0.2  0.2		4.1705503158		-1.0
	35809.99999997	9.15084		1.28613  0.2  0.2		4.1705503158		-1.0
	35839.99999997	9.24038		1.24701  0.2  0.2		4.1705503158		-1.0
	35869.99999997	9.13531		1.45636  0.2  0.2		4.1705503158		-1.0
	35899.99999997	9.22843		1.75396  0.2  0.2		4.1705503158		-1.0
	35929.99999997	8.91559		2.1904  0.2  0.2		4.1705503158		-1.0
	35959.99999997	9.08968		2.61773  0.2  0.2		4.1705503158		-1.0
	35989.99999997	9.09037		2.23685  0.2  0.2		4.1705503158		-1.0
	36019.99999997	8.86814		2.57108  0.2  0.2		4.1705503158		-1.0
	36049.99999997	9.50335		2.43371  0.2  0.2		4.1705503158		-1.0
	36079.99999997	9.95554		2.42185  0.2  0.2		4.1705503158		-1.0
	36109.99999997	10.25908		2.27542  0.2  0.2		4.1705503158		-1.0
	36139.99999997	10.04142		1.92639  0.2  0.2		4.1705503158		-1.0
	36169.99999997	9.72389		1.72363  0.2  0.2		4.1705503158		-1.0
	36199.99999997	9.10304		1.31777  0.2  0.2		4.1705503158		-1.0
	36229.99999997	8.29163		1.24028  0.2  0.2		4.1705503158		-1.0
	36259.99999997	8.4047		1.00995  0.2  0.2		4.1705503158		-1.0
	36289.99999997	9.02443		1.00347  0.2  0.2		4.1705503158		-1.0
	36319.99999997	8.44664		1.37423  0.2  0.2		4.1705503158		-1.0
	36349.99999997	8.29812		0.86436  0.2  0.2		4.1705503158		-1.0
	36379.99999997	8.25261		0.63943  0.2  0.2		4.1705503158		-1.0
	36409.99999997	8.19596		0.45413  0.2  0.2		4.1705503158		-1.0
	36439.99999997	8.22087		0.94066  0.2  0.2		4.1705503158		-1.0
	36469.99999997	8.44992		1.43334  0.2  0.2		4.1705503158		-1.0
	36499.99999997	8.75675		1.67598  0.2  0.2		4.1705503158		-1.0
	36529.99999997	8.80124		1.72198  0.2  0.2		4.1705503158		-1.0
	36559.99999997	8.48686		1.63776  0.2  0.2		4.1705503158		-1.0
	36589.99999997	7.46126		1.21359  0.2  0.2		4.1705503158		-1.0
	36619.99999997	6.68952		0.80841  0.2  0.2		4.1705503158		-1.0
	36649.99999997	6.44851		0.76955  0.2  0.2		4.1705503158		-1.0
	36679.99999997	5.85066		1.77258  0.2  0.2		4.1705503158		-1.0
	36709.99999997	6.01042		1.62343  0.2  0.2		4.1705503158		-1.0
	36739.99999997	6.46198		1.62  0.2  0.2		4.1705503158		-1.0
	36769.99999997	7.02532		1.64574  0.2  0.2		4.1705503158		-1.0
	36799.99999997	7.22208		1.66433  0.2  0.2		4.1705503158		-1.0
	36829.99999997	6.94599		1.47499  0.2  0.2		4.1705503158		-1.0
	36859.99999997	6.31301		1.40076  0.2  0.2		4.1705503158		-1.0
	36889.99999997	5.53201		1.42878  0.2  0.2		4.1705503158		-1.0
	36919.99999997	5.42554		1.0277  0.2  0.2		4.1705503158		-1.0
	36949.99999997	6.22026		0.80589  0.2  0.2		4.1705503158		-1.0
	36979.99999997	6.22215		1.72849  0.2  0.2		4.1705503158		-1.0
	37009.99999997	6.50164		2.02288  0.2  0.2		4.1705503158		-1.0
	37039.99999997	6.99407		1.55022  0.2  0.2		4.1705503158		-1.0
	37069.99999997	6.8883		1.71994  0.2  0.2		4.1705503158		-1.0
	37099.99999997	6.78274		1.79908  0.2  0.2		4.1705503158		-1.0
	37129.99999997	6.44104		2.04431  0.2  0.2		4.1705503158		-1.0
	37159.99999997	5.92768		2.57433  0.2  0.2		4.1705503158		-1.0
	37189.99999997	5.9885		2.74291  0.2  0.2		4.1705503158		-1.0
	37219.99999997	6.52663		3.01963  0.2  0.2		4.1705503158		-1.0
	37249.99999997	6.4652		-3.0488  0.2  0.2		4.1705503158		-1.0
	37279.99999997	6.40102		2.99555  0.2  0.2		4.1705503158		-1.0
	37309.99999997	5.92355		2.52247  0.2  0.2		4.1705503158		-1.0
	37339.99999997	5.76264		2.33445  0.2  0.2		4.1705503158		-1.0
	37369.99999997	5.32459		2.61377  0.2  0.2		4.1705503158		-1.0
	37399.99999997	5.41402		2.37995  0.2  0.2		4.1705503158		-1.0
	37429.99999997	5.14537		1.64115  0.2  0.2		4.1705503158		-1.0
	37459.99999997	5.05339		1.41171  0.2  0.2		4.1705503158		-1.0
	37489.99999997	5.11159		1.97415  0.2  0.2		4.1705503158		-1.0
	37519.99999997	5.94125		1.89749  0.2  0.2		4.1705503158		-1.0
	37549.99999997	6.42177		1.65725  0.2  0.2		4.1705503158		-1.0
	37579.99999997	6.07781		1.52862  0.2  0.2		4.1705503158		-1.0
	37609.99999997	5.27422		1.71882  0.2  0.2		4.1705503158		-1.0
	37639.99999997	5.01939		2.13095  0.2  0.2		4.1705503158		-1.0
	37669.99999997	5.62407		2.3104  0.2  0.2		4.1705503158		-1.0
	37699.99999997	6.05002		2.26857  0.2  0.2		4.1705503158		-1.0
	37729.99999997	6.22108		2.56878  0.2  0.2		4.1705503158		-1.0
	37759.99999997	6.10648		2.88314  0.2  0.2		4.1705503158		-1.0
	37789.99999997	5.7058		-2.98662  0.2  0.2		4.1705503158		-1.0
	37819.99999997	5.05777		-2.8307  0.2  0.2		4.1705503158		-1.0
	37849.99999997	5.16441		-3.00199  0.2  0.2		4.1705503158		-1.0
	37879.99999997	5.92316		3.12943  0.2  0.2		4.1705503158		-1.0
	37909.99999997	6.08761		-3.04451  0.2  0.2		4.1705503158		-1.0
	37939.99999997	5.76502		-2.75321  0.2  0.2		4.1705503158		-1.0
	37969.99999997	5.46816		-2.84333  0.2  0.2		4.1705503158		-1.0
	37999.99999997	5.54414		-2.9933  0.2  0.2		4.1705503158		-1.0
	38029.99999997	5.82776		-2.91374  0.2  0.2		4.1705503158		-1.0
	38059.99999997	6.00029		-2.8073  0.2  0.2		4.1705503158		-1.0
	38089.99999997	6.12026		-2.70676  0.2  0.2		4.1705503158		-1.0
	38119.99999997	6.25975		-2.59901  0.2  0.2		4.1705503158		-1.0
	38149.99999997	6.1014		-2.80153  0.2  0.2		4.1705503158		-1.0
	38179.99999997	6.03074		-2.87462  0.2  0.2		4.1705503158		-1.0
	38209.99999997	6.43648		-2.76312  0.2  0.2		4.1705503158		-1.0
	38239.99999997	7.27457		-3.09568  0.2  0.2		4.1705503158		-1.0
	38269.99999997	7.53626		2.74315  0.2  0.2		4.1705503158		-1.0
	38299.99999997	7.56652		2.41754  0.2  0.2		4.1705503158		-1.0
	38329.99999997	7.48693		1.86124  0.2  0.2		4.1705503158		-1.0
	38359.99999997	7.53453		1.81984  0.2  0.2		4.1705503158		-1.0
	38389.99999997	7.85456		2.49383  0.2  0.2		4.1705503158		-1.0
	38419.99999997	8.39801		2.73338  0.2  0.2		4.1705503158		-1.0
	38449.99999997	8.99652		3.08624  0.2  0.2		4.1705503158		-1.0
	38479.99999997	9.64089		3.04246  0.2  0.2		4.1705503158		-1.0
	38509.99999997	10.21739		-3.01829  0.2  0.2		4.1705503158		-1.0
	38539.99999997	10.87623		-2.79665  0.2  0.2		4.1705503158		-1.0
	38569.99999997	11.45931		-2.89488  0.2  0.2		4.1705503158		-1.0
	38599.99999997	12.18334		-2.90302  0.2  0.2		4.1705503158		-1.0
	38629.99999997	12.04244		-2.74476  0.2  0.2		4.1705503158		-1.0
	38659.99999997	12.03204		-2.6162  0.2  0.2		4.1705503158		-1.0
	38689.99999997	11.97265		-2.34497  0.2  0.2		4.1705503158		-1.0
	38719.99999997	11.84574		-2.22874  0.2  0.2		4.1705503158		-1.0
	38749.99999997	11.65749		-2.35105  0.2  0.2		4.1705503158		-1.0
	38779.99999997	11.12914		-2.679  0.2  0.2		4.1705503158		-1.0
	38809.99999997	11.53007		-2.65335  0.2  0.2		4.1705503158		-1.0
	38839.99999997	11.64142		-2.51655  0.2  0.2		4.1705503158		-1.0
	38869.99999997	11.27305		-2.70686  0.2  0.2		4.1705503158		-1.0
	38899.99999997	11.06259		-2.67298  0.2  0.2		4.1705503158		-1.0
	38929.99999997	10.43226		-2.96441  0.2  0.2		4.1705503158		-1.0
	38959.99999997	9.50659		-2.91055  0.2  0.2		4.1705503158		-1.0
	38989.99999997	9.41015		-2.9236  0.2  0.2		4.1705503158		-1.0
	39019.99999997	10.30715		-2.56679  0.2  0.2		4.1705503158		-1.0
	39049.99999997	10.88852		-2.2832  0.2  0.2		4.1705503158		-1.0
	39079.99999997	11.4457		-2.01804  0.2  0.2		4.1705503158		-1.0
	39109.99999997	11.81314		-2.04518  0.2  0.2		4.1705503158		-1.0
	39139.99999997	12.09411		-1.98118  0.2  0.2		4.1705503158		-1.0
	39169.99999997	11.98612		-1.79767  0.2  0.2		4.1705503158		-1.0
	39199.99999997	11.9615		-1.7121  0.2  0.2		4.1705503158		-1.0
	39229.99999997	11.63918		-1.63806  0.2  0.2		4.1705503158		-1.0
	39259.99999997	11.45514		-1.87738  0.2  0.2		4.1705503158		-1.0
	39289.99999997	11.701		-1.99355  0.2  0.2		4.1705503158		-1.0
	39319.99999997	11.3489		-2.28061  0.2  0.2		4.1705503158		-1.0
	39349.99999997	10.75045		-2.33801  0.2  0.2		4.1705503158		-1.0
	39379.99999997	10.42763		-2.21837  0.2  0.2		4.1705503158		-1.0
	39409.99999997	9.74776		-2.22772  0.2  0.2		4.1705503158		-1.0
	39439.99999997	9.3519		-2.34688  0.2  0.2		4.1705503158		-1.0
	39469.99999997	9.45458		-2.04085  0.2  0.2		4.1705503158		-1.0
	39499.99999997	9.82526		-1.90444  0.2  0.2		4.1705503158		-1.0
	39529.99999997	10.55359		-1.93165  0.2  0.2		4.1705503158		-1.0
	39559.99999997	10.28333		-1.80773  0.2  0.2		4.1705503158		-1.0
	39589.99999997	10.31046		-1.88661  0.2  0.2		4.1705503158		-1.0
	39619.99999997	10.54547		-2.02847  0.2  0.2		4.1705503158		-1.0
	39649.99999997	10.57487		-2.1252  0.2  0.2		4.1705503158		-1.0
	39679.99999997	10.84241		-2.17044  0.2  0.2		4.1705503158		-1.0
	39709.99999997	11.45183		-2.2879  0.2  0.2		4.1705503158		-1.0
	39739.99999997	11.50089		-2.66144  0.2  0.2		4.1705503158		-1.0
	39769.99999997	11.30918		-2.67238  0.2  0.2		4.1705503158		-1.0
	39799.99999997	11.58265		-3.07304  0.2  0.2		4.1705503158		-1.0
	39829.99999997	11.97691		-3.04296  0.2  0.2		4.1705503158		-1.0
	39859.99999997	12.03213		-3.14055  0.2  0.2		4.1705503158		-1.0
	39889.99999997	11.83517		2.78589  0.2  0.2		4.1705503158		-1.0
	39919.99999997	11.60402		2.52213  0.2  0.2		4.1705503158		-1.0
	39949.99999997	11.41291		2.26416  0.2  0.2		4.1705503158		-1.0
	39979.99999997	11.72181		2.16884  0.2  0.2		4.1705503158		-1.0
	40009.99999997	12.181		2.53702  0.2  0.2		4.1705503158		-1.0
	40039.99999997	11.40043		2.46645  0.2  0.2		4.1705503158		-1.0
	40069.99999997	10.85568		2.34253  0.2  0.2		4.1705503158		-1.0
	40099.99999997	9.66619		2.30124  0.2  0.2		4.1705503158		-1.0
	40129.99999997	8.71556		2.13674  0.2  0.2		4.1705503158		-1.0
	40159.99999997	8.72424		2.08836  0.2  0.2		4.1705503158		-1.0
	40189.99999997	9.64289		1.96301  0.2  0.2		4.1705503158		-1.0
	40219.99999996	9.89966		2.00379  0.2  0.2		4.1705503158		-1.0
	40249.99999996	9.99859		2.26748  0.2  0.2		4.1705503158		-1.0
	40279.99999996	9.88714		2.48877  0.2  0.2		4.1705503158		-1.0
	40309.99999996	9.75953		2.45691  0.2  0.2		4.1705503158		-1.0
	40339.99999996	9.37581		2.54538  0.2  0.2		4.1705503158		-1.0
	40369.99999996	9.0619		2.95568  0.2  0.2		4.1705503158		-1.0
	40399.99999996	8.67703		-2.96025  0.2  0.2		4.1705503158		-1.0
	40429.99999996	8.49342		-2.48552  0.2  0.2		4.1705503158		-1.0
	40459.99999996	9.01553		-2.55911  0.2  0.2		4.1705503158		-1.0
	40489.99999996	9.37613		-2.62891  0.2  0.2		4.1705503158		-1.0
	40519.99999996	9.673		-2.84324  0.2  0.2		4.1705503158		-1.0
	40549.99999996	10.13082		-2.80009  0.2  0.2		4.1705503158		-1.0
	40579.99999996	9.90327		-2.57078  0.2  0.2		4.1705503158		-1.0
	40609.99999996	9.92898		-2.55703  0.2  0.2		4.1705503158		-1.0
	40639.99999996	10.16617		-2.42552  0.2  0.2		4.1705503158		-1.0
	40669.99999996	10.25107		-2.76178  0.2  0.2		4.1705503158		-1.0
	40699.99999996	10.41004		-2.61721  0.2  0.2		4.1705503158		-1.0
	40729.99999996	10.58342		-2.47874  0.2  0.2		4.1705503158		-1.0
	40759.99999996	10.58975		-2.83524  0.2  0.2		4.1705503158		-1.0
	40789.99999996	10.56308		-2.90277  0.2  0.2		4.1705503158		-1.0
	40819.99999996	10.86964		-2.97489  0.2  0.2		4.1705503158		-1.0
	40849.99999996	11.6084		3.09583  0.2  0.2		4.1705503158		-1.0
	40879.99999996	11.87881		2.97051  0.2  0.2		4.1705503158		-1.0
	40909.99999996	10.95958		2.92175  0.2  0.2		4.1705503158		-1.0
	40939.99999996	10.17047		2.87021  0.2  0.2		4.1705503158		-1.0
	40969.99999996	9.33272		2.48163  0.2  0.2		4.1705503158		-1.0
	40999.99999996	8.68385		2.68516  0.2  0.2		4.1705503158		-1.0
	41029.99999996	8.26156		-2.67444  0.2  0.2		4.1705503158		-1.0
	41059.99999996	8.41027		-2.57616  0.2  0.2		4.1705503158		-1.0
	41089.99999996	8.96718		-2.60487  0.2  0.2		4.1705503158		-1.0
	41119.99999996	9.44281		-2.5618  0.2  0.2		4.1705503158		-1.0
	41149.99999996	9.82115		-2.42895  0.2  0.2		4.1705503158		-1.0
	41179.99999996	9.34424		-2.31333  0.2  0.2		4.1705503158		-1.0
	41209.99999996	8.78627		-2.33736  0.2  0.2		4.1705503158		-1.0
	41239.99999996	8.6475		-2.7733  0.2  0.2		4.1705503158		-1.0
	41269.99999996	8.99138		-2.69605  0.2  0.2		4.1705503158		-1.0
	41299.99999996	8.68759		-2.7303  0.2  0.2		4.1705503158		-1.0
	41329.99999996	8.77799		-2.27518  0.2  0.2		4.1705503158		-1.0
	41359.99999996	9.43278		-2.06263  0.2  0.2		4.1705503158		-1.0
	41389.99999996	10.14599		-1.89791  0.2  0.2		4.1705503158		-1.0
	41419.99999996	10.54847		-1.5225  0.2  0.2		4.1705503158		-1.0
	41449.99999996	10.22145		-1.43578  0.2  0.2		4.1705503158		-1.0
	41479.99999996	9.63629		-1.65031  0.2  0.2		4.1705503158		-1.0
	41509.99999996	8.96617		-1.57538  0.2  0.2		4.1705503158		-1.0
	41539.99999996	8.32588		-1.73673  0.2  0.2		4.1705503158		-1.0
	41569.99999996	8.1756		-1.92485  0.2  0.2		4.1705503158		-1.0
	41599.99999996	8.51665		-1.96295  0.2  0.2		4.1705503158		-1.0
	41629.99999996	9.40818		-1.89211  0.2  0.2		4.1705503158		-1.0
	41659.99999996	9.08777		-1.69841  0.2  0.2		4.1705503158		-1.0
	41689.99999996	8.48628		-1.86378  0.2  0.2		4.1705503158		-1.0
	41719.99999996	8.17863		-2.21868  0.2  0.2		4.1705503158		-1.0
	41749.99999996	7.62213		-2.74363  0.2  0.2		4.1705503158		-1.0
	41779.99999996	7.72809		-3.04452  0.2  0.2		4.1705503158		-1.0
	41809.99999996	7.97963		3.10892  0.2  0.2		4.1705503158		-1.0
	41839.99999996	7.85061		-2.8587  0.2  0.2		4.1705503158		-1.0
	41869.99999996	7.61492		-2.47545  0.2  0.2		4.1705503158		-1.0
	41899.99999996	7.21489		-1.79082  0.2  0.2		4.1705503158		-1.0
	41929.99999996	7.36276		-1.67545  0.2  0.2		4.1705503158		-1.0
	41959.99999996	8.02289		-1.63779  0.2  0.2		4.1705503158		-1.0
	41989.99999996	7.72312		-1.49451  0.2  0.2		4.1705503158		-1.0
	42019.99999996	6.92951		-1.36267  0.2  0.2		4.1705503158		-1.0
	42049.99999996	5.91481		-1.1542  0.2  0.2		4.1705503158		-1.0
	42079.99999996	4.38169		-1.16768  0.2  0.2		4.1705503158		-1.0
	42109.99999996	3.66694		-1.09142  0.2  0.2		4.1705503158		-1.0
	42139.99999996	3.86382		-1.16348  0.2  0.2		4.1705503158		-1.0
	42169.99999996	3.58751		-1.17272  0.2  0.2		4.1705503158		-1.0
	42199.99999996	3.57804		-1.30411  0.2  0.2		4.1705503158		-1.0
	42229.99999996	3.47234		-1.50484  0.2  0.2		4.1705503158		-1.0
	42259.99999996	2.86708		-1.96666  0.2  0.2		4.1705503158		-1.0
	42289.99999996	2.61429		-2.08713  0.2  0.2		4.1705503158		-1.0
	42319.99999996	3.07593		-1.84855  0.2  0.2		4.1705503158		-1.0
	42349.99999996	3.73829		-1.95515  0.2  0.2		4.1705503158		-1.0
	42379.99999996	3.70405		-2.12619  0.2  0.2		4.1705503158		-1.0
	42409.99999996	2.97403		-1.95364  0.2  0.2		4.1705503158		-1.0
	42439.99999996	3.08371		-2.08606  0.2  0.2		4.1705503158		-1.0
	42469.99999996	3.22127		-2.06867  0.2  0.2		4.1705503158		-1.0
	42499.99999996	3.05954		-2.02843  0.2  0.2		4.1705503158		-1.0
	42529.99999996	3.05369		-2.08099  0.2  0.2		4.1705503158		-1.0
	42559.99999996	3.18743		-2.08756  0.2  0.2		4.1705503158		-1.0
	42589.99999996	3.06698		-1.93549  0.2  0.2		4.1705503158		-1.0
	42619.99999996	2.65549		-1.92307  0.2  0.2		4.1705503158		-1.0
	42649.99999996	3.13061		-1.70062  0.2  0.2		4.1705503158		-1.0
	42679.99999996	4.04471		-1.31155  0.2  0.2		4.1705503158		-1.0
	42709.99999996	4.24767		-1.22352  0.2  0.2		4.1705503158		-1.0
	42739.99999996	3.6705		-1.3136  0.2  0.2		4.1705503158		-1.0
	42769.99999996	2.99334		-1.08922  0.2  0.2		4.1705503158		-1.0
	42799.99999996	2.61432		-0.74726  0.2  0.2		4.1705503158		-1.0
	42829.99999996	2.62886		-1.00482  0.2  0.2		4.1705503158		-1.0
	42859.99999996	2.77267		-0.84981  0.2  0.2		4.1705503158		-1.0
	42889.99999996	2.82757		-0.71043  0.2  0.2		4.1705503158		-1.0
	42919.99999996	3.98186		-0.6332  0.2  0.2		4.1705503158		-1.0
	42949.99999996	3.79497		-0.64936  0.2  0.2		4.1705503158		-1.0
	42979.99999996	3.00049		-0.55063  0.2  0.2		4.1705503158		-1.0
	43009.99999996	3.23953		-0.2187  0.2  0.2		4.1705503158		-1.0
	43039.99999996	3.15418		0.11215  0.2  0.2		4.1705503158		-1.0
	43069.99999996	3.18905		0.45553  0.2  0.2		4.1705503158		-1.0
	43099.99999996	2.48051		0.68954  0.2  0.2		4.1705503158		-1.0
	43129.99999996	3.14587		0.95773  0.2  0.2		4.1705503158		-1.0
	43159.99999996	2.70961		1.06434  0.2  0.2		4.1705503158		-1.0
	43189.99999996	2.58477		1.24794  0.2  0.2		4.1705503158		-1.0
	43219.99999996	2.62691		1.27749  0.2  0.2		4.1705503158		-1.0
	43249.99999996	2.735		1.26733  0.2  0.2		4.1705503158		-1.0
	43279.99999996	2.65163		0.95048  0.2  0.2		4.1705503158		-1.0
	43309.99999996	2.61753		0.53216  0.2  0.2		4.1705503158		-1.0
	43339.99999996	2.73024		-0.00231  0.2  0.2		4.1705503158		-1.0
	43369.99999996	2.81859		-0.07986  0.2  0.2		4.1705503158		-1.0
	43399.99999996	2.79056		0.40525  0.2  0.2		4.1705503158		-1.0
	43429.99999996	2.7539		0.97611  0.2  0.2		4.1705503158		-1.0
	43459.99999996	2.6565		1.08129  0.2  0.2		4.1705503158		-1.0
	43489.99999996	2.85724		0.49247  0.2  0.2		4.1705503158		-1.0
	43519.99999996	2.7482		0.27884  0.2  0.2		4.1705503158		-1.0
	43549.99999996	2.96133		0.33578  0.2  0.2		4.1705503158		-1.0
	43579.99999996	3.46577		0.5356  0.2  0.2		4.1705503158		-1.0
	43609.99999996	3.60584		0.15739  0.2  0.2		4.1705503158		-1.0
	43639.99999996	3.60184		-0.15228  0.2  0.2		4.1705503158		-1.0
	43669.99999996	2.69153		-0.08302  0.2  0.2		4.1705503158		-1.0
	43699.99999996	2.81237		-0.06359  0.2  0.2		4.1705503158		-1.0
	43729.99999996	2.83318		-0.17588  0.2  0.2		4.1705503158		-1.0
	43759.99999996	3.37154		-0.16701  0.2  0.2		4.1705503158		-1.0
	43789.99999996	3.7432		-0.16899  0.2  0.2		4.1705503158		-1.0
	43819.99999996	3.76485		-0.59907  0.2  0.2		4.1705503158		-1.0
	43849.99999996	3.42531		-0.56081  0.2  0.2		4.1705503158		-1.0
	43879.99999996	3.68458		-0.66982  0.2  0.2		4.1705503158		-1.0
	43909.99999996	3.74729		-0.63905  0.2  0.2		4.1705503158		-1.0
	43939.99999996	3.20906		-0.39857  0.2  0.2		4.1705503158		-1.0
	43969.99999996	3.16402		-0.64586  0.2  0.2		4.1705503158		-1.0
	43999.99999996	4.02463		-0.70116  0.2  0.2		4.1705503158		-1.0
	44029.99999996	3.45767		-0.89077  0.2  0.2		4.1705503158		-1.0
	44059.99999996	2.98135		-1.09548  0.2  0.2		4.1705503158		-1.0
	44089.99999996	3.41597		-1.28822  0.2  0.2		4.1705503158		-1.0
	44119.99999996	3.32716		-0.72371  0.2  0.2		4.1705503158		-1.0
	44149.99999996	3.72321		-0.36891  0.2  0.2		4.1705503158		-1.0
	44179.99999996	3.71312		-0.4534  0.2  0.2		4.1705503158		-1.0
	44209.99999996	3.08956		-0.57262  0.2  0.2		4.1705503158		-1.0
	44239.99999996	2.67349		-0.79675  0.2  0.2		4.1705503158		-1.0
	44269.99999996	2.7259		-0.99487  0.2  0.2		4.1705503158		-1.0
	44299.99999996	2.66681		-1.52517  0.2  0.2		4.1705503158		-1.0
	44329.99999996	2.69818		-1.40126  0.2  0.2		4.1705503158		-1.0
	44359.99999996	2.95503		-1.01008  0.2  0.2		4.1705503158		-1.0
	44389.99999996	3.18506		-1.00753  0.2  0.2		4.1705503158		-1.0
	44419.99999996	3.15712		-1.26602  0.2  0.2		4.1705503158		-1.0
	44449.99999996	2.53836		-1.40835  0.2  0.2		4.1705503158		-1.0
	44479.99999996	3.25143		-1.51291  0.2  0.2		4.1705503158		-1.0
