	0.00000000	2.82516  0.2  0.2		4.1705503158		-1.0
	30.00000000	2.80328  0.2  0.2		4.1705503158		-1.0
	60.00000000	2.85414  0.2  0.2		4.1705503158		-1.0
	90.00000000	3.05507  0.2  0.2		4.1705503158		-1.0
	120.00000000	2.96253  0.2  0.2		4.1705503158		-1.0
	150.00000000	2.93897  0.2  0.2		4.1705503158		-1.0
	180.00000000	2.88059  0.2  0.2		4.1705503158		-1.0
	210.00000000	3.06756  0.2  0.2		4.1705503158		-1.0
	240.00000000	2.96767  0.2  0.2		4.1705503158		-1.0
	270.00000000	2.89079  0.2  0.2		4.1705503158		-1.0
	300.00000000	2.8986  0.2  0.2		4.1705503158		-1.0
	330.00000000	2.88889  0.2  0.2		4.1705503158		-1.0
	360.00000000	2.95041  0.2  0.2		4.1705503158		-1.0
	390.00000000	2.83963  0.2  0.2		4.1705503158		-1.0
	420.00000000	2.98816  0.2  0.2		4.1705503158		-1.0
	450.00000000	2.90832  0.2  0.2		4.1705503158		-1.0
	480.00000000	2.87023  0.2  0.2		4.1705503158		-1.0
	510.00000000	3.20882  0.2  0.2		4.1705503158		-1.0
	540.00000000	2.70145  0.2  0.2		4.1705503158		-1.0
	570.00000000	3.08744  0.2  0.2		4.1705503158		-1.0
	600.00000000	3.04027  0.2  0.2		4.1705503158		-1.0
	630.00000000	3.02685  0.2  0.2		4.1705503158		-1.0
	660.00000000	2.75532  0.2  0.2		4.1705503158		-1.0
	690.00000000	2.7192  0.2  0.2		4.1705503158		-1.0
	720.00000000	2.72936  0.2  0.2		4.1705503158		-1.0
	750.00000000	2.77156  0.2  0.2		4.1705503158		-1.0
	780.00000000	2.97895  0.2  0.2		4.1705503158		-1.0
	810.00000000	3.00283  0.2  0.2		4.1705503158		-1.0
	840.00000000	2.9982  0.2  0.2		4.1705503158		-1.0
	870.00000000	2.90686  0.2  0.2		4.1705503158		-1.0
	900.00000000	3.0724  0.2  0.2		4.1705503158		-1.0
	930.00000000	2.77549  0.2  0.2		4.1705503158		-1.0
	960.00000000	3.16657  0.2  0.2		4.1705503158		-1.0
	990.00000000	2.80443  0.2  0.2		4.1705503158		-1.0
	1020.00000000	2.95491  0.2  0.2		4.1705503158		-1.0
	1050.00000000	2.88136  0.2  0.2		4.1705503158		-1.0
	1080.00000000	2.94548  0.2  0.2		4.1705503158		-1.0
	1110.00000000	2.9798  0.2  0.2		4.1705503158		-1.0
	1140.00000000	3.10494  0.2  0.2		4.1705503158		-1.0
	1170.00000000	3.05216  0.2  0.2		4.1705503158		-1.0
	1200.00000000	2.97601  0.2  0.2		4.1705503158		-1.0
	1230.00000000	3.09613  0.2  0.2		4.1705503158		-1.0
	1260.00000000	2.89165  0.2  0.2		4.1705503158		-1.0
	1290.00000000	2.88263  0.2  0.2		4.1705503158		-1.0
	1320.00000000	2.8704  0.2  0.2		4.1705503158		-1.0
	1350.00000000	2.91132  0.2  0.2		4.1705503158		-1.0
	1380.00000000	2.94501  0.2  0.2		4.1705503158		-1.0
	1410.00000000	2.98408  0.2  0.2		4.1705503158		-1.0
	1440.00000000	3.02198  0.2  0.2		4.1705503158		-1.0
	1470.00000000	2.68832  0.2  0.2		4.1705503158		-1.0
	1500.00000000	2.96103  0.2  0.2		4.1705503158		-1.0
	1530.00000000	3.12  0.2  0.2		4.1705503158		-1.0
	1560.00000000	2.87372  0.2  0.2		4.1705503158		-1.0
	1590.00000000	2.92706  0.2  0.2		4.1705503158		-1.0
	1620.00000000	2.87679  0.2  0.2		4.1705503158		-1.0
	1650.00000000	3.17824  0.2  0.2		4.1705503158		-1.0
	1680.00000000	3.10139  0.2  0.2		4.1705503158		-1.0
	1710.00000000	2.75979  0.2  0.2		4.1705503158		-1.0
	1740.00000000	3.00183  0.2  0.2		4.1705503158		-1.0
	1770.00000000	2.9388  0.2  0.2		4.1705503158		-1.0
	1800.00000000	2.80261  0.2  0.2		4.1705503158		-1.0
	1830.00000000	3.37119  0.2  0.2		4.1705503158		-1.0
	1860.00000000	2.80184  0.2  0.2		4.1705503158		-1.0
	1890.00000000	3.18505  0.2  0.2		4.1705503158		-1.0
	1920.00000000	3.12999  0.2  0.2		4.1705503158		-1.0
	1950.00000000	3.00275  0.2  0.2		4.1705503158		-1.0
	1980.00000000	2.82775  0.2  0.2		4.1705503158		-1.0
	2010.00000000	3.11937  0.2  0.2		4.1705503158		-1.0
	2040.00000000	2.83407  0.2  0.2		4.1705503158		-1.0
	2070.00000000	2.97378  0.2  0.2		4.1705503158		-1.0
	2100.00000000	2.88749  0.2  0.2		4.1705503158		-1.0
	2130.00000000	3.28119  0.2  0.2		4.1705503158		-1.0
	2160.00000000	3.05501  0.2  0.2		4.1705503158		-1.0
	2190.00000000	3.12883  0.2  0.2		4.1705503158		-1.0
	2220.00000000	3.15416  0.2  0.2		4.1705503158		-1.0
	2250.00000000	3.2229  0.2  0.2		4.1705503158		-1.0
	2280.00000000	3.16004  0.2  0.2		4.1705503158		-1.0
	2310.00000000	2.73053  0.2  0.2		4.1705503158		-1.0
	2340.00000000	3.41982  0.2  0.2		4.1705503158		-1.0
	2370.00000000	2.86321  0.2  0.2		4.1705503158		-1.0
	2400.00000000	2.98275  0.2  0.2		4.1705503158		-1.0
	2430.00000000	2.8608  0.2  0.2		4.1705503158		-1.0
	2460.00000000	3.01425  0.2  0.2		4.1705503158		-1.0
	2490.00000000	3.23538  0.2  0.2		4.1705503158		-1.0
	2520.00000000	2.95895  0.2  0.2		4.1705503158		-1.0
	2550.00000000	3.25446  0.2  0.2		4.1705503158		-1.0
	2580.00000000	3.06327  0.2  0.2		4.1705503158		-1.0
	2610.00000000	2.71603  0.2  0.2		4.1705503158		-1.0
	2640.00000000	3.14452  0.2  0.2		4.1705503158		-1.0
	2670.00000000	3.20411  0.2  0.2		4.1705503158		-1.0
	2700.00000000	3.01503  0.2  0.2		4.1705503158		-1.0
	2730.00000000	2.94072  0.2  0.2		4.1705503158		-1.0
	2760.00000000	2.98209  0.2  0.2		4.1705503158		-1.0
	2790.00000000	2.78792  0.2  0.2		4.1705503158		-1.0
	2820.00000000	2.96616  0.2  0.2		4.1705503158		-1.0
	2850.00000000	3.15966  0.2  0.2		4.1705503158		-1.0
	2880.00000000	3.13535  0.2  0.2		4.1705503158		-1.0
	2910.00000000	3.1443  0.2  0.2		4.1705503158		-1.0
	2940.00000000	2.77914  0.2  0.2		4.1705503158		-1.0
	2970.00000000	3.17998  0.2  0.2		4.1705503158		-1.0
	3000.00000000	3.39252  0.2  0.2		4.1705503158		-1.0
	3030.00000000	2.62077  0.2  0.2		4.1705503158		-1.0
	3060.00000000	2.81871  0.2  0.2		4.1705503158		-1.0
	3090.00000000	3.28929  0.2  0.2		4.1705503158		-1.0
	3120.00000000	2.86651  0.2  0.2		4.1705503158		-1.0
	3150.00000000	2.8494  0.2  0.2		4.1705503158		-1.0
	3180.00000000	2.78779  0.2  0.2		4.1705503158		-1.0
	3210.00000000	2.85791  0.2  0.2		4.1705503158		-1.0
	3240.00000000	2.96891  0.2  0.2		4.1705503158		-1.0
	3270.00000000	2.95229  0.2  0.2		4.1705503158		-1.0
	3300.00000000	2.99352  0.2  0.2		4.1705503158		-1.0
	3330.00000000	2.93259  0.2  0.2		4.1705503158		-1.0
	3360.00000000	2.97696  0.2  0.2		4.1705503158		-1.0
	3390.00000000	2.7764  0.2  0.2		4.1705503158		-1.0
	3420.00000000	2.88533  0.2  0.2		4.1705503158		-1.0
	3450.00000000	2.97787  0.2  0.2		4.1705503158		-1.0
	3480.00000000	3.09426  0.2  0.2		4.1705503158		-1.0
	3510.00000000	2.9398  0.2  0.2		4.1705503158		-1.0
	3540.00000000	2.93679  0.2  0.2		4.1705503158		-1.0
	3570.00000000	2.84027  0.2  0.2		4.1705503158		-1.0
	3600.00000000	2.9143  0.2  0.2		4.1705503158		-1.0
	3630.00000000	3.08452  0.2  0.2		4.1705503158		-1.0
	3660.00000000	2.98243  0.2  0.2		4.1705503158		-1.0
	3690.00000000	3.16954  0.2  0.2		4.1705503158		-1.0
	3720.00000000	3.02941  0.2  0.2		4.1705503158		-1.0
	3750.00000000	2.8828  0.2  0.2		4.1705503158		-1.0
	3780.00000000	2.91279  0.2  0.2		4.1705503158		-1.0
	3810.00000000	2.89125  0.2  0.2		4.1705503158		-1.0
	3840.00000000	2.81424  0.2  0.2		4.1705503158		-1.0
	3870.00000000	2.92003  0.2  0.2		4.1705503158		-1.0
	3900.00000000	2.85201  0.2  0.2		4.1705503158		-1.0
	3930.00000000	2.98483  0.2  0.2		4.1705503158		-1.0
	3960.00000000	2.74668  0.2  0.2		4.1705503158		-1.0
	3990.00000000	2.86141  0.2  0.2		4.1705503158		-1.0
	4020.00000000	2.86382  0.2  0.2		4.1705503158		-1.0
	4050.00000000	2.92036  0.2  0.2		4.1705503158		-1.0
	4080.00000000	2.97231  0.2  0.2		4.1705503158		-1.0
	4110.00000000	2.98863  0.2  0.2		4.1705503158		-1.0
	4140.00000000	3.0504  0.2  0.2		4.1705503158		-1.0
	4170.00000000	2.94236  0.2  0.2		4.1705503158		-1.0
	4200.00000000	3.08134  0.2  0.2		4.1705503158		-1.0
	4230.00000000	2.82696  0.2  0.2		4.1705503158		-1.0
	4260.00000000	3.13362  0.2  0.2		4.1705503158		-1.0
	4290.00000000	2.84549  0.2  0.2		4.1705503158		-1.0
	4320.00000000	3.06163  0.2  0.2		4.1705503158		-1.0
	4350.00000000	2.89931  0.2  0.2		4.1705503158		-1.0
	4380.00000000	3.08671  0.2  0.2		4.1705503158		-1.0
	4410.00000000	2.80604  0.2  0.2		4.1705503158		-1.0
	4440.00000000	3.12649  0.2  0.2		4.1705503158		-1.0
	4470.00000000	2.8999  0.2  0.2		4.1705503158		-1.0
	4500.00000000	3.05787  0.2  0.2		4.1705503158		-1.0
	4530.00000000	3.08625  0.2  0.2		4.1705503158		-1.0
	4560.00000000	2.69721  0.2  0.2		4.1705503158		-1.0
	4590.00000000	2.91454  0.2  0.2		4.1705503158		-1.0
	4620.00000000	2.89967  0.2  0.2		4.1705503158		-1.0
	4650.00000000	2.81111  0.2  0.2		4.1705503158		-1.0
	4680.00000000	3.20128  0.2  0.2		4.1705503158		-1.0
	4710.00000000	2.90238  0.2  0.2		4.1705503158		-1.0
	4740.00000000	3.14684  0.2  0.2		4.1705503158		-1.0
	4770.00000000	2.95018  0.2  0.2		4.1705503158		-1.0
	4800.00000000	2.83549  0.2  0.2		4.1705503158		-1.0
	4830.00000000	3.01256  0.2  0.2		4.1705503158		-1.0
	4860.00000000	3.06843  0.2  0.2		4.1705503158		-1.0
	4890.00000000	2.90202  0.2  0.2		4.1705503158		-1.0
	4920.00000000	2.6925  0.2  0.2		4.1705503158		-1.0
	4950.00000000	2.80671  0.2  0.2		4.1705503158		-1.0
	4980.00000000	2.84681  0.2  0.2		4.1705503158		-1.0
	5010.00000000	2.80676  0.2  0.2		4.1705503158		-1.0
	5040.00000000	2.76998  0.2  0.2		4.1705503158		-1.0
	5070.00000000	2.93198  0.2  0.2		4.1705503158		-1.0
	5100.00000000	3.17402  0.2  0.2		4.1705503158		-1.0
	5130.00000000	3.0915  0.2  0.2		4.1705503158		-1.0
	5160.00000000	3.33149  0.2  0.2		4.1705503158		-1.0
	5190.00000000	3.11068  0.2  0.2		4.1705503158		-1.0
	5220.00000000	2.96676  0.2  0.2		4.1705503158		-1.0
	5250.00000000	2.96998  0.2  0.2		4.1705503158		-1.0
	5280.00000000	3.24748  0.2  0.2		4.1705503158		-1.0
	5310.00000000	2.74557  0.2  0.2		4.1705503158		-1.0
	5340.00000000	3.29919  0.2  0.2		4.1705503158		-1.0
	5370.00000000	2.81821  0.2  0.2		4.1705503158		-1.0
	5400.00000000	2.88529  0.2  0.2		4.1705503158		-1.0
	5430.00000000	3.51872  0.2  0.2		4.1705503158		-1.0
	5460.00000000	2.89399  0.2  0.2		4.1705503158		-1.0
	5490.00000000	3.17769  0.2  0.2		4.1705503158		-1.0
	5520.00000000	2.77337  0.2  0.2		4.1705503158		-1.0
	5550.00000000	3.22262  0.2  0.2		4.1705503158		-1.0
	5580.00000000	3.10898  0.2  0.2		4.1705503158		-1.0
	5610.00000000	2.87848  0.2  0.2		4.1705503158		-1.0
	5640.00000000	3.50902  0.2  0.2		4.1705503158		-1.0
	5670.00000000	2.78187  0.2  0.2		4.1705503158		-1.0
	5700.00000000	3.29942  0.2  0.2		4.1705503158		-1.0
	5730.00000000	2.89419  0.2  0.2		4.1705503158		-1.0
	5760.00000000	2.81258  0.2  0.2		4.1705503158		-1.0
	5790.00000000	2.82752  0.2  0.2		4.1705503158		-1.0
	5820.00000000	2.71119  0.2  0.2		4.1705503158		-1.0
	5850.00000000	3.16258  0.2  0.2		4.1705503158		-1.0
	5880.00000000	3.12828  0.2  0.2		4.1705503158		-1.0
	5910.00000000	2.7215  0.2  0.2		4.1705503158		-1.0
	5940.00000000	3.03282  0.2  0.2		4.1705503158		-1.0
	5970.00000000	2.68738  0.2  0.2		4.1705503158		-1.0
	6000.00000000	2.91077  0.2  0.2		4.1705503158		-1.0
	6030.00000000	2.83184  0.2  0.2		4.1705503158		-1.0
	6060.00000000	2.81788  0.2  0.2		4.1705503158		-1.0
	6090.00000000	2.83267  0.2  0.2		4.1705503158		-1.0
	6120.00000000	3.13159  0.2  0.2		4.1705503158		-1.0
	6150.00000000	3.09739  0.2  0.2		4.1705503158		-1.0
	6180.00000000	3.2309  0.2  0.2		4.1705503158		-1.0
	6210.00000000	3.02528  0.2  0.2		4.1705503158		-1.0
	6240.00000000	2.95001  0.2  0.2		4.1705503158		-1.0
	6270.00000000	2.7328  0.2  0.2		4.1705503158		-1.0
	6300.00000000	2.75806  0.2  0.2		4.1705503158		-1.0
	6330.00000000	2.82567  0.2  0.2		4.1705503158		-1.0
	6360.00000000	3.22577  0.2  0.2		4.1705503158		-1.0
	6390.00000000	2.94015  0.2  0.2		4.1705503158		-1.0
	6420.00000000	3.01513  0.2  0.2		4.1705503158		-1.0
	6450.00000000	2.77551  0.2  0.2		4.1705503158		-1.0
	6480.00000000	3.30117  0.2  0.2		4.1705503158		-1.0
	6510.00000000	3.26059  0.2  0.2		4.1705503158		-1.0
	6540.00000000	3.30805  0.2  0.2		4.1705503158		-1.0
	6570.00000000	3.23111  0.2  0.2		4.1705503158		-1.0
	6600.00000000	3.09588  0.2  0.2		4.1705503158		-1.0
	6630.00000000	3.34363  0.2  0.2		4.1705503158		-1.0
	6660.00000000	3.14818  0.2  0.2		4.1705503158		-1.0
	6690.00000000	2.80421  0.2  0.2		4.1705503158		-1.0
	6720.00000000	2.61351  0.2  0.2		4.1705503158		-1.0
	6750.00000000	3.53858  0.2  0.2		4.1705503158		-1.0
	6780.00000000	2.81676  0.2  0.2		4.1705503158		-1.0
	6810.00000000	2.91073  0.2  0.2		4.1705503158		-1.0
	6840.00000000	3.02487  0.2  0.2		4.1705503158		-1.0
	6870.00000000	3.26707  0.2  0.2		4.1705503158		-1.0
	6900.00000000	3.05378  0.2  0.2		4.1705503158		-1.0
	6930.00000000	3.3677  0.2  0.2		4.1705503158		-1.0
	6960.00000000	2.74652  0.2  0.2		4.1705503158		-1.0
	6990.00000000	3.21734  0.2  0.2		4.1705503158		-1.0
	7020.00000000	3.01129  0.2  0.2		4.1705503158		-1.0
	7050.00000000	3.03285  0.2  0.2		4.1705503158		-1.0
	7080.00000000	2.84786  0.2  0.2		4.1705503158		-1.0
	7110.00000000	3.21101  0.2  0.2		4.1705503158		-1.0
	7140.00000000	3.00856  0.2  0.2		4.1705503158		-1.0
	7170.00000000	2.80642  0.2  0.2		4.1705503158		-1.0
	7200.00000000	2.7705  0.2  0.2		4.1705503158		-1.0
	7230.00000000	2.79695  0.2  0.2		4.1705503158		-1.0
	7260.00000000	2.7501  0.2  0.2		4.1705503158		-1.0
	7290.00000000	2.83684  0.2  0.2		4.1705503158		-1.0
	7320.00000000	2.96272  0.2  0.2		4.1705503158		-1.0
	7350.00000000	3.11884  0.2  0.2		4.1705503158		-1.0
	7380.00000000	2.86726  0.2  0.2		4.1705503158		-1.0
	7410.00000000	2.7404  0.2  0.2		4.1705503158		-1.0
	7440.00000000	2.62271  0.2  0.2		4.1705503158		-1.0
	7470.00000000	3.09241  0.2  0.2		4.1705503158		-1.0
	7500.00000000	3.05671  0.2  0.2		4.1705503158		-1.0
	7530.00000000	3.24104  0.2  0.2		4.1705503158		-1.0
	7560.00000000	2.95548  0.2  0.2		4.1705503158		-1.0
	7590.00000000	2.70972  0.2  0.2		4.1705503158		-1.0
	7620.00000000	2.67922  0.2  0.2		4.1705503158		-1.0
	7650.00000000	2.74757  0.2  0.2		4.1705503158		-1.0
	7680.00000000	2.99241  0.2  0.2		4.1705503158		-1.0
	7710.00000000	3.37507  0.2  0.2		4.1705503158		-1.0
	7740.00000000	3.37829  0.2  0.2		4.1705503158		-1.0
	7770.00000000	2.98652  0.2  0.2		4.1705503158		-1.0
	7800.00000000	2.7628  0.2  0.2		4.1705503158		-1.0
	7830.00000000	2.95484  0.2  0.2		4.1705503158		-1.0
	7860.00000000	2.82409  0.2  0.2		4.1705503158		-1.0
	7890.00000000	2.87039  0.2  0.2		4.1705503158		-1.0
	7920.00000000	2.8553  0.2  0.2		4.1705503158		-1.0
	7950.00000000	2.73318  0.2  0.2		4.1705503158		-1.0
	7980.00000000	2.8339  0.2  0.2		4.1705503158		-1.0
	8010.00000000	2.6544  0.2  0.2		4.1705503158		-1.0
	8040.00000000	2.85466  0.2  0.2		4.1705503158		-1.0
	8070.00000000	2.84185  0.2  0.2		4.1705503158		-1.0
	8100.00000000	2.89546  0.2  0.2		4.1705503158		-1.0
	8130.00000000	3.52442  0.2  0.2		4.1705503158		-1.0
	8160.00000000	2.7475  0.2  0.2		4.1705503158		-1.0
	8190.00000000	3.03937  0.2  0.2		4.1705503158		-1.0
	8220.00000000	3.42236  0.2  0.2		4.1705503158		-1.0
	8250.00000000	3.33681  0.2  0.2		4.1705503158		-1.0
	8280.00000000	3.23943  0.2  0.2		4.1705503158		-1.0
	8310.00000000	2.68287  0.2  0.2		4.1705503158		-1.0
	8340.00000000	3.03792  0.2  0.2		4.1705503158		-1.0
	8370.00000000	3.30324  0.2  0.2		4.1705503158		-1.0
	8400.00000000	3.29342  0.2  0.2		4.1705503158		-1.0
	8430.00000000	3.11381  0.2  0.2		4.1705503158		-1.0
	8460.00000000	3.33732  0.2  0.2		4.1705503158		-1.0
	8490.00000000	3.14887  0.2  0.2		4.1705503158		-1.0
	8520.00000000	2.59268  0.2  0.2		4.1705503158		-1.0
	8550.00000000	3.23751  0.2  0.2		4.1705503158		-1.0
	8580.00000000	3.04335  0.2  0.2		4.1705503158		-1.0
	8610.00000000	3.3649  0.2  0.2		4.1705503158		-1.0
	8640.00000000	3.12778  0.2  0.2		4.1705503158		-1.0
	8670.00000000	3.20851  0.2  0.2		4.1705503158		-1.0
	8700.00000000	3.32596  0.2  0.2		4.1705503158		-1.0
	8730.00000000	3.4933  0.2  0.2		4.1705503158		-1.0
	8760.00000000	3.20411  0.2  0.2		4.1705503158		-1.0
	8790.00000000	3.34575  0.2  0.2		4.1705503158		-1.0
	8820.00000000	3.19613  0.2  0.2		4.1705503158		-1.0
	8850.00000000	3.3471  0.2  0.2		4.1705503158		-1.0
	8880.00000000	3.44056  0.2  0.2		4.1705503158		-1.0
	8910.00000000	3.32946  0.2  0.2		4.1705503158		-1.0
	8940.00000000	2.61752  0.2  0.2		4.1705503158		-1.0
	8970.00000000	3.34043  0.2  0.2		4.1705503158		-1.0
	9000.00000000	3.52424  0.2  0.2		4.1705503158		-1.0
	9030.00000000	3.03447  0.2  0.2		4.1705503158		-1.0
	9060.00000000	3.1243  0.2  0.2		4.1705503158		-1.0
	9090.00000000	3.31893  0.2  0.2		4.1705503158		-1.0
	9120.00000000	2.9966  0.2  0.2		4.1705503158		-1.0
	9150.00000000	2.8802  0.2  0.2		4.1705503158		-1.0
	9180.00000000	3.43824  0.2  0.2		4.1705503158		-1.0
	9210.00000000	2.93188  0.2  0.2		4.1705503158		-1.0
	9240.00000000	2.78591  0.2  0.2		4.1705503158		-1.0
	9270.00000000	2.78463  0.2  0.2		4.1705503158		-1.0
	9300.00000000	2.70282  0.2  0.2		4.1705503158		-1.0
	9330.00000000	2.6457  0.2  0.2		4.1705503158		-1.0
	9360.00000000	2.75148  0.2  0.2		4.1705503158		-1.0
	9390.00000000	2.74254  0.2  0.2		4.1705503158		-1.0
	9420.00000000	2.73206  0.2  0.2		4.1705503158		-1.0
	9450.00000000	2.74931  0.2  0.2		4.1705503158		-1.0
	9480.00000000	2.77189  0.2  0.2		4.1705503158		-1.0
	9510.00000000	3.10755  0.2  0.2		4.1705503158		-1.0
	9540.00000000	3.18393  0.2  0.2		4.1705503158		-1.0
	9570.00000000	2.98742  0.2  0.2		4.1705503158		-1.0
	9600.00000000	3.59267  0.2  0.2		4.1705503158		-1.0
	9630.00000000	2.62045  0.2  0.2		4.1705503158		-1.0
	9660.00000000	3.60794  0.2  0.2		4.1705503158		-1.0
	9690.00000000	3.2568  0.2  0.2		4.1705503158		-1.0
	9720.00000000	3.12211  0.2  0.2		4.1705503158		-1.0
	9750.00000000	3.44429  0.2  0.2		4.1705503158		-1.0
	9780.00000000	3.20943  0.2  0.2		4.1705503158		-1.0
	9520.00000000	3.49023  0.2  0.2		4.1705503158		-1.0
	9550.00000000	2.997  0.2  0.2		4.1705503158		-1.0
	9580.00000000	3.02195  0.2  0.2		4.1705503158		-1.0
	9610.00000000	3.42601  0.2  0.2		4.1705503158		-1.0
	9640.00000000	2.78683  0.2  0.2		4.1705503158		-1.0
	9670.00000000	3.46004  0.2  0.2		4.1705503158		-1.0
	9700.00000000	3.44654  0.2  0.2		4.1705503158		-1.0
	9730.00000000	3.18932  0.2  0.2		4.1705503158		-1.0
	9760.00000000	3.25872  0.2  0.2		4.1705503158		-1.0
	9790.00000000	3.262  0.2  0.2		4.1705503158		-1.0
	9820.00000000	3.26265  0.2  0.2		4.1705503158		-1.0
	9850.00000000	3.39069  0.2  0.2		4.1705503158		-1.0
	9880.00000000	2.86967  0.2  0.2		4.1705503158		-1.0
	9910.00000000	2.97624  0.2  0.2		4.1705503158		-1.0
	9940.00000000	3.16399  0.2  0.2		4.1705503158		-1.0
	9970.00000000	3.23249  0.2  0.2		4.1705503158		-1.0
	10000.00000000	3.25409  0.2  0.2		4.1705503158		-1.0
	10030.00000000	3.15244  0.2  0.2		4.1705503158		-1.0
	10060.00000000	3.15157  0.2  0.2		4.1705503158		-1.0
	10090.00000000	3.41157  0.2  0.2		4.1705503158		-1.0
	10120.00000000	3.22627  0.2  0.2		4.1705503158		-1.0
	10150.00000000	3.0263  0.2  0.2		4.1705503158		-1.0
	10180.00000000	2.90067  0.2  0.2		4.1705503158		-1.0
	10210.00000000	2.76477  0.2  0.2		4.1705503158		-1.0
	10240.00000000	2.59953  0.2  0.2		4.1705503158		-1.0
	10270.00000000	3.45035  0.2  0.2		4.1705503158		-1.0
	10300.00000000	3.36237  0.2  0.2		4.1705503158		-1.0
	10330.00000000	3.17435  0.2  0.2		4.1705503158		-1.0
	10360.00000000	3.09117  0.2  0.2		4.1705503158		-1.0
	10390.00000000	2.60466  0.2  0.2		4.1705503158		-1.0
	10420.00000000	3.48722  0.2  0.2		4.1705503158		-1.0
	10450.00000000	3.36165  0.2  0.2		4.1705503158		-1.0
	10480.00000000	3.23365  0.2  0.2		4.1705503158		-1.0
	10510.00000000	3.4924  0.2  0.2		4.1705503158		-1.0
	10540.00000000	2.53975  0.2  0.2		4.1705503158		-1.0
	10570.00000000	3.20159  0.2  0.2		4.1705503158		-1.0
	10600.00000000	2.54497  0.2  0.2		4.1705503158		-1.0
	10630.00000000	3.40318  0.2  0.2		4.1705503158		-1.0
	10660.00000000	3.21675  0.2  0.2		4.1705503158		-1.0
	10690.00000000	3.64929  0.2  0.2		4.1705503158		-1.0
	10720.00000000	3.58793  0.2  0.2		4.1705503158		-1.0
	10750.00000000	3.24259  0.2  0.2		4.1705503158		-1.0
	10780.00000000	2.62645  0.2  0.2		4.1705503158		-1.0
	10810.00000000	2.96667  0.2  0.2		4.1705503158		-1.0
	10840.00000001	2.6119  0.2  0.2		4.1705503158		-1.0
	10870.00000001	3.24506  0.2  0.2		4.1705503158		-1.0
	10900.00000001	3.10908  0.2  0.2		4.1705503158		-1.0
	10930.00000001	3.41689  0.2  0.2		4.1705503158		-1.0
	10960.00000001	3.2716  0.2  0.2		4.1705503158		-1.0
	10990.00000001	3.16193  0.2  0.2		4.1705503158		-1.0
	11020.00000001	2.7417  0.2  0.2		4.1705503158		-1.0
	11050.00000001	3.02686  0.2  0.2		4.1705503158		-1.0
	11080.00000001	3.55361  0.2  0.2		4.1705503158		-1.0
	11110.00000001	2.83006  0.2  0.2		4.1705503158		-1.0
	11140.00000001	2.88613  0.2  0.2		4.1705503158		-1.0
	11170.00000001	2.77851  0.2  0.2		4.1705503158		-1.0
	11200.00000001	2.71288  0.2  0.2		4.1705503158		-1.0
	11230.00000001	2.62952  0.2  0.2		4.1705503158		-1.0
	11260.00000001	2.63303  0.2  0.2		4.1705503158		-1.0
	11290.00000001	2.66806  0.2  0.2		4.1705503158		-1.0
	11320.00000001	2.65962  0.2  0.2		4.1705503158		-1.0
	11350.00000001	2.58929  0.2  0.2		4.1705503158		-1.0
	11380.00000001	2.643  0.2  0.2		4.1705503158		-1.0
	11410.00000001	2.72185  0.2  0.2		4.1705503158		-1.0
	11440.00000001	2.64593  0.2  0.2		4.1705503158		-1.0
	11470.00000001	2.64443  0.2  0.2		4.1705503158		-1.0
	11500.00000001	2.64485  0.2  0.2		4.1705503158		-1.0
	11530.00000001	2.62554  0.2  0.2		4.1705503158		-1.0
	11560.00000001	2.67435  0.2  0.2		4.1705503158		-1.0
	11590.00000001	2.74894  0.2  0.2		4.1705503158		-1.0
	11620.00000001	2.6411  0.2  0.2		4.1705503158		-1.0
	11650.00000001	2.64868  0.2  0.2		4.1705503158		-1.0
	11680.00000001	2.61315  0.2  0.2		4.1705503158		-1.0
	11710.00000001	2.70327  0.2  0.2		4.1705503158		-1.0
	11740.00000001	2.70784  0.2  0.2		4.1705503158		-1.0
	11770.00000001	2.6851  0.2  0.2		4.1705503158		-1.0
	11800.00000001	2.89504  0.2  0.2		4.1705503158		-1.0
	11830.00000001	3.54527  0.2  0.2		4.1705503158		-1.0
	11860.00000001	3.69468  0.2  0.2		4.1705503158		-1.0
	11890.00000001	3.29075  0.2  0.2		4.1705503158		-1.0
	11920.00000001	3.44477  0.2  0.2		4.1705503158		-1.0
	11950.00000001	3.45427  0.2  0.2		4.1705503158		-1.0
	11980.00000001	3.10284  0.2  0.2		4.1705503158		-1.0
	12010.00000001	3.51062  0.2  0.2		4.1705503158		-1.0
	12040.00000001	3.17405  0.2  0.2		4.1705503158		-1.0
	12070.00000001	3.44067  0.2  0.2		4.1705503158		-1.0
	12100.00000001	3.34801  0.2  0.2		4.1705503158		-1.0
	12130.00000001	2.88112  0.2  0.2		4.1705503158		-1.0
	12160.00000001	3.07303  0.2  0.2		4.1705503158		-1.0
	12190.00000001	3.47273  0.2  0.2		4.1705503158		-1.0
	12220.00000001	3.31014  0.2  0.2		4.1705503158		-1.0
	12250.00000001	3.51103  0.2  0.2		4.1705503158		-1.0
	12280.00000001	3.06583  0.2  0.2		4.1705503158		-1.0
	12310.00000001	2.99189  0.2  0.2		4.1705503158		-1.0
	12340.00000001	2.68042  0.2  0.2		4.1705503158		-1.0
	12370.00000001	3.54403  0.2  0.2		4.1705503158		-1.0
	12400.00000001	3.53252  0.2  0.2		4.1705503158		-1.0
	12430.00000001	3.01714  0.2  0.2		4.1705503158		-1.0
	12460.00000001	3.53915  0.2  0.2		4.1705503158		-1.0
	12490.00000001	3.20206  0.2  0.2		4.1705503158		-1.0
	12520.00000001	3.68313  0.2  0.2		4.1705503158		-1.0
	12550.00000001	3.11257  0.2  0.2		4.1705503158		-1.0
	12580.00000001	2.79443  0.2  0.2		4.1705503158		-1.0
	12610.00000001	3.29009  0.2  0.2		4.1705503158		-1.0
	12640.00000001	2.88572  0.2  0.2		4.1705503158		-1.0
	12670.00000001	2.769  0.2  0.2		4.1705503158		-1.0
	12700.00000001	2.74034  0.2  0.2		4.1705503158		-1.0
	12730.00000001	2.88315  0.2  0.2		4.1705503158		-1.0
	12760.00000001	3.02955  0.2  0.2		4.1705503158		-1.0
	12790.00000001	2.81376  0.2  0.2		4.1705503158		-1.0
	12820.00000001	2.81484  0.2  0.2		4.1705503158		-1.0
	12850.00000001	3.06303  0.2  0.2		4.1705503158		-1.0
	12880.00000001	3.22435  0.2  0.2		4.1705503158		-1.0
	12910.00000001	2.69918  0.2  0.2		4.1705503158		-1.0
	12940.00000001	2.81855  0.2  0.2		4.1705503158		-1.0
	12970.00000001	2.59151  0.2  0.2		4.1705503158		-1.0
	13000.00000001	2.79875  0.2  0.2		4.1705503158		-1.0
	13030.00000001	2.7147  0.2  0.2		4.1705503158		-1.0
	13060.00000001	2.60546  0.2  0.2		4.1705503158		-1.0
	13090.00000001	2.71736  0.2  0.2		4.1705503158		-1.0
	13120.00000001	2.86693  0.2  0.2		4.1705503158		-1.0
	13150.00000001	2.70701  0.2  0.2		4.1705503158		-1.0
	13180.00000001	2.63172  0.2  0.2		4.1705503158		-1.0
	13210.00000001	2.76388  0.2  0.2		4.1705503158		-1.0
	13240.00000001	2.7629  0.2  0.2		4.1705503158		-1.0
	13270.00000001	2.69938  0.2  0.2		4.1705503158		-1.0
	13300.00000001	2.5878  0.2  0.2		4.1705503158		-1.0
	13330.00000001	3.21266  0.2  0.2		4.1705503158		-1.0
	13360.00000001	3.66035  0.2  0.2		4.1705503158		-1.0
	13390.00000001	3.63337  0.2  0.2		4.1705503158		-1.0
	13420.00000001	3.43522  0.2  0.2		4.1705503158		-1.0
	13450.00000001	3.66108  0.2  0.2		4.1705503158		-1.0
	13480.00000001	3.26074  0.2  0.2		4.1705503158		-1.0
	13510.00000001	2.59007  0.2  0.2		4.1705503158		-1.0
	13540.00000001	2.98866  0.2  0.2		4.1705503158		-1.0
	13570.00000001	4.00297  0.2  0.2		4.1705503158		-1.0
	13600.00000001	3.49401  0.2  0.2		4.1705503158		-1.0
	13630.00000001	3.20292  0.2  0.2		4.1705503158		-1.0
	13660.00000001	3.31824  0.2  0.2		4.1705503158		-1.0
	13690.00000001	3.59793  0.2  0.2		4.1705503158		-1.0
	13720.00000001	3.10729  0.2  0.2		4.1705503158		-1.0
	13750.00000001	3.61164  0.2  0.2		4.1705503158		-1.0
	13780.00000001	3.58608  0.2  0.2		4.1705503158		-1.0
	13810.00000001	3.17457  0.2  0.2		4.1705503158		-1.0
	13840.00000001	3.63158  0.2  0.2		4.1705503158		-1.0
	13870.00000001	2.56927  0.2  0.2		4.1705503158		-1.0
	13900.00000001	3.63249  0.2  0.2		4.1705503158		-1.0
	13930.00000001	3.23089  0.2  0.2		4.1705503158		-1.0
	13960.00000001	3.57529  0.2  0.2		4.1705503158		-1.0
	13990.00000001	3.47516  0.2  0.2		4.1705503158		-1.0
	14020.00000001	3.12223  0.2  0.2		4.1705503158		-1.0
	14050.00000001	2.82139  0.2  0.2		4.1705503158		-1.0
	14080.00000001	3.43169  0.2  0.2		4.1705503158		-1.0
	14110.00000001	3.2823  0.2  0.2		4.1705503158		-1.0
	14140.00000001	2.61915  0.2  0.2		4.1705503158		-1.0
	14170.00000001	2.63179  0.2  0.2		4.1705503158		-1.0
	14200.00000001	2.68622  0.2  0.2		4.1705503158		-1.0
	14230.00000000	3.20201  0.2  0.2		4.1705503158		-1.0
	14260.00000000	3.15924  0.2  0.2		4.1705503158		-1.0
	14290.00000000	3.23893  0.2  0.2		4.1705503158		-1.0
	14320.00000000	3.51588  0.2  0.2		4.1705503158		-1.0
	14350.00000000	3.1496  0.2  0.2		4.1705503158		-1.0
	14380.00000000	3.38952  0.2  0.2		4.1705503158		-1.0
	14410.00000000	3.38221  0.2  0.2		4.1705503158		-1.0
	14440.00000000	3.19837  0.2  0.2		4.1705503158		-1.0
	14470.00000000	2.82748  0.2  0.2		4.1705503158		-1.0
	14500.00000000	3.54714  0.2  0.2		4.1705503158		-1.0
	14530.00000000	3.37322  0.2  0.2		4.1705503158		-1.0
	14560.00000000	3.26294  0.2  0.2		4.1705503158		-1.0
	14590.00000000	3.60318  0.2  0.2		4.1705503158		-1.0
	14620.00000000	3.57159  0.2  0.2		4.1705503158		-1.0
	14650.00000000	2.84156  0.2  0.2		4.1705503158		-1.0
	14680.00000000	2.75235  0.2  0.2		4.1705503158		-1.0
	14710.00000000	2.69557  0.2  0.2		4.1705503158		-1.0
	14740.00000000	2.6505  0.2  0.2		4.1705503158		-1.0
	14770.00000000	2.69183  0.2  0.2		4.1705503158		-1.0
	14800.00000000	2.71397  0.2  0.2		4.1705503158		-1.0
	14830.00000000	2.75927  0.2  0.2		4.1705503158		-1.0
	14860.00000000	2.65715  0.2  0.2		4.1705503158		-1.0
	14890.00000000	2.70163  0.2  0.2		4.1705503158		-1.0
	14920.00000000	2.82279  0.2  0.2		4.1705503158		-1.0
	14950.00000000	3.49822  0.2  0.2		4.1705503158		-1.0
	14980.00000000	2.7516  0.2  0.2		4.1705503158		-1.0
	15010.00000000	2.57777  0.2  0.2		4.1705503158		-1.0
	15040.00000000	2.60116  0.2  0.2		4.1705503158		-1.0
	15070.00000000	2.67005  0.2  0.2		4.1705503158		-1.0
	15100.00000000	2.75355  0.2  0.2		4.1705503158		-1.0
	15130.00000000	2.71682  0.2  0.2		4.1705503158		-1.0
	15160.00000000	2.6859  0.2  0.2		4.1705503158		-1.0
	15190.00000000	2.61025  0.2  0.2		4.1705503158		-1.0
	15220.00000000	2.79589  0.2  0.2		4.1705503158		-1.0
	15250.00000000	2.79143  0.2  0.2		4.1705503158		-1.0
	15280.00000000	2.89477  0.2  0.2		4.1705503158		-1.0
	15310.00000000	2.78892  0.2  0.2		4.1705503158		-1.0
	15340.00000000	2.75193  0.2  0.2		4.1705503158		-1.0
	15370.00000000	2.77421  0.2  0.2		4.1705503158		-1.0
	15400.00000000	2.72739  0.2  0.2		4.1705503158		-1.0
	15430.00000000	2.81572  0.2  0.2		4.1705503158		-1.0
	15460.00000000	2.72698  0.2  0.2		4.1705503158		-1.0
	15490.00000000	2.62472  0.2  0.2		4.1705503158		-1.0
	15520.00000000	2.64853  0.2  0.2		4.1705503158		-1.0
	15550.00000000	2.61464  0.2  0.2		4.1705503158		-1.0
	15580.00000000	2.60077  0.2  0.2		4.1705503158		-1.0
	15610.00000000	2.53954  0.2  0.2		4.1705503158		-1.0
	15640.00000000	2.61407  0.2  0.2		4.1705503158		-1.0
	15670.00000000	3.61557  0.2  0.2		4.1705503158		-1.0
	15700.00000000	3.17556  0.2  0.2		4.1705503158		-1.0
	15730.00000000	3.07592  0.2  0.2		4.1705503158		-1.0
	15760.00000000	3.23157  0.2  0.2		4.1705503158		-1.0
	15790.00000000	3.51766  0.2  0.2		4.1705503158		-1.0
	15820.00000000	3.16445  0.2  0.2		4.1705503158		-1.0
	15850.00000000	3.60075  0.2  0.2		4.1705503158		-1.0
	15880.00000000	3.66182  0.2  0.2		4.1705503158		-1.0
	15910.00000000	3.10307  0.2  0.2		4.1705503158		-1.0
	15940.00000000	2.66659  0.2  0.2		4.1705503158		-1.0
	15970.00000000	3.2495  0.2  0.2		4.1705503158		-1.0
	16000.00000000	3.58149  0.2  0.2		4.1705503158		-1.0
	16030.00000000	3.17335  0.2  0.2		4.1705503158		-1.0
	16060.00000000	3.55579  0.2  0.2		4.1705503158		-1.0
	16090.00000000	3.39444  0.2  0.2		4.1705503158		-1.0
	16120.00000000	3.44887  0.2  0.2		4.1705503158		-1.0
	16150.00000000	3.38121  0.2  0.2		4.1705503158		-1.0
	16180.00000000	3.24944  0.2  0.2		4.1705503158		-1.0
	16210.00000000	3.23662  0.2  0.2		4.1705503158		-1.0
	16240.00000000	3.69269  0.2  0.2		4.1705503158		-1.0
	16270.00000000	2.95211  0.2  0.2		4.1705503158		-1.0
	16300.00000000	2.601  0.2  0.2		4.1705503158		-1.0
	16330.00000000	2.63219  0.2  0.2		4.1705503158		-1.0
	16360.00000000	2.82533  0.2  0.2		4.1705503158		-1.0
	16390.00000000	2.67942  0.2  0.2		4.1705503158		-1.0
	16420.00000000	2.73361  0.2  0.2		4.1705503158		-1.0
	16450.00000000	3.42989  0.2  0.2		4.1705503158		-1.0
	16480.00000000	3.22631  0.2  0.2		4.1705503158		-1.0
	16510.00000000	3.49834  0.2  0.2		4.1705503158		-1.0
	16540.00000000	3.60587  0.2  0.2		4.1705503158		-1.0
	16570.00000000	3.32815  0.2  0.2		4.1705503158		-1.0
	16600.00000000	3.45809  0.2  0.2		4.1705503158		-1.0
	16630.00000000	3.52766  0.2  0.2		4.1705503158		-1.0
	16660.00000000	3.46377  0.2  0.2		4.1705503158		-1.0
	16690.00000000	3.31914  0.2  0.2		4.1705503158		-1.0
	16720.00000000	3.54579  0.2  0.2		4.1705503158		-1.0
	16750.00000000	3.30229  0.2  0.2		4.1705503158		-1.0
	16780.00000000	3.43724  0.2  0.2		4.1705503158		-1.0
	16810.00000000	2.84459  0.2  0.2		4.1705503158		-1.0
	16840.00000000	2.75153  0.2  0.2		4.1705503158		-1.0
	16870.00000000	2.7022  0.2  0.2		4.1705503158		-1.0
	16900.00000000	2.66998  0.2  0.2		4.1705503158		-1.0
	16930.00000000	2.68521  0.2  0.2		4.1705503158		-1.0
	16960.00000000	3.38113  0.2  0.2		4.1705503158		-1.0
	16990.00000000	4.04619  0.2  0.2		4.1705503158		-1.0
	17020.00000000	3.23602  0.2  0.2		4.1705503158		-1.0
	17050.00000000	3.29316  0.2  0.2		4.1705503158		-1.0
	17080.00000000	3.35635  0.2  0.2		4.1705503158		-1.0
	17110.00000000	3.33459  0.2  0.2		4.1705503158		-1.0
	17140.00000000	3.39076  0.2  0.2		4.1705503158		-1.0
	17170.00000000	3.05702  0.2  0.2		4.1705503158		-1.0
	17200.00000000	3.66073  0.2  0.2		4.1705503158		-1.0
	17230.00000000	3.85369  0.2  0.2		4.1705503158		-1.0
	17260.00000000	4.03834  0.2  0.2		4.1705503158		-1.0
	17290.00000000	3.55252  0.2  0.2		4.1705503158		-1.0
	17320.00000000	2.93349  0.2  0.2		4.1705503158		-1.0
	17350.00000000	2.98224  0.2  0.2		4.1705503158		-1.0
	17380.00000000	4.22302  0.2  0.2		4.1705503158		-1.0
	17410.00000000	3.97576  0.2  0.2		4.1705503158		-1.0
	17440.00000000	2.85368  0.2  0.2		4.1705503158		-1.0
	17470.00000000	2.98227  0.2  0.2		4.1705503158		-1.0
	17500.00000000	3.87201  0.2  0.2		4.1705503158		-1.0
	17530.00000000	3.25489  0.2  0.2		4.1705503158		-1.0
	17560.00000000	2.94131  0.2  0.2		4.1705503158		-1.0
	17590.00000000	3.82143  0.2  0.2		4.1705503158		-1.0
	17620.00000000	3.64311  0.2  0.2		4.1705503158		-1.0
	17650.00000000	3.244  0.2  0.2		4.1705503158		-1.0
	17680.00000000	4.04348  0.2  0.2		4.1705503158		-1.0
	17710.00000000	3.39766  0.2  0.2		4.1705503158		-1.0
	17740.00000000	4.01055  0.2  0.2		4.1705503158		-1.0
	17770.00000000	3.41073  0.2  0.2		4.1705503158		-1.0
	17800.00000000	4.03276  0.2  0.2		4.1705503158		-1.0
	17830.00000000	3.77057  0.2  0.2		4.1705503158		-1.0
	17860.00000000	2.61585  0.2  0.2		4.1705503158		-1.0
	17890.00000000	3.16957  0.2  0.2		4.1705503158		-1.0
	17920.00000000	3.77807  0.2  0.2		4.1705503158		-1.0
	17950.00000000	3.43476  0.2  0.2		4.1705503158		-1.0
	17980.00000000	3.93787  0.2  0.2		4.1705503158		-1.0
	18010.00000000	3.31065  0.2  0.2		4.1705503158		-1.0
	18040.00000000	2.60481  0.2  0.2		4.1705503158		-1.0
	18070.00000000	2.58115  0.2  0.2		4.1705503158		-1.0
	18100.00000000	3.16249  0.2  0.2		4.1705503158		-1.0
	18130.00000000	4.16832  0.2  0.2		4.1705503158		-1.0
	18160.00000000	4.61622  0.2  0.2		4.1705503158		-1.0
	18190.00000000	5.27556  0.2  0.2		4.1705503158		-1.0
	18220.00000000	5.98491  0.2  0.2		4.1705503158		-1.0
	18250.00000000	6.50889  0.2  0.2		4.1705503158		-1.0
	18280.00000000	7.10373  0.2  0.2		4.1705503158		-1.0
	18310.00000000	7.4913  0.2  0.2		4.1705503158		-1.0
	18340.00000000	7.70935  0.2  0.2		4.1705503158		-1.0
	18370.00000000	7.9215  0.2  0.2		4.1705503158		-1.0
	18400.00000000	8.14888  0.2  0.2		4.1705503158		-1.0
	18430.00000000	8.50256  0.2  0.2		4.1705503158		-1.0
	18460.00000000	8.90344  0.2  0.2		4.1705503158		-1.0
	18490.00000000	9.49895  0.2  0.2		4.1705503158		-1.0
	18520.00000000	10.00706  0.2  0.2		4.1705503158		-1.0
	18550.00000000	10.08556  0.2  0.2		4.1705503158		-1.0
	18580.00000000	10.50149  0.2  0.2		4.1705503158		-1.0
	18610.00000000	11.40869  0.2  0.2		4.1705503158		-1.0
	18640.00000000	11.55093  0.2  0.2		4.1705503158		-1.0
	18670.00000000	11.25171  0.2  0.2		4.1705503158		-1.0
	18700.00000000	10.57157  0.2  0.2		4.1705503158		-1.0
	18730.00000000	9.7083  0.2  0.2		4.1705503158		-1.0
	18760.00000000	9.07055  0.2  0.2		4.1705503158		-1.0
	18790.00000000	9.02536  0.2  0.2		4.1705503158		-1.0
	18820.00000000	9.83931  0.2  0.2		4.1705503158		-1.0
	18850.00000000	10.81898  0.2  0.2		4.1705503158		-1.0
	18880.00000000	11.28541  0.2  0.2		4.1705503158		-1.0
	18910.00000000	11.33111  0.2  0.2		4.1705503158		-1.0
	18940.00000000	11.32122  0.2  0.2		4.1705503158		-1.0
	18970.00000000	10.80495  0.2  0.2		4.1705503158		-1.0
	19000.00000000	10.50885  0.2  0.2		4.1705503158		-1.0
	19030.00000000	9.9633  0.2  0.2		4.1705503158		-1.0
	19060.00000000	9.5271  0.2  0.2		4.1705503158		-1.0
	19090.00000000	9.51214  0.2  0.2		4.1705503158		-1.0
	19120.00000000	8.93775  0.2  0.2		4.1705503158		-1.0
	19150.00000000	8.00787  0.2  0.2		4.1705503158		-1.0
	19180.00000000	7.13883  0.2  0.2		4.1705503158		-1.0
	19210.00000000	6.40374  0.2  0.2		4.1705503158		-1.0
	19240.00000000	6.11404  0.2  0.2		4.1705503158		-1.0
	19270.00000000	5.8804  0.2  0.2		4.1705503158		-1.0
	19300.00000000	5.77317  0.2  0.2		4.1705503158		-1.0
	19330.00000000	5.828  0.2  0.2		4.1705503158		-1.0
	19360.00000000	6.23464  0.2  0.2		4.1705503158		-1.0
	19390.00000000	6.83099  0.2  0.2		4.1705503158		-1.0
	19420.00000000	7.40348  0.2  0.2		4.1705503158		-1.0
	19450.00000000	8.42559  0.2  0.2		4.1705503158		-1.0
	19480.00000000	9.12476  0.2  0.2		4.1705503158		-1.0
	19510.00000000	9.62568  0.2  0.2		4.1705503158		-1.0
	19540.00000000	9.86313  0.2  0.2		4.1705503158		-1.0
	19570.00000000	10.5944  0.2  0.2		4.1705503158		-1.0
	19600.00000000	11.32388  0.2  0.2		4.1705503158		-1.0
	19630.00000000	12.04598  0.2  0.2		4.1705503158		-1.0
	19660.00000000	12.06346  0.2  0.2		4.1705503158		-1.0
	19690.00000000	11.26245  0.2  0.2		4.1705503158		-1.0
	19720.00000000	10.51713  0.2  0.2		4.1705503158		-1.0
	19750.00000000	10.15961  0.2  0.2		4.1705503158		-1.0
	19780.00000000	10.10398  0.2  0.2		4.1705503158		-1.0
	19810.00000000	9.91052  0.2  0.2		4.1705503158		-1.0
	19840.00000000	9.92354  0.2  0.2		4.1705503158		-1.0
	19870.00000000	9.83523  0.2  0.2		4.1705503158		-1.0
	19900.00000000	9.38826  0.2  0.2		4.1705503158		-1.0
	19930.00000000	8.42968  0.2  0.2		4.1705503158		-1.0
	19960.00000000	7.71965  0.2  0.2		4.1705503158		-1.0
	19990.00000000	7.29684  0.2  0.2		4.1705503158		-1.0
	20020.00000000	7.44999  0.2  0.2		4.1705503158		-1.0
	20050.00000000	7.50566  0.2  0.2		4.1705503158		-1.0
	20080.00000000	7.60711  0.2  0.2		4.1705503158		-1.0
	20110.00000000	7.79937  0.2  0.2		4.1705503158		-1.0
	20140.00000000	7.95379  0.2  0.2		4.1705503158		-1.0
	20170.00000000	8.39824  0.2  0.2		4.1705503158		-1.0
	20200.00000000	8.7396  0.2  0.2		4.1705503158		-1.0
	20230.00000000	9.00281  0.2  0.2		4.1705503158		-1.0
	20260.00000000	8.92785  0.2  0.2		4.1705503158		-1.0
	20290.00000000	8.78737  0.2  0.2		4.1705503158		-1.0
	20320.00000000	8.057  0.2  0.2		4.1705503158		-1.0
	20350.00000000	7.67895  0.2  0.2		4.1705503158		-1.0
	20380.00000000	6.84213  0.2  0.2		4.1705503158		-1.0
	20410.00000000	6.39951  0.2  0.2		4.1705503158		-1.0
	20440.00000000	6.76522  0.2  0.2		4.1705503158		-1.0
	20470.00000000	7.59866  0.2  0.2		4.1705503158		-1.0
	20500.00000000	7.79142  0.2  0.2		4.1705503158		-1.0
	20530.00000000	7.83389  0.2  0.2		4.1705503158		-1.0
	20560.00000000	8.17432  0.2  0.2		4.1705503158		-1.0
	20590.00000000	8.73097  0.2  0.2		4.1705503158		-1.0
	20620.00000000	8.93988  0.2  0.2		4.1705503158		-1.0
	20650.00000000	9.27019  0.2  0.2		4.1705503158		-1.0
	20680.00000000	9.76569  0.2  0.2		4.1705503158		-1.0
	20710.00000000	10.09242  0.2  0.2		4.1705503158		-1.0
	20739.99999999	9.46918  0.2  0.2		4.1705503158		-1.0
	20769.99999999	8.81011  0.2  0.2		4.1705503158		-1.0
	20799.99999999	8.53256  0.2  0.2		4.1705503158		-1.0
	20829.99999999	7.74968  0.2  0.2		4.1705503158		-1.0
	20859.99999999	7.22623  0.2  0.2		4.1705503158		-1.0
	20889.99999999	6.5321  0.2  0.2		4.1705503158		-1.0
	20919.99999999	5.94676  0.2  0.2		4.1705503158		-1.0
	20949.99999999	5.6029  0.2  0.2		4.1705503158		-1.0
	20979.99999999	5.59294  0.2  0.2		4.1705503158		-1.0
	21009.99999999	6.38684  0.2  0.2		4.1705503158		-1.0
	21039.99999999	6.88041  0.2  0.2		4.1705503158		-1.0
	21069.99999999	7.70216  0.2  0.2		4.1705503158		-1.0
	21099.99999999	8.38236  0.2  0.2		4.1705503158		-1.0
	21129.99999999	8.51242  0.2  0.2		4.1705503158		-1.0
	21159.99999999	8.56302  0.2  0.2		4.1705503158		-1.0
	21189.99999999	8.39836  0.2  0.2		4.1705503158		-1.0
	21219.99999999	7.76718  0.2  0.2		4.1705503158		-1.0
	21249.99999999	6.74395  0.2  0.2		4.1705503158		-1.0
	21279.99999999	5.87184  0.2  0.2		4.1705503158		-1.0
	21309.99999999	5.11413  0.2  0.2		4.1705503158		-1.0
	21339.99999999	4.73306  0.2  0.2		4.1705503158		-1.0
	21369.99999999	5.50727  0.2  0.2		4.1705503158		-1.0
	21399.99999999	6.91182  0.2  0.2		4.1705503158		-1.0
	21429.99999999	7.87364  0.2  0.2		4.1705503158		-1.0
	21459.99999999	8.83345  0.2  0.2		4.1705503158		-1.0
	21489.99999999	9.76802  0.2  0.2		4.1705503158		-1.0
	21519.99999999	10.67818  0.2  0.2		4.1705503158		-1.0
	21549.99999999	11.27229  0.2  0.2		4.1705503158		-1.0
	21579.99999999	11.65976  0.2  0.2		4.1705503158		-1.0
	21609.99999999	12.08465  0.2  0.2		4.1705503158		-1.0
	21639.99999999	11.57255  0.2  0.2		4.1705503158		-1.0
	21669.99999999	11.12345  0.2  0.2		4.1705503158		-1.0
	21699.99999999	10.48204  0.2  0.2		4.1705503158		-1.0
	21729.99999999	10.01244  0.2  0.2		4.1705503158		-1.0
	21759.99999999	9.60859  0.2  0.2		4.1705503158		-1.0
	21789.99999999	9.46696  0.2  0.2		4.1705503158		-1.0
	21819.99999999	9.71295  0.2  0.2		4.1705503158		-1.0
	21849.99999999	10.59053  0.2  0.2		4.1705503158		-1.0
	21879.99999999	11.21913  0.2  0.2		4.1705503158		-1.0
	21909.99999999	11.71427  0.2  0.2		4.1705503158		-1.0
	21939.99999999	12.11003  0.2  0.2		4.1705503158		-1.0
	21969.99999999	11.89669  0.2  0.2		4.1705503158		-1.0
	21999.99999999	11.5182  0.2  0.2		4.1705503158		-1.0
	22029.99999999	10.44969  0.2  0.2		4.1705503158		-1.0
	22059.99999999	8.77012  0.2  0.2		4.1705503158		-1.0
	22089.99999999	7.77819  0.2  0.2		4.1705503158		-1.0
	22119.99999999	6.71021  0.2  0.2		4.1705503158		-1.0
	22149.99999999	5.80632  0.2  0.2		4.1705503158		-1.0
	22179.99999999	5.25598  0.2  0.2		4.1705503158		-1.0
	22209.99999999	5.34011  0.2  0.2		4.1705503158		-1.0
	22239.99999999	5.46931  0.2  0.2		4.1705503158		-1.0
	22269.99999999	5.16835  0.2  0.2		4.1705503158		-1.0
	22299.99999999	4.58791  0.2  0.2		4.1705503158		-1.0
	22329.99999999	3.45459  0.2  0.2		4.1705503158		-1.0
	22359.99999999	2.63198  0.2  0.2		4.1705503158		-1.0
	22389.99999999	2.66511  0.2  0.2		4.1705503158		-1.0
	22419.99999999	2.61144  0.2  0.2		4.1705503158		-1.0
	22449.99999999	2.6311  0.2  0.2		4.1705503158		-1.0
	22479.99999999	2.68097  0.2  0.2		4.1705503158		-1.0
	22509.99999999	2.60943  0.2  0.2		4.1705503158		-1.0
	22539.99999999	2.72836  0.2  0.2		4.1705503158		-1.0
	22569.99999999	2.79262  0.2  0.2		4.1705503158		-1.0
	22599.99999999	2.85176  0.2  0.2		4.1705503158		-1.0
	22629.99999999	3.45914  0.2  0.2		4.1705503158		-1.0
	22659.99999999	3.71143  0.2  0.2		4.1705503158		-1.0
	22689.99999999	2.98356  0.2  0.2		4.1705503158		-1.0
	22719.99999999	3.88468  0.2  0.2		4.1705503158		-1.0
	22749.99999999	3.68832  0.2  0.2		4.1705503158		-1.0
	22779.99999999	2.76607  0.2  0.2		4.1705503158		-1.0
	22809.99999999	3.06161  0.2  0.2		4.1705503158		-1.0
	22839.99999999	3.62601  0.2  0.2		4.1705503158		-1.0
	22869.99999999	3.15892  0.2  0.2		4.1705503158		-1.0
	22899.99999999	3.27756  0.2  0.2		4.1705503158		-1.0
	22929.99999999	3.13132  0.2  0.2		4.1705503158		-1.0
	22959.99999999	3.58306  0.2  0.2		4.1705503158		-1.0
	22989.99999999	3.52936  0.2  0.2		4.1705503158		-1.0
	23019.99999999	3.60249  0.2  0.2		4.1705503158		-1.0
	23049.99999999	3.48142  0.2  0.2		4.1705503158		-1.0
	23079.99999999	3.44493  0.2  0.2		4.1705503158		-1.0
	23109.99999999	3.23773  0.2  0.2		4.1705503158		-1.0
	23139.99999999	3.03121  0.2  0.2		4.1705503158		-1.0
	23169.99999999	3.24558  0.2  0.2		4.1705503158		-1.0
	23199.99999999	3.60866  0.2  0.2		4.1705503158		-1.0
	23229.99999999	3.61081  0.2  0.2		4.1705503158		-1.0
	23259.99999999	3.49844  0.2  0.2		4.1705503158		-1.0
	23289.99999999	2.67268  0.2  0.2		4.1705503158		-1.0
	23319.99999999	2.54314  0.2  0.2		4.1705503158		-1.0
	23349.99999999	2.60813  0.2  0.2		4.1705503158		-1.0
	23379.99999999	2.69353  0.2  0.2		4.1705503158		-1.0
	23409.99999999	2.73835  0.2  0.2		4.1705503158		-1.0
	23439.99999999	2.721  0.2  0.2		4.1705503158		-1.0
	23469.99999999	2.65037  0.2  0.2		4.1705503158		-1.0
	23499.99999999	2.61278  0.2  0.2		4.1705503158		-1.0
	23529.99999999	2.63859  0.2  0.2		4.1705503158		-1.0
	23559.99999999	2.87935  0.2  0.2		4.1705503158		-1.0
	23589.99999999	3.54592  0.2  0.2		4.1705503158		-1.0
	23619.99999999	2.54489  0.2  0.2		4.1705503158		-1.0
	23649.99999999	3.65626  0.2  0.2		4.1705503158		-1.0
	23679.99999999	3.07531  0.2  0.2		4.1705503158		-1.0
	23709.99999999	3.29954  0.2  0.2		4.1705503158		-1.0
	23739.99999999	3.5855  0.2  0.2		4.1705503158		-1.0
	23769.99999999	3.14517  0.2  0.2		4.1705503158		-1.0
	23799.99999999	3.22078  0.2  0.2		4.1705503158		-1.0
	23829.99999999	3.17616  0.2  0.2		4.1705503158		-1.0
	23859.99999999	3.22486  0.2  0.2		4.1705503158		-1.0
	23889.99999999	2.5325  0.2  0.2		4.1705503158		-1.0
	23919.99999999	2.70281  0.2  0.2		4.1705503158		-1.0
	23949.99999999	2.57578  0.2  0.2		4.1705503158		-1.0
	23979.99999999	2.68568  0.2  0.2		4.1705503158		-1.0
	24009.99999999	2.63552  0.2  0.2		4.1705503158		-1.0
	24039.99999999	2.62511  0.2  0.2		4.1705503158		-1.0
	24069.99999999	2.63701  0.2  0.2		4.1705503158		-1.0
	24099.99999999	2.8772  0.2  0.2		4.1705503158		-1.0
	24129.99999999	3.29068  0.2  0.2		4.1705503158		-1.0
	24159.99999999	3.0372  0.2  0.2		4.1705503158		-1.0
	24189.99999999	2.77119  0.2  0.2		4.1705503158		-1.0
	24219.99999999	2.54321  0.2  0.2		4.1705503158		-1.0
	24249.99999999	2.53549  0.2  0.2		4.1705503158		-1.0
	24279.99999999	2.63653  0.2  0.2		4.1705503158		-1.0
	24309.99999999	2.5731  0.2  0.2		4.1705503158		-1.0
	24339.99999999	2.63214  0.2  0.2		4.1705503158		-1.0
	24369.99999999	2.58977  0.2  0.2		4.1705503158		-1.0
	24399.99999999	2.63541  0.2  0.2		4.1705503158		-1.0
	24429.99999999	2.71672  0.2  0.2		4.1705503158		-1.0
	24459.99999999	2.58485  0.2  0.2		4.1705503158		-1.0
	24489.99999999	2.58306  0.2  0.2		4.1705503158		-1.0
	24519.99999999	2.5623  0.2  0.2		4.1705503158		-1.0
	24549.99999999	2.68866  0.2  0.2		4.1705503158		-1.0
	24579.99999999	2.67231  0.2  0.2		4.1705503158		-1.0
	24609.99999999	2.78849  0.2  0.2		4.1705503158		-1.0
	24639.99999999	2.69992  0.2  0.2		4.1705503158		-1.0
	24669.99999999	2.86752  0.2  0.2		4.1705503158		-1.0
	24699.99999999	2.68208  0.2  0.2		4.1705503158		-1.0
	24729.99999999	2.56839  0.2  0.2		4.1705503158		-1.0
	24759.99999999	2.82644  0.2  0.2		4.1705503158		-1.0
	24789.99999999	3.26179  0.2  0.2		4.1705503158		-1.0
	24819.99999999	3.517  0.2  0.2		4.1705503158		-1.0
	24849.99999999	3.57214  0.2  0.2		4.1705503158		-1.0
	24879.99999999	3.61778  0.2  0.2		4.1705503158		-1.0
	24909.99999999	3.73748  0.2  0.2		4.1705503158		-1.0
	24939.99999999	3.34177  0.2  0.2		4.1705503158		-1.0
	24969.99999999	3.33795  0.2  0.2		4.1705503158		-1.0
	24999.99999999	3.79956  0.2  0.2		4.1705503158		-1.0
	25029.99999999	3.54234  0.2  0.2		4.1705503158		-1.0
	25059.99999999	3.63204  0.2  0.2		4.1705503158		-1.0
	25089.99999999	3.61171  0.2  0.2		4.1705503158		-1.0
	25119.99999999	3.78486  0.2  0.2		4.1705503158		-1.0
	25149.99999999	3.55878  0.2  0.2		4.1705503158		-1.0
	25179.99999999	2.55666  0.2  0.2		4.1705503158		-1.0
	25209.99999999	2.8864  0.2  0.2		4.1705503158		-1.0
	25239.99999999	2.61674  0.2  0.2		4.1705503158		-1.0
	25269.99999999	2.68656  0.2  0.2		4.1705503158		-1.0
	25299.99999999	2.67567  0.2  0.2		4.1705503158		-1.0
	25329.99999999	2.66043  0.2  0.2		4.1705503158		-1.0
	25359.99999999	2.61153  0.2  0.2		4.1705503158		-1.0
	25389.99999999	2.65002  0.2  0.2		4.1705503158		-1.0
	25419.99999999	2.92021  0.2  0.2		4.1705503158		-1.0
	25449.99999999	3.36447  0.2  0.2		4.1705503158		-1.0
	25479.99999999	3.73637  0.2  0.2		4.1705503158		-1.0
	25509.99999999	4.00416  0.2  0.2		4.1705503158		-1.0
	25539.99999999	4.1891  0.2  0.2		4.1705503158		-1.0
	25569.99999999	4.3951  0.2  0.2		4.1705503158		-1.0
	25599.99999999	4.40556  0.2  0.2		4.1705503158		-1.0
	25629.99999999	3.73397  0.2  0.2		4.1705503158		-1.0
	25659.99999999	3.15262  0.2  0.2		4.1705503158		-1.0
	25689.99999999	3.65741  0.2  0.2		4.1705503158		-1.0
	25719.99999999	3.54572  0.2  0.2		4.1705503158		-1.0
	25749.99999999	3.4535  0.2  0.2		4.1705503158		-1.0
	25779.99999999	3.10323  0.2  0.2		4.1705503158		-1.0
	25809.99999999	3.68969  0.2  0.2		4.1705503158		-1.0
	25839.99999999	3.69488  0.2  0.2		4.1705503158		-1.0
	25869.99999999	3.74011  0.2  0.2		4.1705503158		-1.0
	25899.99999999	4.0  0.2  0.2		4.1705503158		-1.0
	25929.99999999	3.07666  0.2  0.2		4.1705503158		-1.0
	25959.99999999	3.36573  0.2  0.2		4.1705503158		-1.0
	25989.99999999	4.08949  0.2  0.2		4.1705503158		-1.0
	26019.99999999	4.13951  0.2  0.2		4.1705503158		-1.0
	26049.99999999	3.30578  0.2  0.2		4.1705503158		-1.0
	26079.99999999	3.40328  0.2  0.2		4.1705503158		-1.0
	26109.99999999	3.79856  0.2  0.2		4.1705503158		-1.0
	26139.99999999	3.08053  0.2  0.2		4.1705503158		-1.0
	26169.99999999	3.23295  0.2  0.2		4.1705503158		-1.0
	26199.99999999	4.3722  0.2  0.2		4.1705503158		-1.0
	26229.99999999	5.51117  0.2  0.2		4.1705503158		-1.0
	26259.99999999	6.51602  0.2  0.2		4.1705503158		-1.0
	26289.99999999	6.81641  0.2  0.2		4.1705503158		-1.0
	26319.99999999	6.19292  0.2  0.2		4.1705503158		-1.0
	26349.99999999	5.56104  0.2  0.2		4.1705503158		-1.0
	26379.99999999	5.27891  0.2  0.2		4.1705503158		-1.0
	26409.99999999	4.75676  0.2  0.2		4.1705503158		-1.0
	26439.99999999	3.38828  0.2  0.2		4.1705503158		-1.0
	26469.99999999	2.70444  0.2  0.2		4.1705503158		-1.0
	26499.99999999	3.53239  0.2  0.2		4.1705503158		-1.0
	26529.99999999	4.75713  0.2  0.2		4.1705503158		-1.0
	26559.99999999	5.04476  0.2  0.2		4.1705503158		-1.0
	26589.99999999	5.19108  0.2  0.2		4.1705503158		-1.0
	26619.99999999	5.32501  0.2  0.2		4.1705503158		-1.0
	26649.99999999	5.9831  0.2  0.2		4.1705503158		-1.0
	26679.99999999	5.79046  0.2  0.2		4.1705503158		-1.0
	26709.99999999	5.16857  0.2  0.2		4.1705503158		-1.0
	26739.99999999	4.4858  0.2  0.2		4.1705503158		-1.0
	26769.99999999	3.02758  0.2  0.2		4.1705503158		-1.0
	26799.99999999	2.79142  0.2  0.2		4.1705503158		-1.0
	26829.99999999	3.85388  0.2  0.2		4.1705503158		-1.0
	26859.99999999	3.74675  0.2  0.2		4.1705503158		-1.0
	26889.99999999	2.61913  0.2  0.2		4.1705503158		-1.0
	26919.99999999	3.75595  0.2  0.2		4.1705503158		-1.0
	26949.99999999	3.39227  0.2  0.2		4.1705503158		-1.0
	26979.99999999	3.40284  0.2  0.2		4.1705503158		-1.0
	27009.99999999	3.69221  0.2  0.2		4.1705503158		-1.0
	27039.99999999	3.11647  0.2  0.2		4.1705503158		-1.0
	27069.99999999	3.56777  0.2  0.2		4.1705503158		-1.0
	27099.99999999	3.42808  0.2  0.2		4.1705503158		-1.0
	27129.99999999	2.69183  0.2  0.2		4.1705503158		-1.0
	27159.99999999	2.83402  0.2  0.2		4.1705503158		-1.0
	27189.99999999	2.82501  0.2  0.2		4.1705503158		-1.0
	27219.99999999	2.72187  0.2  0.2		4.1705503158		-1.0
	27249.99999998	2.6643  0.2  0.2		4.1705503158		-1.0
	27279.99999998	2.67239  0.2  0.2		4.1705503158		-1.0
	27309.99999998	2.82208  0.2  0.2		4.1705503158		-1.0
	27339.99999998	2.66668  0.2  0.2		4.1705503158		-1.0
	27369.99999998	2.69308  0.2  0.2		4.1705503158		-1.0
	27399.99999998	2.71711  0.2  0.2		4.1705503158		-1.0
	27429.99999998	3.36426  0.2  0.2		4.1705503158		-1.0
	27459.99999998	3.28576  0.2  0.2		4.1705503158		-1.0
	27489.99999998	3.57885  0.2  0.2		4.1705503158		-1.0
	27519.99999998	3.7645  0.2  0.2		4.1705503158		-1.0
	27549.99999998	3.46986  0.2  0.2		4.1705503158		-1.0
	27579.99999998	3.90341  0.2  0.2		4.1705503158		-1.0
	27609.99999998	3.22404  0.2  0.2		4.1705503158		-1.0
	27639.99999998	3.37421  0.2  0.2		4.1705503158		-1.0
	27669.99999998	4.08607  0.2  0.2		4.1705503158		-1.0
	27699.99999998	3.3761  0.2  0.2		4.1705503158		-1.0
	27729.99999998	3.82381  0.2  0.2		4.1705503158		-1.0
	27759.99999998	3.84751  0.2  0.2		4.1705503158		-1.0
	27789.99999998	3.22202  0.2  0.2		4.1705503158		-1.0
	27819.99999998	3.46345  0.2  0.2		4.1705503158		-1.0
	27849.99999998	3.96436  0.2  0.2		4.1705503158		-1.0
	27879.99999998	3.39656  0.2  0.2		4.1705503158		-1.0
	27909.99999998	3.21244  0.2  0.2		4.1705503158		-1.0
	27939.99999998	3.86623  0.2  0.2		4.1705503158		-1.0
	27969.99999998	3.81783  0.2  0.2		4.1705503158		-1.0
	27999.99999998	3.19057  0.2  0.2		4.1705503158		-1.0
	28029.99999998	3.23593  0.2  0.2		4.1705503158		-1.0
	28059.99999998	3.64943  0.2  0.2		4.1705503158		-1.0
	28089.99999998	3.9877  0.2  0.2		4.1705503158		-1.0
	28119.99999998	3.59416  0.2  0.2		4.1705503158		-1.0
	28149.99999998	3.39165  0.2  0.2		4.1705503158		-1.0
	28179.99999998	3.32881  0.2  0.2		4.1705503158		-1.0
	28209.99999998	3.26461  0.2  0.2		4.1705503158		-1.0
	28239.99999998	3.5555  0.2  0.2		4.1705503158		-1.0
	28269.99999998	3.23859  0.2  0.2		4.1705503158		-1.0
	28299.99999998	3.51108  0.2  0.2		4.1705503158		-1.0
	28329.99999998	3.24416  0.2  0.2		4.1705503158		-1.0
	28359.99999998	3.22262  0.2  0.2		4.1705503158		-1.0
	28389.99999998	3.68414  0.2  0.2		4.1705503158		-1.0
	28419.99999998	3.62698  0.2  0.2		4.1705503158		-1.0
	28449.99999998	3.01971  0.2  0.2		4.1705503158		-1.0
	28479.99999998	2.75285  0.2  0.2		4.1705503158		-1.0
	28509.99999998	3.59793  0.2  0.2		4.1705503158		-1.0
	28539.99999998	3.58495  0.2  0.2		4.1705503158		-1.0
	28569.99999998	3.68527  0.2  0.2		4.1705503158		-1.0
	28599.99999998	4.6076  0.2  0.2		4.1705503158		-1.0
	28629.99999998	5.41888  0.2  0.2		4.1705503158		-1.0
	28659.99999998	5.80702  0.2  0.2		4.1705503158		-1.0
	28689.99999998	5.6262  0.2  0.2		4.1705503158		-1.0
	28719.99999998	5.21136  0.2  0.2		4.1705503158		-1.0
	28749.99999998	5.49472  0.2  0.2		4.1705503158		-1.0
	28779.99999998	6.45917  0.2  0.2		4.1705503158		-1.0
	28809.99999998	7.35082  0.2  0.2		4.1705503158		-1.0
	28839.99999998	8.39171  0.2  0.2		4.1705503158		-1.0
	28869.99999998	8.78095  0.2  0.2		4.1705503158		-1.0
	28899.99999998	9.03996  0.2  0.2		4.1705503158		-1.0
	28929.99999998	9.24261  0.2  0.2		4.1705503158		-1.0
	28959.99999998	9.47842  0.2  0.2		4.1705503158		-1.0
	28989.99999998	10.0078  0.2  0.2		4.1705503158		-1.0
	29019.99999998	10.62064  0.2  0.2		4.1705503158		-1.0
	29049.99999998	11.40948  0.2  0.2		4.1705503158		-1.0
	29079.99999998	12.0187  0.2  0.2		4.1705503158		-1.0
	29109.99999998	11.66317  0.2  0.2		4.1705503158		-1.0
	29139.99999998	10.87493  0.2  0.2		4.1705503158		-1.0
	29169.99999998	10.56639  0.2  0.2		4.1705503158		-1.0
	29199.99999998	10.9994  0.2  0.2		4.1705503158		-1.0
	29229.99999998	11.73091  0.2  0.2		4.1705503158		-1.0
	29259.99999998	11.90774  0.2  0.2		4.1705503158		-1.0
	29289.99999998	11.03153  0.2  0.2		4.1705503158		-1.0
	29319.99999998	10.59189  0.2  0.2		4.1705503158		-1.0
	29349.99999998	10.26155  0.2  0.2		4.1705503158		-1.0
	29379.99999998	10.27467  0.2  0.2		4.1705503158		-1.0
	29409.99999998	9.95996  0.2  0.2		4.1705503158		-1.0
	29439.99999998	9.20122  0.2  0.2		4.1705503158		-1.0
	29469.99999998	8.85453  0.2  0.2		4.1705503158		-1.0
	29499.99999998	8.49752  0.2  0.2		4.1705503158		-1.0
	29529.99999998	7.76428  0.2  0.2		4.1705503158		-1.0
	29559.99999998	7.4059  0.2  0.2		4.1705503158		-1.0
	29589.99999998	6.8434  0.2  0.2		4.1705503158		-1.0
	29619.99999998	6.16192  0.2  0.2		4.1705503158		-1.0
	29649.99999998	5.87561  0.2  0.2		4.1705503158		-1.0
	29679.99999998	6.32344  0.2  0.2		4.1705503158		-1.0
	29709.99999998	7.09759  0.2  0.2		4.1705503158		-1.0
	29739.99999998	8.22343  0.2  0.2		4.1705503158		-1.0
	29769.99999998	9.09628  0.2  0.2		4.1705503158		-1.0
	29799.99999998	9.66391  0.2  0.2		4.1705503158		-1.0
	29829.99999998	9.73304  0.2  0.2		4.1705503158		-1.0
	29859.99999998	9.29951  0.2  0.2		4.1705503158		-1.0
	29889.99999998	8.52008  0.2  0.2		4.1705503158		-1.0
	29919.99999998	8.4038  0.2  0.2		4.1705503158		-1.0
	29949.99999998	8.56762  0.2  0.2		4.1705503158		-1.0
	29979.99999998	8.9096  0.2  0.2		4.1705503158		-1.0
	30009.99999998	9.29871  0.2  0.2		4.1705503158		-1.0
	30039.99999998	9.3778  0.2  0.2		4.1705503158		-1.0
	30069.99999998	9.37682  0.2  0.2		4.1705503158		-1.0
	30099.99999998	8.68493  0.2  0.2		4.1705503158		-1.0
	30129.99999998	8.11196  0.2  0.2		4.1705503158		-1.0
	30159.99999998	7.88547  0.2  0.2		4.1705503158		-1.0
	30189.99999998	7.60033  0.2  0.2		4.1705503158		-1.0
	30219.99999998	7.56577  0.2  0.2		4.1705503158		-1.0
	30249.99999998	8.21019  0.2  0.2		4.1705503158		-1.0
	30279.99999998	8.71232  0.2  0.2		4.1705503158		-1.0
	30309.99999998	8.85248  0.2  0.2		4.1705503158		-1.0
	30339.99999998	8.93858  0.2  0.2		4.1705503158		-1.0
	30369.99999998	9.74406  0.2  0.2		4.1705503158		-1.0
	30399.99999998	10.61007  0.2  0.2		4.1705503158		-1.0
	30429.99999998	10.89317  0.2  0.2		4.1705503158		-1.0
	30459.99999998	10.34155  0.2  0.2		4.1705503158		-1.0
	30489.99999998	9.61506  0.2  0.2		4.1705503158		-1.0
	30519.99999998	9.23923  0.2  0.2		4.1705503158		-1.0
	30549.99999998	8.89827  0.2  0.2		4.1705503158		-1.0
	30579.99999998	9.23199  0.2  0.2		4.1705503158		-1.0
	30609.99999998	10.00426  0.2  0.2		4.1705503158		-1.0
	30639.99999998	10.52391  0.2  0.2		4.1705503158		-1.0
	30669.99999998	11.24468  0.2  0.2		4.1705503158		-1.0
	30699.99999998	12.13942  0.2  0.2		4.1705503158		-1.0
	30729.99999998	11.91258  0.2  0.2		4.1705503158		-1.0
	30759.99999998	11.60642  0.2  0.2		4.1705503158		-1.0
	30789.99999998	11.92255  0.2  0.2		4.1705503158		-1.0
	30819.99999998	12.08277  0.2  0.2		4.1705503158		-1.0
	30849.99999998	11.37919  0.2  0.2		4.1705503158		-1.0
	30879.99999998	11.14587  0.2  0.2		4.1705503158		-1.0
	30909.99999998	10.61515  0.2  0.2		4.1705503158		-1.0
	30939.99999998	10.60437  0.2  0.2		4.1705503158		-1.0
	30969.99999998	10.78714  0.2  0.2		4.1705503158		-1.0
	30999.99999998	11.10008  0.2  0.2		4.1705503158		-1.0
	31029.99999998	10.69351  0.2  0.2		4.1705503158		-1.0
	31059.99999998	9.67819  0.2  0.2		4.1705503158		-1.0
	31089.99999998	8.97453  0.2  0.2		4.1705503158		-1.0
	31119.99999998	8.53468  0.2  0.2		4.1705503158		-1.0
	31149.99999998	7.90555  0.2  0.2		4.1705503158		-1.0
	31179.99999998	7.53536  0.2  0.2		4.1705503158		-1.0
	31209.99999998	7.0578  0.2  0.2		4.1705503158		-1.0
	31239.99999998	6.27125  0.2  0.2		4.1705503158		-1.0
	31269.99999998	5.57975  0.2  0.2		4.1705503158		-1.0
	31299.99999998	5.14547  0.2  0.2		4.1705503158		-1.0
	31329.99999998	5.53737  0.2  0.2		4.1705503158		-1.0
	31359.99999998	5.48375  0.2  0.2		4.1705503158		-1.0
	31389.99999998	4.62821  0.2  0.2		4.1705503158		-1.0
	31419.99999998	3.336  0.2  0.2		4.1705503158		-1.0
	31449.99999998	2.61976  0.2  0.2		4.1705503158		-1.0
	31479.99999998	3.95084  0.2  0.2		4.1705503158		-1.0
	31509.99999998	4.82279  0.2  0.2		4.1705503158		-1.0
	31539.99999998	5.5977  0.2  0.2		4.1705503158		-1.0
	31569.99999998	6.34871  0.2  0.2		4.1705503158		-1.0
	31599.99999998	6.5049  0.2  0.2		4.1705503158		-1.0
	31629.99999998	6.15082  0.2  0.2		4.1705503158		-1.0
	31659.99999998	5.72952  0.2  0.2		4.1705503158		-1.0
	31689.99999998	5.92951  0.2  0.2		4.1705503158		-1.0
	31719.99999998	6.36461  0.2  0.2		4.1705503158		-1.0
	31749.99999998	7.24073  0.2  0.2		4.1705503158		-1.0
	31779.99999998	7.95838  0.2  0.2		4.1705503158		-1.0
	31809.99999998	8.15863  0.2  0.2		4.1705503158		-1.0
	31839.99999998	7.8014  0.2  0.2		4.1705503158		-1.0
	31869.99999998	6.54227  0.2  0.2		4.1705503158		-1.0
	31899.99999998	6.2419  0.2  0.2		4.1705503158		-1.0
	31929.99999998	7.09676  0.2  0.2		4.1705503158		-1.0
	31959.99999998	7.90195  0.2  0.2		4.1705503158		-1.0
	31989.99999998	8.53263  0.2  0.2		4.1705503158		-1.0
	32019.99999998	9.03585  0.2  0.2		4.1705503158		-1.0
	32049.99999998	9.60237  0.2  0.2		4.1705503158		-1.0
	32079.99999998	9.88097  0.2  0.2		4.1705503158		-1.0
	32109.99999998	10.22685  0.2  0.2		4.1705503158		-1.0
	32139.99999998	10.21228  0.2  0.2		4.1705503158		-1.0
	32169.99999998	10.31015  0.2  0.2		4.1705503158		-1.0
	32199.99999998	10.56307  0.2  0.2		4.1705503158		-1.0
	32229.99999998	10.82552  0.2  0.2		4.1705503158		-1.0
	32259.99999998	10.87213  0.2  0.2		4.1705503158		-1.0
	32289.99999998	11.28435  0.2  0.2		4.1705503158		-1.0
	32319.99999998	11.34971  0.2  0.2		4.1705503158		-1.0
	32349.99999998	11.05709  0.2  0.2		4.1705503158		-1.0
	32379.99999998	10.32125  0.2  0.2		4.1705503158		-1.0
	32409.99999998	9.21713  0.2  0.2		4.1705503158		-1.0
	32439.99999998	8.33955  0.2  0.2		4.1705503158		-1.0
	32469.99999998	7.34898  0.2  0.2		4.1705503158		-1.0
	32499.99999998	6.64015  0.2  0.2		4.1705503158		-1.0
	32529.99999998	6.47326  0.2  0.2		4.1705503158		-1.0
	32559.99999998	6.48691  0.2  0.2		4.1705503158		-1.0
	32589.99999998	7.29161  0.2  0.2		4.1705503158		-1.0
	32619.99999998	8.40418  0.2  0.2		4.1705503158		-1.0
	32649.99999998	8.80799  0.2  0.2		4.1705503158		-1.0
	32679.99999998	9.33311  0.2  0.2		4.1705503158		-1.0
	32709.99999998	10.01739  0.2  0.2		4.1705503158		-1.0
	32739.99999998	10.36832  0.2  0.2		4.1705503158		-1.0
	32769.99999998	10.42145  0.2  0.2		4.1705503158		-1.0
	32799.99999998	10.87023  0.2  0.2		4.1705503158		-1.0
	32829.99999998	11.49204  0.2  0.2		4.1705503158		-1.0
	32859.99999998	11.75898  0.2  0.2		4.1705503158		-1.0
	32889.99999998	11.8856  0.2  0.2		4.1705503158		-1.0
