	0.00000000	2.87853  0.2  0.2		4.1705503158		-1.0
	30.00000000	2.89194  0.2  0.2		4.1705503158		-1.0
	60.00000000	2.88613  0.2  0.2		4.1705503158		-1.0
	90.00000000	2.98778  0.2  0.2		4.1705503158		-1.0
	120.00000000	2.82875  0.2  0.2		4.1705503158		-1.0
	150.00000000	2.84121  0.2  0.2		4.1705503158		-1.0
	180.00000000	2.89088  0.2  0.2		4.1705503158		-1.0
	210.00000000	2.94138  0.2  0.2		4.1705503158		-1.0
	240.00000000	3.00687  0.2  0.2		4.1705503158		-1.0
	270.00000000	2.89753  0.2  0.2		4.1705503158		-1.0
	300.00000000	3.10829  0.2  0.2		4.1705503158		-1.0
	330.00000000	2.87252  0.2  0.2		4.1705503158		-1.0
	360.00000000	2.78518  0.2  0.2		4.1705503158		-1.0
	390.00000000	3.12379  0.2  0.2		4.1705503158		-1.0
	420.00000000	3.06196  0.2  0.2		4.1705503158		-1.0
	450.00000000	2.79904  0.2  0.2		4.1705503158		-1.0
	480.00000000	3.01363  0.2  0.2		4.1705503158		-1.0
	510.00000000	3.02997  0.2  0.2		4.1705503158		-1.0
	540.00000000	2.99366  0.2  0.2		4.1705503158		-1.0
	570.00000000	2.88875  0.2  0.2		4.1705503158		-1.0
	600.00000000	2.84002  0.2  0.2		4.1705503158		-1.0
	630.00000000	3.00195  0.2  0.2		4.1705503158		-1.0
	660.00000000	2.92732  0.2  0.2		4.1705503158		-1.0
	690.00000000	2.72213  0.2  0.2		4.1705503158		-1.0
	720.00000000	2.93269  0.2  0.2		4.1705503158		-1.0
	750.00000000	3.11165  0.2  0.2		4.1705503158		-1.0
	780.00000000	2.76993  0.2  0.2		4.1705503158		-1.0
	810.00000000	2.89806  0.2  0.2		4.1705503158		-1.0
	840.00000000	3.08979  0.2  0.2		4.1705503158		-1.0
	870.00000000	2.84724  0.2  0.2		4.1705503158		-1.0
	900.00000000	2.8264  0.2  0.2		4.1705503158		-1.0
	930.00000000	2.93705  0.2  0.2		4.1705503158		-1.0
	960.00000000	2.95532  0.2  0.2		4.1705503158		-1.0
	990.00000000	2.91868  0.2  0.2		4.1705503158		-1.0
	1020.00000000	2.99554  0.2  0.2		4.1705503158		-1.0
	1050.00000000	3.00349  0.2  0.2		4.1705503158		-1.0
	1080.00000000	2.96393  0.2  0.2		4.1705503158		-1.0
	1110.00000000	2.72508  0.2  0.2		4.1705503158		-1.0
	1140.00000000	2.99905  0.2  0.2		4.1705503158		-1.0
	1170.00000000	3.05608  0.2  0.2		4.1705503158		-1.0
	1200.00000000	2.90409  0.2  0.2		4.1705503158		-1.0
	1230.00000000	2.82884  0.2  0.2		4.1705503158		-1.0
	1260.00000000	2.89062  0.2  0.2		4.1705503158		-1.0
	1290.00000000	2.86821  0.2  0.2		4.1705503158		-1.0
	1320.00000000	2.94649  0.2  0.2		4.1705503158		-1.0
	1350.00000000	3.16195  0.2  0.2		4.1705503158		-1.0
	1380.00000000	2.88126  0.2  0.2		4.1705503158		-1.0
	1410.00000000	2.86373  0.2  0.2		4.1705503158		-1.0
	1440.00000000	2.99238  0.2  0.2		4.1705503158		-1.0
	1470.00000000	3.11895  0.2  0.2		4.1705503158		-1.0
	1500.00000000	2.98848  0.2  0.2		4.1705503158		-1.0
	1530.00000000	2.88675  0.2  0.2		4.1705503158		-1.0
	1560.00000000	2.9988  0.2  0.2		4.1705503158		-1.0
	1590.00000000	3.15171  0.2  0.2		4.1705503158		-1.0
	1620.00000000	2.67439  0.2  0.2		4.1705503158		-1.0
	1650.00000000	3.19451  0.2  0.2		4.1705503158		-1.0
	1680.00000000	2.79417  0.2  0.2		4.1705503158		-1.0
	1710.00000000	3.26662  0.2  0.2		4.1705503158		-1.0
	1740.00000000	2.69617  0.2  0.2		4.1705503158		-1.0
	1770.00000000	3.36001  0.2  0.2		4.1705503158		-1.0
	1800.00000000	2.80919  0.2  0.2		4.1705503158		-1.0
	1830.00000000	3.32902  0.2  0.2		4.1705503158		-1.0
	1860.00000000	2.62235  0.2  0.2		4.1705503158		-1.0
	1890.00000000	3.29615  0.2  0.2		4.1705503158		-1.0
	1920.00000000	2.66569  0.2  0.2		4.1705503158		-1.0
	1950.00000000	3.21169  0.2  0.2		4.1705503158		-1.0
	1980.00000000	2.81601  0.2  0.2		4.1705503158		-1.0
	2010.00000000	2.78062  0.2  0.2		4.1705503158		-1.0
	2040.00000000	2.89572  0.2  0.2		4.1705503158		-1.0
	2070.00000000	3.36068  0.2  0.2		4.1705503158		-1.0
	2100.00000000	2.73142  0.2  0.2		4.1705503158		-1.0
	2130.00000000	3.03866  0.2  0.2		4.1705503158		-1.0
	2160.00000000	2.95672  0.2  0.2		4.1705503158		-1.0
	2190.00000000	3.10652  0.2  0.2		4.1705503158		-1.0
	2220.00000000	2.98421  0.2  0.2		4.1705503158		-1.0
	2250.00000000	3.00684  0.2  0.2		4.1705503158		-1.0
	2280.00000000	2.95114  0.2  0.2		4.1705503158		-1.0
	2310.00000000	2.89816  0.2  0.2		4.1705503158		-1.0
	2340.00000000	2.85825  0.2  0.2		4.1705503158		-1.0
	2370.00000000	2.91799  0.2  0.2		4.1705503158		-1.0
	2400.00000000	2.87545  0.2  0.2		4.1705503158		-1.0
	2430.00000000	2.84221  0.2  0.2		4.1705503158		-1.0
	2460.00000000	2.92078  0.2  0.2		4.1705503158		-1.0
	2490.00000000	2.99056  0.2  0.2		4.1705503158		-1.0
	2520.00000000	2.87217  0.2  0.2		4.1705503158		-1.0
	2550.00000000	2.76702  0.2  0.2		4.1705503158		-1.0
	2580.00000000	2.92626  0.2  0.2		4.1705503158		-1.0
	2610.00000000	2.97466  0.2  0.2		4.1705503158		-1.0
	2640.00000000	2.92678  0.2  0.2		4.1705503158		-1.0
	2670.00000000	2.8666  0.2  0.2		4.1705503158		-1.0
	2700.00000000	2.88801  0.2  0.2		4.1705503158		-1.0
	2730.00000000	2.96452  0.2  0.2		4.1705503158		-1.0
	2760.00000000	2.90602  0.2  0.2		4.1705503158		-1.0
	2790.00000000	2.98534  0.2  0.2		4.1705503158		-1.0
	2820.00000000	3.05632  0.2  0.2		4.1705503158		-1.0
	2850.00000000	3.01779  0.2  0.2		4.1705503158		-1.0
	2880.00000000	2.82225  0.2  0.2		4.1705503158		-1.0
	2910.00000000	2.95902  0.2  0.2		4.1705503158		-1.0
	2940.00000000	2.9212  0.2  0.2		4.1705503158		-1.0
	2970.00000000	3.13944  0.2  0.2		4.1705503158		-1.0
	3000.00000000	3.20351  0.2  0.2		4.1705503158		-1.0
	3030.00000000	3.14438  0.2  0.2		4.1705503158		-1.0
	3060.00000000	2.92249  0.2  0.2		4.1705503158		-1.0
	3090.00000000	3.17898  0.2  0.2		4.1705503158		-1.0
	3120.00000000	2.86479  0.2  0.2		4.1705503158		-1.0
	3150.00000000	3.16614  0.2  0.2		4.1705503158		-1.0
	3180.00000000	3.20313  0.2  0.2		4.1705503158		-1.0
	3210.00000000	2.83877  0.2  0.2		4.1705503158		-1.0
	3240.00000000	2.94448  0.2  0.2		4.1705503158		-1.0
	3270.00000000	3.34567  0.2  0.2		4.1705503158		-1.0
	3300.00000000	2.93407  0.2  0.2		4.1705503158		-1.0
	3330.00000000	3.03769  0.2  0.2		4.1705503158		-1.0
	3360.00000000	3.20381  0.2  0.2		4.1705503158		-1.0
	3390.00000000	2.80512  0.2  0.2		4.1705503158		-1.0
	3420.00000000	3.08971  0.2  0.2		4.1705503158		-1.0
	3450.00000000	3.22897  0.2  0.2		4.1705503158		-1.0
	3480.00000000	2.81878  0.2  0.2		4.1705503158		-1.0
	3510.00000000	2.91097  0.2  0.2		4.1705503158		-1.0
	3540.00000000	3.0153  0.2  0.2		4.1705503158		-1.0
	3570.00000000	2.79451  0.2  0.2		4.1705503158		-1.0
	3600.00000000	3.06701  0.2  0.2		4.1705503158		-1.0
	3630.00000000	2.86095  0.2  0.2		4.1705503158		-1.0
	3660.00000000	3.1181  0.2  0.2		4.1705503158		-1.0
	3690.00000000	2.97298  0.2  0.2		4.1705503158		-1.0
	3720.00000000	3.12328  0.2  0.2		4.1705503158		-1.0
	3750.00000000	2.81776  0.2  0.2		4.1705503158		-1.0
	3780.00000000	2.87287  0.2  0.2		4.1705503158		-1.0
	3810.00000000	3.09776  0.2  0.2		4.1705503158		-1.0
	3840.00000000	2.82136  0.2  0.2		4.1705503158		-1.0
	3870.00000000	2.93328  0.2  0.2		4.1705503158		-1.0
	3900.00000000	2.82659  0.2  0.2		4.1705503158		-1.0
	3930.00000000	2.86302  0.2  0.2		4.1705503158		-1.0
	3960.00000000	3.14279  0.2  0.2		4.1705503158		-1.0
	3990.00000000	3.24593  0.2  0.2		4.1705503158		-1.0
	4020.00000000	2.69294  0.2  0.2		4.1705503158		-1.0
	4050.00000000	3.21202  0.2  0.2		4.1705503158		-1.0
	4080.00000000	3.05646  0.2  0.2		4.1705503158		-1.0
	4110.00000000	2.80747  0.2  0.2		4.1705503158		-1.0
	4140.00000000	3.24452  0.2  0.2		4.1705503158		-1.0
	4170.00000000	3.10558  0.2  0.2		4.1705503158		-1.0
	4200.00000000	2.93029  0.2  0.2		4.1705503158		-1.0
	4230.00000000	2.65587  0.2  0.2		4.1705503158		-1.0
	4260.00000000	2.72157  0.2  0.2		4.1705503158		-1.0
	4290.00000000	2.7983  0.2  0.2		4.1705503158		-1.0
	4320.00000000	2.79732  0.2  0.2		4.1705503158		-1.0
	4350.00000000	2.81619  0.2  0.2		4.1705503158		-1.0
	4380.00000000	2.80331  0.2  0.2		4.1705503158		-1.0
	4410.00000000	2.73937  0.2  0.2		4.1705503158		-1.0
	4440.00000000	2.84292  0.2  0.2		4.1705503158		-1.0
	4470.00000000	2.71478  0.2  0.2		4.1705503158		-1.0
	4500.00000000	3.39544  0.2  0.2		4.1705503158		-1.0
	4530.00000000	3.30668  0.2  0.2		4.1705503158		-1.0
	4560.00000000	3.1609  0.2  0.2		4.1705503158		-1.0
	4590.00000000	2.84138  0.2  0.2		4.1705503158		-1.0
	4620.00000000	3.3282  0.2  0.2		4.1705503158		-1.0
	4650.00000000	3.07987  0.2  0.2		4.1705503158		-1.0
	4680.00000000	2.73329  0.2  0.2		4.1705503158		-1.0
	4710.00000000	2.73037  0.2  0.2		4.1705503158		-1.0
	4740.00000000	3.45341  0.2  0.2		4.1705503158		-1.0
	4770.00000000	3.07506  0.2  0.2		4.1705503158		-1.0
	4800.00000000	2.73782  0.2  0.2		4.1705503158		-1.0
	4830.00000000	3.15497  0.2  0.2		4.1705503158		-1.0
	4860.00000000	2.96694  0.2  0.2		4.1705503158		-1.0
	4890.00000000	3.1018  0.2  0.2		4.1705503158		-1.0
	4920.00000000	3.28979  0.2  0.2		4.1705503158		-1.0
	4950.00000000	3.06122  0.2  0.2		4.1705503158		-1.0
	4980.00000000	3.4878  0.2  0.2		4.1705503158		-1.0
	5010.00000000	3.19528  0.2  0.2		4.1705503158		-1.0
	5040.00000000	3.23563  0.2  0.2		4.1705503158		-1.0
	5070.00000000	3.48735  0.2  0.2		4.1705503158		-1.0
	5100.00000000	3.18328  0.2  0.2		4.1705503158		-1.0
	5130.00000000	3.19623  0.2  0.2		4.1705503158		-1.0
	5160.00000000	3.14723  0.2  0.2		4.1705503158		-1.0
	5190.00000000	2.992  0.2  0.2		4.1705503158		-1.0
	5220.00000000	3.02105  0.2  0.2		4.1705503158		-1.0
	5250.00000000	3.24555  0.2  0.2		4.1705503158		-1.0
	5280.00000000	3.47192  0.2  0.2		4.1705503158		-1.0
	5310.00000000	3.00149  0.2  0.2		4.1705503158		-1.0
	5340.00000000	3.28267  0.2  0.2		4.1705503158		-1.0
	5370.00000000	2.80503  0.2  0.2		4.1705503158		-1.0
	5400.00000000	2.73116  0.2  0.2		4.1705503158		-1.0
	5430.00000000	3.15451  0.2  0.2		4.1705503158		-1.0
	5460.00000000	3.40833  0.2  0.2		4.1705503158		-1.0
	5490.00000000	2.78182  0.2  0.2		4.1705503158		-1.0
	5520.00000000	3.10935  0.2  0.2		4.1705503158		-1.0
	5550.00000000	3.22339  0.2  0.2		4.1705503158		-1.0
	5580.00000000	2.80145  0.2  0.2		4.1705503158		-1.0
	5610.00000000	3.05981  0.2  0.2		4.1705503158		-1.0
	5640.00000000	3.01858  0.2  0.2		4.1705503158		-1.0
	5670.00000000	2.8957  0.2  0.2		4.1705503158		-1.0
	5700.00000000	3.0366  0.2  0.2		4.1705503158		-1.0
	5730.00000000	2.78776  0.2  0.2		4.1705503158		-1.0
	5760.00000000	3.1321  0.2  0.2		4.1705503158		-1.0
	5790.00000000	2.91956  0.2  0.2		4.1705503158		-1.0
	5820.00000000	2.90288  0.2  0.2		4.1705503158		-1.0
	5850.00000000	2.95137  0.2  0.2		4.1705503158		-1.0
	5880.00000000	2.9286  0.2  0.2		4.1705503158		-1.0
	5910.00000000	3.01474  0.2  0.2		4.1705503158		-1.0
	5940.00000000	3.03537  0.2  0.2		4.1705503158		-1.0
	5970.00000000	2.94525  0.2  0.2		4.1705503158		-1.0
	6000.00000000	2.79779  0.2  0.2		4.1705503158		-1.0
	6030.00000000	2.95704  0.2  0.2		4.1705503158		-1.0
	6060.00000000	3.15454  0.2  0.2		4.1705503158		-1.0
	6090.00000000	3.2619  0.2  0.2		4.1705503158		-1.0
	6120.00000000	2.82632  0.2  0.2		4.1705503158		-1.0
	6150.00000000	2.88103  0.2  0.2		4.1705503158		-1.0
	6180.00000000	3.14346  0.2  0.2		4.1705503158		-1.0
	6210.00000000	3.10105  0.2  0.2		4.1705503158		-1.0
	6240.00000000	2.77696  0.2  0.2		4.1705503158		-1.0
	6270.00000000	2.8988  0.2  0.2		4.1705503158		-1.0
	6300.00000000	3.02751  0.2  0.2		4.1705503158		-1.0
	6330.00000000	2.9895  0.2  0.2		4.1705503158		-1.0
	6360.00000000	3.04854  0.2  0.2		4.1705503158		-1.0
	6390.00000000	3.20246  0.2  0.2		4.1705503158		-1.0
	6420.00000000	2.7866  0.2  0.2		4.1705503158		-1.0
	6450.00000000	2.71801  0.2  0.2		4.1705503158		-1.0
	6480.00000000	2.92386  0.2  0.2		4.1705503158		-1.0
	6510.00000000	2.94105  0.2  0.2		4.1705503158		-1.0
	6540.00000000	2.72964  0.2  0.2		4.1705503158		-1.0
	6570.00000000	3.10827  0.2  0.2		4.1705503158		-1.0
	6600.00000000	2.73804  0.2  0.2		4.1705503158		-1.0
	6630.00000000	3.01858  0.2  0.2		4.1705503158		-1.0
	6660.00000000	3.25806  0.2  0.2		4.1705503158		-1.0
	6690.00000000	3.0435  0.2  0.2		4.1705503158		-1.0
	6720.00000000	2.6944  0.2  0.2		4.1705503158		-1.0
	6750.00000000	3.34031  0.2  0.2		4.1705503158		-1.0
	6780.00000000	2.69675  0.2  0.2		4.1705503158		-1.0
	6810.00000000	3.05883  0.2  0.2		4.1705503158		-1.0
	6840.00000000	3.05287  0.2  0.2		4.1705503158		-1.0
	6870.00000000	2.94413  0.2  0.2		4.1705503158		-1.0
	6900.00000000	2.745  0.2  0.2		4.1705503158		-1.0
	6930.00000000	3.1078  0.2  0.2		4.1705503158		-1.0
	6960.00000000	3.11163  0.2  0.2		4.1705503158		-1.0
	6990.00000000	2.91683  0.2  0.2		4.1705503158		-1.0
	7020.00000000	2.79629  0.2  0.2		4.1705503158		-1.0
	7050.00000000	2.73004  0.2  0.2		4.1705503158		-1.0
	7080.00000000	3.41992  0.2  0.2		4.1705503158		-1.0
	7110.00000000	2.68894  0.2  0.2		4.1705503158		-1.0
	7140.00000000	3.02516  0.2  0.2		4.1705503158		-1.0
	7170.00000000	3.17111  0.2  0.2		4.1705503158		-1.0
	7200.00000000	2.62763  0.2  0.2		4.1705503158		-1.0
	7230.00000000	2.90047  0.2  0.2		4.1705503158		-1.0
	7260.00000000	3.17204  0.2  0.2		4.1705503158		-1.0
	7290.00000000	2.68388  0.2  0.2		4.1705503158		-1.0
	7320.00000000	3.32033  0.2  0.2		4.1705503158		-1.0
	7350.00000000	2.68437  0.2  0.2		4.1705503158		-1.0
	7380.00000000	3.00343  0.2  0.2		4.1705503158		-1.0
	7410.00000000	2.79082  0.2  0.2		4.1705503158		-1.0
	7440.00000000	3.41366  0.2  0.2		4.1705503158		-1.0
	7470.00000000	2.64385  0.2  0.2		4.1705503158		-1.0
	7500.00000000	3.16234  0.2  0.2		4.1705503158		-1.0
	7530.00000000	2.74021  0.2  0.2		4.1705503158		-1.0
	7560.00000000	3.30995  0.2  0.2		4.1705503158		-1.0
	7590.00000000	2.80596  0.2  0.2		4.1705503158		-1.0
	7620.00000000	3.35037  0.2  0.2		4.1705503158		-1.0
	7650.00000000	2.73519  0.2  0.2		4.1705503158		-1.0
	7680.00000000	3.31707  0.2  0.2		4.1705503158		-1.0
	7710.00000000	2.72177  0.2  0.2		4.1705503158		-1.0
	7740.00000000	3.33811  0.2  0.2		4.1705503158		-1.0
	7770.00000000	2.72561  0.2  0.2		4.1705503158		-1.0
	7800.00000000	3.22712  0.2  0.2		4.1705503158		-1.0
	7830.00000000	2.72294  0.2  0.2		4.1705503158		-1.0
	7860.00000000	3.42999  0.2  0.2		4.1705503158		-1.0
	7890.00000000	2.66447  0.2  0.2		4.1705503158		-1.0
	7920.00000000	3.37859  0.2  0.2		4.1705503158		-1.0
	7950.00000000	2.65735  0.2  0.2		4.1705503158		-1.0
	7980.00000000	3.37955  0.2  0.2		4.1705503158		-1.0
	8010.00000000	2.66417  0.2  0.2		4.1705503158		-1.0
	8040.00000000	2.89425  0.2  0.2		4.1705503158		-1.0
	8070.00000000	2.88881  0.2  0.2		4.1705503158		-1.0
	8100.00000000	3.08229  0.2  0.2		4.1705503158		-1.0
	8130.00000000	3.12769  0.2  0.2		4.1705503158		-1.0
	8160.00000000	3.50177  0.2  0.2		4.1705503158		-1.0
	8190.00000000	3.36009  0.2  0.2		4.1705503158		-1.0
	8220.00000000	3.28539  0.2  0.2		4.1705503158		-1.0
	8250.00000000	2.73117  0.2  0.2		4.1705503158		-1.0
	8280.00000000	2.66123  0.2  0.2		4.1705503158		-1.0
	8310.00000000	3.05831  0.2  0.2		4.1705503158		-1.0
	8340.00000000	3.53388  0.2  0.2		4.1705503158		-1.0
	8370.00000000	3.23684  0.2  0.2		4.1705503158		-1.0
	8400.00000000	3.20095  0.2  0.2		4.1705503158		-1.0
	8430.00000000	3.23451  0.2  0.2		4.1705503158		-1.0
	8460.00000000	3.07837  0.2  0.2		4.1705503158		-1.0
	8490.00000000	3.26928  0.2  0.2		4.1705503158		-1.0
	8520.00000000	3.18081  0.2  0.2		4.1705503158		-1.0
	8550.00000000	3.23485  0.2  0.2		4.1705503158		-1.0
	8580.00000000	3.76165  0.2  0.2		4.1705503158		-1.0
	8610.00000000	2.66378  0.2  0.2		4.1705503158		-1.0
	8640.00000000	2.76784  0.2  0.2		4.1705503158		-1.0
	8670.00000000	2.81188  0.2  0.2		4.1705503158		-1.0
	8700.00000000	3.153  0.2  0.2		4.1705503158		-1.0
	8730.00000000	3.31123  0.2  0.2		4.1705503158		-1.0
	8760.00000000	3.00439  0.2  0.2		4.1705503158		-1.0
	8790.00000000	3.19356  0.2  0.2		4.1705503158		-1.0
	8820.00000000	2.80654  0.2  0.2		4.1705503158		-1.0
	8850.00000000	2.91808  0.2  0.2		4.1705503158		-1.0
	8880.00000000	3.11179  0.2  0.2		4.1705503158		-1.0
	8910.00000000	3.11611  0.2  0.2		4.1705503158		-1.0
	8940.00000000	2.99671  0.2  0.2		4.1705503158		-1.0
	8970.00000000	3.0827  0.2  0.2		4.1705503158		-1.0
