	0.00000000	2.87417  0.2  0.2		4.1705503158		-1.0
	30.00000000	2.88319  0.2  0.2		4.1705503158		-1.0
	60.00000000	2.92745  0.2  0.2		4.1705503158		-1.0
	90.00000000	2.84159  0.2  0.2		4.1705503158		-1.0
	120.00000000	2.98413  0.2  0.2		4.1705503158		-1.0
	150.00000000	3.0402  0.2  0.2		4.1705503158		-1.0
	180.00000000	2.98869  0.2  0.2		4.1705503158		-1.0
	210.00000000	2.83977  0.2  0.2		4.1705503158		-1.0
	240.00000000	2.95614  0.2  0.2		4.1705503158		-1.0
	270.00000000	3.06688  0.2  0.2		4.1705503158		-1.0
	300.00000000	2.89177  0.2  0.2		4.1705503158		-1.0
	330.00000000	2.85229  0.2  0.2		4.1705503158		-1.0
	360.00000000	3.11501  0.2  0.2		4.1705503158		-1.0
	390.00000000	2.99041  0.2  0.2		4.1705503158		-1.0
	420.00000000	2.93168  0.2  0.2		4.1705503158		-1.0
	450.00000000	2.92419  0.2  0.2		4.1705503158		-1.0
	480.00000000	2.98579  0.2  0.2		4.1705503158		-1.0
	510.00000000	2.93303  0.2  0.2		4.1705503158		-1.0
	540.00000000	2.8268  0.2  0.2		4.1705503158		-1.0
	570.00000000	2.70768  0.2  0.2		4.1705503158		-1.0
	600.00000000	3.17173  0.2  0.2		4.1705503158		-1.0
	630.00000000	3.04355  0.2  0.2		4.1705503158		-1.0
	660.00000000	2.95278  0.2  0.2		4.1705503158		-1.0
	690.00000000	2.77894  0.2  0.2		4.1705503158		-1.0
	720.00000000	2.75555  0.2  0.2		4.1705503158		-1.0
	750.00000000	2.84355  0.2  0.2		4.1705503158		-1.0
	780.00000000	3.1064  0.2  0.2		4.1705503158		-1.0
	810.00000000	3.15845  0.2  0.2		4.1705503158		-1.0
	840.00000000	2.64527  0.2  0.2		4.1705503158		-1.0
	870.00000000	2.89296  0.2  0.2		4.1705503158		-1.0
	900.00000000	3.08883  0.2  0.2		4.1705503158		-1.0
	930.00000000	3.0182  0.2  0.2		4.1705503158		-1.0
	960.00000000	2.93449  0.2  0.2		4.1705503158		-1.0
	990.00000000	2.77022  0.2  0.2		4.1705503158		-1.0
	1020.00000000	2.95828  0.2  0.2		4.1705503158		-1.0
	1050.00000000	3.10882  0.2  0.2		4.1705503158		-1.0
	1080.00000000	2.80111  0.2  0.2		4.1705503158		-1.0
	1110.00000000	3.02873  0.2  0.2		4.1705503158		-1.0
	1140.00000000	2.98881  0.2  0.2		4.1705503158		-1.0
	1170.00000000	2.99457  0.2  0.2		4.1705503158		-1.0
	1200.00000000	3.27231  0.2  0.2		4.1705503158		-1.0
	1230.00000000	2.92899  0.2  0.2		4.1705503158		-1.0
	1260.00000000	2.7765  0.2  0.2		4.1705503158		-1.0
	1290.00000000	2.76535  0.2  0.2		4.1705503158		-1.0
	1320.00000000	2.99726  0.2  0.2		4.1705503158		-1.0
	1350.00000000	3.21822  0.2  0.2		4.1705503158		-1.0
	1380.00000000	3.05314  0.2  0.2		4.1705503158		-1.0
	1410.00000000	2.75686  0.2  0.2		4.1705503158		-1.0
	1440.00000000	2.93359  0.2  0.2		4.1705503158		-1.0
	1470.00000000	3.4262  0.2  0.2		4.1705503158		-1.0
	1500.00000000	2.74131  0.2  0.2		4.1705503158		-1.0
	1530.00000000	3.12745  0.2  0.2		4.1705503158		-1.0
	1560.00000000	3.08097  0.2  0.2		4.1705503158		-1.0
	1590.00000000	2.67499  0.2  0.2		4.1705503158		-1.0
	1620.00000000	3.22323  0.2  0.2		4.1705503158		-1.0
	1650.00000000	2.95374  0.2  0.2		4.1705503158		-1.0
	1680.00000000	3.23186  0.2  0.2		4.1705503158		-1.0
	1710.00000000	3.15572  0.2  0.2		4.1705503158		-1.0
	1740.00000000	3.04489  0.2  0.2		4.1705503158		-1.0
	1770.00000000	3.04107  0.2  0.2		4.1705503158		-1.0
	1800.00000000	2.87705  0.2  0.2		4.1705503158		-1.0
	1830.00000000	3.05151  0.2  0.2		4.1705503158		-1.0
	1860.00000000	2.87181  0.2  0.2		4.1705503158		-1.0
	1890.00000000	2.97335  0.2  0.2		4.1705503158		-1.0
	1920.00000000	2.96516  0.2  0.2		4.1705503158		-1.0
	1950.00000000	2.86734  0.2  0.2		4.1705503158		-1.0
	1980.00000000	3.06418  0.2  0.2		4.1705503158		-1.0
	2010.00000000	2.74546  0.2  0.2		4.1705503158		-1.0
	2040.00000000	3.17761  0.2  0.2		4.1705503158		-1.0
	2070.00000000	2.88852  0.2  0.2		4.1705503158		-1.0
	2100.00000000	3.249  0.2  0.2		4.1705503158		-1.0
	2130.00000000	2.87827  0.2  0.2		4.1705503158		-1.0
	2160.00000000	3.22963  0.2  0.2		4.1705503158		-1.0
	2190.00000000	2.78477  0.2  0.2		4.1705503158		-1.0
	2220.00000000	2.83147  0.2  0.2		4.1705503158		-1.0
	2250.00000000	3.10453  0.2  0.2		4.1705503158		-1.0
	2280.00000000	2.92854  0.2  0.2		4.1705503158		-1.0
	2310.00000000	2.84744  0.2  0.2		4.1705503158		-1.0
	2340.00000000	3.04082  0.2  0.2		4.1705503158		-1.0
	2370.00000000	2.8297  0.2  0.2		4.1705503158		-1.0
	2400.00000000	2.75158  0.2  0.2		4.1705503158		-1.0
	2430.00000000	2.89201  0.2  0.2		4.1705503158		-1.0
	2460.00000000	3.00942  0.2  0.2		4.1705503158		-1.0
	2490.00000000	3.07664  0.2  0.2		4.1705503158		-1.0
	2520.00000000	3.01328  0.2  0.2		4.1705503158		-1.0
	2550.00000000	2.97564  0.2  0.2		4.1705503158		-1.0
	2580.00000000	2.9624  0.2  0.2		4.1705503158		-1.0
	2610.00000000	2.63636  0.2  0.2		4.1705503158		-1.0
	2640.00000000	3.32667  0.2  0.2		4.1705503158		-1.0
	2670.00000000	2.83156  0.2  0.2		4.1705503158		-1.0
	2700.00000000	3.14288  0.2  0.2		4.1705503158		-1.0
	2730.00000000	2.90653  0.2  0.2		4.1705503158		-1.0
	2760.00000000	3.1179  0.2  0.2		4.1705503158		-1.0
	2790.00000000	3.18023  0.2  0.2		4.1705503158		-1.0
	2820.00000000	3.14059  0.2  0.2		4.1705503158		-1.0
	2850.00000000	3.16011  0.2  0.2		4.1705503158		-1.0
	2880.00000000	3.58935  0.2  0.2		4.1705503158		-1.0
	2910.00000000	2.61557  0.2  0.2		4.1705503158		-1.0
	2940.00000000	3.05677  0.2  0.2		4.1705503158		-1.0
	2970.00000000	3.4241  0.2  0.2		4.1705503158		-1.0
	3000.00000000	2.93362  0.2  0.2		4.1705503158		-1.0
	3030.00000000	2.90479  0.2  0.2		4.1705503158		-1.0
	3060.00000000	3.31352  0.2  0.2		4.1705503158		-1.0
	3090.00000000	3.00306  0.2  0.2		4.1705503158		-1.0
	3120.00000000	2.8471  0.2  0.2		4.1705503158		-1.0
	3150.00000000	2.86673  0.2  0.2		4.1705503158		-1.0
	3180.00000000	3.26714  0.2  0.2		4.1705503158		-1.0
	3210.00000000	3.00411  0.2  0.2		4.1705503158		-1.0
	3240.00000000	2.85728  0.2  0.2		4.1705503158		-1.0
	3270.00000000	2.84669  0.2  0.2		4.1705503158		-1.0
	3300.00000000	3.07064  0.2  0.2		4.1705503158		-1.0
	3330.00000000	2.89343  0.2  0.2		4.1705503158		-1.0
	3360.00000000	2.8863  0.2  0.2		4.1705503158		-1.0
	3390.00000000	2.85701  0.2  0.2		4.1705503158		-1.0
	3420.00000000	2.89106  0.2  0.2		4.1705503158		-1.0
	3450.00000000	2.86716  0.2  0.2		4.1705503158		-1.0
	3480.00000000	2.99074  0.2  0.2		4.1705503158		-1.0
	3510.00000000	2.82199  0.2  0.2		4.1705503158		-1.0
	3540.00000000	2.8784  0.2  0.2		4.1705503158		-1.0
	3570.00000000	2.98105  0.2  0.2		4.1705503158		-1.0
	3600.00000000	2.87568  0.2  0.2		4.1705503158		-1.0
	3630.00000000	2.9257  0.2  0.2		4.1705503158		-1.0
	3660.00000000	2.88808  0.2  0.2		4.1705503158		-1.0
	3690.00000000	3.08956  0.2  0.2		4.1705503158		-1.0
	3720.00000000	2.83255  0.2  0.2		4.1705503158		-1.0
	3750.00000000	2.77548  0.2  0.2		4.1705503158		-1.0
	3780.00000000	3.04262  0.2  0.2		4.1705503158		-1.0
	3810.00000000	2.78224  0.2  0.2		4.1705503158		-1.0
	3840.00000000	2.89387  0.2  0.2		4.1705503158		-1.0
	3870.00000000	2.82651  0.2  0.2		4.1705503158		-1.0
	3900.00000000	3.18947  0.2  0.2		4.1705503158		-1.0
	3930.00000000	2.65145  0.2  0.2		4.1705503158		-1.0
	3960.00000000	2.93626  0.2  0.2		4.1705503158		-1.0
	3990.00000000	2.89195  0.2  0.2		4.1705503158		-1.0
	4020.00000000	2.75776  0.2  0.2		4.1705503158		-1.0
	4050.00000000	3.05555  0.2  0.2		4.1705503158		-1.0
	4080.00000000	2.8983  0.2  0.2		4.1705503158		-1.0
	4110.00000000	3.03598  0.2  0.2		4.1705503158		-1.0
	4140.00000000	2.94638  0.2  0.2		4.1705503158		-1.0
	4170.00000000	3.03378  0.2  0.2		4.1705503158		-1.0
	4200.00000000	2.79362  0.2  0.2		4.1705503158		-1.0
	4230.00000000	2.79341  0.2  0.2		4.1705503158		-1.0
	4260.00000000	3.30993  0.2  0.2		4.1705503158		-1.0
	4290.00000000	3.0241  0.2  0.2		4.1705503158		-1.0
	4320.00000000	2.98505  0.2  0.2		4.1705503158		-1.0
	4350.00000000	2.96344  0.2  0.2		4.1705503158		-1.0
	4380.00000000	2.95812  0.2  0.2		4.1705503158		-1.0
	4410.00000000	2.84295  0.2  0.2		4.1705503158		-1.0
	4440.00000000	3.13218  0.2  0.2		4.1705503158		-1.0
	4470.00000000	2.77457  0.2  0.2		4.1705503158		-1.0
	4500.00000000	3.20781  0.2  0.2		4.1705503158		-1.0
	4530.00000000	3.00454  0.2  0.2		4.1705503158		-1.0
	4560.00000000	3.18642  0.2  0.2		4.1705503158		-1.0
	4590.00000000	2.80703  0.2  0.2		4.1705503158		-1.0
	4620.00000000	3.44028  0.2  0.2		4.1705503158		-1.0
	4650.00000000	2.78579  0.2  0.2		4.1705503158		-1.0
	4680.00000000	2.93643  0.2  0.2		4.1705503158		-1.0
	4710.00000000	3.0035  0.2  0.2		4.1705503158		-1.0
	4740.00000000	3.14601  0.2  0.2		4.1705503158		-1.0
	4770.00000000	2.94888  0.2  0.2		4.1705503158		-1.0
	4800.00000000	2.92271  0.2  0.2		4.1705503158		-1.0
	4830.00000000	2.91608  0.2  0.2		4.1705503158		-1.0
	4860.00000000	3.00047  0.2  0.2		4.1705503158		-1.0
	4890.00000000	3.22773  0.2  0.2		4.1705503158		-1.0
	4920.00000000	3.08581  0.2  0.2		4.1705503158		-1.0
	4950.00000000	2.81228  0.2  0.2		4.1705503158		-1.0
	4980.00000000	2.87133  0.2  0.2		4.1705503158		-1.0
	5010.00000000	2.97787  0.2  0.2		4.1705503158		-1.0
	5040.00000000	3.29551  0.2  0.2		4.1705503158		-1.0
	5070.00000000	2.82717  0.2  0.2		4.1705503158		-1.0
	5100.00000000	2.84996  0.2  0.2		4.1705503158		-1.0
	5130.00000000	2.76441  0.2  0.2		4.1705503158		-1.0
	5160.00000000	2.78549  0.2  0.2		4.1705503158		-1.0
	5190.00000000	2.91632  0.2  0.2		4.1705503158		-1.0
	5220.00000000	2.96314  0.2  0.2		4.1705503158		-1.0
	5250.00000000	2.84419  0.2  0.2		4.1705503158		-1.0
	5280.00000000	3.13761  0.2  0.2		4.1705503158		-1.0
	5310.00000000	2.79419  0.2  0.2		4.1705503158		-1.0
	5340.00000000	2.93798  0.2  0.2		4.1705503158		-1.0
	5370.00000000	3.2188  0.2  0.2		4.1705503158		-1.0
	5400.00000000	2.82918  0.2  0.2		4.1705503158		-1.0
	5430.00000000	3.37964  0.2  0.2		4.1705503158		-1.0
	5460.00000000	2.98333  0.2  0.2		4.1705503158		-1.0
	5490.00000000	3.16967  0.2  0.2		4.1705503158		-1.0
	5520.00000000	2.97806  0.2  0.2		4.1705503158		-1.0
	5550.00000000	2.96061  0.2  0.2		4.1705503158		-1.0
	5580.00000000	2.79834  0.2  0.2		4.1705503158		-1.0
	5610.00000000	2.76107  0.2  0.2		4.1705503158		-1.0
	5640.00000000	2.87485  0.2  0.2		4.1705503158		-1.0
	5670.00000000	2.8888  0.2  0.2		4.1705503158		-1.0
	5700.00000000	2.96586  0.2  0.2		4.1705503158		-1.0
	5730.00000000	2.89711  0.2  0.2		4.1705503158		-1.0
	5760.00000000	2.92025  0.2  0.2		4.1705503158		-1.0
	5790.00000000	2.88233  0.2  0.2		4.1705503158		-1.0
	5820.00000000	3.31  0.2  0.2		4.1705503158		-1.0
	5850.00000000	2.72309  0.2  0.2		4.1705503158		-1.0
	5880.00000000	2.82085  0.2  0.2		4.1705503158		-1.0
	5910.00000000	2.7515  0.2  0.2		4.1705503158		-1.0
	5940.00000000	2.8337  0.2  0.2		4.1705503158		-1.0
	5970.00000000	2.87723  0.2  0.2		4.1705503158		-1.0
	6000.00000000	2.89626  0.2  0.2		4.1705503158		-1.0
	6030.00000000	3.38331  0.2  0.2		4.1705503158		-1.0
	6060.00000000	2.99685  0.2  0.2		4.1705503158		-1.0
	6090.00000000	3.34589  0.2  0.2		4.1705503158		-1.0
	6120.00000000	3.31847  0.2  0.2		4.1705503158		-1.0
	6150.00000000	3.18967  0.2  0.2		4.1705503158		-1.0
	6180.00000000	3.23748  0.2  0.2		4.1705503158		-1.0
	6210.00000000	3.40781  0.2  0.2		4.1705503158		-1.0
	6240.00000000	2.85517  0.2  0.2		4.1705503158		-1.0
	6270.00000000	2.76772  0.2  0.2		4.1705503158		-1.0
	6300.00000000	2.78787  0.2  0.2		4.1705503158		-1.0
	6330.00000000	2.83583  0.2  0.2		4.1705503158		-1.0
	6360.00000000	3.43295  0.2  0.2		4.1705503158		-1.0
	6390.00000000	2.93542  0.2  0.2		4.1705503158		-1.0
	6420.00000000	2.97128  0.2  0.2		4.1705503158		-1.0
	6450.00000000	2.87223  0.2  0.2		4.1705503158		-1.0
	6480.00000000	2.85542  0.2  0.2		4.1705503158		-1.0
	6510.00000000	3.08364  0.2  0.2		4.1705503158		-1.0
	6540.00000000	2.73395  0.2  0.2		4.1705503158		-1.0
	6570.00000000	3.24698  0.2  0.2		4.1705503158		-1.0
	6600.00000000	2.66647  0.2  0.2		4.1705503158		-1.0
	6630.00000000	3.03132  0.2  0.2		4.1705503158		-1.0
	6660.00000000	3.22714  0.2  0.2		4.1705503158		-1.0
	6690.00000000	2.72764  0.2  0.2		4.1705503158		-1.0
	6720.00000000	3.14542  0.2  0.2		4.1705503158		-1.0
	6750.00000000	2.97498  0.2  0.2		4.1705503158		-1.0
	6780.00000000	2.716  0.2  0.2		4.1705503158		-1.0
	6810.00000000	3.21098  0.2  0.2		4.1705503158		-1.0
	6840.00000000	2.78876  0.2  0.2		4.1705503158		-1.0
	6870.00000000	3.07673  0.2  0.2		4.1705503158		-1.0
	6900.00000000	3.1046  0.2  0.2		4.1705503158		-1.0
	6930.00000000	2.82259  0.2  0.2		4.1705503158		-1.0
	6960.00000000	2.90179  0.2  0.2		4.1705503158		-1.0
	6990.00000000	2.96692  0.2  0.2		4.1705503158		-1.0
	7020.00000000	3.05697  0.2  0.2		4.1705503158		-1.0
	7050.00000000	3.26948  0.2  0.2		4.1705503158		-1.0
	7080.00000000	2.96664  0.2  0.2		4.1705503158		-1.0
	7110.00000000	2.82757  0.2  0.2		4.1705503158		-1.0
	7140.00000000	2.80742  0.2  0.2		4.1705503158		-1.0
	7170.00000000	3.2351  0.2  0.2		4.1705503158		-1.0
	7200.00000000	3.18564  0.2  0.2		4.1705503158		-1.0
	7230.00000000	3.10593  0.2  0.2		4.1705503158		-1.0
	7260.00000000	3.29195  0.2  0.2		4.1705503158		-1.0
	7290.00000000	3.1774  0.2  0.2		4.1705503158		-1.0
	7320.00000000	2.76258  0.2  0.2		4.1705503158		-1.0
	7350.00000000	2.81663  0.2  0.2		4.1705503158		-1.0
	7380.00000000	3.03737  0.2  0.2		4.1705503158		-1.0
	7410.00000000	3.25932  0.2  0.2		4.1705503158		-1.0
	7440.00000000	3.23373  0.2  0.2		4.1705503158		-1.0
	7470.00000000	3.47451  0.2  0.2		4.1705503158		-1.0
	7500.00000000	2.76806  0.2  0.2		4.1705503158		-1.0
	7530.00000000	3.06543  0.2  0.2		4.1705503158		-1.0
	7560.00000000	3.28831  0.2  0.2		4.1705503158		-1.0
	7590.00000000	2.71929  0.2  0.2		4.1705503158		-1.0
	7620.00000000	2.81644  0.2  0.2		4.1705503158		-1.0
	7650.00000000	2.90383  0.2  0.2		4.1705503158		-1.0
	7680.00000000	3.45606  0.2  0.2		4.1705503158		-1.0
	7710.00000000	2.78152  0.2  0.2		4.1705503158		-1.0
	7740.00000000	3.21479  0.2  0.2		4.1705503158		-1.0
	7770.00000000	3.05232  0.2  0.2		4.1705503158		-1.0
	7800.00000000	2.73095  0.2  0.2		4.1705503158		-1.0
	7830.00000000	2.77691  0.2  0.2		4.1705503158		-1.0
	7860.00000000	2.68111  0.2  0.2		4.1705503158		-1.0
	7890.00000000	2.66397  0.2  0.2		4.1705503158		-1.0
	7920.00000000	2.80226  0.2  0.2		4.1705503158		-1.0
	7950.00000000	2.83871  0.2  0.2		4.1705503158		-1.0
	7980.00000000	2.87024  0.2  0.2		4.1705503158		-1.0
	8010.00000000	3.3583  0.2  0.2		4.1705503158		-1.0
	8040.00000000	2.99695  0.2  0.2		4.1705503158		-1.0
	8070.00000000	2.81529  0.2  0.2		4.1705503158		-1.0
	8100.00000000	2.9009  0.2  0.2		4.1705503158		-1.0
	8130.00000000	3.39544  0.2  0.2		4.1705503158		-1.0
	8160.00000000	2.80859  0.2  0.2		4.1705503158		-1.0
	8190.00000000	2.93239  0.2  0.2		4.1705503158		-1.0
	8220.00000000	3.1602  0.2  0.2		4.1705503158		-1.0
	8250.00000000	3.02261  0.2  0.2		4.1705503158		-1.0
	8280.00000000	2.76595  0.2  0.2		4.1705503158		-1.0
	8310.00000000	2.74692  0.2  0.2		4.1705503158		-1.0
	8340.00000000	2.66579  0.2  0.2		4.1705503158		-1.0
	8370.00000000	2.69105  0.2  0.2		4.1705503158		-1.0
	8400.00000000	2.66885  0.2  0.2		4.1705503158		-1.0
	8430.00000000	3.47276  0.2  0.2		4.1705503158		-1.0
	8460.00000000	3.27398  0.2  0.2		4.1705503158		-1.0
	8490.00000000	3.06072  0.2  0.2		4.1705503158		-1.0
	8520.00000000	2.75309  0.2  0.2		4.1705503158		-1.0
	8550.00000000	2.68479  0.2  0.2		4.1705503158		-1.0
	8580.00000000	2.74878  0.2  0.2		4.1705503158		-1.0
	8610.00000000	3.3073  0.2  0.2		4.1705503158		-1.0
	8640.00000000	3.16252  0.2  0.2		4.1705503158		-1.0
	8670.00000000	3.32669  0.2  0.2		4.1705503158		-1.0
	8700.00000000	3.13332  0.2  0.2		4.1705503158		-1.0
	8730.00000000	3.25729  0.2  0.2		4.1705503158		-1.0
	8760.00000000	3.32253  0.2  0.2		4.1705503158		-1.0
	8790.00000000	3.24287  0.2  0.2		4.1705503158		-1.0
	8820.00000000	2.86185  0.2  0.2		4.1705503158		-1.0
	8850.00000000	2.95501  0.2  0.2		4.1705503158		-1.0
	8880.00000000	3.45783  0.2  0.2		4.1705503158		-1.0
	8910.00000000	2.97069  0.2  0.2		4.1705503158		-1.0
	8940.00000000	2.81594  0.2  0.2		4.1705503158		-1.0
	8970.00000000	3.32915  0.2  0.2		4.1705503158		-1.0
	9000.00000000	2.75126  0.2  0.2		4.1705503158		-1.0
	9030.00000000	3.36641  0.2  0.2		4.1705503158		-1.0
	9060.00000000	3.13704  0.2  0.2		4.1705503158		-1.0
	9090.00000000	3.25214  0.2  0.2		4.1705503158		-1.0
	9120.00000000	3.24082  0.2  0.2		4.1705503158		-1.0
	9150.00000000	3.19737  0.2  0.2		4.1705503158		-1.0
	9180.00000000	2.66139  0.2  0.2		4.1705503158		-1.0
	9210.00000000	3.52559  0.2  0.2		4.1705503158		-1.0
	9240.00000000	3.00944  0.2  0.2		4.1705503158		-1.0
	9270.00000000	2.71463  0.2  0.2		4.1705503158		-1.0
	9300.00000000	2.65997  0.2  0.2		4.1705503158		-1.0
	9330.00000000	3.39391  0.2  0.2		4.1705503158		-1.0
	9360.00000000	3.08589  0.2  0.2		4.1705503158		-1.0
	9390.00000000	3.29669  0.2  0.2		4.1705503158		-1.0
	9420.00000000	3.35098  0.2  0.2		4.1705503158		-1.0
	9450.00000000	3.30022  0.2  0.2		4.1705503158		-1.0
	9480.00000000	3.43422  0.2  0.2		4.1705503158		-1.0
	9510.00000000	3.20692  0.2  0.2		4.1705503158		-1.0
	9540.00000000	3.53897  0.2  0.2		4.1705503158		-1.0
	9570.00000000	3.11583  0.2  0.2		4.1705503158		-1.0
	9600.00000000	2.77358  0.2  0.2		4.1705503158		-1.0
	9630.00000000	2.78485  0.2  0.2		4.1705503158		-1.0
	9660.00000000	3.74925  0.2  0.2		4.1705503158		-1.0
	9690.00000000	3.05449  0.2  0.2		4.1705503158		-1.0
	9500.00000000	3.25292  0.2  0.2		4.1705503158		-1.0
	9530.00000000	3.52262  0.2  0.2		4.1705503158		-1.0
	9560.00000000	3.38205  0.2  0.2		4.1705503158		-1.0
	9590.00000000	2.62223  0.2  0.2		4.1705503158		-1.0
	9620.00000000	2.61586  0.2  0.2		4.1705503158		-1.0
	9650.00000000	3.38484  0.2  0.2		4.1705503158		-1.0
	9680.00000000	3.36734  0.2  0.2		4.1705503158		-1.0
	9710.00000000	2.65699  0.2  0.2		4.1705503158		-1.0
	9740.00000000	3.77071  0.2  0.2		4.1705503158		-1.0
	9770.00000000	3.03313  0.2  0.2		4.1705503158		-1.0
	9800.00000000	2.87482  0.2  0.2		4.1705503158		-1.0
	9830.00000000	3.32208  0.2  0.2		4.1705503158		-1.0
	9860.00000000	2.7471  0.2  0.2		4.1705503158		-1.0
	9890.00000000	2.82395  0.2  0.2		4.1705503158		-1.0
	9920.00000000	2.70047  0.2  0.2		4.1705503158		-1.0
	9950.00000000	2.70869  0.2  0.2		4.1705503158		-1.0
	9980.00000000	2.86587  0.2  0.2		4.1705503158		-1.0
	10010.00000000	3.41711  0.2  0.2		4.1705503158		-1.0
	10040.00000000	3.26043  0.2  0.2		4.1705503158		-1.0
	10070.00000000	3.02451  0.2  0.2		4.1705503158		-1.0
	10100.00000000	3.03982  0.2  0.2		4.1705503158		-1.0
	10130.00000000	3.55871  0.2  0.2		4.1705503158		-1.0
	10160.00000000	3.32685  0.2  0.2		4.1705503158		-1.0
	10190.00000000	3.24011  0.2  0.2		4.1705503158		-1.0
	10220.00000000	3.19686  0.2  0.2		4.1705503158		-1.0
	10250.00000000	3.65216  0.2  0.2		4.1705503158		-1.0
	10280.00000000	3.06287  0.2  0.2		4.1705503158		-1.0
	10310.00000000	3.61711  0.2  0.2		4.1705503158		-1.0
	10340.00000000	3.55912  0.2  0.2		4.1705503158		-1.0
	10370.00000000	2.78206  0.2  0.2		4.1705503158		-1.0
	10400.00000000	2.72073  0.2  0.2		4.1705503158		-1.0
	10430.00000000	2.84304  0.2  0.2		4.1705503158		-1.0
	10460.00000000	2.76191  0.2  0.2		4.1705503158		-1.0
	10490.00000000	2.75196  0.2  0.2		4.1705503158		-1.0
	10520.00000000	2.73375  0.2  0.2		4.1705503158		-1.0
	10550.00000000	2.87382  0.2  0.2		4.1705503158		-1.0
	10580.00000000	3.63037  0.2  0.2		4.1705503158		-1.0
	10610.00000000	3.05764  0.2  0.2		4.1705503158		-1.0
	10640.00000000	3.52751  0.2  0.2		4.1705503158		-1.0
	10670.00000000	2.61111  0.2  0.2		4.1705503158		-1.0
	10700.00000000	3.607  0.2  0.2		4.1705503158		-1.0
	10730.00000000	3.20569  0.2  0.2		4.1705503158		-1.0
	10760.00000000	3.42539  0.2  0.2		4.1705503158		-1.0
	10790.00000000	3.20412  0.2  0.2		4.1705503158		-1.0
	10820.00000001	3.4273  0.2  0.2		4.1705503158		-1.0
	10850.00000001	3.42243  0.2  0.2		4.1705503158		-1.0
	10880.00000001	3.3532  0.2  0.2		4.1705503158		-1.0
	10910.00000001	3.2934  0.2  0.2		4.1705503158		-1.0
	10940.00000001	3.01243  0.2  0.2		4.1705503158		-1.0
	10970.00000001	2.78713  0.2  0.2		4.1705503158		-1.0
	11000.00000001	2.84212  0.2  0.2		4.1705503158		-1.0
	11030.00000001	2.79397  0.2  0.2		4.1705503158		-1.0
	11060.00000001	2.64569  0.2  0.2		4.1705503158		-1.0
	11090.00000001	2.67551  0.2  0.2		4.1705503158		-1.0
	11120.00000001	2.65795  0.2  0.2		4.1705503158		-1.0
	11150.00000001	2.83355  0.2  0.2		4.1705503158		-1.0
	11180.00000001	2.78068  0.2  0.2		4.1705503158		-1.0
	11210.00000001	2.85588  0.2  0.2		4.1705503158		-1.0
	11240.00000001	2.72949  0.2  0.2		4.1705503158		-1.0
	11270.00000001	2.75359  0.2  0.2		4.1705503158		-1.0
	11300.00000001	2.89433  0.2  0.2		4.1705503158		-1.0
	11330.00000001	3.0006  0.2  0.2		4.1705503158		-1.0
	11360.00000001	3.13098  0.2  0.2		4.1705503158		-1.0
	11390.00000001	3.35716  0.2  0.2		4.1705503158		-1.0
	11420.00000001	3.18583  0.2  0.2		4.1705503158		-1.0
	11450.00000001	3.39256  0.2  0.2		4.1705503158		-1.0
	11480.00000001	3.16722  0.2  0.2		4.1705503158		-1.0
	11510.00000001	3.58866  0.2  0.2		4.1705503158		-1.0
	11540.00000001	3.0806  0.2  0.2		4.1705503158		-1.0
	11570.00000001	2.83081  0.2  0.2		4.1705503158		-1.0
	11600.00000001	3.58492  0.2  0.2		4.1705503158		-1.0
	11630.00000001	2.90324  0.2  0.2		4.1705503158		-1.0
	11660.00000001	2.8389  0.2  0.2		4.1705503158		-1.0
	11690.00000001	2.66018  0.2  0.2		4.1705503158		-1.0
	11720.00000001	2.78581  0.2  0.2		4.1705503158		-1.0
	11750.00000001	2.72595  0.2  0.2		4.1705503158		-1.0
	11780.00000001	2.72091  0.2  0.2		4.1705503158		-1.0
	11810.00000001	2.72995  0.2  0.2		4.1705503158		-1.0
	11840.00000001	2.578  0.2  0.2		4.1705503158		-1.0
	11870.00000001	3.2802  0.2  0.2		4.1705503158		-1.0
	11900.00000001	2.76369  0.2  0.2		4.1705503158		-1.0
	11930.00000001	2.66566  0.2  0.2		4.1705503158		-1.0
	11960.00000001	2.95112  0.2  0.2		4.1705503158		-1.0
	11990.00000001	3.37714  0.2  0.2		4.1705503158		-1.0
	12020.00000001	3.16958  0.2  0.2		4.1705503158		-1.0
	12050.00000001	2.65131  0.2  0.2		4.1705503158		-1.0
	12080.00000001	3.39781  0.2  0.2		4.1705503158		-1.0
	12110.00000001	2.91566  0.2  0.2		4.1705503158		-1.0
	12140.00000001	3.19694  0.2  0.2		4.1705503158		-1.0
	12170.00000001	3.02077  0.2  0.2		4.1705503158		-1.0
	12200.00000001	3.54548  0.2  0.2		4.1705503158		-1.0
	12230.00000001	3.01069  0.2  0.2		4.1705503158		-1.0
	12260.00000001	3.27137  0.2  0.2		4.1705503158		-1.0
	12290.00000001	3.08814  0.2  0.2		4.1705503158		-1.0
	12320.00000001	3.16496  0.2  0.2		4.1705503158		-1.0
	12350.00000001	3.59178  0.2  0.2		4.1705503158		-1.0
	12380.00000001	3.7163  0.2  0.2		4.1705503158		-1.0
	12410.00000001	3.17462  0.2  0.2		4.1705503158		-1.0
	12440.00000001	2.91714  0.2  0.2		4.1705503158		-1.0
	12470.00000001	2.79062  0.2  0.2		4.1705503158		-1.0
	12500.00000001	2.7438  0.2  0.2		4.1705503158		-1.0
	12530.00000001	2.6401  0.2  0.2		4.1705503158		-1.0
	12560.00000001	3.22968  0.2  0.2		4.1705503158		-1.0
	12590.00000001	3.18727  0.2  0.2		4.1705503158		-1.0
	12620.00000001	2.91383  0.2  0.2		4.1705503158		-1.0
	12650.00000001	2.99121  0.2  0.2		4.1705503158		-1.0
	12680.00000001	3.33541  0.2  0.2		4.1705503158		-1.0
	12710.00000001	3.5068  0.2  0.2		4.1705503158		-1.0
	12740.00000001	2.99028  0.2  0.2		4.1705503158		-1.0
	12770.00000001	3.53488  0.2  0.2		4.1705503158		-1.0
