	30.00000000	3.03311		1.11191  0.2  0.2		4.1705503158		-1.0
	60.00000000	2.99374		1.24735  0.2  0.2		4.1705503158		-1.0
	90.00000000	2.88529		1.3595  0.2  0.2		4.1705503158		-1.0
	120.00000000	2.82503		1.41929  0.2  0.2		4.1705503158		-1.0
	150.00000000	2.86227		1.40562  0.2  0.2		4.1705503158		-1.0
	180.00000000	2.98383		0.98349  0.2  0.2		4.1705503158		-1.0
	210.00000000	2.9494		0.80176  0.2  0.2		4.1705503158		-1.0
	240.00000000	2.86798		1.1436  0.2  0.2		4.1705503158		-1.0
	270.00000000	2.91919		1.52788  0.2  0.2		4.1705503158		-1.0
	300.00000000	2.87473		1.74298  0.2  0.2		4.1705503158		-1.0
	330.00000000	3.07622		1.78531  0.2  0.2		4.1705503158		-1.0
	360.00000000	3.02165		1.87752  0.2  0.2		4.1705503158		-1.0
	390.00000000	2.95892		1.92724  0.2  0.2		4.1705503158		-1.0
	420.00000000	2.94051		1.82973  0.2  0.2		4.1705503158		-1.0
	450.00000000	2.8541		1.79201  0.2  0.2		4.1705503158		-1.0
	480.00000000	2.83622		2.18917  0.2  0.2		4.1705503158		-1.0
	510.00000000	3.0804		2.38803  0.2  0.2		4.1705503158		-1.0
	540.00000000	3.13796		2.43574  0.2  0.2		4.1705503158		-1.0
	570.00000000	3.07659		2.2143  0.2  0.2		4.1705503158		-1.0
	600.00000000	2.84068		2.02197  0.2  0.2		4.1705503158		-1.0
	630.00000000	3.27003		2.02728  0.2  0.2		4.1705503158		-1.0
	660.00000000	2.83974		2.19999  0.2  0.2		4.1705503158		-1.0
	690.00000000	2.91786		2.18993  0.2  0.2		4.1705503158		-1.0
	720.00000000	3.06386		2.06186  0.2  0.2		4.1705503158		-1.0
	750.00000000	3.05378		1.96647  0.2  0.2		4.1705503158		-1.0
	780.00000000	2.78049		1.93791  0.2  0.2		4.1705503158		-1.0
	810.00000000	3.27145		1.95156  0.2  0.2		4.1705503158		-1.0
	840.00000000	2.9102		1.70668  0.2  0.2		4.1705503158		-1.0
	870.00000000	3.1268		1.55083  0.2  0.2		4.1705503158		-1.0
	900.00000000	2.99911		1.46556  0.2  0.2		4.1705503158		-1.0
	930.00000000	3.17707		1.60144  0.2  0.2		4.1705503158		-1.0
	960.00000000	3.07869		1.70485  0.2  0.2		4.1705503158		-1.0
	990.00000000	2.75724		1.65595  0.2  0.2		4.1705503158		-1.0
	1020.00000000	3.17304		1.28203  0.2  0.2		4.1705503158		-1.0
	1050.00000000	2.95482		0.6587  0.2  0.2		4.1705503158		-1.0
	1080.00000000	2.90985		0.18924  0.2  0.2		4.1705503158		-1.0
	1110.00000000	2.7732		0.1825  0.2  0.2		4.1705503158		-1.0
	1140.00000000	2.85236		0.55543  0.2  0.2		4.1705503158		-1.0
	1170.00000000	2.8692		0.93776  0.2  0.2		4.1705503158		-1.0
	1200.00000000	2.95054		0.97133  0.2  0.2		4.1705503158		-1.0
	1230.00000000	2.91593		0.95027  0.2  0.2		4.1705503158		-1.0
	1260.00000000	3.0683		0.55664  0.2  0.2		4.1705503158		-1.0
	1290.00000000	3.00637		0.32162  0.2  0.2		4.1705503158		-1.0
	1320.00000000	2.8551		0.16527  0.2  0.2		4.1705503158		-1.0
	1350.00000000	2.96042		0.46082  0.2  0.2		4.1705503158		-1.0
	1380.00000000	2.67843		0.85149  0.2  0.2		4.1705503158		-1.0
	1410.00000000	2.71585		1.08586  0.2  0.2		4.1705503158		-1.0
	1440.00000000	3.13208		1.08047  0.2  0.2		4.1705503158		-1.0
	1470.00000000	2.95954		0.95854  0.2  0.2		4.1705503158		-1.0
	1500.00000000	2.78496		1.11731  0.2  0.2		4.1705503158		-1.0
	1530.00000000	2.8721		1.22298  0.2  0.2		4.1705503158		-1.0
	1560.00000000	2.92522		1.18389  0.2  0.2		4.1705503158		-1.0
	1590.00000000	3.21323		1.15303  0.2  0.2		4.1705503158		-1.0
	1620.00000000	2.73064		1.3061  0.2  0.2		4.1705503158		-1.0
	1650.00000000	2.67098		1.25866  0.2  0.2		4.1705503158		-1.0
	1680.00000000	2.80566		1.0743  0.2  0.2		4.1705503158		-1.0
	1710.00000000	2.97155		0.5139  0.2  0.2		4.1705503158		-1.0
	1740.00000000	3.05039		-0.15173  0.2  0.2		4.1705503158		-1.0
	1770.00000000	2.9468		-0.7134  0.2  0.2		4.1705503158		-1.0
	1800.00000000	2.91514		-0.90326  0.2  0.2		4.1705503158		-1.0
	1830.00000000	2.89419		-0.88719  0.2  0.2		4.1705503158		-1.0
	1860.00000000	2.99504		-1.22648  0.2  0.2		4.1705503158		-1.0
	1890.00000000	2.89069		-1.56372  0.2  0.2		4.1705503158		-1.0
	1920.00000000	2.95301		-1.27862  0.2  0.2		4.1705503158		-1.0
	1950.00000000	2.82142		-0.96767  0.2  0.2		4.1705503158		-1.0
	1980.00000000	2.95693		-1.09795  0.2  0.2		4.1705503158		-1.0
	2010.00000000	2.91617		-1.43124  0.2  0.2		4.1705503158		-1.0
	2040.00000000	2.92013		-1.66408  0.2  0.2		4.1705503158		-1.0
	2070.00000000	2.86634		-1.52793  0.2  0.2		4.1705503158		-1.0
	2100.00000000	3.03986		-1.49785  0.2  0.2		4.1705503158		-1.0
	2130.00000000	3.0736		-1.27472  0.2  0.2		4.1705503158		-1.0
	2160.00000000	3.01372		-1.01551  0.2  0.2		4.1705503158		-1.0
	2190.00000000	2.92336		-0.85535  0.2  0.2		4.1705503158		-1.0
	2220.00000000	3.02927		-0.8046  0.2  0.2		4.1705503158		-1.0
	2250.00000000	3.14024		-0.74385  0.2  0.2		4.1705503158		-1.0
	2280.00000000	3.00005		-0.57299  0.2  0.2		4.1705503158		-1.0
	2310.00000000	2.95044		-0.21521  0.2  0.2		4.1705503158		-1.0
	2340.00000000	2.82822		-0.12939  0.2  0.2		4.1705503158		-1.0
	2370.00000000	3.21129		-0.32073  0.2  0.2		4.1705503158		-1.0
	2400.00000000	2.97455		-0.69197  0.2  0.2		4.1705503158		-1.0
	2430.00000000	2.86641		-0.72537  0.2  0.2		4.1705503158		-1.0
	2460.00000000	2.94357		-0.37481  0.2  0.2		4.1705503158		-1.0
	2490.00000000	3.1614		0.02798  0.2  0.2		4.1705503158		-1.0
	2520.00000000	2.90663		-0.02312  0.2  0.2		4.1705503158		-1.0
	2550.00000000	2.78147		-0.47234  0.2  0.2		4.1705503158		-1.0
	2580.00000000	3.01193		-0.57392  0.2  0.2		4.1705503158		-1.0
	2610.00000000	3.0124		-0.13321  0.2  0.2		4.1705503158		-1.0
	2640.00000000	2.94993		0.38013  0.2  0.2		4.1705503158		-1.0
	2670.00000000	2.7916		0.58968  0.2  0.2		4.1705503158		-1.0
	2700.00000000	3.08161		0.52684  0.2  0.2		4.1705503158		-1.0
	2730.00000000	2.96555		0.14623  0.2  0.2		4.1705503158		-1.0
	2760.00000000	2.78979		-0.25646  0.2  0.2		4.1705503158		-1.0
	2790.00000000	2.75448		-0.60328  0.2  0.2		4.1705503158		-1.0
	2820.00000000	2.87535		-0.90956  0.2  0.2		4.1705503158		-1.0
	2850.00000000	2.98647		-1.61738  0.2  0.2		4.1705503158		-1.0
	2880.00000000	2.94929		-1.70618  0.2  0.2		4.1705503158		-1.0
	2910.00000000	3.05098		-1.39221  0.2  0.2		4.1705503158		-1.0
	2940.00000000	2.95128		-1.39736  0.2  0.2		4.1705503158		-1.0
	2970.00000000	2.94517		-1.73158  0.2  0.2		4.1705503158		-1.0
	3000.00000000	3.10592		-2.09062  0.2  0.2		4.1705503158		-1.0
	3030.00000000	3.14285		-2.06302  0.2  0.2		4.1705503158		-1.0
	3060.00000000	2.95727		-1.89736  0.2  0.2		4.1705503158		-1.0
	3090.00000000	2.87342		-1.80409  0.2  0.2		4.1705503158		-1.0
	3120.00000000	3.17377		-1.70417  0.2  0.2		4.1705503158		-1.0
	3150.00000000	2.74445		-1.75989  0.2  0.2		4.1705503158		-1.0
	3180.00000000	3.22366		-1.38636  0.2  0.2		4.1705503158		-1.0
	3210.00000000	3.05726		-1.03185  0.2  0.2		4.1705503158		-1.0
	3240.00000000	2.70451		-1.16999  0.2  0.2		4.1705503158		-1.0
	3270.00000000	2.74181		-1.47614  0.2  0.2		4.1705503158		-1.0
	3300.00000000	2.78195		-1.14344  0.2  0.2		4.1705503158		-1.0
	3330.00000000	3.30276		-1.07812  0.2  0.2		4.1705503158		-1.0
	3360.00000000	3.09466		-1.28584  0.2  0.2		4.1705503158		-1.0
	3390.00000000	3.18727		-1.41166  0.2  0.2		4.1705503158		-1.0
	3420.00000000	2.72381		-1.19505  0.2  0.2		4.1705503158		-1.0
	3450.00000000	2.66858		-0.93965  0.2  0.2		4.1705503158		-1.0
	3480.00000000	2.76496		-0.77234  0.2  0.2		4.1705503158		-1.0
	3510.00000000	3.15458		-0.48546  0.2  0.2		4.1705503158		-1.0
	3540.00000000	2.96732		-0.35445  0.2  0.2		4.1705503158		-1.0
	3570.00000000	2.82804		-0.34534  0.2  0.2		4.1705503158		-1.0
	3600.00000000	2.88835		-0.58558  0.2  0.2		4.1705503158		-1.0
	3630.00000000	2.82852		-0.86322  0.2  0.2		4.1705503158		-1.0
	3660.00000000	2.86233		-1.07911  0.2  0.2		4.1705503158		-1.0
	3690.00000000	3.17648		-1.10682  0.2  0.2		4.1705503158		-1.0
	3720.00000000	2.79665		-1.13944  0.2  0.2		4.1705503158		-1.0
	3750.00000000	2.76809		-1.47059  0.2  0.2		4.1705503158		-1.0
	3780.00000000	2.89186		-1.74849  0.2  0.2		4.1705503158		-1.0
	3810.00000000	3.04131		-2.00596  0.2  0.2		4.1705503158		-1.0
	3840.00000000	2.72527		-2.19448  0.2  0.2		4.1705503158		-1.0
	3870.00000000	2.77383		-2.16157  0.2  0.2		4.1705503158		-1.0
	3900.00000000	2.82465		-2.26232  0.2  0.2		4.1705503158		-1.0
	3930.00000000	3.06877		-2.39822  0.2  0.2		4.1705503158		-1.0
	3960.00000000	3.03473		-2.62576  0.2  0.2		4.1705503158		-1.0
	3990.00000000	2.99343		-2.67634  0.2  0.2		4.1705503158		-1.0
	4020.00000000	3.02905		-2.83845  0.2  0.2		4.1705503158		-1.0
	4050.00000000	3.01334		-3.11829  0.2  0.2		4.1705503158		-1.0
	4080.00000000	2.82014		-2.98773  0.2  0.2		4.1705503158		-1.0
	4110.00000000	2.7022		-2.92373  0.2  0.2		4.1705503158		-1.0
	4140.00000000	2.845		-2.96764  0.2  0.2		4.1705503158		-1.0
	4170.00000000	3.22667		3.11107  0.2  0.2		4.1705503158		-1.0
	4200.00000000	3.22513		2.82991  0.2  0.2		4.1705503158		-1.0
	4230.00000000	3.01041		2.45522  0.2  0.2		4.1705503158		-1.0
	4260.00000000	3.08263		2.60222  0.2  0.2		4.1705503158		-1.0
	4290.00000000	3.01366		2.87951  0.2  0.2		4.1705503158		-1.0
	4320.00000000	2.94669		2.96395  0.2  0.2		4.1705503158		-1.0
	4350.00000000	2.90865		-3.12467  0.2  0.2		4.1705503158		-1.0
	4380.00000000	2.72147		-2.67464  0.2  0.2		4.1705503158		-1.0
	4410.00000000	2.83901		-2.40354  0.2  0.2		4.1705503158		-1.0
	4440.00000000	3.02353		-2.45929  0.2  0.2		4.1705503158		-1.0
	4470.00000000	3.00881		-2.44777  0.2  0.2		4.1705503158		-1.0
	4500.00000000	2.96793		-2.47532  0.2  0.2		4.1705503158		-1.0
	4530.00000000	2.86313		-2.66478  0.2  0.2		4.1705503158		-1.0
	4560.00000000	3.11855		-2.92539  0.2  0.2		4.1705503158		-1.0
	4590.00000000	3.01384		3.08075  0.2  0.2		4.1705503158		-1.0
	4620.00000000	2.79158		2.98886  0.2  0.2		4.1705503158		-1.0
	4650.00000000	2.73254		3.06304  0.2  0.2		4.1705503158		-1.0
	4680.00000000	3.14581		3.10481  0.2  0.2		4.1705503158		-1.0
	4710.00000000	3.14424		2.92828  0.2  0.2		4.1705503158		-1.0
	4740.00000000	2.6646		2.93405  0.2  0.2		4.1705503158		-1.0
	4770.00000000	3.20554		2.83183  0.2  0.2		4.1705503158		-1.0
	4800.00000000	3.16888		2.67925  0.2  0.2		4.1705503158		-1.0
	4830.00000000	2.84881		2.52892  0.2  0.2		4.1705503158		-1.0
	4860.00000000	2.67097		2.64544  0.2  0.2		4.1705503158		-1.0
	4890.00000000	2.87146		2.69655  0.2  0.2		4.1705503158		-1.0
	4920.00000000	3.31445		2.78131  0.2  0.2		4.1705503158		-1.0
	4950.00000000	2.96427		2.90231  0.2  0.2		4.1705503158		-1.0
	4980.00000000	2.71814		3.09071  0.2  0.2		4.1705503158		-1.0
	5010.00000000	2.74304		-2.79019  0.2  0.2		4.1705503158		-1.0
	5040.00000000	2.95788		-2.3564  0.2  0.2		4.1705503158		-1.0
	5070.00000000	3.06831		-2.34953  0.2  0.2		4.1705503158		-1.0
	5100.00000000	2.65501		-2.49288  0.2  0.2		4.1705503158		-1.0
	5130.00000000	3.15939		-2.90045  0.2  0.2		4.1705503158		-1.0
	5160.00000000	2.90848		-2.99599  0.2  0.2		4.1705503158		-1.0
	5190.00000000	2.93876		-2.83184  0.2  0.2		4.1705503158		-1.0
	5220.00000000	2.94881		-2.62593  0.2  0.2		4.1705503158		-1.0
	5250.00000000	3.12205		-2.67458  0.2  0.2		4.1705503158		-1.0
	5280.00000000	3.20867		-2.4446  0.2  0.2		4.1705503158		-1.0
	5310.00000000	2.71651		-2.22678  0.2  0.2		4.1705503158		-1.0
	5340.00000000	2.80392		-1.96004  0.2  0.2		4.1705503158		-1.0
	5370.00000000	3.0451		-2.01643  0.2  0.2		4.1705503158		-1.0
	5400.00000000	2.84098		-2.05657  0.2  0.2		4.1705503158		-1.0
	5430.00000000	3.33408		-2.04704  0.2  0.2		4.1705503158		-1.0
	5460.00000000	3.25884		-1.90094  0.2  0.2		4.1705503158		-1.0
	5490.00000000	2.76591		-2.05358  0.2  0.2		4.1705503158		-1.0
	5520.00000000	2.82343		-2.03095  0.2  0.2		4.1705503158		-1.0
	5550.00000000	2.88569		-1.68048  0.2  0.2		4.1705503158		-1.0
	5580.00000000	3.4851		-1.51607  0.2  0.2		4.1705503158		-1.0
	5610.00000000	2.68678		-2.01112  0.2  0.2		4.1705503158		-1.0
	5640.00000000	3.32096		-2.20213  0.2  0.2		4.1705503158		-1.0
	5670.00000000	3.32021		-2.00626  0.2  0.2		4.1705503158		-1.0
	5700.00000000	3.00984		-1.69026  0.2  0.2		4.1705503158		-1.0
	5730.00000000	3.30416		-1.60943  0.2  0.2		4.1705503158		-1.0
	5760.00000000	2.64023		-1.33151  0.2  0.2		4.1705503158		-1.0
	5790.00000000	3.2709		-1.60519  0.2  0.2		4.1705503158		-1.0
	5820.00000000	3.30211		-1.74788  0.2  0.2		4.1705503158		-1.0
	5850.00000000	3.09153		-1.60591  0.2  0.2		4.1705503158		-1.0
	5880.00000000	2.8285		-1.30412  0.2  0.2		4.1705503158		-1.0
	5910.00000000	2.72944		-1.03669  0.2  0.2		4.1705503158		-1.0
	5940.00000000	2.72628		-0.82843  0.2  0.2		4.1705503158		-1.0
	5970.00000000	2.92124		-0.51743  0.2  0.2		4.1705503158		-1.0
	6000.00000000	3.30309		-0.4557  0.2  0.2		4.1705503158		-1.0
	6030.00000000	3.03406		-0.37718  0.2  0.2		4.1705503158		-1.0
	6060.00000000	3.35175		-0.52167  0.2  0.2		4.1705503158		-1.0
	6090.00000000	3.22926		-0.75617  0.2  0.2		4.1705503158		-1.0
	6120.00000000	3.14226		-1.01781  0.2  0.2		4.1705503158		-1.0
	6150.00000000	3.20195		-0.97571  0.2  0.2		4.1705503158		-1.0
	6180.00000000	3.30225		-1.20798  0.2  0.2		4.1705503158		-1.0
	6210.00000000	3.22		-1.12688  0.2  0.2		4.1705503158		-1.0
	6240.00000000	2.58122		-0.99889  0.2  0.2		4.1705503158		-1.0
	6270.00000000	2.7039		-0.81994  0.2  0.2		4.1705503158		-1.0
	6300.00000000	2.78024		-0.47399  0.2  0.2		4.1705503158		-1.0
	6330.00000000	2.90559		0.09516  0.2  0.2		4.1705503158		-1.0
	6360.00000000	3.17328		0.81866  0.2  0.2		4.1705503158		-1.0
	6390.00000000	3.46917		1.01872  0.2  0.2		4.1705503158		-1.0
	6420.00000000	2.73474		0.73391  0.2  0.2		4.1705503158		-1.0
	6450.00000000	3.26207		0.43097  0.2  0.2		4.1705503158		-1.0
	6480.00000000	3.19072		0.78751  0.2  0.2		4.1705503158		-1.0
	6510.00000000	3.08578		1.07541  0.2  0.2		4.1705503158		-1.0
	6540.00000000	3.21276		1.09298  0.2  0.2		4.1705503158		-1.0
	6570.00000000	2.95926		0.80535  0.2  0.2		4.1705503158		-1.0
	6600.00000000	3.23456		0.44664  0.2  0.2		4.1705503158		-1.0
	6630.00000000	3.09838		0.16743  0.2  0.2		4.1705503158		-1.0
	6660.00000000	2.7772		-0.12631  0.2  0.2		4.1705503158		-1.0
	6690.00000000	3.2523		-0.20634  0.2  0.2		4.1705503158		-1.0
	6720.00000000	2.79308		0.20762  0.2  0.2		4.1705503158		-1.0
	6750.00000000	3.12348		0.73715  0.2  0.2		4.1705503158		-1.0
	6780.00000000	3.39836		0.92595  0.2  0.2		4.1705503158		-1.0
	6810.00000000	2.79697		0.62642  0.2  0.2		4.1705503158		-1.0
	6840.00000000	3.34725		0.23494  0.2  0.2		4.1705503158		-1.0
	6870.00000000	3.18322		0.17057  0.2  0.2		4.1705503158		-1.0
	6900.00000000	2.98543		0.22395  0.2  0.2		4.1705503158		-1.0
	6930.00000000	2.65238		0.42285  0.2  0.2		4.1705503158		-1.0
	6960.00000000	3.28273		0.5067  0.2  0.2		4.1705503158		-1.0
	6990.00000000	3.19567		0.33667  0.2  0.2		4.1705503158		-1.0
	7020.00000000	2.95976		0.02315  0.2  0.2		4.1705503158		-1.0
	7050.00000000	2.75332		-0.46016  0.2  0.2		4.1705503158		-1.0
	7080.00000000	2.9354		-0.28625  0.2  0.2		4.1705503158		-1.0
	7110.00000000	3.00034		0.14528  0.2  0.2		4.1705503158		-1.0
	7140.00000000	2.75914		0.29373  0.2  0.2		4.1705503158		-1.0
	7170.00000000	2.73375		0.67456  0.2  0.2		4.1705503158		-1.0
	7200.00000000	2.70915		1.058  0.2  0.2		4.1705503158		-1.0
	7230.00000000	2.78204		1.23932  0.2  0.2		4.1705503158		-1.0
	7260.00000000	3.19427		1.51435  0.2  0.2		4.1705503158		-1.0
	7290.00000000	3.00119		1.44581  0.2  0.2		4.1705503158		-1.0
	7320.00000000	2.99249		1.371  0.2  0.2		4.1705503158		-1.0
	7350.00000000	3.32797		1.5387  0.2  0.2		4.1705503158		-1.0
	7380.00000000	2.86844		1.49771  0.2  0.2		4.1705503158		-1.0
	7410.00000000	2.779		1.55474  0.2  0.2		4.1705503158		-1.0
	7440.00000000	2.76669		1.80641  0.2  0.2		4.1705503158		-1.0
	7470.00000000	2.76422		1.97962  0.2  0.2		4.1705503158		-1.0
	7500.00000000	2.7794		1.92233  0.2  0.2		4.1705503158		-1.0
	7530.00000000	2.91428		2.06285  0.2  0.2		4.1705503158		-1.0
	7560.00000000	2.83451		2.22047  0.2  0.2		4.1705503158		-1.0
	7590.00000000	2.87295		2.46349  0.2  0.2		4.1705503158		-1.0
	7620.00000000	2.78921		2.61788  0.2  0.2		4.1705503158		-1.0
	7650.00000000	2.87425		2.47043  0.2  0.2		4.1705503158		-1.0
	7680.00000000	3.23217		2.20301  0.2  0.2		4.1705503158		-1.0
	7710.00000000	2.93757		2.10316  0.2  0.2		4.1705503158		-1.0
	7740.00000000	2.70934		2.08606  0.2  0.2		4.1705503158		-1.0
	7770.00000000	2.80293		2.23709  0.2  0.2		4.1705503158		-1.0
	7800.00000000	2.81548		2.61399  0.2  0.2		4.1705503158		-1.0
	7830.00000000	2.7577		2.68971  0.2  0.2		4.1705503158		-1.0
	7860.00000000	3.25014		2.52985  0.2  0.2		4.1705503158		-1.0
	7890.00000000	3.15796		2.25198  0.2  0.2		4.1705503158		-1.0
	7920.00000000	3.21687		2.32914  0.2  0.2		4.1705503158		-1.0
	7950.00000000	2.73113		2.3891  0.2  0.2		4.1705503158		-1.0
	7980.00000000	3.40834		2.44144  0.2  0.2		4.1705503158		-1.0
	8010.00000000	3.31019		2.29359  0.2  0.2		4.1705503158		-1.0
	8040.00000000	3.26182		2.08896  0.2  0.2		4.1705503158		-1.0
	8070.00000000	3.60109		2.03919  0.2  0.2		4.1705503158		-1.0
	8100.00000000	3.07319		2.183  0.2  0.2		4.1705503158		-1.0
	8130.00000000	3.58999		2.14291  0.2  0.2		4.1705503158		-1.0
	8160.00000000	3.09317		1.8135  0.2  0.2		4.1705503158		-1.0
	8190.00000000	3.39116		1.375  0.2  0.2		4.1705503158		-1.0
	8220.00000000	3.45675		1.36755  0.2  0.2		4.1705503158		-1.0
	8250.00000000	3.18855		1.77136  0.2  0.2		4.1705503158		-1.0
	8280.00000000	3.20778		2.06  0.2  0.2		4.1705503158		-1.0
	8310.00000000	2.74083		2.26997  0.2  0.2		4.1705503158		-1.0
	8340.00000000	3.02136		2.30136  0.2  0.2		4.1705503158		-1.0
	8370.00000000	3.04422		2.3457  0.2  0.2		4.1705503158		-1.0
	8400.00000000	2.61813		2.08123  0.2  0.2		4.1705503158		-1.0
	8430.00000000	3.59215		1.65937  0.2  0.2		4.1705503158		-1.0
	8460.00000000	2.9333		1.46128  0.2  0.2		4.1705503158		-1.0
	8490.00000000	2.79869		1.62457  0.2  0.2		4.1705503158		-1.0
	8520.00000000	2.67584		1.7208  0.2  0.2		4.1705503158		-1.0
	8550.00000000	3.44157		1.45772  0.2  0.2		4.1705503158		-1.0
	8580.00000000	3.1319		1.459  0.2  0.2		4.1705503158		-1.0
	8610.00000000	3.42562		1.60778  0.2  0.2		4.1705503158		-1.0
	8640.00000000	3.2532		1.47209  0.2  0.2		4.1705503158		-1.0
	8670.00000000	3.17391		1.45026  0.2  0.2		4.1705503158		-1.0
	8700.00000000	3.25011		1.43385  0.2  0.2		4.1705503158		-1.0
	8730.00000000	3.45035		1.20342  0.2  0.2		4.1705503158		-1.0
	8760.00000000	3.27341		0.9882  0.2  0.2		4.1705503158		-1.0
	8790.00000000	3.0896		1.01337  0.2  0.2		4.1705503158		-1.0
	8820.00000000	2.74808		1.35851  0.2  0.2		4.1705503158		-1.0
	8850.00000000	3.31949		1.59938  0.2  0.2		4.1705503158		-1.0
	8880.00000000	3.45338		1.86842  0.2  0.2		4.1705503158		-1.0
	8910.00000000	3.0808		1.76065  0.2  0.2		4.1705503158		-1.0
	8940.00000000	3.69769		1.4355  0.2  0.2		4.1705503158		-1.0
	8970.00000000	3.07363		1.46366  0.2  0.2		4.1705503158		-1.0
	9000.00000000	2.88538		1.57898  0.2  0.2		4.1705503158		-1.0
	9030.00000000	2.93236		1.70599  0.2  0.2		4.1705503158		-1.0
	9000.00000000	2.88538		1.57898  0.2  0.2		4.1705503158		-1.0
	9030.00000000	2.93023		1.70525  0.2  0.2		4.1705503158		-1.0
	9060.00000000	2.81123		1.63596  0.2  0.2		4.1705503158		-1.0
	9090.00000000	2.73369		1.23112  0.2  0.2		4.1705503158		-1.0
	9120.00000000	2.69148		1.0866  0.2  0.2		4.1705503158		-1.0
	9150.00000000	2.68782		0.65026  0.2  0.2		4.1705503158		-1.0
	9180.00000000	2.66889		0.74079  0.2  0.2		4.1705503158		-1.0
	9210.00000000	2.98518		0.81206  0.2  0.2		4.1705503158		-1.0
	9240.00000000	2.89145		0.64  0.2  0.2		4.1705503158		-1.0
	9270.00000000	3.44372		0.68017  0.2  0.2		4.1705503158		-1.0
	9300.00000000	2.60929		0.99231  0.2  0.2		4.1705503158		-1.0
	9330.00000000	2.69328		0.78693  0.2  0.2		4.1705503158		-1.0
	9360.00000000	3.09774		0.72732  0.2  0.2		4.1705503158		-1.0
	9390.00000000	3.30315		0.86962  0.2  0.2		4.1705503158		-1.0
	9420.00000000	3.42111		0.86655  0.2  0.2		4.1705503158		-1.0
	9450.00000000	2.88735		0.71927  0.2  0.2		4.1705503158		-1.0
	9480.00000000	2.741		0.36338  0.2  0.2		4.1705503158		-1.0
	9510.00000000	3.27613		0.34775  0.2  0.2		4.1705503158		-1.0
	9540.00000000	3.18939		0.46958  0.2  0.2		4.1705503158		-1.0
	9570.00000000	2.62469		0.30394  0.2  0.2		4.1705503158		-1.0
	9600.00000000	3.26727		0.15137  0.2  0.2		4.1705503158		-1.0
	9630.00000000	2.97894		-0.08645  0.2  0.2		4.1705503158		-1.0
	9660.00000000	2.8833		-0.07281  0.2  0.2		4.1705503158		-1.0
	9690.00000000	2.85772		-0.1907  0.2  0.2		4.1705503158		-1.0
	9720.00000000	3.39832		-0.0303  0.2  0.2		4.1705503158		-1.0
	9750.00000000	3.27624		0.09282  0.2  0.2		4.1705503158		-1.0
	9780.00000000	3.23832		0.05147  0.2  0.2		4.1705503158		-1.0
	9810.00000000	3.02832		-0.32626  0.2  0.2		4.1705503158		-1.0
	9840.00000000	2.72138		-0.63424  0.2  0.2		4.1705503158		-1.0
	9870.00000000	3.34337		-0.70833  0.2  0.2		4.1705503158		-1.0
	9900.00000000	3.0474		-0.73746  0.2  0.2		4.1705503158		-1.0
	9930.00000000	3.32979		-0.71192  0.2  0.2		4.1705503158		-1.0
	9960.00000000	3.39023		-0.3016  0.2  0.2		4.1705503158		-1.0
	9990.00000000	3.03188		-0.00059  0.2  0.2		4.1705503158		-1.0
	10020.00000000	3.13736		-0.03575  0.2  0.2		4.1705503158		-1.0
	10050.00000000	3.24415		0.22389  0.2  0.2		4.1705503158		-1.0
	10080.00000000	3.635		0.76962  0.2  0.2		4.1705503158		-1.0
	10110.00000000	2.92079		0.97388  0.2  0.2		4.1705503158		-1.0
	10140.00000000	2.81926		0.51256  0.2  0.2		4.1705503158		-1.0
	10170.00000000	2.60312		0.00827  0.2  0.2		4.1705503158		-1.0
	10200.00000000	2.72307		-0.07008  0.2  0.2		4.1705503158		-1.0
	10230.00000000	2.73689		0.14891  0.2  0.2		4.1705503158		-1.0
	10260.00000000	2.78719		0.30713  0.2  0.2		4.1705503158		-1.0
	10290.00000000	2.72403		0.34885  0.2  0.2		4.1705503158		-1.0
	10320.00000000	3.4139		0.63984  0.2  0.2		4.1705503158		-1.0
	10350.00000000	3.25215		0.68271  0.2  0.2		4.1705503158		-1.0
	10380.00000000	2.59074		0.48174  0.2  0.2		4.1705503158		-1.0
	10410.00000000	3.85337		0.46492  0.2  0.2		4.1705503158		-1.0
	10440.00000000	2.86909		0.80581  0.2  0.2		4.1705503158		-1.0
	10470.00000000	2.862		1.09195  0.2  0.2		4.1705503158		-1.0
	10500.00000000	2.67906		1.16698  0.2  0.2		4.1705503158		-1.0
	10530.00000000	2.75978		1.00171  0.2  0.2		4.1705503158		-1.0
	10560.00000000	2.9425		0.93926  0.2  0.2		4.1705503158		-1.0
	10590.00000000	3.65736		0.71676  0.2  0.2		4.1705503158		-1.0
	10620.00000000	3.11613		0.62337  0.2  0.2		4.1705503158		-1.0
	10650.00000000	3.58817		0.74056  0.2  0.2		4.1705503158		-1.0
	10680.00000000	3.17544		1.10973  0.2  0.2		4.1705503158		-1.0
	10710.00000000	3.14166		1.3617  0.2  0.2		4.1705503158		-1.0
	10740.00000000	3.63028		1.1267  0.2  0.2		4.1705503158		-1.0
	10770.00000000	3.30018		0.81644  0.2  0.2		4.1705503158		-1.0
	10800.00000000	3.50109		0.51517  0.2  0.2		4.1705503158		-1.0
	10830.00000001	3.5009		0.00714  0.2  0.2		4.1705503158		-1.0
	10860.00000001	3.21043		-0.49289  0.2  0.2		4.1705503158		-1.0
	10890.00000001	3.4554		-0.6372  0.2  0.2		4.1705503158		-1.0
	10920.00000001	3.29925		-1.17447  0.2  0.2		4.1705503158		-1.0
	10950.00000001	3.25581		-1.40797  0.2  0.2		4.1705503158		-1.0
	10980.00000001	2.81284		-1.37216  0.2  0.2		4.1705503158		-1.0
	11010.00000001	3.30622		-1.19854  0.2  0.2		4.1705503158		-1.0
	11040.00000001	3.31947		-0.93845  0.2  0.2		4.1705503158		-1.0
	11070.00000001	3.59259		-0.95175  0.2  0.2		4.1705503158		-1.0
	11100.00000001	3.44165		-1.09266  0.2  0.2		4.1705503158		-1.0
	11130.00000001	2.90546		-1.28533  0.2  0.2		4.1705503158		-1.0
	11160.00000001	2.96319		-1.18765  0.2  0.2		4.1705503158		-1.0
	11190.00000001	3.04852		-0.98188  0.2  0.2		4.1705503158		-1.0
	11220.00000001	3.47787		-0.72727  0.2  0.2		4.1705503158		-1.0
	11250.00000001	3.10712		-0.84941  0.2  0.2		4.1705503158		-1.0
	11280.00000001	3.35436		-0.84774  0.2  0.2		4.1705503158		-1.0
	11310.00000001	2.63502		-0.61027  0.2  0.2		4.1705503158		-1.0
	11340.00000001	2.71635		-0.38002  0.2  0.2		4.1705503158		-1.0
	11370.00000001	2.94723		-0.02799  0.2  0.2		4.1705503158		-1.0
	11400.00000001	2.9759		0.40526  0.2  0.2		4.1705503158		-1.0
	11430.00000001	2.79408		0.36705  0.2  0.2		4.1705503158		-1.0
	11460.00000001	2.88813		0.09592  0.2  0.2		4.1705503158		-1.0
	11490.00000001	2.92745		-0.29585  0.2  0.2		4.1705503158		-1.0
	11520.00000001	3.13094		-0.80725  0.2  0.2		4.1705503158		-1.0
	11550.00000001	2.63911		-0.82752  0.2  0.2		4.1705503158		-1.0
	11580.00000001	3.20075		-0.64857  0.2  0.2		4.1705503158		-1.0
	11610.00000001	3.32289		-0.49626  0.2  0.2		4.1705503158		-1.0
	11640.00000001	3.41378		-0.19925  0.2  0.2		4.1705503158		-1.0
	11670.00000001	3.53216		0.09023  0.2  0.2		4.1705503158		-1.0
	11700.00000001	3.47112		0.35797  0.2  0.2		4.1705503158		-1.0
	11730.00000001	3.38435		0.67563  0.2  0.2		4.1705503158		-1.0
	11760.00000001	3.54178		0.98105  0.2  0.2		4.1705503158		-1.0
	11790.00000001	3.4341		1.29926  0.2  0.2		4.1705503158		-1.0
	11820.00000001	3.30365		1.15793  0.2  0.2		4.1705503158		-1.0
	11850.00000001	3.5419		1.03391  0.2  0.2		4.1705503158		-1.0
	11880.00000001	3.79785		1.33648  0.2  0.2		4.1705503158		-1.0
	11910.00000001	3.29612		1.71186  0.2  0.2		4.1705503158		-1.0
	11940.00000001	3.46397		1.84134  0.2  0.2		4.1705503158		-1.0
	11970.00000001	3.28613		1.69827  0.2  0.2		4.1705503158		-1.0
	12000.00000001	3.52142		1.88144  0.2  0.2		4.1705503158		-1.0
	12030.00000001	3.15978		1.8675  0.2  0.2		4.1705503158		-1.0
	12060.00000001	3.17443		2.01239  0.2  0.2		4.1705503158		-1.0
	12090.00000001	3.42628		1.95462  0.2  0.2		4.1705503158		-1.0
	12120.00000001	3.31509		1.47585  0.2  0.2		4.1705503158		-1.0
	12150.00000001	3.89322		1.12054  0.2  0.2		4.1705503158		-1.0
	12180.00000001	3.42867		0.9512  0.2  0.2		4.1705503158		-1.0
	12210.00000001	3.09388		0.89492  0.2  0.2		4.1705503158		-1.0
	12240.00000001	3.58142		0.98906  0.2  0.2		4.1705503158		-1.0
	12270.00000001	3.62818		1.00187  0.2  0.2		4.1705503158		-1.0
	12300.00000001	2.92797		1.12602  0.2  0.2		4.1705503158		-1.0
	12330.00000001	2.90624		1.59673  0.2  0.2		4.1705503158		-1.0
	12360.00000001	2.68372		1.52044  0.2  0.2		4.1705503158		-1.0
	12390.00000001	2.53829		1.38131  0.2  0.2		4.1705503158		-1.0
	12420.00000001	3.33294		1.30077  0.2  0.2		4.1705503158		-1.0
	12450.00000001	3.72538		1.34464  0.2  0.2		4.1705503158		-1.0
	12480.00000001	3.48395		1.36127  0.2  0.2		4.1705503158		-1.0
	12510.00000001	3.49078		1.32931  0.2  0.2		4.1705503158		-1.0
	12540.00000001	4.06589		1.16528  0.2  0.2		4.1705503158		-1.0
	12570.00000001	4.14843		0.82953  0.2  0.2		4.1705503158		-1.0
	12600.00000001	2.73289		0.71323  0.2  0.2		4.1705503158		-1.0
	12630.00000001	2.95337		0.77545  0.2  0.2		4.1705503158		-1.0
	12660.00000001	3.46514		0.64978  0.2  0.2		4.1705503158		-1.0
	12690.00000001	3.53659		0.60585  0.2  0.2		4.1705503158		-1.0
	12720.00000001	3.73266		0.70992  0.2  0.2		4.1705503158		-1.0
	12750.00000001	3.90868		0.77828  0.2  0.2		4.1705503158		-1.0
	12780.00000001	3.82454		1.15372  0.2  0.2		4.1705503158		-1.0
	12810.00000001	4.04306		1.19403  0.2  0.2		4.1705503158		-1.0
	12840.00000001	4.11253		1.27468  0.2  0.2		4.1705503158		-1.0
	12870.00000001	3.36381		1.18395  0.2  0.2		4.1705503158		-1.0
	12900.00000001	2.71145		0.76674  0.2  0.2		4.1705503158		-1.0
	12930.00000001	3.69465		0.57269  0.2  0.2		4.1705503158		-1.0
	12960.00000001	3.42781		0.46672  0.2  0.2		4.1705503158		-1.0
	12990.00000001	3.0032		0.51702  0.2  0.2		4.1705503158		-1.0
	13020.00000001	3.12637		0.62545  0.2  0.2		4.1705503158		-1.0
	13050.00000001	3.17342		0.66959  0.2  0.2		4.1705503158		-1.0
	13080.00000001	3.4836		0.63328  0.2  0.2		4.1705503158		-1.0
	13110.00000001	3.1391		0.8978  0.2  0.2		4.1705503158		-1.0
	13140.00000001	3.15093		1.15396  0.2  0.2		4.1705503158		-1.0
	13170.00000001	3.18003		1.18889  0.2  0.2		4.1705503158		-1.0
	13200.00000001	2.57033		1.49177  0.2  0.2		4.1705503158		-1.0
	13230.00000001	2.66748		1.44606  0.2  0.2		4.1705503158		-1.0
	13260.00000001	3.12683		1.31016  0.2  0.2		4.1705503158		-1.0
	13290.00000001	2.98676		1.42467  0.2  0.2		4.1705503158		-1.0
	13320.00000001	2.81866		1.31113  0.2  0.2		4.1705503158		-1.0
	13350.00000001	2.65931		1.09952  0.2  0.2		4.1705503158		-1.0
	13380.00000001	2.621		0.92536  0.2  0.2		4.1705503158		-1.0
	13410.00000001	2.59217		0.85351  0.2  0.2		4.1705503158		-1.0
	13440.00000001	2.62132		0.7768  0.2  0.2		4.1705503158		-1.0
	13470.00000001	2.6612		0.02808  0.2  0.2		4.1705503158		-1.0
	13500.00000001	2.62681		-0.67587  0.2  0.2		4.1705503158		-1.0
	13530.00000001	2.59099		-1.52181  0.2  0.2		4.1705503158		-1.0
	13560.00000001	3.11979		-1.47545  0.2  0.2		4.1705503158		-1.0
	13590.00000001	3.47928		-1.14493  0.2  0.2		4.1705503158		-1.0
	13620.00000001	2.59466		-1.28516  0.2  0.2		4.1705503158		-1.0
	13650.00000001	3.03349		-1.80603  0.2  0.2		4.1705503158		-1.0
	13680.00000001	2.80873		-2.02545  0.2  0.2		4.1705503158		-1.0
	13710.00000001	3.33472		-1.91543  0.2  0.2		4.1705503158		-1.0
	13740.00000001	3.28449		-1.90223  0.2  0.2		4.1705503158		-1.0
	13770.00000001	2.6167		-1.9294  0.2  0.2		4.1705503158		-1.0
	13800.00000001	2.97693		-2.0908  0.2  0.2		4.1705503158		-1.0
	13830.00000001	2.98484		-2.23743  0.2  0.2		4.1705503158		-1.0
	13860.00000001	3.03902		-2.27396  0.2  0.2		4.1705503158		-1.0
	13890.00000001	2.85102		-2.38605  0.2  0.2		4.1705503158		-1.0
	13920.00000001	2.6894		-2.53543  0.2  0.2		4.1705503158		-1.0
	13950.00000001	2.72701		-2.57605  0.2  0.2		4.1705503158		-1.0
	13980.00000001	2.69833		-2.32012  0.2  0.2		4.1705503158		-1.0
	14010.00000001	2.86228		-2.05567  0.2  0.2		4.1705503158		-1.0
	14040.00000001	2.85415		-1.92476  0.2  0.2		4.1705503158		-1.0
	14070.00000001	2.73363		-1.49949  0.2  0.2		4.1705503158		-1.0
	14100.00000001	2.6486		-1.73581  0.2  0.2		4.1705503158		-1.0
	14130.00000001	2.68275		-1.82699  0.2  0.2		4.1705503158		-1.0
	14160.00000001	2.70316		-1.60075  0.2  0.2		4.1705503158		-1.0
	14190.00000001	2.60121		-1.51173  0.2  0.2		4.1705503158		-1.0
	14220.00000001	2.86742		-1.8164  0.2  0.2		4.1705503158		-1.0
	14250.00000000	2.83829		-1.78116  0.2  0.2		4.1705503158		-1.0
	14280.00000000	2.84471		-1.75535  0.2  0.2		4.1705503158		-1.0
	14310.00000000	2.67514		-1.611  0.2  0.2		4.1705503158		-1.0
	14340.00000000	2.89237		-1.41878  0.2  0.2		4.1705503158		-1.0
	14370.00000000	2.82005		-1.36751  0.2  0.2		4.1705503158		-1.0
	14400.00000000	2.78557		-1.38861  0.2  0.2		4.1705503158		-1.0
	14430.00000000	2.77931		-1.43835  0.2  0.2		4.1705503158		-1.0
	14460.00000000	2.64627		-1.25332  0.2  0.2		4.1705503158		-1.0
	14490.00000000	2.63522		-1.05248  0.2  0.2		4.1705503158		-1.0
	14520.00000000	2.67057		-0.91249  0.2  0.2		4.1705503158		-1.0
	14550.00000000	2.643		-0.69214  0.2  0.2		4.1705503158		-1.0
	14580.00000000	2.75713		-0.65863  0.2  0.2		4.1705503158		-1.0
	14610.00000000	2.71644		-0.93423  0.2  0.2		4.1705503158		-1.0
	14640.00000000	2.63223		-1.2941  0.2  0.2		4.1705503158		-1.0
	14670.00000000	2.70138		-1.22999  0.2  0.2		4.1705503158		-1.0
	14700.00000000	2.81853		-0.96505  0.2  0.2		4.1705503158		-1.0
	14730.00000000	3.24024		-0.72768  0.2  0.2		4.1705503158		-1.0
	14760.00000000	2.67492		-0.28957  0.2  0.2		4.1705503158		-1.0
	14790.00000000	2.62201		-0.23431  0.2  0.2		4.1705503158		-1.0
	14820.00000000	2.90518		-0.52172  0.2  0.2		4.1705503158		-1.0
	14850.00000000	2.61915		-0.49869  0.2  0.2		4.1705503158		-1.0
	14880.00000000	2.56032		-0.24016  0.2  0.2		4.1705503158		-1.0
	14910.00000000	3.17067		-0.16651  0.2  0.2		4.1705503158		-1.0
	14940.00000000	3.49854		-0.17059  0.2  0.2		4.1705503158		-1.0
	14970.00000000	3.39113		-0.25795  0.2  0.2		4.1705503158		-1.0
	15000.00000000	3.42063		-0.09555  0.2  0.2		4.1705503158		-1.0
	15030.00000000	3.12905		0.09034  0.2  0.2		4.1705503158		-1.0
	15060.00000000	3.83267		0.3604  0.2  0.2		4.1705503158		-1.0
	15090.00000000	3.34372		0.25159  0.2  0.2		4.1705503158		-1.0
	15120.00000000	3.56313		-0.11478  0.2  0.2		4.1705503158		-1.0
	15150.00000000	3.22021		-0.05436  0.2  0.2		4.1705503158		-1.0
	15180.00000000	3.35747		-0.32636  0.2  0.2		4.1705503158		-1.0
	15210.00000000	3.65345		-0.69863  0.2  0.2		4.1705503158		-1.0
	15240.00000000	3.34213		-0.74874  0.2  0.2		4.1705503158		-1.0
	15270.00000000	3.53695		-0.93842  0.2  0.2		4.1705503158		-1.0
	15300.00000000	3.20379		-0.84011  0.2  0.2		4.1705503158		-1.0
	15330.00000000	3.09778		-1.13525  0.2  0.2		4.1705503158		-1.0
	15360.00000000	3.2777		-1.4529  0.2  0.2		4.1705503158		-1.0
	15390.00000000	3.19301		-1.46159  0.2  0.2		4.1705503158		-1.0
	15420.00000000	3.44453		-1.31843  0.2  0.2		4.1705503158		-1.0
	15450.00000000	3.40823		-1.49111  0.2  0.2		4.1705503158		-1.0
	15480.00000000	3.21098		-2.08746  0.2  0.2		4.1705503158		-1.0
	15510.00000000	3.47334		-2.3505  0.2  0.2		4.1705503158		-1.0
	15540.00000000	3.1611		-2.33265  0.2  0.2		4.1705503158		-1.0
	15570.00000000	3.1098		-2.54006  0.2  0.2		4.1705503158		-1.0
	15600.00000000	2.80474		-2.65208  0.2  0.2		4.1705503158		-1.0
	15630.00000000	2.73926		-2.53838  0.2  0.2		4.1705503158		-1.0
	15660.00000000	2.72994		-2.2771  0.2  0.2		4.1705503158		-1.0
	15690.00000000	2.65085		-1.94187  0.2  0.2		4.1705503158		-1.0
	15720.00000000	2.66773		-1.82277  0.2  0.2		4.1705503158		-1.0
	15750.00000000	2.90134		-1.97718  0.2  0.2		4.1705503158		-1.0
	15780.00000000	3.44396		-1.73806  0.2  0.2		4.1705503158		-1.0
	15810.00000000	3.25436		-1.66472  0.2  0.2		4.1705503158		-1.0
	15840.00000000	3.414		-1.84146  0.2  0.2		4.1705503158		-1.0
	15870.00000000	3.25719		-2.1118  0.2  0.2		4.1705503158		-1.0
	15900.00000000	3.41101		-2.37462  0.2  0.2		4.1705503158		-1.0
	15930.00000000	3.34393		-2.64653  0.2  0.2		4.1705503158		-1.0
	15960.00000000	3.31903		-2.85796  0.2  0.2		4.1705503158		-1.0
	15990.00000000	3.14212		-2.81259  0.2  0.2		4.1705503158		-1.0
	16020.00000000	3.55555		-2.66682  0.2  0.2		4.1705503158		-1.0
	16050.00000000	3.0568		-2.66291  0.2  0.2		4.1705503158		-1.0
	16080.00000000	3.39649		-2.62029  0.2  0.2		4.1705503158		-1.0
	16110.00000000	3.34043		-2.65387  0.2  0.2		4.1705503158		-1.0
	16140.00000000	3.09453		-2.77832  0.2  0.2		4.1705503158		-1.0
	16170.00000000	2.81214		-3.10786  0.2  0.2		4.1705503158		-1.0
	16200.00000000	3.38929		-3.0656  0.2  0.2		4.1705503158		-1.0
	16230.00000000	2.92137		-3.1123  0.2  0.2		4.1705503158		-1.0
	16260.00000000	2.94711		-2.90551  0.2  0.2		4.1705503158		-1.0
	16290.00000000	3.24123		-2.95816  0.2  0.2		4.1705503158		-1.0
	16320.00000000	3.39126		-3.07017  0.2  0.2		4.1705503158		-1.0
	16350.00000000	3.04887		3.10302  0.2  0.2		4.1705503158		-1.0
	16380.00000000	2.90698		3.00446  0.2  0.2		4.1705503158		-1.0
	16410.00000000	2.85059		3.11224  0.2  0.2		4.1705503158		-1.0
	16440.00000000	2.62431		-3.05134  0.2  0.2		4.1705503158		-1.0
	16470.00000000	2.89303		3.09682  0.2  0.2		4.1705503158		-1.0
	16500.00000000	3.5071		3.01369  0.2  0.2		4.1705503158		-1.0
	16530.00000000	3.28319		-3.13561  0.2  0.2		4.1705503158		-1.0
	16560.00000000	3.40745		2.92381  0.2  0.2		4.1705503158		-1.0
	16590.00000000	3.16941		2.82788  0.2  0.2		4.1705503158		-1.0
	16620.00000000	3.01364		2.71289  0.2  0.2		4.1705503158		-1.0
	16650.00000000	3.58541		2.9301  0.2  0.2		4.1705503158		-1.0
	16680.00000000	2.90758		-2.97956  0.2  0.2		4.1705503158		-1.0
	16710.00000000	3.05628		-2.95805  0.2  0.2		4.1705503158		-1.0
	16740.00000000	3.28658		-3.07878  0.2  0.2		4.1705503158		-1.0
	16770.00000000	3.42364		2.9794  0.2  0.2		4.1705503158		-1.0
	16800.00000000	2.65742		2.93722  0.2  0.2		4.1705503158		-1.0
	16830.00000000	2.939		2.61925  0.2  0.2		4.1705503158		-1.0
	16860.00000000	2.79993		2.69425  0.2  0.2		4.1705503158		-1.0
	16890.00000000	3.03811		2.68967  0.2  0.2		4.1705503158		-1.0
	16920.00000000	3.45436		2.7256  0.2  0.2		4.1705503158		-1.0
	16950.00000000	3.60552		2.70341  0.2  0.2		4.1705503158		-1.0
	16980.00000000	2.61028		2.7026  0.2  0.2		4.1705503158		-1.0
	17010.00000000	3.21835		2.76844  0.2  0.2		4.1705503158		-1.0
	17040.00000000	2.65087		2.91591  0.2  0.2		4.1705503158		-1.0
	17070.00000000	3.73263		2.88322  0.2  0.2		4.1705503158		-1.0
	17100.00000000	3.239		2.80241  0.2  0.2		4.1705503158		-1.0
	17130.00000000	2.97138		2.87756  0.2  0.2		4.1705503158		-1.0
	17160.00000000	2.77074		2.87851  0.2  0.2		4.1705503158		-1.0
	17190.00000000	2.95159		2.59721  0.2  0.2		4.1705503158		-1.0
	17220.00000000	2.81342		2.64769  0.2  0.2		4.1705503158		-1.0
	17250.00000000	2.68795		2.90859  0.2  0.2		4.1705503158		-1.0
	17280.00000000	2.73934		2.91579  0.2  0.2		4.1705503158		-1.0
	17310.00000000	2.80239		2.83991  0.2  0.2		4.1705503158		-1.0
	17340.00000000	2.9092		2.7859  0.2  0.2		4.1705503158		-1.0
	17370.00000000	3.65745		2.77696  0.2  0.2		4.1705503158		-1.0
	17400.00000000	3.07635		2.69306  0.2  0.2		4.1705503158		-1.0
	17430.00000000	3.60872		2.54567  0.2  0.2		4.1705503158		-1.0
	17460.00000000	3.01386		2.34351  0.2  0.2		4.1705503158		-1.0
	17490.00000000	2.99888		2.41972  0.2  0.2		4.1705503158		-1.0
	17520.00000000	3.56798		2.50013  0.2  0.2		4.1705503158		-1.0
	17550.00000000	2.65484		2.55843  0.2  0.2		4.1705503158		-1.0
	17580.00000000	3.5868		2.66235  0.2  0.2		4.1705503158		-1.0
	17610.00000000	3.00416		2.67617  0.2  0.2		4.1705503158		-1.0
	17640.00000000	3.5115		2.48143  0.2  0.2		4.1705503158		-1.0
	17670.00000000	3.12992		2.90905  0.2  0.2		4.1705503158		-1.0
	17700.00000000	3.80967		2.85797  0.2  0.2		4.1705503158		-1.0
	17730.00000000	2.96894		3.02757  0.2  0.2		4.1705503158		-1.0
	17760.00000000	3.17795		3.0184  0.2  0.2		4.1705503158		-1.0
	17790.00000000	3.28722		2.99118  0.2  0.2		4.1705503158		-1.0
	17820.00000000	2.58135		2.97563  0.2  0.2		4.1705503158		-1.0
	17850.00000000	2.55283		2.98869  0.2  0.2		4.1705503158		-1.0
	17880.00000000	2.62915		-2.77645  0.2  0.2		4.1705503158		-1.0
	17910.00000000	2.71248		-2.72398  0.2  0.2		4.1705503158		-1.0
	17940.00000000	2.82181		-2.93823  0.2  0.2		4.1705503158		-1.0
	17970.00000000	2.90118		-3.06487  0.2  0.2		4.1705503158		-1.0
	18000.00000000	2.66681		-2.90609  0.2  0.2		4.1705503158		-1.0
	18030.00000000	2.66695		-2.84175  0.2  0.2		4.1705503158		-1.0
	18060.00000000	2.85964		-2.83845  0.2  0.2		4.1705503158		-1.0
	18090.00000000	2.93374		-2.74461  0.2  0.2		4.1705503158		-1.0
	18120.00000000	3.82792		-2.86996  0.2  0.2		4.1705503158		-1.0
	18150.00000000	3.40747		-2.81113  0.2  0.2		4.1705503158		-1.0
	18180.00000000	3.4557		-2.95986  0.2  0.2		4.1705503158		-1.0
	18210.00000000	3.34978		-2.75794  0.2  0.2		4.1705503158		-1.0
	18240.00000000	3.55348		-2.63485  0.2  0.2		4.1705503158		-1.0
	18270.00000000	2.58191		-2.94398  0.2  0.2		4.1705503158		-1.0
	18300.00000000	2.76329		-2.7792  0.2  0.2		4.1705503158		-1.0
	18330.00000000	3.01931		-2.53721  0.2  0.2		4.1705503158		-1.0
	18360.00000000	3.34157		-2.45342  0.2  0.2		4.1705503158		-1.0
	18390.00000000	3.22242		-2.42929  0.2  0.2		4.1705503158		-1.0
	18420.00000000	3.39808		-2.87646  0.2  0.2		4.1705503158		-1.0
	18450.00000000	3.50361		-2.98703  0.2  0.2		4.1705503158		-1.0
	18480.00000000	3.49312		-2.82988  0.2  0.2		4.1705503158		-1.0
	18510.00000000	3.64409		-2.85542  0.2  0.2		4.1705503158		-1.0
	18540.00000000	3.6557		-3.06496  0.2  0.2		4.1705503158		-1.0
	18570.00000000	3.49155		3.09353  0.2  0.2		4.1705503158		-1.0
	18600.00000000	2.98164		-3.00855  0.2  0.2		4.1705503158		-1.0
	18630.00000000	3.40443		-2.61018  0.2  0.2		4.1705503158		-1.0
	18660.00000000	3.57927		-2.40651  0.2  0.2		4.1705503158		-1.0
	18690.00000000	3.38465		-2.65192  0.2  0.2		4.1705503158		-1.0
	18720.00000000	2.94538		-2.83918  0.2  0.2		4.1705503158		-1.0
	18750.00000000	2.79685		-2.83843  0.2  0.2		4.1705503158		-1.0
	18780.00000000	2.85271		-2.62762  0.2  0.2		4.1705503158		-1.0
	18810.00000000	2.89861		-2.39457  0.2  0.2		4.1705503158		-1.0
	18840.00000000	3.70496		-2.2078  0.2  0.2		4.1705503158		-1.0
	18870.00000000	3.16283		-2.06413  0.2  0.2		4.1705503158		-1.0
	18900.00000000	3.55394		-2.15492  0.2  0.2		4.1705503158		-1.0
	18930.00000000	2.97958		-2.35286  0.2  0.2		4.1705503158		-1.0
	18960.00000000	2.5655		-2.47011  0.2  0.2		4.1705503158		-1.0
	18990.00000000	3.16019		-2.30013  0.2  0.2		4.1705503158		-1.0
	19020.00000000	3.66066		-2.01253  0.2  0.2		4.1705503158		-1.0
	19050.00000000	3.3361		-2.22178  0.2  0.2		4.1705503158		-1.0
	19080.00000000	3.55386		-2.59293  0.2  0.2		4.1705503158		-1.0
	19110.00000000	3.81361		-2.68525  0.2  0.2		4.1705503158		-1.0
	19140.00000000	3.80818		-2.54088  0.2  0.2		4.1705503158		-1.0
	19170.00000000	3.38359		-2.26033  0.2  0.2		4.1705503158		-1.0
	19200.00000000	3.36879		-2.15434  0.2  0.2		4.1705503158		-1.0
	19230.00000000	2.8601		-2.17499  0.2  0.2		4.1705503158		-1.0
	19260.00000000	2.93936		-2.59352  0.2  0.2		4.1705503158		-1.0
	19290.00000000	3.26721		-2.83249  0.2  0.2		4.1705503158		-1.0
	19320.00000000	3.18844		-2.63708  0.2  0.2		4.1705503158		-1.0
	19350.00000000	3.07143		-2.60138  0.2  0.2		4.1705503158		-1.0
	19380.00000000	2.9589		-2.57239  0.2  0.2		4.1705503158		-1.0
	19410.00000000	2.91409		-2.21754  0.2  0.2		4.1705503158		-1.0
	19440.00000000	3.46085		-1.7511  0.2  0.2		4.1705503158		-1.0
	19470.00000000	3.54934		-1.54337  0.2  0.2		4.1705503158		-1.0
	19500.00000000	3.86615		-1.73305  0.2  0.2		4.1705503158		-1.0
	19530.00000000	3.10485		-1.94797  0.2  0.2		4.1705503158		-1.0
	19560.00000000	3.14333		-2.22257  0.2  0.2		4.1705503158		-1.0
	19590.00000000	3.53171		-2.23428  0.2  0.2		4.1705503158		-1.0
	19620.00000000	3.66964		-1.9351  0.2  0.2		4.1705503158		-1.0
	19650.00000000	3.7319		-1.78331  0.2  0.2		4.1705503158		-1.0
	19680.00000000	3.62834		-1.96112  0.2  0.2		4.1705503158		-1.0
	19710.00000000	3.07951		-1.8232  0.2  0.2		4.1705503158		-1.0
	19740.00000000	3.98493		-1.55823  0.2  0.2		4.1705503158		-1.0
	19770.00000000	3.34465		-1.58979  0.2  0.2		4.1705503158		-1.0
	19800.00000000	3.96105		-1.93082  0.2  0.2		4.1705503158		-1.0
	19830.00000000	3.78857		-2.05143  0.2  0.2		4.1705503158		-1.0
	19860.00000000	3.22434		-1.6282  0.2  0.2		4.1705503158		-1.0
	19890.00000000	3.75157		-1.58669  0.2  0.2		4.1705503158		-1.0
	19920.00000000	3.33586		-1.4468  0.2  0.2		4.1705503158		-1.0
	19950.00000000	3.8366		-1.35944  0.2  0.2		4.1705503158		-1.0
	19980.00000000	3.48364		-1.08885  0.2  0.2		4.1705503158		-1.0
	20010.00000000	3.71426		-1.2186  0.2  0.2		4.1705503158		-1.0
	20040.00000000	3.57406		-1.37301  0.2  0.2		4.1705503158		-1.0
	20070.00000000	3.89552		-1.45051  0.2  0.2		4.1705503158		-1.0
	20100.00000000	3.47798		-1.67952  0.2  0.2		4.1705503158		-1.0
	20130.00000000	3.54576		-1.65612  0.2  0.2		4.1705503158		-1.0
	20160.00000000	3.1075		-1.85016  0.2  0.2		4.1705503158		-1.0
	20190.00000000	3.67393		-1.97436  0.2  0.2		4.1705503158		-1.0
	20220.00000000	4.03274		-2.0676  0.2  0.2		4.1705503158		-1.0
	20250.00000000	3.97176		-2.05312  0.2  0.2		4.1705503158		-1.0
	20280.00000000	3.28386		-1.99782  0.2  0.2		4.1705503158		-1.0
	20310.00000000	3.05444		-2.21566  0.2  0.2		4.1705503158		-1.0
	20340.00000000	3.41989		-2.32187  0.2  0.2		4.1705503158		-1.0
	20370.00000000	4.57039		-2.24559  0.2  0.2		4.1705503158		-1.0
	20400.00000000	5.53955		-2.24674  0.2  0.2		4.1705503158		-1.0
	20430.00000000	6.44817		-2.29638  0.2  0.2		4.1705503158		-1.0
	20460.00000000	6.80764		-2.34646  0.2  0.2		4.1705503158		-1.0
	20490.00000000	7.09767		-2.36291  0.2  0.2		4.1705503158		-1.0
	20520.00000000	7.28681		-2.58762  0.2  0.2		4.1705503158		-1.0
	20550.00000000	7.72578		-2.47633  0.2  0.2		4.1705503158		-1.0
	20580.00000000	8.16062		-2.11089  0.2  0.2		4.1705503158		-1.0
	20610.00000000	8.58339		-2.16508  0.2  0.2		4.1705503158		-1.0
	20640.00000000	8.48222		-2.0803  0.2  0.2		4.1705503158		-1.0
	20670.00000000	8.06798		-2.36034  0.2  0.2		4.1705503158		-1.0
	20700.00000000	7.7733		-2.636  0.2  0.2		4.1705503158		-1.0
	20729.99999999	7.2438		-2.40391  0.2  0.2		4.1705503158		-1.0
	20759.99999999	7.01724		-2.2612  0.2  0.2		4.1705503158		-1.0
	20789.99999999	7.09218		-2.04539  0.2  0.2		4.1705503158		-1.0
	20819.99999999	7.35987		-1.83896  0.2  0.2		4.1705503158		-1.0
	20849.99999999	7.73747		-1.51169  0.2  0.2		4.1705503158		-1.0
	20879.99999999	8.47582		-1.47235  0.2  0.2		4.1705503158		-1.0
	20909.99999999	8.60844		-1.71299  0.2  0.2		4.1705503158		-1.0
	20939.99999999	8.50689		-2.13936  0.2  0.2		4.1705503158		-1.0
	20969.99999999	8.64335		-2.33469  0.2  0.2		4.1705503158		-1.0
	20999.99999999	9.30974		-2.36216  0.2  0.2		4.1705503158		-1.0
	21029.99999999	10.20731		-2.39987  0.2  0.2		4.1705503158		-1.0
	21059.99999999	10.81874		-2.26995  0.2  0.2		4.1705503158		-1.0
	21089.99999999	11.30937		-2.40314  0.2  0.2		4.1705503158		-1.0
	21119.99999999	11.58396		-2.72693  0.2  0.2		4.1705503158		-1.0
	21149.99999999	11.86701		-2.59157  0.2  0.2		4.1705503158		-1.0
	21179.99999999	11.84102		-2.30409  0.2  0.2		4.1705503158		-1.0
	21209.99999999	11.90795		-2.17682  0.2  0.2		4.1705503158		-1.0
	21239.99999999	11.54293		-1.92291  0.2  0.2		4.1705503158		-1.0
	21269.99999999	10.72753		-1.74109  0.2  0.2		4.1705503158		-1.0
	21299.99999999	9.85765		-1.84102  0.2  0.2		4.1705503158		-1.0
	21329.99999999	8.86632		-1.86535  0.2  0.2		4.1705503158		-1.0
	21359.99999999	8.99708		-1.72023  0.2  0.2		4.1705503158		-1.0
	21389.99999999	9.89657		-1.83679  0.2  0.2		4.1705503158		-1.0
	21419.99999999	10.93723		-2.0316  0.2  0.2		4.1705503158		-1.0
	21449.99999999	11.69119		-2.09026  0.2  0.2		4.1705503158		-1.0
	21479.99999999	11.92523		-2.00402  0.2  0.2		4.1705503158		-1.0
	21509.99999999	11.61053		-1.58753  0.2  0.2		4.1705503158		-1.0
	21539.99999999	10.76866		-1.66932  0.2  0.2		4.1705503158		-1.0
	21569.99999999	9.77083		-1.54826  0.2  0.2		4.1705503158		-1.0
	21599.99999999	9.2937		-1.26112  0.2  0.2		4.1705503158		-1.0
	21629.99999999	10.22685		-1.31302  0.2  0.2		4.1705503158		-1.0
	21659.99999999	11.09671		-1.3033  0.2  0.2		4.1705503158		-1.0
	21689.99999999	11.84528		-1.37366  0.2  0.2		4.1705503158		-1.0
	21719.99999999	11.68535		-1.40509  0.2  0.2		4.1705503158		-1.0
	21749.99999999	10.61348		-1.45881  0.2  0.2		4.1705503158		-1.0
	21779.99999999	9.54576		-1.49301  0.2  0.2		4.1705503158		-1.0
	21809.99999999	9.46132		-1.14461  0.2  0.2		4.1705503158		-1.0
	21839.99999999	9.54283		-0.69369  0.2  0.2		4.1705503158		-1.0
	21869.99999999	10.0672		-0.70912  0.2  0.2		4.1705503158		-1.0
	21899.99999999	10.62396		-0.75745  0.2  0.2		4.1705503158		-1.0
	21929.99999999	11.0251		-0.81188  0.2  0.2		4.1705503158		-1.0
	21959.99999999	11.61685		-0.88213  0.2  0.2		4.1705503158		-1.0
	21989.99999999	11.96467		-0.94538  0.2  0.2		4.1705503158		-1.0
	22019.99999999	11.83197		-1.21603  0.2  0.2		4.1705503158		-1.0
	22049.99999999	11.40606		-1.16254  0.2  0.2		4.1705503158		-1.0
	22079.99999999	11.16245		-1.04036  0.2  0.2		4.1705503158		-1.0
	22109.99999999	10.75913		-1.16262  0.2  0.2		4.1705503158		-1.0
	22139.99999999	10.12494		-0.9056  0.2  0.2		4.1705503158		-1.0
	22169.99999999	9.69915		-0.96083  0.2  0.2		4.1705503158		-1.0
	22199.99999999	9.5434		-1.05964  0.2  0.2		4.1705503158		-1.0
	22229.99999999	9.82962		-0.96122  0.2  0.2		4.1705503158		-1.0
	22259.99999999	10.69593		-1.08172  0.2  0.2		4.1705503158		-1.0
	22289.99999999	11.21959		-0.74571  0.2  0.2		4.1705503158		-1.0
	22319.99999999	11.19081		-0.53632  0.2  0.2		4.1705503158		-1.0
	22349.99999999	12.20508		-0.71985  0.2  0.2		4.1705503158		-1.0
	22379.99999999	11.87836		-0.82803  0.2  0.2		4.1705503158		-1.0
	22409.99999999	11.59861		-0.57115  0.2  0.2		4.1705503158		-1.0
	22439.99999999	11.88983		-0.41252  0.2  0.2		4.1705503158		-1.0
	22469.99999999	12.04219		-0.74389  0.2  0.2		4.1705503158		-1.0
	22499.99999999	12.05015		-1.15716  0.2  0.2		4.1705503158		-1.0
	22529.99999999	12.05355		-1.03449  0.2  0.2		4.1705503158		-1.0
	22559.99999999	11.55034		-0.84452  0.2  0.2		4.1705503158		-1.0
	22589.99999999	10.74697		-0.56638  0.2  0.2		4.1705503158		-1.0
	22619.99999999	10.56239		-0.31043  0.2  0.2		4.1705503158		-1.0
	22649.99999999	10.69391		-0.15491  0.2  0.2		4.1705503158		-1.0
	22679.99999999	10.337		-0.21713  0.2  0.2		4.1705503158		-1.0
	22709.99999999	9.91564		-0.37414  0.2  0.2		4.1705503158		-1.0
	22739.99999999	9.51405		-0.35888  0.2  0.2		4.1705503158		-1.0
	22769.99999999	8.57836		0.11539  0.2  0.2		4.1705503158		-1.0
	22799.99999999	8.25548		0.07129  0.2  0.2		4.1705503158		-1.0
	22829.99999999	8.11986		-0.18785  0.2  0.2		4.1705503158		-1.0
	22859.99999999	8.36001		-0.41922  0.2  0.2		4.1705503158		-1.0
	22889.99999999	8.66681		-0.44888  0.2  0.2		4.1705503158		-1.0
	22919.99999999	8.69077		-0.53057  0.2  0.2		4.1705503158		-1.0
	22949.99999999	9.01031		-0.61516  0.2  0.2		4.1705503158		-1.0
	22979.99999999	9.3697		-0.55845  0.2  0.2		4.1705503158		-1.0
	23009.99999999	9.75817		-0.62628  0.2  0.2		4.1705503158		-1.0
	23039.99999999	10.18789		-0.48642  0.2  0.2		4.1705503158		-1.0
	23069.99999999	10.37873		-0.64757  0.2  0.2		4.1705503158		-1.0
	23099.99999999	10.47441		-0.87803  0.2  0.2		4.1705503158		-1.0
	23129.99999999	10.96402		-0.54246  0.2  0.2		4.1705503158		-1.0
	23159.99999999	11.95828		-0.40148  0.2  0.2		4.1705503158		-1.0
	23189.99999999	12.02579		-0.47585  0.2  0.2		4.1705503158		-1.0
	23219.99999999	11.53555		-0.47628  0.2  0.2		4.1705503158		-1.0
	23249.99999999	10.93838		-0.47073  0.2  0.2		4.1705503158		-1.0
	23279.99999999	10.47478		-0.70382  0.2  0.2		4.1705503158		-1.0
	23309.99999999	10.21063		-0.6175  0.2  0.2		4.1705503158		-1.0
	23339.99999999	9.80041		-0.11527  0.2  0.2		4.1705503158		-1.0
	23369.99999999	9.86204		0.20386  0.2  0.2		4.1705503158		-1.0
	23399.99999999	9.977		0.98582  0.2  0.2		4.1705503158		-1.0
	23429.99999999	10.20808		1.3984  0.2  0.2		4.1705503158		-1.0
	23459.99999999	10.55772		1.35726  0.2  0.2		4.1705503158		-1.0
	23489.99999999	11.12296		1.33682  0.2  0.2		4.1705503158		-1.0
	23519.99999999	11.48172		0.92106  0.2  0.2		4.1705503158		-1.0
	23549.99999999	11.50147		0.54953  0.2  0.2		4.1705503158		-1.0
	23579.99999999	11.30858		0.27024  0.2  0.2		4.1705503158		-1.0
	23609.99999999	11.18005		-0.33167  0.2  0.2		4.1705503158		-1.0
	23639.99999999	11.88027		-0.03734  0.2  0.2		4.1705503158		-1.0
	23669.99999999	12.05176		0.13482  0.2  0.2		4.1705503158		-1.0
	23699.99999999	10.94962		0.42179  0.2  0.2		4.1705503158		-1.0
	23729.99999999	9.98912		1.00828  0.2  0.2		4.1705503158		-1.0
	23759.99999999	9.35289		1.50325  0.2  0.2		4.1705503158		-1.0
	23789.99999999	9.0234		1.58558  0.2  0.2		4.1705503158		-1.0
	23819.99999999	8.40462		0.97254  0.2  0.2		4.1705503158		-1.0
	23849.99999999	8.16608		0.27892  0.2  0.2		4.1705503158		-1.0
	23879.99999999	7.64975		0.23068  0.2  0.2		4.1705503158		-1.0
	23909.99999999	7.59087		0.27179  0.2  0.2		4.1705503158		-1.0
	23939.99999999	7.3069		0.90399  0.2  0.2		4.1705503158		-1.0
	23969.99999999	7.18528		1.18211  0.2  0.2		4.1705503158		-1.0
	23999.99999999	6.80247		0.97187  0.2  0.2		4.1705503158		-1.0
	24029.99999999	6.43553		1.05833  0.2  0.2		4.1705503158		-1.0
	24059.99999999	6.02795		1.61284  0.2  0.2		4.1705503158		-1.0
	24089.99999999	5.88979		2.00011  0.2  0.2		4.1705503158		-1.0
	24119.99999999	6.03705		3.08493  0.2  0.2		4.1705503158		-1.0
	24149.99999999	6.27955		-3.04216  0.2  0.2		4.1705503158		-1.0
	24179.99999999	6.36863		-2.99375  0.2  0.2		4.1705503158		-1.0
	24209.99999999	6.67152		-2.93993  0.2  0.2		4.1705503158		-1.0
	24239.99999999	6.82659		-2.5693  0.2  0.2		4.1705503158		-1.0
	24269.99999999	7.07176		2.73636  0.2  0.2		4.1705503158		-1.0
	24299.99999999	7.10816		1.46492  0.2  0.2		4.1705503158		-1.0
	24329.99999999	7.15181		3.12447  0.2  0.2		4.1705503158		-1.0
	24359.99999999	7.66102		2.26409  0.2  0.2		4.1705503158		-1.0
	24389.99999999	8.03385		2.1379  0.2  0.2		4.1705503158		-1.0
	24419.99999999	8.46995		1.7572  0.2  0.2		4.1705503158		-1.0
	24449.99999999	8.48008		1.23534  0.2  0.2		4.1705503158		-1.0
	24479.99999999	8.53174		0.1022  0.2  0.2		4.1705503158		-1.0
	24509.99999999	8.61123		0.47449  0.2  0.2		4.1705503158		-1.0
	24539.99999999	8.68469		0.92161  0.2  0.2		4.1705503158		-1.0
	24569.99999999	9.10505		0.94186  0.2  0.2		4.1705503158		-1.0
	24599.99999999	9.06432		1.65155  0.2  0.2		4.1705503158		-1.0
	24629.99999999	8.68576		2.03457  0.2  0.2		4.1705503158		-1.0
	24659.99999999	8.17385		1.89591  0.2  0.2		4.1705503158		-1.0
	24689.99999999	7.48801		2.60329  0.2  0.2		4.1705503158		-1.0
	24719.99999999	7.05508		3.11682  0.2  0.2		4.1705503158		-1.0
	24749.99999999	6.65717		1.47853  0.2  0.2		4.1705503158		-1.0
	24779.99999999	6.5372		2.72649  0.2  0.2		4.1705503158		-1.0
	24809.99999999	6.81592		2.33497  0.2  0.2		4.1705503158		-1.0
	24839.99999999	7.18579		1.6618  0.2  0.2		4.1705503158		-1.0
	24869.99999999	7.33226		2.19445  0.2  0.2		4.1705503158		-1.0
	24899.99999999	7.06887		2.03781  0.2  0.2		4.1705503158		-1.0
	24929.99999999	6.53968		2.2457  0.2  0.2		4.1705503158		-1.0
	24959.99999999	6.11389		2.22653  0.2  0.2		4.1705503158		-1.0
	24989.99999999	6.48237		1.75984  0.2  0.2		4.1705503158		-1.0
	25019.99999999	7.04489		1.69286  0.2  0.2		4.1705503158		-1.0
	25049.99999999	7.00084		1.34485  0.2  0.2		4.1705503158		-1.0
	25079.99999999	6.53114		1.34817  0.2  0.2		4.1705503158		-1.0
	25109.99999999	6.29297		1.66133  0.2  0.2		4.1705503158		-1.0
	25139.99999999	6.60759		2.00261  0.2  0.2		4.1705503158		-1.0
	25169.99999999	6.72623		2.26425  0.2  0.2		4.1705503158		-1.0
	25199.99999999	7.28959		2.19776  0.2  0.2		4.1705503158		-1.0
	25229.99999999	7.9355		1.96246  0.2  0.2		4.1705503158		-1.0
	25259.99999999	8.47309		1.4418  0.2  0.2		4.1705503158		-1.0
	25289.99999999	8.76767		1.27349  0.2  0.2		4.1705503158		-1.0
	25319.99999999	9.37439		1.05562  0.2  0.2		4.1705503158		-1.0
	25349.99999999	9.30192		0.92307  0.2  0.2		4.1705503158		-1.0
	25379.99999999	8.84497		0.82598  0.2  0.2		4.1705503158		-1.0
	25409.99999999	8.78456		0.58585  0.2  0.2		4.1705503158		-1.0
	25439.99999999	9.09664		0.46888  0.2  0.2		4.1705503158		-1.0
	25469.99999999	9.67325		0.64206  0.2  0.2		4.1705503158		-1.0
	25499.99999999	9.72121		0.63977  0.2  0.2		4.1705503158		-1.0
	25529.99999999	9.28456		0.42643  0.2  0.2		4.1705503158		-1.0
	25559.99999999	8.64522		0.77388  0.2  0.2		4.1705503158		-1.0
	25589.99999999	7.96693		1.2322  0.2  0.2		4.1705503158		-1.0
	25619.99999999	7.18896		1.52426  0.2  0.2		4.1705503158		-1.0
	25649.99999999	6.48547		1.76187  0.2  0.2		4.1705503158		-1.0
	25679.99999999	5.56264		1.97339  0.2  0.2		4.1705503158		-1.0
	25709.99999999	5.47269		1.33457  0.2  0.2		4.1705503158		-1.0
	25739.99999999	6.01079		0.70952  0.2  0.2		4.1705503158		-1.0
	25769.99999999	7.08094		-0.44908  0.2  0.2		4.1705503158		-1.0
	25799.99999999	8.13323		-0.0263  0.2  0.2		4.1705503158		-1.0
	25829.99999999	8.8904		0.05011  0.2  0.2		4.1705503158		-1.0
	25859.99999999	9.90161		-0.41779  0.2  0.2		4.1705503158		-1.0
	25889.99999999	10.01164		-0.35257  0.2  0.2		4.1705503158		-1.0
	25919.99999999	10.01951		0.07121  0.2  0.2		4.1705503158		-1.0
	25949.99999999	10.19485		0.27768  0.2  0.2		4.1705503158		-1.0
	25979.99999999	10.01105		0.19426  0.2  0.2		4.1705503158		-1.0
	26009.99999999	10.69837		0.48678  0.2  0.2		4.1705503158		-1.0
	26039.99999999	10.63415		0.12107  0.2  0.2		4.1705503158		-1.0
	26069.99999999	10.76532		-0.01049  0.2  0.2		4.1705503158		-1.0
	26099.99999999	11.16537		0.26457  0.2  0.2		4.1705503158		-1.0
	26129.99999999	11.39141		-0.2281  0.2  0.2		4.1705503158		-1.0
	26159.99999999	12.00828		-0.13048  0.2  0.2		4.1705503158		-1.0
	26189.99999999	11.48539		0.1377  0.2  0.2		4.1705503158		-1.0
	26219.99999999	11.06847		-0.22555  0.2  0.2		4.1705503158		-1.0
	26249.99999999	10.11544		-0.32602  0.2  0.2		4.1705503158		-1.0
	26279.99999999	8.84241		-0.05828  0.2  0.2		4.1705503158		-1.0
	26309.99999999	8.67081		-0.24562  0.2  0.2		4.1705503158		-1.0
	26339.99999999	8.9661		-0.25609  0.2  0.2		4.1705503158		-1.0
	26369.99999999	9.5827		0.42105  0.2  0.2		4.1705503158		-1.0
	26399.99999999	9.64667		0.1325  0.2  0.2		4.1705503158		-1.0
	26429.99999999	9.18386		-0.02606  0.2  0.2		4.1705503158		-1.0
	26459.99999999	9.09529		0.99383  0.2  0.2		4.1705503158		-1.0
	26489.99999999	8.92557		1.13704  0.2  0.2		4.1705503158		-1.0
	26519.99999999	8.60867		0.94325  0.2  0.2		4.1705503158		-1.0
	26549.99999999	8.00817		1.23715  0.2  0.2		4.1705503158		-1.0
	26579.99999999	7.4393		1.4772  0.2  0.2		4.1705503158		-1.0
	26609.99999999	7.82577		1.45214  0.2  0.2		4.1705503158		-1.0
	26639.99999999	7.81796		1.74336  0.2  0.2		4.1705503158		-1.0
	26669.99999999	7.37585		1.57993  0.2  0.2		4.1705503158		-1.0
	26699.99999999	7.72573		1.6381  0.2  0.2		4.1705503158		-1.0
	26729.99999999	8.08426		1.4784  0.2  0.2		4.1705503158		-1.0
	26759.99999999	8.83698		1.20282  0.2  0.2		4.1705503158		-1.0
	26789.99999999	9.70893		0.9264  0.2  0.2		4.1705503158		-1.0
	26819.99999999	11.00897		0.77596  0.2  0.2		4.1705503158		-1.0
	26849.99999999	11.99212		0.44179  0.2  0.2		4.1705503158		-1.0
	26879.99999999	12.08313		0.49566  0.2  0.2		4.1705503158		-1.0
	26909.99999999	11.26726		0.73741  0.2  0.2		4.1705503158		-1.0
	26939.99999999	10.65467		1.02859  0.2  0.2		4.1705503158		-1.0
	26969.99999999	10.0493		0.82195  0.2  0.2		4.1705503158		-1.0
	26999.99999999	9.46879		0.75226  0.2  0.2		4.1705503158		-1.0
	27029.99999999	9.24545		0.91006  0.2  0.2		4.1705503158		-1.0
	27059.99999999	9.00969		1.26922  0.2  0.2		4.1705503158		-1.0
	27089.99999999	8.58753		1.60206  0.2  0.2		4.1705503158		-1.0
	27119.99999999	8.47091		1.98291  0.2  0.2		4.1705503158		-1.0
	27149.99999999	8.99608		2.13075  0.2  0.2		4.1705503158		-1.0
	27179.99999999	9.55598		1.80809  0.2  0.2		4.1705503158		-1.0
	27209.99999999	10.68579		1.39686  0.2  0.2		4.1705503158		-1.0
	27239.99999998	11.5904		1.11427  0.2  0.2		4.1705503158		-1.0
	27269.99999998	11.97619		0.86484  0.2  0.2		4.1705503158		-1.0
	27299.99999998	11.13943		0.41368  0.2  0.2		4.1705503158		-1.0
	27329.99999998	10.28569		0.48073  0.2  0.2		4.1705503158		-1.0
	27359.99999998	10.39462		1.33349  0.2  0.2		4.1705503158		-1.0
	27389.99999998	10.31877		1.74503  0.2  0.2		4.1705503158		-1.0
	27419.99999998	10.29938		2.52619  0.2  0.2		4.1705503158		-1.0
	27449.99999998	10.36401		1.96406  0.2  0.2		4.1705503158		-1.0
	27479.99999998	10.22273		1.5813  0.2  0.2		4.1705503158		-1.0
	27509.99999998	10.03566		0.44759  0.2  0.2		4.1705503158		-1.0
	27539.99999998	9.94025		1.45621  0.2  0.2		4.1705503158		-1.0
	27569.99999998	9.72078		1.20853  0.2  0.2		4.1705503158		-1.0
	27599.99999998	9.65086		2.12733  0.2  0.2		4.1705503158		-1.0
	27629.99999998	9.01888		2.24321  0.2  0.2		4.1705503158		-1.0
	27659.99999998	8.68525		1.90555  0.2  0.2		4.1705503158		-1.0
	27689.99999998	9.09829		2.05981  0.2  0.2		4.1705503158		-1.0
	27719.99999998	9.45176		1.97096  0.2  0.2		4.1705503158		-1.0
	27749.99999998	9.64154		2.54796  0.2  0.2		4.1705503158		-1.0
	27779.99999998	9.93309		2.72633  0.2  0.2		4.1705503158		-1.0
	27809.99999998	9.96718		3.14027  0.2  0.2		4.1705503158		-1.0
	27839.99999998	9.9507		-2.85542  0.2  0.2		4.1705503158		-1.0
	27869.99999998	9.75437		-2.16581  0.2  0.2		4.1705503158		-1.0
	27899.99999998	9.87899		-2.65857  0.2  0.2		4.1705503158		-1.0
	27929.99999998	10.17389		-3.0946  0.2  0.2		4.1705503158		-1.0
	27959.99999998	10.25888		2.67508  0.2  0.2		4.1705503158		-1.0
	27989.99999998	10.50365		1.98523  0.2  0.2		4.1705503158		-1.0
	28019.99999998	10.70272		-2.56021  0.2  0.2		4.1705503158		-1.0
	28049.99999998	11.17076		-2.96786  0.2  0.2		4.1705503158		-1.0
	28079.99999998	11.34844		-2.87189  0.2  0.2		4.1705503158		-1.0
	28109.99999998	11.64036		-3.10805  0.2  0.2		4.1705503158		-1.0
	28139.99999998	12.07374		-3.05839  0.2  0.2		4.1705503158		-1.0
	28169.99999998	11.68671		-2.90076  0.2  0.2		4.1705503158		-1.0
	28199.99999998	11.19544		-2.90074  0.2  0.2		4.1705503158		-1.0
	28229.99999998	10.57973		-2.79111  0.2  0.2		4.1705503158		-1.0
	28259.99999998	10.35115		3.12953  0.2  0.2		4.1705503158		-1.0
	28289.99999998	10.78705		2.76073  0.2  0.2		4.1705503158		-1.0
	28319.99999998	11.59921		2.89452  0.2  0.2		4.1705503158		-1.0
	28349.99999998	11.99801		2.73809  0.2  0.2		4.1705503158		-1.0
	28379.99999998	11.81801		3.09126  0.2  0.2		4.1705503158		-1.0
	28409.99999998	11.98681		2.99643  0.2  0.2		4.1705503158		-1.0
	28439.99999998	11.95621		2.10031  0.2  0.2		4.1705503158		-1.0
	28469.99999998	12.08626		2.30991  0.2  0.2		4.1705503158		-1.0
	28499.99999998	11.82674		1.89486  0.2  0.2		4.1705503158		-1.0
	28529.99999998	11.21095		2.57745  0.2  0.2		4.1705503158		-1.0
	28559.99999998	11.10935		-2.78084  0.2  0.2		4.1705503158		-1.0
	28589.99999998	10.69219		-2.93924  0.2  0.2		4.1705503158		-1.0
	28619.99999998	10.41848		2.97821  0.2  0.2		4.1705503158		-1.0
	28649.99999998	10.13782		2.77907  0.2  0.2		4.1705503158		-1.0
	28679.99999998	9.58481		2.53269  0.2  0.2		4.1705503158		-1.0
	28709.99999998	9.44021		-2.42713  0.2  0.2		4.1705503158		-1.0
	28739.99999998	8.78924		-2.85541  0.2  0.2		4.1705503158		-1.0
	28769.99999998	8.1557		2.7226  0.2  0.2		4.1705503158		-1.0
	28799.99999998	7.7751		2.74049  0.2  0.2		4.1705503158		-1.0
	28829.99999998	7.46601		2.68592  0.2  0.2		4.1705503158		-1.0
	28859.99999998	7.1658		2.73399  0.2  0.2		4.1705503158		-1.0
	28889.99999998	6.16917		3.11964  0.2  0.2		4.1705503158		-1.0
	28919.99999998	5.17686		2.93822  0.2  0.2		4.1705503158		-1.0
	28949.99999998	4.92738		3.07578  0.2  0.2		4.1705503158		-1.0
	28979.99999998	5.63536		-2.68142  0.2  0.2		4.1705503158		-1.0
	29009.99999998	6.55077		-2.86079  0.2  0.2		4.1705503158		-1.0
	29039.99999998	7.5097		-2.97691  0.2  0.2		4.1705503158		-1.0
	29069.99999998	8.45857		-3.13083  0.2  0.2		4.1705503158		-1.0
	29099.99999998	9.4787		-2.97582  0.2  0.2		4.1705503158		-1.0
	29129.99999998	9.77717		2.86581  0.2  0.2		4.1705503158		-1.0
	29159.99999998	9.4985		2.87677  0.2  0.2		4.1705503158		-1.0
	29189.99999998	9.11738		-2.75291  0.2  0.2		4.1705503158		-1.0
	29219.99999998	8.85947		-0.7326  0.2  0.2		4.1705503158		-1.0
	29249.99999998	8.29224		-0.8096  0.2  0.2		4.1705503158		-1.0
	29279.99999998	8.11407		-1.66125  0.2  0.2		4.1705503158		-1.0
	29309.99999998	7.92593		-2.64468  0.2  0.2		4.1705503158		-1.0
	29339.99999998	8.38527		-2.8145  0.2  0.2		4.1705503158		-1.0
	29369.99999998	9.02374		2.91142  0.2  0.2		4.1705503158		-1.0
	29399.99999998	9.42186		2.34898  0.2  0.2		4.1705503158		-1.0
	29429.99999998	10.2063		0.6689  0.2  0.2		4.1705503158		-1.0
	29459.99999998	10.80155		0.64241  0.2  0.2		4.1705503158		-1.0
	29489.99999998	11.08643		0.01101  0.2  0.2		4.1705503158		-1.0
	29519.99999998	11.71336		0.1883  0.2  0.2		4.1705503158		-1.0
	29549.99999998	11.84754		0.47174  0.2  0.2		4.1705503158		-1.0
	29579.99999998	11.80473		0.39363  0.2  0.2		4.1705503158		-1.0
	29609.99999998	11.69012		2.17689  0.2  0.2		4.1705503158		-1.0
	29639.99999998	11.47805		2.6634  0.2  0.2		4.1705503158		-1.0
	29669.99999998	11.75573		2.55668  0.2  0.2		4.1705503158		-1.0
	29699.99999998	11.90584		2.34421  0.2  0.2		4.1705503158		-1.0
	29729.99999998	12.04857		2.52931  0.2  0.2		4.1705503158		-1.0
	29759.99999998	12.00926		2.47727  0.2  0.2		4.1705503158		-1.0
	29789.99999998	11.65731		2.49688  0.2  0.2		4.1705503158		-1.0
	29819.99999998	11.17298		2.46064  0.2  0.2		4.1705503158		-1.0
	29849.99999998	10.29892		2.25707  0.2  0.2		4.1705503158		-1.0
	29879.99999998	9.83124		2.22539  0.2  0.2		4.1705503158		-1.0
	29909.99999998	9.97802		2.66688  0.2  0.2		4.1705503158		-1.0
	29939.99999998	10.21963		2.51335  0.2  0.2		4.1705503158		-1.0
	29969.99999998	10.74611		2.43151  0.2  0.2		4.1705503158		-1.0
	29999.99999998	11.60292		2.98406  0.2  0.2		4.1705503158		-1.0
	30029.99999998	11.09771		2.91802  0.2  0.2		4.1705503158		-1.0
	30059.99999998	10.55596		2.66284  0.2  0.2		4.1705503158		-1.0
	30089.99999998	10.20117		2.23053  0.2  0.2		4.1705503158		-1.0
	30119.99999998	9.9251		2.47559  0.2  0.2		4.1705503158		-1.0
	30149.99999998	9.8963		1.98313  0.2  0.2		4.1705503158		-1.0
	30179.99999998	9.892		1.85171  0.2  0.2		4.1705503158		-1.0
	30209.99999998	10.18221		1.59446  0.2  0.2		4.1705503158		-1.0
	30239.99999998	9.67098		1.66839  0.2  0.2		4.1705503158		-1.0
	30269.99999998	9.25409		1.89395  0.2  0.2		4.1705503158		-1.0
	30299.99999998	8.98411		1.90657  0.2  0.2		4.1705503158		-1.0
	30329.99999998	8.44426		2.22273  0.2  0.2		4.1705503158		-1.0
	30359.99999998	8.3546		2.64755  0.2  0.2		4.1705503158		-1.0
	30389.99999998	8.51553		2.59716  0.2  0.2		4.1705503158		-1.0
	30419.99999998	9.1047		2.36625  0.2  0.2		4.1705503158		-1.0
	30449.99999998	9.46717		2.99819  0.2  0.2		4.1705503158		-1.0
	30479.99999998	9.91416		-3.07051  0.2  0.2		4.1705503158		-1.0
	30509.99999998	9.78566		3.02443  0.2  0.2		4.1705503158		-1.0
	30539.99999998	9.44818		-2.79274  0.2  0.2		4.1705503158		-1.0
	30569.99999998	8.6514		-2.6839  0.2  0.2		4.1705503158		-1.0
	30599.99999998	8.34455		-2.46456  0.2  0.2		4.1705503158		-1.0
	30629.99999998	8.06288		2.90117  0.2  0.2		4.1705503158		-1.0
	30659.99999998	7.93759		2.474  0.2  0.2		4.1705503158		-1.0
	30689.99999998	7.79158		2.4221  0.2  0.2		4.1705503158		-1.0
	30719.99999998	7.7004		2.03368  0.2  0.2		4.1705503158		-1.0
	30749.99999998	7.24916		1.97991  0.2  0.2		4.1705503158		-1.0
	30779.99999998	6.95072		2.21635  0.2  0.2		4.1705503158		-1.0
	30809.99999998	6.93049		2.54368  0.2  0.2		4.1705503158		-1.0
	30839.99999998	6.74889		2.58902  0.2  0.2		4.1705503158		-1.0
	30869.99999998	6.46926		2.7108  0.2  0.2		4.1705503158		-1.0
	30899.99999998	6.0919		2.52455  0.2  0.2		4.1705503158		-1.0
	30929.99999998	6.03436		2.65921  0.2  0.2		4.1705503158		-1.0
	30959.99999998	6.29708		2.69142  0.2  0.2		4.1705503158		-1.0
	30989.99999998	6.40253		0.63464  0.2  0.2		4.1705503158		-1.0
	31019.99999998	6.81016		0.51614  0.2  0.2		4.1705503158		-1.0
	31049.99999998	7.04128		-0.05078  0.2  0.2		4.1705503158		-1.0
	31079.99999998	7.25729		-0.98761  0.2  0.2		4.1705503158		-1.0
	31109.99999998	7.29178		-0.23109  0.2  0.2		4.1705503158		-1.0
	31139.99999998	7.12365		0.28708  0.2  0.2		4.1705503158		-1.0
	31169.99999998	6.57308		-0.44041  0.2  0.2		4.1705503158		-1.0
	31199.99999998	5.94885		0.46253  0.2  0.2		4.1705503158		-1.0
	31229.99999998	6.10157		2.18381  0.2  0.2		4.1705503158		-1.0
	31259.99999998	6.22836		2.68554  0.2  0.2		4.1705503158		-1.0
	31289.99999998	6.46512		1.54402  0.2  0.2		4.1705503158		-1.0
	31319.99999998	7.17114		1.47593  0.2  0.2		4.1705503158		-1.0
	31349.99999998	8.17916		1.35828  0.2  0.2		4.1705503158		-1.0
	31379.99999998	8.40411		1.11278  0.2  0.2		4.1705503158		-1.0
	31409.99999998	7.73894		1.04335  0.2  0.2		4.1705503158		-1.0
	31439.99999998	6.69026		1.02119  0.2  0.2		4.1705503158		-1.0
	31469.99999998	5.73716		1.16652  0.2  0.2		4.1705503158		-1.0
	31499.99999998	5.51355		2.20653  0.2  0.2		4.1705503158		-1.0
	31529.99999998	5.94456		2.42502  0.2  0.2		4.1705503158		-1.0
	31559.99999998	6.42642		2.45866  0.2  0.2		4.1705503158		-1.0
	31589.99999998	7.01563		2.70135  0.2  0.2		4.1705503158		-1.0
	31619.99999998	7.7368		2.88944  0.2  0.2		4.1705503158		-1.0
	31649.99999998	7.90334		-2.89105  0.2  0.2		4.1705503158		-1.0
	31679.99999998	7.35884		-2.72078  0.2  0.2		4.1705503158		-1.0
	31709.99999998	6.8446		-2.95606  0.2  0.2		4.1705503158		-1.0
	31739.99999998	6.30375		-2.95295  0.2  0.2		4.1705503158		-1.0
	31769.99999998	6.47852		-2.43254  0.2  0.2		4.1705503158		-1.0
	31799.99999998	6.75951		-2.52295  0.2  0.2		4.1705503158		-1.0
	31829.99999998	7.34091		-2.62819  0.2  0.2		4.1705503158		-1.0
	31859.99999998	7.79695		-2.84122  0.2  0.2		4.1705503158		-1.0
	31889.99999998	8.24736		3.08116  0.2  0.2		4.1705503158		-1.0
	31919.99999998	8.65595		2.93449  0.2  0.2		4.1705503158		-1.0
	31949.99999998	9.00136		-3.01604  0.2  0.2		4.1705503158		-1.0
	31979.99999998	8.72971		-3.02038  0.2  0.2		4.1705503158		-1.0
	32009.99999998	8.30141		-2.99198  0.2  0.2		4.1705503158		-1.0
	32039.99999998	7.47847		-2.91235  0.2  0.2		4.1705503158		-1.0
	32069.99999998	6.78		-2.82706  0.2  0.2		4.1705503158		-1.0
	32099.99999998	6.29997		-2.57901  0.2  0.2		4.1705503158		-1.0
	32129.99999998	6.25933		-2.34204  0.2  0.2		4.1705503158		-1.0
	32159.99999998	6.28784		-2.10103  0.2  0.2		4.1705503158		-1.0
	32189.99999998	6.00956		-2.04811  0.2  0.2		4.1705503158		-1.0
	32219.99999998	5.8708		-1.82923  0.2  0.2		4.1705503158		-1.0
	32249.99999998	5.99345		-1.57378  0.2  0.2		4.1705503158		-1.0
	32279.99999998	6.31344		-1.67272  0.2  0.2		4.1705503158		-1.0
	32309.99999998	6.9568		-1.89558  0.2  0.2		4.1705503158		-1.0
	32339.99999998	7.76688		-1.17891  0.2  0.2		4.1705503158		-1.0
	32369.99999998	8.3084		-1.14173  0.2  0.2		4.1705503158		-1.0
	32399.99999998	8.76232		-1.00562  0.2  0.2		4.1705503158		-1.0
	32429.99999998	9.31181		-1.28402  0.2  0.2		4.1705503158		-1.0
	32459.99999998	9.4071		-1.60046  0.2  0.2		4.1705503158		-1.0
	32489.99999998	9.39186		-1.83502  0.2  0.2		4.1705503158		-1.0
	32519.99999998	9.28654		-2.08846  0.2  0.2		4.1705503158		-1.0
	32549.99999998	9.16628		-2.19127  0.2  0.2		4.1705503158		-1.0
	32579.99999998	9.15723		-2.93605  0.2  0.2		4.1705503158		-1.0
	32609.99999998	8.73418		-2.74959  0.2  0.2		4.1705503158		-1.0
	32639.99999998	8.87076		-2.42045  0.2  0.2		4.1705503158		-1.0
	32669.99999998	8.84734		-1.03694  0.2  0.2		4.1705503158		-1.0
	32699.99999998	8.65119		-1.65816  0.2  0.2		4.1705503158		-1.0
	32729.99999998	9.0587		-0.8858  0.2  0.2		4.1705503158		-1.0
	32759.99999998	9.18006		0.5376  0.2  0.2		4.1705503158		-1.0
	32789.99999998	9.48595		1.07352  0.2  0.2		4.1705503158		-1.0
	32819.99999998	9.77472		0.3857  0.2  0.2		4.1705503158		-1.0
	32849.99999998	9.63497		-0.68267  0.2  0.2		4.1705503158		-1.0
	32879.99999998	9.63897		-2.43113  0.2  0.2		4.1705503158		-1.0
	32909.99999998	9.97598		-2.4136  0.2  0.2		4.1705503158		-1.0
	32939.99999998	10.24875		-1.79113  0.2  0.2		4.1705503158		-1.0
	32969.99999998	10.37011		-1.25941  0.2  0.2		4.1705503158		-1.0
	32999.99999998	10.23954		-1.07539  0.2  0.2		4.1705503158		-1.0
	33029.99999998	10.32762		-2.05254  0.2  0.2		4.1705503158		-1.0
	33059.99999998	10.42473		-2.2837  0.2  0.2		4.1705503158		-1.0
	33089.99999998	10.7678		-2.47517  0.2  0.2		4.1705503158		-1.0
	33119.99999998	11.31006		-2.22781  0.2  0.2		4.1705503158		-1.0
	33149.99999998	11.59351		-2.11758  0.2  0.2		4.1705503158		-1.0
	33179.99999998	11.51314		-1.14989  0.2  0.2		4.1705503158		-1.0
	33209.99999998	10.993		-0.76805  0.2  0.2		4.1705503158		-1.0
	33239.99999998	10.43635		-1.12124  0.2  0.2		4.1705503158		-1.0
	33269.99999998	9.67376		-1.53451  0.2  0.2		4.1705503158		-1.0
	33299.99999998	9.3398		-1.95039  0.2  0.2		4.1705503158		-1.0
	33329.99999998	8.83223		-1.85484  0.2  0.2		4.1705503158		-1.0
	33359.99999998	8.62794		-1.95778  0.2  0.2		4.1705503158		-1.0
	33389.99999998	8.40102		-1.59255  0.2  0.2		4.1705503158		-1.0
	33419.99999998	8.19653		-1.45596  0.2  0.2		4.1705503158		-1.0
	33449.99999998	7.78282		-0.79277  0.2  0.2		4.1705503158		-1.0
	33479.99999998	7.40767		-0.44716  0.2  0.2		4.1705503158		-1.0
	33509.99999998	7.53154		-0.3673  0.2  0.2		4.1705503158		-1.0
	33539.99999998	8.11523		-0.5978  0.2  0.2		4.1705503158		-1.0
	33569.99999998	8.41319		-0.96233  0.2  0.2		4.1705503158		-1.0
	33599.99999998	8.83879		-1.11785  0.2  0.2		4.1705503158		-1.0
	33629.99999998	9.2188		-1.02841  0.2  0.2		4.1705503158		-1.0
	33659.99999998	8.79913		-0.88673  0.2  0.2		4.1705503158		-1.0
	33689.99999998	8.14153		-0.98518  0.2  0.2		4.1705503158		-1.0
	33719.99999997	7.57016		-0.65635  0.2  0.2		4.1705503158		-1.0
	33749.99999997	7.38348		-0.04019  0.2  0.2		4.1705503158		-1.0
	33779.99999997	7.64192		-0.09445  0.2  0.2		4.1705503158		-1.0
	33809.99999997	7.80381		-0.45883  0.2  0.2		4.1705503158		-1.0
	33839.99999997	8.31593		-0.81012  0.2  0.2		4.1705503158		-1.0
	33869.99999997	8.19013		-0.62014  0.2  0.2		4.1705503158		-1.0
	33899.99999997	8.25344		-0.47104  0.2  0.2		4.1705503158		-1.0
	33929.99999997	8.36346		-0.35265  0.2  0.2		4.1705503158		-1.0
	33959.99999997	8.69518		-0.78789  0.2  0.2		4.1705503158		-1.0
	33989.99999997	9.71506		-0.97565  0.2  0.2		4.1705503158		-1.0
	34019.99999997	9.96765		-1.24126  0.2  0.2		4.1705503158		-1.0
	34049.99999997	9.69192		-2.22087  0.2  0.2		4.1705503158		-1.0
	34079.99999997	9.73355		-1.77129  0.2  0.2		4.1705503158		-1.0
	34109.99999997	10.11421		-1.58263  0.2  0.2		4.1705503158		-1.0
	34139.99999997	10.58497		-1.65686  0.2  0.2		4.1705503158		-1.0
	34169.99999997	10.25724		-2.46741  0.2  0.2		4.1705503158		-1.0
	34199.99999997	10.24254		-2.68387  0.2  0.2		4.1705503158		-1.0
	34229.99999997	10.41715		-2.57585  0.2  0.2		4.1705503158		-1.0
	34259.99999997	10.41398		-2.91275  0.2  0.2		4.1705503158		-1.0
	34289.99999997	10.50412		-2.91024  0.2  0.2		4.1705503158		-1.0
	34319.99999997	11.27262		-2.3289  0.2  0.2		4.1705503158		-1.0
	34349.99999997	11.4627		-1.475  0.2  0.2		4.1705503158		-1.0
	34379.99999997	10.92054		-1.53115  0.2  0.2		4.1705503158		-1.0
	34409.99999997	10.80669		-1.98252  0.2  0.2		4.1705503158		-1.0
	34439.99999997	10.29237		-2.34343  0.2  0.2		4.1705503158		-1.0
	34469.99999997	10.01377		-1.57371  0.2  0.2		4.1705503158		-1.0
	34499.99999997	9.57184		-2.14914  0.2  0.2		4.1705503158		-1.0
	34529.99999997	9.67495		-2.0769  0.2  0.2		4.1705503158		-1.0
	34559.99999997	9.86184		-2.6687  0.2  0.2		4.1705503158		-1.0
	34589.99999997	9.81903		-2.94674  0.2  0.2		4.1705503158		-1.0
	34619.99999997	9.82667		-2.8084  0.2  0.2		4.1705503158		-1.0
	34649.99999997	9.04167		-2.95303  0.2  0.2		4.1705503158		-1.0
	34679.99999997	9.26181		-2.70372  0.2  0.2		4.1705503158		-1.0
	34709.99999997	9.68022		-2.7297  0.2  0.2		4.1705503158		-1.0
	34739.99999997	9.45837		-2.54562  0.2  0.2		4.1705503158		-1.0
	34769.99999997	9.17301		-2.62759  0.2  0.2		4.1705503158		-1.0
	34799.99999997	8.79131		-2.63113  0.2  0.2		4.1705503158		-1.0
	34829.99999997	8.47149		-2.69305  0.2  0.2		4.1705503158		-1.0
	34859.99999997	8.09876		-2.97005  0.2  0.2		4.1705503158		-1.0
	34889.99999997	7.96061		2.97113  0.2  0.2		4.1705503158		-1.0
	34919.99999997	8.47799		2.87139  0.2  0.2		4.1705503158		-1.0
	34949.99999997	8.78468		2.46811  0.2  0.2		4.1705503158		-1.0
	34979.99999997	9.00156		2.81238  0.2  0.2		4.1705503158		-1.0
	35009.99999997	9.13647		2.8484  0.2  0.2		4.1705503158		-1.0
	35039.99999997	9.00796		2.89675  0.2  0.2		4.1705503158		-1.0
	35069.99999997	8.457		3.03438  0.2  0.2		4.1705503158		-1.0
	35099.99999997	8.00881		-3.05925  0.2  0.2		4.1705503158		-1.0
	35129.99999997	7.704		-2.84722  0.2  0.2		4.1705503158		-1.0
	35159.99999997	7.49201		-3.13847  0.2  0.2		4.1705503158		-1.0
	35189.99999997	7.47852		3.04911  0.2  0.2		4.1705503158		-1.0
	35219.99999997	7.06272		-3.05676  0.2  0.2		4.1705503158		-1.0
	35249.99999997	6.29502		3.04972  0.2  0.2		4.1705503158		-1.0
	35279.99999997	6.44993		-2.9388  0.2  0.2		4.1705503158		-1.0
	35309.99999997	6.95769		-2.7291  0.2  0.2		4.1705503158		-1.0
	35339.99999997	7.74082		-2.33181  0.2  0.2		4.1705503158		-1.0
	35369.99999997	8.22583		-2.34981  0.2  0.2		4.1705503158		-1.0
	35399.99999997	7.89516		-2.39781  0.2  0.2		4.1705503158		-1.0
	35429.99999997	8.15135		-2.29526  0.2  0.2		4.1705503158		-1.0
	35459.99999997	8.30415		-2.59824  0.2  0.2		4.1705503158		-1.0
	35489.99999997	8.20672		-2.8623  0.2  0.2		4.1705503158		-1.0
	35519.99999997	7.93991		-2.94119  0.2  0.2		4.1705503158		-1.0
	35549.99999997	7.77031		-2.78682  0.2  0.2		4.1705503158		-1.0
	35579.99999997	6.9527		-2.8688  0.2  0.2		4.1705503158		-1.0
	35609.99999997	6.11659		-2.46375  0.2  0.2		4.1705503158		-1.0
	35639.99999997	5.66823		-2.55515  0.2  0.2		4.1705503158		-1.0
	35669.99999997	5.90539		-2.10103  0.2  0.2		4.1705503158		-1.0
	35699.99999997	6.83303		-1.28527  0.2  0.2		4.1705503158		-1.0
	35729.99999997	7.85702		-1.7674  0.2  0.2		4.1705503158		-1.0
	35759.99999997	8.75951		-1.47557  0.2  0.2		4.1705503158		-1.0
	35789.99999997	9.70248		-1.20238  0.2  0.2		4.1705503158		-1.0
	35819.99999997	10.7279		-1.35185  0.2  0.2		4.1705503158		-1.0
	35849.99999997	11.14467		-1.73752  0.2  0.2		4.1705503158		-1.0
	35879.99999997	11.21662		-1.49284  0.2  0.2		4.1705503158		-1.0
	35909.99999997	11.27141		-1.72468  0.2  0.2		4.1705503158		-1.0
	35939.99999997	11.14207		-2.04239  0.2  0.2		4.1705503158		-1.0
	35969.99999997	11.13769		-1.52566  0.2  0.2		4.1705503158		-1.0
	35999.99999997	11.47279		-1.78982  0.2  0.2		4.1705503158		-1.0
	36029.99999997	12.14306		-1.95005  0.2  0.2		4.1705503158		-1.0
	36059.99999997	11.98678		-1.61922  0.2  0.2		4.1705503158		-1.0
	36089.99999997	11.85022		-1.61423  0.2  0.2		4.1705503158		-1.0
	36119.99999997	11.24222		-1.43942  0.2  0.2		4.1705503158		-1.0
	36149.99999997	10.54032		-1.33874  0.2  0.2		4.1705503158		-1.0
	36179.99999997	9.9819		-1.40047  0.2  0.2		4.1705503158		-1.0
	36209.99999997	10.01569		-1.98497  0.2  0.2		4.1705503158		-1.0
	36239.99999997	10.29006		-1.89591  0.2  0.2		4.1705503158		-1.0
	36269.99999997	11.02189		-1.83931  0.2  0.2		4.1705503158		-1.0
	36299.99999997	11.77055		-2.19182  0.2  0.2		4.1705503158		-1.0
	36329.99999997	11.75454		-2.59465  0.2  0.2		4.1705503158		-1.0
	36359.99999997	12.04328		-2.77636  0.2  0.2		4.1705503158		-1.0
	36389.99999997	11.84046		-2.6572  0.2  0.2		4.1705503158		-1.0
	36419.99999997	11.38296		-2.63702  0.2  0.2		4.1705503158		-1.0
	36449.99999997	11.47231		-2.58706  0.2  0.2		4.1705503158		-1.0
	36479.99999997	11.72023		-2.37936  0.2  0.2		4.1705503158		-1.0
	36509.99999997	11.91808		-2.35689  0.2  0.2		4.1705503158		-1.0
	36539.99999997	12.02964		-2.73485  0.2  0.2		4.1705503158		-1.0
	36569.99999997	11.92031		-3.08708  0.2  0.2		4.1705503158		-1.0
	36599.99999997	12.11313		3.12202  0.2  0.2		4.1705503158		-1.0
	36629.99999997	11.65071		2.73326  0.2  0.2		4.1705503158		-1.0
	36659.99999997	11.0608		2.9832  0.2  0.2		4.1705503158		-1.0
	36689.99999997	10.71216		-2.73342  0.2  0.2		4.1705503158		-1.0
	36719.99999997	10.48816		-2.58138  0.2  0.2		4.1705503158		-1.0
	36749.99999997	10.68136		-2.1984  0.2  0.2		4.1705503158		-1.0
	36779.99999997	10.6293		-1.94883  0.2  0.2		4.1705503158		-1.0
	36809.99999997	10.23889		-1.45421  0.2  0.2		4.1705503158		-1.0
	36839.99999997	10.02532		-2.23992  0.2  0.2		4.1705503158		-1.0
	36869.99999997	9.35661		-2.58006  0.2  0.2		4.1705503158		-1.0
	36899.99999997	8.78672		-2.18127  0.2  0.2		4.1705503158		-1.0
	36929.99999997	8.03106		-2.44798  0.2  0.2		4.1705503158		-1.0
	36959.99999997	7.39756		-2.17497  0.2  0.2		4.1705503158		-1.0
	36989.99999997	7.1309		-1.53292  0.2  0.2		4.1705503158		-1.0
	37019.99999997	6.97308		-1.31304  0.2  0.2		4.1705503158		-1.0
	37049.99999997	7.27982		-1.15943  0.2  0.2		4.1705503158		-1.0
	37079.99999997	7.8387		-0.9519  0.2  0.2		4.1705503158		-1.0
	37109.99999997	7.54614		-0.81467  0.2  0.2		4.1705503158		-1.0
	37139.99999997	6.39463		-0.81686  0.2  0.2		4.1705503158		-1.0
	37169.99999997	5.29399		-1.06807  0.2  0.2		4.1705503158		-1.0
	37199.99999997	5.29018		-1.39502  0.2  0.2		4.1705503158		-1.0
	37229.99999997	6.19972		-1.03801  0.2  0.2		4.1705503158		-1.0
	37259.99999997	7.12742		-0.45806  0.2  0.2		4.1705503158		-1.0
	37289.99999997	7.42526		-0.71445  0.2  0.2		4.1705503158		-1.0
	37319.99999997	6.43924		-0.75705  0.2  0.2		4.1705503158		-1.0
	37349.99999997	5.41229		-0.77425  0.2  0.2		4.1705503158		-1.0
	37379.99999997	5.0807		-0.82263  0.2  0.2		4.1705503158		-1.0
	37409.99999997	5.05254		-1.01617  0.2  0.2		4.1705503158		-1.0
	37439.99999997	5.04268		-1.43937  0.2  0.2		4.1705503158		-1.0
	37469.99999997	4.62244		-1.2401  0.2  0.2		4.1705503158		-1.0
	37499.99999997	4.11278		-1.03773  0.2  0.2		4.1705503158		-1.0
	37529.99999997	3.92164		-1.54114  0.2  0.2		4.1705503158		-1.0
	37559.99999997	3.15068		-1.21033  0.2  0.2		4.1705503158		-1.0
	37589.99999997	3.03029		-0.85004  0.2  0.2		4.1705503158		-1.0
	37619.99999997	3.85887		-0.86029  0.2  0.2		4.1705503158		-1.0
	37649.99999997	3.36926		-0.52114  0.2  0.2		4.1705503158		-1.0
	37679.99999997	3.73573		-0.37348  0.2  0.2		4.1705503158		-1.0
	37709.99999997	3.44493		-0.52236  0.2  0.2		4.1705503158		-1.0
	37739.99999997	4.03762		-0.79713  0.2  0.2		4.1705503158		-1.0
	37769.99999997	3.20408		-0.51197  0.2  0.2		4.1705503158		-1.0
	37799.99999997	2.58148		-0.35754  0.2  0.2		4.1705503158		-1.0
	37829.99999997	3.38186		-0.39394  0.2  0.2		4.1705503158		-1.0
	37859.99999997	4.30573		-0.6041  0.2  0.2		4.1705503158		-1.0
	37889.99999997	4.53269		-0.79277  0.2  0.2		4.1705503158		-1.0
	37919.99999997	4.57743		-0.6565  0.2  0.2		4.1705503158		-1.0
	37949.99999997	4.47768		-0.54862  0.2  0.2		4.1705503158		-1.0
	37979.99999997	3.55994		-0.3904  0.2  0.2		4.1705503158		-1.0
	38009.99999997	3.7748		-0.547  0.2  0.2		4.1705503158		-1.0
	38039.99999997	3.69174		-0.4465  0.2  0.2		4.1705503158		-1.0
	38069.99999997	3.9788		-0.158  0.2  0.2		4.1705503158		-1.0
	38099.99999997	3.51742		-0.06762  0.2  0.2		4.1705503158		-1.0
	38129.99999997	3.88194		-0.01921  0.2  0.2		4.1705503158		-1.0
	38159.99999997	3.40288		-0.29871  0.2  0.2		4.1705503158		-1.0
	38189.99999997	2.66694		-0.5452  0.2  0.2		4.1705503158		-1.0
	38219.99999997	3.1764		-0.49239  0.2  0.2		4.1705503158		-1.0
	38249.99999997	2.92018		-0.31282  0.2  0.2		4.1705503158		-1.0
	38279.99999997	3.87		-0.27162  0.2  0.2		4.1705503158		-1.0
	38309.99999997	4.1222		-0.359  0.2  0.2		4.1705503158		-1.0
	38339.99999997	3.31781		-0.33136  0.2  0.2		4.1705503158		-1.0
	38369.99999997	2.84764		-0.05133  0.2  0.2		4.1705503158		-1.0
	38399.99999997	2.75624		0.21087  0.2  0.2		4.1705503158		-1.0
	38429.99999997	2.70168		0.52802  0.2  0.2		4.1705503158		-1.0
	38459.99999997	2.59121		1.06065  0.2  0.2		4.1705503158		-1.0
	38489.99999997	2.6112		1.65156  0.2  0.2		4.1705503158		-1.0
	38519.99999997	2.72705		1.82627  0.2  0.2		4.1705503158		-1.0
	38549.99999997	2.68027		1.95138  0.2  0.2		4.1705503158		-1.0
	38579.99999997	2.69296		2.05619  0.2  0.2		4.1705503158		-1.0
	38609.99999997	2.85693		2.03377  0.2  0.2		4.1705503158		-1.0
	38639.99999997	2.91129		2.04657  0.2  0.2		4.1705503158		-1.0
	38669.99999997	3.73882		2.22134  0.2  0.2		4.1705503158		-1.0
	38699.99999997	3.08692		2.26129  0.2  0.2		4.1705503158		-1.0
	38729.99999997	3.68819		2.38594  0.2  0.2		4.1705503158		-1.0
	38759.99999997	3.05722		2.5622  0.2  0.2		4.1705503158		-1.0
	38789.99999997	2.72824		2.47687  0.2  0.2		4.1705503158		-1.0
	38819.99999997	3.69336		2.42033  0.2  0.2		4.1705503158		-1.0
	38849.99999997	3.261		2.48015  0.2  0.2		4.1705503158		-1.0
	38879.99999997	3.59926		2.76435  0.2  0.2		4.1705503158		-1.0
	38909.99999997	3.14163		2.66839  0.2  0.2		4.1705503158		-1.0
	38939.99999997	3.53354		2.32833  0.2  0.2		4.1705503158		-1.0
	38969.99999997	3.38818		2.3087  0.2  0.2		4.1705503158		-1.0
	38999.99999997	3.36074		2.42535  0.2  0.2		4.1705503158		-1.0
	39029.99999997	3.39699		2.17095  0.2  0.2		4.1705503158		-1.0
	39059.99999997	3.4373		2.06497  0.2  0.2		4.1705503158		-1.0
	39089.99999997	3.55913		2.13039  0.2  0.2		4.1705503158		-1.0
	39119.99999997	3.81528		2.00386  0.2  0.2		4.1705503158		-1.0
	39149.99999997	3.37595		2.12463  0.2  0.2		4.1705503158		-1.0
	39179.99999997	2.65173		2.20127  0.2  0.2		4.1705503158		-1.0
	39209.99999997	3.34755		2.26244  0.2  0.2		4.1705503158		-1.0
	39239.99999997	4.1393		2.23307  0.2  0.2		4.1705503158		-1.0
	39269.99999997	3.71045		2.37489  0.2  0.2		4.1705503158		-1.0
	39299.99999997	3.40845		2.72053  0.2  0.2		4.1705503158		-1.0
	39329.99999997	4.23113		2.79312  0.2  0.2		4.1705503158		-1.0
	39359.99999997	3.64757		2.70851  0.2  0.2		4.1705503158		-1.0
	39389.99999997	3.16142		2.92172  0.2  0.2		4.1705503158		-1.0
	39419.99999997	3.66345		2.96625  0.2  0.2		4.1705503158		-1.0
	39449.99999997	3.93267		2.85425  0.2  0.2		4.1705503158		-1.0
	39479.99999997	3.54807		2.83085  0.2  0.2		4.1705503158		-1.0
	39509.99999997	2.49324		2.79013  0.2  0.2		4.1705503158		-1.0
	39539.99999997	3.52624		2.71315  0.2  0.2		4.1705503158		-1.0
	39569.99999997	4.13149		2.6267  0.2  0.2		4.1705503158		-1.0
	39599.99999997	3.73654		2.73563  0.2  0.2		4.1705503158		-1.0
	39629.99999997	4.29342		2.74244  0.2  0.2		4.1705503158		-1.0
	39659.99999997	4.73829		2.58467  0.2  0.2		4.1705503158		-1.0
	39689.99999997	5.17526		2.46936  0.2  0.2		4.1705503158		-1.0
	39719.99999997	5.31503		2.56632  0.2  0.2		4.1705503158		-1.0
	39749.99999997	5.53032		2.70577  0.2  0.2		4.1705503158		-1.0
	39779.99999997	5.79301		2.79522  0.2  0.2		4.1705503158		-1.0
	39809.99999997	5.28354		2.66039  0.2  0.2		4.1705503158		-1.0
	39839.99999997	4.45338		2.75659  0.2  0.2		4.1705503158		-1.0
	39869.99999997	3.32343		2.4962  0.2  0.2		4.1705503158		-1.0
	39899.99999997	3.2298		2.3854  0.2  0.2		4.1705503158		-1.0
	39929.99999997	3.68336		2.38303  0.2  0.2		4.1705503158		-1.0
	39959.99999997	3.28496		2.30265  0.2  0.2		4.1705503158		-1.0
	39989.99999997	2.59861		2.54063  0.2  0.2		4.1705503158		-1.0
	40019.99999997	2.74094		2.74246  0.2  0.2		4.1705503158		-1.0
	40049.99999997	3.37502		2.93155  0.2  0.2		4.1705503158		-1.0
	40079.99999997	3.1799		-3.11048  0.2  0.2		4.1705503158		-1.0
	40109.99999997	3.08364		-2.96566  0.2  0.2		4.1705503158		-1.0
	40139.99999997	3.23697		2.88301  0.2  0.2		4.1705503158		-1.0
	40169.99999997	2.78377		2.73666  0.2  0.2		4.1705503158		-1.0
	40199.99999997	2.63185		2.86476  0.2  0.2		4.1705503158		-1.0
	40229.99999996	2.71415		-3.0723  0.2  0.2		4.1705503158		-1.0
	40259.99999996	2.4966		-2.88579  0.2  0.2		4.1705503158		-1.0
	40289.99999996	2.52185		-2.77854  0.2  0.2		4.1705503158		-1.0
	40319.99999996	2.71619		-2.82982  0.2  0.2		4.1705503158		-1.0
	40349.99999996	2.56096		-2.73558  0.2  0.2		4.1705503158		-1.0
	40379.99999996	2.68237		-2.4027  0.2  0.2		4.1705503158		-1.0
	40409.99999996	2.62709		-2.17033  0.2  0.2		4.1705503158		-1.0
	40439.99999996	2.56566		-2.20659  0.2  0.2		4.1705503158		-1.0
	40469.99999996	2.61666		-2.32541  0.2  0.2		4.1705503158		-1.0
	40499.99999996	2.80309		-2.50216  0.2  0.2		4.1705503158		-1.0
	40529.99999996	2.61727		-2.66173  0.2  0.2		4.1705503158		-1.0
	40559.99999996	2.52461		-2.55904  0.2  0.2		4.1705503158		-1.0
	40589.99999996	2.61627		-2.44389  0.2  0.2		4.1705503158		-1.0
	40619.99999996	2.79642		-2.09424  0.2  0.2		4.1705503158		-1.0
	40649.99999996	2.76036		-2.08131  0.2  0.2		4.1705503158		-1.0
	40679.99999996	2.72779		-2.22671  0.2  0.2		4.1705503158		-1.0
	40709.99999996	2.74113		-2.27711  0.2  0.2		4.1705503158		-1.0
	40739.99999996	2.59159		-2.41368  0.2  0.2		4.1705503158		-1.0
	40769.99999996	2.59142		-3.01968  0.2  0.2		4.1705503158		-1.0
	40799.99999996	2.71155		2.69696  0.2  0.2		4.1705503158		-1.0
	40829.99999996	2.55954		2.32564  0.2  0.2		4.1705503158		-1.0
	40859.99999996	2.53593		2.27435  0.2  0.2		4.1705503158		-1.0
	40889.99999996	2.57713		2.33153  0.2  0.2		4.1705503158		-1.0
	40919.99999996	2.59869		2.46247  0.2  0.2		4.1705503158		-1.0
	40949.99999996	2.80596		2.28907  0.2  0.2		4.1705503158		-1.0
	40979.99999996	2.87878		2.20465  0.2  0.2		4.1705503158		-1.0
	41009.99999996	2.7231		2.36035  0.2  0.2		4.1705503158		-1.0
	41039.99999996	2.80003		2.5136  0.2  0.2		4.1705503158		-1.0
	41069.99999996	2.77159		2.47316  0.2  0.2		4.1705503158		-1.0
	41099.99999996	2.96042		2.51284  0.2  0.2		4.1705503158		-1.0
	41129.99999996	2.51665		2.11275  0.2  0.2		4.1705503158		-1.0
	41159.99999996	2.9855		1.99904  0.2  0.2		4.1705503158		-1.0
	41189.99999996	2.71974		2.00295  0.2  0.2		4.1705503158		-1.0
	41219.99999996	2.68037		2.09708  0.2  0.2		4.1705503158		-1.0
	41249.99999996	2.49784		1.98513  0.2  0.2		4.1705503158		-1.0
	41279.99999996	3.23602		1.82322  0.2  0.2		4.1705503158		-1.0
	41309.99999996	3.73641		1.71693  0.2  0.2		4.1705503158		-1.0
	41339.99999996	3.39171		1.86989  0.2  0.2		4.1705503158		-1.0
	41369.99999996	2.88999		2.39041  0.2  0.2		4.1705503158		-1.0
	41399.99999996	2.73849		2.70759  0.2  0.2		4.1705503158		-1.0
	41429.99999996	2.66415		2.92926  0.2  0.2		4.1705503158		-1.0
	41459.99999996	2.70608		3.13545  0.2  0.2		4.1705503158		-1.0
	41489.99999996	2.80332		3.13715  0.2  0.2		4.1705503158		-1.0
	41519.99999996	2.84716		2.97514  0.2  0.2		4.1705503158		-1.0
	41549.99999996	3.1978		3.09355  0.2  0.2		4.1705503158		-1.0
	41579.99999996	3.78479		-2.88324  0.2  0.2		4.1705503158		-1.0
	41609.99999996	3.52056		-2.97246  0.2  0.2		4.1705503158		-1.0
	41639.99999996	3.27101		3.01901  0.2  0.2		4.1705503158		-1.0
	41669.99999996	4.01267		3.13494  0.2  0.2		4.1705503158		-1.0
	41699.99999996	3.53459		2.90183  0.2  0.2		4.1705503158		-1.0
	41729.99999996	2.98746		2.77191  0.2  0.2		4.1705503158		-1.0
	41759.99999996	3.48317		2.67611  0.2  0.2		4.1705503158		-1.0
	41789.99999996	3.12445		2.61422  0.2  0.2		4.1705503158		-1.0
	41819.99999996	3.50678		2.617  0.2  0.2		4.1705503158		-1.0
	41849.99999996	3.10738		2.55603  0.2  0.2		4.1705503158		-1.0
	41879.99999996	3.78741		2.51148  0.2  0.2		4.1705503158		-1.0
	41909.99999996	4.94729		2.41338  0.2  0.2		4.1705503158		-1.0
	41939.99999996	5.31501		2.61507  0.2  0.2		4.1705503158		-1.0
	41969.99999996	5.84242		2.65536  0.2  0.2		4.1705503158		-1.0
	41999.99999996	5.64207		2.67968  0.2  0.2		4.1705503158		-1.0
	42029.99999996	5.33333		3.00442  0.2  0.2		4.1705503158		-1.0
	42059.99999996	5.5108		3.04058  0.2  0.2		4.1705503158		-1.0
	42089.99999996	6.16839		3.02017  0.2  0.2		4.1705503158		-1.0
	42119.99999996	6.67371		2.98791  0.2  0.2		4.1705503158		-1.0
	42149.99999996	7.39493		2.89541  0.2  0.2		4.1705503158		-1.0
	42179.99999996	7.40032		2.90455  0.2  0.2		4.1705503158		-1.0
	42209.99999996	7.76641		3.05607  0.2  0.2		4.1705503158		-1.0
	42239.99999996	8.17376		2.70567  0.2  0.2		4.1705503158		-1.0
	42269.99999996	8.28959		2.01576  0.2  0.2		4.1705503158		-1.0
	42299.99999996	8.90763		2.65329  0.2  0.2		4.1705503158		-1.0
	42329.99999996	9.15851		2.84523  0.2  0.2		4.1705503158		-1.0
	42359.99999996	9.88126		3.00569  0.2  0.2		4.1705503158		-1.0
	42389.99999996	10.57911		2.99281  0.2  0.2		4.1705503158		-1.0
	42419.99999996	11.55244		2.93475  0.2  0.2		4.1705503158		-1.0
	42449.99999996	11.93867		2.86207  0.2  0.2		4.1705503158		-1.0
	42479.99999996	12.08694		2.84106  0.2  0.2		4.1705503158		-1.0
	42509.99999996	11.1949		2.86389  0.2  0.2		4.1705503158		-1.0
	42539.99999996	10.14792		2.78197  0.2  0.2		4.1705503158		-1.0
	42569.99999996	9.43775		1.90838  0.2  0.2		4.1705503158		-1.0
	42599.99999996	9.17758		1.55264  0.2  0.2		4.1705503158		-1.0
	42629.99999996	8.89904		1.81241  0.2  0.2		4.1705503158		-1.0
	42659.99999996	8.87599		3.12364  0.2  0.2		4.1705503158		-1.0
	42689.99999996	8.94937		-2.87071  0.2  0.2		4.1705503158		-1.0
	42719.99999996	9.27431		-3.11576  0.2  0.2		4.1705503158		-1.0
	42749.99999996	9.77158		3.13469  0.2  0.2		4.1705503158		-1.0
	42779.99999996	9.48373		-2.93797  0.2  0.2		4.1705503158		-1.0
	42809.99999996	9.56386		-2.68655  0.2  0.2		4.1705503158		-1.0
	42839.99999996	9.83185		-2.66477  0.2  0.2		4.1705503158		-1.0
	42869.99999996	9.44775		-3.0207  0.2  0.2		4.1705503158		-1.0
	42899.99999996	9.47782		-2.92527  0.2  0.2		4.1705503158		-1.0
	42929.99999996	9.45387		-2.94032  0.2  0.2		4.1705503158		-1.0
	42959.99999996	8.56347		3.10774  0.2  0.2		4.1705503158		-1.0
	42989.99999996	7.9986		2.63705  0.2  0.2		4.1705503158		-1.0
	43019.99999996	7.85348		1.6226  0.2  0.2		4.1705503158		-1.0
	43049.99999996	8.32475		1.7851  0.2  0.2		4.1705503158		-1.0
	43079.99999996	8.18426		1.96222  0.2  0.2		4.1705503158		-1.0
	43109.99999996	8.21585		2.59413  0.2  0.2		4.1705503158		-1.0
	43139.99999996	8.82049		1.87296  0.2  0.2		4.1705503158		-1.0
	43169.99999996	8.67492		1.31556  0.2  0.2		4.1705503158		-1.0
	43199.99999996	8.9616		1.04565  0.2  0.2		4.1705503158		-1.0
	43229.99999996	9.2811		1.64371  0.2  0.2		4.1705503158		-1.0
	43259.99999996	9.47665		2.26  0.2  0.2		4.1705503158		-1.0
	43289.99999996	9.91327		2.75918  0.2  0.2		4.1705503158		-1.0
	43319.99999996	10.4405		-3.04752  0.2  0.2		4.1705503158		-1.0
	43349.99999996	10.99327		2.93038  0.2  0.2		4.1705503158		-1.0
	43379.99999996	11.3194		2.77701  0.2  0.2		4.1705503158		-1.0
	43409.99999996	10.79536		2.56611  0.2  0.2		4.1705503158		-1.0
	43439.99999996	9.79755		2.37412  0.2  0.2		4.1705503158		-1.0
	43469.99999996	9.13738		2.56305  0.2  0.2		4.1705503158		-1.0
	43499.99999996	8.70463		2.47621  0.2  0.2		4.1705503158		-1.0
	43529.99999996	8.29458		2.14875  0.2  0.2		4.1705503158		-1.0
	43559.99999996	7.71756		2.61147  0.2  0.2		4.1705503158		-1.0
	43589.99999996	7.22898		2.77877  0.2  0.2		4.1705503158		-1.0
	43619.99999996	6.74246		1.79981  0.2  0.2		4.1705503158		-1.0
	43649.99999996	6.60813		-0.10352  0.2  0.2		4.1705503158		-1.0
	43679.99999996	7.07376		-0.90599  0.2  0.2		4.1705503158		-1.0
	43709.99999996	7.27042		-1.2818  0.2  0.2		4.1705503158		-1.0
	43739.99999996	7.34907		-1.50373  0.2  0.2		4.1705503158		-1.0
	43769.99999996	7.60357		-1.03315  0.2  0.2		4.1705503158		-1.0
	43799.99999996	7.16695		-0.88142  0.2  0.2		4.1705503158		-1.0
	43829.99999996	6.34966		-1.18347  0.2  0.2		4.1705503158		-1.0
	43859.99999996	6.12873		-2.12594  0.2  0.2		4.1705503158		-1.0
	43889.99999996	6.21089		-2.35273  0.2  0.2		4.1705503158		-1.0
	43919.99999996	6.60142		-1.6397  0.2  0.2		4.1705503158		-1.0
	43949.99999996	7.00709		-1.32275  0.2  0.2		4.1705503158		-1.0
	43979.99999996	6.5334		-0.83583  0.2  0.2		4.1705503158		-1.0
