	30.00000000	2.82411		-2.75894  0.2  0.2		4.1705503158		-1.0
	60.00000000	2.85706		-2.99823  0.2  0.2		4.1705503158		-1.0
	90.00000000	2.82773		3.06832  0.2  0.2		4.1705503158		-1.0
	120.00000000	2.97445		2.9883  0.2  0.2		4.1705503158		-1.0
	150.00000000	3.04056		2.83763  0.2  0.2		4.1705503158		-1.0
	180.00000000	3.22587		2.7597  0.2  0.2		4.1705503158		-1.0
	210.00000000	3.09598		2.77566  0.2  0.2		4.1705503158		-1.0
	240.00000000	3.00493		2.86941  0.2  0.2		4.1705503158		-1.0
	270.00000000	2.86318		2.91253  0.2  0.2		4.1705503158		-1.0
	300.00000000	2.7523		3.10751  0.2  0.2		4.1705503158		-1.0
	330.00000000	2.82543		-2.83618  0.2  0.2		4.1705503158		-1.0
	360.00000000	2.96831		-2.43977  0.2  0.2		4.1705503158		-1.0
	390.00000000	3.01923		-2.37378  0.2  0.2		4.1705503158		-1.0
	420.00000000	3.03302		-2.59436  0.2  0.2		4.1705503158		-1.0
	450.00000000	2.96865		-2.8907  0.2  0.2		4.1705503158		-1.0
	480.00000000	2.8704		-2.82912  0.2  0.2		4.1705503158		-1.0
	510.00000000	3.08255		-3.00393  0.2  0.2		4.1705503158		-1.0
	540.00000000	2.84649		2.99591  0.2  0.2		4.1705503158		-1.0
	570.00000000	2.88621		2.97682  0.2  0.2		4.1705503158		-1.0
	600.00000000	2.78924		3.09091  0.2  0.2		4.1705503158		-1.0
	630.00000000	3.1656		-3.09961  0.2  0.2		4.1705503158		-1.0
	660.00000000	2.89395		-2.86024  0.2  0.2		4.1705503158		-1.0
	690.00000000	2.7725		-2.68688  0.2  0.2		4.1705503158		-1.0
	720.00000000	3.04657		-2.68552  0.2  0.2		4.1705503158		-1.0
	750.00000000	3.13272		-2.79709  0.2  0.2		4.1705503158		-1.0
	780.00000000	2.73148		-2.93412  0.2  0.2		4.1705503158		-1.0
	810.00000000	3.14063		-3.02857  0.2  0.2		4.1705503158		-1.0
	840.00000000	2.87956		-3.13878  0.2  0.2		4.1705503158		-1.0
	870.00000000	2.91832		3.04622  0.2  0.2		4.1705503158		-1.0
	900.00000000	2.89167		2.72188  0.2  0.2		4.1705503158		-1.0
	930.00000000	2.91209		2.40751  0.2  0.2		4.1705503158		-1.0
	960.00000000	2.93503		2.18798  0.2  0.2		4.1705503158		-1.0
	990.00000000	2.83701		2.2149  0.2  0.2		4.1705503158		-1.0
	1020.00000000	2.82362		2.42524  0.2  0.2		4.1705503158		-1.0
	1050.00000000	3.01159		2.62607  0.2  0.2		4.1705503158		-1.0
	1080.00000000	3.03759		2.71356  0.2  0.2		4.1705503158		-1.0
	1110.00000000	3.02321		2.35066  0.2  0.2		4.1705503158		-1.0
	1140.00000000	2.96565		2.0439  0.2  0.2		4.1705503158		-1.0
	1170.00000000	2.96722		2.00302  0.2  0.2		4.1705503158		-1.0
	1200.00000000	3.16098		2.26987  0.2  0.2		4.1705503158		-1.0
	1230.00000000	2.92182		2.45931  0.2  0.2		4.1705503158		-1.0
	1260.00000000	3.09379		2.37389  0.2  0.2		4.1705503158		-1.0
	1290.00000000	2.98395		2.18218  0.2  0.2		4.1705503158		-1.0
	1320.00000000	3.07332		2.22699  0.2  0.2		4.1705503158		-1.0
	1350.00000000	3.09319		2.3098  0.2  0.2		4.1705503158		-1.0
	1380.00000000	2.77361		2.4324  0.2  0.2		4.1705503158		-1.0
	1410.00000000	3.16306		2.58924  0.2  0.2		4.1705503158		-1.0
	1440.00000000	2.69893		2.56847  0.2  0.2		4.1705503158		-1.0
	1470.00000000	3.00532		2.58429  0.2  0.2		4.1705503158		-1.0
	1500.00000000	2.98307		2.70499  0.2  0.2		4.1705503158		-1.0
	1530.00000000	2.77891		2.56654  0.2  0.2		4.1705503158		-1.0
	1560.00000000	2.82155		2.57547  0.2  0.2		4.1705503158		-1.0
	1590.00000000	2.80773		2.43715  0.2  0.2		4.1705503158		-1.0
	1620.00000000	2.81393		2.11532  0.2  0.2		4.1705503158		-1.0
	1650.00000000	2.94424		2.00918  0.2  0.2		4.1705503158		-1.0
	1680.00000000	3.05467		1.85337  0.2  0.2		4.1705503158		-1.0
	1710.00000000	2.91557		1.72774  0.2  0.2		4.1705503158		-1.0
	1740.00000000	2.73925		1.5871  0.2  0.2		4.1705503158		-1.0
	1770.00000000	2.78728		1.60353  0.2  0.2		4.1705503158		-1.0
	1800.00000000	3.18349		1.60744  0.2  0.2		4.1705503158		-1.0
	1830.00000000	3.1987		1.56504  0.2  0.2		4.1705503158		-1.0
	1860.00000000	3.03128		1.4906  0.2  0.2		4.1705503158		-1.0
	1890.00000000	2.94329		1.39877  0.2  0.2		4.1705503158		-1.0
	1920.00000000	2.83931		1.54094  0.2  0.2		4.1705503158		-1.0
	1950.00000000	2.86139		1.67071  0.2  0.2		4.1705503158		-1.0
	1980.00000000	2.79755		1.69442  0.2  0.2		4.1705503158		-1.0
	2010.00000000	3.17112		1.77098  0.2  0.2		4.1705503158		-1.0
	2040.00000000	2.94924		1.70635  0.2  0.2		4.1705503158		-1.0
	2070.00000000	2.85165		1.40564  0.2  0.2		4.1705503158		-1.0
	2100.00000000	2.8633		0.89835  0.2  0.2		4.1705503158		-1.0
	2130.00000000	2.96896		0.90407  0.2  0.2		4.1705503158		-1.0
	2160.00000000	3.0372		1.34492  0.2  0.2		4.1705503158		-1.0
	2190.00000000	2.84084		1.11834  0.2  0.2		4.1705503158		-1.0
	2220.00000000	2.95791		0.70159  0.2  0.2		4.1705503158		-1.0
	2250.00000000	3.01778		0.82837  0.2  0.2		4.1705503158		-1.0
	2280.00000000	2.87263		1.2236  0.2  0.2		4.1705503158		-1.0
	2310.00000000	2.82409		0.98802  0.2  0.2		4.1705503158		-1.0
	2340.00000000	2.8363		0.40628  0.2  0.2		4.1705503158		-1.0
	2370.00000000	2.93405		0.20328  0.2  0.2		4.1705503158		-1.0
	2400.00000000	3.06133		0.02222  0.2  0.2		4.1705503158		-1.0
	2430.00000000	3.04015		-0.3262  0.2  0.2		4.1705503158		-1.0
	2460.00000000	2.91848		-0.56133  0.2  0.2		4.1705503158		-1.0
	2490.00000000	2.96886		-0.57176  0.2  0.2		4.1705503158		-1.0
	2520.00000000	2.92736		-0.79495  0.2  0.2		4.1705503158		-1.0
	2550.00000000	2.95809		-1.13027  0.2  0.2		4.1705503158		-1.0
	2580.00000000	2.91544		-1.1571  0.2  0.2		4.1705503158		-1.0
	2610.00000000	2.8486		-1.25466  0.2  0.2		4.1705503158		-1.0
	2640.00000000	2.86889		-1.07665  0.2  0.2		4.1705503158		-1.0
	2670.00000000	2.91792		-0.80525  0.2  0.2		4.1705503158		-1.0
	2700.00000000	2.86033		-0.63715  0.2  0.2		4.1705503158		-1.0
	2730.00000000	2.87344		-1.0232  0.2  0.2		4.1705503158		-1.0
	2760.00000000	2.88938		-1.56302  0.2  0.2		4.1705503158		-1.0
	2790.00000000	2.8547		-1.76626  0.2  0.2		4.1705503158		-1.0
	2820.00000000	2.82205		-1.39689  0.2  0.2		4.1705503158		-1.0
	2850.00000000	2.95146		-1.10245  0.2  0.2		4.1705503158		-1.0
	2880.00000000	2.98709		-1.23882  0.2  0.2		4.1705503158		-1.0
	2910.00000000	2.86962		-1.43352  0.2  0.2		4.1705503158		-1.0
	2940.00000000	2.9159		-1.53867  0.2  0.2		4.1705503158		-1.0
	2970.00000000	2.91485		-1.50434  0.2  0.2		4.1705503158		-1.0
	3000.00000000	2.79871		-1.45223  0.2  0.2		4.1705503158		-1.0
	3030.00000000	2.91741		-1.6665  0.2  0.2		4.1705503158		-1.0
	3060.00000000	2.91993		-2.05076  0.2  0.2		4.1705503158		-1.0
	3090.00000000	3.03135		-1.93713  0.2  0.2		4.1705503158		-1.0
	3120.00000000	2.94066		-1.94224  0.2  0.2		4.1705503158		-1.0
	3150.00000000	2.86668		-2.14395  0.2  0.2		4.1705503158		-1.0
	3180.00000000	2.79426		-2.32069  0.2  0.2		4.1705503158		-1.0
	3210.00000000	2.81523		-2.4573  0.2  0.2		4.1705503158		-1.0
	3240.00000000	3.11944		-2.32569  0.2  0.2		4.1705503158		-1.0
	3270.00000000	2.92827		-2.4399  0.2  0.2		4.1705503158		-1.0
	3300.00000000	3.18206		-2.75376  0.2  0.2		4.1705503158		-1.0
	3330.00000000	2.98821		-2.73583  0.2  0.2		4.1705503158		-1.0
	3360.00000000	3.02139		-2.37854  0.2  0.2		4.1705503158		-1.0
	3390.00000000	2.86957		-2.02796  0.2  0.2		4.1705503158		-1.0
	3420.00000000	2.8457		-1.98131  0.2  0.2		4.1705503158		-1.0
	3450.00000000	3.01272		-1.96059  0.2  0.2		4.1705503158		-1.0
	3480.00000000	3.12743		-1.86058  0.2  0.2		4.1705503158		-1.0
	3510.00000000	3.02305		-1.74922  0.2  0.2		4.1705503158		-1.0
	3540.00000000	3.06951		-1.8478  0.2  0.2		4.1705503158		-1.0
	3570.00000000	2.76971		-1.82693  0.2  0.2		4.1705503158		-1.0
	3600.00000000	2.79788		-1.76904  0.2  0.2		4.1705503158		-1.0
	3630.00000000	2.81568		-1.77094  0.2  0.2		4.1705503158		-1.0
	3660.00000000	2.7044		-1.60338  0.2  0.2		4.1705503158		-1.0
	3690.00000000	3.43255		-1.62322  0.2  0.2		4.1705503158		-1.0
	3720.00000000	2.75342		-1.55797  0.2  0.2		4.1705503158		-1.0
	3750.00000000	3.09464		-1.35968  0.2  0.2		4.1705503158		-1.0
	3780.00000000	3.20161		-1.32162  0.2  0.2		4.1705503158		-1.0
	3810.00000000	2.59764		-1.41295  0.2  0.2		4.1705503158		-1.0
	3840.00000000	2.85812		-1.27457  0.2  0.2		4.1705503158		-1.0
	3870.00000000	3.10213		-0.92119  0.2  0.2		4.1705503158		-1.0
	3900.00000000	2.69233		-0.76558  0.2  0.2		4.1705503158		-1.0
	3930.00000000	3.16285		-0.76673  0.2  0.2		4.1705503158		-1.0
	3960.00000000	2.83202		-0.97877  0.2  0.2		4.1705503158		-1.0
	3990.00000000	2.72063		-1.18664  0.2  0.2		4.1705503158		-1.0
	4020.00000000	3.03344		-1.32834  0.2  0.2		4.1705503158		-1.0
	4050.00000000	3.19645		-1.06118  0.2  0.2		4.1705503158		-1.0
	4080.00000000	2.72231		-0.81662  0.2  0.2		4.1705503158		-1.0
	4110.00000000	2.79228		-0.3601  0.2  0.2		4.1705503158		-1.0
	4140.00000000	3.03996		-0.29867  0.2  0.2		4.1705503158		-1.0
	4170.00000000	2.79371		-0.69953  0.2  0.2		4.1705503158		-1.0
	4200.00000000	2.86193		-0.89545  0.2  0.2		4.1705503158		-1.0
	4230.00000000	3.13191		-0.81704  0.2  0.2		4.1705503158		-1.0
	4260.00000000	3.00978		-0.27271  0.2  0.2		4.1705503158		-1.0
	4290.00000000	2.93213		0.17817  0.2  0.2		4.1705503158		-1.0
	4320.00000000	3.06924		0.54991  0.2  0.2		4.1705503158		-1.0
	4350.00000000	3.1292		0.48823  0.2  0.2		4.1705503158		-1.0
	4380.00000000	2.77847		0.39752  0.2  0.2		4.1705503158		-1.0
	4410.00000000	3.02885		0.72898  0.2  0.2		4.1705503158		-1.0
	4440.00000000	2.9607		1.0517  0.2  0.2		4.1705503158		-1.0
	4470.00000000	3.10587		1.19223  0.2  0.2		4.1705503158		-1.0
	4500.00000000	3.04163		1.19795  0.2  0.2		4.1705503158		-1.0
	4530.00000000	3.34698		1.34352  0.2  0.2		4.1705503158		-1.0
	4560.00000000	2.73249		1.40299  0.2  0.2		4.1705503158		-1.0
	4590.00000000	3.09263		1.22885  0.2  0.2		4.1705503158		-1.0
	4620.00000000	2.82717		1.14606  0.2  0.2		4.1705503158		-1.0
	4650.00000000	2.85789		0.94687  0.2  0.2		4.1705503158		-1.0
	4680.00000000	2.82262		0.77442  0.2  0.2		4.1705503158		-1.0
	4710.00000000	2.95273		0.45209  0.2  0.2		4.1705503158		-1.0
	4740.00000000	2.87567		0.21645  0.2  0.2		4.1705503158		-1.0
	4770.00000000	2.9894		-0.00902  0.2  0.2		4.1705503158		-1.0
	4800.00000000	2.80075		-0.4278  0.2  0.2		4.1705503158		-1.0
	4830.00000000	2.75463		-0.64301  0.2  0.2		4.1705503158		-1.0
	4860.00000000	3.26117		-0.82324  0.2  0.2		4.1705503158		-1.0
	4890.00000000	2.7253		-0.68616  0.2  0.2		4.1705503158		-1.0
	4920.00000000	3.25413		-0.57268  0.2  0.2		4.1705503158		-1.0
	4950.00000000	2.84818		-0.23379  0.2  0.2		4.1705503158		-1.0
	4980.00000000	2.93942		-0.00418  0.2  0.2		4.1705503158		-1.0
	5010.00000000	3.03787		0.15092  0.2  0.2		4.1705503158		-1.0
	5040.00000000	2.95246		0.54948  0.2  0.2		4.1705503158		-1.0
	5070.00000000	3.21957		0.993  0.2  0.2		4.1705503158		-1.0
	5100.00000000	2.98245		1.12117  0.2  0.2		4.1705503158		-1.0
	5130.00000000	2.87476		0.61964  0.2  0.2		4.1705503158		-1.0
	5160.00000000	2.8612		0.61961  0.2  0.2		4.1705503158		-1.0
	5190.00000000	2.79945		1.02982  0.2  0.2		4.1705503158		-1.0
	5220.00000000	2.92046		0.81984  0.2  0.2		4.1705503158		-1.0
	5250.00000000	3.1134		0.25728  0.2  0.2		4.1705503158		-1.0
	5280.00000000	2.99487		-0.00158  0.2  0.2		4.1705503158		-1.0
	5310.00000000	2.84689		-0.29413  0.2  0.2		4.1705503158		-1.0
	5340.00000000	3.28624		-0.64165  0.2  0.2		4.1705503158		-1.0
	5370.00000000	2.78929		-0.85889  0.2  0.2		4.1705503158		-1.0
	5400.00000000	2.97029		-0.91019  0.2  0.2		4.1705503158		-1.0
	5430.00000000	3.23638		-0.98431  0.2  0.2		4.1705503158		-1.0
	5460.00000000	2.96697		-1.07103  0.2  0.2		4.1705503158		-1.0
	5490.00000000	2.97331		-1.38494  0.2  0.2		4.1705503158		-1.0
	5520.00000000	2.9982		-1.5195  0.2  0.2		4.1705503158		-1.0
	5550.00000000	2.9551		-1.51259  0.2  0.2		4.1705503158		-1.0
	5580.00000000	3.13023		-1.61408  0.2  0.2		4.1705503158		-1.0
	5610.00000000	3.29061		-1.91321  0.2  0.2		4.1705503158		-1.0
	5640.00000000	2.78876		-2.22739  0.2  0.2		4.1705503158		-1.0
	5670.00000000	3.13131		-2.06762  0.2  0.2		4.1705503158		-1.0
	5700.00000000	2.9058		-1.93354  0.2  0.2		4.1705503158		-1.0
	5730.00000000	2.74588		-2.13238  0.2  0.2		4.1705503158		-1.0
	5760.00000000	2.93734		-2.35312  0.2  0.2		4.1705503158		-1.0
	5790.00000000	2.87275		-2.40334  0.2  0.2		4.1705503158		-1.0
	5820.00000000	3.26684		-2.50377  0.2  0.2		4.1705503158		-1.0
	5850.00000000	3.27813		-2.35591  0.2  0.2		4.1705503158		-1.0
	5880.00000000	2.99378		-2.04642  0.2  0.2		4.1705503158		-1.0
	5910.00000000	3.18247		-2.15407  0.2  0.2		4.1705503158		-1.0
	5940.00000000	3.08454		-2.47332  0.2  0.2		4.1705503158		-1.0
	5970.00000000	2.79287		-2.47243  0.2  0.2		4.1705503158		-1.0
	6000.00000000	2.80848		-2.36829  0.2  0.2		4.1705503158		-1.0
	6030.00000000	2.72235		-2.40188  0.2  0.2		4.1705503158		-1.0
	6060.00000000	2.72844		-2.20998  0.2  0.2		4.1705503158		-1.0
	6090.00000000	2.75616		-2.12534  0.2  0.2		4.1705503158		-1.0
	6120.00000000	2.67353		-2.02887  0.2  0.2		4.1705503158		-1.0
	6150.00000000	3.26201		-2.05177  0.2  0.2		4.1705503158		-1.0
	6180.00000000	3.12488		-2.15111  0.2  0.2		4.1705503158		-1.0
	6210.00000000	3.27167		-2.2467  0.2  0.2		4.1705503158		-1.0
	6240.00000000	3.27874		-2.47281  0.2  0.2		4.1705503158		-1.0
	6270.00000000	3.19019		-2.53564  0.2  0.2		4.1705503158		-1.0
	6300.00000000	2.58399		-2.54337  0.2  0.2		4.1705503158		-1.0
	6330.00000000	3.52865		-2.77115  0.2  0.2		4.1705503158		-1.0
	6360.00000000	2.66038		-2.69696  0.2  0.2		4.1705503158		-1.0
	6390.00000000	2.6974		-2.59435  0.2  0.2		4.1705503158		-1.0
	6420.00000000	3.42334		-2.85358  0.2  0.2		4.1705503158		-1.0
	6450.00000000	2.78367		-2.64358  0.2  0.2		4.1705503158		-1.0
	6480.00000000	3.20453		-2.20796  0.2  0.2		4.1705503158		-1.0
	6510.00000000	3.07266		-1.84014  0.2  0.2		4.1705503158		-1.0
	6540.00000000	3.52548		-1.9406  0.2  0.2		4.1705503158		-1.0
	6570.00000000	3.17928		-1.86432  0.2  0.2		4.1705503158		-1.0
	6600.00000000	3.24594		-1.57299  0.2  0.2		4.1705503158		-1.0
	6630.00000000	3.12664		-1.4332  0.2  0.2		4.1705503158		-1.0
	6660.00000000	3.1295		-1.57565  0.2  0.2		4.1705503158		-1.0
	6690.00000000	2.78261		-1.7303  0.2  0.2		4.1705503158		-1.0
	6720.00000000	2.71508		-1.85706  0.2  0.2		4.1705503158		-1.0
	6750.00000000	2.67329		-1.82516  0.2  0.2		4.1705503158		-1.0
	6780.00000000	2.74824		-1.85237  0.2  0.2		4.1705503158		-1.0
	6810.00000000	2.77291		-2.14141  0.2  0.2		4.1705503158		-1.0
	6840.00000000	2.67458		-2.21896  0.2  0.2		4.1705503158		-1.0
	6870.00000000	2.66598		-2.0257  0.2  0.2		4.1705503158		-1.0
	6900.00000000	2.78782		-1.8405  0.2  0.2		4.1705503158		-1.0
	6930.00000000	2.68248		-1.93459  0.2  0.2		4.1705503158		-1.0
	6960.00000000	2.77124		-2.08469  0.2  0.2		4.1705503158		-1.0
	6990.00000000	3.61043		-2.13504  0.2  0.2		4.1705503158		-1.0
	7020.00000000	2.59009		-2.4869  0.2  0.2		4.1705503158		-1.0
	7050.00000000	3.49989		-2.34381  0.2  0.2		4.1705503158		-1.0
	7080.00000000	3.18781		-2.05346  0.2  0.2		4.1705503158		-1.0
	7110.00000000	3.3435		-1.92791  0.2  0.2		4.1705503158		-1.0
	7140.00000000	3.41297		-1.76209  0.2  0.2		4.1705503158		-1.0
	7170.00000000	3.29332		-1.6213  0.2  0.2		4.1705503158		-1.0
	7200.00000000	3.22989		-1.4226  0.2  0.2		4.1705503158		-1.0
	7230.00000000	3.18595		-1.40425  0.2  0.2		4.1705503158		-1.0
	7260.00000000	3.14276		-1.59049  0.2  0.2		4.1705503158		-1.0
	7290.00000000	2.73815		-1.70212  0.2  0.2		4.1705503158		-1.0
	7320.00000000	2.72116		-1.48465  0.2  0.2		4.1705503158		-1.0
	7350.00000000	2.6347		-1.09622  0.2  0.2		4.1705503158		-1.0
	7380.00000000	2.81727		-1.24519  0.2  0.2		4.1705503158		-1.0
	7410.00000000	2.72196		-1.57064  0.2  0.2		4.1705503158		-1.0
	7440.00000000	2.59576		-1.57129  0.2  0.2		4.1705503158		-1.0
	7470.00000000	2.63671		-1.04891  0.2  0.2		4.1705503158		-1.0
	7500.00000000	2.7298		-0.89747  0.2  0.2		4.1705503158		-1.0
	7530.00000000	2.78137		-1.14769  0.2  0.2		4.1705503158		-1.0
	7560.00000000	2.60039		-1.37881  0.2  0.2		4.1705503158		-1.0
	7590.00000000	2.64833		-0.92447  0.2  0.2		4.1705503158		-1.0
	7620.00000000	3.30735		-0.23452  0.2  0.2		4.1705503158		-1.0
	7650.00000000	2.79791		0.15394  0.2  0.2		4.1705503158		-1.0
	7680.00000000	3.23191		-0.04072  0.2  0.2		4.1705503158		-1.0
	7710.00000000	2.69251		-0.13856  0.2  0.2		4.1705503158		-1.0
	7740.00000000	3.21622		-0.45259  0.2  0.2		4.1705503158		-1.0
	7770.00000000	2.88895		-0.49468  0.2  0.2		4.1705503158		-1.0
	7800.00000000	2.85099		-0.26517  0.2  0.2		4.1705503158		-1.0
	7830.00000000	3.25911		0.02222  0.2  0.2		4.1705503158		-1.0
	7860.00000000	3.0988		0.40735  0.2  0.2		4.1705503158		-1.0
	7890.00000000	3.1967		0.84034  0.2  0.2		4.1705503158		-1.0
	7920.00000000	3.02014		0.99359  0.2  0.2		4.1705503158		-1.0
	7950.00000000	3.13766		0.9673  0.2  0.2		4.1705503158		-1.0
	7980.00000000	3.32755		0.96803  0.2  0.2		4.1705503158		-1.0
	8010.00000000	3.31623		1.00285  0.2  0.2		4.1705503158		-1.0
	8040.00000000	2.97682		1.5834  0.2  0.2		4.1705503158		-1.0
	8070.00000000	2.96391		1.82196  0.2  0.2		4.1705503158		-1.0
	8100.00000000	3.26587		1.89035  0.2  0.2		4.1705503158		-1.0
	8130.00000000	2.99982		1.81596  0.2  0.2		4.1705503158		-1.0
	8160.00000000	2.83613		1.70805  0.2  0.2		4.1705503158		-1.0
	8190.00000000	3.10858		1.41918  0.2  0.2		4.1705503158		-1.0
	8220.00000000	3.13287		1.34288  0.2  0.2		4.1705503158		-1.0
	8250.00000000	2.88567		1.44696  0.2  0.2		4.1705503158		-1.0
	8280.00000000	3.48212		1.65085  0.2  0.2		4.1705503158		-1.0
	8310.00000000	2.73484		1.77582  0.2  0.2		4.1705503158		-1.0
	8340.00000000	3.2204		1.84629  0.2  0.2		4.1705503158		-1.0
	8370.00000000	3.05991		1.9381  0.2  0.2		4.1705503158		-1.0
	8400.00000000	3.47043		2.1191  0.2  0.2		4.1705503158		-1.0
	8430.00000000	2.73525		2.16913  0.2  0.2		4.1705503158		-1.0
	8460.00000000	2.65973		2.20297  0.2  0.2		4.1705503158		-1.0
	8490.00000000	3.42452		2.32987  0.2  0.2		4.1705503158		-1.0
	8520.00000000	3.11322		2.32977  0.2  0.2		4.1705503158		-1.0
	8550.00000000	3.08809		2.4653  0.2  0.2		4.1705503158		-1.0
	8580.00000000	2.69913		2.47949  0.2  0.2		4.1705503158		-1.0
	8610.00000000	2.7482		2.29062  0.2  0.2		4.1705503158		-1.0
	8640.00000000	2.75903		1.84234  0.2  0.2		4.1705503158		-1.0
	8670.00000000	2.96458		1.74581  0.2  0.2		4.1705503158		-1.0
	8700.00000000	3.25081		1.80418  0.2  0.2		4.1705503158		-1.0
	8730.00000000	3.28302		1.79405  0.2  0.2		4.1705503158		-1.0
	8760.00000000	3.27445		1.94985  0.2  0.2		4.1705503158		-1.0
	8790.00000000	3.15368		1.89139  0.2  0.2		4.1705503158		-1.0
	8820.00000000	2.59837		1.77166  0.2  0.2		4.1705503158		-1.0
	8850.00000000	2.65562		1.55539  0.2  0.2		4.1705503158		-1.0
	8880.00000000	2.73511		1.20165  0.2  0.2		4.1705503158		-1.0
	8910.00000000	2.80666		1.31849  0.2  0.2		4.1705503158		-1.0
	8940.00000000	2.78356		1.53052  0.2  0.2		4.1705503158		-1.0
	8970.00000000	2.76374		1.44573  0.2  0.2		4.1705503158		-1.0
	9000.00000000	2.7152		1.15656  0.2  0.2		4.1705503158		-1.0
	9030.00000000	2.74989		1.28335  0.2  0.2		4.1705503158		-1.0
	9060.00000000	2.74046		1.36818  0.2  0.2		4.1705503158		-1.0
	9090.00000000	2.91934		1.17782  0.2  0.2		4.1705503158		-1.0
	9120.00000000	3.3593		0.86243  0.2  0.2		4.1705503158		-1.0
	9150.00000000	3.25858		0.48417  0.2  0.2		4.1705503158		-1.0
	9180.00000000	3.06831		0.39924  0.2  0.2		4.1705503158		-1.0
	9210.00000000	3.45442		0.38664  0.2  0.2		4.1705503158		-1.0
	9240.00000000	3.01903		0.57405  0.2  0.2		4.1705503158		-1.0
	9270.00000000	2.68213		0.90043  0.2  0.2		4.1705503158		-1.0
	9300.00000000	2.75634		0.74473  0.2  0.2		4.1705503158		-1.0
	9330.00000000	2.71656		0.44053  0.2  0.2		4.1705503158		-1.0
	9360.00000000	2.7639		0.32242  0.2  0.2		4.1705503158		-1.0
	9390.00000000	2.78975		0.42595  0.2  0.2		4.1705503158		-1.0
	9420.00000000	3.60552		0.66303  0.2  0.2		4.1705503158		-1.0
	9450.00000000	2.72957		0.80213  0.2  0.2		4.1705503158		-1.0
	9480.00000000	3.33607		0.80371  0.2  0.2		4.1705503158		-1.0
	9510.00000000	3.08885		0.44258  0.2  0.2		4.1705503158		-1.0
	9540.00000000	3.15931		-0.02244  0.2  0.2		4.1705503158		-1.0
	9570.00000000	2.80485		-0.00662  0.2  0.2		4.1705503158		-1.0
	9600.00000000	3.0323		0.24547  0.2  0.2		4.1705503158		-1.0
	9630.00000000	3.33002		0.46748  0.2  0.2		4.1705503158		-1.0
	9660.00000000	3.15579		0.89322  0.2  0.2		4.1705503158		-1.0
	9690.00000000	3.33314		1.43186  0.2  0.2		4.1705503158		-1.0
	9720.00000000	3.36283		1.35923  0.2  0.2		4.1705503158		-1.0
	9750.00000000	3.30788		0.97705  0.2  0.2		4.1705503158		-1.0
	9780.00000000	3.32332		0.84759  0.2  0.2		4.1705503158		-1.0
	9810.00000000	2.8549		0.70735  0.2  0.2		4.1705503158		-1.0
	9840.00000000	2.98988		0.57309  0.2  0.2		4.1705503158		-1.0
	9870.00000000	2.94648		0.45037  0.2  0.2		4.1705503158		-1.0
	9900.00000000	3.018		0.58  0.2  0.2		4.1705503158		-1.0
	9930.00000000	3.4246		0.79979  0.2  0.2		4.1705503158		-1.0
	9960.00000000	3.23993		0.64847  0.2  0.2		4.1705503158		-1.0
	9990.00000000	3.31694		0.22781  0.2  0.2		4.1705503158		-1.0
	10020.00000000	3.25661		-0.22563  0.2  0.2		4.1705503158		-1.0
	10050.00000000	3.2368		-0.46803  0.2  0.2		4.1705503158		-1.0
	10080.00000000	3.11832		-0.49725  0.2  0.2		4.1705503158		-1.0
	10110.00000000	2.89136		-0.46187  0.2  0.2		4.1705503158		-1.0
	10140.00000000	3.21747		-0.57475  0.2  0.2		4.1705503158		-1.0
	10170.00000000	3.3566		-0.77351  0.2  0.2		4.1705503158		-1.0
	10200.00000000	3.13819		-0.88638  0.2  0.2		4.1705503158		-1.0
	10230.00000000	3.45463		-0.80756  0.2  0.2		4.1705503158		-1.0
	10260.00000000	3.17989		-0.66506  0.2  0.2		4.1705503158		-1.0
	10290.00000000	2.87969		-0.55938  0.2  0.2		4.1705503158		-1.0
	10320.00000000	3.42107		-0.36347  0.2  0.2		4.1705503158		-1.0
	10350.00000000	3.41527		-0.46373  0.2  0.2		4.1705503158		-1.0
	10380.00000000	2.64942		-0.34543  0.2  0.2		4.1705503158		-1.0
	10410.00000000	3.4754		-0.0831  0.2  0.2		4.1705503158		-1.0
	10440.00000000	3.17276		-0.15194  0.2  0.2		4.1705503158		-1.0
	10470.00000000	3.01044		-0.58486  0.2  0.2		4.1705503158		-1.0
	10500.00000000	3.38649		-0.91088  0.2  0.2		4.1705503158		-1.0
	10530.00000000	2.9924		-0.94854  0.2  0.2		4.1705503158		-1.0
	10560.00000000	2.74851		-0.69528  0.2  0.2		4.1705503158		-1.0
	10590.00000000	3.63201		-0.45796  0.2  0.2		4.1705503158		-1.0
	10620.00000000	3.22766		-0.10096  0.2  0.2		4.1705503158		-1.0
	10650.00000000	2.85181		-0.01432  0.2  0.2		4.1705503158		-1.0
	10680.00000000	2.94107		-0.10198  0.2  0.2		4.1705503158		-1.0
	10710.00000000	2.93544		-0.15662  0.2  0.2		4.1705503158		-1.0
	10740.00000000	2.81788		0.0259  0.2  0.2		4.1705503158		-1.0
	10770.00000000	2.85004		-0.03765  0.2  0.2		4.1705503158		-1.0
	10800.00000000	2.78309		-0.26151  0.2  0.2		4.1705503158		-1.0
	10830.00000001	2.79553		-0.49265  0.2  0.2		4.1705503158		-1.0
	10525.00000000	3.13321		-0.98455  0.2  0.2		4.1705503158		-1.0
	10555.00000000	2.65807		-0.71114  0.2  0.2		4.1705503158		-1.0
	10585.00000000	3.53882		-0.50889  0.2  0.2		4.1705503158		-1.0
	10615.00000000	3.36692		-0.17222  0.2  0.2		4.1705503158		-1.0
	10645.00000000	2.72907		-0.0272  0.2  0.2		4.1705503158		-1.0
	10675.00000000	2.98855		-0.11563  0.2  0.2		4.1705503158		-1.0
	10705.00000000	2.87917		-0.15048  0.2  0.2		4.1705503158		-1.0
	10735.00000000	2.73229		0.01717  0.2  0.2		4.1705503158		-1.0
	10765.00000000	2.80243		0.06321  0.2  0.2		4.1705503158		-1.0
	10795.00000000	2.72758		-0.2153  0.2  0.2		4.1705503158		-1.0
	10825.00000001	2.70353		-0.40849  0.2  0.2		4.1705503158		-1.0
	10855.00000001	3.17411		-0.50798  0.2  0.2		4.1705503158		-1.0
	10885.00000001	3.54909		-0.43994  0.2  0.2		4.1705503158		-1.0
	10915.00000001	3.05488		-0.68572  0.2  0.2		4.1705503158		-1.0
	10945.00000001	2.94071		-1.09697  0.2  0.2		4.1705503158		-1.0
	10975.00000001	3.60041		-1.05974  0.2  0.2		4.1705503158		-1.0
	11005.00000001	3.08325		-0.75367  0.2  0.2		4.1705503158		-1.0
	11035.00000001	3.21667		-0.75137  0.2  0.2		4.1705503158		-1.0
	11065.00000001	3.56189		-0.76899  0.2  0.2		4.1705503158		-1.0
	11095.00000001	3.43314		-0.89292  0.2  0.2		4.1705503158		-1.0
	11125.00000001	3.36447		-0.80682  0.2  0.2		4.1705503158		-1.0
	11155.00000001	3.80051		-0.47947  0.2  0.2		4.1705503158		-1.0
	11185.00000001	3.33695		-0.28162  0.2  0.2		4.1705503158		-1.0
	11215.00000001	2.60701		0.10458  0.2  0.2		4.1705503158		-1.0
	11245.00000001	2.72042		0.52323  0.2  0.2		4.1705503158		-1.0
	11275.00000001	2.61764		1.12321  0.2  0.2		4.1705503158		-1.0
	11305.00000001	2.66517		1.22572  0.2  0.2		4.1705503158		-1.0
	11335.00000001	2.71241		0.84897  0.2  0.2		4.1705503158		-1.0
	11365.00000001	2.6648		0.60001  0.2  0.2		4.1705503158		-1.0
	11395.00000001	2.75709		0.38476  0.2  0.2		4.1705503158		-1.0
	11425.00000001	2.76114		0.11076  0.2  0.2		4.1705503158		-1.0
	11455.00000001	2.71993		0.31336  0.2  0.2		4.1705503158		-1.0
	11485.00000001	2.69087		0.82256  0.2  0.2		4.1705503158		-1.0
	11515.00000001	2.90841		1.20562  0.2  0.2		4.1705503158		-1.0
	11545.00000001	3.34598		1.30474  0.2  0.2		4.1705503158		-1.0
	11575.00000001	3.1753		1.33221  0.2  0.2		4.1705503158		-1.0
	11605.00000001	3.27989		1.45568  0.2  0.2		4.1705503158		-1.0
	11635.00000001	2.75775		1.87023  0.2  0.2		4.1705503158		-1.0
	11665.00000001	2.79887		2.22753  0.2  0.2		4.1705503158		-1.0
	11695.00000001	2.87972		2.13786  0.2  0.2		4.1705503158		-1.0
	11725.00000001	2.84432		1.95989  0.2  0.2		4.1705503158		-1.0
	11755.00000001	2.94803		1.9099  0.2  0.2		4.1705503158		-1.0
	11785.00000001	2.65148		2.1512  0.2  0.2		4.1705503158		-1.0
	11815.00000001	3.4192		2.45346  0.2  0.2		4.1705503158		-1.0
	11845.00000001	3.42815		2.39605  0.2  0.2		4.1705503158		-1.0
	11875.00000001	3.00522		2.66592  0.2  0.2		4.1705503158		-1.0
	11905.00000001	2.67424		2.64871  0.2  0.2		4.1705503158		-1.0
	11935.00000001	3.52155		2.77593  0.2  0.2		4.1705503158		-1.0
	11965.00000001	2.74004		2.94185  0.2  0.2		4.1705503158		-1.0
	11995.00000001	3.46706		2.80632  0.2  0.2		4.1705503158		-1.0
	12025.00000001	3.39999		2.83816  0.2  0.2		4.1705503158		-1.0
	12055.00000001	3.11177		2.90901  0.2  0.2		4.1705503158		-1.0
	12085.00000001	3.23286		2.95604  0.2  0.2		4.1705503158		-1.0
	12115.00000001	3.19547		2.87939  0.2  0.2		4.1705503158		-1.0
	12145.00000001	3.56468		2.82505  0.2  0.2		4.1705503158		-1.0
	12175.00000001	3.08507		2.69602  0.2  0.2		4.1705503158		-1.0
	12205.00000001	3.58056		2.67343  0.2  0.2		4.1705503158		-1.0
	12235.00000001	2.7975		2.99361  0.2  0.2		4.1705503158		-1.0
	12265.00000001	3.00434		2.94956  0.2  0.2		4.1705503158		-1.0
	12295.00000001	3.3197		3.01779  0.2  0.2		4.1705503158		-1.0
	12325.00000001	2.91047		-2.95566  0.2  0.2		4.1705503158		-1.0
	12355.00000001	3.19635		-3.03867  0.2  0.2		4.1705503158		-1.0
	12385.00000001	3.03963		-2.96482  0.2  0.2		4.1705503158		-1.0
	12415.00000001	2.81537		-2.94885  0.2  0.2		4.1705503158		-1.0
	12445.00000001	3.47799		-3.09715  0.2  0.2		4.1705503158		-1.0
	12475.00000001	2.65372		-2.92803  0.2  0.2		4.1705503158		-1.0
	12505.00000001	3.44407		-2.94191  0.2  0.2		4.1705503158		-1.0
	12535.00000001	3.18505		-2.90233  0.2  0.2		4.1705503158		-1.0
	12565.00000001	3.09648		-3.02136  0.2  0.2		4.1705503158		-1.0
	12595.00000001	3.07542		3.03961  0.2  0.2		4.1705503158		-1.0
	12625.00000001	3.19565		-2.89886  0.2  0.2		4.1705503158		-1.0
	12655.00000001	3.03235		-2.59584  0.2  0.2		4.1705503158		-1.0
	12685.00000001	3.46484		-2.61332  0.2  0.2		4.1705503158		-1.0
	12715.00000001	2.61402		-2.80861  0.2  0.2		4.1705503158		-1.0
	12745.00000001	3.54746		-2.99133  0.2  0.2		4.1705503158		-1.0
	12775.00000001	3.08636		-3.11396  0.2  0.2		4.1705503158		-1.0
	12805.00000001	2.98618		-2.72356  0.2  0.2		4.1705503158		-1.0
	12835.00000001	3.56336		-2.72615  0.2  0.2		4.1705503158		-1.0
	12865.00000001	3.15832		-2.7422  0.2  0.2		4.1705503158		-1.0
	12895.00000001	3.28208		-2.77102  0.2  0.2		4.1705503158		-1.0
	12925.00000001	3.24021		-2.8858  0.2  0.2		4.1705503158		-1.0
	12955.00000001	2.71489		-2.85736  0.2  0.2		4.1705503158		-1.0
	12985.00000001	2.66771		-3.10575  0.2  0.2		4.1705503158		-1.0
	13015.00000001	2.60015		2.87956  0.2  0.2		4.1705503158		-1.0
	13045.00000001	2.72493		2.70521  0.2  0.2		4.1705503158		-1.0
	13075.00000001	2.75695		2.80891  0.2  0.2		4.1705503158		-1.0
	13105.00000001	2.71401		3.06014  0.2  0.2		4.1705503158		-1.0
	13135.00000001	2.80067		3.01437  0.2  0.2		4.1705503158		-1.0
	13165.00000001	2.76764		2.89469  0.2  0.2		4.1705503158		-1.0
	13195.00000001	2.68425		2.71703  0.2  0.2		4.1705503158		-1.0
	13225.00000001	2.73838		2.81743  0.2  0.2		4.1705503158		-1.0
	13255.00000001	2.63601		2.82601  0.2  0.2		4.1705503158		-1.0
	13285.00000001	2.70734		2.49894  0.2  0.2		4.1705503158		-1.0
	13315.00000001	3.37462		2.17417  0.2  0.2		4.1705503158		-1.0
	13345.00000001	2.90808		2.25768  0.2  0.2		4.1705503158		-1.0
	13375.00000001	2.77252		2.69958  0.2  0.2		4.1705503158		-1.0
	13405.00000001	2.78718		2.70958  0.2  0.2		4.1705503158		-1.0
	13435.00000001	2.82335		2.65072  0.2  0.2		4.1705503158		-1.0
	13465.00000001	3.04027		2.39981  0.2  0.2		4.1705503158		-1.0
	13495.00000001	2.97523		2.14891  0.2  0.2		4.1705503158		-1.0
	13525.00000001	2.77168		1.94065  0.2  0.2		4.1705503158		-1.0
	13555.00000001	2.91773		2.15006  0.2  0.2		4.1705503158		-1.0
	13585.00000001	2.75971		1.92792  0.2  0.2		4.1705503158		-1.0
	13615.00000001	2.97219		1.64565  0.2  0.2		4.1705503158		-1.0
	13645.00000001	3.25115		1.60212  0.2  0.2		4.1705503158		-1.0
	13675.00000001	2.64496		1.69805  0.2  0.2		4.1705503158		-1.0
	13705.00000001	2.60232		1.70506  0.2  0.2		4.1705503158		-1.0
	13735.00000001	2.67871		1.34465  0.2  0.2		4.1705503158		-1.0
	13765.00000001	2.68074		1.06343  0.2  0.2		4.1705503158		-1.0
	13795.00000001	2.98665		1.20585  0.2  0.2		4.1705503158		-1.0
	13825.00000001	3.23855		1.40015  0.2  0.2		4.1705503158		-1.0
	13855.00000001	3.21358		1.37971  0.2  0.2		4.1705503158		-1.0
	13885.00000001	3.36386		1.56079  0.2  0.2		4.1705503158		-1.0
	13915.00000001	3.3723		1.83933  0.2  0.2		4.1705503158		-1.0
	13945.00000001	3.22113		2.18846  0.2  0.2		4.1705503158		-1.0
	13975.00000001	3.2311		2.37777  0.2  0.2		4.1705503158		-1.0
	14005.00000001	3.28141		2.22371  0.2  0.2		4.1705503158		-1.0
	14035.00000001	3.35075		1.97371  0.2  0.2		4.1705503158		-1.0
	14065.00000001	3.41722		1.98492  0.2  0.2		4.1705503158		-1.0
	14095.00000001	2.60384		2.2299  0.2  0.2		4.1705503158		-1.0
	14125.00000001	3.52167		2.55145  0.2  0.2		4.1705503158		-1.0
	14155.00000001	2.79302		2.56084  0.2  0.2		4.1705503158		-1.0
	14185.00000001	3.1249		2.76053  0.2  0.2		4.1705503158		-1.0
	14215.00000001	3.02172		2.77516  0.2  0.2		4.1705503158		-1.0
	14245.00000000	2.77471		2.62819  0.2  0.2		4.1705503158		-1.0
	14275.00000000	2.7583		2.41574  0.2  0.2		4.1705503158		-1.0
	14305.00000000	2.72413		2.04544  0.2  0.2		4.1705503158		-1.0
	14335.00000000	2.67559		1.87135  0.2  0.2		4.1705503158		-1.0
	14365.00000000	2.61991		1.9594  0.2  0.2		4.1705503158		-1.0
	14395.00000000	2.61195		1.97398  0.2  0.2		4.1705503158		-1.0
	14425.00000000	2.65453		1.86405  0.2  0.2		4.1705503158		-1.0
	14455.00000000	2.69389		1.50584  0.2  0.2		4.1705503158		-1.0
	14485.00000000	2.67842		1.34342  0.2  0.2		4.1705503158		-1.0
	14515.00000000	2.5455		1.2965  0.2  0.2		4.1705503158		-1.0
	14545.00000000	3.08265		1.3329  0.2  0.2		4.1705503158		-1.0
	14575.00000000	3.49236		1.24653  0.2  0.2		4.1705503158		-1.0
	14605.00000000	3.2628		1.18358  0.2  0.2		4.1705503158		-1.0
	14635.00000000	3.26322		1.25393  0.2  0.2		4.1705503158		-1.0
	14665.00000000	3.1672		1.29938  0.2  0.2		4.1705503158		-1.0
	14695.00000000	3.6401		1.28026  0.2  0.2		4.1705503158		-1.0
	14725.00000000	3.50835		1.45211  0.2  0.2		4.1705503158		-1.0
	14755.00000000	3.39025		1.58068  0.2  0.2		4.1705503158		-1.0
	14785.00000000	3.66856		1.23942  0.2  0.2		4.1705503158		-1.0
	14815.00000000	3.43919		0.57136  0.2  0.2		4.1705503158		-1.0
	14845.00000000	3.18759		0.02679  0.2  0.2		4.1705503158		-1.0
	14875.00000000	3.35279		0.22255  0.2  0.2		4.1705503158		-1.0
	14905.00000000	3.04056		0.86219  0.2  0.2		4.1705503158		-1.0
	14935.00000000	2.85729		1.20678  0.2  0.2		4.1705503158		-1.0
	14965.00000000	3.53931		0.86907  0.2  0.2		4.1705503158		-1.0
	14995.00000000	3.13544		0.41826  0.2  0.2		4.1705503158		-1.0
	15025.00000000	3.48431		0.87518  0.2  0.2		4.1705503158		-1.0
	15055.00000000	3.06338		1.43  0.2  0.2		4.1705503158		-1.0
	15085.00000000	2.97744		1.46262  0.2  0.2		4.1705503158		-1.0
	15115.00000000	3.31568		0.91334  0.2  0.2		4.1705503158		-1.0
	15145.00000000	3.10288		0.17309  0.2  0.2		4.1705503158		-1.0
	15175.00000000	3.37875		-0.19988  0.2  0.2		4.1705503158		-1.0
	15205.00000000	2.59701		-0.31517  0.2  0.2		4.1705503158		-1.0
	15235.00000000	3.46343		-0.32322  0.2  0.2		4.1705503158		-1.0
	15265.00000000	3.90524		-0.22091  0.2  0.2		4.1705503158		-1.0
	15295.00000000	2.91856		0.09542  0.2  0.2		4.1705503158		-1.0
	15325.00000000	2.83959		0.15747  0.2  0.2		4.1705503158		-1.0
	15355.00000000	2.93941		0.36069  0.2  0.2		4.1705503158		-1.0
	15385.00000000	2.81898		0.75372  0.2  0.2		4.1705503158		-1.0
	15415.00000000	2.58426		0.98512  0.2  0.2		4.1705503158		-1.0
	15445.00000000	2.63596		0.66865  0.2  0.2		4.1705503158		-1.0
	15475.00000000	2.54837		0.20721  0.2  0.2		4.1705503158		-1.0
	15505.00000000	3.4945		0.07344  0.2  0.2		4.1705503158		-1.0
	15535.00000000	3.10338		0.24763  0.2  0.2		4.1705503158		-1.0
	15565.00000000	2.82887		0.6246  0.2  0.2		4.1705503158		-1.0
	15595.00000000	2.68287		0.98018  0.2  0.2		4.1705503158		-1.0
	15625.00000000	2.66486		0.84128  0.2  0.2		4.1705503158		-1.0
	15655.00000000	2.64753		0.69327  0.2  0.2		4.1705503158		-1.0
	15685.00000000	2.62938		0.55772  0.2  0.2		4.1705503158		-1.0
	15715.00000000	2.65666		0.40489  0.2  0.2		4.1705503158		-1.0
	15745.00000000	2.67527		0.43897  0.2  0.2		4.1705503158		-1.0
	15775.00000000	2.54803		0.53353  0.2  0.2		4.1705503158		-1.0
	15805.00000000	2.60974		0.62881  0.2  0.2		4.1705503158		-1.0
	15835.00000000	2.66645		0.56388  0.2  0.2		4.1705503158		-1.0
	15865.00000000	2.86452		0.63787  0.2  0.2		4.1705503158		-1.0
	15895.00000000	3.62281		0.63384  0.2  0.2		4.1705503158		-1.0
	15925.00000000	3.41378		0.50498  0.2  0.2		4.1705503158		-1.0
	15955.00000000	3.28119		0.31255  0.2  0.2		4.1705503158		-1.0
	15985.00000000	3.35976		0.26968  0.2  0.2		4.1705503158		-1.0
	16015.00000000	3.47172		0.44258  0.2  0.2		4.1705503158		-1.0
	16045.00000000	3.00584		0.32056  0.2  0.2		4.1705503158		-1.0
	16075.00000000	3.7349		-0.00592  0.2  0.2		4.1705503158		-1.0
	16105.00000000	2.77224		-0.44054  0.2  0.2		4.1705503158		-1.0
	16135.00000000	3.04761		-0.51152  0.2  0.2		4.1705503158		-1.0
	16165.00000000	3.61666		-0.13143  0.2  0.2		4.1705503158		-1.0
	16195.00000000	3.29194		0.00568  0.2  0.2		4.1705503158		-1.0
	16225.00000000	3.54263		-0.44699  0.2  0.2		4.1705503158		-1.0
	16255.00000000	2.71553		-0.70442  0.2  0.2		4.1705503158		-1.0
	16285.00000000	3.22638		-0.85301  0.2  0.2		4.1705503158		-1.0
	16315.00000000	3.38653		-1.2269  0.2  0.2		4.1705503158		-1.0
	16345.00000000	3.2585		-1.09673  0.2  0.2		4.1705503158		-1.0
	16375.00000000	3.53687		-1.07003  0.2  0.2		4.1705503158		-1.0
	16405.00000000	3.19365		-1.36268  0.2  0.2		4.1705503158		-1.0
	16435.00000000	3.48483		-1.16551  0.2  0.2		4.1705503158		-1.0
	16465.00000000	3.09542		-1.04354  0.2  0.2		4.1705503158		-1.0
	16495.00000000	2.69496		-1.11695  0.2  0.2		4.1705503158		-1.0
	16525.00000000	3.33291		-0.93633  0.2  0.2		4.1705503158		-1.0
	16555.00000000	3.99299		-0.91006  0.2  0.2		4.1705503158		-1.0
	16585.00000000	2.96537		-1.05852  0.2  0.2		4.1705503158		-1.0
	16615.00000000	2.77649		-1.36661  0.2  0.2		4.1705503158		-1.0
	16645.00000000	2.78828		-1.31659  0.2  0.2		4.1705503158		-1.0
	16675.00000000	2.68892		-1.12351  0.2  0.2		4.1705503158		-1.0
	16705.00000000	2.71216		-1.02964  0.2  0.2		4.1705503158		-1.0
	16735.00000000	2.70665		-0.91766  0.2  0.2		4.1705503158		-1.0
	16765.00000000	3.05347		-0.37927  0.2  0.2		4.1705503158		-1.0
	16795.00000000	3.51892		0.01268  0.2  0.2		4.1705503158		-1.0
	16825.00000000	3.43394		0.18036  0.2  0.2		4.1705503158		-1.0
	16855.00000000	3.41947		0.44923  0.2  0.2		4.1705503158		-1.0
	16885.00000000	3.14628		0.50575  0.2  0.2		4.1705503158		-1.0
	16915.00000000	3.53315		0.7017  0.2  0.2		4.1705503158		-1.0
	16945.00000000	3.18241		0.85666  0.2  0.2		4.1705503158		-1.0
	16975.00000000	2.96317		0.96907  0.2  0.2		4.1705503158		-1.0
	17005.00000000	2.74295		1.14431  0.2  0.2		4.1705503158		-1.0
	17035.00000000	2.6746		1.30352  0.2  0.2		4.1705503158		-1.0
	17065.00000000	2.65755		1.47369  0.2  0.2		4.1705503158		-1.0
	17095.00000000	2.92686		1.54862  0.2  0.2		4.1705503158		-1.0
	17125.00000000	3.60909		1.63563  0.2  0.2		4.1705503158		-1.0
	17155.00000000	3.10196		1.6376  0.2  0.2		4.1705503158		-1.0
	17185.00000000	3.46205		1.56899  0.2  0.2		4.1705503158		-1.0
	17215.00000000	3.56722		1.67768  0.2  0.2		4.1705503158		-1.0
	17245.00000000	3.59037		1.76001  0.2  0.2		4.1705503158		-1.0
	17275.00000000	3.57167		1.52848  0.2  0.2		4.1705503158		-1.0
	17305.00000000	3.57707		1.3592  0.2  0.2		4.1705503158		-1.0
	17335.00000000	3.75233		1.24737  0.2  0.2		4.1705503158		-1.0
	17365.00000000	3.47139		1.12231  0.2  0.2		4.1705503158		-1.0
	17395.00000000	3.93967		1.20379  0.2  0.2		4.1705503158		-1.0
	17425.00000000	3.80218		1.72029  0.2  0.2		4.1705503158		-1.0
	17455.00000000	3.44008		1.8125  0.2  0.2		4.1705503158		-1.0
	17485.00000000	3.83453		1.65715  0.2  0.2		4.1705503158		-1.0
	17515.00000000	3.97144		1.35393  0.2  0.2		4.1705503158		-1.0
	17545.00000000	3.44514		1.38608  0.2  0.2		4.1705503158		-1.0
	17575.00000000	3.78701		1.44549  0.2  0.2		4.1705503158		-1.0
	17605.00000000	3.33383		1.74272  0.2  0.2		4.1705503158		-1.0
	17635.00000000	3.79342		2.13496  0.2  0.2		4.1705503158		-1.0
	17665.00000000	3.29504		2.07266  0.2  0.2		4.1705503158		-1.0
	17695.00000000	3.86589		2.11679  0.2  0.2		4.1705503158		-1.0
	17725.00000000	3.23738		2.33441  0.2  0.2		4.1705503158		-1.0
	17755.00000000	3.86111		2.52593  0.2  0.2		4.1705503158		-1.0
	17785.00000000	3.36265		2.49397  0.2  0.2		4.1705503158		-1.0
	17815.00000000	3.75629		2.62741  0.2  0.2		4.1705503158		-1.0
	17845.00000000	3.06765		2.78023  0.2  0.2		4.1705503158		-1.0
	17875.00000000	3.86735		2.61811  0.2  0.2		4.1705503158		-1.0
	17905.00000000	3.24123		2.83832  0.2  0.2		4.1705503158		-1.0
	17935.00000000	3.71771		-3.07165  0.2  0.2		4.1705503158		-1.0
	17965.00000000	3.16736		-3.10875  0.2  0.2		4.1705503158		-1.0
	17995.00000000	3.78372		3.00184  0.2  0.2		4.1705503158		-1.0
	18025.00000000	2.96791		3.12317  0.2  0.2		4.1705503158		-1.0
	18055.00000000	3.06788		-2.92168  0.2  0.2		4.1705503158		-1.0
	18085.00000000	4.18758		3.1333  0.2  0.2		4.1705503158		-1.0
	18115.00000000	2.97313		3.09789  0.2  0.2		4.1705503158		-1.0
	18145.00000000	2.74799		-2.82949  0.2  0.2		4.1705503158		-1.0
	18175.00000000	2.64964		-2.61191  0.2  0.2		4.1705503158		-1.0
	18205.00000000	2.62286		-2.35657  0.2  0.2		4.1705503158		-1.0
	18235.00000000	3.3493		-2.29801  0.2  0.2		4.1705503158		-1.0
	18265.00000000	2.9933		-2.49022  0.2  0.2		4.1705503158		-1.0
	18295.00000000	2.74131		-2.98858  0.2  0.2		4.1705503158		-1.0
	18325.00000000	2.7703		3.1131  0.2  0.2		4.1705503158		-1.0
	18355.00000000	2.66052		-2.96372  0.2  0.2		4.1705503158		-1.0
	18385.00000000	2.65848		-2.79124  0.2  0.2		4.1705503158		-1.0
	18415.00000000	2.68672		-2.92969  0.2  0.2		4.1705503158		-1.0
	18445.00000000	2.68851		-2.74452  0.2  0.2		4.1705503158		-1.0
	18475.00000000	2.75383		-2.45641  0.2  0.2		4.1705503158		-1.0
	18505.00000000	2.71324		-2.39164  0.2  0.2		4.1705503158		-1.0
	18535.00000000	3.21607		-2.56254  0.2  0.2		4.1705503158		-1.0
	18565.00000000	3.44549		-2.54183  0.2  0.2		4.1705503158		-1.0
	18595.00000000	3.36902		-2.5693  0.2  0.2		4.1705503158		-1.0
	18625.00000000	3.34924		-2.85286  0.2  0.2		4.1705503158		-1.0
	18655.00000000	3.31291		-2.79937  0.2  0.2		4.1705503158		-1.0
	18685.00000000	3.25469		-2.51584  0.2  0.2		4.1705503158		-1.0
	18715.00000000	3.10458		-2.39612  0.2  0.2		4.1705503158		-1.0
	18745.00000000	3.52148		-2.40786  0.2  0.2		4.1705503158		-1.0
	18775.00000000	3.34456		-2.47057  0.2  0.2		4.1705503158		-1.0
	18805.00000000	2.66369		-2.44639  0.2  0.2		4.1705503158		-1.0
	18835.00000000	3.07846		-2.90711  0.2  0.2		4.1705503158		-1.0
	18865.00000000	3.35374		3.1103  0.2  0.2		4.1705503158		-1.0
	18895.00000000	3.38079		2.96631  0.2  0.2		4.1705503158		-1.0
	18925.00000000	3.58077		3.10361  0.2  0.2		4.1705503158		-1.0
	18955.00000000	3.23638		3.13236  0.2  0.2		4.1705503158		-1.0
	18985.00000000	3.36507		-3.03973  0.2  0.2		4.1705503158		-1.0
	19015.00000000	2.66795		-3.1404  0.2  0.2		4.1705503158		-1.0
	19045.00000000	3.52562		3.06701  0.2  0.2		4.1705503158		-1.0
	19075.00000000	3.33955		-2.96248  0.2  0.2		4.1705503158		-1.0
	19105.00000000	3.73062		-2.80593  0.2  0.2		4.1705503158		-1.0
	19135.00000000	3.61563		-2.91853  0.2  0.2		4.1705503158		-1.0
	19165.00000000	3.3835		-2.61648  0.2  0.2		4.1705503158		-1.0
	19195.00000000	3.44911		-2.58743  0.2  0.2		4.1705503158		-1.0
	19225.00000000	3.46034		-2.37057  0.2  0.2		4.1705503158		-1.0
	19255.00000000	3.2799		-2.12457  0.2  0.2		4.1705503158		-1.0
	19285.00000000	3.45611		-2.24611  0.2  0.2		4.1705503158		-1.0
	19315.00000000	3.69373		-2.2683  0.2  0.2		4.1705503158		-1.0
	19345.00000000	3.28102		-2.10793  0.2  0.2		4.1705503158		-1.0
	19375.00000000	3.62757		-2.02445  0.2  0.2		4.1705503158		-1.0
	19405.00000000	2.93965		-2.37312  0.2  0.2		4.1705503158		-1.0
	19435.00000000	3.35937		-2.2442  0.2  0.2		4.1705503158		-1.0
	19465.00000000	4.00658		-2.04958  0.2  0.2		4.1705503158		-1.0
	19495.00000000	3.39039		-1.93446  0.2  0.2		4.1705503158		-1.0
	19525.00000000	3.40653		-1.73888  0.2  0.2		4.1705503158		-1.0
	19555.00000000	3.12361		-1.77857  0.2  0.2		4.1705503158		-1.0
	19585.00000000	3.67771		-1.9256  0.2  0.2		4.1705503158		-1.0
	19615.00000000	3.33216		-1.89101  0.2  0.2		4.1705503158		-1.0
	19645.00000000	2.56793		-1.81483  0.2  0.2		4.1705503158		-1.0
	19675.00000000	2.7596		-1.99258  0.2  0.2		4.1705503158		-1.0
	19705.00000000	3.12724		-2.2216  0.2  0.2		4.1705503158		-1.0
	19735.00000000	3.49143		-2.45588  0.2  0.2		4.1705503158		-1.0
	19765.00000000	4.01922		-2.28612  0.2  0.2		4.1705503158		-1.0
	19795.00000000	3.38831		-2.1803  0.2  0.2		4.1705503158		-1.0
	19825.00000000	2.98253		-2.22551  0.2  0.2		4.1705503158		-1.0
	19855.00000000	3.1574		-2.26711  0.2  0.2		4.1705503158		-1.0
	19885.00000000	2.58021		-2.06918  0.2  0.2		4.1705503158		-1.0
	19915.00000000	3.25817		-2.10677  0.2  0.2		4.1705503158		-1.0
	19945.00000000	4.0954		-2.2245  0.2  0.2		4.1705503158		-1.0
	19975.00000000	3.4219		-2.44529  0.2  0.2		4.1705503158		-1.0
	20005.00000000	4.07216		-2.52651  0.2  0.2		4.1705503158		-1.0
	20035.00000000	3.36136		-2.34998  0.2  0.2		4.1705503158		-1.0
	20065.00000000	2.53411		-2.35583  0.2  0.2		4.1705503158		-1.0
	20095.00000000	3.26766		-2.68878  0.2  0.2		4.1705503158		-1.0
	20125.00000000	4.02502		-2.61591  0.2  0.2		4.1705503158		-1.0
	20155.00000000	3.49263		-2.88846  0.2  0.2		4.1705503158		-1.0
	20185.00000000	3.99925		-3.00561  0.2  0.2		4.1705503158		-1.0
	20215.00000000	3.63802		-2.95065  0.2  0.2		4.1705503158		-1.0
	20245.00000000	2.71257		-2.87823  0.2  0.2		4.1705503158		-1.0
	20275.00000000	3.11925		-2.73498  0.2  0.2		4.1705503158		-1.0
	20305.00000000	2.55932		-2.72928  0.2  0.2		4.1705503158		-1.0
	20335.00000000	3.14811		-2.64723  0.2  0.2		4.1705503158		-1.0
	20365.00000000	2.68246		-2.7314  0.2  0.2		4.1705503158		-1.0
	20395.00000000	3.22614		-2.90469  0.2  0.2		4.1705503158		-1.0
	20425.00000000	4.2014		-2.98513  0.2  0.2		4.1705503158		-1.0
	20455.00000000	4.56854		-2.74704  0.2  0.2		4.1705503158		-1.0
	20485.00000000	4.60379		-2.93332  0.2  0.2		4.1705503158		-1.0
	20515.00000000	4.0113		-2.8591  0.2  0.2		4.1705503158		-1.0
	20545.00000000	2.91256		-2.66317  0.2  0.2		4.1705503158		-1.0
	20575.00000000	2.82351		-2.8056  0.2  0.2		4.1705503158		-1.0
	20605.00000000	3.12078		-2.75771  0.2  0.2		4.1705503158		-1.0
	20635.00000000	2.57805		-3.05585  0.2  0.2		4.1705503158		-1.0
	20665.00000000	3.38201		3.03131  0.2  0.2		4.1705503158		-1.0
	20695.00000000	4.07345		3.05137  0.2  0.2		4.1705503158		-1.0
	20724.99999999	3.12973		3.01553  0.2  0.2		4.1705503158		-1.0
	20754.99999999	3.30648		3.05295  0.2  0.2		4.1705503158		-1.0
	20784.99999999	4.05014		-3.09898  0.2  0.2		4.1705503158		-1.0
	20814.99999999	3.62666		-3.07448  0.2  0.2		4.1705503158		-1.0
	20844.99999999	3.9831		-2.95775  0.2  0.2		4.1705503158		-1.0
	20874.99999999	3.7034		-2.75146  0.2  0.2		4.1705503158		-1.0
	20904.99999999	4.03413		-2.61095  0.2  0.2		4.1705503158		-1.0
	20934.99999999	3.68988		-2.4934  0.2  0.2		4.1705503158		-1.0
	20964.99999999	3.6747		-2.52328  0.2  0.2		4.1705503158		-1.0
	20994.99999999	3.7522		-2.40605  0.2  0.2		4.1705503158		-1.0
	21024.99999999	3.65446		-2.30228  0.2  0.2		4.1705503158		-1.0
	21054.99999999	3.72358		-2.27694  0.2  0.2		4.1705503158		-1.0
	21084.99999999	4.01412		-2.33472  0.2  0.2		4.1705503158		-1.0
	21114.99999999	4.83558		-2.4861  0.2  0.2		4.1705503158		-1.0
	21144.99999999	5.16396		-2.61508  0.2  0.2		4.1705503158		-1.0
	21174.99999999	5.36109		-2.48913  0.2  0.2		4.1705503158		-1.0
	21204.99999999	5.841		-2.28376  0.2  0.2		4.1705503158		-1.0
	21234.99999999	6.0509		-2.35979  0.2  0.2		4.1705503158		-1.0
	21264.99999999	6.38381		-2.27678  0.2  0.2		4.1705503158		-1.0
	21294.99999999	7.13385		-2.26035  0.2  0.2		4.1705503158		-1.0
	21324.99999999	7.91676		-2.43115  0.2  0.2		4.1705503158		-1.0
	21354.99999999	8.54186		-2.48425  0.2  0.2		4.1705503158		-1.0
	21384.99999999	9.08752		-2.58049  0.2  0.2		4.1705503158		-1.0
	21414.99999999	9.42172		-2.34849  0.2  0.2		4.1705503158		-1.0
	21444.99999999	9.97035		-2.38962  0.2  0.2		4.1705503158		-1.0
	21474.99999999	10.59803		-2.10909  0.2  0.2		4.1705503158		-1.0
	21504.99999999	11.24907		-1.8191  0.2  0.2		4.1705503158		-1.0
	21534.99999999	11.74448		-1.93418  0.2  0.2		4.1705503158		-1.0
	21564.99999999	11.81131		-1.73996  0.2  0.2		4.1705503158		-1.0
	21594.99999999	11.92465		-1.91509  0.2  0.2		4.1705503158		-1.0
	21624.99999999	11.54539		-2.0467  0.2  0.2		4.1705503158		-1.0
	21654.99999999	11.51364		-2.38267  0.2  0.2		4.1705503158		-1.0
	21684.99999999	11.16096		-2.35422  0.2  0.2		4.1705503158		-1.0
	21714.99999999	10.84064		-2.11454  0.2  0.2		4.1705503158		-1.0
	21744.99999999	10.36569		-2.07788  0.2  0.2		4.1705503158		-1.0
	21774.99999999	9.86195		-2.35184  0.2  0.2		4.1705503158		-1.0
	21804.99999999	9.36934		-2.31739  0.2  0.2		4.1705503158		-1.0
	21834.99999999	8.73917		-2.39821  0.2  0.2		4.1705503158		-1.0
	21864.99999999	8.00407		-2.25902  0.2  0.2		4.1705503158		-1.0
	21894.99999999	6.90518		-2.08766  0.2  0.2		4.1705503158		-1.0
	21924.99999999	6.33381		-2.08422  0.2  0.2		4.1705503158		-1.0
	21954.99999999	6.37494		-1.90501  0.2  0.2		4.1705503158		-1.0
	21984.99999999	6.77743		-1.96455  0.2  0.2		4.1705503158		-1.0
	22014.99999999	7.50344		-1.96926  0.2  0.2		4.1705503158		-1.0
	22044.99999999	7.84231		-1.87429  0.2  0.2		4.1705503158		-1.0
	22074.99999999	7.55354		-1.86128  0.2  0.2		4.1705503158		-1.0
	22104.99999999	6.90251		-1.90008  0.2  0.2		4.1705503158		-1.0
	22134.99999999	6.32695		-2.04234  0.2  0.2		4.1705503158		-1.0
	22164.99999999	5.57085		-1.97764  0.2  0.2		4.1705503158		-1.0
	22194.99999999	4.61322		-2.02067  0.2  0.2		4.1705503158		-1.0
	22224.99999999	3.59119		-2.0337  0.2  0.2		4.1705503158		-1.0
	22254.99999999	3.65689		-1.75256  0.2  0.2		4.1705503158		-1.0
	22284.99999999	3.48363		-1.74215  0.2  0.2		4.1705503158		-1.0
	22314.99999999	3.68069		-1.45637  0.2  0.2		4.1705503158		-1.0
	22344.99999999	3.36964		-1.54685  0.2  0.2		4.1705503158		-1.0
	22374.99999999	3.68661		-1.55419  0.2  0.2		4.1705503158		-1.0
	22404.99999999	3.197		-1.15849  0.2  0.2		4.1705503158		-1.0
	22434.99999999	3.41164		-1.22861  0.2  0.2		4.1705503158		-1.0
	22464.99999999	3.48868		-1.30338  0.2  0.2		4.1705503158		-1.0
	22494.99999999	3.39152		-1.21464  0.2  0.2		4.1705503158		-1.0
	22524.99999999	3.31054		-1.26956  0.2  0.2		4.1705503158		-1.0
	22554.99999999	3.06588		-1.24765  0.2  0.2		4.1705503158		-1.0
	22584.99999999	2.7868		-1.49076  0.2  0.2		4.1705503158		-1.0
	22614.99999999	3.26327		-1.22486  0.2  0.2		4.1705503158		-1.0
	22644.99999999	2.95838		-1.21843  0.2  0.2		4.1705503158		-1.0
	22674.99999999	3.3523		-1.29062  0.2  0.2		4.1705503158		-1.0
	22704.99999999	3.3544		-1.5683  0.2  0.2		4.1705503158		-1.0
	22734.99999999	2.79593		-1.67559  0.2  0.2		4.1705503158		-1.0
	22764.99999999	2.76774		-1.47953  0.2  0.2		4.1705503158		-1.0
	22794.99999999	2.73046		-1.26512  0.2  0.2		4.1705503158		-1.0
	22824.99999999	2.75291		-1.43077  0.2  0.2		4.1705503158		-1.0
	22854.99999999	2.66908		-1.57477  0.2  0.2		4.1705503158		-1.0
	22884.99999999	2.74737		-1.42024  0.2  0.2		4.1705503158		-1.0
	22914.99999999	2.87788		-0.77725  0.2  0.2		4.1705503158		-1.0
	22944.99999999	2.65808		-0.02804  0.2  0.2		4.1705503158		-1.0
	22974.99999999	2.66559		0.23533  0.2  0.2		4.1705503158		-1.0
	23004.99999999	2.64468		-0.04784  0.2  0.2		4.1705503158		-1.0
	23034.99999999	2.61081		-0.38426  0.2  0.2		4.1705503158		-1.0
	23064.99999999	2.95972		-0.29356  0.2  0.2		4.1705503158		-1.0
	23094.99999999	2.72141		-0.41721  0.2  0.2		4.1705503158		-1.0
	23124.99999999	2.74161		-0.6996  0.2  0.2		4.1705503158		-1.0
	23154.99999999	2.68185		-0.93337  0.2  0.2		4.1705503158		-1.0
	23184.99999999	2.62003		-0.93504  0.2  0.2		4.1705503158		-1.0
	23214.99999999	2.58962		-0.92759  0.2  0.2		4.1705503158		-1.0
	23244.99999999	2.94989		-0.64415  0.2  0.2		4.1705503158		-1.0
	23274.99999999	3.3718		-0.20166  0.2  0.2		4.1705503158		-1.0
	23304.99999999	2.67728		-0.08529  0.2  0.2		4.1705503158		-1.0
	23334.99999999	3.27381		-0.11918  0.2  0.2		4.1705503158		-1.0
	23364.99999999	3.94954		0.14462  0.2  0.2		4.1705503158		-1.0
	23394.99999999	3.13129		0.47259  0.2  0.2		4.1705503158		-1.0
	23424.99999999	3.67653		0.54341  0.2  0.2		4.1705503158		-1.0
	23454.99999999	3.27304		0.64558  0.2  0.2		4.1705503158		-1.0
	23484.99999999	3.63423		1.04658  0.2  0.2		4.1705503158		-1.0
	23514.99999999	3.53314		1.01718  0.2  0.2		4.1705503158		-1.0
	23544.99999999	3.82584		0.87979  0.2  0.2		4.1705503158		-1.0
	23574.99999999	3.42914		0.69584  0.2  0.2		4.1705503158		-1.0
	23604.99999999	3.06512		0.8118  0.2  0.2		4.1705503158		-1.0
	23634.99999999	3.23808		1.05724  0.2  0.2		4.1705503158		-1.0
	23664.99999999	3.73556		1.12223  0.2  0.2		4.1705503158		-1.0
	23694.99999999	3.74026		1.02371  0.2  0.2		4.1705503158		-1.0
	23724.99999999	2.55706		1.1434  0.2  0.2		4.1705503158		-1.0
	23754.99999999	2.72669		1.02603  0.2  0.2		4.1705503158		-1.0
	23784.99999999	2.73715		0.77107  0.2  0.2		4.1705503158		-1.0
	23814.99999999	2.71301		0.76077  0.2  0.2		4.1705503158		-1.0
	23844.99999999	2.62957		1.37968  0.2  0.2		4.1705503158		-1.0
	23874.99999999	2.62423		1.58834  0.2  0.2		4.1705503158		-1.0
	23904.99999999	2.73069		1.56852  0.2  0.2		4.1705503158		-1.0
	23934.99999999	2.66824		1.56545  0.2  0.2		4.1705503158		-1.0
	23964.99999999	2.75113		1.55055  0.2  0.2		4.1705503158		-1.0
	23994.99999999	2.8771		1.02668  0.2  0.2		4.1705503158		-1.0
	24024.99999999	3.69583		0.59126  0.2  0.2		4.1705503158		-1.0
	24054.99999999	3.18947		0.30806  0.2  0.2		4.1705503158		-1.0
	24084.99999999	3.50149		0.11323  0.2  0.2		4.1705503158		-1.0
	24114.99999999	3.15297		0.29923  0.2  0.2		4.1705503158		-1.0
	24144.99999999	3.47039		0.45846  0.2  0.2		4.1705503158		-1.0
	24174.99999999	3.33803		0.72037  0.2  0.2		4.1705503158		-1.0
	24204.99999999	3.94534		0.75015  0.2  0.2		4.1705503158		-1.0
	24234.99999999	3.28003		1.08468  0.2  0.2		4.1705503158		-1.0
	24264.99999999	3.00259		0.86113  0.2  0.2		4.1705503158		-1.0
	24294.99999999	3.19528		0.4894  0.2  0.2		4.1705503158		-1.0
	24324.99999999	3.65765		0.26358  0.2  0.2		4.1705503158		-1.0
	24354.99999999	3.56458		0.2392  0.2  0.2		4.1705503158		-1.0
	24384.99999999	3.72504		0.25962  0.2  0.2		4.1705503158		-1.0
	24414.99999999	2.91982		-0.08588  0.2  0.2		4.1705503158		-1.0
	24444.99999999	2.83115		-0.61003  0.2  0.2		4.1705503158		-1.0
	24474.99999999	2.78912		-0.73948  0.2  0.2		4.1705503158		-1.0
	24504.99999999	2.74456		-0.54207  0.2  0.2		4.1705503158		-1.0
	24534.99999999	2.6644		-0.03054  0.2  0.2		4.1705503158		-1.0
	24564.99999999	2.59819		0.2925  0.2  0.2		4.1705503158		-1.0
	24594.99999999	2.64585		0.11081  0.2  0.2		4.1705503158		-1.0
	24624.99999999	2.67152		-0.38602  0.2  0.2		4.1705503158		-1.0
	24654.99999999	2.64976		-0.64489  0.2  0.2		4.1705503158		-1.0
	24684.99999999	2.74787		-0.75302  0.2  0.2		4.1705503158		-1.0
	24714.99999999	2.58702		-0.5988  0.2  0.2		4.1705503158		-1.0
	24744.99999999	2.62101		-0.14318  0.2  0.2		4.1705503158		-1.0
	24774.99999999	2.5987		0.1003  0.2  0.2		4.1705503158		-1.0
	24804.99999999	2.63703		-0.04437  0.2  0.2		4.1705503158		-1.0
	24834.99999999	2.71372		-0.27527  0.2  0.2		4.1705503158		-1.0
	24864.99999999	2.6271		-0.29257  0.2  0.2		4.1705503158		-1.0
	24894.99999999	2.72743		-0.62584  0.2  0.2		4.1705503158		-1.0
	24924.99999999	2.78589		-1.00238  0.2  0.2		4.1705503158		-1.0
	24954.99999999	3.4579		-1.22513  0.2  0.2		4.1705503158		-1.0
	24984.99999999	3.302		-1.36957  0.2  0.2		4.1705503158		-1.0
	25014.99999999	3.92958		-1.46255  0.2  0.2		4.1705503158		-1.0
	25044.99999999	3.54444		-1.49599  0.2  0.2		4.1705503158		-1.0
	25074.99999999	3.80066		-1.35668  0.2  0.2		4.1705503158		-1.0
	25104.99999999	3.68212		-1.27407  0.2  0.2		4.1705503158		-1.0
	25134.99999999	3.66809		-1.35732  0.2  0.2		4.1705503158		-1.0
	25164.99999999	3.6322		-1.69654  0.2  0.2		4.1705503158		-1.0
	25194.99999999	3.81467		-1.86069  0.2  0.2		4.1705503158		-1.0
	25224.99999999	3.54915		-1.74812  0.2  0.2		4.1705503158		-1.0
	25254.99999999	2.87621		-1.81821  0.2  0.2		4.1705503158		-1.0
	25284.99999999	3.35863		-1.74622  0.2  0.2		4.1705503158		-1.0
	25314.99999999	3.88011		-1.89689  0.2  0.2		4.1705503158		-1.0
	25344.99999999	4.44071		-1.99951  0.2  0.2		4.1705503158		-1.0
	25374.99999999	4.49435		-1.84964  0.2  0.2		4.1705503158		-1.0
	25404.99999999	3.286		-1.92276  0.2  0.2		4.1705503158		-1.0
	25434.99999999	2.9455		-1.91831  0.2  0.2		4.1705503158		-1.0
	25464.99999999	4.65026		-1.65097  0.2  0.2		4.1705503158		-1.0
	25494.99999999	5.83868		-1.7133  0.2  0.2		4.1705503158		-1.0
	25524.99999999	6.02795		-1.67838  0.2  0.2		4.1705503158		-1.0
	25554.99999999	5.50528		-1.80913  0.2  0.2		4.1705503158		-1.0
	25584.99999999	5.1112		-1.68571  0.2  0.2		4.1705503158		-1.0
	25614.99999999	5.44663		-1.61748  0.2  0.2		4.1705503158		-1.0
	25644.99999999	5.70778		-1.37689  0.2  0.2		4.1705503158		-1.0
	25674.99999999	6.20832		-1.23288  0.2  0.2		4.1705503158		-1.0
	25704.99999999	7.23292		-1.23828  0.2  0.2		4.1705503158		-1.0
	25734.99999999	8.041		-1.33952  0.2  0.2		4.1705503158		-1.0
	25764.99999999	8.01885		-1.42388  0.2  0.2		4.1705503158		-1.0
	25794.99999999	7.39442		-1.57997  0.2  0.2		4.1705503158		-1.0
	25824.99999999	6.481		-1.89362  0.2  0.2		4.1705503158		-1.0
	25854.99999999	6.00447		-1.74702  0.2  0.2		4.1705503158		-1.0
	25884.99999999	5.79878		-1.81239  0.2  0.2		4.1705503158		-1.0
	25914.99999999	5.45906		-1.63289  0.2  0.2		4.1705503158		-1.0
	25944.99999999	5.87113		-1.41303  0.2  0.2		4.1705503158		-1.0
	25974.99999999	6.5631		-1.35798  0.2  0.2		4.1705503158		-1.0
	26004.99999999	7.1719		-1.42064  0.2  0.2		4.1705503158		-1.0
	26034.99999999	7.62226		-1.58526  0.2  0.2		4.1705503158		-1.0
	26064.99999999	7.98754		-1.70973  0.2  0.2		4.1705503158		-1.0
	26094.99999999	8.69396		-1.86253  0.2  0.2		4.1705503158		-1.0
	26124.99999999	8.56289		-1.93382  0.2  0.2		4.1705503158		-1.0
	26154.99999999	8.12732		-1.95161  0.2  0.2		4.1705503158		-1.0
	26184.99999999	8.6061		-1.94095  0.2  0.2		4.1705503158		-1.0
	26214.99999999	9.35262		-1.71398  0.2  0.2		4.1705503158		-1.0
	26244.99999999	9.10221		-1.45367  0.2  0.2		4.1705503158		-1.0
	26274.99999999	8.65306		-1.59251  0.2  0.2		4.1705503158		-1.0
	26304.99999999	8.04401		-1.7829  0.2  0.2		4.1705503158		-1.0
	26334.99999999	7.77163		-1.90033  0.2  0.2		4.1705503158		-1.0
	26364.99999999	7.51432		-1.73291  0.2  0.2		4.1705503158		-1.0
	26394.99999999	7.62382		-1.65621  0.2  0.2		4.1705503158		-1.0
	26424.99999999	7.16806		-1.42969  0.2  0.2		4.1705503158		-1.0
	26454.99999999	6.87058		-0.72839  0.2  0.2		4.1705503158		-1.0
	26484.99999999	6.75502		0.27533  0.2  0.2		4.1705503158		-1.0
	26514.99999999	7.37009		0.18644  0.2  0.2		4.1705503158		-1.0
	26544.99999999	7.75403		0.23985  0.2  0.2		4.1705503158		-1.0
	26574.99999999	8.61492		0.18525  0.2  0.2		4.1705503158		-1.0
	26604.99999999	8.71304		0.23891  0.2  0.2		4.1705503158		-1.0
	26634.99999999	9.15394		-0.01387  0.2  0.2		4.1705503158		-1.0
	26664.99999999	8.93255		-0.25356  0.2  0.2		4.1705503158		-1.0
	26694.99999999	9.27259		-0.87412  0.2  0.2		4.1705503158		-1.0
	26724.99999999	9.81917		-1.06312  0.2  0.2		4.1705503158		-1.0
	26754.99999999	9.74243		-1.30634  0.2  0.2		4.1705503158		-1.0
	26784.99999999	9.46191		-0.74911  0.2  0.2		4.1705503158		-1.0
	26814.99999999	9.20674		-0.07385  0.2  0.2		4.1705503158		-1.0
	26844.99999999	9.23268		0.33188  0.2  0.2		4.1705503158		-1.0
	26874.99999999	9.07706		0.1767  0.2  0.2		4.1705503158		-1.0
	26904.99999999	8.57316		-0.16945  0.2  0.2		4.1705503158		-1.0
	26934.99999999	7.80816		-0.34153  0.2  0.2		4.1705503158		-1.0
	26964.99999999	7.34246		-0.87221  0.2  0.2		4.1705503158		-1.0
	26994.99999999	6.90822		-0.43061  0.2  0.2		4.1705503158		-1.0
	27024.99999999	7.1982		-0.78898  0.2  0.2		4.1705503158		-1.0
	27054.99999999	7.63501		-0.65906  0.2  0.2		4.1705503158		-1.0
	27084.99999999	8.03574		-0.27177  0.2  0.2		4.1705503158		-1.0
	27114.99999999	8.53985		-1.0747  0.2  0.2		4.1705503158		-1.0
	27144.99999999	9.47354		-1.41582  0.2  0.2		4.1705503158		-1.0
	27174.99999999	10.31192		-1.4515  0.2  0.2		4.1705503158		-1.0
	27204.99999999	10.79776		-1.45401  0.2  0.2		4.1705503158		-1.0
	27234.99999998	10.07748		-1.65901  0.2  0.2		4.1705503158		-1.0
	27264.99999998	9.3007		-1.33197  0.2  0.2		4.1705503158		-1.0
	27294.99999998	9.155		-0.84054  0.2  0.2		4.1705503158		-1.0
	27324.99999998	9.57092		0.38285  0.2  0.2		4.1705503158		-1.0
	27354.99999998	10.1933		0.84783  0.2  0.2		4.1705503158		-1.0
	27384.99999998	10.79797		1.01742  0.2  0.2		4.1705503158		-1.0
	27414.99999998	10.95983		1.19754  0.2  0.2		4.1705503158		-1.0
	27444.99999998	11.72514		1.31576  0.2  0.2		4.1705503158		-1.0
	27474.99999998	11.54889		0.79292  0.2  0.2		4.1705503158		-1.0
	27504.99999998	11.15722		0.49417  0.2  0.2		4.1705503158		-1.0
	27534.99999998	11.21385		-0.17714  0.2  0.2		4.1705503158		-1.0
	27564.99999998	11.24961		-0.91122  0.2  0.2		4.1705503158		-1.0
	27594.99999998	11.7371		-1.14927  0.2  0.2		4.1705503158		-1.0
	27624.99999998	12.01594		-1.61571  0.2  0.2		4.1705503158		-1.0
	27654.99999998	11.71126		-1.38532  0.2  0.2		4.1705503158		-1.0
	27684.99999998	11.03929		-1.40616  0.2  0.2		4.1705503158		-1.0
	27714.99999998	10.43837		-1.2499  0.2  0.2		4.1705503158		-1.0
	27744.99999998	9.8491		-1.37723  0.2  0.2		4.1705503158		-1.0
	27774.99999998	9.27453		-1.17371  0.2  0.2		4.1705503158		-1.0
	27804.99999998	7.93075		-0.88841  0.2  0.2		4.1705503158		-1.0
	27834.99999998	7.07372		-0.12483  0.2  0.2		4.1705503158		-1.0
	27864.99999998	6.39319		0.25945  0.2  0.2		4.1705503158		-1.0
	27894.99999998	6.27565		0.54391  0.2  0.2		4.1705503158		-1.0
	27924.99999998	6.59823		0.77762  0.2  0.2		4.1705503158		-1.0
	27954.99999998	6.73204		1.18408  0.2  0.2		4.1705503158		-1.0
	27984.99999998	6.44567		1.20004  0.2  0.2		4.1705503158		-1.0
	28014.99999998	6.02861		1.33808  0.2  0.2		4.1705503158		-1.0
	28044.99999998	5.76026		1.05209  0.2  0.2		4.1705503158		-1.0
	28074.99999998	6.11735		0.82024  0.2  0.2		4.1705503158		-1.0
	28104.99999998	6.71022		0.714  0.2  0.2		4.1705503158		-1.0
	28134.99999998	7.51962		0.81574  0.2  0.2		4.1705503158		-1.0
	28164.99999998	7.68045		0.80946  0.2  0.2		4.1705503158		-1.0
	28194.99999998	7.65018		0.80673  0.2  0.2		4.1705503158		-1.0
	28224.99999998	7.21698		0.82707  0.2  0.2		4.1705503158		-1.0
	28254.99999998	6.82858		0.68749  0.2  0.2		4.1705503158		-1.0
	28284.99999998	7.06716		0.58892  0.2  0.2		4.1705503158		-1.0
	28314.99999998	7.20872		0.5822  0.2  0.2		4.1705503158		-1.0
	28344.99999998	7.42638		0.63151  0.2  0.2		4.1705503158		-1.0
	28374.99999998	8.44739		0.59077  0.2  0.2		4.1705503158		-1.0
	28404.99999998	8.78302		0.92089  0.2  0.2		4.1705503158		-1.0
	28434.99999998	8.73731		0.80684  0.2  0.2		4.1705503158		-1.0
	28464.99999998	8.59532		0.86565  0.2  0.2		4.1705503158		-1.0
	28494.99999998	8.20653		1.25358  0.2  0.2		4.1705503158		-1.0
	28524.99999998	7.69093		1.22994  0.2  0.2		4.1705503158		-1.0
	28554.99999998	7.7553		1.28118  0.2  0.2		4.1705503158		-1.0
	28584.99999998	7.16537		1.05581  0.2  0.2		4.1705503158		-1.0
	28614.99999998	7.26456		1.25575  0.2  0.2		4.1705503158		-1.0
	28644.99999998	6.78281		1.26796  0.2  0.2		4.1705503158		-1.0
	28674.99999998	6.30535		1.55543  0.2  0.2		4.1705503158		-1.0
	28704.99999998	6.04792		1.62681  0.2  0.2		4.1705503158		-1.0
	28734.99999998	6.08335		1.11338  0.2  0.2		4.1705503158		-1.0
	28764.99999998	6.22629		0.96226  0.2  0.2		4.1705503158		-1.0
	28794.99999998	6.94844		0.96689  0.2  0.2		4.1705503158		-1.0
	28824.99999998	7.30274		1.15637  0.2  0.2		4.1705503158		-1.0
	28854.99999998	7.2019		1.49951  0.2  0.2		4.1705503158		-1.0
	28884.99999998	6.86529		1.82991  0.2  0.2		4.1705503158		-1.0
	28914.99999998	6.58213		1.9738  0.2  0.2		4.1705503158		-1.0
	28944.99999998	6.19137		1.86756  0.2  0.2		4.1705503158		-1.0
	28974.99999998	6.09966		1.53482  0.2  0.2		4.1705503158		-1.0
	29004.99999998	6.14893		1.6975  0.2  0.2		4.1705503158		-1.0
	29034.99999998	6.96132		2.50642  0.2  0.2		4.1705503158		-1.0
	29064.99999998	7.87654		2.91111  0.2  0.2		4.1705503158		-1.0
	29094.99999998	8.42103		3.07928  0.2  0.2		4.1705503158		-1.0
	29124.99999998	8.4374		2.8845  0.2  0.2		4.1705503158		-1.0
	29154.99999998	8.8209		2.65181  0.2  0.2		4.1705503158		-1.0
	29184.99999998	9.40967		2.75715  0.2  0.2		4.1705503158		-1.0
	29214.99999998	10.5104		2.92509  0.2  0.2		4.1705503158		-1.0
	29244.99999998	11.47315		3.0919  0.2  0.2		4.1705503158		-1.0
	29274.99999998	11.84992		3.01142  0.2  0.2		4.1705503158		-1.0
	29304.99999998	11.0617		2.78601  0.2  0.2		4.1705503158		-1.0
	29334.99999998	9.55062		2.74509  0.2  0.2		4.1705503158		-1.0
	29364.99999998	8.30714		2.7262  0.2  0.2		4.1705503158		-1.0
	29394.99999998	7.45556		2.61359  0.2  0.2		4.1705503158		-1.0
	29424.99999998	7.18533		2.50325  0.2  0.2		4.1705503158		-1.0
	29454.99999998	7.5542		2.21677  0.2  0.2		4.1705503158		-1.0
	29484.99999998	8.11232		2.16967  0.2  0.2		4.1705503158		-1.0
	29514.99999998	8.56879		2.01314  0.2  0.2		4.1705503158		-1.0
	29544.99999998	8.64568		1.79921  0.2  0.2		4.1705503158		-1.0
	29574.99999998	8.94246		1.52838  0.2  0.2		4.1705503158		-1.0
	29604.99999998	8.58952		2.04622  0.2  0.2		4.1705503158		-1.0
	29634.99999998	8.40939		2.14465  0.2  0.2		4.1705503158		-1.0
	29664.99999998	8.25067		2.42327  0.2  0.2		4.1705503158		-1.0
	29694.99999998	7.72047		2.45833  0.2  0.2		4.1705503158		-1.0
	29724.99999998	7.42208		2.02627  0.2  0.2		4.1705503158		-1.0
	29754.99999998	6.95132		1.70398  0.2  0.2		4.1705503158		-1.0
	29784.99999998	6.71012		2.53283  0.2  0.2		4.1705503158		-1.0
	29814.99999998	6.66296		-2.62297  0.2  0.2		4.1705503158		-1.0
	29844.99999998	6.77514		-3.06498  0.2  0.2		4.1705503158		-1.0
	29874.99999998	6.68201		2.27112  0.2  0.2		4.1705503158		-1.0
	29904.99999998	6.73083		2.74041  0.2  0.2		4.1705503158		-1.0
	29934.99999998	6.95845		2.64819  0.2  0.2		4.1705503158		-1.0
	29964.99999998	7.55967		2.8811  0.2  0.2		4.1705503158		-1.0
	29994.99999998	7.97937		2.87348  0.2  0.2		4.1705503158		-1.0
	30024.99999998	8.78859		2.85368  0.2  0.2		4.1705503158		-1.0
	30054.99999998	9.36424		3.01985  0.2  0.2		4.1705503158		-1.0
	30084.99999998	9.30962		3.08781  0.2  0.2		4.1705503158		-1.0
	30114.99999998	9.08215		-2.8093  0.2  0.2		4.1705503158		-1.0
	30144.99999998	8.7368		3.0365  0.2  0.2		4.1705503158		-1.0
	30174.99999998	8.70022		2.53889  0.2  0.2		4.1705503158		-1.0
	30204.99999998	8.51511		2.16048  0.2  0.2		4.1705503158		-1.0
	30234.99999998	8.19622		1.47916  0.2  0.2		4.1705503158		-1.0
	30264.99999998	7.86955		1.03319  0.2  0.2		4.1705503158		-1.0
	30294.99999998	7.84099		1.94674  0.2  0.2		4.1705503158		-1.0
	30324.99999998	7.8786		2.73268  0.2  0.2		4.1705503158		-1.0
	30354.99999998	7.85505		-3.09099  0.2  0.2		4.1705503158		-1.0
	30384.99999998	7.8164		-2.91541  0.2  0.2		4.1705503158		-1.0
	30414.99999998	7.34508		-2.99139  0.2  0.2		4.1705503158		-1.0
	30444.99999998	7.18178		2.9069  0.2  0.2		4.1705503158		-1.0
	30474.99999998	7.13586		-2.74312  0.2  0.2		4.1705503158		-1.0
	30504.99999998	7.47653		-2.69193  0.2  0.2		4.1705503158		-1.0
	30534.99999998	7.91183		-2.69776  0.2  0.2		4.1705503158		-1.0
	30564.99999998	8.31573		-2.5643  0.2  0.2		4.1705503158		-1.0
	30594.99999998	8.52038		-2.60405  0.2  0.2		4.1705503158		-1.0
	30624.99999998	8.79234		-3.00964  0.2  0.2		4.1705503158		-1.0
	30654.99999998	8.96662		-3.11781  0.2  0.2		4.1705503158		-1.0
	30684.99999998	9.1386		3.12694  0.2  0.2		4.1705503158		-1.0
	30714.99999998	9.29292		3.12762  0.2  0.2		4.1705503158		-1.0
	30744.99999998	9.68179		-2.94808  0.2  0.2		4.1705503158		-1.0
	30774.99999998	10.4264		3.14071  0.2  0.2		4.1705503158		-1.0
	30804.99999998	10.67705		-3.00096  0.2  0.2		4.1705503158		-1.0
	30834.99999998	11.13688		-2.70172  0.2  0.2		4.1705503158		-1.0
	30864.99999998	10.77459		-2.47946  0.2  0.2		4.1705503158		-1.0
	30894.99999998	9.87471		-2.71927  0.2  0.2		4.1705503158		-1.0
	30924.99999998	8.96115		-2.90706  0.2  0.2		4.1705503158		-1.0
	30954.99999998	7.59072		-2.90856  0.2  0.2		4.1705503158		-1.0
	30984.99999998	6.39498		3.13492  0.2  0.2		4.1705503158		-1.0
	31014.99999998	5.74364		3.03461  0.2  0.2		4.1705503158		-1.0
	31044.99999998	5.72618		2.486  0.2  0.2		4.1705503158		-1.0
	31074.99999998	5.84364		2.33594  0.2  0.2		4.1705503158		-1.0
	31104.99999998	6.24484		-2.72165  0.2  0.2		4.1705503158		-1.0
	31134.99999998	6.82344		2.90361  0.2  0.2		4.1705503158		-1.0
	31164.99999998	6.77334		-3.01314  0.2  0.2		4.1705503158		-1.0
	31194.99999998	6.5617		-2.17677  0.2  0.2		4.1705503158		-1.0
	31224.99999998	6.39466		-0.32958  0.2  0.2		4.1705503158		-1.0
	31254.99999998	5.86418		0.30252  0.2  0.2		4.1705503158		-1.0
	31284.99999998	5.8974		0.63991  0.2  0.2		4.1705503158		-1.0
	31314.99999998	6.12061		-0.11877  0.2  0.2		4.1705503158		-1.0
	31344.99999998	6.70043		-0.24888  0.2  0.2		4.1705503158		-1.0
	31374.99999998	6.62855		0.07276  0.2  0.2		4.1705503158		-1.0
	31404.99999998	6.78783		0.39625  0.2  0.2		4.1705503158		-1.0
	31434.99999998	6.8686		0.94208  0.2  0.2		4.1705503158		-1.0
	31464.99999998	6.9217		2.60556  0.2  0.2		4.1705503158		-1.0
	31494.99999998	6.70818		-2.27209  0.2  0.2		4.1705503158		-1.0
	31524.99999998	6.84122		-2.42708  0.2  0.2		4.1705503158		-1.0
	31554.99999998	6.50213		2.74626  0.2  0.2		4.1705503158		-1.0
	31584.99999998	6.28258		2.9555  0.2  0.2		4.1705503158		-1.0
	31614.99999998	5.87369		-3.07193  0.2  0.2		4.1705503158		-1.0
	31644.99999998	5.81299		-3.12191  0.2  0.2		4.1705503158		-1.0
	31674.99999998	5.59253		-2.68213  0.2  0.2		4.1705503158		-1.0
	31704.99999998	5.3953		-2.25686  0.2  0.2		4.1705503158		-1.0
	31734.99999998	5.94279		-2.27003  0.2  0.2		4.1705503158		-1.0
	31764.99999998	6.42827		-2.41424  0.2  0.2		4.1705503158		-1.0
	31794.99999998	6.76598		-2.51081  0.2  0.2		4.1705503158		-1.0
	31824.99999998	7.38787		-2.23094  0.2  0.2		4.1705503158		-1.0
	31854.99999998	8.10584		-2.2804  0.2  0.2		4.1705503158		-1.0
	31884.99999998	8.69343		-2.30082  0.2  0.2		4.1705503158		-1.0
	31914.99999998	9.09993		-2.16661  0.2  0.2		4.1705503158		-1.0
	31944.99999998	9.11851		-1.92987  0.2  0.2		4.1705503158		-1.0
	31974.99999998	8.77151		-1.67031  0.2  0.2		4.1705503158		-1.0
	32004.99999998	8.75886		-1.38967  0.2  0.2		4.1705503158		-1.0
	32034.99999998	8.65344		-1.50453  0.2  0.2		4.1705503158		-1.0
	32064.99999998	9.13968		-1.89326  0.2  0.2		4.1705503158		-1.0
	32094.99999998	9.55492		-1.89838  0.2  0.2		4.1705503158		-1.0
	32124.99999998	10.64131		-1.9317  0.2  0.2		4.1705503158		-1.0
	32154.99999998	11.03166		-2.13346  0.2  0.2		4.1705503158		-1.0
	32184.99999998	11.59271		-1.99588  0.2  0.2		4.1705503158		-1.0
	32214.99999998	12.09396		-2.15676  0.2  0.2		4.1705503158		-1.0
	32244.99999998	12.1081		-2.47645  0.2  0.2		4.1705503158		-1.0
	32274.99999998	11.61445		-2.89478  0.2  0.2		4.1705503158		-1.0
	32304.99999998	11.22822		-2.84029  0.2  0.2		4.1705503158		-1.0
	32334.99999998	10.762		1.93054  0.2  0.2		4.1705503158		-1.0
	32364.99999998	10.42784		2.31409  0.2  0.2		4.1705503158		-1.0
	32394.99999998	10.27523		2.70387  0.2  0.2		4.1705503158		-1.0
	32424.99999998	10.44476		1.87289  0.2  0.2		4.1705503158		-1.0
	32454.99999998	9.68745		-2.6809  0.2  0.2		4.1705503158		-1.0
	32484.99999998	9.64784		-2.8231  0.2  0.2		4.1705503158		-1.0
	32514.99999998	9.36558		-2.82237  0.2  0.2		4.1705503158		-1.0
	32544.99999998	9.48122		-2.75549  0.2  0.2		4.1705503158		-1.0
	32574.99999998	9.90151		-2.57743  0.2  0.2		4.1705503158		-1.0
	32604.99999998	10.50562		-2.63442  0.2  0.2		4.1705503158		-1.0
	32634.99999998	10.29738		-2.93998  0.2  0.2		4.1705503158		-1.0
	32664.99999998	9.77718		2.13574  0.2  0.2		4.1705503158		-1.0
	32694.99999998	9.51755		2.33331  0.2  0.2		4.1705503158		-1.0
	32724.99999998	9.06471		2.31915  0.2  0.2		4.1705503158		-1.0
	32754.99999998	9.27365		1.7496  0.2  0.2		4.1705503158		-1.0
	32784.99999998	9.23747		2.18362  0.2  0.2		4.1705503158		-1.0
	32814.99999998	9.28994		2.54041  0.2  0.2		4.1705503158		-1.0
	32844.99999998	9.51919		2.18235  0.2  0.2		4.1705503158		-1.0
	32874.99999998	10.14139		2.77212  0.2  0.2		4.1705503158		-1.0
	32904.99999998	10.88837		2.6247  0.2  0.2		4.1705503158		-1.0
	32934.99999998	11.43133		2.62764  0.2  0.2		4.1705503158		-1.0
	32964.99999998	12.04472		2.76081  0.2  0.2		4.1705503158		-1.0
	32994.99999998	11.984		2.80979  0.2  0.2		4.1705503158		-1.0
	33024.99999998	11.96391		-2.96529  0.2  0.2		4.1705503158		-1.0
	33054.99999998	12.02994		-2.90215  0.2  0.2		4.1705503158		-1.0
	33084.99999998	11.93451		-2.45119  0.2  0.2		4.1705503158		-1.0
	33114.99999998	11.88745		-1.76015  0.2  0.2		4.1705503158		-1.0
	33144.99999998	12.07029		-1.21822  0.2  0.2		4.1705503158		-1.0
	33174.99999998	11.94512		-1.6568  0.2  0.2		4.1705503158		-1.0
	33204.99999998	11.68482		-2.80867  0.2  0.2		4.1705503158		-1.0
	33234.99999998	11.74789		2.43208  0.2  0.2		4.1705503158		-1.0
	33264.99999998	11.02959		2.39967  0.2  0.2		4.1705503158		-1.0
	33294.99999998	10.59493		2.30875  0.2  0.2		4.1705503158		-1.0
	33324.99999998	10.27514		2.37957  0.2  0.2		4.1705503158		-1.0
	33354.99999998	9.69685		2.43644  0.2  0.2		4.1705503158		-1.0
	33384.99999998	9.38152		2.45225  0.2  0.2		4.1705503158		-1.0
	33414.99999998	9.65696		2.95649  0.2  0.2		4.1705503158		-1.0
	33444.99999998	10.20816		-3.06654  0.2  0.2		4.1705503158		-1.0
	33474.99999998	10.06334		3.12637  0.2  0.2		4.1705503158		-1.0
	33504.99999998	9.86858		2.99402  0.2  0.2		4.1705503158		-1.0
	33534.99999998	10.06797		2.77268  0.2  0.2		4.1705503158		-1.0
	33564.99999998	10.38509		2.56538  0.2  0.2		4.1705503158		-1.0
	33594.99999998	11.09392		2.50376  0.2  0.2		4.1705503158		-1.0
	33624.99999998	11.4336		2.25335  0.2  0.2		4.1705503158		-1.0
	33654.99999998	11.63116		2.03259  0.2  0.2		4.1705503158		-1.0
	33684.99999998	11.70797		1.84358  0.2  0.2		4.1705503158		-1.0
	33714.99999998	11.2579		1.99352  0.2  0.2		4.1705503158		-1.0
	33744.99999997	10.81354		1.95798  0.2  0.2		4.1705503158		-1.0
	33774.99999997	11.13808		2.06801  0.2  0.2		4.1705503158		-1.0
	33804.99999997	11.70927		2.17303  0.2  0.2		4.1705503158		-1.0
	33834.99999997	12.06435		2.22389  0.2  0.2		4.1705503158		-1.0
	33864.99999997	11.88304		2.31228  0.2  0.2		4.1705503158		-1.0
	33894.99999997	12.03902		2.22071  0.2  0.2		4.1705503158		-1.0
	33924.99999997	12.1109		1.67056  0.2  0.2		4.1705503158		-1.0
	33954.99999997	11.85913		1.48135  0.2  0.2		4.1705503158		-1.0
	33984.99999997	11.73855		1.66856  0.2  0.2		4.1705503158		-1.0
	34014.99999997	12.06252		1.42447  0.2  0.2		4.1705503158		-1.0
	34044.99999997	12.11783		1.36558  0.2  0.2		4.1705503158		-1.0
	34074.99999997	11.64484		0.91423  0.2  0.2		4.1705503158		-1.0
	34104.99999997	11.44981		1.16346  0.2  0.2		4.1705503158		-1.0
	34134.99999997	11.16357		1.5417  0.2  0.2		4.1705503158		-1.0
	34164.99999997	10.67396		1.40068  0.2  0.2		4.1705503158		-1.0
	34194.99999997	10.51055		1.90675  0.2  0.2		4.1705503158		-1.0
	34224.99999997	10.23212		2.25021  0.2  0.2		4.1705503158		-1.0
	34254.99999997	9.37317		1.81813  0.2  0.2		4.1705503158		-1.0
	34284.99999997	9.19758		1.31999  0.2  0.2		4.1705503158		-1.0
	34314.99999997	9.6053		1.06683  0.2  0.2		4.1705503158		-1.0
	34344.99999997	9.66971		1.00498  0.2  0.2		4.1705503158		-1.0
	34374.99999997	9.13768		1.45813  0.2  0.2		4.1705503158		-1.0
	34404.99999997	9.05993		1.30909  0.2  0.2		4.1705503158		-1.0
	34434.99999997	9.00703		1.14337  0.2  0.2		4.1705503158		-1.0
	34464.99999997	9.06395		0.49042  0.2  0.2		4.1705503158		-1.0
	34494.99999997	9.10742		0.67661  0.2  0.2		4.1705503158		-1.0
	34524.99999997	9.51891		1.25457  0.2  0.2		4.1705503158		-1.0
	34554.99999997	10.58679		1.43407  0.2  0.2		4.1705503158		-1.0
	34584.99999997	11.32058		1.70441  0.2  0.2		4.1705503158		-1.0
	34614.99999997	11.27469		1.70233  0.2  0.2		4.1705503158		-1.0
	34644.99999997	11.04411		1.61388  0.2  0.2		4.1705503158		-1.0
	34674.99999997	10.86794		1.49321  0.2  0.2		4.1705503158		-1.0
	34704.99999997	11.09071		1.2256  0.2  0.2		4.1705503158		-1.0
	34734.99999997	11.49375		1.16217  0.2  0.2		4.1705503158		-1.0
	34764.99999997	11.54127		1.33204  0.2  0.2		4.1705503158		-1.0
	34794.99999997	11.20175		1.41087  0.2  0.2		4.1705503158		-1.0
	34824.99999997	11.10975		1.71155  0.2  0.2		4.1705503158		-1.0
