	0.00000000		2.87417
	5.00000000		3.00433
	10.00000000		3.07231
	15.00000000		3.05805
	20.00000000		2.97282
	25.00000000		2.90167
	30.00000000		2.88319
	35.00000000		2.90863
	40.00000000		2.92731
	45.00000000		2.94211
	50.00000000		2.94297
	55.00000000		2.93341
	60.00000000		2.92745
	65.00000000		2.92397
	70.00000000		2.94825
	75.00000000		2.95767
	80.00000000		2.95332
	85.00000000		2.89403
	90.00000000		2.84159
	95.00000000		2.83923
	100.00000000		2.90902
	105.00000000		3.02072
	110.00000000		3.09220
	115.00000000		3.08908
	120.00000000		2.98413
	125.00000000		2.84735
	130.00000000		2.76416
	135.00000000		2.86572
	140.00000000		3.03098
	145.00000000		3.10550
	150.00000000		3.04020
	155.00000000		2.91398
	160.00000000		2.79100
	165.00000000		2.77496
	170.00000000		2.85647
	175.00000000		2.93220
	180.00000000		2.98869
	185.00000000		3.03135
	190.00000000		3.09434
	195.00000000		3.11064
	200.00000000		3.04682
	205.00000000		2.93188
	210.00000000		2.83977
	215.00000000		2.82712
	220.00000000		2.86276
	225.00000000		2.91209
	230.00000000		2.92768
	235.00000000		2.94485
	240.00000000		2.95614
	245.00000000		2.96035
	250.00000000		2.89969
	255.00000000		2.80718
	260.00000000		2.79621
	265.00000000		2.90709
	270.00000000		3.06688
	275.00000000		3.12658
	280.00000000		3.06114
	285.00000000		2.90029
	290.00000000		2.76948
	295.00000000		2.77024
	300.00000000		2.89177
	305.00000000		3.02058
	310.00000000		3.07829
	315.00000000		3.08695
	320.00000000		3.01808
	325.00000000		2.94769
	330.00000000		2.85229
	335.00000000		2.77091
	340.00000000		2.76143
	345.00000000		2.86689
	350.00000000		3.01772
	355.00000000		3.11005
	360.00000000		3.11501
	365.00000000		2.97418
	370.00000000		2.79970
	375.00000000		2.74051
	380.00000000		2.87769
	385.00000000		2.99211
	390.00000000		2.99041
	395.00000000		2.91725
	400.00000000		2.85980
	405.00000000		2.85858
	410.00000000		2.86535
	415.00000000		2.88791
	420.00000000		2.93168
	425.00000000		3.01820
	430.00000000		3.07818
	435.00000000		3.08329
	440.00000000		3.02665
	445.00000000		2.97193
	450.00000000		2.92419
	455.00000000		2.88258
	460.00000000		2.83243
	465.00000000		2.79343
	470.00000000		2.82843
	475.00000000		2.89815
	480.00000000		2.98579
	485.00000000		2.98488
	490.00000000		2.89283
	495.00000000		2.76001
	500.00000000		2.76155
	505.00000000		2.85501
	510.00000000		2.93303
	515.00000000		2.93666
	520.00000000		2.89053
	525.00000000		2.82176
	530.00000000		2.74530
	535.00000000		2.75257
	540.00000000		2.82680
	545.00000000		2.90598
	550.00000000		2.95590
	555.00000000		2.97645
	560.00000000		2.93158
	565.00000000		2.81883
	570.00000000		2.70768
	575.00000000		2.72927
	580.00000000		2.88444
	585.00000000		3.05176
	590.00000000		3.18507
	595.00000000		3.23535
	600.00000000		3.17173
	605.00000000		3.02898
	610.00000000		2.84982
	615.00000000		2.71644
	620.00000000		2.73922
	625.00000000		2.90341
	630.00000000		3.04355
	635.00000000		3.06543
	640.00000000		2.99176
	645.00000000		2.86791
	650.00000000		2.77632
	655.00000000		2.80871
	660.00000000		2.95278
	665.00000000		3.08765
	670.00000000		3.14273
	675.00000000		3.05787
	680.00000000		2.85521
	685.00000000		2.70030
	690.00000000		2.77894
	695.00000000		3.00319
	700.00000000		3.13665
	705.00000000		3.11628
	710.00000000		2.96135
	715.00000000		2.81060
	720.00000000		2.75555
	725.00000000		2.85612
	730.00000000		2.99049
	735.00000000		3.05290
	740.00000000		3.02843
	745.00000000		2.92294
	750.00000000		2.84355
	755.00000000		2.81269
	760.00000000		2.86334
	765.00000000		2.96819
	770.00000000		3.09257
	775.00000000		3.15748
	780.00000000		3.10640
	785.00000000		2.95791
	790.00000000		2.75553
	795.00000000		2.70323
	800.00000000		2.85892
	805.00000000		3.04371
	810.00000000		3.15845
	815.00000000		3.21189
	820.00000000		3.20882
	825.00000000		3.15434
	830.00000000		3.03247
	835.00000000		2.81149
	840.00000000		2.64527
	845.00000000		2.73227
	850.00000000		2.94855
	855.00000000		3.08690
	860.00000000		3.12797
	865.00000000		3.05374
	870.00000000		2.89296
	875.00000000		2.74958
	880.00000000		2.74650
	885.00000000		2.89784
	890.00000000		3.04636
	895.00000000		3.11884
	900.00000000		3.08883
	905.00000000		2.97566
	910.00000000		2.81302
	915.00000000		2.70459
	920.00000000		2.75854
	925.00000000		2.90404
	930.00000000		3.01820
	935.00000000		3.07749
	940.00000000		3.04679
	945.00000000		2.95647
	950.00000000		2.85814
	955.00000000		2.84103
	960.00000000		2.93449
	965.00000000		3.07820
	970.00000000		3.17068
	975.00000000		3.09018
	980.00000000		2.91171
	985.00000000		2.75962
	990.00000000		2.77022
	995.00000000		2.91801
	1000.00000000		3.09438
	1005.00000000		3.20992
	1010.00000000		3.20171
	1015.00000000		3.10160
	1020.00000000		2.95828
	1025.00000000		2.86543
	1030.00000000		2.83113
	1035.00000000		2.87854
	1040.00000000		2.95813
	1045.00000000		3.05481
	1050.00000000		3.10882
	1055.00000000		3.12192
	1060.00000000		3.10037
	1065.00000000		3.05531
	1070.00000000		2.99203
	1075.00000000		2.88391
	1080.00000000		2.80111
	1085.00000000		2.77133
	1090.00000000		2.84329
	1095.00000000		2.93142
	1100.00000000		3.00713
	1105.00000000		3.03595
	1110.00000000		3.02873
	1115.00000000		2.98710
	1120.00000000		2.87543
	1125.00000000		2.73917
	1130.00000000		2.69258
	1135.00000000		2.82738
	1140.00000000		2.98881
	1145.00000000		3.11864
	1150.00000000		3.23053
	1155.00000000		3.29008
	1160.00000000		3.25213
	1165.00000000		3.12837
	1170.00000000		2.99457
	1175.00000000		2.83916
	1180.00000000		2.68787
	1185.00000000		2.69381
	1190.00000000		2.87720
	1195.00000000		3.11916
	1200.00000000		3.27231
	1205.00000000		3.25985
	1210.00000000		3.10807
	1215.00000000		2.88380
	1220.00000000		2.72388
	1225.00000000		2.75387
	1230.00000000		2.92899
	1235.00000000		3.08541
	1240.00000000		3.13988
	1245.00000000		3.05144
	1250.00000000		2.89083
	1255.00000000		2.76148
	1260.00000000		2.77650
	1265.00000000		2.93864
	1270.00000000		3.11343
	1275.00000000		3.18469
	1280.00000000		3.09097
	1285.00000000		2.91282
	1290.00000000		2.76535
	1295.00000000		2.75286
	1300.00000000		2.85195
	1305.00000000		3.01696
	1310.00000000		3.14238
	1315.00000000		3.12795
	1320.00000000		2.99726
	1325.00000000		2.82093
	1330.00000000		2.72332
	1335.00000000		2.80768
	1340.00000000		3.00400
	1345.00000000		3.18361
	1350.00000000		3.21822
	1355.00000000		3.09509
	1360.00000000		2.88429
	1365.00000000		2.72766
	1370.00000000		2.74052
	1375.00000000		2.88972
	1380.00000000		3.05314
	1385.00000000		3.15526
	1390.00000000		3.14017
	1395.00000000		2.98990
	1400.00000000		2.78121
	1405.00000000		2.65896
	1410.00000000		2.75686
	1415.00000000		2.96051
	1420.00000000		3.15765
	1425.00000000		3.25753
	1430.00000000		3.24684
	1435.00000000		3.11479
	1440.00000000		2.93359
	1445.00000000		2.76036
	1450.00000000		2.68874
	1455.00000000		2.80111
	1460.00000000		3.02166
	1465.00000000		3.29207
	1470.00000000		3.42620
	1475.00000000		3.35696
	1480.00000000		3.12820
	1485.00000000		2.92583
	1490.00000000		2.72622
	1495.00000000		2.62025
	1500.00000000		2.74131
	1505.00000000		2.96935
	1510.00000000		3.22986
	1515.00000000		3.44951
	1520.00000000		3.50644
	1525.00000000		3.36288
	1530.00000000		3.12745
	1535.00000000		2.89151
	1540.00000000		2.67877
	1545.00000000		2.64633
	1550.00000000		2.84297
	1555.00000000		3.00599
	1560.00000000		3.08097
	1565.00000000		3.11058
	1570.00000000		3.10622
	1575.00000000		3.05485
	1580.00000000		2.90347
	1585.00000000		2.69083
	1590.00000000		2.67499
	1595.00000000		2.87924
	1600.00000000		3.05639
	1605.00000000		3.18585
	1610.00000000		3.25487
	1615.00000000		3.26233
	1620.00000000		3.22323
	1625.00000000		3.14324
	1630.00000000		3.01569
	1635.00000000		2.78655
	1640.00000000		2.60688
	1645.00000000		2.74573
	1650.00000000		2.95374
	1655.00000000		3.08439
	1660.00000000		3.18111
	1665.00000000		3.29983
	1670.00000000		3.37011
	1675.00000000		3.33294
	1680.00000000		3.23186
	1685.00000000		3.15416
	1690.00000000		3.12212
	1695.00000000		3.11569
	1700.00000000		3.12777
	1705.00000000		3.13780
	1710.00000000		3.15572
	1715.00000000		3.20564
	1720.00000000		3.27031
	1725.00000000		3.31489
	1730.00000000		3.29540
	1735.00000000		3.19966
	1740.00000000		3.04489
	1745.00000000		2.90223
	1750.00000000		2.77832
	1755.00000000		2.71487
	1760.00000000		2.76703
	1765.00000000		2.89433
	1770.00000000		3.04107
	1775.00000000		3.18245
	1780.00000000		3.27870
	1785.00000000		3.26677
	1790.00000000		3.15973
	1795.00000000		3.00786
	1800.00000000		2.87705
	1805.00000000		2.77541
	1810.00000000		2.71959
	1815.00000000		2.75793
	1820.00000000		2.88000
	1825.00000000		2.99018
	1830.00000000		3.05151
	1835.00000000		3.08634
	1840.00000000		3.08220
	1845.00000000		3.04399
	1850.00000000		2.98456
	1855.00000000		2.92661
	1860.00000000		2.87181
	1865.00000000		2.82887
	1870.00000000		2.82304
	1875.00000000		2.85066
	1880.00000000		2.89262
	1885.00000000		2.93665
	1890.00000000		2.97335
	1895.00000000		2.97024
	1900.00000000		2.90195
	1905.00000000		2.81537
	1910.00000000		2.79327
	1915.00000000		2.87259
	1920.00000000		2.96516
	1925.00000000		3.01008
	1930.00000000		3.01800
	1935.00000000		3.01309
	1940.00000000		3.01712
	1945.00000000		2.96798
	1950.00000000		2.86734
	1955.00000000		2.77574
	1960.00000000		2.80993
	1965.00000000		2.91524
	1970.00000000		3.01387
	1975.00000000		3.07188
	1980.00000000		3.06418
	1985.00000000		3.03739
	1990.00000000		2.98826
	1995.00000000		2.91731
	2000.00000000		2.77216
	2005.00000000		2.66096
	2010.00000000		2.74546
	2015.00000000		2.93547
	2020.00000000		3.14924
	2025.00000000		3.34026
	2030.00000000		3.40625
	2035.00000000		3.30941
	2040.00000000		3.17761
	2045.00000000		3.06248
	2050.00000000		2.93571
	2055.00000000		2.75413
	2060.00000000		2.62742
	2065.00000000		2.72680
	2070.00000000		2.88852
	2075.00000000		3.03066
	2080.00000000		3.14858
	2085.00000000		3.27712
	2090.00000000		3.34625
	2095.00000000		3.34321
	2100.00000000		3.24900
	2105.00000000		3.09423
	2110.00000000		2.91933
	2115.00000000		2.72902
	2120.00000000		2.62679
	2125.00000000		2.70363
	2130.00000000		2.87827
	2135.00000000		2.99990
	2140.00000000		3.12694
	2145.00000000		3.27946
	2150.00000000		3.38664
	2155.00000000		3.38026
	2160.00000000		3.22963
	2165.00000000		3.06346
	2170.00000000		2.91223
	2175.00000000		2.79436
	2180.00000000		2.66411
	2185.00000000		2.66013
	2190.00000000		2.78477
	2195.00000000		2.90756
	2200.00000000		2.99708
	2205.00000000		3.03640
	2210.00000000		3.02770
	2215.00000000		2.93842
	2220.00000000		2.83147
	2225.00000000		2.72649
	2230.00000000		2.70189
	2235.00000000		2.78750
	2240.00000000		2.89284
	2245.00000000		2.99808
	2250.00000000		3.10453
	2255.00000000		3.17117
	2260.00000000		3.13804
	2265.00000000		2.99450
	2270.00000000		2.82470
	2275.00000000		2.79374
	2280.00000000		2.92854
	2285.00000000		3.06441
	2290.00000000		3.07600
	2295.00000000		2.95346
	2300.00000000		2.78624
	2305.00000000		2.73481
	2310.00000000		2.84744
	2315.00000000		2.96553
	2320.00000000		3.02172
	2325.00000000		3.06193
	2330.00000000		3.09766
	2335.00000000		3.10558
	2340.00000000		3.04082
	2345.00000000		2.91734
	2350.00000000		2.76221
	2355.00000000		2.68636
	2360.00000000		2.73459
	2365.00000000		2.80031
	2370.00000000		2.82970
	2375.00000000		2.82437
	2380.00000000		2.81203
	2385.00000000		2.77554
	2390.00000000		2.72792
	2395.00000000		2.69920
	2400.00000000		2.75158
	2405.00000000		2.86444
	2410.00000000		2.96932
	2415.00000000		3.05576
	2420.00000000		3.06775
	2425.00000000		3.00656
	2430.00000000		2.89201
	2435.00000000		2.80119
	2440.00000000		2.78577
	2445.00000000		2.86838
	2450.00000000		2.99256
	2455.00000000		3.03727
	2460.00000000		3.00942
	2465.00000000		2.90202
	2470.00000000		2.82141
	2475.00000000		2.81245
	2480.00000000		2.89471
	2485.00000000		3.01340
	2490.00000000		3.07664
	2495.00000000		3.09653
	2500.00000000		3.00044
	2505.00000000		2.84837
	2510.00000000		2.75741
	2515.00000000		2.85410
	2520.00000000		3.01328
	2525.00000000		3.10656
	2530.00000000		3.13214
	2535.00000000		3.09681
	2540.00000000		3.06651
	2545.00000000		3.01953
	2550.00000000		2.97564
	2555.00000000		2.88540
	2560.00000000		2.81295
	2565.00000000		2.77916
	2570.00000000		2.84111
	2575.00000000		2.92472
	2580.00000000		2.96240
	2585.00000000		2.96685
	2590.00000000		2.95132
	2595.00000000		2.94786
	2600.00000000		2.90234
	2605.00000000		2.78285
	2610.00000000		2.63636
	2615.00000000		2.72723
	2620.00000000		2.92750
	2625.00000000		3.09966
	2630.00000000		3.23667
	2635.00000000		3.31736
	2640.00000000		3.32667
	2645.00000000		3.25243
	2650.00000000		3.16357
	2655.00000000		3.05691
	2660.00000000		2.96899
	2665.00000000		2.87966
	2670.00000000		2.83156
	2675.00000000		2.79548
	2680.00000000		2.78491
	2685.00000000		2.81618
	2690.00000000		2.88588
	2695.00000000		3.00672
	2700.00000000		3.14288
	2705.00000000		3.29598
	2710.00000000		3.34713
	2715.00000000		3.28267
	2720.00000000		3.14194
	2725.00000000		3.01665
	2730.00000000		2.90653
	2735.00000000		2.77523
	2740.00000000		2.66792
	2745.00000000		2.71946
	2750.00000000		2.86963
	2755.00000000		2.99460
	2760.00000000		3.11790
	2765.00000000		3.23297
	2770.00000000		3.34876
	2775.00000000		3.38774
	2780.00000000		3.36384
	2785.00000000		3.27721
	2790.00000000		3.18023
	2795.00000000		3.11247
	2800.00000000		3.06301
	2805.00000000		3.04581
	2810.00000000		3.03632
	2815.00000000		3.06873
	2820.00000000		3.14059
	2825.00000000		3.29128
	2830.00000000		3.46515
	2835.00000000		3.57424
	2840.00000000		3.53010
	2845.00000000		3.34284
	2850.00000000		3.16011
	2855.00000000		3.06376
	2860.00000000		3.06967
	2865.00000000		3.14595
	2870.00000000		3.31576
	2875.00000000		3.49851
	2880.00000000		3.58935
	2885.00000000		3.49745
	2890.00000000		3.29153
	2895.00000000		3.08279
	2900.00000000		2.91499
	2905.00000000		2.74545
	2910.00000000		2.61557
	2915.00000000		2.70417
	2920.00000000		2.83077
	2925.00000000		2.91425
	2930.00000000		2.94351
	2935.00000000		2.99262
	2940.00000000		3.05677
	2945.00000000		3.13971
	2950.00000000		3.22901
	2955.00000000		3.30456
	2960.00000000		3.39119
	2965.00000000		3.42969
	2970.00000000		3.42410
	2975.00000000		3.33350
	2980.00000000		3.20804
	2985.00000000		3.07754
	2990.00000000		3.01455
	2995.00000000		2.97769
	3000.00000000		2.93362
	3005.00000000		2.82524
	3010.00000000		2.62945
	3015.00000000		2.58024
	3020.00000000		2.72485
	3025.00000000		2.86801
	3030.00000000		2.90479
	3035.00000000		2.91979
	3040.00000000		2.93682
	3045.00000000		2.97865
	3050.00000000		3.05653
	3055.00000000		3.15022
	3060.00000000		3.31352
	3065.00000000		3.49180
	3070.00000000		3.62750
	3075.00000000		3.58365
	3080.00000000		3.38570
	3085.00000000		3.15527
	3090.00000000		3.00306
	3095.00000000		2.88973
	3100.00000000		2.76926
	3105.00000000		2.66576
	3110.00000000		2.65352
	3115.00000000		2.75702
	3120.00000000		2.84710
	3125.00000000		2.87929
	3130.00000000		2.82926
	3135.00000000		2.72144
	3140.00000000		2.65281
	3145.00000000		2.74378
	3150.00000000		2.86673
	3155.00000000		2.95223
	3160.00000000		3.04561
	3165.00000000		3.17864
	3170.00000000		3.30944
	3175.00000000		3.33758
	3180.00000000		3.26714
	3185.00000000		3.12498
	3190.00000000		2.96832
	3195.00000000		2.80080
	3200.00000000		2.73978
	3205.00000000		2.84707
	3210.00000000		3.00411
	3215.00000000		3.11131
	3220.00000000		3.13131
	3225.00000000		3.06928
	3230.00000000		2.93738
	3235.00000000		2.83797
	3240.00000000		2.85728
	3245.00000000		2.96341
	3250.00000000		3.02895
	3255.00000000		3.00336
	3260.00000000		2.93676
	3265.00000000		2.88627
	3270.00000000		2.84669
	3275.00000000		2.80362
	3280.00000000		2.79177
	3285.00000000		2.86758
	3290.00000000		2.98527
	3295.00000000		3.07604
	3300.00000000		3.07064
	3305.00000000		2.96264
	3310.00000000		2.81151
	3315.00000000		2.72362
	3320.00000000		2.79654
	3325.00000000		2.88673
	3330.00000000		2.89343
	3335.00000000		2.81809
	3340.00000000		2.75199
	3345.00000000		2.77101
	3350.00000000		2.82342
	3355.00000000		2.85565
	3360.00000000		2.88630
	3365.00000000		2.93342
	3370.00000000		2.95970
	3375.00000000		2.93117
	3380.00000000		2.83572
	3385.00000000		2.78983
	3390.00000000		2.85701
	3395.00000000		2.97573
	3400.00000000		3.02400
	3405.00000000		2.96242
	3410.00000000		2.86941
	3415.00000000		2.84079
	3420.00000000		2.89106
	3425.00000000		2.95687
	3430.00000000		2.97306
	3435.00000000		2.92708
	3440.00000000		2.87905
	3445.00000000		2.85122
	3450.00000000		2.86716
	3455.00000000		2.88684
	3460.00000000		2.88329
	3465.00000000		2.88469
	3470.00000000		2.89294
	3475.00000000		2.93739
	3480.00000000		2.99074
	3485.00000000		3.01786
	3490.00000000		2.98272
	3495.00000000		2.89741
	3500.00000000		2.80663
	3505.00000000		2.77499
	3510.00000000		2.82199
	3515.00000000		2.89799
	3520.00000000		2.95188
	3525.00000000		2.98378
	3530.00000000		3.00169
	3535.00000000		2.96733
	3540.00000000		2.87840
	3545.00000000		2.78338
	3550.00000000		2.77990
	3555.00000000		2.89273
	3560.00000000		3.03779
	3565.00000000		3.08142
	3570.00000000		2.98105
	3575.00000000		2.84761
	3580.00000000		2.79256
	3585.00000000		2.85259
	3590.00000000		2.90487
	3595.00000000		2.88625
	3600.00000000		2.87568
	3605.00000000		2.92317
	3610.00000000		2.96396
	3615.00000000		2.93075
	3620.00000000		2.86512
	3625.00000000		2.86508
	3630.00000000		2.92570
	3635.00000000		2.97980
	3640.00000000		2.95801
	3645.00000000		2.86022
	3650.00000000		2.78485
	3655.00000000		2.80928
	3660.00000000		2.88808
	3665.00000000		2.92492
	3670.00000000		2.91481
	3675.00000000		2.92914
	3680.00000000		2.99094
	3685.00000000		3.06353
	3690.00000000		3.08956
	3695.00000000		3.02826
	3700.00000000		2.94974
	3705.00000000		2.90680
	3710.00000000		2.87062
	3715.00000000		2.84135
	3720.00000000		2.83255
	3725.00000000		2.85046
	3730.00000000		2.89816
	3735.00000000		2.92006
	3740.00000000		2.90387
	3745.00000000		2.82897
	3750.00000000		2.77548
	3755.00000000		2.80475
	3760.00000000		2.90858
	3765.00000000		3.01688
	3770.00000000		3.07816
	3775.00000000		3.07850
	3780.00000000		3.04262
	3785.00000000		3.00872
	3790.00000000		2.95739
	3795.00000000		2.86886
	3800.00000000		2.73192
	3805.00000000		2.67479
	3810.00000000		2.78224
	3815.00000000		2.93920
	3820.00000000		3.06005
	3825.00000000		3.08214
	3830.00000000		3.00855
	3835.00000000		2.91783
	3840.00000000		2.89387
	3845.00000000		2.95970
	3850.00000000		3.07644
	3855.00000000		3.14998
	3860.00000000		3.12726
	3865.00000000		2.99267
	3870.00000000		2.82651
	3875.00000000		2.69337
	3880.00000000		2.73023
	3885.00000000		2.85351
	3890.00000000		2.97086
	3895.00000000		3.09002
	3900.00000000		3.18947
	3905.00000000		3.22500
	3910.00000000		3.15664
	3915.00000000		3.04470
	3920.00000000		2.88928
	3925.00000000		2.72776
	3930.00000000		2.65145
	3935.00000000		2.77689
	3940.00000000		2.95807
	3945.00000000		3.08136
	3950.00000000		3.13209
	3955.00000000		3.05850
	3960.00000000		2.93626
	3965.00000000		2.79135
	3970.00000000		2.71446
	3975.00000000		2.72525
	3980.00000000		2.80225
	3985.00000000		2.85674
	3990.00000000		2.89195
	3995.00000000		2.93652
	4000.00000000		2.96202
	4005.00000000		2.96226
	4010.00000000		2.89334
	4015.00000000		2.82108
	4020.00000000		2.75776
	4025.00000000		2.77733
	4030.00000000		2.83481
	4035.00000000		2.88754
	4040.00000000		2.93149
	4045.00000000		2.98465
	4050.00000000		3.05555
	4055.00000000		3.07661
	4060.00000000		3.03383
	4065.00000000		2.94662
	4070.00000000		2.89221
	4075.00000000		2.87536
	4080.00000000		2.89830
	4085.00000000		2.90728
	4090.00000000		2.89430
	4095.00000000		2.90667
	4100.00000000		2.93777
	4105.00000000		2.98625
	4110.00000000		3.03598
	4115.00000000		3.07227
	4120.00000000		3.06477
	4125.00000000		3.04074
	4130.00000000		3.00918
	4135.00000000		2.97867
	4140.00000000		2.94638
	4145.00000000		2.89375
	4150.00000000		2.82126
	4155.00000000		2.75722
	4160.00000000		2.79874
	4165.00000000		2.90524
	4170.00000000		3.03378
	4175.00000000		3.15391
	4180.00000000		3.19220
	4185.00000000		3.13950
	4190.00000000		3.00703
	4195.00000000		2.87433
	4200.00000000		2.79362
	4205.00000000		2.85597
	4210.00000000		2.97637
	4215.00000000		3.07570
	4220.00000000		3.06475
	4225.00000000		2.92771
	4230.00000000		2.79341
	4235.00000000		2.78614
	4240.00000000		2.93102
	4245.00000000		3.11249
	4250.00000000		3.28967
	4255.00000000		3.35874
	4260.00000000		3.30993
	4265.00000000		3.13160
	4270.00000000		2.91724
	4275.00000000		2.69918
	4280.00000000		2.64394
	4285.00000000		2.82030
	4290.00000000		3.02410
	4295.00000000		3.19619
	4300.00000000		3.27074
	4305.00000000		3.25711
	4310.00000000		3.15147
	4315.00000000		3.06497
	4320.00000000		2.98505
	4325.00000000		2.95213
	4330.00000000		2.93792
	4335.00000000		2.95170
	4340.00000000		2.96980
	4345.00000000		2.96769
	4350.00000000		2.96344
	4355.00000000		2.95117
	4360.00000000		2.96704
	4365.00000000		2.96144
	4370.00000000		2.94184
	4375.00000000		2.93576
	4380.00000000		2.95812
	4385.00000000		2.99406
	4390.00000000		2.97846
	4395.00000000		2.91523
	4400.00000000		2.81129
	4405.00000000		2.76778
	4410.00000000		2.84295
	4415.00000000		2.96384
	4420.00000000		3.09504
	4425.00000000		3.19479
	4430.00000000		3.24628
	4435.00000000		3.20824
	4440.00000000		3.13218
	4445.00000000		3.06416
	4450.00000000		2.99699
	4455.00000000		2.91831
	4460.00000000		2.82608
	4465.00000000		2.75788
	4470.00000000		2.77457
	4475.00000000		2.87343
	4480.00000000		2.97401
	4485.00000000		3.05288
	4490.00000000		3.11417
	4495.00000000		3.16908
	4500.00000000		3.20781
	4505.00000000		3.21684
	4510.00000000		3.19106
	4515.00000000		3.14367
	4520.00000000		3.10964
	4525.00000000		3.07263
	4530.00000000		3.00454
	4535.00000000		2.87922
	4540.00000000		2.71038
	4545.00000000		2.65326
	4550.00000000		2.80936
	4555.00000000		2.99810
	4560.00000000		3.18642
	4565.00000000		3.35772
	4570.00000000		3.45736
	4575.00000000		3.43326
	4580.00000000		3.26731
	4585.00000000		3.03563
	4590.00000000		2.80703
	4595.00000000		2.63800
	4600.00000000		2.72007
	4605.00000000		2.94164
	4610.00000000		3.16227
	4615.00000000		3.34780
	4620.00000000		3.44028
	4625.00000000		3.38007
	4630.00000000		3.19419
	4635.00000000		2.94405
	4640.00000000		2.69899
	4645.00000000		2.61956
	4650.00000000		2.78579
	4655.00000000		2.97110
	4660.00000000		3.11289
	4665.00000000		3.19037
	4670.00000000		3.14645
	4675.00000000		3.03763
	4680.00000000		2.93643
	4685.00000000		2.88061
	4690.00000000		2.87732
	4695.00000000		2.91633
	4700.00000000		2.98968
	4705.00000000		3.02759
	4710.00000000		3.00350
	4715.00000000		2.88246
	4720.00000000		2.77356
	4725.00000000		2.80647
	4730.00000000		2.96187
	4735.00000000		3.10987
	4740.00000000		3.14601
	4745.00000000		3.07910
	4750.00000000		2.92600
	4755.00000000		2.82134
	4760.00000000		2.81747
	4765.00000000		2.89228
	4770.00000000		2.94888
	4775.00000000		2.95552
	4780.00000000		2.93312
	4785.00000000		2.89957
	4790.00000000		2.89362
	4795.00000000		2.89740
	4800.00000000		2.92271
	4805.00000000		2.95767
	4810.00000000		3.01592
	4815.00000000		3.02818
	4820.00000000		3.01647
	4825.00000000		2.96305
	4830.00000000		2.91608
	4835.00000000		2.89490
	4840.00000000		2.89573
	4845.00000000		2.91996
	4850.00000000		2.94030
	4855.00000000		2.97386
	4860.00000000		3.00047
	4865.00000000		3.05781
	4870.00000000		3.11159
	4875.00000000		3.19187
	4880.00000000		3.24426
	4885.00000000		3.26623
	4890.00000000		3.22773
	4895.00000000		3.16484
	4900.00000000		3.12537
	4905.00000000		3.09441
	4910.00000000		3.09525
	4915.00000000		3.08482
	4920.00000000		3.08581
	4925.00000000		3.05586
	4930.00000000		3.04228
	4935.00000000		3.02620
	4940.00000000		2.99870
	4945.00000000		2.93893
	4950.00000000		2.81228
	4955.00000000		2.69252
	4960.00000000		2.68738
	4965.00000000		2.84563
	4970.00000000		2.93922
	4975.00000000		2.94474
	4980.00000000		2.87133
	4985.00000000		2.78357
	4990.00000000		2.73090
	4995.00000000		2.74263
	5000.00000000		2.81900
	5005.00000000		2.90201
	5010.00000000		2.97787
	5015.00000000		3.04946
	5020.00000000		3.16336
	5025.00000000		3.29598
	5030.00000000		3.37715
	5035.00000000		3.36645
	5040.00000000		3.29551
	5045.00000000		3.16659
	5050.00000000		3.04501
	5055.00000000		2.96398
	5060.00000000		2.91537
	5065.00000000		2.87857
	5070.00000000		2.82717
	5075.00000000		2.76162
	5080.00000000		2.68145
	5085.00000000		2.66765
	5090.00000000		2.72704
	5095.00000000		2.80064
	5100.00000000		2.84996
	5105.00000000		2.88568
	5110.00000000		2.87935
	5115.00000000		2.81066
	5120.00000000		2.71060
	5125.00000000		2.68253
	5130.00000000		2.76441
	5135.00000000		2.85782
	5140.00000000		2.88960
	5145.00000000		2.86526
	5150.00000000		2.79749
	5155.00000000		2.75179
	5160.00000000		2.78549
	5165.00000000		2.89762
	5170.00000000		3.07418
	5175.00000000		3.24296
	5180.00000000		3.28081
	5185.00000000		3.13896
	5190.00000000		2.91632
	5195.00000000		2.75792
	5200.00000000		2.80273
	5205.00000000		2.94055
	5210.00000000		3.02083
	5215.00000000		3.01458
	5220.00000000		2.96314
	5225.00000000		2.89858
	5230.00000000		2.83391
	5235.00000000		2.74979
	5240.00000000		2.70952
	5245.00000000		2.74027
	5250.00000000		2.84419
	5255.00000000		2.97045
	5260.00000000		3.14710
	5265.00000000		3.30326
	5270.00000000		3.35049
	5275.00000000		3.26868
	5280.00000000		3.13761
	5285.00000000		3.03778
	5290.00000000		2.94256
	5295.00000000		2.84444
	5300.00000000		2.75012
	5305.00000000		2.72816
	5310.00000000		2.79419
	5315.00000000		2.84742
	5320.00000000		2.82400
	5325.00000000		2.77792
	5330.00000000		2.78572
	5335.00000000		2.84270
	5340.00000000		2.93798
	5345.00000000		3.03393
	5350.00000000		3.15290
	5355.00000000		3.25158
	5360.00000000		3.32021
	5365.00000000		3.31840
	5370.00000000		3.21880
	5375.00000000		3.09234
	5380.00000000		2.98198
	5385.00000000		2.89941
	5390.00000000		2.83679
	5395.00000000		2.81002
	5400.00000000		2.82918
	5405.00000000		2.87859
	5410.00000000		2.95843
	5415.00000000		3.07178
	5420.00000000		3.21013
	5425.00000000		3.32754
	5430.00000000		3.37964
	5435.00000000		3.35210
	5440.00000000		3.27721
	5445.00000000		3.15649
	5450.00000000		3.03948
	5455.00000000		2.98433
	5460.00000000		2.98333
	5465.00000000		3.04153
	5470.00000000		3.14606
	5475.00000000		3.24884
	5480.00000000		3.26917
	5485.00000000		3.22767
	5490.00000000		3.16967
	5495.00000000		3.13468
	5500.00000000		3.12221
	5505.00000000		3.08078
	5510.00000000		3.04127
	5515.00000000		3.01125
	5520.00000000		2.97806
	5525.00000000		2.92604
	5530.00000000		2.83779
	5535.00000000		2.74154
	5540.00000000		2.72908
	5545.00000000		2.84225
	5550.00000000		2.96061
	5555.00000000		3.02524
	5560.00000000		3.01445
	5565.00000000		2.93076
	5570.00000000		2.80293
	5575.00000000		2.73905
	5580.00000000		2.79834
	5585.00000000		2.89683
	5590.00000000		2.95042
	5595.00000000		2.91773
	5600.00000000		2.82373
	5605.00000000		2.73585
	5610.00000000		2.76107
	5615.00000000		2.84644
	5620.00000000		2.89708
	5625.00000000		2.89353
	5630.00000000		2.88330
	5635.00000000		2.87651
	5640.00000000		2.87485
	5645.00000000		2.84513
	5650.00000000		2.78836
	5655.00000000		2.76198
	5660.00000000		2.79818
	5665.00000000		2.86466
	5670.00000000		2.88880
	5675.00000000		2.85117
	5680.00000000		2.76292
	5685.00000000		2.67143
	5690.00000000		2.70591
	5695.00000000		2.83491
	5700.00000000		2.96586
	5705.00000000		3.11021
	5710.00000000		3.22964
	5715.00000000		3.26600
	5720.00000000		3.16404
	5725.00000000		3.04011
	5730.00000000		2.89711
	5735.00000000		2.78025
	5740.00000000		2.68816
	5745.00000000		2.71019
	5750.00000000		2.80036
	5755.00000000		2.86706
	5760.00000000		2.92025
	5765.00000000		2.91014
	5770.00000000		2.85364
	5775.00000000		2.71870
	5780.00000000		2.66303
	5785.00000000		2.75463
	5790.00000000		2.88233
	5795.00000000		2.96467
	5800.00000000		3.03152
	5805.00000000		3.12776
	5810.00000000		3.23644
	5815.00000000		3.32853
	5820.00000000		3.31000
	5825.00000000		3.20454
	5830.00000000		3.05849
	5835.00000000		2.96795
	5840.00000000		2.88502
	5845.00000000		2.80143
	5850.00000000		2.72309
	5855.00000000		2.67590
	5860.00000000		2.73082
	5865.00000000		2.78567
	5870.00000000		2.82906
	5875.00000000		2.82790
	5880.00000000		2.82085
	5885.00000000		2.78326
	5890.00000000		2.74050
	5895.00000000		2.72655
	5900.00000000		2.73842
	5905.00000000		2.77365
	5910.00000000		2.75150
	5915.00000000		2.71755
	5920.00000000		2.70063
	5925.00000000		2.75451
	5930.00000000		2.81379
	5935.00000000		2.84300
	5940.00000000		2.83370
	5945.00000000		2.77564
	5950.00000000		2.66542
	5955.00000000		2.64394
	5960.00000000		2.73372
	5965.00000000		2.82838
	5970.00000000		2.87723
	5975.00000000		2.89133
	5980.00000000		2.83704
	5985.00000000		2.70260
	5990.00000000		2.61392
	5995.00000000		2.72875
	6000.00000000		2.89626
	6005.00000000		2.97452
	6010.00000000		3.01310
	6015.00000000		3.08134
	6020.00000000		3.25777
	6025.00000000		3.39188
	6030.00000000		3.38331
	6035.00000000		3.24477
	6040.00000000		3.10863
	6045.00000000		3.03838
	6050.00000000		3.01665
	6055.00000000		3.01189
	6060.00000000		2.99685
	6065.00000000		3.01470
	6070.00000000		3.08694
	6075.00000000		3.24898
	6080.00000000		3.39116
	6085.00000000		3.43247
	6090.00000000		3.34589
	6095.00000000		3.22636
	6100.00000000		3.15017
	6105.00000000		3.16127
	6110.00000000		3.23221
	6115.00000000		3.29652
	6120.00000000		3.31847
	6125.00000000		3.27687
	6130.00000000		3.21114
	6135.00000000		3.14387
	6140.00000000		3.11662
	6145.00000000		3.12056
	6150.00000000		3.18967
	6155.00000000		3.29238
	6160.00000000		3.43455
	6165.00000000		3.52863
	6170.00000000		3.51505
	6175.00000000		3.39976
	6180.00000000		3.23748
	6185.00000000		3.13346
	6190.00000000		3.09627
	6195.00000000		3.14852
	6200.00000000		3.24076
	6205.00000000		3.35035
	6210.00000000		3.40781
	6215.00000000		3.40202
	6220.00000000		3.29702
	6225.00000000		3.12353
	6230.00000000		2.97297
	6235.00000000		2.88780
	6240.00000000		2.85517
	6245.00000000		2.81754
	6250.00000000		2.76454
	6255.00000000		2.69905
	6260.00000000		2.71406
	6265.00000000		2.75126
	6270.00000000		2.76772
	6275.00000000		2.73490
	6280.00000000		2.72269
	6285.00000000		2.75553
	6290.00000000		2.78495
	6295.00000000		2.80772
	6300.00000000		2.78787
	6305.00000000		2.76999
	6310.00000000		2.74265
	6315.00000000		2.74854
	6320.00000000		2.76523
	6325.00000000		2.79798
	6330.00000000		2.83583
	6335.00000000		2.88722
	6340.00000000		2.97660
	6345.00000000		3.10644
	6350.00000000		3.27913
	6355.00000000		3.40137
	6360.00000000		3.43295
	6365.00000000		3.31939
	6370.00000000		3.10127
	6375.00000000		2.84662
	6380.00000000		2.66374
	6385.00000000		2.72138
	6390.00000000		2.93542
	6395.00000000		3.13939
	6400.00000000		3.27147
	6405.00000000		3.26165
	6410.00000000		3.15923
	6415.00000000		3.04330
	6420.00000000		2.97128
	6425.00000000		2.93446
	6430.00000000		2.91341
	6435.00000000		2.89668
	6440.00000000		2.88134
	6445.00000000		2.87317
	6450.00000000		2.87223
	6455.00000000		2.87148
	6460.00000000		2.85541
	6465.00000000		2.82199
	6470.00000000		2.78346
	6475.00000000		2.79562
	6480.00000000		2.85542
	6485.00000000		2.95109
	6490.00000000		3.06177
	6495.00000000		3.16836
	6500.00000000		3.23197
	6505.00000000		3.19736
	6510.00000000		3.08364
	6515.00000000		2.94762
	6520.00000000		2.84150
	6525.00000000		2.77631
	6530.00000000		2.76984
	6535.00000000		2.76541
	6540.00000000		2.73395
	6545.00000000		2.73864
	6550.00000000		2.81302
	6555.00000000		2.93358
	6560.00000000		3.06341
	6565.00000000		3.20175
	6570.00000000		3.24698
	6575.00000000		3.20807
	6580.00000000		3.12306
	6585.00000000		3.01353
	6590.00000000		2.88235
	6595.00000000		2.71214
	6600.00000000		2.66647
	6605.00000000		2.80295
	6610.00000000		2.98329
	6615.00000000		3.10437
	6620.00000000		3.15280
	6625.00000000		3.13011
	6630.00000000		3.03132
	6635.00000000		2.88099
	6640.00000000		2.72894
	6645.00000000		2.72343
	6650.00000000		2.88565
	6655.00000000		3.07063
	6660.00000000		3.22714
	6665.00000000		3.27979
	6670.00000000		3.20362
	6675.00000000		3.02612
	6680.00000000		2.85222
	6685.00000000		2.71937
	6690.00000000		2.72764
	6695.00000000		2.86683
	6700.00000000		3.03356
	6705.00000000		3.18126
	6710.00000000		3.22763
	6715.00000000		3.20480
	6720.00000000		3.14542
	6725.00000000		3.08253
	6730.00000000		2.95709
	6735.00000000		2.78239
	6740.00000000		2.71945
	6745.00000000		2.83653
	6750.00000000		2.97498
	6755.00000000		3.03644
	6760.00000000		3.02315
	6765.00000000		2.94514
	6770.00000000		2.83245
	6775.00000000		2.73520
	6780.00000000		2.71600
	6785.00000000		2.76960
	6790.00000000		2.87370
	6795.00000000		2.99720
	6800.00000000		3.11834
	6805.00000000		3.21155
	6810.00000000		3.21098
	6815.00000000		3.12689
	6820.00000000		3.00648
	6825.00000000		2.90762
	6830.00000000		2.81875
	6835.00000000		2.76934
	6840.00000000		2.78876
	6845.00000000		2.89423
	6850.00000000		3.02829
	6855.00000000		3.12602
	6860.00000000		3.17323
	6865.00000000		3.14378
	6870.00000000		3.07673
	6875.00000000		3.01912
	6880.00000000		3.03698
	6885.00000000		3.10253
	6890.00000000		3.15825
	6895.00000000		3.16040
	6900.00000000		3.10460
	6905.00000000		3.05102
	6910.00000000		3.00949
	6915.00000000		2.99957
	6920.00000000		2.96903
	6925.00000000		2.91027
	6930.00000000		2.82259
	6935.00000000		2.77449
	6940.00000000		2.78666
	6945.00000000		2.85769
	6950.00000000		2.92530
	6955.00000000		2.94395
	6960.00000000		2.90179
	6965.00000000		2.80576
	6970.00000000		2.72142
	6975.00000000		2.71515
	6980.00000000		2.81965
	6985.00000000		2.91026
	6990.00000000		2.96692
	6995.00000000		3.00185
	7000.00000000		3.03695
	7005.00000000		3.07407
	7010.00000000		3.07918
	7015.00000000		3.06747
	7020.00000000		3.05697
	7025.00000000		3.10479
	7030.00000000		3.18626
	7035.00000000		3.28153
	7040.00000000		3.34720
	7045.00000000		3.33871
	7050.00000000		3.26948
	7055.00000000		3.17998
	7060.00000000		3.11771
	7065.00000000		3.07572
	7070.00000000		3.04639
	7075.00000000		3.01244
	7080.00000000		2.96664
	7085.00000000		2.89976
	7090.00000000		2.80955
	7095.00000000		2.73132
	7100.00000000		2.71436
	7105.00000000		2.76562
	7110.00000000		2.82757
	7115.00000000		2.85089
	7120.00000000		2.84075
	7125.00000000		2.81560
	7130.00000000		2.77839
	7135.00000000		2.77604
	7140.00000000		2.80742
	7145.00000000		2.89110
	7150.00000000		2.97274
	7155.00000000		3.06326
	7160.00000000		3.16063
	7165.00000000		3.22530
	7170.00000000		3.23510
	7175.00000000		3.18356
	7180.00000000		3.14857
	7185.00000000		3.11392
	7190.00000000		3.10931
	7195.00000000		3.11832
	7200.00000000		3.18564
	7205.00000000		3.28313
	7210.00000000		3.35779
	7215.00000000		3.37695
	7220.00000000		3.30342
	7225.00000000		3.18673
	7230.00000000		3.10593
	7235.00000000		3.12245
	7240.00000000		3.20754
	7245.00000000		3.32217
	7250.00000000		3.37951
	7255.00000000		3.36762
	7260.00000000		3.29195
	7265.00000000		3.22937
	7270.00000000		3.18841
	7275.00000000		3.19320
	7280.00000000		3.19285
	7285.00000000		3.18797
	7290.00000000		3.17740
	7295.00000000		3.14446
	7300.00000000		3.10119
	7305.00000000		3.01829
	7310.00000000		2.91375
	7315.00000000		2.80229
	7320.00000000		2.76258
	7325.00000000		2.80121
	7330.00000000		2.87863
	7335.00000000		2.91912
	7340.00000000		2.90616
	7345.00000000		2.85746
	7350.00000000		2.81663
	7355.00000000		2.82293
	7360.00000000		2.85186
	7365.00000000		2.88090
	7370.00000000		2.90583
	7375.00000000		2.95693
	7380.00000000		3.03737
	7385.00000000		3.15860
	7390.00000000		3.27760
	7395.00000000		3.35935
	7400.00000000		3.36271
	7405.00000000		3.31304
	7410.00000000		3.25932
	7415.00000000		3.24214
	7420.00000000		3.25236
	7425.00000000		3.27114
	7430.00000000		3.28894
	7435.00000000		3.27205
	7440.00000000		3.23373
	7445.00000000		3.20112
	7450.00000000		3.21183
	7455.00000000		3.26286
	7460.00000000		3.34360
	7465.00000000		3.42984
	7470.00000000		3.47451
	7475.00000000		3.45016
	7480.00000000		3.34777
	7485.00000000		3.18464
	7490.00000000		3.02209
	7495.00000000		2.90169
	7500.00000000		2.76806
	7505.00000000		2.64208
	7510.00000000		2.65929
	7515.00000000		2.79621
	7520.00000000		2.89545
	7525.00000000		2.97085
	7530.00000000		3.06543
	7535.00000000		3.17932
	7540.00000000		3.29267
	7545.00000000		3.37113
	7550.00000000		3.38958
	7555.00000000		3.34215
	7560.00000000		3.28831
	7565.00000000		3.20872
	7570.00000000		3.12133
	7575.00000000		3.01382
	7580.00000000		2.88802
	7585.00000000		2.77123
	7590.00000000		2.71929
	7595.00000000		2.77503
	7600.00000000		2.84476
	7605.00000000		2.89460
	7610.00000000		2.88872
	7615.00000000		2.87014
	7620.00000000		2.81644
	7625.00000000		2.75504
	7630.00000000		2.70203
	7635.00000000		2.68733
	7640.00000000		2.72523
	7645.00000000		2.78819
	7650.00000000		2.90383
	7655.00000000		3.05646
	7660.00000000		3.25830
	7665.00000000		3.41724
	7670.00000000		3.52125
	7675.00000000		3.52517
	7680.00000000		3.45606
	7685.00000000		3.33435
	7690.00000000		3.18688
	7695.00000000		3.04686
	7700.00000000		2.91546
	7705.00000000		2.82419
	7710.00000000		2.78152
	7715.00000000		2.81634
	7720.00000000		2.85711
	7725.00000000		2.90140
	7730.00000000		2.94931
	7735.00000000		3.04887
	7740.00000000		3.21479
	7745.00000000		3.39988
	7750.00000000		3.52902
	7755.00000000		3.51376
	7760.00000000		3.37741
	7765.00000000		3.18721
	7770.00000000		3.05232
	7775.00000000		2.96483
	7780.00000000		2.91449
	7785.00000000		2.84374
	7790.00000000		2.77200
	7795.00000000		2.71759
	7800.00000000		2.73095
	7805.00000000		2.76730
	7810.00000000		2.75056
	7815.00000000		2.71280
	7820.00000000		2.68877
	7825.00000000		2.74888
	7830.00000000		2.77691
	7835.00000000		2.75612
	7840.00000000		2.70255
	7845.00000000		2.71530
	7850.00000000		2.74011
	7855.00000000		2.71681
	7860.00000000		2.68111
	7865.00000000		2.72000
	7870.00000000		2.79279
	7875.00000000		2.82398
	7880.00000000		2.78927
	7885.00000000		2.68794
	7890.00000000		2.66397
	7895.00000000		2.77269
	7900.00000000		2.89938
	7905.00000000		2.92591
	7910.00000000		2.89526
	7915.00000000		2.84091
	7920.00000000		2.80226
	7925.00000000		2.79081
	7930.00000000		2.77268
	7935.00000000		2.75207
	7940.00000000		2.76373
	7945.00000000		2.81200
	7950.00000000		2.83871
	7955.00000000		2.82146
	7960.00000000		2.74897
	7965.00000000		2.67930
	7970.00000000		2.70154
	7975.00000000		2.79275
	7980.00000000		2.87024
	7985.00000000		2.90805
	7990.00000000		2.93290
	7995.00000000		2.98715
	8000.00000000		3.09624
	8005.00000000		3.24266
	8010.00000000		3.35830
	8015.00000000		3.40319
	8020.00000000		3.36947
	8025.00000000		3.28276
	8030.00000000		3.19019
	8035.00000000		3.10260
	8040.00000000		2.99695
	8045.00000000		2.86280
	8050.00000000		2.72146
	8055.00000000		2.68750
	8060.00000000		2.79337
	8065.00000000		2.85623
	8070.00000000		2.81529
	8075.00000000		2.71114
	8080.00000000		2.62849
	8085.00000000		2.70078
	8090.00000000		2.80883
	8095.00000000		2.87069
	8100.00000000		2.90090
	8105.00000000		2.93127
	8110.00000000		2.98433
	8115.00000000		3.09886
	8120.00000000		3.25175
	8125.00000000		3.37608
	8130.00000000		3.39544
	8135.00000000		3.29001
	8140.00000000		3.12141
	8145.00000000		2.90265
	8150.00000000		2.65270
	8155.00000000		2.55364
	8160.00000000		2.80859
	8165.00000000		3.12062
	8170.00000000		3.42603
	8175.00000000		3.53001
	8180.00000000		3.38604
	8185.00000000		3.14132
	8190.00000000		2.93239
	8195.00000000		2.72498
	8200.00000000		2.51846
	8205.00000000		2.65610
	8210.00000000		2.87755
	8215.00000000		3.03703
	8220.00000000		3.16020
	8225.00000000		3.20768
	8230.00000000		3.17736
	8235.00000000		3.10109
	8240.00000000		3.06436
	8245.00000000		3.03897
	8250.00000000		3.02261
	8255.00000000		2.96646
	8260.00000000		2.86901
	8265.00000000		2.72172
	8270.00000000		2.59430
	8275.00000000		2.66424
	8280.00000000		2.76595
	8285.00000000		2.78200
	8290.00000000		2.73755
	8295.00000000		2.69285
	8300.00000000		2.67618
	8305.00000000		2.70997
	8310.00000000		2.74692
	8315.00000000		2.72549
	8320.00000000		2.67503
	8325.00000000		2.66452
	8330.00000000		2.67801
	8335.00000000		2.68033
	8340.00000000		2.66579
	8345.00000000		2.68387
	8350.00000000		2.71682
	8355.00000000		2.72001
	8360.00000000		2.67984
	8365.00000000		2.63032
	8370.00000000		2.69105
	8375.00000000		2.76002
	8380.00000000		2.80414
	8385.00000000		2.77269
	8390.00000000		2.68900
	8395.00000000		2.62331
	8400.00000000		2.66885
	8405.00000000		2.79734
	8410.00000000		2.89358
	8415.00000000		2.98924
	8420.00000000		3.10358
	8425.00000000		3.30893
	8430.00000000		3.47276
	8435.00000000		3.48296
	8440.00000000		3.32507
	8445.00000000		3.12033
	8450.00000000		3.02078
	8455.00000000		3.07263
	8460.00000000		3.27398
	8465.00000000		3.49632
	8470.00000000		3.57448
	8475.00000000		3.48586
	8480.00000000		3.33015
	8485.00000000		3.16736
	8490.00000000		3.06072
	8495.00000000		2.98921
	8500.00000000		2.90832
	8505.00000000		2.80801
	8510.00000000		2.70020
	8515.00000000		2.68944
	8520.00000000		2.75309
	8525.00000000		2.81573
	8530.00000000		2.83854
	8535.00000000		2.84378
	8540.00000000		2.81370
	8545.00000000		2.73929
	8550.00000000		2.68479
	8555.00000000		2.71299
	8560.00000000		2.78383
	8565.00000000		2.85242
	8570.00000000		2.87945
	8575.00000000		2.84052
	8580.00000000		2.74878
	8585.00000000		2.67428
	8590.00000000		2.70479
	8595.00000000		2.81580
	8600.00000000		2.95726
	8605.00000000		3.12541
	8610.00000000		3.30730
	8615.00000000		3.40959
	8620.00000000		3.40851
	8625.00000000		3.32411
	8630.00000000		3.23582
	8635.00000000		3.15994
	8640.00000000		3.16252
	8645.00000000		3.20821
	8650.00000000		3.27976
	8655.00000000		3.35294
	8660.00000000		3.37496
	8665.00000000		3.37638
	8670.00000000		3.32669
	8675.00000000		3.28403
	8680.00000000		3.22009
	8685.00000000		3.14506
	8690.00000000		3.06652
	8695.00000000		3.06430
	8700.00000000		3.13332
	8705.00000000		3.22438
	8710.00000000		3.30812
	8715.00000000		3.30686
	8720.00000000		3.26096
	8725.00000000		3.21394
	8730.00000000		3.25729
	8735.00000000		3.32085
	8740.00000000		3.38420
	8745.00000000		3.41378
	8750.00000000		3.42363
	8755.00000000		3.39983
	8760.00000000		3.32253
	8765.00000000		3.23857
	8770.00000000		3.15901
	8775.00000000		3.12346
	8780.00000000		3.13503
	8785.00000000		3.19341
	8790.00000000		3.24287
	8795.00000000		3.26110
	8800.00000000		3.24372
	8805.00000000		3.17348
	8810.00000000		3.05926
	8815.00000000		2.95969
	8820.00000000		2.86185
	8825.00000000		2.73850
	8830.00000000		2.63015
	8835.00000000		2.64838
	8840.00000000		2.77146
	8845.00000000		2.88359
	8850.00000000		2.95501
	8855.00000000		2.98163
	8860.00000000		3.00874
	8865.00000000		3.06857
	8870.00000000		3.19430
	8875.00000000		3.35136
	8880.00000000		3.45783
	8885.00000000		3.47303
	8890.00000000		3.40294
	8895.00000000		3.27432
	8900.00000000		3.14099
	8905.00000000		3.04339
	8910.00000000		2.97069
	8915.00000000		2.91701
	8920.00000000		2.86603
	8925.00000000		2.82243
	8930.00000000		2.78591
	8935.00000000		2.78527
	8940.00000000		2.81594
	8945.00000000		2.88893
	8950.00000000		2.99370
	8955.00000000		3.11766
	8960.00000000		3.21429
	8965.00000000		3.28354
	8970.00000000		3.32915
	8975.00000000		3.32408
	8980.00000000		3.24468
	8985.00000000		3.09327
	8990.00000000		2.94116
	8995.00000000		2.81163
	9000.00000000		2.75126
	9005.00000000		2.78396
	9010.00000000		2.91160
	9015.00000000		3.06976
	9020.00000000		3.21076
	9025.00000000		3.30808
	9030.00000000		3.36641
	9035.00000000		3.41006
	9040.00000000		3.44328
	9045.00000000		3.45435
	9050.00000000		3.39387
	9055.00000000		3.27585
	9060.00000000		3.13704
	9065.00000000		3.07182
	9070.00000000		3.07295
	9075.00000000		3.12296
	9080.00000000		3.18321
	9085.00000000		3.22756
	9090.00000000		3.25214
	9095.00000000		3.25350
	9100.00000000		3.24342
	9105.00000000		3.23069
	9110.00000000		3.22196
	9115.00000000		3.21827
	9120.00000000		3.24082
	9125.00000000		3.28580
	9130.00000000		3.36386
	9135.00000000		3.42240
	9140.00000000		3.42077
	9145.00000000		3.32131
	9150.00000000		3.19737
	9155.00000000		3.09176
	9160.00000000		2.99804
	9165.00000000		2.89264
	9170.00000000		2.73520
	9175.00000000		2.60615
	9180.00000000		2.66139
	9185.00000000		2.82762
	9190.00000000		2.96832
	9195.00000000		3.09330
	9200.00000000		3.23189
	9205.00000000		3.38574
	9210.00000000		3.52559
	9215.00000000		3.56171
	9220.00000000		3.46732
	9225.00000000		3.30847
	9230.00000000		3.17020
	9235.00000000		3.07855
	9240.00000000		3.00944
	9245.00000000		2.94052
	9250.00000000		2.87700
	9255.00000000		2.80439
	9260.00000000		2.72392
	9265.00000000		2.67095
	9270.00000000		2.71463
	9275.00000000		2.79796
	9280.00000000		2.84410
	9285.00000000		2.82970
	9290.00000000		2.75111
	9295.00000000		2.65021
	9300.00000000		2.65997
	9305.00000000		2.79274
	9310.00000000		2.92036
	9315.00000000		3.02919
	9320.00000000		3.16205
	9325.00000000		3.28826
	9330.00000000		3.39391
	9335.00000000		3.40604
	9340.00000000		3.38884
	9345.00000000		3.32539
	9350.00000000		3.23637
	9355.00000000		3.13816
	9360.00000000		3.08589
	9365.00000000		3.09913
	9370.00000000		3.21130
	9375.00000000		3.36688
	9380.00000000		3.45796
	9385.00000000		3.41782
	9390.00000000		3.29669
	9395.00000000		3.19602
	9400.00000000		3.16897
	9405.00000000		3.20964
	9410.00000000		3.27603
	9415.00000000		3.33505
	9420.00000000		3.35098
	9425.00000000		3.36776
	9430.00000000		3.36224
	9435.00000000		3.35155
	9440.00000000		3.32696
	9445.00000000		3.30160
	9450.00000000		3.30022
	9455.00000000		3.34673
	9460.00000000		3.41270
	9465.00000000		3.46022
	9470.00000000		3.47416
	9475.00000000		3.46042
	9480.00000000		3.43422
	9485.00000000		3.42105
	9490.00000000		3.39882
	9495.00000000		3.33758
	9500.00000000		3.25292
	9505.00000000		3.19983
	9510.00000000		3.20692
	9515.00000000		3.26713
	9520.00000000		3.37556
	9525.00000000		3.46532
	9530.00000000		3.52330
	9535.00000000		3.53495
	9540.00000000		3.53897
	9545.00000000		3.54294
	9550.00000000		3.53661
	9555.00000000		3.47976
	9560.00000000		3.38164
	9565.00000000		3.25346
	9570.00000000		3.11583
	9575.00000000		2.97960
	9580.00000000		2.86923
	9585.00000000		2.73704
	9590.00000000		2.62262
	9595.00000000		2.66197
	9600.00000000		2.77358
	9605.00000000		2.83919
	9610.00000000		2.83234
	9615.00000000		2.73395
	9620.00000000		2.61673
	9625.00000000		2.65110
	9630.00000000		2.78485
	9635.00000000		2.90743
	9640.00000000		3.01838
	9645.00000000		3.17582
	9650.00000000		3.37813
	9655.00000000		3.59712
	9660.00000000		3.74925
	9665.00000000		3.79572
	9670.00000000		3.72900
	9675.00000000		3.56780
	9680.00000000		3.37512
	9685.00000000		3.19904
	9690.00000000		3.05449
	9695.00000000		2.92135
	9700.00000000		2.75061
	9705.00000000		2.56995
	9710.00000000		2.64864
	9715.00000000		2.83486
	9500.00000000		3.25292
	9505.00000000		3.19982
	9510.00000000		3.20689
	9515.00000000		3.26703
	9520.00000000		3.37534
	9525.00000000		3.46489
	9530.00000000		3.52262
	9535.00000000		3.53416
	9540.00000000		3.53835
	9545.00000000		3.54262
	9550.00000000		3.53665
	9555.00000000		3.48005
	9560.00000000		3.38205
	9565.00000000		3.25391
	9570.00000000		3.11628
	9575.00000000		2.97985
	9580.00000000		2.86917
	9585.00000000		2.73653
	9590.00000000		2.62223
	9595.00000000		2.66228
	9600.00000000		2.77426
	9605.00000000		2.83947
	9610.00000000		2.83206
	9615.00000000		2.73277
	9620.00000000		2.61586
	9625.00000000		2.65182
	9630.00000000		2.78608
	9635.00000000		2.90883
	9640.00000000		3.02097
	9645.00000000		3.18068
	9650.00000000		3.38484
	9655.00000000		3.60342
	9660.00000000		3.75292
	9665.00000000		3.79622
	9670.00000000		3.72609
	9675.00000000		3.56169
	9680.00000000		3.36734
	9685.00000000		3.19108
	9690.00000000		3.04692
	9695.00000000		2.91381
	9700.00000000		2.74164
	9705.00000000		2.56750
	9710.00000000		2.65699
	9715.00000000		2.84080
	9720.00000000		2.98691
	9725.00000000		3.15596
	9730.00000000		3.38271
	9735.00000000		3.60502
	9740.00000000		3.77071
	9745.00000000		3.82062
	9750.00000000		3.73054
	9755.00000000		3.52605
	9760.00000000		3.29742
	9765.00000000		3.14451
	9770.00000000		3.03313
	9775.00000000		2.93124
	9780.00000000		2.75672
	9785.00000000		2.58195
	9790.00000000		2.63107
	9795.00000000		2.79684
	9800.00000000		2.87482
	9805.00000000		2.88648
	9810.00000000		2.91115
	9815.00000000		2.94447
	9820.00000000		3.02050
	9825.00000000		3.14807
	9830.00000000		3.32208
	9835.00000000		3.44447
	9840.00000000		3.46487
	9845.00000000		3.34578
	9850.00000000		3.11198
	9855.00000000		2.90389
	9860.00000000		2.74710
	9865.00000000		2.64335
	9870.00000000		2.66520
	9875.00000000		2.74927
	9880.00000000		2.80204
	9885.00000000		2.81831
	9890.00000000		2.82395
	9895.00000000		2.81097
	9900.00000000		2.78793
	9905.00000000		2.74170
	9910.00000000		2.71492
	9915.00000000		2.69587
	9920.00000000		2.70047
	9925.00000000		2.70187
	9930.00000000		2.70144
	9935.00000000		2.72141
	9940.00000000		2.73205
	9945.00000000		2.74569
	9950.00000000		2.70869
	9955.00000000		2.66379
	9960.00000000		2.66449
	9965.00000000		2.73988
	9970.00000000		2.81891
	9975.00000000		2.85741
	9980.00000000		2.86587
	9985.00000000		2.85686
	9990.00000000		2.89283
	9995.00000000		2.99171
	10000.00000000		3.20967
	10005.00000000		3.39840
	10010.00000000		3.41711
	10015.00000000		3.27800
	10020.00000000		3.09255
	10025.00000000		3.02271
	10030.00000000		3.04437
	10035.00000000		3.13531
	10040.00000000		3.26043
	10045.00000000		3.36958
	10050.00000000		3.38935
	10055.00000000		3.31022
	10060.00000000		3.14219
	10065.00000000		3.01765
	10070.00000000		3.02451
	10075.00000000		3.15074
	10080.00000000		3.32822
	10085.00000000		3.41500
	10090.00000000		3.37362
	10095.00000000		3.20104
	10100.00000000		3.03982
	10105.00000000		2.97332
	10110.00000000		2.98432
	10115.00000000		3.09364
	10120.00000000		3.31656
	10125.00000000		3.52806
	10130.00000000		3.55871
	10135.00000000		3.39974
	10140.00000000		3.17227
	10145.00000000		3.06626
	10150.00000000		3.08676
	10155.00000000		3.19164
	10160.00000000		3.32685
	10165.00000000		3.39606
	10170.00000000		3.37324
	10175.00000000		3.30832
	10180.00000000		3.25863
	10185.00000000		3.22611
	10190.00000000		3.24011
	10195.00000000		3.28235
	10200.00000000		3.34364
	10205.00000000		3.37655
	10210.00000000		3.35320
	10215.00000000		3.27748
	10220.00000000		3.19686
	10225.00000000		3.17376
	10230.00000000		3.24549
	10235.00000000		3.38099
	10240.00000000		3.50216
	10245.00000000		3.60381
	10250.00000000		3.65216
	10255.00000000		3.62439
	10260.00000000		3.52279
	10265.00000000		3.40400
	10270.00000000		3.25434
	10275.00000000		3.11086
	10280.00000000		3.06287
	10285.00000000		3.13658
	10290.00000000		3.29249
	10295.00000000		3.41698
	10300.00000000		3.50479
	10305.00000000		3.56487
	10310.00000000		3.61711
	10315.00000000		3.64737
	10320.00000000		3.67906
	10325.00000000		3.70704
	10330.00000000		3.70970
	10335.00000000		3.66586
	10340.00000000		3.55912
	10345.00000000		3.39055
	10350.00000000		3.15983
	10355.00000000		2.97573
	10360.00000000		2.88602
	10365.00000000		2.84447
	10370.00000000		2.78206
	10375.00000000		2.70101
	10380.00000000		2.62967
	10385.00000000		2.67193
	10390.00000000		2.75252
	10395.00000000		2.76623
	10400.00000000		2.72073
	10405.00000000		2.67393
	10410.00000000		2.69452
	10415.00000000		2.74058
	10420.00000000		2.78714
	10425.00000000		2.81183
	10430.00000000		2.84304
	10435.00000000		2.86053
	10440.00000000		2.85896
	10445.00000000		2.82721
	10450.00000000		2.79763
	10455.00000000		2.78394
	10460.00000000		2.76191
	10465.00000000		2.72373
	10470.00000000		2.66282
	10475.00000000		2.65790
	10480.00000000		2.70420
	10485.00000000		2.74898
	10490.00000000		2.75196
	10495.00000000		2.70365
	10500.00000000		2.64501
	10505.00000000		2.65775
	10510.00000000		2.72178
	10515.00000000		2.75398
	10520.00000000		2.73375
	10525.00000000		2.69429
	10530.00000000		2.68986
	10535.00000000		2.72119
	10540.00000000		2.77658
	10545.00000000		2.82197
	10550.00000000		2.87382
	10555.00000000		2.95105
	10560.00000000		3.10108
	10565.00000000		3.30960
	10570.00000000		3.49444
	10575.00000000		3.61170
	10580.00000000		3.63037
	10585.00000000		3.57594
	10590.00000000		3.47030
	10595.00000000		3.33367
	10600.00000000		3.16386
	10605.00000000		3.05121
	10610.00000000		3.05764
	10615.00000000		3.19295
	10620.00000000		3.36707
	10625.00000000		3.48500
	10630.00000000		3.53843
	10635.00000000		3.55229
	10640.00000000		3.52751
	10645.00000000		3.46441
	10650.00000000		3.34559
	10655.00000000		3.15050
	10660.00000000		2.93876
	10665.00000000		2.75981
	10670.00000000		2.61111
	10675.00000000		2.59654
	10680.00000000		2.76213
	10685.00000000		2.93227
	10690.00000000		3.15319
	10695.00000000		3.39390
	10700.00000000		3.60700
	10705.00000000		3.77667
	10710.00000000		3.83869
	10715.00000000		3.79131
	10720.00000000		3.64373
	10725.00000000		3.43917
	10730.00000000		3.20569
	10735.00000000		3.04531
	10740.00000000		2.99702
	10745.00000000		3.05201
	10750.00000000		3.15292
	10755.00000000		3.27987
	10760.00000000		3.42539
	10765.00000000		3.54869
	10770.00000000		3.59775
	10775.00000000		3.55608
	10780.00000000		3.43646
	10785.00000000		3.29981
	10790.00000000		3.20412
	10795.00000000		3.16167
	10800.00000000		3.18655
	10805.00000000		3.23848
	10810.00000000		3.31035
	10815.00000000		3.36396
	10820.00000001		3.42730
	10825.00000001		3.48715
	10830.00000001		3.55346
	10835.00000001		3.58892
	10840.00000001		3.57572
	10845.00000001		3.50747
	10850.00000001		3.42243
	10855.00000001		3.34043
	10860.00000001		3.31431
	10865.00000001		3.32120
	10870.00000001		3.34861
	10875.00000001		3.36877
	10880.00000001		3.35320
	10885.00000001		3.31857
	10890.00000001		3.28120
	10895.00000001		3.28773
	10900.00000001		3.30891
	10905.00000001		3.32688
	10910.00000001		3.29340
	10915.00000001		3.22652
	10920.00000001		3.15219
	10925.00000001		3.10633
	10930.00000001		3.08792
	10935.00000001		3.06867
	10940.00000001		3.01243
	10945.00000001		2.93105
	10950.00000001		2.83943
	10955.00000001		2.71059
	10960.00000001		2.58850
	10965.00000001		2.64662
	10970.00000001		2.78713
	10975.00000001		2.80582
	10980.00000001		2.68002
	10985.00000001		2.54090
	10990.00000001		2.64637
	10995.00000001		2.80089
	11000.00000001		2.84212
	11005.00000001		2.74194
	11010.00000001		2.59671
	11015.00000001		2.62328
	11020.00000001		2.75233
	11025.00000001		2.82035
	11030.00000001		2.79397
	11035.00000001		2.72006
	11040.00000001		2.61757
	11045.00000001		2.61841
	11050.00000001		2.67946
	11055.00000001		2.69468
	11060.00000001		2.64569
	11065.00000001		2.62191
	11070.00000001		2.66339
	11075.00000001		2.69037
	11080.00000001		2.69197
	11085.00000001		2.66983
	11090.00000001		2.67551
	11095.00000001		2.67917
	11100.00000001		2.68708
	11105.00000001		2.65876
	11110.00000001		2.64818
	11115.00000001		2.65956
	11120.00000001		2.65795
	11125.00000001		2.63974
	11130.00000001		2.61835
	11135.00000001		2.67297
	11140.00000001		2.72472
	11145.00000001		2.78750
	11150.00000001		2.83355
	11155.00000001		2.86467
	11160.00000001		2.87495
	11165.00000001		2.86024
	11170.00000001		2.85064
	11175.00000001		2.82490
	11180.00000001		2.78068
	11185.00000001		2.69011
	11190.00000001		2.62829
	11195.00000001		2.67019
	11200.00000001		2.78266
	11205.00000001		2.84817
	11210.00000001		2.85588
	11215.00000001		2.83618
	11220.00000001		2.78025
	11225.00000001		2.70415
	11230.00000001		2.61992
	11235.00000001		2.64617
	11240.00000001		2.72949
	11245.00000001		2.76447
	11250.00000001		2.71718
	11255.00000001		2.63631
	11260.00000001		2.62850
	11265.00000001		2.71414
	11270.00000001		2.75359
	11275.00000001		2.68656
	11280.00000001		2.62373
	11285.00000001		2.66234
	11290.00000001		2.77155
	11295.00000001		2.85026
	11300.00000001		2.89433
	11305.00000001		2.90184
	11310.00000001		2.91186
	11315.00000001		2.92893
	11320.00000001		2.94482
	11325.00000001		2.97038
	11330.00000001		3.00060
	11335.00000001		3.08189
	11340.00000001		3.19395
	11345.00000001		3.24962
	11350.00000001		3.23232
	11355.00000001		3.18101
	11360.00000001		3.13098
	11365.00000001		3.12621
	11370.00000001		3.15543
	11375.00000001		3.19826
	11380.00000001		3.24384
	11385.00000001		3.30289
	11390.00000001		3.35716
	11395.00000001		3.37424
	11400.00000001		3.32781
	11405.00000001		3.24735
	11410.00000001		3.17649
	11415.00000001		3.14884
	11420.00000001		3.18583
	11425.00000001		3.27694
	11430.00000001		3.39337
	11435.00000001		3.46015
	11440.00000001		3.47408
	11445.00000001		3.43831
	11450.00000001		3.39256
	11455.00000001		3.33018
	11460.00000001		3.26617
	11465.00000001		3.20192
	11470.00000001		3.14973
	11475.00000001		3.13334
	11480.00000001		3.16722
	11485.00000001		3.24107
	11490.00000001		3.34636
	11495.00000001		3.47425
	11500.00000001		3.57935
	11505.00000001		3.62163
	11510.00000001		3.58866
	11515.00000001		3.52379
	11520.00000001		3.44632
	11525.00000001		3.36560
	11530.00000001		3.27724
	11535.00000001		3.17054
	11540.00000001		3.08060
	11545.00000001		3.00084
	11550.00000001		2.90999
	11555.00000001		2.75816
	11560.00000001		2.59535
	11565.00000001		2.64973
	11570.00000001		2.83081
	11575.00000001		2.99856
	11580.00000001		3.16342
	11585.00000001		3.34170
	11590.00000001		3.48216
	11595.00000001		3.57524
	11600.00000001		3.58492
	11605.00000001		3.51108
	11610.00000001		3.35841
	11615.00000001		3.18681
	11620.00000001		3.05680
	11625.00000001		2.96570
	11630.00000001		2.90324
	11635.00000001		2.81187
	11640.00000001		2.70670
	11645.00000001		2.63753
	11650.00000001		2.70370
	11655.00000001		2.79107
	11660.00000001		2.83890
	11665.00000001		2.85558
	11670.00000001		2.84568
	11675.00000001		2.82596
	11680.00000001		2.76738
	11685.00000001		2.70253
	11690.00000001		2.66018
	11695.00000001		2.70318
	11700.00000001		2.77052
	11705.00000001		2.81786
	11710.00000001		2.82569
	11715.00000001		2.80925
	11720.00000001		2.78581
	11725.00000001		2.76611
	11730.00000001		2.75634
	11735.00000001		2.74790
	11740.00000001		2.74420
	11745.00000001		2.73422
	11750.00000001		2.72595
	11755.00000001		2.70798
	11760.00000001		2.67367
	11765.00000001		2.63288
	11770.00000001		2.64271
	11775.00000001		2.67713
	11780.00000001		2.72091
	11785.00000001		2.77234
	11790.00000001		2.82086
	11795.00000001		2.85124
	11800.00000001		2.84970
	11805.00000001		2.81349
	11810.00000001		2.72995
	11815.00000001		2.64298
	11820.00000001		2.62310
	11825.00000001		2.69180
	11830.00000001		2.71230
	11835.00000001		2.64617
	11840.00000001		2.57800
	11845.00000001		2.66235
	11850.00000001		2.80792
	11855.00000001		2.92356
	11860.00000001		3.04867
	11865.00000001		3.16638
	11870.00000001		3.28020
	11875.00000001		3.38483
	11880.00000001		3.46267
	11885.00000001		3.43817
	11890.00000001		3.28045
	11895.00000001		3.00423
	11900.00000001		2.76369
	11905.00000001		2.59381
	11910.00000001		2.58564
	11915.00000001		2.71137
	11920.00000001		2.76963
	11925.00000001		2.73993
	11930.00000001		2.66566
	11935.00000001		2.62490
	11940.00000001		2.65591
	11945.00000001		2.71832
	11950.00000001		2.78032
	11955.00000001		2.85454
	11960.00000001		2.95112
	11965.00000001		3.10221
	11970.00000001		3.31180
	11975.00000001		3.51228
	11980.00000001		3.61268
	11985.00000001		3.55108
	11990.00000001		3.37714
	11995.00000001		3.21601
	12000.00000001		3.11759
	12005.00000001		3.08822
	12010.00000001		3.10293
	12015.00000001		3.12981
	12020.00000001		3.16958
	12025.00000001		3.19272
	12030.00000001		3.17652
	12035.00000001		3.08599
	12040.00000001		2.93291
	12045.00000001		2.77816
	12050.00000001		2.65131
	12055.00000001		2.62116
	12060.00000001		2.72214
	12065.00000001		2.88547
	12070.00000001		3.08133
	12075.00000001		3.27914
	12080.00000001		3.39781
	12085.00000001		3.41107
	12090.00000001		3.32996
	12095.00000001		3.18758
	12100.00000001		3.04090
	12105.00000001		2.93824
	12110.00000001		2.91566
	12115.00000001		2.94162
	12120.00000001		3.01649
	12125.00000001		3.10674
	12130.00000001		3.18113
	12135.00000001		3.21143
	12140.00000001		3.19694
	12145.00000001		3.14163
	12150.00000001		3.06725
	12155.00000001		3.01334
	12160.00000001		2.99036
	12165.00000001		2.99857
	12170.00000001		3.02077
	12175.00000001		3.06323
	12180.00000001		3.13147
	12185.00000001		3.23969
	12190.00000001		3.38683
	12195.00000001		3.51436
	12200.00000001		3.54548
	12205.00000001		3.48203
	12210.00000001		3.38288
	12215.00000001		3.27859
	12220.00000001		3.17124
	12225.00000001		3.07516
	12230.00000001		3.01069
	12235.00000001		2.99127
	12240.00000001		3.02700
	12245.00000001		3.09421
	12250.00000001		3.17256
	12255.00000001		3.22917
	12260.00000001		3.27137
	12265.00000001		3.31151
	12270.00000001		3.32891
	12275.00000001		3.30688
	12280.00000001		3.25407
	12285.00000001		3.17252
	12290.00000001		3.08814
	12295.00000001		3.04416
	12300.00000001		3.03181
	12305.00000001		3.04590
	12310.00000001		3.06166
	12315.00000001		3.09533
	12320.00000001		3.16496
	12325.00000001		3.27044
	12330.00000001		3.39369
	12335.00000001		3.53597
	12340.00000001		3.64086
	12345.00000001		3.65159
	12350.00000001		3.59178
	12355.00000001		3.51135
	12360.00000001		3.47306
	12365.00000001		3.48072
	12370.00000001		3.52775
	12375.00000001		3.61492
	12380.00000001		3.71630
	12385.00000001		3.78396
	12390.00000001		3.76989
	12395.00000001		3.65823
	12400.00000001		3.49697
	12405.00000001		3.33023
	12410.00000001		3.17462
	12415.00000001		3.06110
	12420.00000001		3.00018
	12425.00000001		2.97589
	12430.00000001		2.97172
	12435.00000001		2.96073
	12440.00000001		2.91714
	12445.00000001		2.83932
	12450.00000001		2.70609
	12455.00000001		2.63347
	12460.00000001		2.69275
	12465.00000001		2.78095
	12470.00000001		2.79062
	12475.00000001		2.73939
	12480.00000001		2.68559
	12485.00000001		2.68087
	12490.00000001		2.74522
	12495.00000001		2.77302
	12500.00000001		2.74380
	12505.00000001		2.68733
	12510.00000001		2.66579
	12515.00000001		2.70042
	12520.00000001		2.71931
	12525.00000001		2.68499
	12530.00000001		2.64010
	12535.00000001		2.68423
	12540.00000001		2.79435
	12545.00000001		2.88444
	12550.00000001		2.94240
	12555.00000001		3.03880
	12560.00000001		3.22968
	12565.00000001		3.49962
	12570.00000001		3.71801
	12575.00000001		3.77667
	12580.00000001		3.65898
	12585.00000001		3.41461
	12590.00000001		3.18727
	12595.00000001		3.04574
	12600.00000001		2.98487
	12605.00000001		2.94366
	12610.00000001		2.93151
	12615.00000001		2.92231
	12620.00000001		2.91383
	12625.00000001		2.85239
	12630.00000001		2.71840
	12635.00000001		2.57818
	12640.00000001		2.64177
	12645.00000001		2.81906
	12650.00000001		2.99121
	12655.00000001		3.19867
	12660.00000001		3.41547
	12665.00000001		3.59295
	12670.00000001		3.61335
	12675.00000001		3.49238
	12680.00000001		3.33541
	12685.00000001		3.21609
	12690.00000001		3.16735
	12695.00000001		3.20251
	12700.00000001		3.30566
	12705.00000001		3.43370
	12710.00000001		3.50680
	12715.00000001		3.44870
	12720.00000001		3.29050
	12725.00000001		3.14053
	12730.00000001		3.03137
	12735.00000001		2.98535
	12740.00000001		2.99028
	12745.00000001		3.02511
	12750.00000001		3.10842
	12755.00000001		3.24828
	12760.00000001		3.40662
	12765.00000001		3.51493
	12770.00000001		3.53488
	12775.00000001		3.46207
	12780.00000001		3.35443
	12785.00000001		3.25225
	12790.00000001		3.18187
	12795.00000001		3.14638
