	30.00000000	2.85933		1.95227  0.2  0.2		4.1705503158		-1.0
	60.00000000	2.86807		2.01736  0.2  0.2		4.1705503158		-1.0
	90.00000000	2.94022		1.82552  0.2  0.2		4.1705503158		-1.0
	120.00000000	2.98916		1.52381  0.2  0.2		4.1705503158		-1.0
	150.00000000	2.98645		1.41446  0.2  0.2		4.1705503158		-1.0
	180.00000000	3.02644		1.22459  0.2  0.2		4.1705503158		-1.0
	210.00000000	2.79924		1.1461  0.2  0.2		4.1705503158		-1.0
	240.00000000	2.81352		0.85376  0.2  0.2		4.1705503158		-1.0
	270.00000000	2.91859		0.58956  0.2  0.2		4.1705503158		-1.0
	300.00000000	2.90951		0.86362  0.2  0.2		4.1705503158		-1.0
	330.00000000	2.88365		1.1608  0.2  0.2		4.1705503158		-1.0
	360.00000000	2.93362		1.28472  0.2  0.2		4.1705503158		-1.0
	390.00000000	3.01125		1.5026  0.2  0.2		4.1705503158		-1.0
	420.00000000	2.86071		1.65105  0.2  0.2		4.1705503158		-1.0
	450.00000000	3.17227		1.6732  0.2  0.2		4.1705503158		-1.0
	480.00000000	2.8121		1.7146  0.2  0.2		4.1705503158		-1.0
	510.00000000	2.96811		1.89067  0.2  0.2		4.1705503158		-1.0
	540.00000000	3.17539		1.95958  0.2  0.2		4.1705503158		-1.0
	570.00000000	2.99498		2.06695  0.2  0.2		4.1705503158		-1.0
	600.00000000	2.78309		2.16278  0.2  0.2		4.1705503158		-1.0
	630.00000000	2.93058		2.15782  0.2  0.2		4.1705503158		-1.0
	660.00000000	3.00064		2.19596  0.2  0.2		4.1705503158		-1.0
	690.00000000	2.98572		2.55782  0.2  0.2		4.1705503158		-1.0
	720.00000000	2.99479		2.79324  0.2  0.2		4.1705503158		-1.0
	750.00000000	2.77418		2.92507  0.2  0.2		4.1705503158		-1.0
	780.00000000	2.83156		2.84353  0.2  0.2		4.1705503158		-1.0
	810.00000000	2.95899		2.45724  0.2  0.2		4.1705503158		-1.0
	840.00000000	2.96108		2.32984  0.2  0.2		4.1705503158		-1.0
	870.00000000	2.98809		2.5124  0.2  0.2		4.1705503158		-1.0
	900.00000000	2.79081		2.86398  0.2  0.2		4.1705503158		-1.0
	930.00000000	2.97594		-2.99891  0.2  0.2		4.1705503158		-1.0
	960.00000000	3.053		-2.84536  0.2  0.2		4.1705503158		-1.0
	990.00000000	3.02307		-3.05724  0.2  0.2		4.1705503158		-1.0
	1020.00000000	3.10154		2.83045  0.2  0.2		4.1705503158		-1.0
	1050.00000000	2.8058		3.04846  0.2  0.2		4.1705503158		-1.0
	1080.00000000	2.94334		-2.79346  0.2  0.2		4.1705503158		-1.0
	1110.00000000	2.91774		-2.18041  0.2  0.2		4.1705503158		-1.0
	1140.00000000	2.84594		-1.64924  0.2  0.2		4.1705503158		-1.0
	1170.00000000	2.90784		-1.2925  0.2  0.2		4.1705503158		-1.0
	1200.00000000	2.86106		-0.98037  0.2  0.2		4.1705503158		-1.0
	1230.00000000	2.9422		-1.06356  0.2  0.2		4.1705503158		-1.0
	1260.00000000	2.98238		-1.2887  0.2  0.2		4.1705503158		-1.0
	1290.00000000	2.91321		-1.48012  0.2  0.2		4.1705503158		-1.0
	1320.00000000	2.85836		-1.61716  0.2  0.2		4.1705503158		-1.0
	1350.00000000	2.94318		-1.6078  0.2  0.2		4.1705503158		-1.0
	1380.00000000	2.94749		-1.54667  0.2  0.2		4.1705503158		-1.0
	1410.00000000	2.73573		-1.53338  0.2  0.2		4.1705503158		-1.0
	1440.00000000	2.99153		-1.32612  0.2  0.2		4.1705503158		-1.0
	1470.00000000	3.10408		-1.0324  0.2  0.2		4.1705503158		-1.0
	1500.00000000	2.68823		-1.23432  0.2  0.2		4.1705503158		-1.0
	1530.00000000	2.94199		-1.58996  0.2  0.2		4.1705503158		-1.0
	1560.00000000	3.01542		-1.83644  0.2  0.2		4.1705503158		-1.0
	1590.00000000	2.95111		-2.14999  0.2  0.2		4.1705503158		-1.0
	1620.00000000	2.88657		-2.28104  0.2  0.2		4.1705503158		-1.0
	1650.00000000	2.7763		-2.16482  0.2  0.2		4.1705503158		-1.0
	1680.00000000	3.08055		-1.79705  0.2  0.2		4.1705503158		-1.0
	1710.00000000	2.89417		-1.8708  0.2  0.2		4.1705503158		-1.0
	1740.00000000	2.85151		-2.16275  0.2  0.2		4.1705503158		-1.0
	1770.00000000	3.02394		-2.34255  0.2  0.2		4.1705503158		-1.0
	1800.00000000	2.99215		-2.55092  0.2  0.2		4.1705503158		-1.0
	1830.00000000	2.891		-2.62178  0.2  0.2		4.1705503158		-1.0
	1860.00000000	2.99008		-2.54585  0.2  0.2		4.1705503158		-1.0
	1890.00000000	2.93265		-2.37719  0.2  0.2		4.1705503158		-1.0
	1920.00000000	2.95972		-2.61566  0.2  0.2		4.1705503158		-1.0
	1950.00000000	2.78848		3.11939  0.2  0.2		4.1705503158		-1.0
	1980.00000000	3.07		3.01738  0.2  0.2		4.1705503158		-1.0
	2010.00000000	3.13296		2.87324  0.2  0.2		4.1705503158		-1.0
	2040.00000000	2.9407		2.58568  0.2  0.2		4.1705503158		-1.0
	2070.00000000	2.96959		2.39613  0.2  0.2		4.1705503158		-1.0
	2100.00000000	2.7715		2.42606  0.2  0.2		4.1705503158		-1.0
	2130.00000000	2.86805		2.74911  0.2  0.2		4.1705503158		-1.0
	2160.00000000	2.97119		2.60934  0.2  0.2		4.1705503158		-1.0
	2190.00000000	3.15961		2.47091  0.2  0.2		4.1705503158		-1.0
	2220.00000000	2.88279		2.17617  0.2  0.2		4.1705503158		-1.0
	2250.00000000	3.15411		1.88165  0.2  0.2		4.1705503158		-1.0
	2280.00000000	2.93239		1.55495  0.2  0.2		4.1705503158		-1.0
	2310.00000000	2.93862		1.42813  0.2  0.2		4.1705503158		-1.0
	2340.00000000	2.83533		1.51768  0.2  0.2		4.1705503158		-1.0
	2370.00000000	2.97568		1.82082  0.2  0.2		4.1705503158		-1.0
	2400.00000000	3.2523		2.10174  0.2  0.2		4.1705503158		-1.0
	2430.00000000	2.85907		2.31507  0.2  0.2		4.1705503158		-1.0
	2460.00000000	2.81227		2.39583  0.2  0.2		4.1705503158		-1.0
	2490.00000000	2.90052		2.68537  0.2  0.2		4.1705503158		-1.0
	2520.00000000	2.94237		2.94732  0.2  0.2		4.1705503158		-1.0
	2550.00000000	2.98846		3.11004  0.2  0.2		4.1705503158		-1.0
	2580.00000000	2.81481		-3.03154  0.2  0.2		4.1705503158		-1.0
	2610.00000000	3.10034		3.11292  0.2  0.2		4.1705503158		-1.0
	2640.00000000	2.86295		-3.03637  0.2  0.2		4.1705503158		-1.0
	2670.00000000	2.84123		-2.68318  0.2  0.2		4.1705503158		-1.0
	2700.00000000	3.13714		-2.24577  0.2  0.2		4.1705503158		-1.0
	2730.00000000	3.20426		-1.86767  0.2  0.2		4.1705503158		-1.0
	2760.00000000	2.6197		-1.79438  0.2  0.2		4.1705503158		-1.0
	2790.00000000	3.12878		-1.78531  0.2  0.2		4.1705503158		-1.0
	2820.00000000	3.03734		-1.41522  0.2  0.2		4.1705503158		-1.0
	2850.00000000	2.67775		-1.04787  0.2  0.2		4.1705503158		-1.0
	2880.00000000	2.81687		-0.50757  0.2  0.2		4.1705503158		-1.0
	2910.00000000	3.02788		-0.3982  0.2  0.2		4.1705503158		-1.0
	2940.00000000	3.0239		-0.60577  0.2  0.2		4.1705503158		-1.0
	2970.00000000	3.01745		-0.73776  0.2  0.2		4.1705503158		-1.0
	3000.00000000	2.80939		-0.89897  0.2  0.2		4.1705503158		-1.0
	3030.00000000	2.78819		-0.74173  0.2  0.2		4.1705503158		-1.0
	3060.00000000	2.98917		-0.17225  0.2  0.2		4.1705503158		-1.0
	3090.00000000	3.07804		0.21661  0.2  0.2		4.1705503158		-1.0
	3120.00000000	3.05023		0.47632  0.2  0.2		4.1705503158		-1.0
	3150.00000000	2.83775		0.49978  0.2  0.2		4.1705503158		-1.0
	3180.00000000	2.96788		0.20776  0.2  0.2		4.1705503158		-1.0
	3210.00000000	3.07162		0.23208  0.2  0.2		4.1705503158		-1.0
	3240.00000000	2.94766		0.6852  0.2  0.2		4.1705503158		-1.0
	3270.00000000	2.88522		0.87669  0.2  0.2		4.1705503158		-1.0
	3300.00000000	3.15586		0.67267  0.2  0.2		4.1705503158		-1.0
	3330.00000000	2.97017		0.36022  0.2  0.2		4.1705503158		-1.0
	3360.00000000	2.78087		-0.01535  0.2  0.2		4.1705503158		-1.0
	3390.00000000	2.94482		-0.19426  0.2  0.2		4.1705503158		-1.0
	3420.00000000	3.0561		-0.28336  0.2  0.2		4.1705503158		-1.0
	3450.00000000	2.82118		-0.43433  0.2  0.2		4.1705503158		-1.0
	3480.00000000	2.92972		-0.32518  0.2  0.2		4.1705503158		-1.0
	3510.00000000	3.26595		-0.49802  0.2  0.2		4.1705503158		-1.0
	3540.00000000	2.83672		-0.91012  0.2  0.2		4.1705503158		-1.0
	3570.00000000	2.96525		-1.08244  0.2  0.2		4.1705503158		-1.0
	3600.00000000	3.25413		-1.12674  0.2  0.2		4.1705503158		-1.0
	3630.00000000	2.83057		-1.29648  0.2  0.2		4.1705503158		-1.0
	3660.00000000	2.94625		-1.31226  0.2  0.2		4.1705503158		-1.0
	3690.00000000	2.96145		-0.99995  0.2  0.2		4.1705503158		-1.0
	3720.00000000	3.00254		-0.52844  0.2  0.2		4.1705503158		-1.0
	3750.00000000	2.77853		-0.61723  0.2  0.2		4.1705503158		-1.0
	3780.00000000	2.95426		-0.90863  0.2  0.2		4.1705503158		-1.0
	3810.00000000	2.83575		-1.05887  0.2  0.2		4.1705503158		-1.0
	3840.00000000	2.69682		-1.40758  0.2  0.2		4.1705503158		-1.0
	3870.00000000	3.20811		-1.4919  0.2  0.2		4.1705503158		-1.0
	3900.00000000	3.03246		-1.32825  0.2  0.2		4.1705503158		-1.0
	3930.00000000	3.07474		-1.18044  0.2  0.2		4.1705503158		-1.0
	3960.00000000	2.81619		-1.25857  0.2  0.2		4.1705503158		-1.0
	3990.00000000	2.79482		-0.97013  0.2  0.2		4.1705503158		-1.0
	4020.00000000	3.09646		-0.48028  0.2  0.2		4.1705503158		-1.0
	4050.00000000	2.86003		0.10311  0.2  0.2		4.1705503158		-1.0
	4080.00000000	3.23996		0.3826  0.2  0.2		4.1705503158		-1.0
	4110.00000000	2.82771		0.64622  0.2  0.2		4.1705503158		-1.0
	4140.00000000	3.18316		0.82319  0.2  0.2		4.1705503158		-1.0
	4170.00000000	2.96952		1.07309  0.2  0.2		4.1705503158		-1.0
	4200.00000000	3.11614		1.07015  0.2  0.2		4.1705503158		-1.0
	4230.00000000	2.80312		0.91196  0.2  0.2		4.1705503158		-1.0
	4260.00000000	3.2499		1.14237  0.2  0.2		4.1705503158		-1.0
	4290.00000000	2.69002		1.345  0.2  0.2		4.1705503158		-1.0
	4320.00000000	3.45123		1.43164  0.2  0.2		4.1705503158		-1.0
	4350.00000000	2.79575		1.58104  0.2  0.2		4.1705503158		-1.0
	4380.00000000	2.87129		1.52235  0.2  0.2		4.1705503158		-1.0
	4410.00000000	3.05321		1.06005  0.2  0.2		4.1705503158		-1.0
	4440.00000000	2.79537		0.91198  0.2  0.2		4.1705503158		-1.0
	4470.00000000	3.32443		1.24894  0.2  0.2		4.1705503158		-1.0
	4500.00000000	2.68304		1.31225  0.2  0.2		4.1705503158		-1.0
	4530.00000000	3.23921		1.23698  0.2  0.2		4.1705503158		-1.0
	4560.00000000	2.80374		0.63572  0.2  0.2		4.1705503158		-1.0
	4590.00000000	3.05059		0.11818  0.2  0.2		4.1705503158		-1.0
	4620.00000000	2.84803		0.43081  0.2  0.2		4.1705503158		-1.0
	4650.00000000	2.91768		0.44776  0.2  0.2		4.1705503158		-1.0
	4680.00000000	3.21158		0.43198  0.2  0.2		4.1705503158		-1.0
	4710.00000000	3.17276		0.49293  0.2  0.2		4.1705503158		-1.0
	4740.00000000	3.16126		0.54861  0.2  0.2		4.1705503158		-1.0
	4770.00000000	3.17829		0.92916  0.2  0.2		4.1705503158		-1.0
	4800.00000000	2.76064		1.27207  0.2  0.2		4.1705503158		-1.0
	4830.00000000	3.40918		1.50632  0.2  0.2		4.1705503158		-1.0
	4860.00000000	2.81341		1.63942  0.2  0.2		4.1705503158		-1.0
	4890.00000000	3.22627		1.68171  0.2  0.2		4.1705503158		-1.0
	4920.00000000	3.34246		1.70691  0.2  0.2		4.1705503158		-1.0
	4950.00000000	2.68203		1.80645  0.2  0.2		4.1705503158		-1.0
	4980.00000000	3.21638		1.82417  0.2  0.2		4.1705503158		-1.0
	5010.00000000	3.10337		1.53478  0.2  0.2		4.1705503158		-1.0
	5040.00000000	2.99372		1.34097  0.2  0.2		4.1705503158		-1.0
	5070.00000000	2.9422		1.0207  0.2  0.2		4.1705503158		-1.0
	5100.00000000	3.19553		1.06137  0.2  0.2		4.1705503158		-1.0
	5130.00000000	3.10439		1.33634  0.2  0.2		4.1705503158		-1.0
	5160.00000000	2.64384		1.53148  0.2  0.2		4.1705503158		-1.0
	5190.00000000	2.77152		1.83149  0.2  0.2		4.1705503158		-1.0
	5220.00000000	3.00201		2.10781  0.2  0.2		4.1705503158		-1.0
	5250.00000000	3.07959		2.2779  0.2  0.2		4.1705503158		-1.0
	5280.00000000	2.90151		2.43977  0.2  0.2		4.1705503158		-1.0
	5310.00000000	2.75201		2.69234  0.2  0.2		4.1705503158		-1.0
	5340.00000000	3.40892		2.97849  0.2  0.2		4.1705503158		-1.0
	5370.00000000	2.77652		-3.12153  0.2  0.2		4.1705503158		-1.0
	5400.00000000	3.31458		-2.92413  0.2  0.2		4.1705503158		-1.0
	5430.00000000	2.72463		-2.55921  0.2  0.2		4.1705503158		-1.0
	5460.00000000	3.23222		-2.65947  0.2  0.2		4.1705503158		-1.0
	5490.00000000	2.81395		-2.74934  0.2  0.2		4.1705503158		-1.0
	5520.00000000	3.2099		-2.51753  0.2  0.2		4.1705503158		-1.0
	5550.00000000	3.03479		-2.68725  0.2  0.2		4.1705503158		-1.0
	5580.00000000	3.22981		-3.01837  0.2  0.2		4.1705503158		-1.0
	5610.00000000	2.73235		-2.98345  0.2  0.2		4.1705503158		-1.0
	5640.00000000	2.99894		-2.87103  0.2  0.2		4.1705503158		-1.0
	5670.00000000	3.16665		-3.08652  0.2  0.2		4.1705503158		-1.0
	5700.00000000	3.12144		2.87189  0.2  0.2		4.1705503158		-1.0
	5730.00000000	3.38933		2.49592  0.2  0.2		4.1705503158		-1.0
	5760.00000000	3.31456		2.60373  0.2  0.2		4.1705503158		-1.0
	5790.00000000	2.7944		2.70063  0.2  0.2		4.1705503158		-1.0
	5820.00000000	3.11395		2.68545  0.2  0.2		4.1705503158		-1.0
	5850.00000000	3.10819		2.39136  0.2  0.2		4.1705503158		-1.0
	5880.00000000	3.35733		2.31341  0.2  0.2		4.1705503158		-1.0
	5910.00000000	2.72049		2.33235  0.2  0.2		4.1705503158		-1.0
	5940.00000000	2.86241		2.13168  0.2  0.2		4.1705503158		-1.0
	5970.00000000	3.32958		1.88068  0.2  0.2		4.1705503158		-1.0
	6000.00000000	2.99724		1.90822  0.2  0.2		4.1705503158		-1.0
	6030.00000000	3.40739		2.21799  0.2  0.2		4.1705503158		-1.0
	6060.00000000	2.67309		2.27721  0.2  0.2		4.1705503158		-1.0
	6090.00000000	3.01146		2.00171  0.2  0.2		4.1705503158		-1.0
	6120.00000000	2.93708		1.99237  0.2  0.2		4.1705503158		-1.0
	6150.00000000	3.30894		2.42383  0.2  0.2		4.1705503158		-1.0
	6180.00000000	3.27563		2.87357  0.2  0.2		4.1705503158		-1.0
	6210.00000000	2.71683		3.09434  0.2  0.2		4.1705503158		-1.0
	6240.00000000	3.46087		3.0189  0.2  0.2		4.1705503158		-1.0
	6270.00000000	2.78321		2.75069  0.2  0.2		4.1705503158		-1.0
	6300.00000000	2.72115		2.55736  0.2  0.2		4.1705503158		-1.0
	6330.00000000	2.77587		2.84015  0.2  0.2		4.1705503158		-1.0
	6360.00000000	2.92182		-3.13631  0.2  0.2		4.1705503158		-1.0
	6390.00000000	3.32361		-2.92556  0.2  0.2		4.1705503158		-1.0
	6420.00000000	2.91911		-3.11295  0.2  0.2		4.1705503158		-1.0
	6450.00000000	2.72645		3.11875  0.2  0.2		4.1705503158		-1.0
	6480.00000000	2.7214		-3.00054  0.2  0.2		4.1705503158		-1.0
	6510.00000000	2.76412		-2.60652  0.2  0.2		4.1705503158		-1.0
	6540.00000000	2.95659		-2.37383  0.2  0.2		4.1705503158		-1.0
	6570.00000000	3.2944		-2.18301  0.2  0.2		4.1705503158		-1.0
	6600.00000000	2.83529		-2.20514  0.2  0.2		4.1705503158		-1.0
	6630.00000000	2.76133		-2.32328  0.2  0.2		4.1705503158		-1.0
	6660.00000000	3.06818		-1.99413  0.2  0.2		4.1705503158		-1.0
	6690.00000000	3.19374		-1.48517  0.2  0.2		4.1705503158		-1.0
	6720.00000000	3.2128		-1.44281  0.2  0.2		4.1705503158		-1.0
	6750.00000000	2.98531		-1.73518  0.2  0.2		4.1705503158		-1.0
	6780.00000000	2.81828		-1.92503  0.2  0.2		4.1705503158		-1.0
	6810.00000000	2.83676		-1.8671  0.2  0.2		4.1705503158		-1.0
	6840.00000000	2.91862		-1.97331  0.2  0.2		4.1705503158		-1.0
	6870.00000000	3.37651		-2.25858  0.2  0.2		4.1705503158		-1.0
	6900.00000000	2.77671		-2.49637  0.2  0.2		4.1705503158		-1.0
	6930.00000000	3.14345		-2.72255  0.2  0.2		4.1705503158		-1.0
	6960.00000000	3.00854		-2.79252  0.2  0.2		4.1705503158		-1.0
	6990.00000000	3.16593		-2.6465  0.2  0.2		4.1705503158		-1.0
	7020.00000000	3.39679		-2.38077  0.2  0.2		4.1705503158		-1.0
	7050.00000000	2.76591		-2.23127  0.2  0.2		4.1705503158		-1.0
	7080.00000000	2.82125		-2.0007  0.2  0.2		4.1705503158		-1.0
	7110.00000000	2.91259		-1.72598  0.2  0.2		4.1705503158		-1.0
	7140.00000000	3.33808		-1.63095  0.2  0.2		4.1705503158		-1.0
	7170.00000000	3.35507		-1.74292  0.2  0.2		4.1705503158		-1.0
	7200.00000000	3.19656		-1.4825  0.2  0.2		4.1705503158		-1.0
	7230.00000000	3.22172		-1.04669  0.2  0.2		4.1705503158		-1.0
	7260.00000000	3.03948		-0.91754  0.2  0.2		4.1705503158		-1.0
	7290.00000000	3.07836		-0.6707  0.2  0.2		4.1705503158		-1.0
	7320.00000000	3.04437		-0.62696  0.2  0.2		4.1705503158		-1.0
	7350.00000000	3.16701		-0.75564  0.2  0.2		4.1705503158		-1.0
	7380.00000000	2.84988		-0.8115  0.2  0.2		4.1705503158		-1.0
	7410.00000000	3.51632		-0.64998  0.2  0.2		4.1705503158		-1.0
	7440.00000000	2.81795		-0.23511  0.2  0.2		4.1705503158		-1.0
	7470.00000000	3.09014		-0.11152  0.2  0.2		4.1705503158		-1.0
	7500.00000000	2.97733		-0.23782  0.2  0.2		4.1705503158		-1.0
	7530.00000000	3.20054		-0.17206  0.2  0.2		4.1705503158		-1.0
	7560.00000000	2.85362		0.04983  0.2  0.2		4.1705503158		-1.0
	7590.00000000	3.10133		0.13302  0.2  0.2		4.1705503158		-1.0
	7620.00000000	3.07247		0.20975  0.2  0.2		4.1705503158		-1.0
	7650.00000000	3.27273		0.39127  0.2  0.2		4.1705503158		-1.0
	7680.00000000	3.14399		0.24637  0.2  0.2		4.1705503158		-1.0
	7710.00000000	2.72844		0.07233  0.2  0.2		4.1705503158		-1.0
	7740.00000000	2.75371		-0.05832  0.2  0.2		4.1705503158		-1.0
	7770.00000000	2.91584		-0.24232  0.2  0.2		4.1705503158		-1.0
	7800.00000000	3.03662		-0.21515  0.2  0.2		4.1705503158		-1.0
	7830.00000000	3.07287		-0.14651  0.2  0.2		4.1705503158		-1.0
	7860.00000000	3.26096		-0.09979  0.2  0.2		4.1705503158		-1.0
	7890.00000000	3.24715		0.0764  0.2  0.2		4.1705503158		-1.0
	7920.00000000	3.31011		-0.12873  0.2  0.2		4.1705503158		-1.0
	7950.00000000	3.4232		-0.02712  0.2  0.2		4.1705503158		-1.0
	7980.00000000	3.38981		0.09293  0.2  0.2		4.1705503158		-1.0
	8010.00000000	3.50113		0.13692  0.2  0.2		4.1705503158		-1.0
	8040.00000000	3.32867		0.68657  0.2  0.2		4.1705503158		-1.0
	8070.00000000	3.25489		0.89673  0.2  0.2		4.1705503158		-1.0
	8100.00000000	2.82775		0.87171  0.2  0.2		4.1705503158		-1.0
	8130.00000000	3.29058		1.05225  0.2  0.2		4.1705503158		-1.0
	8160.00000000	2.63559		0.73216  0.2  0.2		4.1705503158		-1.0
	8190.00000000	3.18672		0.54511  0.2  0.2		4.1705503158		-1.0
	8220.00000000	3.44623		0.945  0.2  0.2		4.1705503158		-1.0
	8250.00000000	3.02696		1.18624  0.2  0.2		4.1705503158		-1.0
	8280.00000000	3.41002		1.09197  0.2  0.2		4.1705503158		-1.0
	8310.00000000	3.28802		0.99594  0.2  0.2		4.1705503158		-1.0
	8340.00000000	2.69236		0.63096  0.2  0.2		4.1705503158		-1.0
	8370.00000000	2.76066		0.50308  0.2  0.2		4.1705503158		-1.0
	8400.00000000	2.80432		0.48687  0.2  0.2		4.1705503158		-1.0
	8430.00000000	2.8144		0.41184  0.2  0.2		4.1705503158		-1.0
	8460.00000000	2.8042		0.34793  0.2  0.2		4.1705503158		-1.0
	8490.00000000	2.75039		0.02866  0.2  0.2		4.1705503158		-1.0
	8520.00000000	2.68923		-0.40016  0.2  0.2		4.1705503158		-1.0
	8550.00000000	2.77249		-0.76913  0.2  0.2		4.1705503158		-1.0
	8580.00000000	2.83293		-0.66634  0.2  0.2		4.1705503158		-1.0
	8610.00000000	2.81357		-0.55978  0.2  0.2		4.1705503158		-1.0
	8640.00000000	2.82361		-0.5479  0.2  0.2		4.1705503158		-1.0
	8670.00000000	2.68255		-0.71141  0.2  0.2		4.1705503158		-1.0
	8700.00000000	2.82787		-0.90662  0.2  0.2		4.1705503158		-1.0
	8730.00000000	2.85182		-1.04612  0.2  0.2		4.1705503158		-1.0
	8760.00000000	2.62369		-1.08467  0.2  0.2		4.1705503158		-1.0
	8790.00000000	2.80243		-1.29449  0.2  0.2		4.1705503158		-1.0
	8820.00000000	2.80938		-1.59566  0.2  0.2		4.1705503158		-1.0
	8850.00000000	2.82941		-1.80029  0.2  0.2		4.1705503158		-1.0
	8880.00000000	2.91608		-2.00793  0.2  0.2		4.1705503158		-1.0
	8910.00000000	3.27646		-2.01403  0.2  0.2		4.1705503158		-1.0
	8940.00000000	3.38933		-2.07379  0.2  0.2		4.1705503158		-1.0
	8970.00000000	2.99327		-2.10376  0.2  0.2		4.1705503158		-1.0
	9000.00000000	3.45113		-1.95874  0.2  0.2		4.1705503158		-1.0
	9030.00000000	2.63524		-1.82006  0.2  0.2		4.1705503158		-1.0
	9060.00000000	2.72248		-1.78674  0.2  0.2		4.1705503158		-1.0
	9090.00000000	2.93096		-1.88627  0.2  0.2		4.1705503158		-1.0
	9120.00000000	3.40613		-2.03602  0.2  0.2		4.1705503158		-1.0
	9150.00000000	2.68381		-2.26315  0.2  0.2		4.1705503158		-1.0
	9180.00000000	3.06847		-2.66828  0.2  0.2		4.1705503158		-1.0
	9210.00000000	2.85879		-2.69795  0.2  0.2		4.1705503158		-1.0
	9240.00000000	2.77649		-2.72385  0.2  0.2		4.1705503158		-1.0
	9270.00000000	2.91471		-2.65205  0.2  0.2		4.1705503158		-1.0
	9300.00000000	2.66207		-2.70407  0.2  0.2		4.1705503158		-1.0
	9330.00000000	2.68763		-2.49707  0.2  0.2		4.1705503158		-1.0
	9360.00000000	2.61086		-2.5636  0.2  0.2		4.1705503158		-1.0
	9390.00000000	2.70459		-2.41636  0.2  0.2		4.1705503158		-1.0
	9420.00000000	3.2403		-2.27832  0.2  0.2		4.1705503158		-1.0
	9450.00000000	3.29167		-2.50646  0.2  0.2		4.1705503158		-1.0
	9480.00000000	3.18002		-2.65334  0.2  0.2		4.1705503158		-1.0
	9510.00000000	3.32492		-2.74046  0.2  0.2		4.1705503158		-1.0
	9540.00000000	3.4532		-2.9539  0.2  0.2		4.1705503158		-1.0
	9570.00000000	2.93668		-2.84621  0.2  0.2		4.1705503158		-1.0
	9600.00000000	2.89884		-3.03317  0.2  0.2		4.1705503158		-1.0
	9630.00000000	3.43254		-3.07844  0.2  0.2		4.1705503158		-1.0
	9660.00000000	3.25312		2.88877  0.2  0.2		4.1705503158		-1.0
	9690.00000000	3.13241		2.86228  0.2  0.2		4.1705503158		-1.0
	9720.00000000	3.26891		3.03792  0.2  0.2		4.1705503158		-1.0
	9750.00000000	3.4794		3.03863  0.2  0.2		4.1705503158		-1.0
	9780.00000000	2.83207		2.98904  0.2  0.2		4.1705503158		-1.0
	9810.00000000	2.85414		3.00756  0.2  0.2		4.1705503158		-1.0
	9840.00000000	3.32945		2.93086  0.2  0.2		4.1705503158		-1.0
	9870.00000000	3.42834		2.99319  0.2  0.2		4.1705503158		-1.0
	9900.00000000	2.91319		-3.12365  0.2  0.2		4.1705503158		-1.0
	9930.00000000	2.82143		-3.12745  0.2  0.2		4.1705503158		-1.0
	9960.00000000	3.5429		3.03855  0.2  0.2		4.1705503158		-1.0
	9990.00000000	3.07351		2.54696  0.2  0.2		4.1705503158		-1.0
	10020.00000000	2.68343		2.13798  0.2  0.2		4.1705503158		-1.0
	10050.00000000	2.71058		1.92642  0.2  0.2		4.1705503158		-1.0
	10080.00000000	2.75527		1.68027  0.2  0.2		4.1705503158		-1.0
	10110.00000000	2.70277		1.35832  0.2  0.2		4.1705503158		-1.0
	10140.00000000	2.64902		1.1852  0.2  0.2		4.1705503158		-1.0
	10170.00000000	2.66694		0.91346  0.2  0.2		4.1705503158		-1.0
	10200.00000000	3.02406		0.91791  0.2  0.2		4.1705503158		-1.0
	10230.00000000	2.68812		0.99757  0.2  0.2		4.1705503158		-1.0
	10260.00000000	2.72842		1.05915  0.2  0.2		4.1705503158		-1.0
	10290.00000000	2.95436		1.3943  0.2  0.2		4.1705503158		-1.0
	10320.00000000	3.38359		1.56278  0.2  0.2		4.1705503158		-1.0
	10350.00000000	2.6575		1.50033  0.2  0.2		4.1705503158		-1.0
	10380.00000000	3.1029		1.24859  0.2  0.2		4.1705503158		-1.0
	10410.00000000	3.35959		1.35072  0.2  0.2		4.1705503158		-1.0
	10440.00000000	3.34372		1.68704  0.2  0.2		4.1705503158		-1.0
	10470.00000000	2.98897		1.78593  0.2  0.2		4.1705503158		-1.0
	10500.00000000	3.528		1.89614  0.2  0.2		4.1705503158		-1.0
	10530.00000000	3.10525		2.1165  0.2  0.2		4.1705503158		-1.0
	10560.00000000	3.3327		2.19839  0.2  0.2		4.1705503158		-1.0
	10590.00000000	3.37992		2.1323  0.2  0.2		4.1705503158		-1.0
	10620.00000000	3.25945		2.10491  0.2  0.2		4.1705503158		-1.0
	10650.00000000	3.53269		2.22124  0.2  0.2		4.1705503158		-1.0
	10680.00000000	2.87772		2.23129  0.2  0.2		4.1705503158		-1.0
	10710.00000000	3.12165		2.33012  0.2  0.2		4.1705503158		-1.0
	10740.00000000	3.52416		2.39651  0.2  0.2		4.1705503158		-1.0
	10770.00000000	3.04422		2.54467  0.2  0.2		4.1705503158		-1.0
	10800.00000000	3.48495		2.90957  0.2  0.2		4.1705503158		-1.0
	10830.00000001	3.23589		2.90392  0.2  0.2		4.1705503158		-1.0
	10860.00000001	2.59155		2.78805  0.2  0.2		4.1705503158		-1.0
	10890.00000001	3.13356		2.69645  0.2  0.2		4.1705503158		-1.0
	10920.00000001	3.4623		2.55901  0.2  0.2		4.1705503158		-1.0
	10950.00000001	3.39045		2.53342  0.2  0.2		4.1705503158		-1.0
	10980.00000001	3.16118		2.6996  0.2  0.2		4.1705503158		-1.0
	11010.00000001	3.74885		2.66098  0.2  0.2		4.1705503158		-1.0
	11040.00000001	3.02967		2.36793  0.2  0.2		4.1705503158		-1.0
	11070.00000001	2.82973		2.44941  0.2  0.2		4.1705503158		-1.0
	11100.00000001	2.73817		2.52457  0.2  0.2		4.1705503158		-1.0
	11130.00000001	2.63967		2.32554  0.2  0.2		4.1705503158		-1.0
	11160.00000001	2.72358		2.15392  0.2  0.2		4.1705503158		-1.0
	11190.00000001	2.76651		1.87782  0.2  0.2		4.1705503158		-1.0
	11220.00000001	2.68738		1.91987  0.2  0.2		4.1705503158		-1.0
	11250.00000001	2.64588		2.01569  0.2  0.2		4.1705503158		-1.0
	11280.00000001	2.87991		1.71275  0.2  0.2		4.1705503158		-1.0
	11310.00000001	3.5695		1.75568  0.2  0.2		4.1705503158		-1.0
	11340.00000001	3.38912		2.14086  0.2  0.2		4.1705503158		-1.0
	11370.00000001	2.7495		2.41551  0.2  0.2		4.1705503158		-1.0
	11400.00000001	2.81386		2.79614  0.2  0.2		4.1705503158		-1.0
	11430.00000001	2.68626		2.86329  0.2  0.2		4.1705503158		-1.0
	11460.00000001	2.65815		2.7525  0.2  0.2		4.1705503158		-1.0
	11490.00000001	2.73257		2.49733  0.2  0.2		4.1705503158		-1.0
	11520.00000001	2.65484		2.61343  0.2  0.2		4.1705503158		-1.0
	11550.00000001	2.57381		3.02448  0.2  0.2		4.1705503158		-1.0
	11580.00000001	2.64762		-2.91664  0.2  0.2		4.1705503158		-1.0
	11610.00000001	2.74075		-2.80245  0.2  0.2		4.1705503158		-1.0
	11640.00000001	2.65728		-2.94011  0.2  0.2		4.1705503158		-1.0
	11670.00000001	2.6111		-3.01353  0.2  0.2		4.1705503158		-1.0
	11700.00000001	3.09481		-3.00506  0.2  0.2		4.1705503158		-1.0
	11730.00000001	3.29422		-2.83978  0.2  0.2		4.1705503158		-1.0
	11760.00000001	3.47244		-2.67893  0.2  0.2		4.1705503158		-1.0
	11790.00000001	2.94173		-2.59006  0.2  0.2		4.1705503158		-1.0
	11820.00000001	2.94092		-2.83475  0.2  0.2		4.1705503158		-1.0
	11850.00000001	3.77895		-2.82094  0.2  0.2		4.1705503158		-1.0
	11880.00000001	3.08518		-3.07884  0.2  0.2		4.1705503158		-1.0
	11910.00000001	3.68163		-3.08114  0.2  0.2		4.1705503158		-1.0
	11940.00000001	3.41599		-2.76807  0.2  0.2		4.1705503158		-1.0
	11970.00000001	3.27279		-2.66902  0.2  0.2		4.1705503158		-1.0
	12000.00000001	3.22475		-2.46016  0.2  0.2		4.1705503158		-1.0
	12030.00000001	3.15568		-2.0956  0.2  0.2		4.1705503158		-1.0
	12060.00000001	3.36611		-1.70425  0.2  0.2		4.1705503158		-1.0
	12090.00000001	3.3407		-1.34797  0.2  0.2		4.1705503158		-1.0
	12120.00000001	3.1701		-1.17929  0.2  0.2		4.1705503158		-1.0
	12150.00000001	3.49637		-0.96602  0.2  0.2		4.1705503158		-1.0
	12180.00000001	3.2903		-0.8875  0.2  0.2		4.1705503158		-1.0
	12210.00000001	3.24306		-0.83191  0.2  0.2		4.1705503158		-1.0
	12240.00000001	3.42549		-0.79719  0.2  0.2		4.1705503158		-1.0
	12270.00000001	3.3182		-0.69839  0.2  0.2		4.1705503158		-1.0
	12300.00000001	3.09696		-0.66895  0.2  0.2		4.1705503158		-1.0
	12330.00000001	3.32195		-0.48511  0.2  0.2		4.1705503158		-1.0
	12360.00000001	2.56413		-0.27044  0.2  0.2		4.1705503158		-1.0
	12390.00000001	3.39909		-0.18337  0.2  0.2		4.1705503158		-1.0
	12420.00000001	2.90662		-0.3994  0.2  0.2		4.1705503158		-1.0
	12450.00000001	2.95039		-0.58884  0.2  0.2		4.1705503158		-1.0
	12480.00000001	2.62304		-0.54875  0.2  0.2		4.1705503158		-1.0
	12510.00000001	3.37894		-0.19801  0.2  0.2		4.1705503158		-1.0
	12540.00000001	3.16286		-0.37353  0.2  0.2		4.1705503158		-1.0
	12570.00000001	2.63921		-0.72111  0.2  0.2		4.1705503158		-1.0
	12600.00000001	3.42449		-0.98799  0.2  0.2		4.1705503158		-1.0
	12630.00000001	2.56084		-1.0989  0.2  0.2		4.1705503158		-1.0
	12660.00000001	3.46101		-0.90091  0.2  0.2		4.1705503158		-1.0
	12690.00000001	3.2465		-0.92331  0.2  0.2		4.1705503158		-1.0
	12720.00000001	3.04209		-1.30395  0.2  0.2		4.1705503158		-1.0
	12750.00000001	2.76593		-1.47451  0.2  0.2		4.1705503158		-1.0
	12780.00000001	2.73217		-1.71503  0.2  0.2		4.1705503158		-1.0
	12810.00000001	3.01016		-1.61428  0.2  0.2		4.1705503158		-1.0
	12840.00000001	3.65708		-1.45714  0.2  0.2		4.1705503158		-1.0
	12870.00000001	3.33882		-1.6826  0.2  0.2		4.1705503158		-1.0
	12900.00000001	3.31162		-2.05034  0.2  0.2		4.1705503158		-1.0
	12930.00000001	2.77589		-2.18972  0.2  0.2		4.1705503158		-1.0
	12960.00000001	3.18012		-2.35862  0.2  0.2		4.1705503158		-1.0
	12990.00000001	3.48034		-2.34048  0.2  0.2		4.1705503158		-1.0
	13020.00000001	3.54937		-2.48966  0.2  0.2		4.1705503158		-1.0
	13050.00000001	3.65864		-2.46177  0.2  0.2		4.1705503158		-1.0
	13080.00000001	3.2259		-2.2641  0.2  0.2		4.1705503158		-1.0
	13110.00000001	2.76386		-2.26791  0.2  0.2		4.1705503158		-1.0
	13140.00000001	3.00156		-2.36681  0.2  0.2		4.1705503158		-1.0
	13170.00000001	3.42586		-2.2322  0.2  0.2		4.1705503158		-1.0
	13200.00000001	3.71959		-1.7487  0.2  0.2		4.1705503158		-1.0
	13230.00000001	2.72964		-1.6184  0.2  0.2		4.1705503158		-1.0
	13260.00000001	3.27179		-1.81177  0.2  0.2		4.1705503158		-1.0
	13290.00000001	2.79494		-1.90708  0.2  0.2		4.1705503158		-1.0
	13320.00000001	3.00321		-1.93929  0.2  0.2		4.1705503158		-1.0
	13350.00000001	3.40493		-1.85638  0.2  0.2		4.1705503158		-1.0
	13380.00000001	2.64924		-1.52881  0.2  0.2		4.1705503158		-1.0
	13410.00000001	2.78173		-1.37377  0.2  0.2		4.1705503158		-1.0
	13440.00000001	2.67536		-1.36869  0.2  0.2		4.1705503158		-1.0
	13470.00000001	2.94791		-1.2225  0.2  0.2		4.1705503158		-1.0
	13500.00000001	3.46761		-1.31365  0.2  0.2		4.1705503158		-1.0
	13530.00000001	3.36377		-1.22691  0.2  0.2		4.1705503158		-1.0
	13560.00000001	2.96878		-1.17351  0.2  0.2		4.1705503158		-1.0
	13590.00000001	2.78375		-1.02754  0.2  0.2		4.1705503158		-1.0
	13620.00000001	2.71785		-0.94016  0.2  0.2		4.1705503158		-1.0
	13650.00000001	2.77		-1.04089  0.2  0.2		4.1705503158		-1.0
	13680.00000001	2.68946		-1.30665  0.2  0.2		4.1705503158		-1.0
	13710.00000001	2.80213		-1.50635  0.2  0.2		4.1705503158		-1.0
	13740.00000001	2.92048		-1.30369  0.2  0.2		4.1705503158		-1.0
	13770.00000001	3.39863		-1.24456  0.2  0.2		4.1705503158		-1.0
	13800.00000001	3.45716		-0.97079  0.2  0.2		4.1705503158		-1.0
	13830.00000001	3.51684		-0.7662  0.2  0.2		4.1705503158		-1.0
	13860.00000001	3.23295		-0.41792  0.2  0.2		4.1705503158		-1.0
	13890.00000001	3.69065		-0.51731  0.2  0.2		4.1705503158		-1.0
	13920.00000001	2.83206		-0.43509  0.2  0.2		4.1705503158		-1.0
	13950.00000001	3.01445		0.07891  0.2  0.2		4.1705503158		-1.0
	13980.00000001	2.82578		0.65  0.2  0.2		4.1705503158		-1.0
	14010.00000001	3.64066		1.00771  0.2  0.2		4.1705503158		-1.0
	14040.00000001	3.29914		1.04518  0.2  0.2		4.1705503158		-1.0
	14070.00000001	2.61626		1.24505  0.2  0.2		4.1705503158		-1.0
	14100.00000001	3.58413		1.32412  0.2  0.2		4.1705503158		-1.0
	14130.00000001	3.41728		1.13565  0.2  0.2		4.1705503158		-1.0
	14160.00000001	2.6315		1.36249  0.2  0.2		4.1705503158		-1.0
	14190.00000001	2.80009		1.53434  0.2  0.2		4.1705503158		-1.0
	14220.00000001	3.43907		1.42932  0.2  0.2		4.1705503158		-1.0
	14250.00000000	2.99534		1.65265  0.2  0.2		4.1705503158		-1.0
	14280.00000000	3.30613		1.59038  0.2  0.2		4.1705503158		-1.0
	14310.00000000	3.17344		1.28154  0.2  0.2		4.1705503158		-1.0
	14340.00000000	2.80602		1.24937  0.2  0.2		4.1705503158		-1.0
	14370.00000000	2.82133		1.06321  0.2  0.2		4.1705503158		-1.0
	14400.00000000	3.16656		1.21487  0.2  0.2		4.1705503158		-1.0
	14430.00000000	3.18286		1.80659  0.2  0.2		4.1705503158		-1.0
	14460.00000000	3.28685		2.04171  0.2  0.2		4.1705503158		-1.0
	14490.00000000	2.55405		2.0676  0.2  0.2		4.1705503158		-1.0
	14520.00000000	2.6159		1.84153  0.2  0.2		4.1705503158		-1.0
	14550.00000000	3.37866		1.4249  0.2  0.2		4.1705503158		-1.0
	14580.00000000	3.69933		1.21008  0.2  0.2		4.1705503158		-1.0
	14610.00000000	3.01511		0.96055  0.2  0.2		4.1705503158		-1.0
	14640.00000000	2.77132		0.86622  0.2  0.2		4.1705503158		-1.0
	14670.00000000	2.98243		0.70226  0.2  0.2		4.1705503158		-1.0
	14700.00000000	3.46082		0.71833  0.2  0.2		4.1705503158		-1.0
	14730.00000000	3.24104		0.64973  0.2  0.2		4.1705503158		-1.0
	14760.00000000	3.44679		0.60405  0.2  0.2		4.1705503158		-1.0
	14790.00000000	2.95986		0.68031  0.2  0.2		4.1705503158		-1.0
	14820.00000000	2.74095		0.96513  0.2  0.2		4.1705503158		-1.0
	14850.00000000	2.82011		0.96504  0.2  0.2		4.1705503158		-1.0
	14880.00000000	3.2383		0.79628  0.2  0.2		4.1705503158		-1.0
	14910.00000000	3.12076		0.62706  0.2  0.2		4.1705503158		-1.0
	14940.00000000	2.85939		0.81649  0.2  0.2		4.1705503158		-1.0
	14970.00000000	2.91418		1.32809  0.2  0.2		4.1705503158		-1.0
	15000.00000000	2.66761		1.87805  0.2  0.2		4.1705503158		-1.0
	15030.00000000	2.82497		1.66256  0.2  0.2		4.1705503158		-1.0
	15060.00000000	2.80996		1.31509  0.2  0.2		4.1705503158		-1.0
	15090.00000000	2.72623		0.5875  0.2  0.2		4.1705503158		-1.0
	15120.00000000	2.74285		-0.08247  0.2  0.2		4.1705503158		-1.0
	15150.00000000	2.71778		-0.53186  0.2  0.2		4.1705503158		-1.0
	15180.00000000	2.65375		-0.81887  0.2  0.2		4.1705503158		-1.0
	15210.00000000	2.58389		-1.09136  0.2  0.2		4.1705503158		-1.0
	15240.00000000	2.7402		-0.95403  0.2  0.2		4.1705503158		-1.0
	15000.00000000	2.66761		1.87805  0.2  0.2		4.1705503158		-1.0
	15030.00000000	2.82497		1.66256  0.2  0.2		4.1705503158		-1.0
	15060.00000000	2.80996		1.31509  0.2  0.2		4.1705503158		-1.0
	15090.00000000	2.72623		0.5875  0.2  0.2		4.1705503158		-1.0
	15120.00000000	2.74285		-0.08247  0.2  0.2		4.1705503158		-1.0
	15150.00000000	2.71778		-0.53186  0.2  0.2		4.1705503158		-1.0
	15180.00000000	2.65375		-0.81887  0.2  0.2		4.1705503158		-1.0
	15210.00000000	2.58389		-1.09136  0.2  0.2		4.1705503158		-1.0
	15240.00000000	2.7402		-0.95403  0.2  0.2		4.1705503158		-1.0
	15270.00000000	2.7824		-0.66401  0.2  0.2		4.1705503158		-1.0
	15300.00000000	2.82219		-0.13507  0.2  0.2		4.1705503158		-1.0
	15330.00000000	2.78111		0.30278  0.2  0.2		4.1705503158		-1.0
	15360.00000000	2.88339		0.39267  0.2  0.2		4.1705503158		-1.0
	15390.00000000	3.08445		-0.16744  0.2  0.2		4.1705503158		-1.0
	15420.00000000	3.18899		-0.64849  0.2  0.2		4.1705503158		-1.0
	15450.00000000	3.22965		-1.04531  0.2  0.2		4.1705503158		-1.0
	15480.00000000	3.20008		-1.43451  0.2  0.2		4.1705503158		-1.0
	15510.00000000	3.21885		-1.66841  0.2  0.2		4.1705503158		-1.0
	15540.00000000	3.12251		-1.62718  0.2  0.2		4.1705503158		-1.0
	15570.00000000	3.3747		-1.50376  0.2  0.2		4.1705503158		-1.0
	15600.00000000	3.29091		-1.06136  0.2  0.2		4.1705503158		-1.0
	15630.00000000	2.98917		-0.38184  0.2  0.2		4.1705503158		-1.0
	15660.00000000	2.74074		0.28049  0.2  0.2		4.1705503158		-1.0
	15690.00000000	2.59014		0.39239  0.2  0.2		4.1705503158		-1.0
	15720.00000000	2.81122		0.07059  0.2  0.2		4.1705503158		-1.0
	15750.00000000	2.59544		-0.27497  0.2  0.2		4.1705503158		-1.0
	15780.00000000	3.39335		-0.5489  0.2  0.2		4.1705503158		-1.0
	15810.00000000	3.13928		-0.56209  0.2  0.2		4.1705503158		-1.0
	15840.00000000	3.55514		-0.12055  0.2  0.2		4.1705503158		-1.0
	15870.00000000	3.38979		0.45242  0.2  0.2		4.1705503158		-1.0
	15900.00000000	3.32304		0.74332  0.2  0.2		4.1705503158		-1.0
	15930.00000000	3.2507		0.72068  0.2  0.2		4.1705503158		-1.0
	15960.00000000	3.55397		0.69473  0.2  0.2		4.1705503158		-1.0
	15990.00000000	3.48443		0.94794  0.2  0.2		4.1705503158		-1.0
	16020.00000000	3.43726		1.15374  0.2  0.2		4.1705503158		-1.0
	16050.00000000	2.51871		1.20896  0.2  0.2		4.1705503158		-1.0
	16080.00000000	3.00014		1.01619  0.2  0.2		4.1705503158		-1.0
	16110.00000000	2.79607		0.69601  0.2  0.2		4.1705503158		-1.0
	16140.00000000	2.79201		0.0918  0.2  0.2		4.1705503158		-1.0
	16170.00000000	3.40416		0.10734  0.2  0.2		4.1705503158		-1.0
	16200.00000000	3.47853		0.2984  0.2  0.2		4.1705503158		-1.0
	16230.00000000	3.32446		0.31211  0.2  0.2		4.1705503158		-1.0
	16260.00000000	3.40499		0.33025  0.2  0.2		4.1705503158		-1.0
	16290.00000000	2.58343		0.12115  0.2  0.2		4.1705503158		-1.0
	16320.00000000	3.67275		-0.05274  0.2  0.2		4.1705503158		-1.0
	16350.00000000	3.04676		0.0006  0.2  0.2		4.1705503158		-1.0
	16380.00000000	3.0346		0.32549  0.2  0.2		4.1705503158		-1.0
	16410.00000000	3.072		0.71914  0.2  0.2		4.1705503158		-1.0
	16440.00000000	3.11393		0.66852  0.2  0.2		4.1705503158		-1.0
	16470.00000000	3.28742		0.33971  0.2  0.2		4.1705503158		-1.0
	16500.00000000	3.75732		0.43164  0.2  0.2		4.1705503158		-1.0
	16530.00000000	3.72852		0.6083  0.2  0.2		4.1705503158		-1.0
	16560.00000000	3.52133		0.90174  0.2  0.2		4.1705503158		-1.0
	16590.00000000	3.81722		0.93284  0.2  0.2		4.1705503158		-1.0
	16620.00000000	3.6568		0.89251  0.2  0.2		4.1705503158		-1.0
	16650.00000000	3.80286		0.89052  0.2  0.2		4.1705503158		-1.0
	16680.00000000	3.47142		0.90155  0.2  0.2		4.1705503158		-1.0
	16710.00000000	3.55719		1.30487  0.2  0.2		4.1705503158		-1.0
	16740.00000000	3.39512		1.641  0.2  0.2		4.1705503158		-1.0
	16770.00000000	2.55975		1.69692  0.2  0.2		4.1705503158		-1.0
	16800.00000000	3.55883		1.49769  0.2  0.2		4.1705503158		-1.0
	16830.00000000	3.82313		1.20434  0.2  0.2		4.1705503158		-1.0
	16860.00000000	3.90234		1.10263  0.2  0.2		4.1705503158		-1.0
	16890.00000000	3.73583		1.5086  0.2  0.2		4.1705503158		-1.0
	16920.00000000	2.80558		1.88463  0.2  0.2		4.1705503158		-1.0
	16950.00000000	3.00746		2.19829  0.2  0.2		4.1705503158		-1.0
	16980.00000000	3.5707		2.40007  0.2  0.2		4.1705503158		-1.0
	17010.00000000	2.62895		2.27352  0.2  0.2		4.1705503158		-1.0
	17040.00000000	2.60843		2.27502  0.2  0.2		4.1705503158		-1.0
	17070.00000000	2.59196		2.33945  0.2  0.2		4.1705503158		-1.0
	17100.00000000	2.60299		2.6024  0.2  0.2		4.1705503158		-1.0
	17130.00000000	2.97051		2.85949  0.2  0.2		4.1705503158		-1.0
	17160.00000000	3.32932		3.08173  0.2  0.2		4.1705503158		-1.0
	17190.00000000	3.23616		-3.11933  0.2  0.2		4.1705503158		-1.0
	17220.00000000	2.93505		2.81105  0.2  0.2		4.1705503158		-1.0
	17250.00000000	3.56141		2.36321  0.2  0.2		4.1705503158		-1.0
	17280.00000000	3.20198		2.17941  0.2  0.2		4.1705503158		-1.0
	17310.00000000	2.95303		2.22882  0.2  0.2		4.1705503158		-1.0
	17340.00000000	3.19599		2.2522  0.2  0.2		4.1705503158		-1.0
	17370.00000000	3.36679		1.84502  0.2  0.2		4.1705503158		-1.0
	17400.00000000	3.3163		1.47386  0.2  0.2		4.1705503158		-1.0
	17430.00000000	3.01852		1.81314  0.2  0.2		4.1705503158		-1.0
	17460.00000000	2.8555		1.871  0.2  0.2		4.1705503158		-1.0
	17490.00000000	2.7061		1.5817  0.2  0.2		4.1705503158		-1.0
	17520.00000000	2.66384		1.30325  0.2  0.2		4.1705503158		-1.0
	17550.00000000	3.02166		1.22424  0.2  0.2		4.1705503158		-1.0
	17580.00000000	3.09531		1.09355  0.2  0.2		4.1705503158		-1.0
	17610.00000000	2.91366		0.89718  0.2  0.2		4.1705503158		-1.0
	17640.00000000	3.4676		0.7229  0.2  0.2		4.1705503158		-1.0
	17670.00000000	3.72743		0.51018  0.2  0.2		4.1705503158		-1.0
	17700.00000000	3.37935		0.39603  0.2  0.2		4.1705503158		-1.0
	17730.00000000	3.6961		0.23333  0.2  0.2		4.1705503158		-1.0
	17760.00000000	3.52039		0.27524  0.2  0.2		4.1705503158		-1.0
	17790.00000000	2.78973		-0.0771  0.2  0.2		4.1705503158		-1.0
	17820.00000000	2.90541		-0.5686  0.2  0.2		4.1705503158		-1.0
	17850.00000000	2.84608		-0.74339  0.2  0.2		4.1705503158		-1.0
	17880.00000000	3.11283		-0.56276  0.2  0.2		4.1705503158		-1.0
	17910.00000000	3.54302		-0.31153  0.2  0.2		4.1705503158		-1.0
	17940.00000000	3.34558		-0.22221  0.2  0.2		4.1705503158		-1.0
	17970.00000000	2.86337		-0.30816  0.2  0.2		4.1705503158		-1.0
	18000.00000000	3.12337		-0.28422  0.2  0.2		4.1705503158		-1.0
	18030.00000000	3.36525		-0.48955  0.2  0.2		4.1705503158		-1.0
	18060.00000000	3.37351		-0.6229  0.2  0.2		4.1705503158		-1.0
	18090.00000000	3.28817		-0.75464  0.2  0.2		4.1705503158		-1.0
	18120.00000000	3.1463		-1.15259  0.2  0.2		4.1705503158		-1.0
	18150.00000000	3.66945		-1.11453  0.2  0.2		4.1705503158		-1.0
	18180.00000000	3.49269		-0.94179  0.2  0.2		4.1705503158		-1.0
	18210.00000000	3.83803		-0.83003  0.2  0.2		4.1705503158		-1.0
	18240.00000000	3.3628		-1.38012  0.2  0.2		4.1705503158		-1.0
	18270.00000000	3.36623		-1.82335  0.2  0.2		4.1705503158		-1.0
	18300.00000000	3.28704		-1.57073  0.2  0.2		4.1705503158		-1.0
	18330.00000000	3.63782		-1.1898  0.2  0.2		4.1705503158		-1.0
	18360.00000000	3.02566		-0.95635  0.2  0.2		4.1705503158		-1.0
	18390.00000000	3.15135		-1.15637  0.2  0.2		4.1705503158		-1.0
	18420.00000000	2.79285		-1.63234  0.2  0.2		4.1705503158		-1.0
	18450.00000000	2.71141		-1.38062  0.2  0.2		4.1705503158		-1.0
	18480.00000000	2.62522		-0.74617  0.2  0.2		4.1705503158		-1.0
	18510.00000000	2.67869		-0.10906  0.2  0.2		4.1705503158		-1.0
	18540.00000000	2.79862		0.37124  0.2  0.2		4.1705503158		-1.0
	18570.00000000	2.77174		0.68723  0.2  0.2		4.1705503158		-1.0
	18600.00000000	2.96273		0.69911  0.2  0.2		4.1705503158		-1.0
	18630.00000000	3.23149		0.57538  0.2  0.2		4.1705503158		-1.0
	18660.00000000	4.10831		0.07804  0.2  0.2		4.1705503158		-1.0
	18690.00000000	4.29229		-0.00529  0.2  0.2		4.1705503158		-1.0
	18720.00000000	3.52712		0.12273  0.2  0.2		4.1705503158		-1.0
	18750.00000000	2.65022		0.07942  0.2  0.2		4.1705503158		-1.0
	18780.00000000	2.98974		-0.05223  0.2  0.2		4.1705503158		-1.0
	18810.00000000	2.62451		-0.1677  0.2  0.2		4.1705503158		-1.0
	18840.00000000	3.28614		0.04147  0.2  0.2		4.1705503158		-1.0
	18870.00000000	3.23554		0.1342  0.2  0.2		4.1705503158		-1.0
	18900.00000000	3.0994		0.05431  0.2  0.2		4.1705503158		-1.0
	18930.00000000	2.85255		0.06444  0.2  0.2		4.1705503158		-1.0
	18960.00000000	2.52237		0.36072  0.2  0.2		4.1705503158		-1.0
	18990.00000000	2.57598		0.62654  0.2  0.2		4.1705503158		-1.0
	19020.00000000	2.67708		0.79668  0.2  0.2		4.1705503158		-1.0
	19050.00000000	2.60007		0.98972  0.2  0.2		4.1705503158		-1.0
	19080.00000000	2.59864		0.9457  0.2  0.2		4.1705503158		-1.0
	19110.00000000	2.63446		1.05441  0.2  0.2		4.1705503158		-1.0
	19140.00000000	2.70551		1.32537  0.2  0.2		4.1705503158		-1.0
	19170.00000000	2.71844		1.58122  0.2  0.2		4.1705503158		-1.0
	19200.00000000	2.67602		1.58106  0.2  0.2		4.1705503158		-1.0
	19230.00000000	2.60278		1.18437  0.2  0.2		4.1705503158		-1.0
	19260.00000000	3.20896		0.9058  0.2  0.2		4.1705503158		-1.0
	19290.00000000	3.03615		0.94954  0.2  0.2		4.1705503158		-1.0
	19320.00000000	2.70065		1.4863  0.2  0.2		4.1705503158		-1.0
	19350.00000000	2.65568		1.69573  0.2  0.2		4.1705503158		-1.0
	19380.00000000	2.77281		2.09775  0.2  0.2		4.1705503158		-1.0
	19410.00000000	2.83529		2.16219  0.2  0.2		4.1705503158		-1.0
	19440.00000000	2.81421		2.25662  0.2  0.2		4.1705503158		-1.0
	19470.00000000	3.66407		2.39524  0.2  0.2		4.1705503158		-1.0
	19500.00000000	3.11218		2.77639  0.2  0.2		4.1705503158		-1.0
	19530.00000000	3.36508		2.99127  0.2  0.2		4.1705503158		-1.0
	19560.00000000	2.84811		2.99357  0.2  0.2		4.1705503158		-1.0
	19590.00000000	3.4578		2.65725  0.2  0.2		4.1705503158		-1.0
	19620.00000000	3.46987		2.43051  0.2  0.2		4.1705503158		-1.0
	19650.00000000	3.1108		2.64981  0.2  0.2		4.1705503158		-1.0
	19680.00000000	2.8081		3.006  0.2  0.2		4.1705503158		-1.0
	19710.00000000	2.54143		-3.07506  0.2  0.2		4.1705503158		-1.0
	19740.00000000	3.56646		-2.96838  0.2  0.2		4.1705503158		-1.0
	19770.00000000	3.20922		-2.77719  0.2  0.2		4.1705503158		-1.0
	19800.00000000	3.59728		-2.89772  0.2  0.2		4.1705503158		-1.0
	19830.00000000	3.32299		-2.77825  0.2  0.2		4.1705503158		-1.0
	19860.00000000	3.16589		-2.96914  0.2  0.2		4.1705503158		-1.0
	19890.00000000	2.58056		-2.95058  0.2  0.2		4.1705503158		-1.0
	19920.00000000	3.26936		-3.11866  0.2  0.2		4.1705503158		-1.0
	19950.00000000	2.99874		-3.09685  0.2  0.2		4.1705503158		-1.0
	19980.00000000	2.78798		3.07245  0.2  0.2		4.1705503158		-1.0
	20010.00000000	2.69961		2.91574  0.2  0.2		4.1705503158		-1.0
	20040.00000000	2.6622		2.70178  0.2  0.2		4.1705503158		-1.0
	20070.00000000	2.60547		2.59632  0.2  0.2		4.1705503158		-1.0
	20100.00000000	2.63174		2.35712  0.2  0.2		4.1705503158		-1.0
	20130.00000000	2.64647		2.14613  0.2  0.2		4.1705503158		-1.0
	20160.00000000	2.72797		1.88649  0.2  0.2		4.1705503158		-1.0
	20190.00000000	2.74161		1.72667  0.2  0.2		4.1705503158		-1.0
	20220.00000000	2.59085		1.54677  0.2  0.2		4.1705503158		-1.0
	20250.00000000	3.24175		1.41421  0.2  0.2		4.1705503158		-1.0
	20280.00000000	3.12706		1.44471  0.2  0.2		4.1705503158		-1.0
	20310.00000000	3.15265		1.83005  0.2  0.2		4.1705503158		-1.0
	20340.00000000	3.1268		1.46841  0.2  0.2		4.1705503158		-1.0
	20370.00000000	3.32138		1.0002  0.2  0.2		4.1705503158		-1.0
	20400.00000000	3.16307		0.97339  0.2  0.2		4.1705503158		-1.0
	20430.00000000	3.59054		0.7554  0.2  0.2		4.1705503158		-1.0
	20460.00000000	3.34157		0.69449  0.2  0.2		4.1705503158		-1.0
	20490.00000000	2.76037		0.6246  0.2  0.2		4.1705503158		-1.0
	20520.00000000	2.72236		0.52419  0.2  0.2		4.1705503158		-1.0
	20550.00000000	2.74169		0.28206  0.2  0.2		4.1705503158		-1.0
	20580.00000000	2.65961		0.05871  0.2  0.2		4.1705503158		-1.0
	20610.00000000	2.67022		0.36521  0.2  0.2		4.1705503158		-1.0
	20640.00000000	2.59122		0.63148  0.2  0.2		4.1705503158		-1.0
	20670.00000000	2.61342		0.80083  0.2  0.2		4.1705503158		-1.0
	20700.00000000	2.61697		0.84881  0.2  0.2		4.1705503158		-1.0
	20729.99999999	2.6611		1.06638  0.2  0.2		4.1705503158		-1.0
	20759.99999999	2.77188		1.15293  0.2  0.2		4.1705503158		-1.0
	20789.99999999	3.334		0.82897  0.2  0.2		4.1705503158		-1.0
	20819.99999999	3.48894		0.5211  0.2  0.2		4.1705503158		-1.0
	20849.99999999	3.17733		-0.14382  0.2  0.2		4.1705503158		-1.0
	20879.99999999	3.74016		-0.55171  0.2  0.2		4.1705503158		-1.0
	20909.99999999	3.64894		-0.8388  0.2  0.2		4.1705503158		-1.0
	20939.99999999	3.50353		-1.36179  0.2  0.2		4.1705503158		-1.0
	20969.99999999	3.64672		-1.54347  0.2  0.2		4.1705503158		-1.0
	20999.99999999	3.65347		-1.5603  0.2  0.2		4.1705503158		-1.0
	21029.99999999	3.74227		-1.64604  0.2  0.2		4.1705503158		-1.0
	21059.99999999	3.37364		-1.72865  0.2  0.2		4.1705503158		-1.0
	21089.99999999	3.8584		-1.81807  0.2  0.2		4.1705503158		-1.0
	21119.99999999	3.65722		-1.8587  0.2  0.2		4.1705503158		-1.0
	21149.99999999	3.08178		-2.00519  0.2  0.2		4.1705503158		-1.0
	21179.99999999	2.70697		-1.99428  0.2  0.2		4.1705503158		-1.0
	21209.99999999	2.76192		-1.75503  0.2  0.2		4.1705503158		-1.0
	21239.99999999	2.72251		-1.87319  0.2  0.2		4.1705503158		-1.0
	21269.99999999	2.66802		-2.13421  0.2  0.2		4.1705503158		-1.0
	21299.99999999	3.45542		-2.27969  0.2  0.2		4.1705503158		-1.0
	21329.99999999	3.77728		-2.32094  0.2  0.2		4.1705503158		-1.0
	21359.99999999	3.43842		-1.94908  0.2  0.2		4.1705503158		-1.0
	21389.99999999	3.65855		-2.15762  0.2  0.2		4.1705503158		-1.0
	21419.99999999	3.47818		-2.68754  0.2  0.2		4.1705503158		-1.0
	21449.99999999	3.58038		-2.72555  0.2  0.2		4.1705503158		-1.0
	21479.99999999	3.79047		-2.98731  0.2  0.2		4.1705503158		-1.0
	21509.99999999	3.84452		3.12503  0.2  0.2		4.1705503158		-1.0
	21539.99999999	3.55585		2.68081  0.2  0.2		4.1705503158		-1.0
	21569.99999999	4.03667		2.38592  0.2  0.2		4.1705503158		-1.0
	21599.99999999	3.57329		2.4273  0.2  0.2		4.1705503158		-1.0
	21629.99999999	3.30777		2.67638  0.2  0.2		4.1705503158		-1.0
	21659.99999999	3.74069		2.81816  0.2  0.2		4.1705503158		-1.0
	21689.99999999	3.69416		2.69767  0.2  0.2		4.1705503158		-1.0
	21719.99999999	2.95788		2.97394  0.2  0.2		4.1705503158		-1.0
	21749.99999999	2.86355		-3.05872  0.2  0.2		4.1705503158		-1.0
	21779.99999999	3.67009		3.08717  0.2  0.2		4.1705503158		-1.0
	21809.99999999	3.89067		2.73503  0.2  0.2		4.1705503158		-1.0
	21839.99999999	3.60767		2.77693  0.2  0.2		4.1705503158		-1.0
	21869.99999999	3.49819		2.91965  0.2  0.2		4.1705503158		-1.0
	21899.99999999	3.76337		-2.99641  0.2  0.2		4.1705503158		-1.0
	21929.99999999	3.52953		-2.92703  0.2  0.2		4.1705503158		-1.0
	21959.99999999	3.13967		-2.95916  0.2  0.2		4.1705503158		-1.0
	21989.99999999	4.07309		-2.79346  0.2  0.2		4.1705503158		-1.0
	22019.99999999	4.27636		-2.89442  0.2  0.2		4.1705503158		-1.0
	22049.99999999	3.30951		-3.13013  0.2  0.2		4.1705503158		-1.0
	22079.99999999	3.4403		-2.91937  0.2  0.2		4.1705503158		-1.0
	22109.99999999	3.84683		-2.49218  0.2  0.2		4.1705503158		-1.0
	22139.99999999	3.34342		-2.11294  0.2  0.2		4.1705503158		-1.0
	22169.99999999	2.67717		-2.37907  0.2  0.2		4.1705503158		-1.0
	22199.99999999	3.12785		-2.43354  0.2  0.2		4.1705503158		-1.0
	22229.99999999	3.01549		-2.21813  0.2  0.2		4.1705503158		-1.0
	22259.99999999	3.21374		-2.08613  0.2  0.2		4.1705503158		-1.0
	22289.99999999	2.94385		-2.41121  0.2  0.2		4.1705503158		-1.0
	22319.99999999	2.61424		-2.66148  0.2  0.2		4.1705503158		-1.0
	22349.99999999	2.70842		-2.78148  0.2  0.2		4.1705503158		-1.0
	22379.99999999	2.70887		-2.55022  0.2  0.2		4.1705503158		-1.0
	22409.99999999	2.6615		-2.05063  0.2  0.2		4.1705503158		-1.0
	22439.99999999	2.67632		-1.97409  0.2  0.2		4.1705503158		-1.0
	22469.99999999	2.81087		-1.96618  0.2  0.2		4.1705503158		-1.0
	22499.99999999	3.35475		-1.96635  0.2  0.2		4.1705503158		-1.0
	22529.99999999	3.91292		-2.03406  0.2  0.2		4.1705503158		-1.0
	22559.99999999	3.66395		-1.94518  0.2  0.2		4.1705503158		-1.0
	22589.99999999	4.0224		-1.777  0.2  0.2		4.1705503158		-1.0
	22619.99999999	3.50688		-2.16321  0.2  0.2		4.1705503158		-1.0
	22649.99999999	3.3257		-2.41923  0.2  0.2		4.1705503158		-1.0
	22679.99999999	3.42753		-2.45866  0.2  0.2		4.1705503158		-1.0
	22709.99999999	4.38219		-2.14375  0.2  0.2		4.1705503158		-1.0
	22739.99999999	4.83516		-1.94519  0.2  0.2		4.1705503158		-1.0
	22769.99999999	5.1597		-2.36346  0.2  0.2		4.1705503158		-1.0
	22799.99999999	5.50295		-2.598  0.2  0.2		4.1705503158		-1.0
	22829.99999999	6.23877		-2.67115  0.2  0.2		4.1705503158		-1.0
	22859.99999999	7.29375		-2.61995  0.2  0.2		4.1705503158		-1.0
	22889.99999999	8.34594		-2.47753  0.2  0.2		4.1705503158		-1.0
	22919.99999999	9.71404		-2.38991  0.2  0.2		4.1705503158		-1.0
	22949.99999999	10.5503		-2.44269  0.2  0.2		4.1705503158		-1.0
	22979.99999999	10.99008		-2.62814  0.2  0.2		4.1705503158		-1.0
	23009.99999999	11.7056		-2.69608  0.2  0.2		4.1705503158		-1.0
	23039.99999999	11.69511		-2.94886  0.2  0.2		4.1705503158		-1.0
	23069.99999999	10.93386		-2.99883  0.2  0.2		4.1705503158		-1.0
	23099.99999999	10.76781		2.94873  0.2  0.2		4.1705503158		-1.0
	23129.99999999	10.41684		2.73674  0.2  0.2		4.1705503158		-1.0
	23159.99999999	10.40807		2.81362  0.2  0.2		4.1705503158		-1.0
	23189.99999999	10.63652		2.8515  0.2  0.2		4.1705503158		-1.0
	23219.99999999	11.51589		2.75423  0.2  0.2		4.1705503158		-1.0
	23249.99999999	12.0688		2.96845  0.2  0.2		4.1705503158		-1.0
	23279.99999999	11.40212		-3.13992  0.2  0.2		4.1705503158		-1.0
	23309.99999999	11.02472		-3.07626  0.2  0.2		4.1705503158		-1.0
	23339.99999999	10.85337		-2.82388  0.2  0.2		4.1705503158		-1.0
	23369.99999999	10.61852		-2.82965  0.2  0.2		4.1705503158		-1.0
	23399.99999999	9.51849		-2.83401  0.2  0.2		4.1705503158		-1.0
	23429.99999999	7.94964		-2.94213  0.2  0.2		4.1705503158		-1.0
	23459.99999999	6.77546		3.09388  0.2  0.2		4.1705503158		-1.0
	23489.99999999	6.23344		3.02229  0.2  0.2		4.1705503158		-1.0
	23519.99999999	5.89168		-3.09727  0.2  0.2		4.1705503158		-1.0
	23549.99999999	6.00152		3.02541  0.2  0.2		4.1705503158		-1.0
	23579.99999999	6.90089		2.99935  0.2  0.2		4.1705503158		-1.0
	23609.99999999	8.14428		2.91094  0.2  0.2		4.1705503158		-1.0
	23639.99999999	8.92394		2.63034  0.2  0.2		4.1705503158		-1.0
	23669.99999999	9.64795		2.5147  0.2  0.2		4.1705503158		-1.0
	23699.99999999	10.18596		2.32012  0.2  0.2		4.1705503158		-1.0
	23729.99999999	10.49406		2.27588  0.2  0.2		4.1705503158		-1.0
	23759.99999999	10.47705		2.5677  0.2  0.2		4.1705503158		-1.0
	23789.99999999	10.86491		2.59189  0.2  0.2		4.1705503158		-1.0
	23819.99999999	11.39736		2.73496  0.2  0.2		4.1705503158		-1.0
	23849.99999999	12.04022		2.94291  0.2  0.2		4.1705503158		-1.0
	23879.99999999	11.9545		2.666  0.2  0.2		4.1705503158		-1.0
	23909.99999999	11.40227		2.33628  0.2  0.2		4.1705503158		-1.0
	23939.99999999	10.77537		1.8611  0.2  0.2		4.1705503158		-1.0
	23969.99999999	10.09558		1.49399  0.2  0.2		4.1705503158		-1.0
	23999.99999999	9.57358		-0.58527  0.2  0.2		4.1705503158		-1.0
	24029.99999999	9.47532		-1.39018  0.2  0.2		4.1705503158		-1.0
	24059.99999999	9.68501		-1.78555  0.2  0.2		4.1705503158		-1.0
	24089.99999999	10.10266		-2.29065  0.2  0.2		4.1705503158		-1.0
	24119.99999999	10.58376		-2.84671  0.2  0.2		4.1705503158		-1.0
	24149.99999999	11.13938		-3.04063  0.2  0.2		4.1705503158		-1.0
	24179.99999999	12.07224		2.95823  0.2  0.2		4.1705503158		-1.0
	24209.99999999	11.84998		3.00693  0.2  0.2		4.1705503158		-1.0
	24239.99999999	11.32088		2.70329  0.2  0.2		4.1705503158		-1.0
	24269.99999999	10.70166		2.42958  0.2  0.2		4.1705503158		-1.0
	24299.99999999	9.98716		2.18502  0.2  0.2		4.1705503158		-1.0
	24329.99999999	8.88218		2.10435  0.2  0.2		4.1705503158		-1.0
	24359.99999999	8.45368		2.15892  0.2  0.2		4.1705503158		-1.0
	24389.99999999	8.16209		2.30893  0.2  0.2		4.1705503158		-1.0
	24419.99999999	7.4481		2.31581  0.2  0.2		4.1705503158		-1.0
	24449.99999999	6.5273		2.5618  0.2  0.2		4.1705503158		-1.0
	24479.99999999	5.72581		2.30613  0.2  0.2		4.1705503158		-1.0
	24509.99999999	6.11344		2.11378  0.2  0.2		4.1705503158		-1.0
	24539.99999999	6.99914		2.21714  0.2  0.2		4.1705503158		-1.0
	24569.99999999	7.86251		2.18546  0.2  0.2		4.1705503158		-1.0
	24599.99999999	8.3801		2.06291  0.2  0.2		4.1705503158		-1.0
	24629.99999999	8.34095		2.34184  0.2  0.2		4.1705503158		-1.0
	24659.99999999	7.88512		2.68375  0.2  0.2		4.1705503158		-1.0
	24689.99999999	7.23966		2.78823  0.2  0.2		4.1705503158		-1.0
	24719.99999999	6.73114		3.09108  0.2  0.2		4.1705503158		-1.0
	24749.99999999	6.33452		2.95109  0.2  0.2		4.1705503158		-1.0
	24779.99999999	6.3184		3.06762  0.2  0.2		4.1705503158		-1.0
	24809.99999999	6.98127		-2.32069  0.2  0.2		4.1705503158		-1.0
	24839.99999999	7.64561		-2.11907  0.2  0.2		4.1705503158		-1.0
	24869.99999999	8.64448		-2.0657  0.2  0.2		4.1705503158		-1.0
	24899.99999999	9.23355		-1.85869  0.2  0.2		4.1705503158		-1.0
	24929.99999999	9.64499		-2.06177  0.2  0.2		4.1705503158		-1.0
	24959.99999999	10.17543		-2.1696  0.2  0.2		4.1705503158		-1.0
	24989.99999999	10.62797		-1.63596  0.2  0.2		4.1705503158		-1.0
	25019.99999999	11.31747		-1.35532  0.2  0.2		4.1705503158		-1.0
	25049.99999999	11.80596		-1.23501  0.2  0.2		4.1705503158		-1.0
	25079.99999999	12.09368		1.06302  0.2  0.2		4.1705503158		-1.0
	25109.99999999	11.6249		1.66139  0.2  0.2		4.1705503158		-1.0
	25139.99999999	11.02178		2.02613  0.2  0.2		4.1705503158		-1.0
	25169.99999999	10.6834		2.19642  0.2  0.2		4.1705503158		-1.0
	25199.99999999	10.56186		2.03386  0.2  0.2		4.1705503158		-1.0
	25229.99999999	10.47316		1.78184  0.2  0.2		4.1705503158		-1.0
	25259.99999999	10.39534		1.07711  0.2  0.2		4.1705503158		-1.0
	25289.99999999	10.42295		0.76901  0.2  0.2		4.1705503158		-1.0
	25319.99999999	10.71279		0.86661  0.2  0.2		4.1705503158		-1.0
	25349.99999999	10.29937		0.65292  0.2  0.2		4.1705503158		-1.0
	25379.99999999	10.03693		0.04086  0.2  0.2		4.1705503158		-1.0
	25409.99999999	9.96009		-1.24804  0.2  0.2		4.1705503158		-1.0
	25439.99999999	10.4451		-0.81404  0.2  0.2		4.1705503158		-1.0
	25469.99999999	10.85889		-0.5537  0.2  0.2		4.1705503158		-1.0
	25499.99999999	11.34886		-0.62345  0.2  0.2		4.1705503158		-1.0
	25529.99999999	11.87268		-0.34139  0.2  0.2		4.1705503158		-1.0
	25559.99999999	12.00904		0.01882  0.2  0.2		4.1705503158		-1.0
	25589.99999999	11.29079		-0.54304  0.2  0.2		4.1705503158		-1.0
	25619.99999999	10.69635		-0.86639  0.2  0.2		4.1705503158		-1.0
	25649.99999999	10.88414		-1.0595  0.2  0.2		4.1705503158		-1.0
	25679.99999999	11.15306		-1.71718  0.2  0.2		4.1705503158		-1.0
	25709.99999999	11.06987		-2.57099  0.2  0.2		4.1705503158		-1.0
	25739.99999999	11.6739		-2.25223  0.2  0.2		4.1705503158		-1.0
	25769.99999999	12.15864		-2.60964  0.2  0.2		4.1705503158		-1.0
	25799.99999999	11.74445		-3.10213  0.2  0.2		4.1705503158		-1.0
	25829.99999999	11.39574		2.93371  0.2  0.2		4.1705503158		-1.0
	25859.99999999	11.19039		-2.46887  0.2  0.2		4.1705503158		-1.0
	25889.99999999	11.63096		-2.44681  0.2  0.2		4.1705503158		-1.0
	25919.99999999	12.08196		-1.74983  0.2  0.2		4.1705503158		-1.0
	25949.99999999	11.61232		-1.31389  0.2  0.2		4.1705503158		-1.0
	25979.99999999	10.64206		-1.26401  0.2  0.2		4.1705503158		-1.0
	26009.99999999	10.24216		-1.09368  0.2  0.2		4.1705503158		-1.0
	26039.99999999	9.68431		-0.78229  0.2  0.2		4.1705503158		-1.0
	26069.99999999	9.36232		-0.94085  0.2  0.2		4.1705503158		-1.0
	26099.99999999	8.92744		-1.40682  0.2  0.2		4.1705503158		-1.0
	26129.99999999	8.43557		-1.5353  0.2  0.2		4.1705503158		-1.0
	26159.99999999	8.09037		-1.54024  0.2  0.2		4.1705503158		-1.0
	26189.99999999	7.54618		-1.60323  0.2  0.2		4.1705503158		-1.0
	26219.99999999	6.5272		-1.63488  0.2  0.2		4.1705503158		-1.0
	26249.99999999	5.95269		-1.3987  0.2  0.2		4.1705503158		-1.0
	26279.99999999	5.92015		-1.23758  0.2  0.2		4.1705503158		-1.0
	26309.99999999	6.85246		-1.27523  0.2  0.2		4.1705503158		-1.0
	26339.99999999	7.53481		-1.1515  0.2  0.2		4.1705503158		-1.0
	26369.99999999	7.77407		-1.31703  0.2  0.2		4.1705503158		-1.0
	26399.99999999	8.43081		-1.2244  0.2  0.2		4.1705503158		-1.0
	26429.99999999	9.26205		-1.38415  0.2  0.2		4.1705503158		-1.0
	26459.99999999	9.33821		-1.41047  0.2  0.2		4.1705503158		-1.0
	26489.99999999	8.64297		-1.5033  0.2  0.2		4.1705503158		-1.0
	26519.99999999	8.21595		-1.80135  0.2  0.2		4.1705503158		-1.0
	26549.99999999	8.39284		-2.18653  0.2  0.2		4.1705503158		-1.0
	26579.99999999	7.76829		-2.22191  0.2  0.2		4.1705503158		-1.0
	26609.99999999	7.46226		-2.063  0.2  0.2		4.1705503158		-1.0
	26639.99999999	6.89124		-2.04321  0.2  0.2		4.1705503158		-1.0
	26669.99999999	6.41613		-1.87698  0.2  0.2		4.1705503158		-1.0
	26699.99999999	5.81697		-1.94358  0.2  0.2		4.1705503158		-1.0
	26729.99999999	5.27175		-1.81218  0.2  0.2		4.1705503158		-1.0
	26759.99999999	5.58356		-2.16867  0.2  0.2		4.1705503158		-1.0
	26789.99999999	6.57103		-2.34797  0.2  0.2		4.1705503158		-1.0
	26819.99999999	6.80274		-2.25368  0.2  0.2		4.1705503158		-1.0
	26849.99999999	7.15997		-2.38905  0.2  0.2		4.1705503158		-1.0
	26879.99999999	6.52864		-2.17902  0.2  0.2		4.1705503158		-1.0
	26909.99999999	5.49278		-2.38514  0.2  0.2		4.1705503158		-1.0
	26939.99999999	5.22037		-2.09602  0.2  0.2		4.1705503158		-1.0
	26969.99999999	5.71106		-1.90259  0.2  0.2		4.1705503158		-1.0
	26999.99999999	6.67996		-1.34259  0.2  0.2		4.1705503158		-1.0
	27029.99999999	7.4686		-1.02957  0.2  0.2		4.1705503158		-1.0
	27059.99999999	8.22005		-0.77244  0.2  0.2		4.1705503158		-1.0
	27089.99999999	9.20937		0.19127  0.2  0.2		4.1705503158		-1.0
	27119.99999999	10.07627		0.47538  0.2  0.2		4.1705503158		-1.0
	27149.99999999	10.99561		0.3954  0.2  0.2		4.1705503158		-1.0
	27179.99999999	11.81386		0.36525  0.2  0.2		4.1705503158		-1.0
	27209.99999999	11.91276		0.56524  0.2  0.2		4.1705503158		-1.0
	27239.99999998	11.35794		0.3487  0.2  0.2		4.1705503158		-1.0
	27269.99999998	10.8062		0.81594  0.2  0.2		4.1705503158		-1.0
	27299.99999998	10.72367		0.29478  0.2  0.2		4.1705503158		-1.0
	27329.99999998	10.39777		0.36115  0.2  0.2		4.1705503158		-1.0
	27359.99999998	10.08381		0.53602  0.2  0.2		4.1705503158		-1.0
	27389.99999998	9.33393		0.84468  0.2  0.2		4.1705503158		-1.0
	27419.99999998	8.96181		1.3094  0.2  0.2		4.1705503158		-1.0
	27449.99999998	8.52478		1.62754  0.2  0.2		4.1705503158		-1.0
	27479.99999998	8.14332		2.04085  0.2  0.2		4.1705503158		-1.0
	27509.99999998	7.44163		1.77264  0.2  0.2		4.1705503158		-1.0
	27539.99999998	6.51255		1.46252  0.2  0.2		4.1705503158		-1.0
	27569.99999998	6.36356		0.99341  0.2  0.2		4.1705503158		-1.0
	27599.99999998	6.53641		0.02547  0.2  0.2		4.1705503158		-1.0
	27629.99999998	7.1446		-0.53885  0.2  0.2		4.1705503158		-1.0
	27659.99999998	7.83543		-0.69176  0.2  0.2		4.1705503158		-1.0
	27689.99999998	8.33149		-0.00351  0.2  0.2		4.1705503158		-1.0
	27719.99999998	8.94925		0.77587  0.2  0.2		4.1705503158		-1.0
	27749.99999998	9.47234		1.15693  0.2  0.2		4.1705503158		-1.0
	27779.99999998	9.95293		1.27433  0.2  0.2		4.1705503158		-1.0
	27809.99999998	10.07697		1.11742  0.2  0.2		4.1705503158		-1.0
	27839.99999998	11.02012		1.29124  0.2  0.2		4.1705503158		-1.0
	27869.99999998	11.98207		1.46469  0.2  0.2		4.1705503158		-1.0
	27899.99999998	11.89795		1.59025  0.2  0.2		4.1705503158		-1.0
	27929.99999998	11.87605		1.56878  0.2  0.2		4.1705503158		-1.0
	27959.99999998	11.61252		1.33728  0.2  0.2		4.1705503158		-1.0
	27989.99999998	11.01199		1.50205  0.2  0.2		4.1705503158		-1.0
	28019.99999998	10.4359		1.6085  0.2  0.2		4.1705503158		-1.0
	28049.99999998	10.45181		1.38411  0.2  0.2		4.1705503158		-1.0
	28079.99999998	10.7283		1.96238  0.2  0.2		4.1705503158		-1.0
	28109.99999998	11.62378		-0.41598  0.2  0.2		4.1705503158		-1.0
	28139.99999998	12.09515		-0.50752  0.2  0.2		4.1705503158		-1.0
	28169.99999998	11.96277		-1.01155  0.2  0.2		4.1705503158		-1.0
	28199.99999998	12.06465		-1.28126  0.2  0.2		4.1705503158		-1.0
	28229.99999998	11.83129		-1.53444  0.2  0.2		4.1705503158		-1.0
	28259.99999998	11.16394		-1.87065  0.2  0.2		4.1705503158		-1.0
	28289.99999998	10.82402		-1.9957  0.2  0.2		4.1705503158		-1.0
	28319.99999998	10.46888		-2.21834  0.2  0.2		4.1705503158		-1.0
	28349.99999998	9.89119		-2.36376  0.2  0.2		4.1705503158		-1.0
	28379.99999998	8.94247		-2.92375  0.2  0.2		4.1705503158		-1.0
	28409.99999998	8.02502		3.07746  0.2  0.2		4.1705503158		-1.0
	28439.99999998	7.05214		2.62059  0.2  0.2		4.1705503158		-1.0
	28469.99999998	6.32617		1.84149  0.2  0.2		4.1705503158		-1.0
	28499.99999998	6.10769		1.91746  0.2  0.2		4.1705503158		-1.0
	28529.99999998	6.25384		2.05085  0.2  0.2		4.1705503158		-1.0
	28559.99999998	6.66461		1.62067  0.2  0.2		4.1705503158		-1.0
	28589.99999998	7.57197		0.58967  0.2  0.2		4.1705503158		-1.0
	28619.99999998	8.53402		0.44795  0.2  0.2		4.1705503158		-1.0
	28649.99999998	9.47325		0.25345  0.2  0.2		4.1705503158		-1.0
	28679.99999998	10.21777		1.19142  0.2  0.2		4.1705503158		-1.0
	28709.99999998	10.7135		2.77526  0.2  0.2		4.1705503158		-1.0
	28739.99999998	11.63692		2.86927  0.2  0.2		4.1705503158		-1.0
	28769.99999998	12.17867		2.56411  0.2  0.2		4.1705503158		-1.0
	28799.99999998	11.77227		2.10938  0.2  0.2		4.1705503158		-1.0
	28829.99999998	11.20483		1.78331  0.2  0.2		4.1705503158		-1.0
	28859.99999998	11.62345		1.65913  0.2  0.2		4.1705503158		-1.0
	28889.99999998	11.55563		1.44868  0.2  0.2		4.1705503158		-1.0
	28919.99999998	11.28086		1.21248  0.2  0.2		4.1705503158		-1.0
	28949.99999998	11.22353		1.01986  0.2  0.2		4.1705503158		-1.0
	28979.99999998	11.66822		0.6951  0.2  0.2		4.1705503158		-1.0
	29009.99999998	11.75106		0.72325  0.2  0.2		4.1705503158		-1.0
	29039.99999998	11.96686		0.9521  0.2  0.2		4.1705503158		-1.0
	29069.99999998	11.8613		0.9984  0.2  0.2		4.1705503158		-1.0
	29099.99999998	11.13736		0.91747  0.2  0.2		4.1705503158		-1.0
	29129.99999998	10.96819		0.53172  0.2  0.2		4.1705503158		-1.0
	29159.99999998	10.76108		0.50133  0.2  0.2		4.1705503158		-1.0
	29189.99999998	9.68758		0.33244  0.2  0.2		4.1705503158		-1.0
	29219.99999998	9.09917		0.42778  0.2  0.2		4.1705503158		-1.0
	29249.99999998	8.6763		0.54364  0.2  0.2		4.1705503158		-1.0
	29279.99999998	8.85667		0.41485  0.2  0.2		4.1705503158		-1.0
	29309.99999998	9.08751		0.32406  0.2  0.2		4.1705503158		-1.0
	29339.99999998	8.62813		-0.21429  0.2  0.2		4.1705503158		-1.0
	29369.99999998	8.36822		-1.09946  0.2  0.2		4.1705503158		-1.0
	29399.99999998	8.43299		-1.60137  0.2  0.2		4.1705503158		-1.0
	29429.99999998	9.1257		-2.12179  0.2  0.2		4.1705503158		-1.0
	29459.99999998	9.60721		-2.38564  0.2  0.2		4.1705503158		-1.0
	29489.99999998	10.37689		-2.5197  0.2  0.2		4.1705503158		-1.0
	29519.99999998	10.62539		-2.52274  0.2  0.2		4.1705503158		-1.0
	29549.99999998	11.02623		-2.44096  0.2  0.2		4.1705503158		-1.0
	29579.99999998	11.53934		-2.42487  0.2  0.2		4.1705503158		-1.0
	29609.99999998	12.07422		-2.24835  0.2  0.2		4.1705503158		-1.0
	29639.99999998	11.98148		-2.28381  0.2  0.2		4.1705503158		-1.0
	29669.99999998	11.72822		-2.17149  0.2  0.2		4.1705503158		-1.0
	29699.99999998	11.90612		-1.99033  0.2  0.2		4.1705503158		-1.0
	29729.99999998	11.64026		-1.8941  0.2  0.2		4.1705503158		-1.0
	29759.99999998	11.92481		-1.4565  0.2  0.2		4.1705503158		-1.0
	29789.99999998	12.03838		-1.24853  0.2  0.2		4.1705503158		-1.0
	29819.99999998	11.94547		-0.88791  0.2  0.2		4.1705503158		-1.0
	29849.99999998	11.87738		-0.58401  0.2  0.2		4.1705503158		-1.0
	29879.99999998	11.25719		-1.19297  0.2  0.2		4.1705503158		-1.0
	29909.99999998	10.79549		-1.80938  0.2  0.2		4.1705503158		-1.0
	29939.99999998	11.24003		-1.59318  0.2  0.2		4.1705503158		-1.0
	29969.99999998	11.68046		-1.76311  0.2  0.2		4.1705503158		-1.0
	29999.99999998	11.39105		-1.92038  0.2  0.2		4.1705503158		-1.0
	30029.99999998	10.76997		-2.09697  0.2  0.2		4.1705503158		-1.0
	30059.99999998	10.13738		-2.08118  0.2  0.2		4.1705503158		-1.0
	30089.99999998	9.8077		-1.44283  0.2  0.2		4.1705503158		-1.0
	30119.99999998	10.28356		-1.30008  0.2  0.2		4.1705503158		-1.0
	30149.99999998	10.57986		-1.31073  0.2  0.2		4.1705503158		-1.0
	30179.99999998	10.41981		-1.43127  0.2  0.2		4.1705503158		-1.0
	30209.99999998	10.11806		-1.6887  0.2  0.2		4.1705503158		-1.0
	30239.99999998	9.65326		-1.89595  0.2  0.2		4.1705503158		-1.0
	30269.99999998	9.93621		-1.89188  0.2  0.2		4.1705503158		-1.0
	30299.99999998	10.71378		-1.78842  0.2  0.2		4.1705503158		-1.0
	30329.99999998	10.88682		-1.38062  0.2  0.2		4.1705503158		-1.0
	30359.99999998	11.04573		-1.40257  0.2  0.2		4.1705503158		-1.0
	30389.99999998	10.94114		-1.65607  0.2  0.2		4.1705503158		-1.0
	30419.99999998	10.61791		-1.64122  0.2  0.2		4.1705503158		-1.0
	30449.99999998	10.07126		-1.69531  0.2  0.2		4.1705503158		-1.0
	30479.99999998	10.20111		-1.73342  0.2  0.2		4.1705503158		-1.0
	30509.99999998	9.92025		-1.5429  0.2  0.2		4.1705503158		-1.0
	30539.99999998	9.54952		-1.32868  0.2  0.2		4.1705503158		-1.0
	30569.99999998	9.59406		-1.05731  0.2  0.2		4.1705503158		-1.0
	30599.99999998	9.26852		-0.55994  0.2  0.2		4.1705503158		-1.0
	30629.99999998	8.47516		-0.44419  0.2  0.2		4.1705503158		-1.0
	30659.99999998	7.99971		-0.38013  0.2  0.2		4.1705503158		-1.0
	30689.99999998	7.21025		-0.54947  0.2  0.2		4.1705503158		-1.0
	30719.99999998	6.78933		-0.63191  0.2  0.2		4.1705503158		-1.0
	30749.99999998	6.09049		-0.22664  0.2  0.2		4.1705503158		-1.0
	30779.99999998	5.66963		-0.13487  0.2  0.2		4.1705503158		-1.0
	30809.99999998	5.87401		0.37175  0.2  0.2		4.1705503158		-1.0
	30839.99999998	6.32774		1.75285  0.2  0.2		4.1705503158		-1.0
	30869.99999998	7.32865		1.85645  0.2  0.2		4.1705503158		-1.0
	30899.99999998	7.67708		1.98431  0.2  0.2		4.1705503158		-1.0
	30929.99999998	7.47783		2.37436  0.2  0.2		4.1705503158		-1.0
	30959.99999998	6.80267		2.53453  0.2  0.2		4.1705503158		-1.0
	30989.99999998	6.29686		2.44642  0.2  0.2		4.1705503158		-1.0
	31019.99999998	6.30087		2.23003  0.2  0.2		4.1705503158		-1.0
	31049.99999998	7.17512		1.85764  0.2  0.2		4.1705503158		-1.0
	31079.99999998	8.02123		1.77368  0.2  0.2		4.1705503158		-1.0
	31109.99999998	8.05739		1.2516  0.2  0.2		4.1705503158		-1.0
	31139.99999998	8.3402		0.30153  0.2  0.2		4.1705503158		-1.0
	31169.99999998	8.69203		-0.10554  0.2  0.2		4.1705503158		-1.0
	31199.99999998	8.81064		-0.6155  0.2  0.2		4.1705503158		-1.0
	31229.99999998	9.22453		-0.6074  0.2  0.2		4.1705503158		-1.0
	31259.99999998	9.29811		0.08323  0.2  0.2		4.1705503158		-1.0
	31289.99999998	9.88546		-0.32713  0.2  0.2		4.1705503158		-1.0
	31319.99999998	9.99637		0.07535  0.2  0.2		4.1705503158		-1.0
	31349.99999998	10.41248		0.12376  0.2  0.2		4.1705503158		-1.0
	31379.99999998	10.64607		-0.42081  0.2  0.2		4.1705503158		-1.0
	31409.99999998	10.0405		-0.71243  0.2  0.2		4.1705503158		-1.0
	31439.99999998	10.15844		-1.07746  0.2  0.2		4.1705503158		-1.0
	31469.99999998	9.58842		-0.81184  0.2  0.2		4.1705503158		-1.0
	31499.99999998	9.86113		-0.33748  0.2  0.2		4.1705503158		-1.0
	31529.99999998	9.39543		-0.40372  0.2  0.2		4.1705503158		-1.0
	31559.99999998	8.96296		-0.4438  0.2  0.2		4.1705503158		-1.0
	31589.99999998	8.99229		-0.60788  0.2  0.2		4.1705503158		-1.0
	31619.99999998	8.80244		-1.0166  0.2  0.2		4.1705503158		-1.0
	31649.99999998	9.12739		-0.8146  0.2  0.2		4.1705503158		-1.0
	31679.99999998	9.46746		-1.08283  0.2  0.2		4.1705503158		-1.0
	31709.99999998	9.54696		-1.77355  0.2  0.2		4.1705503158		-1.0
	31739.99999998	9.05617		-2.00035  0.2  0.2		4.1705503158		-1.0
	31769.99999998	8.36595		-2.07384  0.2  0.2		4.1705503158		-1.0
	31799.99999998	7.95793		-2.2638  0.2  0.2		4.1705503158		-1.0
	31829.99999998	6.66154		-2.20505  0.2  0.2		4.1705503158		-1.0
	31859.99999998	5.93454		-1.88338  0.2  0.2		4.1705503158		-1.0
	31889.99999998	6.62587		-1.98871  0.2  0.2		4.1705503158		-1.0
	31919.99999998	7.16826		-1.99067  0.2  0.2		4.1705503158		-1.0
	31949.99999998	7.57644		-2.20073  0.2  0.2		4.1705503158		-1.0
	31979.99999998	7.41623		-2.46379  0.2  0.2		4.1705503158		-1.0
	32009.99999998	7.86192		-2.67804  0.2  0.2		4.1705503158		-1.0
	32039.99999998	8.36868		-2.9319  0.2  0.2		4.1705503158		-1.0
	32069.99999998	8.84712		-2.93391  0.2  0.2		4.1705503158		-1.0
	32099.99999998	9.76895		-2.92863  0.2  0.2		4.1705503158		-1.0
	32129.99999998	10.30182		-3.06249  0.2  0.2		4.1705503158		-1.0
	32159.99999998	10.02442		-2.93137  0.2  0.2		4.1705503158		-1.0
	32189.99999998	9.74537		-2.89997  0.2  0.2		4.1705503158		-1.0
	32219.99999998	9.38545		-2.82756  0.2  0.2		4.1705503158		-1.0
	32249.99999998	9.12631		-2.34074  0.2  0.2		4.1705503158		-1.0
	32279.99999998	8.58641		-2.36217  0.2  0.2		4.1705503158		-1.0
	32309.99999998	8.47716		-2.6199  0.2  0.2		4.1705503158		-1.0
	32339.99999998	8.56764		-2.5925  0.2  0.2		4.1705503158		-1.0
	32369.99999998	9.07067		-2.81059  0.2  0.2		4.1705503158		-1.0
	32399.99999998	9.46366		-2.86752  0.2  0.2		4.1705503158		-1.0
	32429.99999998	9.42718		-2.91214  0.2  0.2		4.1705503158		-1.0
	32459.99999998	9.18306		-3.05902  0.2  0.2		4.1705503158		-1.0
	32489.99999998	9.26065		2.94854  0.2  0.2		4.1705503158		-1.0
	32519.99999998	9.56683		2.67072  0.2  0.2		4.1705503158		-1.0
	32549.99999998	10.23965		2.55773  0.2  0.2		4.1705503158		-1.0
	32579.99999998	9.88681		2.57518  0.2  0.2		4.1705503158		-1.0
	32609.99999998	8.91606		2.62167  0.2  0.2		4.1705503158		-1.0
	32639.99999998	8.0215		2.63563  0.2  0.2		4.1705503158		-1.0
	32669.99999998	7.1968		3.05085  0.2  0.2		4.1705503158		-1.0
	32699.99999998	6.93954		-2.76984  0.2  0.2		4.1705503158		-1.0
	32729.99999998	6.66012		-2.44157  0.2  0.2		4.1705503158		-1.0
	32759.99999998	6.49357		-2.66567  0.2  0.2		4.1705503158		-1.0
	32789.99999998	6.27601		-3.08815  0.2  0.2		4.1705503158		-1.0
	32819.99999998	6.79254		-3.12913  0.2  0.2		4.1705503158		-1.0
	32849.99999998	8.06704		-3.05413  0.2  0.2		4.1705503158		-1.0
	32879.99999998	9.0029		3.12576  0.2  0.2		4.1705503158		-1.0
	32909.99999998	9.75452		2.92297  0.2  0.2		4.1705503158		-1.0
	32939.99999998	10.35109		2.83602  0.2  0.2		4.1705503158		-1.0
	32969.99999998	11.16145		2.93814  0.2  0.2		4.1705503158		-1.0
	32999.99999998	12.03144		2.90075  0.2  0.2		4.1705503158		-1.0
	33029.99999998	11.76119		2.34897  0.2  0.2		4.1705503158		-1.0
	33059.99999998	11.70652		2.56866  0.2  0.2		4.1705503158		-1.0
	33089.99999998	10.97421		2.28051  0.2  0.2		4.1705503158		-1.0
	33119.99999998	10.67494		2.29632  0.2  0.2		4.1705503158		-1.0
	33149.99999998	10.79887		2.59164  0.2  0.2		4.1705503158		-1.0
	33179.99999998	11.02171		2.84416  0.2  0.2		4.1705503158		-1.0
	33209.99999998	11.59277		3.13558  0.2  0.2		4.1705503158		-1.0
	33239.99999998	11.58666		-2.57249  0.2  0.2		4.1705503158		-1.0
	33269.99999998	11.14578		-2.14334  0.2  0.2		4.1705503158		-1.0
	33299.99999998	10.3898		-2.21861  0.2  0.2		4.1705503158		-1.0
	33329.99999998	10.33078		-2.34925  0.2  0.2		4.1705503158		-1.0
	33359.99999998	9.99975		-2.46974  0.2  0.2		4.1705503158		-1.0
	33389.99999998	9.72886		3.12389  0.2  0.2		4.1705503158		-1.0
	33419.99999998	8.95791		2.86  0.2  0.2		4.1705503158		-1.0
	33449.99999998	8.58981		2.69678  0.2  0.2		4.1705503158		-1.0
	33479.99999998	8.08648		2.64234  0.2  0.2		4.1705503158		-1.0
	33509.99999998	7.45606		2.74914  0.2  0.2		4.1705503158		-1.0
	33539.99999998	7.45032		2.84626  0.2  0.2		4.1705503158		-1.0
	33569.99999998	7.97665		2.99752  0.2  0.2		4.1705503158		-1.0
	33599.99999998	7.55938		3.07684  0.2  0.2		4.1705503158		-1.0
	33629.99999998	6.92617		-2.87144  0.2  0.2		4.1705503158		-1.0
	33659.99999998	6.90264		-2.58157  0.2  0.2		4.1705503158		-1.0
	33689.99999998	7.45895		-2.59251  0.2  0.2		4.1705503158		-1.0
	33719.99999997	8.03629		-2.8016  0.2  0.2		4.1705503158		-1.0
	33749.99999997	8.91524		-2.91611  0.2  0.2		4.1705503158		-1.0
	33779.99999997	8.68341		2.86027  0.2  0.2		4.1705503158		-1.0
	33809.99999997	7.70308		2.27156  0.2  0.2		4.1705503158		-1.0
	33839.99999997	6.12219		2.42167  0.2  0.2		4.1705503158		-1.0
	33869.99999997	5.44255		2.52714  0.2  0.2		4.1705503158		-1.0
	33899.99999997	5.93211		2.0747  0.2  0.2		4.1705503158		-1.0
	33929.99999997	5.74557		1.72429  0.2  0.2		4.1705503158		-1.0
	33959.99999997	5.26666		1.39117  0.2  0.2		4.1705503158		-1.0
	33989.99999997	4.99358		1.62646  0.2  0.2		4.1705503158		-1.0
	34019.99999997	5.36111		1.65276  0.2  0.2		4.1705503158		-1.0
	34049.99999997	5.7041		1.66313  0.2  0.2		4.1705503158		-1.0
	34079.99999997	5.39947		1.73864  0.2  0.2		4.1705503158		-1.0
	34109.99999997	4.86753		1.98795  0.2  0.2		4.1705503158		-1.0
	34139.99999997	5.49163		2.00217  0.2  0.2		4.1705503158		-1.0
	34169.99999997	6.22438		1.80757  0.2  0.2		4.1705503158		-1.0
	34199.99999997	7.1701		1.66227  0.2  0.2		4.1705503158		-1.0
	34229.99999997	7.68764		1.53068  0.2  0.2		4.1705503158		-1.0
	34259.99999997	8.0901		1.30101  0.2  0.2		4.1705503158		-1.0
	34289.99999997	8.32056		1.24424  0.2  0.2		4.1705503158		-1.0
	34319.99999997	8.77496		1.10163  0.2  0.2		4.1705503158		-1.0
	34349.99999997	8.81762		0.8945  0.2  0.2		4.1705503158		-1.0
	34379.99999997	8.39353		0.73472  0.2  0.2		4.1705503158		-1.0
	34409.99999997	7.22636		1.02715  0.2  0.2		4.1705503158		-1.0
	34439.99999997	6.3345		1.4019  0.2  0.2		4.1705503158		-1.0
	34469.99999997	5.624		1.97948  0.2  0.2		4.1705503158		-1.0
	34499.99999997	5.88791		2.23543  0.2  0.2		4.1705503158		-1.0
	34529.99999997	6.77391		2.26887  0.2  0.2		4.1705503158		-1.0
	34559.99999997	7.62437		2.23086  0.2  0.2		4.1705503158		-1.0
	34589.99999997	7.64656		2.62441  0.2  0.2		4.1705503158		-1.0
	34619.99999997	7.9982		2.93205  0.2  0.2		4.1705503158		-1.0
	34649.99999997	8.23629		2.56861  0.2  0.2		4.1705503158		-1.0
	34679.99999997	8.98745		2.27772  0.2  0.2		4.1705503158		-1.0
	34709.99999997	9.87977		2.10002  0.2  0.2		4.1705503158		-1.0
	34739.99999997	10.28056		1.80991  0.2  0.2		4.1705503158		-1.0
	34769.99999997	10.60548		1.80074  0.2  0.2		4.1705503158		-1.0
	34799.99999997	9.97231		1.90037  0.2  0.2		4.1705503158		-1.0
	34829.99999997	8.90101		2.1531  0.2  0.2		4.1705503158		-1.0
	34859.99999997	8.38517		1.82481  0.2  0.2		4.1705503158		-1.0
	34889.99999997	7.93116		1.57799  0.2  0.2		4.1705503158		-1.0
	34919.99999997	6.9914		1.55338  0.2  0.2		4.1705503158		-1.0
	34949.99999997	6.7053		1.69365  0.2  0.2		4.1705503158		-1.0
	34979.99999997	7.14718		1.36307  0.2  0.2		4.1705503158		-1.0
	35009.99999997	7.85848		1.16999  0.2  0.2		4.1705503158		-1.0
	35039.99999997	8.46793		1.08225  0.2  0.2		4.1705503158		-1.0
	35069.99999997	8.55944		0.79446  0.2  0.2		4.1705503158		-1.0
	35099.99999997	8.19051		0.61812  0.2  0.2		4.1705503158		-1.0
	35129.99999997	7.54926		0.11011  0.2  0.2		4.1705503158		-1.0
	35159.99999997	7.55724		-0.09545  0.2  0.2		4.1705503158		-1.0
	35189.99999997	7.54764		0.04357  0.2  0.2		4.1705503158		-1.0
	35219.99999997	7.7038		-0.59781  0.2  0.2		4.1705503158		-1.0
	35249.99999997	7.78716		-0.91319  0.2  0.2		4.1705503158		-1.0
	35279.99999997	7.87504		-0.9554  0.2  0.2		4.1705503158		-1.0
	35309.99999997	8.30599		-1.11468  0.2  0.2		4.1705503158		-1.0
	35339.99999997	8.05619		-0.96637  0.2  0.2		4.1705503158		-1.0
	35369.99999997	7.92414		-0.60886  0.2  0.2		4.1705503158		-1.0
	35399.99999997	7.85965		-0.51749  0.2  0.2		4.1705503158		-1.0
	35429.99999997	7.0527		-0.92821  0.2  0.2		4.1705503158		-1.0
	35459.99999997	6.38819		-0.9355  0.2  0.2		4.1705503158		-1.0
	35489.99999997	5.65581		-0.758  0.2  0.2		4.1705503158		-1.0
	35519.99999997	4.98752		-0.47331  0.2  0.2		4.1705503158		-1.0
	35549.99999997	5.29904		-0.63385  0.2  0.2		4.1705503158		-1.0
	35579.99999997	5.68287		-0.53151  0.2  0.2		4.1705503158		-1.0
	35609.99999997	6.94322		0.10871  0.2  0.2		4.1705503158		-1.0
	35639.99999997	7.87581		0.44735  0.2  0.2		4.1705503158		-1.0
	35669.99999997	8.98353		-0.12871  0.2  0.2		4.1705503158		-1.0
	35699.99999997	9.89583		-0.08027  0.2  0.2		4.1705503158		-1.0
	35729.99999997	10.7997		-0.0482  0.2  0.2		4.1705503158		-1.0
	35759.99999997	11.52842		-0.17872  0.2  0.2		4.1705503158		-1.0
	35789.99999997	11.56047		0.02191  0.2  0.2		4.1705503158		-1.0
	35819.99999997	11.77561		0.21309  0.2  0.2		4.1705503158		-1.0
	35849.99999997	11.48817		0.229  0.2  0.2		4.1705503158		-1.0
	35879.99999997	11.14073		-0.17966  0.2  0.2		4.1705503158		-1.0
	35909.99999997	11.09428		-0.17149  0.2  0.2		4.1705503158		-1.0
	35939.99999997	10.93216		0.19373  0.2  0.2		4.1705503158		-1.0
	35969.99999997	11.08385		0.06178  0.2  0.2		4.1705503158		-1.0
	35999.99999997	11.03695		-0.58388  0.2  0.2		4.1705503158		-1.0
	36029.99999997	11.11266		-0.84651  0.2  0.2		4.1705503158		-1.0
	36059.99999997	11.33319		-1.04803  0.2  0.2		4.1705503158		-1.0
	36089.99999997	11.73672		-0.77845  0.2  0.2		4.1705503158		-1.0
	36119.99999997	12.14429		-0.45352  0.2  0.2		4.1705503158		-1.0
	36149.99999997	11.56761		-0.66676  0.2  0.2		4.1705503158		-1.0
	36179.99999997	11.42601		-0.99743  0.2  0.2		4.1705503158		-1.0
	36209.99999997	11.65803		-1.68357  0.2  0.2		4.1705503158		-1.0
	36239.99999997	12.08086		-1.69992  0.2  0.2		4.1705503158		-1.0
	36269.99999997	12.0751		-1.47151  0.2  0.2		4.1705503158		-1.0
	36299.99999997	11.46392		-1.46945  0.2  0.2		4.1705503158		-1.0
	36329.99999997	10.60228		-0.34715  0.2  0.2		4.1705503158		-1.0
	36359.99999997	9.6491		-1.05074  0.2  0.2		4.1705503158		-1.0
	36389.99999997	9.00871		-1.28497  0.2  0.2		4.1705503158		-1.0
	36419.99999997	8.4094		-1.31858  0.2  0.2		4.1705503158		-1.0
	36449.99999997	7.8616		-1.13488  0.2  0.2		4.1705503158		-1.0
	36479.99999997	7.32002		-0.71806  0.2  0.2		4.1705503158		-1.0
	36509.99999997	6.88215		-0.51714  0.2  0.2		4.1705503158		-1.0
	36539.99999997	6.35707		-0.53745  0.2  0.2		4.1705503158		-1.0
	36569.99999997	5.94466		-0.67643  0.2  0.2		4.1705503158		-1.0
	36599.99999997	6.32591		-1.0653  0.2  0.2		4.1705503158		-1.0
	36629.99999997	6.58902		-1.06794  0.2  0.2		4.1705503158		-1.0
	36659.99999997	6.73964		-0.75562  0.2  0.2		4.1705503158		-1.0
	36689.99999997	7.13709		-0.92378  0.2  0.2		4.1705503158		-1.0
	36719.99999997	7.3773		-1.11579  0.2  0.2		4.1705503158		-1.0
	36749.99999997	8.07121		-1.4942  0.2  0.2		4.1705503158		-1.0
	36779.99999997	8.34038		-1.73906  0.2  0.2		4.1705503158		-1.0
	36809.99999997	8.38877		-1.83489  0.2  0.2		4.1705503158		-1.0
	36839.99999997	8.90575		-1.80034  0.2  0.2		4.1705503158		-1.0
	36869.99999997	9.41137		-1.74457  0.2  0.2		4.1705503158		-1.0
	36899.99999997	9.39003		-1.8783  0.2  0.2		4.1705503158		-1.0
	36929.99999997	8.715		-1.87553  0.2  0.2		4.1705503158		-1.0
	36959.99999997	8.87946		-1.66564  0.2  0.2		4.1705503158		-1.0
	36989.99999997	8.71045		-1.24231  0.2  0.2		4.1705503158		-1.0
	37019.99999997	8.74748		-1.00915  0.2  0.2		4.1705503158		-1.0
	37049.99999997	8.66679		-0.90793  0.2  0.2		4.1705503158		-1.0
	37079.99999997	8.25712		-0.20454  0.2  0.2		4.1705503158		-1.0
	37109.99999997	8.22035		-0.52695  0.2  0.2		4.1705503158		-1.0
	37139.99999997	8.1821		-0.4432  0.2  0.2		4.1705503158		-1.0
	37169.99999997	8.5455		-0.40682  0.2  0.2		4.1705503158		-1.0
	37199.99999997	8.82032		-1.28607  0.2  0.2		4.1705503158		-1.0
	37229.99999997	9.3264		-1.35352  0.2  0.2		4.1705503158		-1.0
	37259.99999997	9.42713		-1.50463  0.2  0.2		4.1705503158		-1.0
	37289.99999997	9.20823		-1.51328  0.2  0.2		4.1705503158		-1.0
	37319.99999997	8.98909		-1.19607  0.2  0.2		4.1705503158		-1.0
	37349.99999997	9.03362		-0.81173  0.2  0.2		4.1705503158		-1.0
	37379.99999997	9.99841		-0.22957  0.2  0.2		4.1705503158		-1.0
	37409.99999997	10.49754		-0.07821  0.2  0.2		4.1705503158		-1.0
	37439.99999997	10.32595		-0.92776  0.2  0.2		4.1705503158		-1.0
	37469.99999997	10.39137		-1.72135  0.2  0.2		4.1705503158		-1.0
	37499.99999997	10.53279		-0.92208  0.2  0.2		4.1705503158		-1.0
	37529.99999997	10.78729		-0.98879  0.2  0.2		4.1705503158		-1.0
	37559.99999997	10.73963		-1.09671  0.2  0.2		4.1705503158		-1.0
	37589.99999997	11.2844		-1.13948  0.2  0.2		4.1705503158		-1.0
	37619.99999997	11.66021		-1.37319  0.2  0.2		4.1705503158		-1.0
