	30.00000000	3.0616		-2.26807  0.2  0.2		4.1705503158		-1.0
	60.00000000	3.09758		-1.98632  0.2  0.2		4.1705503158		-1.0
	90.00000000	3.09477		-2.01449  0.2  0.2		4.1705503158		-1.0
	120.00000000	2.97058		-2.20101  0.2  0.2		4.1705503158		-1.0
	150.00000000	2.90622		-2.49587  0.2  0.2		4.1705503158		-1.0
	180.00000000	2.93066		-2.92505  0.2  0.2		4.1705503158		-1.0
	210.00000000	2.90145		3.08814  0.2  0.2		4.1705503158		-1.0
	240.00000000	2.73153		-3.12295  0.2  0.2		4.1705503158		-1.0
	270.00000000	2.74456		-2.87125  0.2  0.2		4.1705503158		-1.0
	300.00000000	2.83188		-2.64728  0.2  0.2		4.1705503158		-1.0
	330.00000000	3.22428		-2.55673  0.2  0.2		4.1705503158		-1.0
	360.00000000	3.27705		-2.84559  0.2  0.2		4.1705503158		-1.0
	390.00000000	3.09873		2.84734  0.2  0.2		4.1705503158		-1.0
	420.00000000	2.97445		2.61905  0.2  0.2		4.1705503158		-1.0
	450.00000000	2.89069		2.57579  0.2  0.2		4.1705503158		-1.0
	480.00000000	2.78217		2.62302  0.2  0.2		4.1705503158		-1.0
	510.00000000	2.76902		3.05669  0.2  0.2		4.1705503158		-1.0
	540.00000000	2.8707		-2.83756  0.2  0.2		4.1705503158		-1.0
	570.00000000	3.02169		-2.72593  0.2  0.2		4.1705503158		-1.0
	600.00000000	3.0898		-2.90716  0.2  0.2		4.1705503158		-1.0
	630.00000000	2.98977		3.11655  0.2  0.2		4.1705503158		-1.0
	660.00000000	2.69971		2.79611  0.2  0.2		4.1705503158		-1.0
	690.00000000	2.75823		2.46729  0.2  0.2		4.1705503158		-1.0
	720.00000000	2.88379		2.36978  0.2  0.2		4.1705503158		-1.0
	750.00000000	3.10989		2.30354  0.2  0.2		4.1705503158		-1.0
	780.00000000	3.21286		2.14467  0.2  0.2		4.1705503158		-1.0
	810.00000000	3.10389		2.18299  0.2  0.2		4.1705503158		-1.0
	840.00000000	2.87949		2.25316  0.2  0.2		4.1705503158		-1.0
	870.00000000	2.69678		2.3174  0.2  0.2		4.1705503158		-1.0
	900.00000000	3.00416		2.37055  0.2  0.2		4.1705503158		-1.0
	930.00000000	3.19407		2.61717  0.2  0.2		4.1705503158		-1.0
	960.00000000	2.99178		2.70007  0.2  0.2		4.1705503158		-1.0
	990.00000000	2.76325		2.78872  0.2  0.2		4.1705503158		-1.0
	1020.00000000	2.95413		2.92142  0.2  0.2		4.1705503158		-1.0
	1050.00000000	3.27507		3.01294  0.2  0.2		4.1705503158		-1.0
	1080.00000000	2.90419		2.97323  0.2  0.2		4.1705503158		-1.0
	1110.00000000	2.69539		2.93349  0.2  0.2		4.1705503158		-1.0
	1140.00000000	3.18594		3.04463  0.2  0.2		4.1705503158		-1.0
	1170.00000000	2.95318		3.09979  0.2  0.2		4.1705503158		-1.0
	1200.00000000	2.93954		3.05888  0.2  0.2		4.1705503158		-1.0
	1230.00000000	3.0875		2.96929  0.2  0.2		4.1705503158		-1.0
	1260.00000000	2.96361		2.71935  0.2  0.2		4.1705503158		-1.0
	1290.00000000	3.15685		2.58834  0.2  0.2		4.1705503158		-1.0
	1320.00000000	2.61677		2.73687  0.2  0.2		4.1705503158		-1.0
	1350.00000000	3.22692		2.84969  0.2  0.2		4.1705503158		-1.0
	1380.00000000	2.92868		3.05295  0.2  0.2		4.1705503158		-1.0
	1410.00000000	2.83208		-2.78346  0.2  0.2		4.1705503158		-1.0
	1440.00000000	3.06795		-2.58203  0.2  0.2		4.1705503158		-1.0
	1470.00000000	3.06427		-2.4884  0.2  0.2		4.1705503158		-1.0
	1500.00000000	2.92691		-2.52284  0.2  0.2		4.1705503158		-1.0
	1530.00000000	2.82199		-2.44629  0.2  0.2		4.1705503158		-1.0
	1560.00000000	2.68002		-2.29571  0.2  0.2		4.1705503158		-1.0
	1590.00000000	3.08418		-2.35768  0.2  0.2		4.1705503158		-1.0
	1620.00000000	3.03285		-2.4604  0.2  0.2		4.1705503158		-1.0
	1650.00000000	3.16041		-2.37414  0.2  0.2		4.1705503158		-1.0
	1680.00000000	2.96158		-2.16496  0.2  0.2		4.1705503158		-1.0
	1710.00000000	2.92951		-1.9184  0.2  0.2		4.1705503158		-1.0
	1740.00000000	2.88173		-1.79339  0.2  0.2		4.1705503158		-1.0
	1770.00000000	2.86004		-1.39216  0.2  0.2		4.1705503158		-1.0
	1800.00000000	2.87233		-1.58639  0.2  0.2		4.1705503158		-1.0
	1830.00000000	3.09798		-1.62835  0.2  0.2		4.1705503158		-1.0
	1860.00000000	2.95966		-1.46966  0.2  0.2		4.1705503158		-1.0
	1890.00000000	3.0701		-1.77077  0.2  0.2		4.1705503158		-1.0
	1920.00000000	2.84494		-1.74712  0.2  0.2		4.1705503158		-1.0
	1950.00000000	3.13073		-1.38751  0.2  0.2		4.1705503158		-1.0
	1980.00000000	2.94436		-1.10961  0.2  0.2		4.1705503158		-1.0
	2010.00000000	2.95109		-0.92682  0.2  0.2		4.1705503158		-1.0
	2040.00000000	2.84934		-0.90748  0.2  0.2		4.1705503158		-1.0
	2070.00000000	2.97752		-0.78223  0.2  0.2		4.1705503158		-1.0
	2100.00000000	3.03011		-0.57441  0.2  0.2		4.1705503158		-1.0
	2130.00000000	2.88293		-0.45199  0.2  0.2		4.1705503158		-1.0
	2160.00000000	2.76891		-0.46507  0.2  0.2		4.1705503158		-1.0
	2190.00000000	2.81667		-0.76525  0.2  0.2		4.1705503158		-1.0
	2220.00000000	3.00971		-1.08832  0.2  0.2		4.1705503158		-1.0
	2250.00000000	2.92977		-1.2283  0.2  0.2		4.1705503158		-1.0
	2280.00000000	2.82737		-1.08878  0.2  0.2		4.1705503158		-1.0
	2310.00000000	2.90774		-0.796  0.2  0.2		4.1705503158		-1.0
	2340.00000000	3.11829		-0.91067  0.2  0.2		4.1705503158		-1.0
	2370.00000000	2.69279		-1.18768  0.2  0.2		4.1705503158		-1.0
	2400.00000000	3.08812		-1.27959  0.2  0.2		4.1705503158		-1.0
	2430.00000000	2.99635		-1.35432  0.2  0.2		4.1705503158		-1.0
	2460.00000000	2.77689		-0.98114  0.2  0.2		4.1705503158		-1.0
	2490.00000000	3.04285		-0.70859  0.2  0.2		4.1705503158		-1.0
	2520.00000000	3.05849		-0.55879  0.2  0.2		4.1705503158		-1.0
	2550.00000000	2.82971		-0.14136  0.2  0.2		4.1705503158		-1.0
	2580.00000000	2.84535		0.46607  0.2  0.2		4.1705503158		-1.0
	2610.00000000	2.85974		1.00198  0.2  0.2		4.1705503158		-1.0
	2640.00000000	2.87926		1.23754  0.2  0.2		4.1705503158		-1.0
	2670.00000000	3.01916		0.978  0.2  0.2		4.1705503158		-1.0
	2700.00000000	2.9909		1.02062  0.2  0.2		4.1705503158		-1.0
	2730.00000000	2.85281		1.39446  0.2  0.2		4.1705503158		-1.0
	2760.00000000	2.84521		1.74716  0.2  0.2		4.1705503158		-1.0
	2790.00000000	2.99079		1.81756  0.2  0.2		4.1705503158		-1.0
	2820.00000000	3.10263		1.8179  0.2  0.2		4.1705503158		-1.0
	2850.00000000	2.79566		1.97503  0.2  0.2		4.1705503158		-1.0
	2880.00000000	2.79774		2.07144  0.2  0.2		4.1705503158		-1.0
	2910.00000000	3.21116		1.86796  0.2  0.2		4.1705503158		-1.0
	2940.00000000	2.885		1.55999  0.2  0.2		4.1705503158		-1.0
	2970.00000000	2.83247		1.25963  0.2  0.2		4.1705503158		-1.0
	3000.00000000	2.99583		1.44612  0.2  0.2		4.1705503158		-1.0
	3030.00000000	3.07111		1.64992  0.2  0.2		4.1705503158		-1.0
	3060.00000000	2.92873		1.44251  0.2  0.2		4.1705503158		-1.0
	3090.00000000	3.10461		1.29695  0.2  0.2		4.1705503158		-1.0
	3120.00000000	3.0267		1.1976  0.2  0.2		4.1705503158		-1.0
	3150.00000000	2.76975		1.46988  0.2  0.2		4.1705503158		-1.0
	3180.00000000	3.16198		1.19056  0.2  0.2		4.1705503158		-1.0
	3210.00000000	3.12538		0.75195  0.2  0.2		4.1705503158		-1.0
	3240.00000000	2.8617		0.5474  0.2  0.2		4.1705503158		-1.0
	3270.00000000	2.84939		0.42528  0.2  0.2		4.1705503158		-1.0
	3300.00000000	3.00821		0.19365  0.2  0.2		4.1705503158		-1.0
	3330.00000000	3.07068		0.0947  0.2  0.2		4.1705503158		-1.0
	3360.00000000	2.90764		-0.26683  0.2  0.2		4.1705503158		-1.0
	3390.00000000	3.07224		-0.11162  0.2  0.2		4.1705503158		-1.0
	3420.00000000	3.03908		0.31988  0.2  0.2		4.1705503158		-1.0
	3450.00000000	2.87494		0.59042  0.2  0.2		4.1705503158		-1.0
	3480.00000000	2.71715		0.75992  0.2  0.2		4.1705503158		-1.0
	3510.00000000	2.79701		0.81673  0.2  0.2		4.1705503158		-1.0
	3540.00000000	3.07424		0.67646  0.2  0.2		4.1705503158		-1.0
	3570.00000000	3.04834		0.72773  0.2  0.2		4.1705503158		-1.0
	3600.00000000	2.88417		0.75197  0.2  0.2		4.1705503158		-1.0
	3630.00000000	2.94144		0.78412  0.2  0.2		4.1705503158		-1.0
	3660.00000000	2.89227		0.88666  0.2  0.2		4.1705503158		-1.0
	3690.00000000	3.04973		1.29872  0.2  0.2		4.1705503158		-1.0
	3720.00000000	2.90295		1.54721  0.2  0.2		4.1705503158		-1.0
	3750.00000000	3.18286		1.17047  0.2  0.2		4.1705503158		-1.0
	3780.00000000	2.77186		1.06919  0.2  0.2		4.1705503158		-1.0
	3810.00000000	2.8129		1.14222  0.2  0.2		4.1705503158		-1.0
	3840.00000000	2.93112		1.46182  0.2  0.2		4.1705503158		-1.0
	3870.00000000	2.97211		1.65186  0.2  0.2		4.1705503158		-1.0
	3900.00000000	2.60541		1.84443  0.2  0.2		4.1705503158		-1.0
	3930.00000000	2.99338		1.97741  0.2  0.2		4.1705503158		-1.0
	3960.00000000	3.1291		1.95366  0.2  0.2		4.1705503158		-1.0
	3990.00000000	3.02969		2.08558  0.2  0.2		4.1705503158		-1.0
	4020.00000000	2.75771		2.15387  0.2  0.2		4.1705503158		-1.0
	4050.00000000	2.69962		2.1686  0.2  0.2		4.1705503158		-1.0
	4080.00000000	3.20685		2.28483  0.2  0.2		4.1705503158		-1.0
	4110.00000000	2.87975		2.14914  0.2  0.2		4.1705503158		-1.0
	4140.00000000	2.83345		1.87328  0.2  0.2		4.1705503158		-1.0
	4170.00000000	3.01325		1.70502  0.2  0.2		4.1705503158		-1.0
	4200.00000000	2.7962		1.75315  0.2  0.2		4.1705503158		-1.0
	4230.00000000	2.69285		1.71087  0.2  0.2		4.1705503158		-1.0
	4260.00000000	2.8211		1.55885  0.2  0.2		4.1705503158		-1.0
	4290.00000000	2.85814		1.43374  0.2  0.2		4.1705503158		-1.0
	4320.00000000	2.73126		1.35165  0.2  0.2		4.1705503158		-1.0
	4350.00000000	3.15391		1.09308  0.2  0.2		4.1705503158		-1.0
	4380.00000000	2.78859		0.96365  0.2  0.2		4.1705503158		-1.0
	4410.00000000	2.90518		0.60749  0.2  0.2		4.1705503158		-1.0
	4440.00000000	2.80284		0.04784  0.2  0.2		4.1705503158		-1.0
	4470.00000000	2.9435		-0.49044  0.2  0.2		4.1705503158		-1.0
	4500.00000000	2.88903		-0.59105  0.2  0.2		4.1705503158		-1.0
	4530.00000000	2.91807		-0.38875  0.2  0.2		4.1705503158		-1.0
	4560.00000000	3.20921		-0.26298  0.2  0.2		4.1705503158		-1.0
	4590.00000000	2.72664		-0.21203  0.2  0.2		4.1705503158		-1.0
	4620.00000000	2.93816		-0.38013  0.2  0.2		4.1705503158		-1.0
	4650.00000000	2.99746		-0.60187  0.2  0.2		4.1705503158		-1.0
	4680.00000000	3.20714		-0.96237  0.2  0.2		4.1705503158		-1.0
	4710.00000000	2.76677		-1.32064  0.2  0.2		4.1705503158		-1.0
	4740.00000000	2.8588		-1.09832  0.2  0.2		4.1705503158		-1.0
	4770.00000000	2.9248		-0.79686  0.2  0.2		4.1705503158		-1.0
	4800.00000000	2.6611		-0.63808  0.2  0.2		4.1705503158		-1.0
	4830.00000000	3.29381		-0.33424  0.2  0.2		4.1705503158		-1.0
	4860.00000000	2.9045		0.01711  0.2  0.2		4.1705503158		-1.0
	4890.00000000	2.7857		0.14948  0.2  0.2		4.1705503158		-1.0
	4920.00000000	3.17888		0.21101  0.2  0.2		4.1705503158		-1.0
	4950.00000000	2.83107		0.28615  0.2  0.2		4.1705503158		-1.0
	4980.00000000	3.0583		0.41409  0.2  0.2		4.1705503158		-1.0
	5010.00000000	2.83462		0.46517  0.2  0.2		4.1705503158		-1.0
	5040.00000000	2.78163		0.47597  0.2  0.2		4.1705503158		-1.0
	5070.00000000	3.34055		0.35573  0.2  0.2		4.1705503158		-1.0
	5100.00000000	3.30261		0.664  0.2  0.2		4.1705503158		-1.0
	5130.00000000	3.14173		1.02167  0.2  0.2		4.1705503158		-1.0
	5160.00000000	3.36216		1.06913  0.2  0.2		4.1705503158		-1.0
	5190.00000000	3.22343		1.05621  0.2  0.2		4.1705503158		-1.0
	5220.00000000	3.29963		1.30014  0.2  0.2		4.1705503158		-1.0
	5250.00000000	3.26156		1.24214  0.2  0.2		4.1705503158		-1.0
	5280.00000000	2.6266		1.33934  0.2  0.2		4.1705503158		-1.0
	5310.00000000	2.7371		1.29164  0.2  0.2		4.1705503158		-1.0
	5340.00000000	3.13773		1.34183  0.2  0.2		4.1705503158		-1.0
	5370.00000000	3.10081		1.78985  0.2  0.2		4.1705503158		-1.0
	5400.00000000	2.89105		1.80079  0.2  0.2		4.1705503158		-1.0
	5430.00000000	3.47527		1.84596  0.2  0.2		4.1705503158		-1.0
	5460.00000000	2.88221		2.02141  0.2  0.2		4.1705503158		-1.0
	5490.00000000	3.19967		2.13116  0.2  0.2		4.1705503158		-1.0
	5520.00000000	3.21026		1.77624  0.2  0.2		4.1705503158		-1.0
	5550.00000000	3.49312		1.59552  0.2  0.2		4.1705503158		-1.0
	5580.00000000	3.05469		1.73613  0.2  0.2		4.1705503158		-1.0
	5610.00000000	3.48729		2.12269  0.2  0.2		4.1705503158		-1.0
	5640.00000000	2.67235		2.17978  0.2  0.2		4.1705503158		-1.0
	5670.00000000	3.38499		2.20702  0.2  0.2		4.1705503158		-1.0
	5700.00000000	2.8568		2.35889  0.2  0.2		4.1705503158		-1.0
	5730.00000000	2.97879		2.67955  0.2  0.2		4.1705503158		-1.0
	5760.00000000	3.02648		2.46444  0.2  0.2		4.1705503158		-1.0
	5790.00000000	3.21237		2.3195  0.2  0.2		4.1705503158		-1.0
	5820.00000000	3.34144		2.5888  0.2  0.2		4.1705503158		-1.0
	5850.00000000	3.12622		2.82205  0.2  0.2		4.1705503158		-1.0
	5880.00000000	2.84328		2.68116  0.2  0.2		4.1705503158		-1.0
	5910.00000000	3.37128		2.81605  0.2  0.2		4.1705503158		-1.0
	5940.00000000	3.15949		2.75403  0.2  0.2		4.1705503158		-1.0
	5970.00000000	2.85841		3.04534  0.2  0.2		4.1705503158		-1.0
	6000.00000000	3.06631		-2.81399  0.2  0.2		4.1705503158		-1.0
	6030.00000000	3.26923		-2.83207  0.2  0.2		4.1705503158		-1.0
	6060.00000000	2.84101		-3.01381  0.2  0.2		4.1705503158		-1.0
	6090.00000000	3.25041		-2.90873  0.2  0.2		4.1705503158		-1.0
	6120.00000000	3.048		-2.61578  0.2  0.2		4.1705503158		-1.0
	6150.00000000	3.01099		-2.60092  0.2  0.2		4.1705503158		-1.0
	6180.00000000	2.73947		-2.70703  0.2  0.2		4.1705503158		-1.0
	6210.00000000	2.684		-2.71201  0.2  0.2		4.1705503158		-1.0
	6240.00000000	2.9732		-2.8839  0.2  0.2		4.1705503158		-1.0
	6270.00000000	2.8739		3.04892  0.2  0.2		4.1705503158		-1.0
	6300.00000000	2.76049		3.12279  0.2  0.2		4.1705503158		-1.0
	6330.00000000	2.87303		-2.88306  0.2  0.2		4.1705503158		-1.0
	6360.00000000	2.74601		-2.2784  0.2  0.2		4.1705503158		-1.0
	6390.00000000	2.80259		-1.88578  0.2  0.2		4.1705503158		-1.0
	6420.00000000	2.81058		-1.6443  0.2  0.2		4.1705503158		-1.0
	6450.00000000	2.92872		-1.80648  0.2  0.2		4.1705503158		-1.0
	6480.00000000	2.79008		-2.19471  0.2  0.2		4.1705503158		-1.0
	6510.00000000	2.72121		-2.1237  0.2  0.2		4.1705503158		-1.0
	6540.00000000	3.27871		-1.70461  0.2  0.2		4.1705503158		-1.0
	6570.00000000	2.86976		-1.2328  0.2  0.2		4.1705503158		-1.0
	6600.00000000	3.14549		-1.51007  0.2  0.2		4.1705503158		-1.0
	6630.00000000	2.80543		-1.66817  0.2  0.2		4.1705503158		-1.0
	6660.00000000	2.68161		-1.51922  0.2  0.2		4.1705503158		-1.0
	6690.00000000	3.35568		-1.25817  0.2  0.2		4.1705503158		-1.0
	6720.00000000	2.81081		-0.96312  0.2  0.2		4.1705503158		-1.0
	6750.00000000	3.37018		-1.2043  0.2  0.2		4.1705503158		-1.0
	6780.00000000	3.05705		-1.55054  0.2  0.2		4.1705503158		-1.0
	6810.00000000	2.84006		-1.76575  0.2  0.2		4.1705503158		-1.0
	6840.00000000	2.90255		-2.21457  0.2  0.2		4.1705503158		-1.0
	6870.00000000	2.84962		-2.40061  0.2  0.2		4.1705503158		-1.0
	6900.00000000	3.28831		-2.20936  0.2  0.2		4.1705503158		-1.0
	6930.00000000	3.11596		-1.76027  0.2  0.2		4.1705503158		-1.0
	6960.00000000	3.12855		-1.54341  0.2  0.2		4.1705503158		-1.0
	6990.00000000	3.07896		-1.77299  0.2  0.2		4.1705503158		-1.0
	7020.00000000	2.88394		-1.95791  0.2  0.2		4.1705503158		-1.0
	7050.00000000	3.11378		-2.08511  0.2  0.2		4.1705503158		-1.0
	7080.00000000	3.14353		-2.151  0.2  0.2		4.1705503158		-1.0
	7110.00000000	2.83186		-1.89335  0.2  0.2		4.1705503158		-1.0
	7140.00000000	2.86073		-1.58623  0.2  0.2		4.1705503158		-1.0
	7170.00000000	2.81803		-0.94285  0.2  0.2		4.1705503158		-1.0
	7200.00000000	3.31183		-0.76672  0.2  0.2		4.1705503158		-1.0
	7230.00000000	3.2063		-0.87962  0.2  0.2		4.1705503158		-1.0
	7260.00000000	3.08538		-1.16438  0.2  0.2		4.1705503158		-1.0
	7290.00000000	2.73188		-1.41344  0.2  0.2		4.1705503158		-1.0
	7320.00000000	2.62701		-1.01337  0.2  0.2		4.1705503158		-1.0
	7350.00000000	2.6788		-0.96267  0.2  0.2		4.1705503158		-1.0
	7380.00000000	2.98712		-1.19317  0.2  0.2		4.1705503158		-1.0
	7410.00000000	3.25817		-1.0946  0.2  0.2		4.1705503158		-1.0
	7440.00000000	3.10769		-0.75353  0.2  0.2		4.1705503158		-1.0
	7470.00000000	3.07536		-0.41117  0.2  0.2		4.1705503158		-1.0
	7500.00000000	2.97444		0.05187  0.2  0.2		4.1705503158		-1.0
	7530.00000000	3.06505		0.51627  0.2  0.2		4.1705503158		-1.0
	7560.00000000	3.27694		0.75484  0.2  0.2		4.1705503158		-1.0
	7590.00000000	2.65918		0.77244  0.2  0.2		4.1705503158		-1.0
	7620.00000000	3.32995		0.75248  0.2  0.2		4.1705503158		-1.0
	7650.00000000	2.74736		0.63929  0.2  0.2		4.1705503158		-1.0
	7680.00000000	3.16517		0.37321  0.2  0.2		4.1705503158		-1.0
	7710.00000000	2.89256		0.10812  0.2  0.2		4.1705503158		-1.0
	7740.00000000	3.07252		-0.01223  0.2  0.2		4.1705503158		-1.0
	7770.00000000	2.77643		-0.13978  0.2  0.2		4.1705503158		-1.0
	7800.00000000	3.18233		-0.1835  0.2  0.2		4.1705503158		-1.0
	7830.00000000	2.96251		0.02211  0.2  0.2		4.1705503158		-1.0
	7860.00000000	2.80919		0.26295  0.2  0.2		4.1705503158		-1.0
	7890.00000000	2.80323		0.29027  0.2  0.2		4.1705503158		-1.0
	7920.00000000	2.80789		0.17927  0.2  0.2		4.1705503158		-1.0
	7950.00000000	3.39676		-0.01981  0.2  0.2		4.1705503158		-1.0
	7980.00000000	3.23208		0.11775  0.2  0.2		4.1705503158		-1.0
	8010.00000000	2.71762		0.56729  0.2  0.2		4.1705503158		-1.0
	8040.00000000	3.21249		1.01527  0.2  0.2		4.1705503158		-1.0
	8070.00000000	2.94621		1.03374  0.2  0.2		4.1705503158		-1.0
	8100.00000000	3.19213		0.69627  0.2  0.2		4.1705503158		-1.0
	8130.00000000	3.47649		0.26571  0.2  0.2		4.1705503158		-1.0
	8160.00000000	2.77766		0.2998  0.2  0.2		4.1705503158		-1.0
	8190.00000000	3.01783		0.80929  0.2  0.2		4.1705503158		-1.0
	8220.00000000	2.83835		1.09032  0.2  0.2		4.1705503158		-1.0
	8250.00000000	2.86604		1.0207  0.2  0.2		4.1705503158		-1.0
	8280.00000000	3.10562		0.93516  0.2  0.2		4.1705503158		-1.0
	8310.00000000	3.21789		1.06246  0.2  0.2		4.1705503158		-1.0
	8340.00000000	2.84523		1.30739  0.2  0.2		4.1705503158		-1.0
	8370.00000000	3.25809		1.38972  0.2  0.2		4.1705503158		-1.0
	8400.00000000	2.80882		1.518  0.2  0.2		4.1705503158		-1.0
	8430.00000000	3.53972		1.48152  0.2  0.2		4.1705503158		-1.0
	8460.00000000	3.49809		1.58388  0.2  0.2		4.1705503158		-1.0
	8490.00000000	3.19596		1.48828  0.2  0.2		4.1705503158		-1.0
	8520.00000000	3.35424		1.38312  0.2  0.2		4.1705503158		-1.0
	8550.00000000	3.22629		1.38559  0.2  0.2		4.1705503158		-1.0
	8580.00000000	3.44845		1.40481  0.2  0.2		4.1705503158		-1.0
	8610.00000000	3.24822		1.56861  0.2  0.2		4.1705503158		-1.0
	8640.00000000	3.12805		1.8633  0.2  0.2		4.1705503158		-1.0
	8670.00000000	2.76531		2.05959  0.2  0.2		4.1705503158		-1.0
	8700.00000000	3.06399		2.13616  0.2  0.2		4.1705503158		-1.0
	8730.00000000	3.39587		2.22818  0.2  0.2		4.1705503158		-1.0
	8760.00000000	2.73963		2.24947  0.2  0.2		4.1705503158		-1.0
	8790.00000000	3.12826		2.42151  0.2  0.2		4.1705503158		-1.0
	8820.00000000	3.1845		2.65569  0.2  0.2		4.1705503158		-1.0
	8850.00000000	3.35725		2.80262  0.2  0.2		4.1705503158		-1.0
	8880.00000000	3.32504		2.64282  0.2  0.2		4.1705503158		-1.0
	8910.00000000	2.65189		2.39846  0.2  0.2		4.1705503158		-1.0
	8940.00000000	2.84926		2.28633  0.2  0.2		4.1705503158		-1.0
	8970.00000000	2.91007		2.54195  0.2  0.2		4.1705503158		-1.0
	9000.00000000	2.85257		2.82186  0.2  0.2		4.1705503158		-1.0
	9030.00000000	3.47605		2.97151  0.2  0.2		4.1705503158		-1.0
	9060.00000000	3.00832		-3.0507  0.2  0.2		4.1705503158		-1.0
	9090.00000000	2.66676		-2.82463  0.2  0.2		4.1705503158		-1.0
	9120.00000000	3.1903		-2.7853  0.2  0.2		4.1705503158		-1.0
	9150.00000000	3.23049		-3.08457  0.2  0.2		4.1705503158		-1.0
	9180.00000000	3.46583		-3.06173  0.2  0.2		4.1705503158		-1.0
	9210.00000000	3.09322		-3.07384  0.2  0.2		4.1705503158		-1.0
	9240.00000000	3.40946		-2.83567  0.2  0.2		4.1705503158		-1.0
	9270.00000000	3.11082		-2.83223  0.2  0.2		4.1705503158		-1.0
	9300.00000000	2.8842		-2.78472  0.2  0.2		4.1705503158		-1.0
	9330.00000000	2.5664		-2.93322  0.2  0.2		4.1705503158		-1.0
	9360.00000000	3.08237		-2.94391  0.2  0.2		4.1705503158		-1.0
	9390.00000000	2.65684		-2.96939  0.2  0.2		4.1705503158		-1.0
	9420.00000000	2.69048		-2.8892  0.2  0.2		4.1705503158		-1.0
	9450.00000000	2.94442		-3.05689  0.2  0.2		4.1705503158		-1.0
	9480.00000000	2.8222		-2.95448  0.2  0.2		4.1705503158		-1.0
	9510.00000000	2.77681		-2.80961  0.2  0.2		4.1705503158		-1.0
	9540.00000000	2.83071		-2.33535  0.2  0.2		4.1705503158		-1.0
	9570.00000000	2.97766		-2.32327  0.2  0.2		4.1705503158		-1.0
	9600.00000000	3.54151		-2.42853  0.2  0.2		4.1705503158		-1.0
	9630.00000000	3.31457		-2.46277  0.2  0.2		4.1705503158		-1.0
	9660.00000000	3.21893		-2.41143  0.2  0.2		4.1705503158		-1.0
	9690.00000000	3.35769		-2.22445  0.2  0.2		4.1705503158		-1.0
	9720.00000000	3.18765		-2.05264  0.2  0.2		4.1705503158		-1.0
	9750.00000000	3.39534		-2.03948  0.2  0.2		4.1705503158		-1.0
	9780.00000000	3.29063		-1.92517  0.2  0.2		4.1705503158		-1.0
	9810.00000000	3.13304		-1.70908  0.2  0.2		4.1705503158		-1.0
	9840.00000000	2.66111		-1.6742  0.2  0.2		4.1705503158		-1.0
	9870.00000000	3.65452		-1.6854  0.2  0.2		4.1705503158		-1.0
	9900.00000000	3.19574		-1.58381  0.2  0.2		4.1705503158		-1.0
	9930.00000000	3.23417		-1.19108  0.2  0.2		4.1705503158		-1.0
	9960.00000000	3.32723		-1.14681  0.2  0.2		4.1705503158		-1.0
	9990.00000000	3.35992		-1.23666  0.2  0.2		4.1705503158		-1.0
	10020.00000000	2.70773		-1.28645  0.2  0.2		4.1705503158		-1.0
	10050.00000000	3.25238		-1.04371  0.2  0.2		4.1705503158		-1.0
	10080.00000000	2.66966		-0.43278  0.2  0.2		4.1705503158		-1.0
	10110.00000000	3.33117		0.17376  0.2  0.2		4.1705503158		-1.0
	10140.00000000	2.81604		0.61324  0.2  0.2		4.1705503158		-1.0
	10170.00000000	2.71254		1.02986  0.2  0.2		4.1705503158		-1.0
	10200.00000000	2.65734		0.9692  0.2  0.2		4.1705503158		-1.0
	10230.00000000	2.63926		0.90325  0.2  0.2		4.1705503158		-1.0
	10260.00000000	2.88756		1.23439  0.2  0.2		4.1705503158		-1.0
	10290.00000000	2.92728		1.31066  0.2  0.2		4.1705503158		-1.0
	10320.00000000	3.74609		1.25902  0.2  0.2		4.1705503158		-1.0
	10350.00000000	3.3198		1.21283  0.2  0.2		4.1705503158		-1.0
	10380.00000000	3.49275		1.02  0.2  0.2		4.1705503158		-1.0
	10410.00000000	3.62055		1.0165  0.2  0.2		4.1705503158		-1.0
	10440.00000000	3.48263		0.89575  0.2  0.2		4.1705503158		-1.0
	10470.00000000	3.13786		0.80207  0.2  0.2		4.1705503158		-1.0
	10500.00000000	2.64786		0.63757  0.2  0.2		4.1705503158		-1.0
	10530.00000000	2.83108		0.44863  0.2  0.2		4.1705503158		-1.0
	10560.00000000	2.84495		0.08606  0.2  0.2		4.1705503158		-1.0
	10590.00000000	3.03897		-0.50157  0.2  0.2		4.1705503158		-1.0
	10620.00000000	3.32926		-0.81806  0.2  0.2		4.1705503158		-1.0
	10650.00000000	2.75005		-0.70324  0.2  0.2		4.1705503158		-1.0
	10680.00000000	3.1356		-0.4359  0.2  0.2		4.1705503158		-1.0
	10710.00000000	2.92149		-0.1881  0.2  0.2		4.1705503158		-1.0
	10740.00000000	2.92167		-0.36755  0.2  0.2		4.1705503158		-1.0
	10770.00000000	3.45624		-0.6407  0.2  0.2		4.1705503158		-1.0
	10800.00000000	3.27518		-0.53993  0.2  0.2		4.1705503158		-1.0
	10830.00000001	3.27615		-0.19558  0.2  0.2		4.1705503158		-1.0
	10860.00000001	3.30663		-0.12575  0.2  0.2		4.1705503158		-1.0
	10890.00000001	3.29008		-0.19656  0.2  0.2		4.1705503158		-1.0
	10920.00000001	2.99373		-0.32971  0.2  0.2		4.1705503158		-1.0
	10950.00000001	2.99987		-0.443  0.2  0.2		4.1705503158		-1.0
	10980.00000001	2.60663		-0.92761  0.2  0.2		4.1705503158		-1.0
	11010.00000001	2.72832		-1.443  0.2  0.2		4.1705503158		-1.0
	11040.00000001	2.74364		-1.88076  0.2  0.2		4.1705503158		-1.0
	11070.00000001	2.71476		-2.07975  0.2  0.2		4.1705503158		-1.0
	11100.00000001	2.67688		-1.99777  0.2  0.2		4.1705503158		-1.0
	11130.00000001	2.67418		-1.64137  0.2  0.2		4.1705503158		-1.0
	11160.00000001	2.72839		-1.02083  0.2  0.2		4.1705503158		-1.0
	11190.00000001	2.60508		-0.46131  0.2  0.2		4.1705503158		-1.0
	11220.00000001	2.66795		-0.11292  0.2  0.2		4.1705503158		-1.0
	11250.00000001	2.68393		-0.04707  0.2  0.2		4.1705503158		-1.0
	11280.00000001	3.09666		-0.20611  0.2  0.2		4.1705503158		-1.0
	11310.00000001	2.90436		-0.17029  0.2  0.2		4.1705503158		-1.0
	11340.00000001	2.75327		0.08432  0.2  0.2		4.1705503158		-1.0
	11370.00000001	2.86096		0.4316  0.2  0.2		4.1705503158		-1.0
	11400.00000001	3.6442		0.54575  0.2  0.2		4.1705503158		-1.0
	11430.00000001	3.12567		0.5979  0.2  0.2		4.1705503158		-1.0
	11460.00000001	3.15383		0.38205  0.2  0.2		4.1705503158		-1.0
	11490.00000001	3.50998		0.43388  0.2  0.2		4.1705503158		-1.0
	11520.00000001	3.29294		0.6975  0.2  0.2		4.1705503158		-1.0
	11550.00000001	3.42639		0.78148  0.2  0.2		4.1705503158		-1.0
	11580.00000001	3.52161		0.90006  0.2  0.2		4.1705503158		-1.0
	11610.00000001	3.48695		1.26983  0.2  0.2		4.1705503158		-1.0
	11640.00000001	3.19831		1.88672  0.2  0.2		4.1705503158		-1.0
	11670.00000001	3.51394		1.90555  0.2  0.2		4.1705503158		-1.0
	11700.00000001	3.24381		1.76617  0.2  0.2		4.1705503158		-1.0
	11730.00000001	3.3981		1.86469  0.2  0.2		4.1705503158		-1.0
	11760.00000001	3.39402		1.72953  0.2  0.2		4.1705503158		-1.0
	11790.00000001	3.41346		1.82791  0.2  0.2		4.1705503158		-1.0
	11820.00000001	3.50743		2.05763  0.2  0.2		4.1705503158		-1.0
	11850.00000001	2.94776		2.27596  0.2  0.2		4.1705503158		-1.0
	11880.00000001	2.88801		2.46515  0.2  0.2		4.1705503158		-1.0
	11910.00000001	2.70083		2.55458  0.2  0.2		4.1705503158		-1.0
	11940.00000001	2.611		2.80095  0.2  0.2		4.1705503158		-1.0
	11970.00000001	3.14869		2.93825  0.2  0.2		4.1705503158		-1.0
	12000.00000001	3.57811		2.7437  0.2  0.2		4.1705503158		-1.0
	12030.00000001	3.48406		2.4467  0.2  0.2		4.1705503158		-1.0
	12060.00000001	3.44564		2.3475  0.2  0.2		4.1705503158		-1.0
	12090.00000001	3.35212		2.45519  0.2  0.2		4.1705503158		-1.0
	12120.00000001	2.67099		2.50656  0.2  0.2		4.1705503158		-1.0
	12150.00000001	2.92166		2.76457  0.2  0.2		4.1705503158		-1.0
	12180.00000001	2.75078		2.82669  0.2  0.2		4.1705503158		-1.0
	12210.00000001	2.77186		2.5985  0.2  0.2		4.1705503158		-1.0
	12240.00000001	2.76306		2.35578  0.2  0.2		4.1705503158		-1.0
	12270.00000001	2.73198		2.4361  0.2  0.2		4.1705503158		-1.0
	12300.00000001	3.13492		2.76349  0.2  0.2		4.1705503158		-1.0
	12330.00000001	3.35669		2.96419  0.2  0.2		4.1705503158		-1.0
	12360.00000001	3.32553		-2.91375  0.2  0.2		4.1705503158		-1.0
	12390.00000001	2.58015		-2.49075  0.2  0.2		4.1705503158		-1.0
	12420.00000001	3.15618		-2.38403  0.2  0.2		4.1705503158		-1.0
	12450.00000001	2.7676		-2.13718  0.2  0.2		4.1705503158		-1.0
	12480.00000001	3.00182		-1.9019  0.2  0.2		4.1705503158		-1.0
	12510.00000001	2.78353		-2.09202  0.2  0.2		4.1705503158		-1.0
	12540.00000001	2.53916		-2.49035  0.2  0.2		4.1705503158		-1.0
	12570.00000001	3.51834		-2.71678  0.2  0.2		4.1705503158		-1.0
	12600.00000001	3.57241		-2.87211  0.2  0.2		4.1705503158		-1.0
	12630.00000001	2.95794		-2.81065  0.2  0.2		4.1705503158		-1.0
	12660.00000001	2.90688		-2.86337  0.2  0.2		4.1705503158		-1.0
	12690.00000001	2.74474		-2.66709  0.2  0.2		4.1705503158		-1.0
	12720.00000001	2.73993		-2.69306  0.2  0.2		4.1705503158		-1.0
	12750.00000001	3.43304		-2.57046  0.2  0.2		4.1705503158		-1.0
	12780.00000001	3.1858		-2.2536  0.2  0.2		4.1705503158		-1.0
	12810.00000001	3.53331		-2.29666  0.2  0.2		4.1705503158		-1.0
	12840.00000001	2.88861		-2.51161  0.2  0.2		4.1705503158		-1.0
	12870.00000001	2.73289		-2.57739  0.2  0.2		4.1705503158		-1.0
	12900.00000001	2.80165		-2.43285  0.2  0.2		4.1705503158		-1.0
	12930.00000001	2.85723		-2.16264  0.2  0.2		4.1705503158		-1.0
	12960.00000001	2.69366		-2.06061  0.2  0.2		4.1705503158		-1.0
	12990.00000001	3.41532		-1.97402  0.2  0.2		4.1705503158		-1.0
	13020.00000001	3.25004		-1.8127  0.2  0.2		4.1705503158		-1.0
	13050.00000001	3.25416		-1.6646  0.2  0.2		4.1705503158		-1.0
	13080.00000001	3.24007		-1.51713  0.2  0.2		4.1705503158		-1.0
	13110.00000001	3.02375		-1.47476  0.2  0.2		4.1705503158		-1.0
	13140.00000001	3.71287		-1.37404  0.2  0.2		4.1705503158		-1.0
	13170.00000001	2.62546		-1.44486  0.2  0.2		4.1705503158		-1.0
	13200.00000001	3.91318		-1.3015  0.2  0.2		4.1705503158		-1.0
	13230.00000001	2.93263		-1.22967  0.2  0.2		4.1705503158		-1.0
	13260.00000001	3.23859		-1.00192  0.2  0.2		4.1705503158		-1.0
	13290.00000001	3.40846		-0.94085  0.2  0.2		4.1705503158		-1.0
	13320.00000001	3.33165		-0.74405  0.2  0.2		4.1705503158		-1.0
	13350.00000001	3.27367		-0.72581  0.2  0.2		4.1705503158		-1.0
	13380.00000001	2.90843		-0.96381  0.2  0.2		4.1705503158		-1.0
	13410.00000001	4.37273		-1.03862  0.2  0.2		4.1705503158		-1.0
	13440.00000001	4.60546		-1.19447  0.2  0.2		4.1705503158		-1.0
	13470.00000001	3.65755		-1.22864  0.2  0.2		4.1705503158		-1.0
	13500.00000001	3.1068		-1.22381  0.2  0.2		4.1705503158		-1.0
	13530.00000001	3.39433		-1.26524  0.2  0.2		4.1705503158		-1.0
	13560.00000001	2.82243		-1.1382  0.2  0.2		4.1705503158		-1.0
	13590.00000001	3.30245		-1.0716  0.2  0.2		4.1705503158		-1.0
	13620.00000001	3.02727		-0.99373  0.2  0.2		4.1705503158		-1.0
	13650.00000001	2.72311		-0.59126  0.2  0.2		4.1705503158		-1.0
	13680.00000001	2.85395		-0.38157  0.2  0.2		4.1705503158		-1.0
	13710.00000001	2.80746		-0.52774  0.2  0.2		4.1705503158		-1.0
	13740.00000001	2.83767		-0.71608  0.2  0.2		4.1705503158		-1.0
	13770.00000001	2.75206		-1.08983  0.2  0.2		4.1705503158		-1.0
	13800.00000001	2.74517		-1.02342  0.2  0.2		4.1705503158		-1.0
	13830.00000001	2.81972		-0.76291  0.2  0.2		4.1705503158		-1.0
	13860.00000001	2.8498		-0.331  0.2  0.2		4.1705503158		-1.0
	13890.00000001	2.84266		-0.13353  0.2  0.2		4.1705503158		-1.0
	13920.00000001	2.79408		-0.00981  0.2  0.2		4.1705503158		-1.0
	13950.00000001	2.6072		0.37694  0.2  0.2		4.1705503158		-1.0
	13980.00000001	3.23536		0.88646  0.2  0.2		4.1705503158		-1.0
	14010.00000001	2.68276		1.04319  0.2  0.2		4.1705503158		-1.0
	14040.00000001	3.00979		0.93298  0.2  0.2		4.1705503158		-1.0
	14070.00000001	2.96635		0.86394  0.2  0.2		4.1705503158		-1.0
	14100.00000001	2.69452		0.76827  0.2  0.2		4.1705503158		-1.0
	14130.00000001	2.65298		0.77299  0.2  0.2		4.1705503158		-1.0
	14160.00000001	2.71939		1.04512  0.2  0.2		4.1705503158		-1.0
	14190.00000001	2.68321		1.53575  0.2  0.2		4.1705503158		-1.0
	14220.00000001	2.62385		1.79959  0.2  0.2		4.1705503158		-1.0
	14250.00000000	2.75906		1.86454  0.2  0.2		4.1705503158		-1.0
	14280.00000000	3.04364		1.97139  0.2  0.2		4.1705503158		-1.0
	14310.00000000	3.12863		2.47494  0.2  0.2		4.1705503158		-1.0
	14340.00000000	3.07276		2.717  0.2  0.2		4.1705503158		-1.0
	14370.00000000	3.37887		2.35805  0.2  0.2		4.1705503158		-1.0
	14400.00000000	3.55699		2.30009  0.2  0.2		4.1705503158		-1.0
	14430.00000000	2.75135		2.36961  0.2  0.2		4.1705503158		-1.0
	14460.00000000	2.96397		2.01218  0.2  0.2		4.1705503158		-1.0
	14490.00000000	2.95931		1.63577  0.2  0.2		4.1705503158		-1.0
	14520.00000000	3.1774		1.50629  0.2  0.2		4.1705503158		-1.0
	14550.00000000	2.53181		1.90701  0.2  0.2		4.1705503158		-1.0
	14580.00000000	3.16077		2.10579  0.2  0.2		4.1705503158		-1.0
	14610.00000000	2.85554		2.09992  0.2  0.2		4.1705503158		-1.0
	14640.00000000	3.01891		1.89851  0.2  0.2		4.1705503158		-1.0
	14670.00000000	2.9824		1.73184  0.2  0.2		4.1705503158		-1.0
	14700.00000000	2.97599		2.11099  0.2  0.2		4.1705503158		-1.0
	14730.00000000	3.73173		2.35434  0.2  0.2		4.1705503158		-1.0
	14760.00000000	3.36413		2.1003  0.2  0.2		4.1705503158		-1.0
	14790.00000000	3.89292		1.67157  0.2  0.2		4.1705503158		-1.0
	14820.00000000	3.0314		1.77243  0.2  0.2		4.1705503158		-1.0
	14850.00000000	2.82527		1.51858  0.2  0.2		4.1705503158		-1.0
	14880.00000000	2.66034		1.41676  0.2  0.2		4.1705503158		-1.0
	14910.00000000	2.67515		1.38373  0.2  0.2		4.1705503158		-1.0
	14940.00000000	2.75152		1.08562  0.2  0.2		4.1705503158		-1.0
	14970.00000000	2.75822		0.76703  0.2  0.2		4.1705503158		-1.0
	15000.00000000	2.64036		0.99498  0.2  0.2		4.1705503158		-1.0
	15030.00000000	2.61272		1.55465  0.2  0.2		4.1705503158		-1.0
	15060.00000000	2.64564		1.6736  0.2  0.2		4.1705503158		-1.0
	15090.00000000	2.65178		1.75997  0.2  0.2		4.1705503158		-1.0
	15120.00000000	2.76857		2.06499  0.2  0.2		4.1705503158		-1.0
	15150.00000000	2.66045		2.25799  0.2  0.2		4.1705503158		-1.0
	15180.00000000	2.64309		2.22973  0.2  0.2		4.1705503158		-1.0
	15210.00000000	2.65541		2.07914  0.2  0.2		4.1705503158		-1.0
	15240.00000000	2.78443		1.94265  0.2  0.2		4.1705503158		-1.0
	15270.00000000	2.6991		1.72873  0.2  0.2		4.1705503158		-1.0
	15300.00000000	2.67386		1.81166  0.2  0.2		4.1705503158		-1.0
	15330.00000000	2.59132		1.84551  0.2  0.2		4.1705503158		-1.0
	15360.00000000	3.49926		1.45541  0.2  0.2		4.1705503158		-1.0
	15390.00000000	3.67507		1.21496  0.2  0.2		4.1705503158		-1.0
	15420.00000000	3.64521		0.94168  0.2  0.2		4.1705503158		-1.0
	15450.00000000	3.40977		0.56215  0.2  0.2		4.1705503158		-1.0
	15480.00000000	3.27904		0.39713  0.2  0.2		4.1705503158		-1.0
	15510.00000000	3.22078		0.42445  0.2  0.2		4.1705503158		-1.0
	15540.00000000	3.23429		0.3046  0.2  0.2		4.1705503158		-1.0
	15570.00000000	3.37924		0.03497  0.2  0.2		4.1705503158		-1.0
	15600.00000000	3.43168		-0.13324  0.2  0.2		4.1705503158		-1.0
	15630.00000000	3.30826		-0.38702  0.2  0.2		4.1705503158		-1.0
	15660.00000000	3.52458		-0.68456  0.2  0.2		4.1705503158		-1.0
	15690.00000000	2.63777		-0.43883  0.2  0.2		4.1705503158		-1.0
	15720.00000000	2.70076		-0.60705  0.2  0.2		4.1705503158		-1.0
	15750.00000000	2.81544		-0.94668  0.2  0.2		4.1705503158		-1.0
	15780.00000000	2.79146		-1.49338  0.2  0.2		4.1705503158		-1.0
	15810.00000000	2.7826		-1.41243  0.2  0.2		4.1705503158		-1.0
	15840.00000000	2.59072		-1.17841  0.2  0.2		4.1705503158		-1.0
	15870.00000000	2.82378		-0.83692  0.2  0.2		4.1705503158		-1.0
	15900.00000000	3.48759		-0.72625  0.2  0.2		4.1705503158		-1.0
	15930.00000000	3.36948		-0.96237  0.2  0.2		4.1705503158		-1.0
	15960.00000000	3.57045		-1.28088  0.2  0.2		4.1705503158		-1.0
	15990.00000000	2.71484		-1.65006  0.2  0.2		4.1705503158		-1.0
	16020.00000000	3.01338		-1.80683  0.2  0.2		4.1705503158		-1.0
	16050.00000000	3.78139		-1.59899  0.2  0.2		4.1705503158		-1.0
	16080.00000000	3.49034		-1.66144  0.2  0.2		4.1705503158		-1.0
	16110.00000000	3.19483		-1.71782  0.2  0.2		4.1705503158		-1.0
	16140.00000000	3.54122		-1.71646  0.2  0.2		4.1705503158		-1.0
	16170.00000000	3.31486		-1.36224  0.2  0.2		4.1705503158		-1.0
	16200.00000000	3.50656		-1.42971  0.2  0.2		4.1705503158		-1.0
	16230.00000000	3.23086		-1.89228  0.2  0.2		4.1705503158		-1.0
	16260.00000000	3.44211		-2.12737  0.2  0.2		4.1705503158		-1.0
	16290.00000000	3.56826		-2.09618  0.2  0.2		4.1705503158		-1.0
	16320.00000000	3.25766		-1.82319  0.2  0.2		4.1705503158		-1.0
	16350.00000000	3.65454		-1.72365  0.2  0.2		4.1705503158		-1.0
	16380.00000000	2.98098		-1.94487  0.2  0.2		4.1705503158		-1.0
	16410.00000000	2.92507		-2.14078  0.2  0.2		4.1705503158		-1.0
	16440.00000000	3.76511		-2.3153  0.2  0.2		4.1705503158		-1.0
	16470.00000000	3.14041		-2.39121  0.2  0.2		4.1705503158		-1.0
	16500.00000000	3.38339		-2.4342  0.2  0.2		4.1705503158		-1.0
	16530.00000000	3.68476		-2.52033  0.2  0.2		4.1705503158		-1.0
	16560.00000000	3.12283		-2.1905  0.2  0.2		4.1705503158		-1.0
	16590.00000000	3.64018		-2.1022  0.2  0.2		4.1705503158		-1.0
	16620.00000000	3.54195		-2.08871  0.2  0.2		4.1705503158		-1.0
	16650.00000000	3.19413		-2.21549  0.2  0.2		4.1705503158		-1.0
	16680.00000000	3.5832		-2.46733  0.2  0.2		4.1705503158		-1.0
	16710.00000000	3.14626		-2.46966  0.2  0.2		4.1705503158		-1.0
	16740.00000000	2.77756		-2.41998  0.2  0.2		4.1705503158		-1.0
	16770.00000000	2.64162		-2.25429  0.2  0.2		4.1705503158		-1.0
	16800.00000000	2.77499		-1.9479  0.2  0.2		4.1705503158		-1.0
	16830.00000000	2.96506		-1.75268  0.2  0.2		4.1705503158		-1.0
	16860.00000000	3.66301		-2.09121  0.2  0.2		4.1705503158		-1.0
	16890.00000000	3.75049		-2.25024  0.2  0.2		4.1705503158		-1.0
	16920.00000000	3.0693		-2.23285  0.2  0.2		4.1705503158		-1.0
	16950.00000000	3.78352		-2.28077  0.2  0.2		4.1705503158		-1.0
	16980.00000000	4.4064		-2.24068  0.2  0.2		4.1705503158		-1.0
	17010.00000000	3.70721		-2.15429  0.2  0.2		4.1705503158		-1.0
	17040.00000000	2.53005		-2.15328  0.2  0.2		4.1705503158		-1.0
	17070.00000000	3.13251		-2.3913  0.2  0.2		4.1705503158		-1.0
	17100.00000000	3.45992		-2.7159  0.2  0.2		4.1705503158		-1.0
	17130.00000000	3.32866		-2.67377  0.2  0.2		4.1705503158		-1.0
	17160.00000000	3.58664		-2.69589  0.2  0.2		4.1705503158		-1.0
	17190.00000000	3.16795		-3.11062  0.2  0.2		4.1705503158		-1.0
	17220.00000000	3.556		-3.14089  0.2  0.2		4.1705503158		-1.0
	17250.00000000	3.18264		-2.87187  0.2  0.2		4.1705503158		-1.0
	17280.00000000	3.56178		-2.73624  0.2  0.2		4.1705503158		-1.0
	17310.00000000	3.85759		-3.00494  0.2  0.2		4.1705503158		-1.0
	17340.00000000	2.50247		2.8894  0.2  0.2		4.1705503158		-1.0
	17370.00000000	4.16529		2.87218  0.2  0.2		4.1705503158		-1.0
	17400.00000000	4.4294		2.92629  0.2  0.2		4.1705503158		-1.0
	17430.00000000	3.41555		2.96938  0.2  0.2		4.1705503158		-1.0
	17460.00000000	2.78135		3.04866  0.2  0.2		4.1705503158		-1.0
	17490.00000000	2.82373		2.84566  0.2  0.2		4.1705503158		-1.0
	17520.00000000	2.64448		2.69544  0.2  0.2		4.1705503158		-1.0
	17550.00000000	2.60573		2.91236  0.2  0.2		4.1705503158		-1.0
	17580.00000000	2.58708		-3.10054  0.2  0.2		4.1705503158		-1.0
	17610.00000000	2.62331		-2.86812  0.2  0.2		4.1705503158		-1.0
	17640.00000000	2.66428		2.9915  0.2  0.2		4.1705503158		-1.0
	17670.00000000	2.66443		2.78328  0.2  0.2		4.1705503158		-1.0
	17700.00000000	2.75394		2.71791  0.2  0.2		4.1705503158		-1.0
	17730.00000000	2.77369		3.14134  0.2  0.2		4.1705503158		-1.0
	17760.00000000	2.97851		-2.84812  0.2  0.2		4.1705503158		-1.0
	17790.00000000	3.18884		-2.77125  0.2  0.2		4.1705503158		-1.0
	17820.00000000	2.88333		-2.43242  0.2  0.2		4.1705503158		-1.0
	17850.00000000	2.81084		-2.66153  0.2  0.2		4.1705503158		-1.0
	17880.00000000	2.94115		-3.08078  0.2  0.2		4.1705503158		-1.0
	17910.00000000	2.83517		-3.00654  0.2  0.2		4.1705503158		-1.0
	17940.00000000	3.4669		-3.11918  0.2  0.2		4.1705503158		-1.0
	17970.00000000	2.76642		2.89076  0.2  0.2		4.1705503158		-1.0
	18000.00000000	2.76056		3.00454  0.2  0.2		4.1705503158		-1.0
	18030.00000000	2.64777		-3.10504  0.2  0.2		4.1705503158		-1.0
	18060.00000000	2.57842		-2.78397  0.2  0.2		4.1705503158		-1.0
	18090.00000000	2.60266		-2.59451  0.2  0.2		4.1705503158		-1.0
	18120.00000000	2.67477		-2.5397  0.2  0.2		4.1705503158		-1.0
	18150.00000000	2.58941		-2.99164  0.2  0.2		4.1705503158		-1.0
	18180.00000000	2.73105		2.86019  0.2  0.2		4.1705503158		-1.0
	18210.00000000	3.40009		2.8062  0.2  0.2		4.1705503158		-1.0
	18240.00000000	3.30272		2.76988  0.2  0.2		4.1705503158		-1.0
	18270.00000000	3.46753		3.03155  0.2  0.2		4.1705503158		-1.0
	18300.00000000	3.22973		-2.9607  0.2  0.2		4.1705503158		-1.0
	18330.00000000	3.32732		-2.96036  0.2  0.2		4.1705503158		-1.0
	18360.00000000	3.12883		2.8051  0.2  0.2		4.1705503158		-1.0
	18390.00000000	3.40352		2.4264  0.2  0.2		4.1705503158		-1.0
	18420.00000000	3.03195		2.25908  0.2  0.2		4.1705503158		-1.0
	18450.00000000	3.04891		2.43967  0.2  0.2		4.1705503158		-1.0
	18480.00000000	2.96417		2.53632  0.2  0.2		4.1705503158		-1.0
	18510.00000000	3.60189		2.63138  0.2  0.2		4.1705503158		-1.0
	18540.00000000	3.5207		2.64199  0.2  0.2		4.1705503158		-1.0
	18570.00000000	3.68858		2.76181  0.2  0.2		4.1705503158		-1.0
	18600.00000000	3.61157		3.03671  0.2  0.2		4.1705503158		-1.0
	18630.00000000	2.99593		-3.03949  0.2  0.2		4.1705503158		-1.0
	18660.00000000	3.64642		-3.04191  0.2  0.2		4.1705503158		-1.0
	18690.00000000	3.6401		3.00229  0.2  0.2		4.1705503158		-1.0
	18720.00000000	3.62567		2.83048  0.2  0.2		4.1705503158		-1.0
	18750.00000000	3.9995		2.96257  0.2  0.2		4.1705503158		-1.0
	18780.00000000	3.0512		-3.14139  0.2  0.2		4.1705503158		-1.0
	18810.00000000	4.10479		-2.94298  0.2  0.2		4.1705503158		-1.0
	18840.00000000	3.97924		-2.91738  0.2  0.2		4.1705503158		-1.0
	18870.00000000	3.21566		-3.05899  0.2  0.2		4.1705503158		-1.0
	18900.00000000	3.8084		3.00027  0.2  0.2		4.1705503158		-1.0
	18930.00000000	3.86559		2.90985  0.2  0.2		4.1705503158		-1.0
	18960.00000000	3.81542		2.89348  0.2  0.2		4.1705503158		-1.0
	18990.00000000	3.81059		-3.13268  0.2  0.2		4.1705503158		-1.0
	19020.00000000	3.43057		-2.71712  0.2  0.2		4.1705503158		-1.0
	19050.00000000	3.39836		-2.6395  0.2  0.2		4.1705503158		-1.0
	19080.00000000	3.68696		-2.48592  0.2  0.2		4.1705503158		-1.0
	19110.00000000	3.27953		-2.46681  0.2  0.2		4.1705503158		-1.0
	19140.00000000	3.16551		-2.62126  0.2  0.2		4.1705503158		-1.0
	19170.00000000	3.62499		-2.76932  0.2  0.2		4.1705503158		-1.0
	19200.00000000	3.92832		-2.72523  0.2  0.2		4.1705503158		-1.0
	19230.00000000	3.59024		-2.67746  0.2  0.2		4.1705503158		-1.0
	19260.00000000	3.2155		-2.95463  0.2  0.2		4.1705503158		-1.0
	19290.00000000	3.76945		-3.05823  0.2  0.2		4.1705503158		-1.0
	19320.00000000	3.04413		3.11616  0.2  0.2		4.1705503158		-1.0
	19350.00000000	4.00179		-2.86635  0.2  0.2		4.1705503158		-1.0
	19380.00000000	3.59164		-2.52995  0.2  0.2		4.1705503158		-1.0
	19410.00000000	3.2007		-2.28796  0.2  0.2		4.1705503158		-1.0
	19440.00000000	2.5838		-2.00894  0.2  0.2		4.1705503158		-1.0
	19470.00000000	3.67026		-1.67261  0.2  0.2		4.1705503158		-1.0
	19500.00000000	3.33861		-1.72961  0.2  0.2		4.1705503158		-1.0
	19530.00000000	3.49131		-1.64259  0.2  0.2		4.1705503158		-1.0
	19560.00000000	2.95908		-1.34203  0.2  0.2		4.1705503158		-1.0
	19590.00000000	2.79524		-1.16753  0.2  0.2		4.1705503158		-1.0
	19620.00000000	2.84658		-1.23533  0.2  0.2		4.1705503158		-1.0
	19650.00000000	3.45435		-1.32228  0.2  0.2		4.1705503158		-1.0
	19680.00000000	3.54646		-1.12006  0.2  0.2		4.1705503158		-1.0
	19710.00000000	3.52853		-1.20468  0.2  0.2		4.1705503158		-1.0
	19740.00000000	3.21335		-1.51658  0.2  0.2		4.1705503158		-1.0
	19770.00000000	2.78467		-1.34154  0.2  0.2		4.1705503158		-1.0
	19800.00000000	2.85329		-1.22039  0.2  0.2		4.1705503158		-1.0
	19830.00000000	3.33244		-1.45975  0.2  0.2		4.1705503158		-1.0
	19860.00000000	3.69045		-1.49275  0.2  0.2		4.1705503158		-1.0
	19890.00000000	3.56377		-1.70064  0.2  0.2		4.1705503158		-1.0
	19920.00000000	3.01709		-1.35025  0.2  0.2		4.1705503158		-1.0
	19950.00000000	3.34113		-1.05874  0.2  0.2		4.1705503158		-1.0
	19980.00000000	3.69933		-0.78855  0.2  0.2		4.1705503158		-1.0
	20010.00000000	3.28411		-0.47974  0.2  0.2		4.1705503158		-1.0
	20040.00000000	3.33382		-0.56045  0.2  0.2		4.1705503158		-1.0
	20070.00000000	3.55064		-0.71744  0.2  0.2		4.1705503158		-1.0
	20100.00000000	4.01757		-0.59461  0.2  0.2		4.1705503158		-1.0
	20130.00000000	3.34544		-0.78369  0.2  0.2		4.1705503158		-1.0
	20160.00000000	3.10829		-0.79678  0.2  0.2		4.1705503158		-1.0
	20190.00000000	3.29593		-0.90643  0.2  0.2		4.1705503158		-1.0
	20220.00000000	2.91904		-0.71688  0.2  0.2		4.1705503158		-1.0
	20250.00000000	2.67157		-0.69818  0.2  0.2		4.1705503158		-1.0
	20280.00000000	2.65573		-0.87554  0.2  0.2		4.1705503158		-1.0
	20310.00000000	2.68116		-0.35583  0.2  0.2		4.1705503158		-1.0
	20020.00000000	3.22227		-0.3768  0.2  0.2		4.1705503158		-1.0
	20050.00000000	3.45693		-0.65708  0.2  0.2		4.1705503158		-1.0
	20080.00000000	3.61356		-0.88899  0.2  0.2		4.1705503158		-1.0
	20110.00000000	4.02354		-0.65696  0.2  0.2		4.1705503158		-1.0
	20140.00000000	3.04155		-0.63063  0.2  0.2		4.1705503158		-1.0
	20170.00000000	3.29729		-0.69385  0.2  0.2		4.1705503158		-1.0
	20200.00000000	3.12406		-0.72309  0.2  0.2		4.1705503158		-1.0
	20230.00000000	2.85633		-0.63156  0.2  0.2		4.1705503158		-1.0
	20260.00000000	2.68657		-0.79564  0.2  0.2		4.1705503158		-1.0
	20290.00000000	2.5803		-0.76669  0.2  0.2		4.1705503158		-1.0
	20320.00000000	2.6586		-0.12129  0.2  0.2		4.1705503158		-1.0
	20350.00000000	2.62315		0.25304  0.2  0.2		4.1705503158		-1.0
	20380.00000000	2.84962		0.6829  0.2  0.2		4.1705503158		-1.0
	20410.00000000	3.06408		0.70046  0.2  0.2		4.1705503158		-1.0
	20440.00000000	3.25724		0.68364  0.2  0.2		4.1705503158		-1.0
	20470.00000000	3.25156		0.72025  0.2  0.2		4.1705503158		-1.0
	20500.00000000	3.51673		0.3807  0.2  0.2		4.1705503158		-1.0
	20530.00000000	3.20297		0.0655  0.2  0.2		4.1705503158		-1.0
	20560.00000000	3.17485		-0.02158  0.2  0.2		4.1705503158		-1.0
	20590.00000000	3.09522		0.11244  0.2  0.2		4.1705503158		-1.0
	20620.00000000	3.33143		0.06925  0.2  0.2		4.1705503158		-1.0
	20650.00000000	2.94906		-0.21988  0.2  0.2		4.1705503158		-1.0
	20680.00000000	3.01021		-0.16291  0.2  0.2		4.1705503158		-1.0
	20710.00000000	3.46148		-0.09731  0.2  0.2		4.1705503158		-1.0
	20739.99999999	3.53668		0.15739  0.2  0.2		4.1705503158		-1.0
	20769.99999999	3.48583		0.31105  0.2  0.2		4.1705503158		-1.0
	20799.99999999	3.28948		0.28879  0.2  0.2		4.1705503158		-1.0
	20829.99999999	2.88635		0.2124  0.2  0.2		4.1705503158		-1.0
	20859.99999999	3.36465		0.12825  0.2  0.2		4.1705503158		-1.0
	20889.99999999	3.7304		0.43931  0.2  0.2		4.1705503158		-1.0
	20919.99999999	2.90496		0.84392  0.2  0.2		4.1705503158		-1.0
	20949.99999999	2.77166		0.99067  0.2  0.2		4.1705503158		-1.0
	20979.99999999	2.82689		1.05191  0.2  0.2		4.1705503158		-1.0
	21009.99999999	3.73552		1.01622  0.2  0.2		4.1705503158		-1.0
	21039.99999999	3.56715		1.07298  0.2  0.2		4.1705503158		-1.0
	21069.99999999	3.61181		1.03198  0.2  0.2		4.1705503158		-1.0
	21099.99999999	2.97404		1.1165  0.2  0.2		4.1705503158		-1.0
	21129.99999999	2.98504		1.16527  0.2  0.2		4.1705503158		-1.0
	21159.99999999	3.97178		1.08434  0.2  0.2		4.1705503158		-1.0
	21189.99999999	3.94254		0.93822  0.2  0.2		4.1705503158		-1.0
	21219.99999999	3.97312		0.86722  0.2  0.2		4.1705503158		-1.0
	21249.99999999	3.17418		0.7283  0.2  0.2		4.1705503158		-1.0
	21279.99999999	3.26741		0.48129  0.2  0.2		4.1705503158		-1.0
	21309.99999999	3.60521		0.40816  0.2  0.2		4.1705503158		-1.0
	21339.99999999	3.15045		0.26065  0.2  0.2		4.1705503158		-1.0
	21369.99999999	3.84958		-0.02864  0.2  0.2		4.1705503158		-1.0
	21399.99999999	3.02734		-0.47965  0.2  0.2		4.1705503158		-1.0
	21429.99999999	3.01237		-0.93646  0.2  0.2		4.1705503158		-1.0
	21459.99999999	2.83593		-1.24342  0.2  0.2		4.1705503158		-1.0
	21489.99999999	2.89603		-1.43388  0.2  0.2		4.1705503158		-1.0
	21519.99999999	3.05149		-1.38764  0.2  0.2		4.1705503158		-1.0
	21549.99999999	2.53937		-1.45386  0.2  0.2		4.1705503158		-1.0
	21579.99999999	2.54772		-1.8449  0.2  0.2		4.1705503158		-1.0
	21609.99999999	2.56678		-1.81403  0.2  0.2		4.1705503158		-1.0
	21639.99999999	2.56551		-1.48504  0.2  0.2		4.1705503158		-1.0
	21669.99999999	2.48693		-1.46343  0.2  0.2		4.1705503158		-1.0
	21699.99999999	2.52558		-1.45137  0.2  0.2		4.1705503158		-1.0
	21729.99999999	3.05044		-1.62191  0.2  0.2		4.1705503158		-1.0
	21759.99999999	3.64425		-1.8967  0.2  0.2		4.1705503158		-1.0
	21789.99999999	3.10251		-2.20727  0.2  0.2		4.1705503158		-1.0
	21819.99999999	3.12953		-1.95098  0.2  0.2		4.1705503158		-1.0
	21849.99999999	3.18988		-1.76631  0.2  0.2		4.1705503158		-1.0
	21879.99999999	2.83712		-1.98798  0.2  0.2		4.1705503158		-1.0
	21909.99999999	2.80089		-2.04838  0.2  0.2		4.1705503158		-1.0
	21939.99999999	2.71655		-1.98087  0.2  0.2		4.1705503158		-1.0
	21969.99999999	2.94107		-2.04199  0.2  0.2		4.1705503158		-1.0
	21999.99999999	2.83256		-2.30376  0.2  0.2		4.1705503158		-1.0
	22029.99999999	2.7893		-2.47427  0.2  0.2		4.1705503158		-1.0
	22059.99999999	2.65961		-2.57793  0.2  0.2		4.1705503158		-1.0
	22089.99999999	2.65817		-2.72354  0.2  0.2		4.1705503158		-1.0
	22119.99999999	3.23726		-2.64007  0.2  0.2		4.1705503158		-1.0
	22149.99999999	2.89444		-2.57769  0.2  0.2		4.1705503158		-1.0
	22179.99999999	2.69048		-2.83662  0.2  0.2		4.1705503158		-1.0
	22209.99999999	2.61463		-3.10359  0.2  0.2		4.1705503158		-1.0
	22239.99999999	2.64229		-3.1278  0.2  0.2		4.1705503158		-1.0
	22269.99999999	2.8131		2.88464  0.2  0.2		4.1705503158		-1.0
	22299.99999999	3.3966		2.95648  0.2  0.2		4.1705503158		-1.0
	22329.99999999	3.38201		2.95578  0.2  0.2		4.1705503158		-1.0
	22359.99999999	3.87949		-2.91261  0.2  0.2		4.1705503158		-1.0
	22389.99999999	3.87704		3.00659  0.2  0.2		4.1705503158		-1.0
	22419.99999999	3.73637		2.53433  0.2  0.2		4.1705503158		-1.0
	22449.99999999	3.44555		2.48217  0.2  0.2		4.1705503158		-1.0
	22479.99999999	3.34694		2.60682  0.2  0.2		4.1705503158		-1.0
	22509.99999999	3.87907		2.51631  0.2  0.2		4.1705503158		-1.0
	22539.99999999	3.76709		2.56574  0.2  0.2		4.1705503158		-1.0
	22569.99999999	3.17895		2.48446  0.2  0.2		4.1705503158		-1.0
	22599.99999999	3.70663		2.16114  0.2  0.2		4.1705503158		-1.0
	22629.99999999	3.65105		2.1023  0.2  0.2		4.1705503158		-1.0
	22659.99999999	2.88836		2.07137  0.2  0.2		4.1705503158		-1.0
	22689.99999999	2.75403		2.0605  0.2  0.2		4.1705503158		-1.0
	22719.99999999	3.86328		1.80328  0.2  0.2		4.1705503158		-1.0
	22749.99999999	3.2041		1.55932  0.2  0.2		4.1705503158		-1.0
	22779.99999999	3.92704		1.33499  0.2  0.2		4.1705503158		-1.0
	22809.99999999	4.52248		1.52631  0.2  0.2		4.1705503158		-1.0
	22839.99999999	4.24331		1.79995  0.2  0.2		4.1705503158		-1.0
	22869.99999999	2.66945		1.72834  0.2  0.2		4.1705503158		-1.0
	22899.99999999	3.61031		1.57979  0.2  0.2		4.1705503158		-1.0
	22929.99999999	4.13911		1.58892  0.2  0.2		4.1705503158		-1.0
	22959.99999999	2.99687		1.41458  0.2  0.2		4.1705503158		-1.0
	22989.99999999	2.76658		1.2985  0.2  0.2		4.1705503158		-1.0
	23019.99999999	2.83317		1.49694  0.2  0.2		4.1705503158		-1.0
	23049.99999999	4.02168		1.73295  0.2  0.2		4.1705503158		-1.0
	23079.99999999	3.72512		1.30993  0.2  0.2		4.1705503158		-1.0
	23109.99999999	4.34098		1.12862  0.2  0.2		4.1705503158		-1.0
	23139.99999999	5.0367		1.19571  0.2  0.2		4.1705503158		-1.0
	23169.99999999	6.34439		1.41783  0.2  0.2		4.1705503158		-1.0
	23199.99999999	7.49525		1.22624  0.2  0.2		4.1705503158		-1.0
	23229.99999999	8.28735		1.25487  0.2  0.2		4.1705503158		-1.0
	23259.99999999	9.22462		1.39961  0.2  0.2		4.1705503158		-1.0
	23289.99999999	10.02287		1.30689  0.2  0.2		4.1705503158		-1.0
	23319.99999999	10.70628		1.06554  0.2  0.2		4.1705503158		-1.0
	23349.99999999	10.77082		1.09381  0.2  0.2		4.1705503158		-1.0
	23379.99999999	10.5398		1.33766  0.2  0.2		4.1705503158		-1.0
	23409.99999999	9.89557		1.57565  0.2  0.2		4.1705503158		-1.0
	23439.99999999	8.7963		1.41173  0.2  0.2		4.1705503158		-1.0
	23469.99999999	7.88998		1.42223  0.2  0.2		4.1705503158		-1.0
	23499.99999999	7.1772		1.49968  0.2  0.2		4.1705503158		-1.0
	23529.99999999	6.23952		1.70052  0.2  0.2		4.1705503158		-1.0
	23559.99999999	5.68985		1.74063  0.2  0.2		4.1705503158		-1.0
	23589.99999999	4.95332		1.595  0.2  0.2		4.1705503158		-1.0
	23619.99999999	4.34565		1.74289  0.2  0.2		4.1705503158		-1.0
	23649.99999999	3.36821		1.92968  0.2  0.2		4.1705503158		-1.0
	23679.99999999	4.12022		1.97183  0.2  0.2		4.1705503158		-1.0
	23709.99999999	4.95267		2.15245  0.2  0.2		4.1705503158		-1.0
	23739.99999999	5.77767		2.26842  0.2  0.2		4.1705503158		-1.0
	23769.99999999	6.58258		2.38278  0.2  0.2		4.1705503158		-1.0
	23799.99999999	7.27107		2.14507  0.2  0.2		4.1705503158		-1.0
	23829.99999999	7.86043		2.00188  0.2  0.2		4.1705503158		-1.0
	23859.99999999	8.45684		2.50074  0.2  0.2		4.1705503158		-1.0
	23889.99999999	8.41368		2.94686  0.2  0.2		4.1705503158		-1.0
	23919.99999999	8.97895		2.94415  0.2  0.2		4.1705503158		-1.0
	23949.99999999	8.55406		2.89085  0.2  0.2		4.1705503158		-1.0
	23979.99999999	8.19332		-3.10492  0.2  0.2		4.1705503158		-1.0
	24009.99999999	7.6393		-2.63148  0.2  0.2		4.1705503158		-1.0
	24039.99999999	6.95997		-2.4995  0.2  0.2		4.1705503158		-1.0
	24069.99999999	6.49935		-2.50973  0.2  0.2		4.1705503158		-1.0
	24099.99999999	6.05699		-2.49738  0.2  0.2		4.1705503158		-1.0
	24129.99999999	5.58001		-2.6447  0.2  0.2		4.1705503158		-1.0
	24159.99999999	5.04536		-2.49845  0.2  0.2		4.1705503158		-1.0
	24189.99999999	4.54147		-2.45593  0.2  0.2		4.1705503158		-1.0
	24219.99999999	4.1349		-2.19807  0.2  0.2		4.1705503158		-1.0
	24249.99999999	3.97613		-1.99181  0.2  0.2		4.1705503158		-1.0
	24279.99999999	3.78554		-2.06933  0.2  0.2		4.1705503158		-1.0
	24309.99999999	3.97418		-2.17896  0.2  0.2		4.1705503158		-1.0
	24339.99999999	4.35967		-1.92883  0.2  0.2		4.1705503158		-1.0
	24369.99999999	4.5493		-2.0342  0.2  0.2		4.1705503158		-1.0
	24399.99999999	5.51412		-2.12632  0.2  0.2		4.1705503158		-1.0
	24429.99999999	7.08108		-2.10086  0.2  0.2		4.1705503158		-1.0
	24459.99999999	8.07672		-1.90652  0.2  0.2		4.1705503158		-1.0
	24489.99999999	8.20348		-2.05189  0.2  0.2		4.1705503158		-1.0
	24519.99999999	8.13126		-2.32038  0.2  0.2		4.1705503158		-1.0
	24549.99999999	7.75597		-2.16752  0.2  0.2		4.1705503158		-1.0
	24579.99999999	7.41156		-2.40815  0.2  0.2		4.1705503158		-1.0
	24609.99999999	7.28232		-2.91053  0.2  0.2		4.1705503158		-1.0
	24639.99999999	7.30001		3.1144  0.2  0.2		4.1705503158		-1.0
	24669.99999999	6.77058		2.82266  0.2  0.2		4.1705503158		-1.0
	24699.99999999	6.11695		2.86115  0.2  0.2		4.1705503158		-1.0
	24729.99999999	6.10897		2.89269  0.2  0.2		4.1705503158		-1.0
	24759.99999999	5.7652		2.86751  0.2  0.2		4.1705503158		-1.0
	24789.99999999	5.18237		2.77841  0.2  0.2		4.1705503158		-1.0
	24819.99999999	4.44811		2.84335  0.2  0.2		4.1705503158		-1.0
	24849.99999999	4.2269		3.06634  0.2  0.2		4.1705503158		-1.0
	24879.99999999	4.55874		-2.88483  0.2  0.2		4.1705503158		-1.0
	24909.99999999	5.07042		-3.07954  0.2  0.2		4.1705503158		-1.0
	24939.99999999	6.01519		3.00433  0.2  0.2		4.1705503158		-1.0
	24969.99999999	7.15727		-3.08577  0.2  0.2		4.1705503158		-1.0
	24999.99999999	7.98678		-3.02419  0.2  0.2		4.1705503158		-1.0
	25029.99999999	8.5926		-2.7771  0.2  0.2		4.1705503158		-1.0
	25059.99999999	8.96212		-2.82189  0.2  0.2		4.1705503158		-1.0
	25089.99999999	9.31798		-2.68554  0.2  0.2		4.1705503158		-1.0
	25119.99999999	10.10446		-2.26899  0.2  0.2		4.1705503158		-1.0
	25149.99999999	10.46704		-1.45136  0.2  0.2		4.1705503158		-1.0
	25179.99999999	10.93654		-1.65324  0.2  0.2		4.1705503158		-1.0
	25209.99999999	11.44433		-2.21624  0.2  0.2		4.1705503158		-1.0
	25239.99999999	11.67258		-2.75059  0.2  0.2		4.1705503158		-1.0
	25269.99999999	11.76438		3.00109  0.2  0.2		4.1705503158		-1.0
	25299.99999999	11.42944		2.95269  0.2  0.2		4.1705503158		-1.0
	25329.99999999	11.51982		3.0314  0.2  0.2		4.1705503158		-1.0
	25359.99999999	10.96493		2.87409  0.2  0.2		4.1705503158		-1.0
	25389.99999999	10.31552		-2.87347  0.2  0.2		4.1705503158		-1.0
	25419.99999999	9.9391		-2.60599  0.2  0.2		4.1705503158		-1.0
	25449.99999999	9.92861		-2.84688  0.2  0.2		4.1705503158		-1.0
	25479.99999999	9.64464		2.54036  0.2  0.2		4.1705503158		-1.0
	25509.99999999	8.99909		2.15343  0.2  0.2		4.1705503158		-1.0
	25539.99999999	7.82647		1.9863  0.2  0.2		4.1705503158		-1.0
	25569.99999999	7.13725		2.47414  0.2  0.2		4.1705503158		-1.0
	25599.99999999	6.30847		2.726  0.2  0.2		4.1705503158		-1.0
	25629.99999999	5.95056		2.89201  0.2  0.2		4.1705503158		-1.0
	25659.99999999	6.56689		-2.9994  0.2  0.2		4.1705503158		-1.0
	25689.99999999	7.12111		-2.70964  0.2  0.2		4.1705503158		-1.0
	25719.99999999	8.12467		-2.53756  0.2  0.2		4.1705503158		-1.0
	25749.99999999	9.56659		-2.29104  0.2  0.2		4.1705503158		-1.0
	25779.99999999	10.19089		-1.94872  0.2  0.2		4.1705503158		-1.0
	25809.99999999	10.67541		-1.63856  0.2  0.2		4.1705503158		-1.0
	25839.99999999	11.1607		-1.68403  0.2  0.2		4.1705503158		-1.0
	25869.99999999	11.90504		-2.49884  0.2  0.2		4.1705503158		-1.0
	25899.99999999	12.30941		-2.70834  0.2  0.2		4.1705503158		-1.0
	25929.99999999	12.80652		-2.42384  0.2  0.2		4.1705503158		-1.0
	25959.99999999	13.36821		-1.14567  0.2  0.2		4.1705503158		-1.0
	25989.99999999	13.51667		-0.51003  0.2  0.2		4.1705503158		-1.0
	26019.99999999	13.56267		-0.33569  0.2  0.2		4.1705503158		-1.0
	26049.99999999	13.55102		0.01667  0.2  0.2		4.1705503158		-1.0
	26079.99999999	13.61868		-0.04222  0.2  0.2		4.1705503158		-1.0
	26109.99999999	14.31909		-0.00273  0.2  0.2		4.1705503158		-1.0
	26139.99999999	15.61656		-0.24137  0.2  0.2		4.1705503158		-1.0
	26169.99999999	16.88692		-0.297  0.2  0.2		4.1705503158		-1.0
	26199.99999999	18.42971		-0.56371  0.2  0.2		4.1705503158		-1.0
	26229.99999999	20.24916		-0.67349  0.2  0.2		4.1705503158		-1.0
	26259.99999999	20.93464		-0.63772  0.2  0.2		4.1705503158		-1.0
	26289.99999999	20.90783		-0.56277  0.2  0.2		4.1705503158		-1.0
	26319.99999999	20.34504		-0.2901  0.2  0.2		4.1705503158		-1.0
	26349.99999999	19.8908		0.0016  0.2  0.2		4.1705503158		-1.0
	26379.99999999	19.89542		0.33749  0.2  0.2		4.1705503158		-1.0
	26409.99999999	19.66509		0.43079  0.2  0.2		4.1705503158		-1.0
	26439.99999999	19.41725		0.48611  0.2  0.2		4.1705503158		-1.0
	26469.99999999	18.91162		0.22004  0.2  0.2		4.1705503158		-1.0
	26499.99999999	17.97944		-0.10172  0.2  0.2		4.1705503158		-1.0
	26529.99999999	17.27294		0.08744  0.2  0.2		4.1705503158		-1.0
	26559.99999999	16.45944		0.27368  0.2  0.2		4.1705503158		-1.0
	26589.99999999	15.72979		0.32151  0.2  0.2		4.1705503158		-1.0
	26619.99999999	15.46574		-0.08971  0.2  0.2		4.1705503158		-1.0
	26649.99999999	15.33832		-0.27891  0.2  0.2		4.1705503158		-1.0
	26679.99999999	15.27343		-0.38478  0.2  0.2		4.1705503158		-1.0
	26709.99999999	15.20833		-0.58756  0.2  0.2		4.1705503158		-1.0
	26739.99999999	14.92215		-1.05749  0.2  0.2		4.1705503158		-1.0
	26769.99999999	14.57931		-1.23632  0.2  0.2		4.1705503158		-1.0
	26799.99999999	14.19704		-1.24955  0.2  0.2		4.1705503158		-1.0
	26829.99999999	13.64377		-1.32357  0.2  0.2		4.1705503158		-1.0
	26859.99999999	13.38201		-1.05086  0.2  0.2		4.1705503158		-1.0
	26889.99999999	13.34578		-0.38066  0.2  0.2		4.1705503158		-1.0
	26919.99999999	13.91289		-0.47968  0.2  0.2		4.1705503158		-1.0
	26949.99999999	14.39261		-0.63585  0.2  0.2		4.1705503158		-1.0
	26979.99999999	14.86816		-0.60317  0.2  0.2		4.1705503158		-1.0
	27009.99999999	15.25536		-1.11744  0.2  0.2		4.1705503158		-1.0
	27039.99999999	15.38833		-1.10278  0.2  0.2		4.1705503158		-1.0
	27069.99999999	15.74451		-1.83219  0.2  0.2		4.1705503158		-1.0
	27099.99999999	16.06986		-1.89822  0.2  0.2		4.1705503158		-1.0
	27129.99999999	16.76451		0.01858  0.2  0.2		4.1705503158		-1.0
	27159.99999999	16.808		0.4442  0.2  0.2		4.1705503158		-1.0
	27189.99999999	17.14684		-0.69357  0.2  0.2		4.1705503158		-1.0
	27219.99999999	17.01491		-1.56834  0.2  0.2		4.1705503158		-1.0
	27249.99999998	16.77504		-2.11257  0.2  0.2		4.1705503158		-1.0
	27279.99999998	17.10056		-2.27171  0.2  0.2		4.1705503158		-1.0
	27309.99999998	17.58494		-2.20588  0.2  0.2		4.1705503158		-1.0
	27339.99999998	17.94525		-2.91158  0.2  0.2		4.1705503158		-1.0
	27369.99999998	18.35205		-3.08314  0.2  0.2		4.1705503158		-1.0
	27399.99999998	18.82303		-2.70216  0.2  0.2		4.1705503158		-1.0
	27429.99999998	19.72616		-2.8371  0.2  0.2		4.1705503158		-1.0
	27459.99999998	20.0652		-2.77443  0.2  0.2		4.1705503158		-1.0
	27489.99999998	20.7806		-3.00978  0.2  0.2		4.1705503158		-1.0
	27519.99999998	21.46675		-3.03483  0.2  0.2		4.1705503158		-1.0
	27549.99999998	22.05412		-3.00951  0.2  0.2		4.1705503158		-1.0
	27579.99999998	23.43707		-2.73553  0.2  0.2		4.1705503158		-1.0
	27609.99999998	24.78595		-2.38499  0.2  0.2		4.1705503158		-1.0
	27639.99999998	25.55727		0.75704  0.2  0.2		4.1705503158		-1.0
	27669.99999998	26.25591		0.75666  0.2  0.2		4.1705503158		-1.0
	27699.99999998	26.39148		1.30344  0.2  0.2		4.1705503158		-1.0
	27729.99999998	26.34658		2.57028  0.2  0.2		4.1705503158		-1.0
	27759.99999998	25.99522		-3.05251  0.2  0.2		4.1705503158		-1.0
	27789.99999998	25.43778		-2.63244  0.2  0.2		4.1705503158		-1.0
	27819.99999998	25.1893		-2.10128  0.2  0.2		4.1705503158		-1.0
	27849.99999998	24.89137		-2.54453  0.2  0.2		4.1705503158		-1.0
	27879.99999998	24.74516		-2.38439  0.2  0.2		4.1705503158		-1.0
	27909.99999998	25.1807		-2.08773  0.2  0.2		4.1705503158		-1.0
	27939.99999998	25.56097		-1.62398  0.2  0.2		4.1705503158		-1.0
	27969.99999998	25.97105		-0.6539  0.2  0.2		4.1705503158		-1.0
	27999.99999998	26.15987		0.36839  0.2  0.2		4.1705503158		-1.0
	28029.99999998	26.77257		-0.10218  0.2  0.2		4.1705503158		-1.0
	28059.99999998	26.89703		-1.28358  0.2  0.2		4.1705503158		-1.0
	28089.99999998	27.09198		-2.00721  0.2  0.2		4.1705503158		-1.0
	28119.99999998	27.35578		-2.27721  0.2  0.2		4.1705503158		-1.0
	28149.99999998	27.27388		-2.72517  0.2  0.2		4.1705503158		-1.0
	28179.99999998	27.58748		-2.41001  0.2  0.2		4.1705503158		-1.0
	28209.99999998	27.55654		-0.77778  0.2  0.2		4.1705503158		-1.0
	28239.99999998	27.87655		0.40705  0.2  0.2		4.1705503158		-1.0
	28269.99999998	27.91362		0.75828  0.2  0.2		4.1705503158		-1.0
	28299.99999998	28.29414		0.62159  0.2  0.2		4.1705503158		-1.0
	28329.99999998	28.69781		-0.13939  0.2  0.2		4.1705503158		-1.0
	28359.99999998	29.18899		-1.20905  0.2  0.2		4.1705503158		-1.0
	28389.99999998	29.95776		-1.01525  0.2  0.2		4.1705503158		-1.0
	28419.99999998	30.10828		-0.92984  0.2  0.2		4.1705503158		-1.0
	28449.99999998	30.29677		0.57365  0.2  0.2		4.1705503158		-1.0
	28479.99999998	29.85911		1.00815  0.2  0.2		4.1705503158		-1.0
	28509.99999998	29.55843		0.92684  0.2  0.2		4.1705503158		-1.0
	28539.99999998	29.22537		0.94549  0.2  0.2		4.1705503158		-1.0
	28569.99999998	28.69498		0.53971  0.2  0.2		4.1705503158		-1.0
	28599.99999998	28.45197		0.28091  0.2  0.2		4.1705503158		-1.0
	28629.99999998	28.29816		0.35969  0.2  0.2		4.1705503158		-1.0
	28659.99999998	28.59133		0.01409  0.2  0.2		4.1705503158		-1.0
	28689.99999998	28.73885		-2.81957  0.2  0.2		4.1705503158		-1.0
	28719.99999998	28.93407		-2.64363  0.2  0.2		4.1705503158		-1.0
	28749.99999998	29.41387		-3.00528  0.2  0.2		4.1705503158		-1.0
	28779.99999998	29.48498		2.44217  0.2  0.2		4.1705503158		-1.0
	28809.99999998	30.03832		1.91248  0.2  0.2		4.1705503158		-1.0
	28839.99999998	30.77728		1.93704  0.2  0.2		4.1705503158		-1.0
	28869.99999998	31.54174		2.51576  0.2  0.2		4.1705503158		-1.0
	28899.99999998	32.12588		2.84469  0.2  0.2		4.1705503158		-1.0
	28929.99999998	32.81499		-2.85179  0.2  0.2		4.1705503158		-1.0
	28959.99999998	33.17069		-2.49637  0.2  0.2		4.1705503158		-1.0
	28989.99999998	33.64648		-2.45596  0.2  0.2		4.1705503158		-1.0
	29019.99999998	34.30717		-2.09134  0.2  0.2		4.1705503158		-1.0
	29049.99999998	34.9798		-1.99576  0.2  0.2		4.1705503158		-1.0
	29079.99999998	35.51893		-2.22422  0.2  0.2		4.1705503158		-1.0
	29109.99999998	36.07505		-1.99532  0.2  0.2		4.1705503158		-1.0
	29139.99999998	36.78137		-1.90316  0.2  0.2		4.1705503158		-1.0
	29169.99999998	37.18039		-2.1764  0.2  0.2		4.1705503158		-1.0
	29199.99999998	37.26353		-2.26599  0.2  0.2		4.1705503158		-1.0
	29229.99999998	38.16049		-2.07416  0.2  0.2		4.1705503158		-1.0
	29259.99999998	38.17074		1.62788  0.2  0.2		4.1705503158		-1.0
	29289.99999998	37.71686		1.48373  0.2  0.2		4.1705503158		-1.0
	29319.99999998	37.06945		1.40406  0.2  0.2		4.1705503158		-1.0
	29349.99999998	36.43535		1.32538  0.2  0.2		4.1705503158		-1.0
	29379.99999998	35.5516		1.3231  0.2  0.2		4.1705503158		-1.0
	29409.99999998	34.76896		1.32292  0.2  0.2		4.1705503158		-1.0
	29439.99999998	33.98088		1.18908  0.2  0.2		4.1705503158		-1.0
	29469.99999998	33.4877		1.47517  0.2  0.2		4.1705503158		-1.0
	29499.99999998	33.27597		1.43761  0.2  0.2		4.1705503158		-1.0
	29529.99999998	32.72243		1.50156  0.2  0.2		4.1705503158		-1.0
	29559.99999998	32.09447		1.75128  0.2  0.2		4.1705503158		-1.0
	29589.99999998	31.53417		1.52313  0.2  0.2		4.1705503158		-1.0
	29619.99999998	30.77503		1.60944  0.2  0.2		4.1705503158		-1.0
	29649.99999998	30.3054		1.6928  0.2  0.2		4.1705503158		-1.0
	29679.99999998	29.67973		2.02132  0.2  0.2		4.1705503158		-1.0
	29709.99999998	29.05668		2.08621  0.2  0.2		4.1705503158		-1.0
	29739.99999998	28.57358		2.58211  0.2  0.2		4.1705503158		-1.0
	29769.99999998	27.92617		2.83172  0.2  0.2		4.1705503158		-1.0
	29799.99999998	27.24887		2.93929  0.2  0.2		4.1705503158		-1.0
	29829.99999998	26.57864		-2.61745  0.2  0.2		4.1705503158		-1.0
	29859.99999998	26.05266		-2.43995  0.2  0.2		4.1705503158		-1.0
	29889.99999998	25.26562		-2.18285  0.2  0.2		4.1705503158		-1.0
	29919.99999998	25.17577		-1.88869  0.2  0.2		4.1705503158		-1.0
	29949.99999998	24.93481		-1.70231  0.2  0.2		4.1705503158		-1.0
	29979.99999998	24.20687		-1.34646  0.2  0.2		4.1705503158		-1.0
	30009.99999998	23.4978		-1.25327  0.2  0.2		4.1705503158		-1.0
	30039.99999998	22.78241		-0.9035  0.2  0.2		4.1705503158		-1.0
	30069.99999998	22.39129		-0.53677  0.2  0.2		4.1705503158		-1.0
	30099.99999998	21.95666		-0.2413  0.2  0.2		4.1705503158		-1.0
	30129.99999998	21.47115		-0.11811  0.2  0.2		4.1705503158		-1.0
	30159.99999998	20.50536		0.02297  0.2  0.2		4.1705503158		-1.0
	30189.99999998	20.12218		0.11355  0.2  0.2		4.1705503158		-1.0
	30219.99999998	19.81558		0.43069  0.2  0.2		4.1705503158		-1.0
	30249.99999998	19.4823		0.75581  0.2  0.2		4.1705503158		-1.0
	30279.99999998	18.88412		0.94277  0.2  0.2		4.1705503158		-1.0
	30309.99999998	18.26341		1.1697  0.2  0.2		4.1705503158		-1.0
	30339.99999998	18.04239		1.35433  0.2  0.2		4.1705503158		-1.0
	30369.99999998	17.34834		1.32654  0.2  0.2		4.1705503158		-1.0
	30399.99999998	16.96131		1.70269  0.2  0.2		4.1705503158		-1.0
	30429.99999998	16.32101		1.68853  0.2  0.2		4.1705503158		-1.0
	30459.99999998	16.20057		1.72668  0.2  0.2		4.1705503158		-1.0
	30489.99999998	15.75827		2.18071  0.2  0.2		4.1705503158		-1.0
	30519.99999998	16.06921		2.64437  0.2  0.2		4.1705503158		-1.0
	30549.99999998	16.51934		3.01833  0.2  0.2		4.1705503158		-1.0
	30579.99999998	16.73242		3.1117  0.2  0.2		4.1705503158		-1.0
	30609.99999998	16.91466		-2.9247  0.2  0.2		4.1705503158		-1.0
	30639.99999998	17.17907		-2.94158  0.2  0.2		4.1705503158		-1.0
	30669.99999998	17.51546		-3.06372  0.2  0.2		4.1705503158		-1.0
	30699.99999998	17.80233		3.0724  0.2  0.2		4.1705503158		-1.0
	30729.99999998	17.60692		2.94236  0.2  0.2		4.1705503158		-1.0
	30759.99999998	17.29255		2.86305  0.2  0.2		4.1705503158		-1.0
	30789.99999998	17.02022		-2.98136  0.2  0.2		4.1705503158		-1.0
	30819.99999998	16.93091		-2.85133  0.2  0.2		4.1705503158		-1.0
	30849.99999998	16.37946		-2.34442  0.2  0.2		4.1705503158		-1.0
	30879.99999998	16.25592		-2.10627  0.2  0.2		4.1705503158		-1.0
	30909.99999998	16.0482		-1.79541  0.2  0.2		4.1705503158		-1.0
	30939.99999998	16.41233		-1.73758  0.2  0.2		4.1705503158		-1.0
	30969.99999998	16.58416		-2.11423  0.2  0.2		4.1705503158		-1.0
	30999.99999998	16.79043		-2.36627  0.2  0.2		4.1705503158		-1.0
	31029.99999998	17.36017		-2.48565  0.2  0.2		4.1705503158		-1.0
	31059.99999998	17.78088		-2.58026  0.2  0.2		4.1705503158		-1.0
	31089.99999998	18.25423		-2.23198  0.2  0.2		4.1705503158		-1.0
	31119.99999998	18.9025		-2.39725  0.2  0.2		4.1705503158		-1.0
	31149.99999998	19.66011		-2.30808  0.2  0.2		4.1705503158		-1.0
	31179.99999998	20.61862		-2.09956  0.2  0.2		4.1705503158		-1.0
	31209.99999998	20.91265		-2.36923  0.2  0.2		4.1705503158		-1.0
	31239.99999998	21.25413		-2.4064  0.2  0.2		4.1705503158		-1.0
	31269.99999998	21.86141		-1.98704  0.2  0.2		4.1705503158		-1.0
	31299.99999998	22.58428		-1.92981  0.2  0.2		4.1705503158		-1.0
	31329.99999998	23.20923		-1.56828  0.2  0.2		4.1705503158		-1.0
	31359.99999998	24.29837		-1.29329  0.2  0.2		4.1705503158		-1.0
	31389.99999998	24.75449		-1.07341  0.2  0.2		4.1705503158		-1.0
	31419.99999998	25.46019		-1.09855  0.2  0.2		4.1705503158		-1.0
	31449.99999998	25.90936		-1.06139  0.2  0.2		4.1705503158		-1.0
	31479.99999998	26.2343		-1.20118  0.2  0.2		4.1705503158		-1.0
	31509.99999998	26.76614		-1.212  0.2  0.2		4.1705503158		-1.0
	31539.99999998	27.46076		-1.43622  0.2  0.2		4.1705503158		-1.0
	31569.99999998	28.09414		-1.96363  0.2  0.2		4.1705503158		-1.0
	31599.99999998	28.95165		-2.63941  0.2  0.2		4.1705503158		-1.0
	31629.99999998	29.93179		-2.56234  0.2  0.2		4.1705503158		-1.0
	31659.99999998	30.76451		-1.7312  0.2  0.2		4.1705503158		-1.0
	31689.99999998	31.42667		-0.60519  0.2  0.2		4.1705503158		-1.0
	31719.99999998	32.35798		-0.69026  0.2  0.2		4.1705503158		-1.0
	31749.99999998	33.17068		-0.49656  0.2  0.2		4.1705503158		-1.0
	31779.99999998	34.2678		-0.77809  0.2  0.2		4.1705503158		-1.0
	31809.99999998	34.80372		-0.72676  0.2  0.2		4.1705503158		-1.0
	31839.99999998	35.98271		-0.57891  0.2  0.2		4.1705503158		-1.0
	31869.99999998	36.60288		-0.4074  0.2  0.2		4.1705503158		-1.0
	31899.99999998	37.50222		-0.37222  0.2  0.2		4.1705503158		-1.0
	31929.99999998	38.47015		-0.33112  0.2  0.2		4.1705503158		-1.0
	31959.99999998	39.71407		-0.6139  0.2  0.2		4.1705503158		-1.0
	31989.99999998	40.41314		1.274  0.2  0.2		4.1705503158		-1.0
	32019.99999998	39.82258		1.41613  0.2  0.2		4.1705503158		-1.0
	32049.99999998	39.86913		1.39365  0.2  0.2		4.1705503158		-1.0
	32079.99999998	40.24974		1.39654  0.2  0.2		4.1705503158		-1.0
	32109.99999998	41.39739		1.45132  0.2  0.2		4.1705503158		-1.0
	32139.99999998	41.85427		-1.30354  0.2  0.2		4.1705503158		-1.0
	32169.99999998	42.33807		-1.27781  0.2  0.2		4.1705503158		-1.0
	32199.99999998	43.0692		-1.49433  0.2  0.2		4.1705503158		-1.0
	32229.99999998	43.36815		-1.97882  0.2  0.2		4.1705503158		-1.0
	32259.99999998	43.56206		2.21672  0.2  0.2		4.1705503158		-1.0
	32289.99999998	43.81967		-2.58483  0.2  0.2		4.1705503158		-1.0
	32319.99999998	43.86076		3.13149  0.2  0.2		4.1705503158		-1.0
	32349.99999998	43.94147		2.84167  0.2  0.2		4.1705503158		-1.0
	32379.99999998	44.10807		2.44799  0.2  0.2		4.1705503158		-1.0
	32409.99999998	44.24674		-2.63673  0.2  0.2		4.1705503158		-1.0
	32439.99999998	44.41605		-2.42665  0.2  0.2		4.1705503158		-1.0
	32469.99999998	44.33113		1.80485  0.2  0.2		4.1705503158		-1.0
	32499.99999998	44.13138		1.81791  0.2  0.2		4.1705503158		-1.0
	32529.99999998	43.83352		1.96071  0.2  0.2		4.1705503158		-1.0
	32559.99999998	43.16041		2.20283  0.2  0.2		4.1705503158		-1.0
	32589.99999998	42.20125		2.39479  0.2  0.2		4.1705503158		-1.0
	32619.99999998	41.79709		2.6219  0.2  0.2		4.1705503158		-1.0
	32649.99999998	40.89724		2.86484  0.2  0.2		4.1705503158		-1.0
	32679.99999998	39.74709		2.84559  0.2  0.2		4.1705503158		-1.0
	32709.99999998	39.00191		2.76871  0.2  0.2		4.1705503158		-1.0
	32739.99999998	38.19305		2.74415  0.2  0.2		4.1705503158		-1.0
	32769.99999998	37.04121		2.82782  0.2  0.2		4.1705503158		-1.0
	32799.99999998	36.31263		3.00642  0.2  0.2		4.1705503158		-1.0
	32829.99999998	35.98309		2.93944  0.2  0.2		4.1705503158		-1.0
	32859.99999998	35.26848		2.88398  0.2  0.2		4.1705503158		-1.0
	32889.99999998	34.59472		2.92519  0.2  0.2		4.1705503158		-1.0
	32919.99999998	33.79935		2.94142  0.2  0.2		4.1705503158		-1.0
	32949.99999998	32.93624		2.9231  0.2  0.2		4.1705503158		-1.0
	32979.99999998	32.26386		3.01191  0.2  0.2		4.1705503158		-1.0
	33009.99999998	31.10177		2.999  0.2  0.2		4.1705503158		-1.0
	33039.99999998	29.96212		3.0156  0.2  0.2		4.1705503158		-1.0
	33069.99999998	28.87952		3.03812  0.2  0.2		4.1705503158		-1.0
	33099.99999998	27.7509		3.06905  0.2  0.2		4.1705503158		-1.0
	33129.99999998	26.74416		-3.03506  0.2  0.2		4.1705503158		-1.0
	33159.99999998	25.89473		-2.91592  0.2  0.2		4.1705503158		-1.0
	33189.99999998	25.19844		-2.68588  0.2  0.2		4.1705503158		-1.0
	33219.99999998	24.57573		-2.72259  0.2  0.2		4.1705503158		-1.0
	33249.99999998	23.62739		-2.64422  0.2  0.2		4.1705503158		-1.0
	33279.99999998	23.01468		-2.64776  0.2  0.2		4.1705503158		-1.0
	33309.99999998	22.3309		-2.82511  0.2  0.2		4.1705503158		-1.0
	33339.99999998	22.19246		2.92249  0.2  0.2		4.1705503158		-1.0
	33369.99999998	22.11735		2.52904  0.2  0.2		4.1705503158		-1.0
	33399.99999998	21.71186		2.52349  0.2  0.2		4.1705503158		-1.0
	33429.99999998	21.532		2.53341  0.2  0.2		4.1705503158		-1.0
	33459.99999998	21.07444		3.12516  0.2  0.2		4.1705503158		-1.0
	33489.99999998	20.63216		-2.43332  0.2  0.2		4.1705503158		-1.0
	33519.99999998	20.30683		-1.38639  0.2  0.2		4.1705503158		-1.0
	33549.99999998	20.03696		-0.63534  0.2  0.2		4.1705503158		-1.0
	33579.99999998	19.98445		-0.41537  0.2  0.2		4.1705503158		-1.0
	33609.99999998	20.10806		0.28218  0.2  0.2		4.1705503158		-1.0
	33639.99999998	20.19652		0.24376  0.2  0.2		4.1705503158		-1.0
	33669.99999998	20.63149		1.17426  0.2  0.2		4.1705503158		-1.0
	33699.99999998	20.99119		1.11618  0.2  0.2		4.1705503158		-1.0
	33729.99999997	21.28627		1.33662  0.2  0.2		4.1705503158		-1.0
	33759.99999997	21.77243		1.27367  0.2  0.2		4.1705503158		-1.0
	33789.99999997	22.05654		0.48839  0.2  0.2		4.1705503158		-1.0
	33819.99999997	22.04759		0.72127  0.2  0.2		4.1705503158		-1.0
	33849.99999997	22.46358		0.37115  0.2  0.2		4.1705503158		-1.0
	33879.99999997	23.04737		-0.19685  0.2  0.2		4.1705503158		-1.0
	33909.99999997	23.53935		-0.43209  0.2  0.2		4.1705503158		-1.0
	33939.99999997	24.25658		0.03944  0.2  0.2		4.1705503158		-1.0
	33969.99999997	24.95906		-0.02581  0.2  0.2		4.1705503158		-1.0
	33999.99999997	25.31959		-0.11695  0.2  0.2		4.1705503158		-1.0
	34029.99999997	26.24682		-0.17564  0.2  0.2		4.1705503158		-1.0
	34059.99999997	27.01781		-0.67928  0.2  0.2		4.1705503158		-1.0
	34089.99999997	28.30895		-1.13127  0.2  0.2		4.1705503158		-1.0
	34119.99999997	29.22102		-0.94555  0.2  0.2		4.1705503158		-1.0
	34149.99999997	30.09732		-1.16031  0.2  0.2		4.1705503158		-1.0
	34179.99999997	31.056		-0.7226  0.2  0.2		4.1705503158		-1.0
	34209.99999997	32.1746		-0.37587  0.2  0.2		4.1705503158		-1.0
	34239.99999997	32.70521		-0.86283  0.2  0.2		4.1705503158		-1.0
	34269.99999997	32.81204		-1.42144  0.2  0.2		4.1705503158		-1.0
	34299.99999997	33.6854		-1.24067  0.2  0.2		4.1705503158		-1.0
	34329.99999997	34.42254		-1.33389  0.2  0.2		4.1705503158		-1.0
	34359.99999997	34.5576		-1.16155  0.2  0.2		4.1705503158		-1.0
	34389.99999997	35.39202		-1.23785  0.2  0.2		4.1705503158		-1.0
	34419.99999997	35.83952		-0.94331  0.2  0.2		4.1705503158		-1.0
	34449.99999997	36.93348		-0.59414  0.2  0.2		4.1705503158		-1.0
	34479.99999997	37.90942		-0.27822  0.2  0.2		4.1705503158		-1.0
	34509.99999997	38.19964		-0.34355  0.2  0.2		4.1705503158		-1.0
	34539.99999997	39.06516		0.01264  0.2  0.2		4.1705503158		-1.0
	34569.99999997	39.67486		-0.10484  0.2  0.2		4.1705503158		-1.0
	34599.99999997	39.31076		-0.10183  0.2  0.2		4.1705503158		-1.0
	34629.99999997	38.11512		0.1218  0.2  0.2		4.1705503158		-1.0
	34659.99999997	36.42801		0.31571  0.2  0.2		4.1705503158		-1.0
	34689.99999997	36.08896		0.30919  0.2  0.2		4.1705503158		-1.0
	34719.99999997	35.80336		0.55963  0.2  0.2		4.1705503158		-1.0
	34749.99999997	35.07239		0.76426  0.2  0.2		4.1705503158		-1.0
	34779.99999997	34.63649		0.72381  0.2  0.2		4.1705503158		-1.0
	34809.99999997	33.88578		0.46926  0.2  0.2		4.1705503158		-1.0
	34839.99999997	33.77175		0.19489  0.2  0.2		4.1705503158		-1.0
	34869.99999997	33.87786		0.02531  0.2  0.2		4.1705503158		-1.0
	34899.99999997	34.11893		0.04016  0.2  0.2		4.1705503158		-1.0
	34929.99999997	34.5069		0.18987  0.2  0.2		4.1705503158		-1.0
	34959.99999997	35.29615		0.38955  0.2  0.2		4.1705503158		-1.0
	34989.99999997	35.8004		0.41905  0.2  0.2		4.1705503158		-1.0
	35019.99999997	35.71816		0.74331  0.2  0.2		4.1705503158		-1.0
	35049.99999997	35.7012		1.35517  0.2  0.2		4.1705503158		-1.0
	35079.99999997	35.71109		1.87259  0.2  0.2		4.1705503158		-1.0
	35109.99999997	36.64519		2.21511  0.2  0.2		4.1705503158		-1.0
	35139.99999997	38.46343		2.42392  0.2  0.2		4.1705503158		-1.0
	35169.99999997	39.74127		2.58533  0.2  0.2		4.1705503158		-1.0
	35199.99999997	41.33827		2.59849  0.2  0.2		4.1705503158		-1.0
	35229.99999997	40.14474		2.77447  0.2  0.2		4.1705503158		-1.0
	35259.99999997	39.06139		2.71709  0.2  0.2		4.1705503158		-1.0
	35289.99999997	37.88332		2.38602  0.2  0.2		4.1705503158		-1.0
	35319.99999997	37.17867		2.51813  0.2  0.2		4.1705503158		-1.0
	35349.99999997	36.42364		2.61186  0.2  0.2		4.1705503158		-1.0
	35379.99999997	35.63326		2.59203  0.2  0.2		4.1705503158		-1.0
	35409.99999997	34.20163		2.86847  0.2  0.2		4.1705503158		-1.0
	35439.99999997	33.52761		3.00148  0.2  0.2		4.1705503158		-1.0
	35469.99999997	33.6309		2.87103  0.2  0.2		4.1705503158		-1.0
	35499.99999997	32.96012		2.59  0.2  0.2		4.1705503158		-1.0
	35529.99999997	32.54693		2.47079  0.2  0.2		4.1705503158		-1.0
	35559.99999997	32.21357		2.13758  0.2  0.2		4.1705503158		-1.0
	35589.99999997	31.69373		2.34642  0.2  0.2		4.1705503158		-1.0
	35619.99999997	31.35797		3.0528  0.2  0.2		4.1705503158		-1.0
	35649.99999997	31.14345		3.01258  0.2  0.2		4.1705503158		-1.0
	35679.99999997	31.05362		2.574  0.2  0.2		4.1705503158		-1.0
	35709.99999997	30.72191		2.76246  0.2  0.2		4.1705503158		-1.0
	35739.99999997	30.78621		3.04387  0.2  0.2		4.1705503158		-1.0
	35769.99999997	31.13907		-3.03066  0.2  0.2		4.1705503158		-1.0
	35799.99999997	30.93309		-2.41788  0.2  0.2		4.1705503158		-1.0
	35829.99999997	31.10925		-2.05377  0.2  0.2		4.1705503158		-1.0
	35859.99999997	31.47875		-1.96986  0.2  0.2		4.1705503158		-1.0
	35889.99999997	32.05354		-1.9266  0.2  0.2		4.1705503158		-1.0
	35919.99999997	32.9375		-2.0722  0.2  0.2		4.1705503158		-1.0
	35949.99999997	33.81354		-2.20456  0.2  0.2		4.1705503158		-1.0
	35979.99999997	34.41242		-2.15082  0.2  0.2		4.1705503158		-1.0
	36009.99999997	35.23522		-2.5677  0.2  0.2		4.1705503158		-1.0
	36039.99999997	35.71131		-2.79659  0.2  0.2		4.1705503158		-1.0
	36069.99999997	35.90256		-3.04018  0.2  0.2		4.1705503158		-1.0
	36099.99999997	35.69069		2.90777  0.2  0.2		4.1705503158		-1.0
	36129.99999997	35.29497		2.47798  0.2  0.2		4.1705503158		-1.0
	36159.99999997	34.45457		2.38553  0.2  0.2		4.1705503158		-1.0
	36189.99999997	33.78567		2.5055  0.2  0.2		4.1705503158		-1.0
	36219.99999997	33.64314		2.78227  0.2  0.2		4.1705503158		-1.0
	36249.99999997	33.31571		2.97161  0.2  0.2		4.1705503158		-1.0
	36279.99999997	32.20719		-2.94786  0.2  0.2		4.1705503158		-1.0
	36309.99999997	31.29871		-2.55795  0.2  0.2		4.1705503158		-1.0
	36339.99999997	30.85916		-2.47953  0.2  0.2		4.1705503158		-1.0
	36369.99999997	30.4412		-2.49439  0.2  0.2		4.1705503158		-1.0
	36399.99999997	30.06944		-2.43881  0.2  0.2		4.1705503158		-1.0
	36429.99999997	29.7529		-2.30502  0.2  0.2		4.1705503158		-1.0
	36459.99999997	29.20965		-2.09361  0.2  0.2		4.1705503158		-1.0
	36489.99999997	28.49385		-2.21661  0.2  0.2		4.1705503158		-1.0
	36519.99999997	27.66719		-1.31799  0.2  0.2		4.1705503158		-1.0
	36549.99999997	26.96626		-0.31186  0.2  0.2		4.1705503158		-1.0
	36579.99999997	26.69284		0.21906  0.2  0.2		4.1705503158		-1.0
	36609.99999997	26.75556		0.63284  0.2  0.2		4.1705503158		-1.0
	36639.99999997	26.53123		0.55342  0.2  0.2		4.1705503158		-1.0
	36669.99999997	25.93023		0.45378  0.2  0.2		4.1705503158		-1.0
	36699.99999997	25.10627		0.23384  0.2  0.2		4.1705503158		-1.0
	36729.99999997	24.30552		0.36886  0.2  0.2		4.1705503158		-1.0
	36759.99999997	23.77853		0.56321  0.2  0.2		4.1705503158		-1.0
	36789.99999997	23.35444		0.80384  0.2  0.2		4.1705503158		-1.0
	36819.99999997	23.20995		1.3773  0.2  0.2		4.1705503158		-1.0
	36849.99999997	22.90672		0.80884  0.2  0.2		4.1705503158		-1.0
	36879.99999997	22.65064		0.78109  0.2  0.2		4.1705503158		-1.0
	36909.99999997	22.32486		0.95596  0.2  0.2		4.1705503158		-1.0
	36939.99999997	21.73276		1.04284  0.2  0.2		4.1705503158		-1.0
	36969.99999997	20.96007		0.2576  0.2  0.2		4.1705503158		-1.0
	36999.99999997	20.59623		0.17078  0.2  0.2		4.1705503158		-1.0
	37029.99999997	20.47403		0.88598  0.2  0.2		4.1705503158		-1.0
	37059.99999997	20.4025		1.54679  0.2  0.2		4.1705503158		-1.0
	37089.99999997	19.53685		0.94618  0.2  0.2		4.1705503158		-1.0
	37119.99999997	19.09487		1.6247  0.2  0.2		4.1705503158		-1.0
	37149.99999997	18.81455		2.15352  0.2  0.2		4.1705503158		-1.0
	37179.99999997	18.58871		3.10035  0.2  0.2		4.1705503158		-1.0
	37209.99999997	18.81472		-3.00008  0.2  0.2		4.1705503158		-1.0
	37239.99999997	19.45121		-2.74054  0.2  0.2		4.1705503158		-1.0
	37269.99999997	20.48223		-2.39298  0.2  0.2		4.1705503158		-1.0
	37299.99999997	21.28526		-2.75133  0.2  0.2		4.1705503158		-1.0
	37329.99999997	22.09491		-2.54628  0.2  0.2		4.1705503158		-1.0
	37359.99999997	22.78027		-2.21661  0.2  0.2		4.1705503158		-1.0
	37389.99999997	23.11181		-1.71138  0.2  0.2		4.1705503158		-1.0
	37419.99999997	23.66506		-1.66461  0.2  0.2		4.1705503158		-1.0
	37449.99999997	24.2929		-1.62186  0.2  0.2		4.1705503158		-1.0
	37479.99999997	24.73202		-1.40801  0.2  0.2		4.1705503158		-1.0
	37509.99999997	25.67309		-1.70955  0.2  0.2		4.1705503158		-1.0
	37539.99999997	26.38758		-1.71382  0.2  0.2		4.1705503158		-1.0
	37569.99999997	26.85283		-1.67319  0.2  0.2		4.1705503158		-1.0
	37599.99999997	27.56192		-1.71377  0.2  0.2		4.1705503158		-1.0
	37629.99999997	28.43999		-2.06731  0.2  0.2		4.1705503158		-1.0
	37659.99999997	28.91243		-2.2206  0.2  0.2		4.1705503158		-1.0
	37689.99999997	29.60153		-1.96714  0.2  0.2		4.1705503158		-1.0
	37719.99999997	30.33053		-1.62759  0.2  0.2		4.1705503158		-1.0
	37749.99999997	31.09853		-0.96208  0.2  0.2		4.1705503158		-1.0
	37779.99999997	31.70006		-0.95901  0.2  0.2		4.1705503158		-1.0
	37809.99999997	32.13438		-0.05607  0.2  0.2		4.1705503158		-1.0
	37839.99999997	32.84743		0.01159  0.2  0.2		4.1705503158		-1.0
	37869.99999997	33.40283		-0.16812  0.2  0.2		4.1705503158		-1.0
	37899.99999997	33.50647		0.07065  0.2  0.2		4.1705503158		-1.0
	37929.99999997	33.81126		0.86059  0.2  0.2		4.1705503158		-1.0
	37959.99999997	34.44036		1.42724  0.2  0.2		4.1705503158		-1.0
	37989.99999997	34.85456		2.53442  0.2  0.2		4.1705503158		-1.0
	38019.99999997	35.04741		-1.77453  0.2  0.2		4.1705503158		-1.0
	38049.99999997	35.35209		-1.10234  0.2  0.2		4.1705503158		-1.0
	38079.99999997	35.51527		-0.19331  0.2  0.2		4.1705503158		-1.0
	38109.99999997	35.57912		-0.20967  0.2  0.2		4.1705503158		-1.0
	38139.99999997	35.00041		-0.88073  0.2  0.2		4.1705503158		-1.0
	38169.99999997	35.58709		-2.20859  0.2  0.2		4.1705503158		-1.0
	38199.99999997	35.87985		-2.50402  0.2  0.2		4.1705503158		-1.0
	38229.99999997	35.42202		-1.93397  0.2  0.2		4.1705503158		-1.0
	38259.99999997	35.57999		-1.29422  0.2  0.2		4.1705503158		-1.0
	38289.99999997	36.4005		-1.16877  0.2  0.2		4.1705503158		-1.0
	38319.99999997	37.10268		-1.46933  0.2  0.2		4.1705503158		-1.0
	38349.99999997	37.52814		-1.65002  0.2  0.2		4.1705503158		-1.0
	38379.99999997	38.45586		-1.40473  0.2  0.2		4.1705503158		-1.0
	38409.99999997	39.13876		-1.16721  0.2  0.2		4.1705503158		-1.0
	38439.99999997	39.20722		-1.18069  0.2  0.2		4.1705503158		-1.0
	38469.99999997	38.79188		-1.15743  0.2  0.2		4.1705503158		-1.0
	38499.99999997	38.0252		-0.97195  0.2  0.2		4.1705503158		-1.0
	38529.99999997	37.55334		-0.64563  0.2  0.2		4.1705503158		-1.0
	38559.99999997	36.57395		-0.84661  0.2  0.2		4.1705503158		-1.0
	38589.99999997	36.20335		-0.90299  0.2  0.2		4.1705503158		-1.0
	38619.99999997	35.91513		-0.68183  0.2  0.2		4.1705503158		-1.0
	38649.99999997	35.89893		-0.97034  0.2  0.2		4.1705503158		-1.0
	38679.99999997	36.16798		-1.27548  0.2  0.2		4.1705503158		-1.0
	38709.99999997	36.86273		-1.56819  0.2  0.2		4.1705503158		-1.0
	38739.99999997	37.26974		-2.33231  0.2  0.2		4.1705503158		-1.0
	38769.99999997	36.90697		2.87007  0.2  0.2		4.1705503158		-1.0
	38799.99999997	36.66147		1.59655  0.2  0.2		4.1705503158		-1.0
	38829.99999997	35.99146		0.95005  0.2  0.2		4.1705503158		-1.0
	38859.99999997	35.63462		1.07185  0.2  0.2		4.1705503158		-1.0
	38889.99999997	35.40116		1.02483  0.2  0.2		4.1705503158		-1.0
	38919.99999997	34.68133		0.73365  0.2  0.2		4.1705503158		-1.0
	38949.99999997	34.06963		0.68251  0.2  0.2		4.1705503158		-1.0
	38979.99999997	33.76197		-0.16701  0.2  0.2		4.1705503158		-1.0
	39009.99999997	33.22495		-1.06442  0.2  0.2		4.1705503158		-1.0
