	30.00000000	2.70461		-2.9116  0.2  0.2		4.1705503158		-1.0
	60.00000000	2.75136		-2.91579  0.2  0.2		4.1705503158		-1.0
	90.00000000	2.89226		-2.95045  0.2  0.2		4.1705503158		-1.0
	120.00000000	3.13544		2.96416  0.2  0.2		4.1705503158		-1.0
	150.00000000	3.13915		3.01373  0.2  0.2		4.1705503158		-1.0
	180.00000000	3.27518		-3.13896  0.2  0.2		4.1705503158		-1.0
	210.00000000	3.0723		-3.09283  0.2  0.2		4.1705503158		-1.0
	240.00000000	2.96873		-2.95594  0.2  0.2		4.1705503158		-1.0
	270.00000000	2.71856		-2.88531  0.2  0.2		4.1705503158		-1.0
	300.00000000	2.86763		-2.68559  0.2  0.2		4.1705503158		-1.0
	330.00000000	3.06724		-2.43826  0.2  0.2		4.1705503158		-1.0
	360.00000000	3.25191		-2.32372  0.2  0.2		4.1705503158		-1.0
	390.00000000	3.18446		-2.40489  0.2  0.2		4.1705503158		-1.0
	420.00000000	3.05571		-2.54475  0.2  0.2		4.1705503158		-1.0
	450.00000000	2.78236		-2.68634  0.2  0.2		4.1705503158		-1.0
	480.00000000	3.04627		-2.51398  0.2  0.2		4.1705503158		-1.0
	510.00000000	3.0381		-2.25347  0.2  0.2		4.1705503158		-1.0
	540.00000000	3.12359		-1.9918  0.2  0.2		4.1705503158		-1.0
	570.00000000	3.12967		-1.81692  0.2  0.2		4.1705503158		-1.0
	600.00000000	3.0338		-1.56116  0.2  0.2		4.1705503158		-1.0
	630.00000000	3.00544		-1.60998  0.2  0.2		4.1705503158		-1.0
	660.00000000	2.831		-1.91428  0.2  0.2		4.1705503158		-1.0
	690.00000000	2.75846		-1.75588  0.2  0.2		4.1705503158		-1.0
	720.00000000	2.99055		-1.29948  0.2  0.2		4.1705503158		-1.0
	750.00000000	2.93408		-0.8885  0.2  0.2		4.1705503158		-1.0
	780.00000000	2.80546		-1.12156  0.2  0.2		4.1705503158		-1.0
	810.00000000	2.75737		-1.21157  0.2  0.2		4.1705503158		-1.0
	840.00000000	2.95569		-1.34141  0.2  0.2		4.1705503158		-1.0
	870.00000000	2.95146		-1.83429  0.2  0.2		4.1705503158		-1.0
	900.00000000	2.94322		-2.03305  0.2  0.2		4.1705503158		-1.0
	930.00000000	2.88466		-1.72503  0.2  0.2		4.1705503158		-1.0
	960.00000000	2.89578		-1.48709  0.2  0.2		4.1705503158		-1.0
	990.00000000	2.75695		-1.44704  0.2  0.2		4.1705503158		-1.0
	1020.00000000	3.03347		-1.34479  0.2  0.2		4.1705503158		-1.0
	1050.00000000	2.92702		-1.01911  0.2  0.2		4.1705503158		-1.0
	1080.00000000	2.92911		-1.12649  0.2  0.2		4.1705503158		-1.0
	1110.00000000	2.80928		-1.12043  0.2  0.2		4.1705503158		-1.0
	1140.00000000	2.90504		-0.76177  0.2  0.2		4.1705503158		-1.0
	1170.00000000	2.9692		-0.31903  0.2  0.2		4.1705503158		-1.0
	1200.00000000	3.13587		-0.3109  0.2  0.2		4.1705503158		-1.0
	1230.00000000	3.03825		-0.29773  0.2  0.2		4.1705503158		-1.0
	1260.00000000	3.03119		-0.2569  0.2  0.2		4.1705503158		-1.0
	1290.00000000	3.01891		-0.29867  0.2  0.2		4.1705503158		-1.0
	1320.00000000	2.84246		-0.4051  0.2  0.2		4.1705503158		-1.0
	1350.00000000	2.95043		-0.84136  0.2  0.2		4.1705503158		-1.0
	1380.00000000	3.09211		-0.91316  0.2  0.2		4.1705503158		-1.0
	1410.00000000	2.95304		-0.83624  0.2  0.2		4.1705503158		-1.0
	1440.00000000	2.94749		-0.85402  0.2  0.2		4.1705503158		-1.0
	1470.00000000	2.87532		-0.63807  0.2  0.2		4.1705503158		-1.0
	1500.00000000	2.88212		-0.00347  0.2  0.2		4.1705503158		-1.0
	1530.00000000	2.99822		0.59048  0.2  0.2		4.1705503158		-1.0
	1560.00000000	3.00568		1.10292  0.2  0.2		4.1705503158		-1.0
	1590.00000000	3.05371		1.40809  0.2  0.2		4.1705503158		-1.0
	1620.00000000	2.96985		1.09155  0.2  0.2		4.1705503158		-1.0
	1650.00000000	2.85047		0.67244  0.2  0.2		4.1705503158		-1.0
	1680.00000000	2.91204		0.42853  0.2  0.2		4.1705503158		-1.0
	1710.00000000	2.95983		0.38824  0.2  0.2		4.1705503158		-1.0
	1740.00000000	3.02115		0.23077  0.2  0.2		4.1705503158		-1.0
	1770.00000000	2.85452		-0.04228  0.2  0.2		4.1705503158		-1.0
	1800.00000000	2.81106		-0.2488  0.2  0.2		4.1705503158		-1.0
	1830.00000000	2.85115		-0.46595  0.2  0.2		4.1705503158		-1.0
	1860.00000000	3.02991		-0.70558  0.2  0.2		4.1705503158		-1.0
	1890.00000000	2.99257		-0.6625  0.2  0.2		4.1705503158		-1.0
	1920.00000000	3.12046		-0.47135  0.2  0.2		4.1705503158		-1.0
	1950.00000000	2.88947		-0.15098  0.2  0.2		4.1705503158		-1.0
	1980.00000000	3.13496		0.45078  0.2  0.2		4.1705503158		-1.0
	2010.00000000	2.87832		0.9325  0.2  0.2		4.1705503158		-1.0
	2040.00000000	2.79989		1.38825  0.2  0.2		4.1705503158		-1.0
	2070.00000000	2.89034		1.41837  0.2  0.2		4.1705503158		-1.0
	2100.00000000	3.08488		1.207  0.2  0.2		4.1705503158		-1.0
	2130.00000000	2.8344		1.19696  0.2  0.2		4.1705503158		-1.0
	2160.00000000	2.77608		1.62437  0.2  0.2		4.1705503158		-1.0
	2190.00000000	2.75103		1.76749  0.2  0.2		4.1705503158		-1.0
	2220.00000000	2.93602		1.88565  0.2  0.2		4.1705503158		-1.0
	2250.00000000	2.89893		2.00577  0.2  0.2		4.1705503158		-1.0
	2280.00000000	2.8514		2.06657  0.2  0.2		4.1705503158		-1.0
	2310.00000000	3.0724		1.69944  0.2  0.2		4.1705503158		-1.0
	2340.00000000	2.82169		1.44581  0.2  0.2		4.1705503158		-1.0
	2370.00000000	2.76221		1.25401  0.2  0.2		4.1705503158		-1.0
	2400.00000000	3.13921		1.49105  0.2  0.2		4.1705503158		-1.0
	2430.00000000	2.85682		1.96035  0.2  0.2		4.1705503158		-1.0
	2460.00000000	2.86483		2.53251  0.2  0.2		4.1705503158		-1.0
	2490.00000000	2.87463		2.67144  0.2  0.2		4.1705503158		-1.0
	2520.00000000	2.9295		2.48751  0.2  0.2		4.1705503158		-1.0
	2550.00000000	3.0731		2.31639  0.2  0.2		4.1705503158		-1.0
	2580.00000000	2.90271		2.23547  0.2  0.2		4.1705503158		-1.0
	2610.00000000	2.90322		2.25709  0.2  0.2		4.1705503158		-1.0
	2640.00000000	2.8865		2.06131  0.2  0.2		4.1705503158		-1.0
	2670.00000000	3.10618		1.96179  0.2  0.2		4.1705503158		-1.0
	2700.00000000	2.80948		2.2203  0.2  0.2		4.1705503158		-1.0
	2730.00000000	2.89366		2.66191  0.2  0.2		4.1705503158		-1.0
	2760.00000000	2.91033		3.01515  0.2  0.2		4.1705503158		-1.0
	2790.00000000	2.83611		2.96158  0.2  0.2		4.1705503158		-1.0
	2820.00000000	2.74639		2.78018  0.2  0.2		4.1705503158		-1.0
	2850.00000000	2.97252		2.88412  0.2  0.2		4.1705503158		-1.0
	2880.00000000	3.26295		-3.05493  0.2  0.2		4.1705503158		-1.0
	2910.00000000	2.83166		-2.55573  0.2  0.2		4.1705503158		-1.0
	2940.00000000	2.76868		-2.46351  0.2  0.2		4.1705503158		-1.0
	2970.00000000	2.7385		-2.60633  0.2  0.2		4.1705503158		-1.0
	3000.00000000	3.02659		-2.80749  0.2  0.2		4.1705503158		-1.0
	3030.00000000	3.01171		-2.64634  0.2  0.2		4.1705503158		-1.0
	3060.00000000	2.66863		-2.5433  0.2  0.2		4.1705503158		-1.0
	3090.00000000	2.93704		-2.20871  0.2  0.2		4.1705503158		-1.0
	3120.00000000	3.24932		-1.79039  0.2  0.2		4.1705503158		-1.0
	3150.00000000	2.80086		-2.03954  0.2  0.2		4.1705503158		-1.0
	3180.00000000	2.94176		-2.27224  0.2  0.2		4.1705503158		-1.0
	3210.00000000	3.06292		-2.26605  0.2  0.2		4.1705503158		-1.0
	3240.00000000	2.82305		-2.09884  0.2  0.2		4.1705503158		-1.0
	3270.00000000	3.32643		-1.61824  0.2  0.2		4.1705503158		-1.0
	3300.00000000	2.81342		-1.79921  0.2  0.2		4.1705503158		-1.0
	3330.00000000	3.05693		-1.84807  0.2  0.2		4.1705503158		-1.0
	3360.00000000	2.86379		-1.52846  0.2  0.2		4.1705503158		-1.0
	3390.00000000	3.05066		-1.14902  0.2  0.2		4.1705503158		-1.0
	3420.00000000	3.18072		-1.12877  0.2  0.2		4.1705503158		-1.0
	3450.00000000	3.26108		-1.26977  0.2  0.2		4.1705503158		-1.0
	3480.00000000	2.70226		-1.56745  0.2  0.2		4.1705503158		-1.0
	3510.00000000	3.10588		-1.49546  0.2  0.2		4.1705503158		-1.0
	3540.00000000	2.79349		-1.02824  0.2  0.2		4.1705503158		-1.0
	3570.00000000	3.22289		-0.88585  0.2  0.2		4.1705503158		-1.0
	3600.00000000	2.72835		-1.20657  0.2  0.2		4.1705503158		-1.0
	3630.00000000	2.9259		-1.63564  0.2  0.2		4.1705503158		-1.0
	3660.00000000	3.05904		-1.71247  0.2  0.2		4.1705503158		-1.0
	3690.00000000	2.87795		-1.62039  0.2  0.2		4.1705503158		-1.0
	3720.00000000	2.95499		-1.4202  0.2  0.2		4.1705503158		-1.0
	3750.00000000	2.7355		-1.64692  0.2  0.2		4.1705503158		-1.0
	3780.00000000	3.39378		-2.02057  0.2  0.2		4.1705503158		-1.0
	3810.00000000	2.82478		-2.22241  0.2  0.2		4.1705503158		-1.0
	3840.00000000	3.23932		-2.35544  0.2  0.2		4.1705503158		-1.0
	3870.00000000	2.96642		-2.09799  0.2  0.2		4.1705503158		-1.0
	3900.00000000	2.91446		-1.94933  0.2  0.2		4.1705503158		-1.0
	3930.00000000	3.30097		-1.98509  0.2  0.2		4.1705503158		-1.0
	3960.00000000	2.71152		-2.16598  0.2  0.2		4.1705503158		-1.0
	3990.00000000	2.97712		-2.34823  0.2  0.2		4.1705503158		-1.0
	4020.00000000	2.97809		-2.55699  0.2  0.2		4.1705503158		-1.0
	4050.00000000	2.99166		-2.90222  0.2  0.2		4.1705503158		-1.0
	4080.00000000	3.26049		-3.07027  0.2  0.2		4.1705503158		-1.0
	4110.00000000	2.94501		-3.06337  0.2  0.2		4.1705503158		-1.0
	4140.00000000	2.93638		-3.10672  0.2  0.2		4.1705503158		-1.0
	4170.00000000	2.89827		3.09843  0.2  0.2		4.1705503158		-1.0
	4200.00000000	2.87608		-2.88915  0.2  0.2		4.1705503158		-1.0
	4230.00000000	3.16964		-2.61397  0.2  0.2		4.1705503158		-1.0
	4260.00000000	3.19821		-2.77195  0.2  0.2		4.1705503158		-1.0
	4290.00000000	2.94023		-2.93331  0.2  0.2		4.1705503158		-1.0
	4320.00000000	2.95706		3.1109  0.2  0.2		4.1705503158		-1.0
	4350.00000000	3.06757		2.88828  0.2  0.2		4.1705503158		-1.0
	4380.00000000	2.77744		2.82009  0.2  0.2		4.1705503158		-1.0
	4410.00000000	2.94697		2.80644  0.2  0.2		4.1705503158		-1.0
	4440.00000000	2.6769		2.78923  0.2  0.2		4.1705503158		-1.0
	4470.00000000	3.19442		2.70215  0.2  0.2		4.1705503158		-1.0
	4500.00000000	2.80307		2.61191  0.2  0.2		4.1705503158		-1.0
	4530.00000000	3.04724		2.70177  0.2  0.2		4.1705503158		-1.0
	4560.00000000	3.16372		2.42649  0.2  0.2		4.1705503158		-1.0
	4590.00000000	3.00052		2.38336  0.2  0.2		4.1705503158		-1.0
	4620.00000000	3.14597		2.36936  0.2  0.2		4.1705503158		-1.0
	4650.00000000	2.71851		2.4057  0.2  0.2		4.1705503158		-1.0
	4680.00000000	3.32718		2.62483  0.2  0.2		4.1705503158		-1.0
	4710.00000000	2.86925		2.73738  0.2  0.2		4.1705503158		-1.0
	4740.00000000	3.13202		2.72199  0.2  0.2		4.1705503158		-1.0
	4770.00000000	3.04574		2.7503  0.2  0.2		4.1705503158		-1.0
	4800.00000000	2.94067		3.09094  0.2  0.2		4.1705503158		-1.0
	4830.00000000	3.50449		-2.9162  0.2  0.2		4.1705503158		-1.0
	4860.00000000	2.72146		-2.88646  0.2  0.2		4.1705503158		-1.0
	4890.00000000	2.60538		3.02879  0.2  0.2		4.1705503158		-1.0
	4920.00000000	3.1795		2.78639  0.2  0.2		4.1705503158		-1.0
	4950.00000000	2.78127		2.63947  0.2  0.2		4.1705503158		-1.0
	4980.00000000	3.35206		2.46824  0.2  0.2		4.1705503158		-1.0
	5010.00000000	2.67918		2.49608  0.2  0.2		4.1705503158		-1.0
	5040.00000000	3.06006		2.76814  0.2  0.2		4.1705503158		-1.0
	5070.00000000	2.82595		-3.12454  0.2  0.2		4.1705503158		-1.0
	5100.00000000	2.75411		3.13796  0.2  0.2		4.1705503158		-1.0
	5130.00000000	3.17858		3.13089  0.2  0.2		4.1705503158		-1.0
	5160.00000000	3.17954		2.8845  0.2  0.2		4.1705503158		-1.0
	5190.00000000	3.42768		2.82551  0.2  0.2		4.1705503158		-1.0
	5220.00000000	3.24521		-3.05372  0.2  0.2		4.1705503158		-1.0
	5250.00000000	3.07213		-2.58428  0.2  0.2		4.1705503158		-1.0
	5280.00000000	3.11001		-2.50991  0.2  0.2		4.1705503158		-1.0
	5310.00000000	2.51131		-2.73241  0.2  0.2		4.1705503158		-1.0
	5340.00000000	3.18914		-2.89308  0.2  0.2		4.1705503158		-1.0
	5370.00000000	2.96826		-2.80944  0.2  0.2		4.1705503158		-1.0
	5400.00000000	3.15658		-2.55222  0.2  0.2		4.1705503158		-1.0
	5430.00000000	2.71777		-2.37855  0.2  0.2		4.1705503158		-1.0
	5460.00000000	2.72866		-2.36822  0.2  0.2		4.1705503158		-1.0
	5490.00000000	2.71971		-2.60185  0.2  0.2		4.1705503158		-1.0
	5520.00000000	2.60902		-2.69649  0.2  0.2		4.1705503158		-1.0
	5550.00000000	3.48203		-2.78541  0.2  0.2		4.1705503158		-1.0
	5580.00000000	2.60994		-2.90787  0.2  0.2		4.1705503158		-1.0
	5610.00000000	3.62566		-3.0975  0.2  0.2		4.1705503158		-1.0
	5640.00000000	2.59492		-3.12211  0.2  0.2		4.1705503158		-1.0
	5670.00000000	2.61288		3.05124  0.2  0.2		4.1705503158		-1.0
	5700.00000000	2.64892		2.88935  0.2  0.2		4.1705503158		-1.0
	5730.00000000	2.6182		2.93819  0.2  0.2		4.1705503158		-1.0
	5760.00000000	3.47562		2.8513  0.2  0.2		4.1705503158		-1.0
	5790.00000000	2.90577		2.56215  0.2  0.2		4.1705503158		-1.0
	5820.00000000	3.09466		2.35823  0.2  0.2		4.1705503158		-1.0
	5850.00000000	2.97289		1.95957  0.2  0.2		4.1705503158		-1.0
	5880.00000000	3.04882		1.39221  0.2  0.2		4.1705503158		-1.0
	5910.00000000	2.97758		1.81141  0.2  0.2		4.1705503158		-1.0
	5940.00000000	2.73405		2.30019  0.2  0.2		4.1705503158		-1.0
	5970.00000000	3.18781		2.27707  0.2  0.2		4.1705503158		-1.0
	6000.00000000	3.12294		1.97437  0.2  0.2		4.1705503158		-1.0
	6030.00000000	2.87861		1.58232  0.2  0.2		4.1705503158		-1.0
	6060.00000000	3.04126		1.24735  0.2  0.2		4.1705503158		-1.0
	6090.00000000	2.83682		0.92249  0.2  0.2		4.1705503158		-1.0
	6120.00000000	2.83437		0.98018  0.2  0.2		4.1705503158		-1.0
	6150.00000000	2.7406		1.21528  0.2  0.2		4.1705503158		-1.0
	6180.00000000	2.98831		1.2674  0.2  0.2		4.1705503158		-1.0
	6210.00000000	2.82367		0.83219  0.2  0.2		4.1705503158		-1.0
	6240.00000000	3.15438		0.24814  0.2  0.2		4.1705503158		-1.0
	6270.00000000	2.74754		-0.07716  0.2  0.2		4.1705503158		-1.0
	6300.00000000	3.03893		0.04702  0.2  0.2		4.1705503158		-1.0
	6330.00000000	2.75664		0.35459  0.2  0.2		4.1705503158		-1.0
	6360.00000000	3.17938		0.84344  0.2  0.2		4.1705503158		-1.0
	6390.00000000	2.70969		0.86937  0.2  0.2		4.1705503158		-1.0
	6420.00000000	3.21675		0.5652  0.2  0.2		4.1705503158		-1.0
	6450.00000000	2.95034		0.56756  0.2  0.2		4.1705503158		-1.0
	6480.00000000	3.07957		0.77499  0.2  0.2		4.1705503158		-1.0
	6510.00000000	2.70239		0.85881  0.2  0.2		4.1705503158		-1.0
	6540.00000000	3.19384		0.88401  0.2  0.2		4.1705503158		-1.0
	6570.00000000	2.74246		0.83101  0.2  0.2		4.1705503158		-1.0
	6600.00000000	3.03394		0.80257  0.2  0.2		4.1705503158		-1.0
	6630.00000000	2.9178		0.53165  0.2  0.2		4.1705503158		-1.0
	6660.00000000	2.86497		-0.02302  0.2  0.2		4.1705503158		-1.0
	6690.00000000	2.90575		0.00758  0.2  0.2		4.1705503158		-1.0
	6720.00000000	3.17865		0.53172  0.2  0.2		4.1705503158		-1.0
	6750.00000000	2.85534		0.64785  0.2  0.2		4.1705503158		-1.0
	6780.00000000	2.81612		0.78634  0.2  0.2		4.1705503158		-1.0
	6810.00000000	3.06217		1.23905  0.2  0.2		4.1705503158		-1.0
	6840.00000000	3.20697		1.45969  0.2  0.2		4.1705503158		-1.0
	6870.00000000	2.80083		1.45889  0.2  0.2		4.1705503158		-1.0
	6900.00000000	2.99461		1.39021  0.2  0.2		4.1705503158		-1.0
	6930.00000000	2.99824		1.22009  0.2  0.2		4.1705503158		-1.0
	6960.00000000	3.18488		1.01959  0.2  0.2		4.1705503158		-1.0
	6990.00000000	2.8593		0.69829  0.2  0.2		4.1705503158		-1.0
	7020.00000000	3.14909		0.14922  0.2  0.2		4.1705503158		-1.0
	7050.00000000	3.04903		0.08952  0.2  0.2		4.1705503158		-1.0
	7080.00000000	2.76083		0.44932  0.2  0.2		4.1705503158		-1.0
	7110.00000000	2.93275		1.05125  0.2  0.2		4.1705503158		-1.0
	7140.00000000	2.84213		1.3277  0.2  0.2		4.1705503158		-1.0
	7170.00000000	2.77725		1.59934  0.2  0.2		4.1705503158		-1.0
	7200.00000000	2.97526		1.57775  0.2  0.2		4.1705503158		-1.0
	7230.00000000	2.73403		1.53101  0.2  0.2		4.1705503158		-1.0
	7260.00000000	3.03297		1.60178  0.2  0.2		4.1705503158		-1.0
	7290.00000000	3.12271		1.67125  0.2  0.2		4.1705503158		-1.0
	7320.00000000	3.11445		1.80799  0.2  0.2		4.1705503158		-1.0
	7350.00000000	3.13573		1.906  0.2  0.2		4.1705503158		-1.0
	7380.00000000	2.6676		1.86612  0.2  0.2		4.1705503158		-1.0
	7410.00000000	2.88012		1.83979  0.2  0.2		4.1705503158		-1.0
	7440.00000000	2.85648		1.94612  0.2  0.2		4.1705503158		-1.0
	7470.00000000	2.7837		2.23695  0.2  0.2		4.1705503158		-1.0
	7500.00000000	2.87932		2.18116  0.2  0.2		4.1705503158		-1.0
	7530.00000000	3.33113		2.00784  0.2  0.2		4.1705503158		-1.0
	7560.00000000	3.04107		2.0199  0.2  0.2		4.1705503158		-1.0
	7590.00000000	3.26182		2.23568  0.2  0.2		4.1705503158		-1.0
	7620.00000000	2.77201		2.34747  0.2  0.2		4.1705503158		-1.0
	7650.00000000	2.67954		2.21726  0.2  0.2		4.1705503158		-1.0
	7680.00000000	3.4498		2.14109  0.2  0.2		4.1705503158		-1.0
	7710.00000000	2.91595		2.05277  0.2  0.2		4.1705503158		-1.0
	7740.00000000	3.37154		1.93873  0.2  0.2		4.1705503158		-1.0
	7770.00000000	3.00024		1.85747  0.2  0.2		4.1705503158		-1.0
	7800.00000000	2.7017		1.75005  0.2  0.2		4.1705503158		-1.0
	7830.00000000	2.63909		1.4264  0.2  0.2		4.1705503158		-1.0
	7860.00000000	2.90253		1.36069  0.2  0.2		4.1705503158		-1.0
	7890.00000000	2.74695		1.48077  0.2  0.2		4.1705503158		-1.0
	7920.00000000	2.74827		1.71552  0.2  0.2		4.1705503158		-1.0
	7950.00000000	2.70512		1.81256  0.2  0.2		4.1705503158		-1.0
	7980.00000000	2.73315		1.78797  0.2  0.2		4.1705503158		-1.0
	8010.00000000	3.32892		1.5331  0.2  0.2		4.1705503158		-1.0
	8040.00000000	3.50742		1.22623  0.2  0.2		4.1705503158		-1.0
	8070.00000000	2.81878		1.04528  0.2  0.2		4.1705503158		-1.0
	8100.00000000	2.97033		1.06216  0.2  0.2		4.1705503158		-1.0
	8130.00000000	3.21785		1.07078  0.2  0.2		4.1705503158		-1.0
	8160.00000000	3.38206		1.15218  0.2  0.2		4.1705503158		-1.0
	8190.00000000	2.96533		1.23125  0.2  0.2		4.1705503158		-1.0
	8220.00000000	2.76868		1.10053  0.2  0.2		4.1705503158		-1.0
	8250.00000000	3.21615		0.75147  0.2  0.2		4.1705503158		-1.0
	8280.00000000	2.75373		0.14041  0.2  0.2		4.1705503158		-1.0
	8310.00000000	3.49656		-0.17731  0.2  0.2		4.1705503158		-1.0
	8340.00000000	2.78559		-0.48248  0.2  0.2		4.1705503158		-1.0
	8370.00000000	3.20056		-0.74191  0.2  0.2		4.1705503158		-1.0
	8400.00000000	3.29472		-0.72356  0.2  0.2		4.1705503158		-1.0
	8430.00000000	3.03894		-0.2659  0.2  0.2		4.1705503158		-1.0
	8460.00000000	3.29472		0.01037  0.2  0.2		4.1705503158		-1.0
	8490.00000000	2.96935		0.05158  0.2  0.2		4.1705503158		-1.0
	8520.00000000	2.82931		0.33752  0.2  0.2		4.1705503158		-1.0
	8550.00000000	2.72711		0.72458  0.2  0.2		4.1705503158		-1.0
	8580.00000000	2.75258		1.08093  0.2  0.2		4.1705503158		-1.0
	8610.00000000	2.8093		1.31385  0.2  0.2		4.1705503158		-1.0
	8640.00000000	2.75273		1.645  0.2  0.2		4.1705503158		-1.0
	8670.00000000	2.81808		1.71007  0.2  0.2		4.1705503158		-1.0
	8700.00000000	3.48727		1.4752  0.2  0.2		4.1705503158		-1.0
	8730.00000000	3.54297		1.57602  0.2  0.2		4.1705503158		-1.0
	8760.00000000	3.28222		1.81621  0.2  0.2		4.1705503158		-1.0
	8790.00000000	3.15737		1.89062  0.2  0.2		4.1705503158		-1.0
	8820.00000000	3.4509		1.80754  0.2  0.2		4.1705503158		-1.0
	8850.00000000	3.52236		1.91215  0.2  0.2		4.1705503158		-1.0
	8880.00000000	2.9852		2.26256  0.2  0.2		4.1705503158		-1.0
	8910.00000000	2.77942		2.58691  0.2  0.2		4.1705503158		-1.0
	8940.00000000	2.92357		2.79074  0.2  0.2		4.1705503158		-1.0
	8970.00000000	3.56215		2.8979  0.2  0.2		4.1705503158		-1.0
	9000.00000000	3.45401		2.76055  0.2  0.2		4.1705503158		-1.0
	9030.00000000	3.18798		2.79201  0.2  0.2		4.1705503158		-1.0
	9060.00000000	3.13296		2.85159  0.2  0.2		4.1705503158		-1.0
	9090.00000000	3.05978		2.66252  0.2  0.2		4.1705503158		-1.0
	9120.00000000	3.21286		2.42745  0.2  0.2		4.1705503158		-1.0
	9150.00000000	3.39631		2.47806  0.2  0.2		4.1705503158		-1.0
	9180.00000000	2.73664		2.72385  0.2  0.2		4.1705503158		-1.0
	9210.00000000	2.94006		2.98999  0.2  0.2		4.1705503158		-1.0
	9240.00000000	2.88871		-3.09734  0.2  0.2		4.1705503158		-1.0
	9270.00000000	2.94825		-2.81117  0.2  0.2		4.1705503158		-1.0
	9300.00000000	3.3311		-3.07858  0.2  0.2		4.1705503158		-1.0
	9330.00000000	3.50012		3.08665  0.2  0.2		4.1705503158		-1.0
	9360.00000000	3.46877		-3.07035  0.2  0.2		4.1705503158		-1.0
	9390.00000000	3.30427		-2.79993  0.2  0.2		4.1705503158		-1.0
	9420.00000000	3.49455		-2.66452  0.2  0.2		4.1705503158		-1.0
	9450.00000000	3.28954		-2.67582  0.2  0.2		4.1705503158		-1.0
	9480.00000000	3.48083		-2.6706  0.2  0.2		4.1705503158		-1.0
	9510.00000000	2.69535		-2.82748  0.2  0.2		4.1705503158		-1.0
	9540.00000000	3.73362		-2.71068  0.2  0.2		4.1705503158		-1.0
	9570.00000000	2.8696		-2.34722  0.2  0.2		4.1705503158		-1.0
	9600.00000000	3.35081		-2.08263  0.2  0.2		4.1705503158		-1.0
	9630.00000000	3.07046		-2.25538  0.2  0.2		4.1705503158		-1.0
	9660.00000000	2.93385		-2.21466  0.2  0.2		4.1705503158		-1.0
	9690.00000000	3.50812		-2.07948  0.2  0.2		4.1705503158		-1.0
	9720.00000000	2.88303		-1.93598  0.2  0.2		4.1705503158		-1.0
	9750.00000000	2.98493		-1.79352  0.2  0.2		4.1705503158		-1.0
	9780.00000000	3.35262		-1.7578  0.2  0.2		4.1705503158		-1.0
	9810.00000000	3.05749		-1.83595  0.2  0.2		4.1705503158		-1.0
	9840.00000000	3.15412		-1.68468  0.2  0.2		4.1705503158		-1.0
	9870.00000000	2.73157		-1.22877  0.2  0.2		4.1705503158		-1.0
	9900.00000000	3.23781		-1.34855  0.2  0.2		4.1705503158		-1.0
	9930.00000000	2.67842		-1.5707  0.2  0.2		4.1705503158		-1.0
	9960.00000000	3.4152		-1.41293  0.2  0.2		4.1705503158		-1.0
	9990.00000000	2.75455		-1.04419  0.2  0.2		4.1705503158		-1.0
	10020.00000000	2.74231		-0.72073  0.2  0.2		4.1705503158		-1.0
	10050.00000000	3.0211		-0.89399  0.2  0.2		4.1705503158		-1.0
	10080.00000000	2.67805		-1.12694  0.2  0.2		4.1705503158		-1.0
	10110.00000000	3.04216		-1.28863  0.2  0.2		4.1705503158		-1.0
	10140.00000000	3.09974		-1.13954  0.2  0.2		4.1705503158		-1.0
	10170.00000000	2.92183		-1.01977  0.2  0.2		4.1705503158		-1.0
	10200.00000000	3.08712		-0.43137  0.2  0.2		4.1705503158		-1.0
	10230.00000000	2.79764		-0.17032  0.2  0.2		4.1705503158		-1.0
	10260.00000000	3.25296		-0.26885  0.2  0.2		4.1705503158		-1.0
	10290.00000000	2.65714		-0.49552  0.2  0.2		4.1705503158		-1.0
	10320.00000000	3.31965		-0.70794  0.2  0.2		4.1705503158		-1.0
	10350.00000000	2.74669		-0.4161  0.2  0.2		4.1705503158		-1.0
	10380.00000000	2.73047		-0.43741  0.2  0.2		4.1705503158		-1.0
	10410.00000000	3.35435		-0.46852  0.2  0.2		4.1705503158		-1.0
	10440.00000000	2.60854		-0.48367  0.2  0.2		4.1705503158		-1.0
	10470.00000000	3.23399		-0.31809  0.2  0.2		4.1705503158		-1.0
	10500.00000000	2.69421		0.10693  0.2  0.2		4.1705503158		-1.0
	10530.00000000	3.41899		0.35103  0.2  0.2		4.1705503158		-1.0
	10560.00000000	2.70749		0.18319  0.2  0.2		4.1705503158		-1.0
	10590.00000000	2.94657		-0.06792  0.2  0.2		4.1705503158		-1.0
	10620.00000000	3.07317		-0.25658  0.2  0.2		4.1705503158		-1.0
	10650.00000000	3.03429		-0.24729  0.2  0.2		4.1705503158		-1.0
	10680.00000000	3.31562		0.08542  0.2  0.2		4.1705503158		-1.0
	10710.00000000	2.68652		0.63313  0.2  0.2		4.1705503158		-1.0
	10740.00000000	3.4653		0.86136  0.2  0.2		4.1705503158		-1.0
	10770.00000000	3.05817		0.99193  0.2  0.2		4.1705503158		-1.0
	10800.00000000	3.25138		1.21608  0.2  0.2		4.1705503158		-1.0
	10830.00000001	3.54253		1.441  0.2  0.2		4.1705503158		-1.0
	10860.00000001	3.22866		1.53648  0.2  0.2		4.1705503158		-1.0
	10890.00000001	3.28859		1.48748  0.2  0.2		4.1705503158		-1.0
	10920.00000001	3.58486		1.3892  0.2  0.2		4.1705503158		-1.0
	10950.00000001	3.0521		1.4415  0.2  0.2		4.1705503158		-1.0
	10980.00000001	3.79214		1.51741  0.2  0.2		4.1705503158		-1.0
	11010.00000001	3.09925		1.8621  0.2  0.2		4.1705503158		-1.0
	11040.00000001	3.62277		2.22238  0.2  0.2		4.1705503158		-1.0
	11070.00000001	2.70832		2.47996  0.2  0.2		4.1705503158		-1.0
	11100.00000001	3.10288		2.43798  0.2  0.2		4.1705503158		-1.0
	11130.00000001	3.41166		2.13594  0.2  0.2		4.1705503158		-1.0
	11160.00000001	3.28008		1.76557  0.2  0.2		4.1705503158		-1.0
	11190.00000001	2.95528		1.67778  0.2  0.2		4.1705503158		-1.0
	11220.00000001	2.79724		2.10337  0.2  0.2		4.1705503158		-1.0
	11250.00000001	2.74667		2.56661  0.2  0.2		4.1705503158		-1.0
	11280.00000001	2.76496		2.46486  0.2  0.2		4.1705503158		-1.0
	11310.00000001	2.71381		2.2126  0.2  0.2		4.1705503158		-1.0
	11340.00000001	2.77603		1.85136  0.2  0.2		4.1705503158		-1.0
	11370.00000001	2.63456		1.52882  0.2  0.2		4.1705503158		-1.0
	11400.00000001	2.60231		1.85935  0.2  0.2		4.1705503158		-1.0
	11430.00000001	2.62855		2.10008  0.2  0.2		4.1705503158		-1.0
	11460.00000001	2.68399		2.44362  0.2  0.2		4.1705503158		-1.0
	11490.00000001	3.17308		2.48588  0.2  0.2		4.1705503158		-1.0
	11520.00000001	2.97481		2.35357  0.2  0.2		4.1705503158		-1.0
	11550.00000001	2.89592		2.33983  0.2  0.2		4.1705503158		-1.0
	11580.00000001	3.5897		2.40381  0.2  0.2		4.1705503158		-1.0
	11610.00000001	3.31841		2.65083  0.2  0.2		4.1705503158		-1.0
	11640.00000001	3.84142		2.73532  0.2  0.2		4.1705503158		-1.0
	11670.00000001	2.64447		2.94827  0.2  0.2		4.1705503158		-1.0
	11700.00000001	3.78372		2.98784  0.2  0.2		4.1705503158		-1.0
	11730.00000001	3.41695		2.87477  0.2  0.2		4.1705503158		-1.0
	11760.00000001	3.45688		2.65439  0.2  0.2		4.1705503158		-1.0
	11790.00000001	3.96677		2.95204  0.2  0.2		4.1705503158		-1.0
	11820.00000001	3.07461		-2.94016  0.2  0.2		4.1705503158		-1.0
	11850.00000001	3.40381		-2.82382  0.2  0.2		4.1705503158		-1.0
	11880.00000001	2.97341		-2.84382  0.2  0.2		4.1705503158		-1.0
	11910.00000001	2.82047		-2.57178  0.2  0.2		4.1705503158		-1.0
	11940.00000001	2.94414		-2.40642  0.2  0.2		4.1705503158		-1.0
	11970.00000001	2.99868		-2.5146  0.2  0.2		4.1705503158		-1.0
	12000.00000001	3.66219		-2.58811  0.2  0.2		4.1705503158		-1.0
	12030.00000001	3.33484		-2.88056  0.2  0.2		4.1705503158		-1.0
	12060.00000001	3.76805		-2.85717  0.2  0.2		4.1705503158		-1.0
	12090.00000001	2.68665		-2.79703  0.2  0.2		4.1705503158		-1.0
	12120.00000001	3.65077		-2.92362  0.2  0.2		4.1705503158		-1.0
	12150.00000001	3.16767		-2.99442  0.2  0.2		4.1705503158		-1.0
	12180.00000001	2.71749		-2.99597  0.2  0.2		4.1705503158		-1.0
	12210.00000001	3.81556		-2.68693  0.2  0.2		4.1705503158		-1.0
	12240.00000001	3.20316		-2.63899  0.2  0.2		4.1705503158		-1.0
	12270.00000001	2.9675		-2.76463  0.2  0.2		4.1705503158		-1.0
	12300.00000001	3.34711		-2.5541  0.2  0.2		4.1705503158		-1.0
	12330.00000001	3.5238		-2.2241  0.2  0.2		4.1705503158		-1.0
	12360.00000001	2.72019		-1.90819  0.2  0.2		4.1705503158		-1.0
	12390.00000001	2.9433		-2.11841  0.2  0.2		4.1705503158		-1.0
	12420.00000001	2.65405		-2.34497  0.2  0.2		4.1705503158		-1.0
	12450.00000001	3.33352		-1.94463  0.2  0.2		4.1705503158		-1.0
	12480.00000001	3.36484		-1.82666  0.2  0.2		4.1705503158		-1.0
	12510.00000001	3.14785		-1.67142  0.2  0.2		4.1705503158		-1.0
	12540.00000001	3.68407		-1.76149  0.2  0.2		4.1705503158		-1.0
	12570.00000001	2.86726		-2.11151  0.2  0.2		4.1705503158		-1.0
	12600.00000001	2.98128		-1.91854  0.2  0.2		4.1705503158		-1.0
	12630.00000001	3.59884		-1.53685  0.2  0.2		4.1705503158		-1.0
	12660.00000001	2.69196		-1.18796  0.2  0.2		4.1705503158		-1.0
	12690.00000001	3.29091		-1.31071  0.2  0.2		4.1705503158		-1.0
	12720.00000001	3.28274		-1.30545  0.2  0.2		4.1705503158		-1.0
	12750.00000001	2.81541		-1.43875  0.2  0.2		4.1705503158		-1.0
	12780.00000001	3.63248		-1.33501  0.2  0.2		4.1705503158		-1.0
	12810.00000001	3.09355		-0.95465  0.2  0.2		4.1705503158		-1.0
	12840.00000001	3.40254		-0.59991  0.2  0.2		4.1705503158		-1.0
	12870.00000001	2.96636		-0.55985  0.2  0.2		4.1705503158		-1.0
	12900.00000001	2.97991		-0.64969  0.2  0.2		4.1705503158		-1.0
	12930.00000001	3.60661		-0.98455  0.2  0.2		4.1705503158		-1.0
	12960.00000001	2.97216		-1.22464  0.2  0.2		4.1705503158		-1.0
	12990.00000001	3.07074		-1.1174  0.2  0.2		4.1705503158		-1.0
	13020.00000001	3.33577		-0.86674  0.2  0.2		4.1705503158		-1.0
	13050.00000001	3.36444		-0.71115  0.2  0.2		4.1705503158		-1.0
	13080.00000001	3.23996		-0.63371  0.2  0.2		4.1705503158		-1.0
	13110.00000001	3.17103		-0.8603  0.2  0.2		4.1705503158		-1.0
	13140.00000001	3.49605		-0.98852  0.2  0.2		4.1705503158		-1.0
	13170.00000001	3.22754		-0.94987  0.2  0.2		4.1705503158		-1.0
	13200.00000001	3.37218		-0.90945  0.2  0.2		4.1705503158		-1.0
	13230.00000001	3.6098		-0.81148  0.2  0.2		4.1705503158		-1.0
	13260.00000001	3.11589		-0.54579  0.2  0.2		4.1705503158		-1.0
	13290.00000001	2.86075		-0.96665  0.2  0.2		4.1705503158		-1.0
	13320.00000001	2.83422		-0.70031  0.2  0.2		4.1705503158		-1.0
	13350.00000001	2.73464		-0.3743  0.2  0.2		4.1705503158		-1.0
	13380.00000001	2.79556		-0.6049  0.2  0.2		4.1705503158		-1.0
	13410.00000001	2.71468		-0.78654  0.2  0.2		4.1705503158		-1.0
	13440.00000001	2.61147		-0.86439  0.2  0.2		4.1705503158		-1.0
	13470.00000001	2.60297		-0.78421  0.2  0.2		4.1705503158		-1.0
	13500.00000001	2.77951		-0.44195  0.2  0.2		4.1705503158		-1.0
	13530.00000001	2.71915		-0.40856  0.2  0.2		4.1705503158		-1.0
	13560.00000001	2.74419		-0.79238  0.2  0.2		4.1705503158		-1.0
	13590.00000001	2.74193		-1.19348  0.2  0.2		4.1705503158		-1.0
	13620.00000001	2.70374		-1.94788  0.2  0.2		4.1705503158		-1.0
	13650.00000001	2.65455		-2.16316  0.2  0.2		4.1705503158		-1.0
	13680.00000001	2.70425		-1.89241  0.2  0.2		4.1705503158		-1.0
	13710.00000001	2.72854		-1.5099  0.2  0.2		4.1705503158		-1.0
	13740.00000001	2.70617		-1.02537  0.2  0.2		4.1705503158		-1.0
	13770.00000001	2.7017		-0.90468  0.2  0.2		4.1705503158		-1.0
	13800.00000001	2.73468		-0.91129  0.2  0.2		4.1705503158		-1.0
	13830.00000001	2.8002		-0.95134  0.2  0.2		4.1705503158		-1.0
	13860.00000001	3.22946		-1.43977  0.2  0.2		4.1705503158		-1.0
	13890.00000001	3.1103		-1.50708  0.2  0.2		4.1705503158		-1.0
	13920.00000001	3.43744		-1.45969  0.2  0.2		4.1705503158		-1.0
	13950.00000001	3.13685		-1.36726  0.2  0.2		4.1705503158		-1.0
	13980.00000001	3.50177		-1.08078  0.2  0.2		4.1705503158		-1.0
	14010.00000001	3.38136		-1.13636  0.2  0.2		4.1705503158		-1.0
	14040.00000001	3.29663		-1.11463  0.2  0.2		4.1705503158		-1.0
	14070.00000001	3.45266		-1.16076  0.2  0.2		4.1705503158		-1.0
	14100.00000001	3.28512		-1.20922  0.2  0.2		4.1705503158		-1.0
	14130.00000001	3.20897		-1.13016  0.2  0.2		4.1705503158		-1.0
	14160.00000001	2.65492		-0.97633  0.2  0.2		4.1705503158		-1.0
	14190.00000001	3.54761		-1.07553  0.2  0.2		4.1705503158		-1.0
	14220.00000001	3.65038		-1.07144  0.2  0.2		4.1705503158		-1.0
	14250.00000000	3.12625		-0.79226  0.2  0.2		4.1705503158		-1.0
	14280.00000000	3.63171		-0.59614  0.2  0.2		4.1705503158		-1.0
	14310.00000000	3.11316		-0.30393  0.2  0.2		4.1705503158		-1.0
	14340.00000000	3.41849		-0.21094  0.2  0.2		4.1705503158		-1.0
	14370.00000000	3.2722		0.34058  0.2  0.2		4.1705503158		-1.0
	14400.00000000	3.34686		1.06561  0.2  0.2		4.1705503158		-1.0
	14430.00000000	3.21404		0.8813  0.2  0.2		4.1705503158		-1.0
	14460.00000000	3.23396		0.60129  0.2  0.2		4.1705503158		-1.0
	14490.00000000	2.89807		0.36626  0.2  0.2		4.1705503158		-1.0
	14520.00000000	3.06136		0.30531  0.2  0.2		4.1705503158		-1.0
	14550.00000000	3.28706		0.49542  0.2  0.2		4.1705503158		-1.0
	14580.00000000	2.58514		0.54003  0.2  0.2		4.1705503158		-1.0
	14610.00000000	3.53135		0.37133  0.2  0.2		4.1705503158		-1.0
	14640.00000000	2.67496		0.13299  0.2  0.2		4.1705503158		-1.0
	14670.00000000	3.36061		0.11888  0.2  0.2		4.1705503158		-1.0
	14700.00000000	2.9755		0.16998  0.2  0.2		4.1705503158		-1.0
	14730.00000000	2.98493		0.43155  0.2  0.2		4.1705503158		-1.0
	14760.00000000	3.31465		0.67723  0.2  0.2		4.1705503158		-1.0
	14790.00000000	2.772		0.75876  0.2  0.2		4.1705503158		-1.0
	14820.00000000	2.96602		0.70325  0.2  0.2		4.1705503158		-1.0
	14850.00000000	2.81215		0.42906  0.2  0.2		4.1705503158		-1.0
	14880.00000000	3.37438		0.19826  0.2  0.2		4.1705503158		-1.0
	14910.00000000	3.1027		-0.10253  0.2  0.2		4.1705503158		-1.0
	14940.00000000	2.9854		-0.49648  0.2  0.2		4.1705503158		-1.0
	14970.00000000	2.69791		-0.84324  0.2  0.2		4.1705503158		-1.0
	15000.00000000	2.82339		-1.31971  0.2  0.2		4.1705503158		-1.0
	15030.00000000	2.75072		-1.60321  0.2  0.2		4.1705503158		-1.0
	15060.00000000	2.78724		-1.49239  0.2  0.2		4.1705503158		-1.0
	15090.00000000	2.7772		-1.38812  0.2  0.2		4.1705503158		-1.0
	15120.00000000	2.80599		-1.35864  0.2  0.2		4.1705503158		-1.0
	15150.00000000	3.78462		-1.46411  0.2  0.2		4.1705503158		-1.0
	15180.00000000	3.228		-1.67996  0.2  0.2		4.1705503158		-1.0
	15210.00000000	3.31129		-1.96027  0.2  0.2		4.1705503158		-1.0
	15240.00000000	3.60281		-2.05622  0.2  0.2		4.1705503158		-1.0
	15270.00000000	3.22395		-2.04454  0.2  0.2		4.1705503158		-1.0
	15300.00000000	3.36829		-2.06601  0.2  0.2		4.1705503158		-1.0
	15330.00000000	3.42069		-2.47048  0.2  0.2		4.1705503158		-1.0
	15360.00000000	3.52135		-2.60916  0.2  0.2		4.1705503158		-1.0
	15390.00000000	2.67474		-2.59632  0.2  0.2		4.1705503158		-1.0
	15420.00000000	3.64132		-2.57676  0.2  0.2		4.1705503158		-1.0
	15450.00000000	2.81949		-2.50162  0.2  0.2		4.1705503158		-1.0
	15480.00000000	3.57595		-2.74231  0.2  0.2		4.1705503158		-1.0
	15510.00000000	4.02905		-2.8409  0.2  0.2		4.1705503158		-1.0
	15540.00000000	3.54504		-2.35938  0.2  0.2		4.1705503158		-1.0
	15570.00000000	3.33743		-2.2192  0.2  0.2		4.1705503158		-1.0
	15600.00000000	3.12845		-2.38085  0.2  0.2		4.1705503158		-1.0
	15630.00000000	3.61024		-2.44522  0.2  0.2		4.1705503158		-1.0
	15660.00000000	3.33858		-2.29119  0.2  0.2		4.1705503158		-1.0
	15690.00000000	3.57301		-2.06022  0.2  0.2		4.1705503158		-1.0
	15720.00000000	3.50206		-1.85694  0.2  0.2		4.1705503158		-1.0
	15750.00000000	3.51414		-1.62085  0.2  0.2		4.1705503158		-1.0
	15780.00000000	3.39831		-1.63823  0.2  0.2		4.1705503158		-1.0
	15810.00000000	2.98982		-1.70344  0.2  0.2		4.1705503158		-1.0
	15840.00000000	2.8522		-1.52515  0.2  0.2		4.1705503158		-1.0
	15870.00000000	2.75431		-1.6669  0.2  0.2		4.1705503158		-1.0
	15900.00000000	3.49714		-1.60157  0.2  0.2		4.1705503158		-1.0
	15930.00000000	3.88198		-1.46191  0.2  0.2		4.1705503158		-1.0
	15960.00000000	3.55989		-1.47612  0.2  0.2		4.1705503158		-1.0
	15990.00000000	3.32212		-1.6679  0.2  0.2		4.1705503158		-1.0
	16020.00000000	3.05499		-1.94005  0.2  0.2		4.1705503158		-1.0
	16050.00000000	3.15635		-2.15353  0.2  0.2		4.1705503158		-1.0
	16080.00000000	3.26011		-2.30849  0.2  0.2		4.1705503158		-1.0
	16110.00000000	3.93159		-2.07115  0.2  0.2		4.1705503158		-1.0
	16140.00000000	3.73055		-1.47619  0.2  0.2		4.1705503158		-1.0
	16170.00000000	3.69585		-1.35709  0.2  0.2		4.1705503158		-1.0
	16200.00000000	3.28906		-1.32126  0.2  0.2		4.1705503158		-1.0
	16230.00000000	2.8001		-1.27387  0.2  0.2		4.1705503158		-1.0
	16260.00000000	2.69901		-1.12404  0.2  0.2		4.1705503158		-1.0
	16290.00000000	3.02969		-1.03039  0.2  0.2		4.1705503158		-1.0
	16320.00000000	4.27199		-1.07725  0.2  0.2		4.1705503158		-1.0
	16350.00000000	4.77174		-1.07496  0.2  0.2		4.1705503158		-1.0
	16380.00000000	5.6384		-1.18524  0.2  0.2		4.1705503158		-1.0
	16410.00000000	6.47066		-1.42801  0.2  0.2		4.1705503158		-1.0
	16440.00000000	7.2529		-1.51037  0.2  0.2		4.1705503158		-1.0
	16470.00000000	8.30469		-1.42299  0.2  0.2		4.1705503158		-1.0
	16500.00000000	8.94062		-1.54664  0.2  0.2		4.1705503158		-1.0
	16530.00000000	9.42238		-2.01886  0.2  0.2		4.1705503158		-1.0
	16560.00000000	9.90173		-2.09874  0.2  0.2		4.1705503158		-1.0
	16590.00000000	9.8704		-1.94189  0.2  0.2		4.1705503158		-1.0
	16620.00000000	10.04635		-1.8574  0.2  0.2		4.1705503158		-1.0
	16650.00000000	10.75792		-1.97052  0.2  0.2		4.1705503158		-1.0
	16680.00000000	11.08337		-2.34391  0.2  0.2		4.1705503158		-1.0
	16710.00000000	11.45813		-3.00396  0.2  0.2		4.1705503158		-1.0
	16740.00000000	11.95403		2.89185  0.2  0.2		4.1705503158		-1.0
	16770.00000000	12.42968		2.81344  0.2  0.2		4.1705503158		-1.0
	16800.00000000	12.77552		3.09451  0.2  0.2		4.1705503158		-1.0
	16830.00000000	13.28272		3.04184  0.2  0.2		4.1705503158		-1.0
	16860.00000000	13.59242		2.76931  0.2  0.2		4.1705503158		-1.0
	16890.00000000	14.19212		2.68534  0.2  0.2		4.1705503158		-1.0
	16920.00000000	15.12604		2.69043  0.2  0.2		4.1705503158		-1.0
	16950.00000000	15.96741		2.55217  0.2  0.2		4.1705503158		-1.0
	16980.00000000	16.95872		2.67714  0.2  0.2		4.1705503158		-1.0
	17010.00000000	17.71322		2.64955  0.2  0.2		4.1705503158		-1.0
	17040.00000000	18.17326		2.70675  0.2  0.2		4.1705503158		-1.0
	17070.00000000	18.83126		2.86659  0.2  0.2		4.1705503158		-1.0
	17100.00000000	19.52797		2.80906  0.2  0.2		4.1705503158		-1.0
	17130.00000000	20.05465		2.71661  0.2  0.2		4.1705503158		-1.0
	17160.00000000	20.75297		2.59556  0.2  0.2		4.1705503158		-1.0
	17190.00000000	21.49271		2.41557  0.2  0.2		4.1705503158		-1.0
	17220.00000000	22.2838		2.40469  0.2  0.2		4.1705503158		-1.0
	17250.00000000	22.53328		2.11032  0.2  0.2		4.1705503158		-1.0
	17280.00000000	23.16316		1.70566  0.2  0.2		4.1705503158		-1.0
	17310.00000000	23.84426		1.46929  0.2  0.2		4.1705503158		-1.0
	17340.00000000	24.50479		1.33392  0.2  0.2		4.1705503158		-1.0
	17370.00000000	25.06372		1.34195  0.2  0.2		4.1705503158		-1.0
	17400.00000000	25.68677		1.56348  0.2  0.2		4.1705503158		-1.0
	17430.00000000	26.2068		1.42504  0.2  0.2		4.1705503158		-1.0
	17460.00000000	26.66228		1.94572  0.2  0.2		4.1705503158		-1.0
	17490.00000000	26.859		2.1888  0.2  0.2		4.1705503158		-1.0
	17520.00000000	27.23715		1.99883  0.2  0.2		4.1705503158		-1.0
	17550.00000000	27.44922		2.06866  0.2  0.2		4.1705503158		-1.0
	17580.00000000	27.81929		2.27921  0.2  0.2		4.1705503158		-1.0
	17610.00000000	28.30388		2.70477  0.2  0.2		4.1705503158		-1.0
	17640.00000000	28.43013		-2.84432  0.2  0.2		4.1705503158		-1.0
	17670.00000000	28.11556		-2.41938  0.2  0.2		4.1705503158		-1.0
	17700.00000000	27.69475		-1.87447  0.2  0.2		4.1705503158		-1.0
	17730.00000000	27.88403		-1.36344  0.2  0.2		4.1705503158		-1.0
	17760.00000000	27.49827		-1.53215  0.2  0.2		4.1705503158		-1.0
	17790.00000000	26.65697		-1.7471  0.2  0.2		4.1705503158		-1.0
	17820.00000000	25.78973		-1.50864  0.2  0.2		4.1705503158		-1.0
	17850.00000000	25.1876		-1.38158  0.2  0.2		4.1705503158		-1.0
	17880.00000000	24.64633		-1.14394  0.2  0.2		4.1705503158		-1.0
	17910.00000000	23.82176		-1.16634  0.2  0.2		4.1705503158		-1.0
	17940.00000000	22.89163		-1.27763  0.2  0.2		4.1705503158		-1.0
	17970.00000000	21.91755		-1.31893  0.2  0.2		4.1705503158		-1.0
	18000.00000000	21.51023		-1.61886  0.2  0.2		4.1705503158		-1.0
	18030.00000000	21.24328		-0.84406  0.2  0.2		4.1705503158		-1.0
	18060.00000000	20.95214		-0.42198  0.2  0.2		4.1705503158		-1.0
	18090.00000000	21.35333		-0.16976  0.2  0.2		4.1705503158		-1.0
	18120.00000000	21.89791		-0.17543  0.2  0.2		4.1705503158		-1.0
	18150.00000000	21.61549		-0.26825  0.2  0.2		4.1705503158		-1.0
	18180.00000000	21.33586		-0.26059  0.2  0.2		4.1705503158		-1.0
	18210.00000000	21.89759		-0.42936  0.2  0.2		4.1705503158		-1.0
	18240.00000000	22.48896		-0.38655  0.2  0.2		4.1705503158		-1.0
	18270.00000000	22.59564		-0.43888  0.2  0.2		4.1705503158		-1.0
	18300.00000000	23.07306		-0.72096  0.2  0.2		4.1705503158		-1.0
	18330.00000000	23.84552		-0.98674  0.2  0.2		4.1705503158		-1.0
	18360.00000000	25.07668		-1.32928  0.2  0.2		4.1705503158		-1.0
	18390.00000000	25.71292		-1.64304  0.2  0.2		4.1705503158		-1.0
	18420.00000000	26.69263		-2.01735  0.2  0.2		4.1705503158		-1.0
	18450.00000000	27.60882		-2.36772  0.2  0.2		4.1705503158		-1.0
	18480.00000000	28.23478		-2.73242  0.2  0.2		4.1705503158		-1.0
	18510.00000000	28.75405		-2.43429  0.2  0.2		4.1705503158		-1.0
	18540.00000000	29.95262		-2.35206  0.2  0.2		4.1705503158		-1.0
	18570.00000000	31.3883		-2.52477  0.2  0.2		4.1705503158		-1.0
	18600.00000000	32.3211		-2.27062  0.2  0.2		4.1705503158		-1.0
	18630.00000000	33.1371		-2.13177  0.2  0.2		4.1705503158		-1.0
	18660.00000000	33.59869		-1.33975  0.2  0.2		4.1705503158		-1.0
	18690.00000000	34.1816		-0.27977  0.2  0.2		4.1705503158		-1.0
	18720.00000000	34.37011		0.00094  0.2  0.2		4.1705503158		-1.0
	18750.00000000	34.53355		0.20731  0.2  0.2		4.1705503158		-1.0
	18780.00000000	35.00536		0.24673  0.2  0.2		4.1705503158		-1.0
	18810.00000000	35.42301		0.1957  0.2  0.2		4.1705503158		-1.0
	18840.00000000	36.07079		-0.1236  0.2  0.2		4.1705503158		-1.0
	18870.00000000	36.67115		-0.35517  0.2  0.2		4.1705503158		-1.0
	18900.00000000	36.78577		-0.42492  0.2  0.2		4.1705503158		-1.0
	18930.00000000	36.59314		-0.77681  0.2  0.2		4.1705503158		-1.0
	18960.00000000	36.20819		-0.58045  0.2  0.2		4.1705503158		-1.0
	18990.00000000	35.94274		-0.53665  0.2  0.2		4.1705503158		-1.0
	19020.00000000	35.01641		-0.6843  0.2  0.2		4.1705503158		-1.0
	19050.00000000	34.38938		-0.71284  0.2  0.2		4.1705503158		-1.0
	19080.00000000	33.32043		-0.54334  0.2  0.2		4.1705503158		-1.0
	19110.00000000	32.7335		-0.23568  0.2  0.2		4.1705503158		-1.0
	19140.00000000	31.84309		-0.0562  0.2  0.2		4.1705503158		-1.0
	19170.00000000	31.11183		0.2461  0.2  0.2		4.1705503158		-1.0
	19200.00000000	30.56253		0.52867  0.2  0.2		4.1705503158		-1.0
	19230.00000000	30.13476		0.58288  0.2  0.2		4.1705503158		-1.0
	19260.00000000	29.71407		0.94867  0.2  0.2		4.1705503158		-1.0
	19290.00000000	29.33307		1.5589  0.2  0.2		4.1705503158		-1.0
	19320.00000000	29.53766		1.84537  0.2  0.2		4.1705503158		-1.0
	19350.00000000	29.88392		1.86492  0.2  0.2		4.1705503158		-1.0
	19020.00000000	35.01641		-0.6843  0.2  0.2		4.1705503158		-1.0
	19050.00000000	34.38938		-0.71284  0.2  0.2		4.1705503158		-1.0
	19080.00000000	33.32043		-0.54334  0.2  0.2		4.1705503158		-1.0
	19110.00000000	32.7335		-0.23568  0.2  0.2		4.1705503158		-1.0
	19140.00000000	31.84309		-0.0562  0.2  0.2		4.1705503158		-1.0
	19170.00000000	31.11183		0.2461  0.2  0.2		4.1705503158		-1.0
	19200.00000000	30.56253		0.52867  0.2  0.2		4.1705503158		-1.0
	19230.00000000	30.13476		0.58288  0.2  0.2		4.1705503158		-1.0
	19260.00000000	29.71407		0.94867  0.2  0.2		4.1705503158		-1.0
	19290.00000000	29.33307		1.55889  0.2  0.2		4.1705503158		-1.0
	19320.00000000	29.53766		1.84537  0.2  0.2		4.1705503158		-1.0
	19350.00000000	29.88392		1.86492  0.2  0.2		4.1705503158		-1.0
	19380.00000000	30.51784		1.91149  0.2  0.2		4.1705503158		-1.0
	19410.00000000	30.99512		2.10416  0.2  0.2		4.1705503158		-1.0
	19440.00000000	32.03047		2.24524  0.2  0.2		4.1705503158		-1.0
	19470.00000000	32.47036		2.16211  0.2  0.2		4.1705503158		-1.0
	19500.00000000	32.8843		2.0245  0.2  0.2		4.1705503158		-1.0
	19530.00000000	33.50965		1.91148  0.2  0.2		4.1705503158		-1.0
	19560.00000000	34.25998		1.95319  0.2  0.2		4.1705503158		-1.0
	19590.00000000	34.66702		1.85243  0.2  0.2		4.1705503158		-1.0
	19620.00000000	34.86752		1.72746  0.2  0.2		4.1705503158		-1.0
	19650.00000000	34.44392		1.84317  0.2  0.2		4.1705503158		-1.0
	19680.00000000	33.61902		1.97815  0.2  0.2		4.1705503158		-1.0
	19710.00000000	33.21778		2.30864  0.2  0.2		4.1705503158		-1.0
	19740.00000000	33.35206		2.48154  0.2  0.2		4.1705503158		-1.0
	19770.00000000	33.68058		2.73893  0.2  0.2		4.1705503158		-1.0
	19800.00000000	34.48029		-3.12013  0.2  0.2		4.1705503158		-1.0
	19830.00000000	35.30008		-2.33166  0.2  0.2		4.1705503158		-1.0
	19860.00000000	35.92301		-1.6494  0.2  0.2		4.1705503158		-1.0
	19890.00000000	36.53337		-0.8939  0.2  0.2		4.1705503158		-1.0
	19920.00000000	36.75525		-0.37345  0.2  0.2		4.1705503158		-1.0
	19950.00000000	37.1206		0.22154  0.2  0.2		4.1705503158		-1.0
	19980.00000000	37.41917		0.46969  0.2  0.2		4.1705503158		-1.0
	20010.00000000	37.60384		0.80238  0.2  0.2		4.1705503158		-1.0
	20040.00000000	37.99118		1.13516  0.2  0.2		4.1705503158		-1.0
	20070.00000000	38.42335		1.77094  0.2  0.2		4.1705503158		-1.0
	20100.00000000	39.37878		2.22263  0.2  0.2		4.1705503158		-1.0
	20130.00000000	40.17689		2.42067  0.2  0.2		4.1705503158		-1.0
	20160.00000000	40.55188		2.99216  0.2  0.2		4.1705503158		-1.0
	20190.00000000	41.18596		-3.02026  0.2  0.2		4.1705503158		-1.0
	20220.00000000	42.07177		-2.89597  0.2  0.2		4.1705503158		-1.0
	20250.00000000	43.38409		-2.70302  0.2  0.2		4.1705503158		-1.0
	20280.00000000	44.35669		-2.32235  0.2  0.2		4.1705503158		-1.0
	20310.00000000	44.51402		-1.82159  0.2  0.2		4.1705503158		-1.0
	20340.00000000	45.07816		-2.19382  0.2  0.2		4.1705503158		-1.0
	20370.00000000	45.49069		2.47236  0.2  0.2		4.1705503158		-1.0
	20400.00000000	45.68496		3.06088  0.2  0.2		4.1705503158		-1.0
	20430.00000000	45.12331		-2.81163  0.2  0.2		4.1705503158		-1.0
	20460.00000000	44.73545		-2.63329  0.2  0.2		4.1705503158		-1.0
	20490.00000000	44.72755		-3.03852  0.2  0.2		4.1705503158		-1.0
	20520.00000000	44.06775		-3.05086  0.2  0.2		4.1705503158		-1.0
	20550.00000000	43.61383		-2.77433  0.2  0.2		4.1705503158		-1.0
	20580.00000000	43.03646		-2.86712  0.2  0.2		4.1705503158		-1.0
	20610.00000000	42.31985		3.06158  0.2  0.2		4.1705503158		-1.0
	20640.00000000	41.381		2.95342  0.2  0.2		4.1705503158		-1.0
	20670.00000000	40.43141		-2.98159  0.2  0.2		4.1705503158		-1.0
	20700.00000000	39.61156		-2.88412  0.2  0.2		4.1705503158		-1.0
	20729.99999999	38.25065		-3.05796  0.2  0.2		4.1705503158		-1.0
	20759.99999999	36.96446		-3.06104  0.2  0.2		4.1705503158		-1.0
	20789.99999999	35.56798		3.01062  0.2  0.2		4.1705503158		-1.0
	20819.99999999	34.53592		2.92557  0.2  0.2		4.1705503158		-1.0
	20849.99999999	33.82246		2.90097  0.2  0.2		4.1705503158		-1.0
	20879.99999999	33.5022		2.35001  0.2  0.2		4.1705503158		-1.0
	20909.99999999	32.69865		1.68925  0.2  0.2		4.1705503158		-1.0
	20939.99999999	32.20463		1.37964  0.2  0.2		4.1705503158		-1.0
	20969.99999999	31.58952		1.43381  0.2  0.2		4.1705503158		-1.0
	20999.99999999	30.81379		1.73675  0.2  0.2		4.1705503158		-1.0
	21029.99999999	30.78215		1.97071  0.2  0.2		4.1705503158		-1.0
	21059.99999999	30.51868		2.46506  0.2  0.2		4.1705503158		-1.0
	21089.99999999	30.40323		2.28867  0.2  0.2		4.1705503158		-1.0
	21119.99999999	29.91971		2.2198  0.2  0.2		4.1705503158		-1.0
	21149.99999999	29.29084		2.48768  0.2  0.2		4.1705503158		-1.0
	21179.99999999	29.01757		2.42804  0.2  0.2		4.1705503158		-1.0
	21209.99999999	28.27801		2.45224  0.2  0.2		4.1705503158		-1.0
	21239.99999999	28.13169		2.23685  0.2  0.2		4.1705503158		-1.0
	21269.99999999	27.96323		1.76888  0.2  0.2		4.1705503158		-1.0
	21299.99999999	27.43907		1.20879  0.2  0.2		4.1705503158		-1.0
	21329.99999999	26.84837		0.82264  0.2  0.2		4.1705503158		-1.0
	21359.99999999	25.75852		1.23848  0.2  0.2		4.1705503158		-1.0
	21389.99999999	25.42954		2.21704  0.2  0.2		4.1705503158		-1.0
	21419.99999999	25.36821		-2.3753  0.2  0.2		4.1705503158		-1.0
	21449.99999999	25.98042		-2.21008  0.2  0.2		4.1705503158		-1.0
	21479.99999999	25.95561		-2.97661  0.2  0.2		4.1705503158		-1.0
	21509.99999999	26.7984		-3.13502  0.2  0.2		4.1705503158		-1.0
	21539.99999999	27.7134		-2.96554  0.2  0.2		4.1705503158		-1.0
	21569.99999999	28.24539		-2.99902  0.2  0.2		4.1705503158		-1.0
	21599.99999999	28.85488		-3.0582  0.2  0.2		4.1705503158		-1.0
	21629.99999999	29.22957		-2.94029  0.2  0.2		4.1705503158		-1.0
	21659.99999999	30.02538		2.95224  0.2  0.2		4.1705503158		-1.0
	21689.99999999	30.85706		2.9277  0.2  0.2		4.1705503158		-1.0
	21719.99999999	31.20589		-3.0958  0.2  0.2		4.1705503158		-1.0
	21749.99999999	31.98459		-2.7317  0.2  0.2		4.1705503158		-1.0
	21779.99999999	33.08048		-2.44507  0.2  0.2		4.1705503158		-1.0
	21809.99999999	34.47422		-2.21886  0.2  0.2		4.1705503158		-1.0
	21839.99999999	35.80697		-2.24385  0.2  0.2		4.1705503158		-1.0
	21869.99999999	36.98206		-1.88315  0.2  0.2		4.1705503158		-1.0
	21899.99999999	37.99467		-1.73329  0.2  0.2		4.1705503158		-1.0
	21929.99999999	38.62699		-1.7801  0.2  0.2		4.1705503158		-1.0
	21959.99999999	39.22571		-1.67558  0.2  0.2		4.1705503158		-1.0
	21989.99999999	39.74474		-1.76638  0.2  0.2		4.1705503158		-1.0
	22019.99999999	40.33879		-1.94466  0.2  0.2		4.1705503158		-1.0
	22049.99999999	40.69245		-1.85983  0.2  0.2		4.1705503158		-1.0
	22079.99999999	41.0844		-1.42943  0.2  0.2		4.1705503158		-1.0
	22109.99999999	40.53008		-1.35555  0.2  0.2		4.1705503158		-1.0
	22139.99999999	40.05647		-1.42971  0.2  0.2		4.1705503158		-1.0
	22169.99999999	39.26648		-1.53171  0.2  0.2		4.1705503158		-1.0
	22199.99999999	38.90371		-1.67602  0.2  0.2		4.1705503158		-1.0
	22229.99999999	38.44657		-1.49922  0.2  0.2		4.1705503158		-1.0
	22259.99999999	38.31859		-1.58394  0.2  0.2		4.1705503158		-1.0
	22289.99999999	38.12176		-1.62426  0.2  0.2		4.1705503158		-1.0
	22319.99999999	37.25071		-1.63125  0.2  0.2		4.1705503158		-1.0
	22349.99999999	36.36412		-1.64172  0.2  0.2		4.1705503158		-1.0
	22379.99999999	35.85858		-1.9244  0.2  0.2		4.1705503158		-1.0
	22409.99999999	36.01171		-1.79906  0.2  0.2		4.1705503158		-1.0
	22439.99999999	36.33174		-1.54967  0.2  0.2		4.1705503158		-1.0
	22469.99999999	36.73274		-1.45783  0.2  0.2		4.1705503158		-1.0
	22499.99999999	37.30365		-1.5021  0.2  0.2		4.1705503158		-1.0
	22529.99999999	37.0196		-1.0031  0.2  0.2		4.1705503158		-1.0
	22559.99999999	37.27025		-0.49502  0.2  0.2		4.1705503158		-1.0
	22589.99999999	37.49642		-0.08222  0.2  0.2		4.1705503158		-1.0
	22619.99999999	37.5158		0.14564  0.2  0.2		4.1705503158		-1.0
	22649.99999999	37.95449		0.66707  0.2  0.2		4.1705503158		-1.0
	22679.99999999	38.06511		0.96956  0.2  0.2		4.1705503158		-1.0
	22709.99999999	38.78817		1.06828  0.2  0.2		4.1705503158		-1.0
	22739.99999999	38.93567		1.19942  0.2  0.2		4.1705503158		-1.0
	22769.99999999	39.23245		1.32386  0.2  0.2		4.1705503158		-1.0
	22799.99999999	39.10431		1.45061  0.2  0.2		4.1705503158		-1.0
	22829.99999999	38.86208		1.71076  0.2  0.2		4.1705503158		-1.0
	22859.99999999	38.60851		1.33651  0.2  0.2		4.1705503158		-1.0
	22889.99999999	38.36239		1.35024  0.2  0.2		4.1705503158		-1.0
	22919.99999999	38.64328		1.6698  0.2  0.2		4.1705503158		-1.0
	22949.99999999	38.77677		2.09281  0.2  0.2		4.1705503158		-1.0
	22979.99999999	39.56076		2.40131  0.2  0.2		4.1705503158		-1.0
	23009.99999999	40.64349		2.76184  0.2  0.2		4.1705503158		-1.0
	23039.99999999	41.41676		-3.09004  0.2  0.2		4.1705503158		-1.0
	23069.99999999	42.20636		-2.59864  0.2  0.2		4.1705503158		-1.0
	23099.99999999	42.21115		-2.07042  0.2  0.2		4.1705503158		-1.0
	23129.99999999	42.85926		-2.17682  0.2  0.2		4.1705503158		-1.0
	23159.99999999	43.1421		-2.37639  0.2  0.2		4.1705503158		-1.0
	23189.99999999	43.15724		-2.38885  0.2  0.2		4.1705503158		-1.0
	23219.99999999	43.60657		-2.56529  0.2  0.2		4.1705503158		-1.0
	23249.99999999	43.72601		-2.65849  0.2  0.2		4.1705503158		-1.0
	23279.99999999	43.59579		2.45548  0.2  0.2		4.1705503158		-1.0
	23309.99999999	43.55214		-2.29897  0.2  0.2		4.1705503158		-1.0
	23339.99999999	43.66365		-1.5874  0.2  0.2		4.1705503158		-1.0
	23369.99999999	43.83796		-2.34706  0.2  0.2		4.1705503158		-1.0
	23399.99999999	43.67349		-2.68522  0.2  0.2		4.1705503158		-1.0
	23429.99999999	43.78502		-2.85907  0.2  0.2		4.1705503158		-1.0
	23459.99999999	44.12811		-2.97204  0.2  0.2		4.1705503158		-1.0
	23489.99999999	44.12564		2.93066  0.2  0.2		4.1705503158		-1.0
	23519.99999999	43.98636		2.57706  0.2  0.2		4.1705503158		-1.0
	23549.99999999	44.37795		2.26659  0.2  0.2		4.1705503158		-1.0
	23579.99999999	45.2201		2.03605  0.2  0.2		4.1705503158		-1.0
	23609.99999999	46.44437		1.79746  0.2  0.2		4.1705503158		-1.0
	23639.99999999	46.79394		0.02826  0.2  0.2		4.1705503158		-1.0
	23669.99999999	47.19016		-0.02906  0.2  0.2		4.1705503158		-1.0
	23699.99999999	47.63425		-0.24591  0.2  0.2		4.1705503158		-1.0
	23729.99999999	47.70712		1.1646  0.2  0.2		4.1705503158		-1.0
	23759.99999999	47.52396		0.70416  0.2  0.2		4.1705503158		-1.0
	23789.99999999	47.10964		0.46289  0.2  0.2		4.1705503158		-1.0
	23819.99999999	46.19073		0.08827  0.2  0.2		4.1705503158		-1.0
	23849.99999999	45.36876		-0.14433  0.2  0.2		4.1705503158		-1.0
	23879.99999999	44.81969		-0.04694  0.2  0.2		4.1705503158		-1.0
	23909.99999999	44.97863		0.11852  0.2  0.2		4.1705503158		-1.0
	23939.99999999	45.53443		0.36672  0.2  0.2		4.1705503158		-1.0
	23969.99999999	46.17012		0.54246  0.2  0.2		4.1705503158		-1.0
	23999.99999999	46.95291		0.2846  0.2  0.2		4.1705503158		-1.0
	24029.99999999	47.65825		0.18705  0.2  0.2		4.1705503158		-1.0
	24059.99999999	48.17719		0.34797  0.2  0.2		4.1705503158		-1.0
	24089.99999999	48.66007		0.3992  0.2  0.2		4.1705503158		-1.0
	24119.99999999	48.45146		0.38242  0.2  0.2		4.1705503158		-1.0
	24149.99999999	47.72623		0.26684  0.2  0.2		4.1705503158		-1.0
	24179.99999999	47.04159		0.4272  0.2  0.2		4.1705503158		-1.0
	24209.99999999	46.5416		0.28121  0.2  0.2		4.1705503158		-1.0
	24239.99999999	46.05986		0.00704  0.2  0.2		4.1705503158		-1.0
	24269.99999999	45.81719		-0.34095  0.2  0.2		4.1705503158		-1.0
	24299.99999999	45.91149		-0.65481  0.2  0.2		4.1705503158		-1.0
	24329.99999999	46.1184		-1.15947  0.2  0.2		4.1705503158		-1.0
	24359.99999999	46.90978		-0.88568  0.2  0.2		4.1705503158		-1.0
	24389.99999999	47.67719		-1.00636  0.2  0.2		4.1705503158		-1.0
	24419.99999999	48.46561		-0.91074  0.2  0.2		4.1705503158		-1.0
	24449.99999999	49.24857		-1.17965  0.2  0.2		4.1705503158		-1.0
	24479.99999999	49.43077		-1.3532  0.2  0.2		4.1705503158		-1.0
	24509.99999999	48.66384		-1.35967  0.2  0.2		4.1705503158		-1.0
	24539.99999999	47.70561		-1.382  0.2  0.2		4.1705503158		-1.0
	24569.99999999	46.67183		-1.68885  0.2  0.2		4.1705503158		-1.0
	24599.99999999	45.79109		-1.61438  0.2  0.2		4.1705503158		-1.0
	24629.99999999	45.41399		-1.84769  0.2  0.2		4.1705503158		-1.0
	24659.99999999	44.43449		-2.20724  0.2  0.2		4.1705503158		-1.0
	24689.99999999	43.5529		-2.1812  0.2  0.2		4.1705503158		-1.0
	24719.99999999	43.36223		-1.4678  0.2  0.2		4.1705503158		-1.0
	24749.99999999	42.63951		-0.78178  0.2  0.2		4.1705503158		-1.0
	24779.99999999	42.83328		-0.17448  0.2  0.2		4.1705503158		-1.0
	24809.99999999	42.90582		0.02192  0.2  0.2		4.1705503158		-1.0
	24839.99999999	43.23701		-0.03098  0.2  0.2		4.1705503158		-1.0
	24869.99999999	43.90581		-0.13605  0.2  0.2		4.1705503158		-1.0
	24899.99999999	44.65407		-0.27615  0.2  0.2		4.1705503158		-1.0
	24929.99999999	44.57704		-0.36782  0.2  0.2		4.1705503158		-1.0
	24959.99999999	44.26344		-0.52206  0.2  0.2		4.1705503158		-1.0
	24989.99999999	43.75229		-0.49424  0.2  0.2		4.1705503158		-1.0
	25019.99999999	43.30154		-0.60576  0.2  0.2		4.1705503158		-1.0
	25049.99999999	42.93873		-0.92174  0.2  0.2		4.1705503158		-1.0
	25079.99999999	41.9393		-0.9374  0.2  0.2		4.1705503158		-1.0
	25109.99999999	41.34238		-1.26334  0.2  0.2		4.1705503158		-1.0
	25139.99999999	40.78006		-1.26466  0.2  0.2		4.1705503158		-1.0
	25169.99999999	40.17527		-1.0856  0.2  0.2		4.1705503158		-1.0
	25199.99999999	39.69098		-0.15359  0.2  0.2		4.1705503158		-1.0
	25229.99999999	39.44304		0.68626  0.2  0.2		4.1705503158		-1.0
	25259.99999999	39.70075		0.65124  0.2  0.2		4.1705503158		-1.0
	25289.99999999	40.03524		0.56396  0.2  0.2		4.1705503158		-1.0
	25319.99999999	40.60924		0.64755  0.2  0.2		4.1705503158		-1.0
	25349.99999999	41.36018		0.55191  0.2  0.2		4.1705503158		-1.0
	25379.99999999	42.00721		0.47558  0.2  0.2		4.1705503158		-1.0
	25409.99999999	42.395		0.50142  0.2  0.2		4.1705503158		-1.0
	25439.99999999	43.01071		0.14005  0.2  0.2		4.1705503158		-1.0
	25469.99999999	43.92237		-0.1043  0.2  0.2		4.1705503158		-1.0
	25499.99999999	44.54247		-0.06973  0.2  0.2		4.1705503158		-1.0
	25529.99999999	45.19767		-0.1538  0.2  0.2		4.1705503158		-1.0
	25559.99999999	45.4799		-0.46827  0.2  0.2		4.1705503158		-1.0
	25589.99999999	45.72192		-0.69772  0.2  0.2		4.1705503158		-1.0
	25619.99999999	45.87326		-1.09237  0.2  0.2		4.1705503158		-1.0
	25649.99999999	46.24767		-1.28378  0.2  0.2		4.1705503158		-1.0
	25679.99999999	46.67471		-1.44776  0.2  0.2		4.1705503158		-1.0
	25709.99999999	47.17616		-1.20793  0.2  0.2		4.1705503158		-1.0
	25739.99999999	46.63151		1.9895  0.2  0.2		4.1705503158		-1.0
	25769.99999999	45.65919		2.0388  0.2  0.2		4.1705503158		-1.0
	25799.99999999	44.75628		2.11801  0.2  0.2		4.1705503158		-1.0
	25829.99999999	44.2935		2.094  0.2  0.2		4.1705503158		-1.0
	25859.99999999	44.10035		2.53144  0.2  0.2		4.1705503158		-1.0
	25889.99999999	43.75611		2.81988  0.2  0.2		4.1705503158		-1.0
	25919.99999999	43.36357		2.87732  0.2  0.2		4.1705503158		-1.0
	25949.99999999	43.29206		-2.89716  0.2  0.2		4.1705503158		-1.0
	25979.99999999	43.39199		-2.92043  0.2  0.2		4.1705503158		-1.0
	26009.99999999	43.65794		3.10523  0.2  0.2		4.1705503158		-1.0
	26039.99999999	43.46153		-2.94739  0.2  0.2		4.1705503158		-1.0
	26069.99999999	42.68898		-2.80792  0.2  0.2		4.1705503158		-1.0
	26099.99999999	42.17945		2.88625  0.2  0.2		4.1705503158		-1.0
	26129.99999999	42.05362		2.7696  0.2  0.2		4.1705503158		-1.0
	26159.99999999	42.03362		2.31876  0.2  0.2		4.1705503158		-1.0
	26189.99999999	41.58997		1.86695  0.2  0.2		4.1705503158		-1.0
	26219.99999999	41.31415		1.66374  0.2  0.2		4.1705503158		-1.0
	26249.99999999	41.52814		1.25662  0.2  0.2		4.1705503158		-1.0
	26279.99999999	42.05704		1.01261  0.2  0.2		4.1705503158		-1.0
	26309.99999999	42.27669		0.77783  0.2  0.2		4.1705503158		-1.0
	26339.99999999	42.74713		0.54621  0.2  0.2		4.1705503158		-1.0
	26369.99999999	43.45436		0.64263  0.2  0.2		4.1705503158		-1.0
	26399.99999999	44.06693		0.05285  0.2  0.2		4.1705503158		-1.0
	26429.99999999	43.58467		-0.53852  0.2  0.2		4.1705503158		-1.0
	26459.99999999	42.41658		-0.25979  0.2  0.2		4.1705503158		-1.0
	26489.99999999	41.67065		-0.32067  0.2  0.2		4.1705503158		-1.0
	26519.99999999	41.20034		-0.84178  0.2  0.2		4.1705503158		-1.0
	26549.99999999	40.54576		-0.05206  0.2  0.2		4.1705503158		-1.0
	26579.99999999	40.12149		0.18539  0.2  0.2		4.1705503158		-1.0
	26609.99999999	39.81311		0.72964  0.2  0.2		4.1705503158		-1.0
	26639.99999999	39.44876		1.56134  0.2  0.2		4.1705503158		-1.0
	26669.99999999	39.43383		2.42219  0.2  0.2		4.1705503158		-1.0
	26699.99999999	38.70467		2.5029  0.2  0.2		4.1705503158		-1.0
	26729.99999999	37.66279		-3.13032  0.2  0.2		4.1705503158		-1.0
	26759.99999999	36.55882		2.97196  0.2  0.2		4.1705503158		-1.0
	26789.99999999	35.42895		2.65157  0.2  0.2		4.1705503158		-1.0
	26819.99999999	34.60234		-2.52815  0.2  0.2		4.1705503158		-1.0
	26849.99999999	33.57933		-0.97471  0.2  0.2		4.1705503158		-1.0
	26879.99999999	33.06149		0.02304  0.2  0.2		4.1705503158		-1.0
	26909.99999999	32.97605		0.36166  0.2  0.2		4.1705503158		-1.0
	26939.99999999	32.49797		0.61056  0.2  0.2		4.1705503158		-1.0
	26969.99999999	32.18112		0.13405  0.2  0.2		4.1705503158		-1.0
	26999.99999999	32.12323		-0.35957  0.2  0.2		4.1705503158		-1.0
	27029.99999999	32.44321		-0.36455  0.2  0.2		4.1705503158		-1.0
	27059.99999999	32.55488		-0.22743  0.2  0.2		4.1705503158		-1.0
	27089.99999999	31.65532		-0.19289  0.2  0.2		4.1705503158		-1.0
	27119.99999999	31.03319		-0.33495  0.2  0.2		4.1705503158		-1.0
	27149.99999999	30.77521		-1.10909  0.2  0.2		4.1705503158		-1.0
	27179.99999999	30.8143		-1.65461  0.2  0.2		4.1705503158		-1.0
	27209.99999999	31.13586		-1.28574  0.2  0.2		4.1705503158		-1.0
	27239.99999998	31.1154		-0.89896  0.2  0.2		4.1705503158		-1.0
	27269.99999998	31.48701		-0.76861  0.2  0.2		4.1705503158		-1.0
	27299.99999998	31.66811		-0.84174  0.2  0.2		4.1705503158		-1.0
	27329.99999998	31.49308		-1.21697  0.2  0.2		4.1705503158		-1.0
	27359.99999998	31.89589		-1.89631  0.2  0.2		4.1705503158		-1.0
	27389.99999998	32.05676		-2.29228  0.2  0.2		4.1705503158		-1.0
	27419.99999998	32.45317		-2.45561  0.2  0.2		4.1705503158		-1.0
	27449.99999998	32.92242		-2.5158  0.2  0.2		4.1705503158		-1.0
	27479.99999998	33.41486		-2.3997  0.2  0.2		4.1705503158		-1.0
	27509.99999998	33.92714		-1.95159  0.2  0.2		4.1705503158		-1.0
	27539.99999998	34.29935		-1.16482  0.2  0.2		4.1705503158		-1.0
	27569.99999998	35.05584		-0.05536  0.2  0.2		4.1705503158		-1.0
	27599.99999998	35.47708		-0.10097  0.2  0.2		4.1705503158		-1.0
	27629.99999998	35.944		0.45183  0.2  0.2		4.1705503158		-1.0
	27659.99999998	36.48886		0.75921  0.2  0.2		4.1705503158		-1.0
	27689.99999998	36.87084		0.9737  0.2  0.2		4.1705503158		-1.0
	27719.99999998	37.44341		1.51268  0.2  0.2		4.1705503158		-1.0
	27749.99999998	38.11698		1.45954  0.2  0.2		4.1705503158		-1.0
	27779.99999998	38.57072		1.75878  0.2  0.2		4.1705503158		-1.0
	27809.99999998	39.47		1.87059  0.2  0.2		4.1705503158		-1.0
	27839.99999998	40.34742		2.03905  0.2  0.2		4.1705503158		-1.0
	27869.99999998	40.60041		2.58039  0.2  0.2		4.1705503158		-1.0
	27899.99999998	41.21305		2.73165  0.2  0.2		4.1705503158		-1.0
	27929.99999998	41.58709		-2.97312  0.2  0.2		4.1705503158		-1.0
	27959.99999998	42.07172		3.11691  0.2  0.2		4.1705503158		-1.0
	27989.99999998	41.74637		3.13279  0.2  0.2		4.1705503158		-1.0
	28019.99999998	41.73687		2.76363  0.2  0.2		4.1705503158		-1.0
	28049.99999998	41.52469		2.20869  0.2  0.2		4.1705503158		-1.0
	28079.99999998	41.50136		2.24943  0.2  0.2		4.1705503158		-1.0
	28109.99999998	41.83456		1.39775  0.2  0.2		4.1705503158		-1.0
	28139.99999998	42.55825		1.27087  0.2  0.2		4.1705503158		-1.0
	28169.99999998	42.9441		0.90392  0.2  0.2		4.1705503158		-1.0
	28199.99999998	43.36953		-0.06227  0.2  0.2		4.1705503158		-1.0
	28229.99999998	43.60232		-1.21619  0.2  0.2		4.1705503158		-1.0
	28259.99999998	44.16927		-1.51085  0.2  0.2		4.1705503158		-1.0
	28289.99999998	44.48494		-1.30177  0.2  0.2		4.1705503158		-1.0
	28319.99999998	45.31208		-1.51495  0.2  0.2		4.1705503158		-1.0
	28349.99999998	45.68491		-1.49941  0.2  0.2		4.1705503158		-1.0
	28379.99999998	46.27565		-1.98622  0.2  0.2		4.1705503158		-1.0
	28409.99999998	46.64946		-1.97832  0.2  0.2		4.1705503158		-1.0
	28439.99999998	47.35107		-1.64174  0.2  0.2		4.1705503158		-1.0
	28469.99999998	48.07427		-1.70315  0.2  0.2		4.1705503158		-1.0
	28499.99999998	48.38092		-1.45992  0.2  0.2		4.1705503158		-1.0
	28529.99999998	48.69742		-1.16341  0.2  0.2		4.1705503158		-1.0
	28559.99999998	49.12682		-0.89309  0.2  0.2		4.1705503158		-1.0
	28589.99999998	49.7942		-0.43584  0.2  0.2		4.1705503158		-1.0
	28619.99999998	50.35033		0.04029  0.2  0.2		4.1705503158		-1.0
	28649.99999998	50.01456		1.94731  0.2  0.2		4.1705503158		-1.0
	28679.99999998	49.54856		2.10097  0.2  0.2		4.1705503158		-1.0
	28709.99999998	48.86724		2.02217  0.2  0.2		4.1705503158		-1.0
	28739.99999998	48.19725		2.08693  0.2  0.2		4.1705503158		-1.0
	28769.99999998	47.81225		2.31881  0.2  0.2		4.1705503158		-1.0
	28799.99999998	46.6499		2.41173  0.2  0.2		4.1705503158		-1.0
	28829.99999998	45.49216		2.53789  0.2  0.2		4.1705503158		-1.0
	28859.99999998	44.53837		2.54089  0.2  0.2		4.1705503158		-1.0
	28889.99999998	44.13126		2.36488  0.2  0.2		4.1705503158		-1.0
	28919.99999998	44.3723		2.25539  0.2  0.2		4.1705503158		-1.0
	28949.99999998	44.8483		1.51211  0.2  0.2		4.1705503158		-1.0
	28979.99999998	45.0792		0.85161  0.2  0.2		4.1705503158		-1.0
	29009.99999998	45.94318		0.61623  0.2  0.2		4.1705503158		-1.0
	29039.99999998	46.88158		0.64018  0.2  0.2		4.1705503158		-1.0
	29069.99999998	47.87075		0.74931  0.2  0.2		4.1705503158		-1.0
	29099.99999998	48.73196		0.72273  0.2  0.2		4.1705503158		-1.0
	29129.99999998	49.63943		0.81915  0.2  0.2		4.1705503158		-1.0
	29159.99999998	50.70019		-1.38144  0.2  0.2		4.1705503158		-1.0
	29189.99999998	50.0676		-1.6032  0.2  0.2		4.1705503158		-1.0
	29219.99999998	49.11944		-1.8412  0.2  0.2		4.1705503158		-1.0
	29249.99999998	48.26789		-1.85008  0.2  0.2		4.1705503158		-1.0
	29279.99999998	47.32022		-1.48065  0.2  0.2		4.1705503158		-1.0
	29309.99999998	46.84946		-2.19857  0.2  0.2		4.1705503158		-1.0
	29339.99999998	46.51499		2.90743  0.2  0.2		4.1705503158		-1.0
	29369.99999998	46.7636		-2.98821  0.2  0.2		4.1705503158		-1.0
	29399.99999998	47.26095		-2.93758  0.2  0.2		4.1705503158		-1.0
	29429.99999998	48.16358		-3.00064  0.2  0.2		4.1705503158		-1.0
	29459.99999998	48.7877		-2.87603  0.2  0.2		4.1705503158		-1.0
	29489.99999998	49.23935		-3.10445  0.2  0.2		4.1705503158		-1.0
	29519.99999998	49.3516		2.76458  0.2  0.2		4.1705503158		-1.0
	29549.99999998	49.37035		1.87239  0.2  0.2		4.1705503158		-1.0
	29579.99999998	48.91309		1.52985  0.2  0.2		4.1705503158		-1.0
	29609.99999998	48.7708		0.84456  0.2  0.2		4.1705503158		-1.0
	29639.99999998	48.33531		0.53485  0.2  0.2		4.1705503158		-1.0
	29669.99999998	47.25917		0.67216  0.2  0.2		4.1705503158		-1.0
	29699.99999998	46.22443		1.14575  0.2  0.2		4.1705503158		-1.0
	29729.99999998	46.22089		1.14347  0.2  0.2		4.1705503158		-1.0
	29759.99999998	47.26955		1.11781  0.2  0.2		4.1705503158		-1.0
	29789.99999998	48.15976		0.9295  0.2  0.2		4.1705503158		-1.0
	29819.99999998	49.30931		1.35464  0.2  0.2		4.1705503158		-1.0
	29849.99999998	50.49836		1.18348  0.2  0.2		4.1705503158		-1.0
	29879.99999998	51.04494		1.65526  0.2  0.2		4.1705503158		-1.0
	29909.99999998	51.45775		2.26323  0.2  0.2		4.1705503158		-1.0
	29939.99999998	51.80607		2.47666  0.2  0.2		4.1705503158		-1.0
	29969.99999998	52.1011		-2.55895  0.2  0.2		4.1705503158		-1.0
	29999.99999998	52.29901		-1.07553  0.2  0.2		4.1705503158		-1.0
	30029.99999998	52.27894		-1.44255  0.2  0.2		4.1705503158		-1.0
	30059.99999998	52.05723		-1.61745  0.2  0.2		4.1705503158		-1.0
	30089.99999998	51.35242		-1.64631  0.2  0.2		4.1705503158		-1.0
	30119.99999998	50.27124		-1.92511  0.2  0.2		4.1705503158		-1.0
	30149.99999998	49.41992		-2.00807  0.2  0.2		4.1705503158		-1.0
	30179.99999998	48.61225		-2.12456  0.2  0.2		4.1705503158		-1.0
	30209.99999998	47.93443		-1.77649  0.2  0.2		4.1705503158		-1.0
	30239.99999998	46.79007		-1.6216  0.2  0.2		4.1705503158		-1.0
	30269.99999998	45.85228		-1.12988  0.2  0.2		4.1705503158		-1.0
	30299.99999998	44.68471		-0.76734  0.2  0.2		4.1705503158		-1.0
	30329.99999998	44.1233		-1.15943  0.2  0.2		4.1705503158		-1.0
	30359.99999998	43.63922		-1.06133  0.2  0.2		4.1705503158		-1.0
	30389.99999998	42.6975		-1.27183  0.2  0.2		4.1705503158		-1.0
	30419.99999998	41.5155		-0.7648  0.2  0.2		4.1705503158		-1.0
	30449.99999998	41.31176		-0.47998  0.2  0.2		4.1705503158		-1.0
	30479.99999998	41.54632		-0.26359  0.2  0.2		4.1705503158		-1.0
	30509.99999998	41.00248		-0.26333  0.2  0.2		4.1705503158		-1.0
	30539.99999998	40.51774		-0.42882  0.2  0.2		4.1705503158		-1.0
	30569.99999998	40.26863		-0.62013  0.2  0.2		4.1705503158		-1.0
	30599.99999998	39.41675		-1.09825  0.2  0.2		4.1705503158		-1.0
	30629.99999998	38.51153		-1.01812  0.2  0.2		4.1705503158		-1.0
	30659.99999998	37.38328		-0.81462  0.2  0.2		4.1705503158		-1.0
	30689.99999998	36.90351		-1.06815  0.2  0.2		4.1705503158		-1.0
	30719.99999998	36.17223		-1.11881  0.2  0.2		4.1705503158		-1.0
	30749.99999998	35.10285		-1.22051  0.2  0.2		4.1705503158		-1.0
	30779.99999998	34.93703		-1.35354  0.2  0.2		4.1705503158		-1.0
	30809.99999998	34.80776		-1.15455  0.2  0.2		4.1705503158		-1.0
	30839.99999998	34.80325		-0.88476  0.2  0.2		4.1705503158		-1.0
	30869.99999998	34.52783		-0.50148  0.2  0.2		4.1705503158		-1.0
	30899.99999998	34.40793		-0.67535  0.2  0.2		4.1705503158		-1.0
	30929.99999998	33.76421		-0.68038  0.2  0.2		4.1705503158		-1.0
	30959.99999998	32.95707		-0.72531  0.2  0.2		4.1705503158		-1.0
	30989.99999998	32.07524		-0.8371  0.2  0.2		4.1705503158		-1.0
	31019.99999998	31.73834		-1.24406  0.2  0.2		4.1705503158		-1.0
	31049.99999998	32.0774		-1.28184  0.2  0.2		4.1705503158		-1.0
	31079.99999998	32.519		-1.29318  0.2  0.2		4.1705503158		-1.0
	31109.99999998	33.01032		-1.26863  0.2  0.2		4.1705503158		-1.0
	31139.99999998	33.72447		-1.52182  0.2  0.2		4.1705503158		-1.0
	31169.99999998	33.82507		-1.90218  0.2  0.2		4.1705503158		-1.0
	31199.99999998	33.36383		-2.0153  0.2  0.2		4.1705503158		-1.0
	31229.99999998	32.75948		-1.96693  0.2  0.2		4.1705503158		-1.0
	31259.99999998	32.06429		-1.57285  0.2  0.2		4.1705503158		-1.0
	31289.99999998	31.19114		-1.53806  0.2  0.2		4.1705503158		-1.0
	31319.99999998	31.10218		-1.47469  0.2  0.2		4.1705503158		-1.0
	31349.99999998	31.04087		-1.30128  0.2  0.2		4.1705503158		-1.0
	31379.99999998	30.73178		-1.50288  0.2  0.2		4.1705503158		-1.0
	31409.99999998	29.97878		-1.35637  0.2  0.2		4.1705503158		-1.0
	31439.99999998	28.86876		-1.71464  0.2  0.2		4.1705503158		-1.0
	31469.99999998	28.70457		-1.89584  0.2  0.2		4.1705503158		-1.0
	31499.99999998	28.16952		-2.19592  0.2  0.2		4.1705503158		-1.0
	31529.99999998	27.69222		-2.14419  0.2  0.2		4.1705503158		-1.0
	31559.99999998	26.8411		-1.82316  0.2  0.2		4.1705503158		-1.0
	31589.99999998	26.69351		-1.4703  0.2  0.2		4.1705503158		-1.0
	31619.99999998	25.86364		-0.7003  0.2  0.2		4.1705503158		-1.0
	31649.99999998	25.64622		-0.44312  0.2  0.2		4.1705503158		-1.0
	31679.99999998	25.59903		-1.06234  0.2  0.2		4.1705503158		-1.0
	31709.99999998	25.29604		-1.54145  0.2  0.2		4.1705503158		-1.0
	31739.99999998	24.58562		-1.79478  0.2  0.2		4.1705503158		-1.0
	31769.99999998	23.89124		-2.16026  0.2  0.2		4.1705503158		-1.0
	31799.99999998	23.43022		-2.08659  0.2  0.2		4.1705503158		-1.0
	31829.99999998	23.42242		-2.81133  0.2  0.2		4.1705503158		-1.0
	31859.99999998	22.90288		-2.47784  0.2  0.2		4.1705503158		-1.0
	31889.99999998	22.86265		-2.85399  0.2  0.2		4.1705503158		-1.0
	31919.99999998	22.55746		-2.753  0.2  0.2		4.1705503158		-1.0
	31949.99999998	22.35666		-1.9198  0.2  0.2		4.1705503158		-1.0
	31979.99999998	22.17875		-1.23792  0.2  0.2		4.1705503158		-1.0
	32009.99999998	22.586		-0.67122  0.2  0.2		4.1705503158		-1.0
	32039.99999998	22.87145		-0.30781  0.2  0.2		4.1705503158		-1.0
	32069.99999998	23.43031		-0.08081  0.2  0.2		4.1705503158		-1.0
	32099.99999998	23.84613		0.01779  0.2  0.2		4.1705503158		-1.0
	32129.99999998	24.37172		-0.06306  0.2  0.2		4.1705503158		-1.0
	32159.99999998	24.74839		-0.10922  0.2  0.2		4.1705503158		-1.0
	32189.99999998	25.59966		-0.23069  0.2  0.2		4.1705503158		-1.0
	32219.99999998	26.54044		-0.3334  0.2  0.2		4.1705503158		-1.0
	32249.99999998	27.43149		-0.36221  0.2  0.2		4.1705503158		-1.0
	32279.99999998	27.55308		-0.62053  0.2  0.2		4.1705503158		-1.0
	32309.99999998	27.31979		-0.61128  0.2  0.2		4.1705503158		-1.0
	32339.99999998	26.5471		-0.85477  0.2  0.2		4.1705503158		-1.0
	32369.99999998	25.53221		-0.90333  0.2  0.2		4.1705503158		-1.0
	32399.99999998	24.67595		-1.03228  0.2  0.2		4.1705503158		-1.0
	32429.99999998	24.51876		-1.58304  0.2  0.2		4.1705503158		-1.0
	32459.99999998	24.4645		-2.24562  0.2  0.2		4.1705503158		-1.0
	32489.99999998	24.09477		-1.75031  0.2  0.2		4.1705503158		-1.0
	32519.99999998	23.93919		-1.51468  0.2  0.2		4.1705503158		-1.0
	32549.99999998	24.22366		-1.39623  0.2  0.2		4.1705503158		-1.0
	32579.99999998	24.57907		-1.50861  0.2  0.2		4.1705503158		-1.0
	32609.99999998	24.4144		-1.7029  0.2  0.2		4.1705503158		-1.0
	32639.99999998	24.25709		-1.75977  0.2  0.2		4.1705503158		-1.0
	32669.99999998	24.13899		-2.06575  0.2  0.2		4.1705503158		-1.0
	32699.99999998	23.99503		-2.24294  0.2  0.2		4.1705503158		-1.0
	32729.99999998	23.98596		-2.45931  0.2  0.2		4.1705503158		-1.0
	32759.99999998	23.62214		-2.63041  0.2  0.2		4.1705503158		-1.0
	32789.99999998	23.21869		-2.25907  0.2  0.2		4.1705503158		-1.0
	32819.99999998	23.54584		-2.10468  0.2  0.2		4.1705503158		-1.0
	32849.99999998	23.11566		-2.04108  0.2  0.2		4.1705503158		-1.0
	32879.99999998	23.0012		-1.9948  0.2  0.2		4.1705503158		-1.0
	32909.99999998	22.68743		-1.82333  0.2  0.2		4.1705503158		-1.0
	32939.99999998	22.57419		-1.44243  0.2  0.2		4.1705503158		-1.0
	32969.99999998	21.939		-1.65738  0.2  0.2		4.1705503158		-1.0
	32999.99999998	22.03441		-2.17  0.2  0.2		4.1705503158		-1.0
	33029.99999998	21.88497		-2.31536  0.2  0.2		4.1705503158		-1.0
	33059.99999998	22.18946		-2.82319  0.2  0.2		4.1705503158		-1.0
	33089.99999998	22.53642		2.94583  0.2  0.2		4.1705503158		-1.0
	33119.99999998	22.68592		2.50628  0.2  0.2		4.1705503158		-1.0
	33149.99999998	23.20176		2.502  0.2  0.2		4.1705503158		-1.0
	33179.99999998	23.36919		2.29672  0.2  0.2		4.1705503158		-1.0
	33209.99999998	23.7497		1.51351  0.2  0.2		4.1705503158		-1.0
	33239.99999998	24.14044		0.28068  0.2  0.2		4.1705503158		-1.0
	33269.99999998	24.83857		-0.15977  0.2  0.2		4.1705503158		-1.0
	33299.99999998	25.3062		-0.18953  0.2  0.2		4.1705503158		-1.0
	33329.99999998	25.23634		0.32446  0.2  0.2		4.1705503158		-1.0
	33359.99999998	24.65576		0.96064  0.2  0.2		4.1705503158		-1.0
	33389.99999998	24.19995		1.49766  0.2  0.2		4.1705503158		-1.0
	33419.99999998	23.85081		1.84827  0.2  0.2		4.1705503158		-1.0
	33449.99999998	23.47137		2.07304  0.2  0.2		4.1705503158		-1.0
	33479.99999998	23.40103		1.82862  0.2  0.2		4.1705503158		-1.0
	33509.99999998	24.14903		1.44048  0.2  0.2		4.1705503158		-1.0
	33539.99999998	24.93105		1.19891  0.2  0.2		4.1705503158		-1.0
	33569.99999998	25.63724		0.71107  0.2  0.2		4.1705503158		-1.0
	33599.99999998	26.46391		0.28251  0.2  0.2		4.1705503158		-1.0
	33629.99999998	26.81963		0.23181  0.2  0.2		4.1705503158		-1.0
	33659.99999998	27.38629		0.18064  0.2  0.2		4.1705503158		-1.0
	33689.99999998	27.94398		-0.00866  0.2  0.2		4.1705503158		-1.0
	33719.99999997	28.59263		0.04458  0.2  0.2		4.1705503158		-1.0
	33749.99999997	29.1089		-0.01469  0.2  0.2		4.1705503158		-1.0
	33779.99999997	29.29355		0.15646  0.2  0.2		4.1705503158		-1.0
	33809.99999997	29.50809		0.29157  0.2  0.2		4.1705503158		-1.0
	33839.99999997	30.18237		0.1718  0.2  0.2		4.1705503158		-1.0
	33869.99999997	30.92532		0.3949  0.2  0.2		4.1705503158		-1.0
	33899.99999997	31.68936		0.6083  0.2  0.2		4.1705503158		-1.0
	33929.99999997	32.35115		0.57521  0.2  0.2		4.1705503158		-1.0
	33959.99999997	32.78826		0.78351  0.2  0.2		4.1705503158		-1.0
	33989.99999997	33.51277		0.77468  0.2  0.2		4.1705503158		-1.0
	34019.99999997	34.6717		0.67599  0.2  0.2		4.1705503158		-1.0
	34049.99999997	35.83555		0.77604  0.2  0.2		4.1705503158		-1.0
	34079.99999997	36.68935		0.62142  0.2  0.2		4.1705503158		-1.0
	34109.99999997	37.44574		0.28718  0.2  0.2		4.1705503158		-1.0
	34139.99999997	37.83599		-0.05024  0.2  0.2		4.1705503158		-1.0
	34169.99999997	38.38314		-0.66108  0.2  0.2		4.1705503158		-1.0
	34199.99999997	38.96994		-1.11584  0.2  0.2		4.1705503158		-1.0
	34229.99999997	39.59321		-1.16247  0.2  0.2		4.1705503158		-1.0
	34259.99999997	40.4887		-1.24316  0.2  0.2		4.1705503158		-1.0
	34289.99999997	41.25949		-1.09681  0.2  0.2		4.1705503158		-1.0
	34319.99999997	41.97017		-0.889  0.2  0.2		4.1705503158		-1.0
	34349.99999997	42.55511		-0.87481  0.2  0.2		4.1705503158		-1.0
	34379.99999997	43.06121		-0.76934  0.2  0.2		4.1705503158		-1.0
	34409.99999997	43.94203		-0.61914  0.2  0.2		4.1705503158		-1.0
	34439.99999997	44.07115		-0.51912  0.2  0.2		4.1705503158		-1.0
	34469.99999997	44.54636		-0.29166  0.2  0.2		4.1705503158		-1.0
	34499.99999997	44.88312		-0.22166  0.2  0.2		4.1705503158		-1.0
	34529.99999997	45.30609		-0.38186  0.2  0.2		4.1705503158		-1.0
	34559.99999997	45.31163		-0.47425  0.2  0.2		4.1705503158		-1.0
	34589.99999997	45.54117		-0.32517  0.2  0.2		4.1705503158		-1.0
	34619.99999997	46.23836		-0.1464  0.2  0.2		4.1705503158		-1.0
	34649.99999997	46.88764		0.24843  0.2  0.2		4.1705503158		-1.0
	34679.99999997	47.75065		0.24113  0.2  0.2		4.1705503158		-1.0
	34709.99999997	48.62051		0.44717  0.2  0.2		4.1705503158		-1.0
	34739.99999997	49.56815		0.41297  0.2  0.2		4.1705503158		-1.0
	34769.99999997	50.33597		0.45003  0.2  0.2		4.1705503158		-1.0
	34799.99999997	51.33607		0.35266  0.2  0.2		4.1705503158		-1.0
	34829.99999997	52.14721		0.21703  0.2  0.2		4.1705503158		-1.0
	34859.99999997	52.59382		0.15115  0.2  0.2		4.1705503158		-1.0
	34889.99999997	53.4348		0.04927  0.2  0.2		4.1705503158		-1.0
	34919.99999997	53.96626		-1.66569  0.2  0.2		4.1705503158		-1.0
	34949.99999997	53.75027		-1.66876  0.2  0.2		4.1705503158		-1.0
	34979.99999997	53.05144		-1.67251  0.2  0.2		4.1705503158		-1.0
	35009.99999997	52.32113		-1.80473  0.2  0.2		4.1705503158		-1.0
	35039.99999997	51.6825		-1.91896  0.2  0.2		4.1705503158		-1.0
	35069.99999997	51.4202		-2.18531  0.2  0.2		4.1705503158		-1.0
	35099.99999997	50.97297		-2.39265  0.2  0.2		4.1705503158		-1.0
	35129.99999997	50.93817		-2.77899  0.2  0.2		4.1705503158		-1.0
	35159.99999997	51.25249		-3.07003  0.2  0.2		4.1705503158		-1.0
	35189.99999997	51.68632		-3.04871  0.2  0.2		4.1705503158		-1.0
	35219.99999997	51.85486		-0.37288  0.2  0.2		4.1705503158		-1.0
	35249.99999997	51.78202		-1.03274  0.2  0.2		4.1705503158		-1.0
	35279.99999997	51.86657		-0.3247  0.2  0.2		4.1705503158		-1.0
	35309.99999997	52.31538		0.13987  0.2  0.2		4.1705503158		-1.0
	35339.99999997	52.59629		-0.14294  0.2  0.2		4.1705503158		-1.0
	35369.99999997	53.4868		0.2195  0.2  0.2		4.1705503158		-1.0
	35399.99999997	53.75973		1.10802  0.2  0.2		4.1705503158		-1.0
	35429.99999997	54.79163		1.50147  0.2  0.2		4.1705503158		-1.0
	35459.99999997	54.94769		1.63844  0.2  0.2		4.1705503158		-1.0
	35489.99999997	54.5417		-1.60463  0.2  0.2		4.1705503158		-1.0
	35519.99999997	54.43801		-1.69059  0.2  0.2		4.1705503158		-1.0
	35549.99999997	54.68331		3.0229  0.2  0.2		4.1705503158		-1.0
	35579.99999997	54.90773		2.55841  0.2  0.2		4.1705503158		-1.0
	35609.99999997	55.36156		1.3083  0.2  0.2		4.1705503158		-1.0
	35639.99999997	55.54872		0.28349  0.2  0.2		4.1705503158		-1.0
	35669.99999997	55.37055		-2.13995  0.2  0.2		4.1705503158		-1.0
	35699.99999997	55.06923		-2.99744  0.2  0.2		4.1705503158		-1.0
	35729.99999997	54.72411		1.97551  0.2  0.2		4.1705503158		-1.0
	35759.99999997	54.41143		1.90175  0.2  0.2		4.1705503158		-1.0
	35789.99999997	53.89322		-0.00325  0.2  0.2		4.1705503158		-1.0
	35819.99999997	53.22624		-0.17404  0.2  0.2		4.1705503158		-1.0
	35849.99999997	53.00405		-1.75211  0.2  0.2		4.1705503158		-1.0
	35879.99999997	52.39495		-0.96007  0.2  0.2		4.1705503158		-1.0
	35909.99999997	52.09033		-2.04477  0.2  0.2		4.1705503158		-1.0
	35939.99999997	51.3044		-2.60464  0.2  0.2		4.1705503158		-1.0
	35969.99999997	50.70509		-2.45414  0.2  0.2		4.1705503158		-1.0
	35999.99999997	50.09348		-2.5272  0.2  0.2		4.1705503158		-1.0
	36029.99999997	49.52594		-2.60032  0.2  0.2		4.1705503158		-1.0
	36059.99999997	49.6803		-2.14725  0.2  0.2		4.1705503158		-1.0
	36089.99999997	49.55698		-2.42829  0.2  0.2		4.1705503158		-1.0
	36119.99999997	50.02869		-2.09395  0.2  0.2		4.1705503158		-1.0
	36149.99999997	50.06252		-1.817  0.2  0.2		4.1705503158		-1.0
	36179.99999997	50.33985		-1.65949  0.2  0.2		4.1705503158		-1.0
	36209.99999997	50.60301		-1.0677  0.2  0.2		4.1705503158		-1.0
	36239.99999997	50.90448		-0.91799  0.2  0.2		4.1705503158		-1.0
	36269.99999997	51.29019		-1.08443  0.2  0.2		4.1705503158		-1.0
	36299.99999997	51.4608		-0.81228  0.2  0.2		4.1705503158		-1.0
	36329.99999997	51.96479		-0.78235  0.2  0.2		4.1705503158		-1.0
	36359.99999997	51.40725		-0.91596  0.2  0.2		4.1705503158		-1.0
	36389.99999997	50.76813		-0.76311  0.2  0.2		4.1705503158		-1.0
	36419.99999997	49.67117		-0.60858  0.2  0.2		4.1705503158		-1.0
	36449.99999997	48.87428		-0.50885  0.2  0.2		4.1705503158		-1.0
	36479.99999997	48.3257		-0.32053  0.2  0.2		4.1705503158		-1.0
	36509.99999997	47.75542		-0.42416  0.2  0.2		4.1705503158		-1.0
	36539.99999997	47.1371		-0.61377  0.2  0.2		4.1705503158		-1.0
	36569.99999997	46.7142		-0.56654  0.2  0.2		4.1705503158		-1.0
	36599.99999997	46.25663		-1.00501  0.2  0.2		4.1705503158		-1.0
	36629.99999997	45.95431		-0.95207  0.2  0.2		4.1705503158		-1.0
	36659.99999997	46.12081		-0.73453  0.2  0.2		4.1705503158		-1.0
	36689.99999997	46.67094		-0.46225  0.2  0.2		4.1705503158		-1.0
	36719.99999997	46.95787		-0.07222  0.2  0.2		4.1705503158		-1.0
	36749.99999997	47.21541		-0.33896  0.2  0.2		4.1705503158		-1.0
	36779.99999997	47.65586		-0.65636  0.2  0.2		4.1705503158		-1.0
	36809.99999997	47.93517		-0.6617  0.2  0.2		4.1705503158		-1.0
	36839.99999997	48.98372		-0.71723  0.2  0.2		4.1705503158		-1.0
	36869.99999997	49.76895		-0.55319  0.2  0.2		4.1705503158		-1.0
	36899.99999997	50.32015		-0.46484  0.2  0.2		4.1705503158		-1.0
	36929.99999997	50.41208		-0.94909  0.2  0.2		4.1705503158		-1.0
	36959.99999997	50.10232		-1.24223  0.2  0.2		4.1705503158		-1.0
	36989.99999997	49.50854		-1.61243  0.2  0.2		4.1705503158		-1.0
	37019.99999997	48.80376		-1.97878  0.2  0.2		4.1705503158		-1.0
	37049.99999997	48.41276		-2.01556  0.2  0.2		4.1705503158		-1.0
	37079.99999997	47.94496		3.10582  0.2  0.2		4.1705503158		-1.0
	37109.99999997	48.08394		0.9383  0.2  0.2		4.1705503158		-1.0
	37139.99999997	47.57936		2.64686  0.2  0.2		4.1705503158		-1.0
	37169.99999997	47.02684		-2.90692  0.2  0.2		4.1705503158		-1.0
	37199.99999997	47.20919		-2.57555  0.2  0.2		4.1705503158		-1.0
	37229.99999997	47.48111		-1.91282  0.2  0.2		4.1705503158		-1.0
	37259.99999997	47.71532		-2.03621  0.2  0.2		4.1705503158		-1.0
	37289.99999997	47.37772		-2.26498  0.2  0.2		4.1705503158		-1.0
	37319.99999997	47.22375		-2.09756  0.2  0.2		4.1705503158		-1.0
	37349.99999997	46.60172		-2.46847  0.2  0.2		4.1705503158		-1.0
	37379.99999997	46.24239		-2.33845  0.2  0.2		4.1705503158		-1.0
	37409.99999997	45.48868		-2.2959  0.2  0.2		4.1705503158		-1.0
	37439.99999997	45.48866		-2.35022  0.2  0.2		4.1705503158		-1.0
	37469.99999997	45.08824		-2.50532  0.2  0.2		4.1705503158		-1.0
	37499.99999997	44.80169		-2.23596  0.2  0.2		4.1705503158		-1.0
	37529.99999997	44.85094		-1.95457  0.2  0.2		4.1705503158		-1.0
	37559.99999997	44.6394		-1.86633  0.2  0.2		4.1705503158		-1.0
	37589.99999997	44.43994		-0.89724  0.2  0.2		4.1705503158		-1.0
	37619.99999997	44.21202		-1.25093  0.2  0.2		4.1705503158		-1.0
	37649.99999997	43.47649		-1.61097  0.2  0.2		4.1705503158		-1.0
	37679.99999997	42.84302		-1.77702  0.2  0.2		4.1705503158		-1.0
	37709.99999997	42.0592		-1.64873  0.2  0.2		4.1705503158		-1.0
	37739.99999997	41.3618		-1.73477  0.2  0.2		4.1705503158		-1.0
	37769.99999997	40.82861		-1.93506  0.2  0.2		4.1705503158		-1.0
	37799.99999997	40.27419		-2.09647  0.2  0.2		4.1705503158		-1.0
	37829.99999997	39.6415		-2.4341  0.2  0.2		4.1705503158		-1.0
	37859.99999997	38.85322		-3.08359  0.2  0.2		4.1705503158		-1.0
	37889.99999997	37.944		2.61745  0.2  0.2		4.1705503158		-1.0
	37919.99999997	37.28116		2.6246  0.2  0.2		4.1705503158		-1.0
	37949.99999997	36.53051		2.0757  0.2  0.2		4.1705503158		-1.0
	37979.99999997	35.74347		1.84948  0.2  0.2		4.1705503158		-1.0
	38009.99999997	34.94705		2.18478  0.2  0.2		4.1705503158		-1.0
	38039.99999997	34.13156		2.25816  0.2  0.2		4.1705503158		-1.0
	38069.99999997	33.13404		2.89231  0.2  0.2		4.1705503158		-1.0
	38099.99999997	32.28255		-3.09374  0.2  0.2		4.1705503158		-1.0
	38129.99999997	31.11647		-2.82229  0.2  0.2		4.1705503158		-1.0
	38159.99999997	30.43845		-2.9147  0.2  0.2		4.1705503158		-1.0
	38189.99999997	29.34515		-2.87537  0.2  0.2		4.1705503158		-1.0
	38219.99999997	28.55447		3.11958  0.2  0.2		4.1705503158		-1.0
	38249.99999997	27.5719		2.4888  0.2  0.2		4.1705503158		-1.0
	38279.99999997	27.31236		1.36647  0.2  0.2		4.1705503158		-1.0
	38309.99999997	26.81962		1.07235  0.2  0.2		4.1705503158		-1.0
	38339.99999997	26.1761		0.95694  0.2  0.2		4.1705503158		-1.0
	38369.99999997	25.6557		0.83719  0.2  0.2		4.1705503158		-1.0
	38399.99999997	24.94416		2.589  0.2  0.2		4.1705503158		-1.0
	38429.99999997	24.48026		-2.28778  0.2  0.2		4.1705503158		-1.0
	38459.99999997	23.77698		-1.83604  0.2  0.2		4.1705503158		-1.0
	38489.99999997	23.28084		-1.41623  0.2  0.2		4.1705503158		-1.0
	38519.99999997	22.7376		-1.42732  0.2  0.2		4.1705503158		-1.0
	38549.99999997	22.46099		-1.05868  0.2  0.2		4.1705503158		-1.0
	38579.99999997	22.10239		-0.15599  0.2  0.2		4.1705503158		-1.0
	38609.99999997	22.05707		0.44411  0.2  0.2		4.1705503158		-1.0
	38639.99999997	22.31992		-0.10936  0.2  0.2		4.1705503158		-1.0
	38669.99999997	22.49207		-1.34381  0.2  0.2		4.1705503158		-1.0
	38699.99999997	22.4758		-2.05575  0.2  0.2		4.1705503158		-1.0
	38729.99999997	22.43115		-2.55643  0.2  0.2		4.1705503158		-1.0
	38759.99999997	22.50256		-2.64621  0.2  0.2		4.1705503158		-1.0
	38789.99999997	22.06785		-2.65511  0.2  0.2		4.1705503158		-1.0
	38819.99999997	21.0986		-2.38645  0.2  0.2		4.1705503158		-1.0
	38849.99999997	20.6951		-2.1945  0.2  0.2		4.1705503158		-1.0
	38879.99999997	20.38856		-1.64379  0.2  0.2		4.1705503158		-1.0
	38909.99999997	19.71726		-1.4879  0.2  0.2		4.1705503158		-1.0
	38939.99999997	19.5405		-1.82694  0.2  0.2		4.1705503158		-1.0
	38969.99999997	19.54505		-1.86347  0.2  0.2		4.1705503158		-1.0
	38999.99999997	19.02287		-1.75919  0.2  0.2		4.1705503158		-1.0
	39029.99999997	18.20855		-1.80189  0.2  0.2		4.1705503158		-1.0
	39059.99999997	17.50882		-1.08382  0.2  0.2		4.1705503158		-1.0
	39089.99999997	17.07606		-0.46185  0.2  0.2		4.1705503158		-1.0
	39119.99999997	16.4303		-0.38343  0.2  0.2		4.1705503158		-1.0
	39149.99999997	16.14846		-0.68913  0.2  0.2		4.1705503158		-1.0
	39179.99999997	15.80013		-1.11876  0.2  0.2		4.1705503158		-1.0
	39209.99999997	14.85351		-1.58927  0.2  0.2		4.1705503158		-1.0
	39239.99999997	14.02236		-1.53027  0.2  0.2		4.1705503158		-1.0
	39269.99999997	13.29485		-1.41777  0.2  0.2		4.1705503158		-1.0
	39299.99999997	12.05267		-0.54599  0.2  0.2		4.1705503158		-1.0
	39329.99999997	11.35682		-0.19664  0.2  0.2		4.1705503158		-1.0
	39359.99999997	11.16443		-0.48454  0.2  0.2		4.1705503158		-1.0
	39389.99999997	10.99709		-0.72508  0.2  0.2		4.1705503158		-1.0
	39419.99999997	10.65157		-0.76076  0.2  0.2		4.1705503158		-1.0
	39449.99999997	10.15723		-0.55321  0.2  0.2		4.1705503158		-1.0
	39479.99999997	9.31973		-0.57263  0.2  0.2		4.1705503158		-1.0
	39509.99999997	8.60279		-0.61955  0.2  0.2		4.1705503158		-1.0
	39539.99999997	8.16065		-0.68545  0.2  0.2		4.1705503158		-1.0
	39569.99999997	7.56742		-1.0389  0.2  0.2		4.1705503158		-1.0
	39599.99999997	7.08922		-1.22839  0.2  0.2		4.1705503158		-1.0
	39629.99999997	6.74363		-0.62542  0.2  0.2		4.1705503158		-1.0
	39659.99999997	7.003		-0.43864  0.2  0.2		4.1705503158		-1.0
	39689.99999997	6.83065		-0.05906  0.2  0.2		4.1705503158		-1.0
	39719.99999997	6.62256		0.54928  0.2  0.2		4.1705503158		-1.0
	39749.99999997	6.59237		1.24778  0.2  0.2		4.1705503158		-1.0
	39779.99999997	6.76262		2.29141  0.2  0.2		4.1705503158		-1.0
	39809.99999997	6.96541		0.97249  0.2  0.2		4.1705503158		-1.0
	39839.99999997	7.5555		1.81392  0.2  0.2		4.1705503158		-1.0
	39869.99999997	8.20141		-2.51688  0.2  0.2		4.1705503158		-1.0
	39899.99999997	8.5478		-2.65691  0.2  0.2		4.1705503158		-1.0
	39929.99999997	9.07193		-2.65469  0.2  0.2		4.1705503158		-1.0
	39959.99999997	9.66453		-2.38976  0.2  0.2		4.1705503158		-1.0
	39989.99999997	9.49885		-2.17727  0.2  0.2		4.1705503158		-1.0
	40019.99999997	9.44155		-2.51193  0.2  0.2		4.1705503158		-1.0
	40049.99999997	9.36916		-2.91867  0.2  0.2		4.1705503158		-1.0
	40079.99999997	9.09932		-2.91396  0.2  0.2		4.1705503158		-1.0
	40109.99999997	8.70503		-3.02718  0.2  0.2		4.1705503158		-1.0
	40139.99999997	8.22101		-3.02033  0.2  0.2		4.1705503158		-1.0
	40169.99999997	7.47996		3.09777  0.2  0.2		4.1705503158		-1.0
	40199.99999997	7.37383		2.99136  0.2  0.2		4.1705503158		-1.0
	40229.99999996	6.72347		2.9588  0.2  0.2		4.1705503158		-1.0
	40259.99999996	6.21028		2.84951  0.2  0.2		4.1705503158		-1.0
	40289.99999996	6.41528		2.54494  0.2  0.2		4.1705503158		-1.0
	40319.99999996	6.62316		1.95406  0.2  0.2		4.1705503158		-1.0
	40349.99999996	6.53107		2.26896  0.2  0.2		4.1705503158		-1.0
	40379.99999996	6.05657		2.54717  0.2  0.2		4.1705503158		-1.0
	40409.99999996	6.13196		1.44468  0.2  0.2		4.1705503158		-1.0
	40439.99999996	6.75397		-0.64759  0.2  0.2		4.1705503158		-1.0
	40469.99999996	6.9948		-0.72212  0.2  0.2		4.1705503158		-1.0
	40499.99999996	7.2468		0.60272  0.2  0.2		4.1705503158		-1.0
	40529.99999996	7.71806		1.17716  0.2  0.2		4.1705503158		-1.0
	40559.99999996	8.35337		1.86628  0.2  0.2		4.1705503158		-1.0
	40589.99999996	9.28877		1.88394  0.2  0.2		4.1705503158		-1.0
	40619.99999996	9.70742		1.57553  0.2  0.2		4.1705503158		-1.0
	40649.99999996	10.24067		1.43638  0.2  0.2		4.1705503158		-1.0
	40679.99999996	10.42799		1.09856  0.2  0.2		4.1705503158		-1.0
	40709.99999996	10.86882		1.39705  0.2  0.2		4.1705503158		-1.0
	40739.99999996	11.75083		1.63178  0.2  0.2		4.1705503158		-1.0
	40769.99999996	12.69765		1.64795  0.2  0.2		4.1705503158		-1.0
	40799.99999996	13.7353		2.03084  0.2  0.2		4.1705503158		-1.0
	40829.99999996	14.34396		2.02717  0.2  0.2		4.1705503158		-1.0
	40859.99999996	14.90994		2.12536  0.2  0.2		4.1705503158		-1.0
