	30.00000000	2.9984		2.91438  0.2  0.2		4.1705503158		-1.0
	60.00000000	2.91642		3.13113  0.2  0.2		4.1705503158		-1.0
	90.00000000	2.92019		-2.92478  0.2  0.2		4.1705503158		-1.0
	120.00000000	2.86168		-2.87415  0.2  0.2		4.1705503158		-1.0
	150.00000000	3.11494		-2.8851  0.2  0.2		4.1705503158		-1.0
	180.00000000	3.09706		-2.90647  0.2  0.2		4.1705503158		-1.0
	210.00000000	2.91488		-2.83476  0.2  0.2		4.1705503158		-1.0
	240.00000000	2.78733		-2.78371  0.2  0.2		4.1705503158		-1.0
	270.00000000	3.17253		-2.85565  0.2  0.2		4.1705503158		-1.0
	300.00000000	2.85927		-2.8287  0.2  0.2		4.1705503158		-1.0
	330.00000000	3.05676		-2.97831  0.2  0.2		4.1705503158		-1.0
	360.00000000	3.03501		3.07713  0.2  0.2		4.1705503158		-1.0
	390.00000000	2.83883		2.88158  0.2  0.2		4.1705503158		-1.0
	420.00000000	3.01221		2.83782  0.2  0.2		4.1705503158		-1.0
	450.00000000	2.84807		2.91889  0.2  0.2		4.1705503158		-1.0
	480.00000000	2.97196		2.87436  0.2  0.2		4.1705503158		-1.0
	510.00000000	2.93438		2.43289  0.2  0.2		4.1705503158		-1.0
	540.00000000	2.87752		2.31546  0.2  0.2		4.1705503158		-1.0
	570.00000000	2.77361		2.55453  0.2  0.2		4.1705503158		-1.0
	600.00000000	3.07345		2.72616  0.2  0.2		4.1705503158		-1.0
	630.00000000	3.23118		2.48669  0.2  0.2		4.1705503158		-1.0
	660.00000000	2.83905		2.35869  0.2  0.2		4.1705503158		-1.0
	690.00000000	2.75602		2.32627  0.2  0.2		4.1705503158		-1.0
	720.00000000	3.02876		2.33257  0.2  0.2		4.1705503158		-1.0
	750.00000000	3.13046		2.56077  0.2  0.2		4.1705503158		-1.0
	780.00000000	2.97229		2.67309  0.2  0.2		4.1705503158		-1.0
	810.00000000	2.91522		2.75019  0.2  0.2		4.1705503158		-1.0
	840.00000000	3.26118		3.00221  0.2  0.2		4.1705503158		-1.0
	870.00000000	2.68321		3.0027  0.2  0.2		4.1705503158		-1.0
	900.00000000	3.15044		2.98321  0.2  0.2		4.1705503158		-1.0
	930.00000000	2.80923		2.88726  0.2  0.2		4.1705503158		-1.0
	960.00000000	2.87881		-3.10032  0.2  0.2		4.1705503158		-1.0
	990.00000000	2.82667		3.09986  0.2  0.2		4.1705503158		-1.0
	1020.00000000	2.698		3.07098  0.2  0.2		4.1705503158		-1.0
	1050.00000000	3.11036		3.09302  0.2  0.2		4.1705503158		-1.0
	1080.00000000	3.21385		-3.07965  0.2  0.2		4.1705503158		-1.0
	1110.00000000	2.91377		-3.06289  0.2  0.2		4.1705503158		-1.0
	1140.00000000	3.05322		-2.69759  0.2  0.2		4.1705503158		-1.0
	1170.00000000	3.12197		-2.32057  0.2  0.2		4.1705503158		-1.0
	1200.00000000	2.90449		-2.27049  0.2  0.2		4.1705503158		-1.0
	1230.00000000	2.81386		-2.43537  0.2  0.2		4.1705503158		-1.0
	1260.00000000	2.75048		-2.51259  0.2  0.2		4.1705503158		-1.0
	1290.00000000	2.97341		-2.42627  0.2  0.2		4.1705503158		-1.0
	1320.00000000	3.00749		-2.22524  0.2  0.2		4.1705503158		-1.0
	1350.00000000	3.10138		-1.96153  0.2  0.2		4.1705503158		-1.0
	1380.00000000	2.97519		-1.56689  0.2  0.2		4.1705503158		-1.0
	1410.00000000	2.99546		-1.47873  0.2  0.2		4.1705503158		-1.0
	1440.00000000	2.85126		-1.67717  0.2  0.2		4.1705503158		-1.0
	1470.00000000	2.84379		-1.88692  0.2  0.2		4.1705503158		-1.0
	1500.00000000	2.83922		-1.84954  0.2  0.2		4.1705503158		-1.0
	1530.00000000	2.89015		-1.99602  0.2  0.2		4.1705503158		-1.0
	1560.00000000	2.87833		-2.14843  0.2  0.2		4.1705503158		-1.0
	1590.00000000	3.02729		-2.06336  0.2  0.2		4.1705503158		-1.0
	1620.00000000	2.87619		-2.24153  0.2  0.2		4.1705503158		-1.0
	1650.00000000	2.92644		-2.43569  0.2  0.2		4.1705503158		-1.0
	1680.00000000	3.00778		-2.60619  0.2  0.2		4.1705503158		-1.0
	1710.00000000	2.80218		-2.42162  0.2  0.2		4.1705503158		-1.0
	1740.00000000	2.79432		-2.09807  0.2  0.2		4.1705503158		-1.0
	1770.00000000	3.0314		-1.81629  0.2  0.2		4.1705503158		-1.0
	1800.00000000	3.01086		-1.69333  0.2  0.2		4.1705503158		-1.0
	1830.00000000	2.88277		-1.29509  0.2  0.2		4.1705503158		-1.0
	1860.00000000	2.93024		-0.79524  0.2  0.2		4.1705503158		-1.0
	1890.00000000	2.81772		-0.76006  0.2  0.2		4.1705503158		-1.0
	1920.00000000	2.75803		-0.9874  0.2  0.2		4.1705503158		-1.0
	1950.00000000	2.76962		-1.27979  0.2  0.2		4.1705503158		-1.0
	1980.00000000	2.9693		-1.26599  0.2  0.2		4.1705503158		-1.0
	2010.00000000	2.97852		-1.03478  0.2  0.2		4.1705503158		-1.0
	2040.00000000	2.80916		-0.84806  0.2  0.2		4.1705503158		-1.0
	2070.00000000	2.77124		-0.88542  0.2  0.2		4.1705503158		-1.0
	2100.00000000	3.04982		-1.22514  0.2  0.2		4.1705503158		-1.0
	2130.00000000	2.872		-1.81168  0.2  0.2		4.1705503158		-1.0
	2160.00000000	3.20045		-1.90399  0.2  0.2		4.1705503158		-1.0
	2190.00000000	2.9184		-1.87226  0.2  0.2		4.1705503158		-1.0
	2220.00000000	2.87031		-1.49548  0.2  0.2		4.1705503158		-1.0
	2250.00000000	2.8966		-1.18006  0.2  0.2		4.1705503158		-1.0
	2280.00000000	3.07271		-0.98538  0.2  0.2		4.1705503158		-1.0
	2310.00000000	2.91069		-0.71912  0.2  0.2		4.1705503158		-1.0
	2340.00000000	2.83548		-0.31715  0.2  0.2		4.1705503158		-1.0
	2370.00000000	2.88074		-0.25005  0.2  0.2		4.1705503158		-1.0
	2400.00000000	2.99244		-0.23862  0.2  0.2		4.1705503158		-1.0
	2430.00000000	3.03006		-0.41739  0.2  0.2		4.1705503158		-1.0
	2460.00000000	2.83603		-0.45557  0.2  0.2		4.1705503158		-1.0
	2490.00000000	3.14149		-0.38581  0.2  0.2		4.1705503158		-1.0
	2520.00000000	2.98554		-0.23089  0.2  0.2		4.1705503158		-1.0
	2550.00000000	2.77957		0.00632  0.2  0.2		4.1705503158		-1.0
	2580.00000000	2.71614		0.42507  0.2  0.2		4.1705503158		-1.0
	2610.00000000	2.80113		1.07501  0.2  0.2		4.1705503158		-1.0
	2640.00000000	2.93073		1.29677  0.2  0.2		4.1705503158		-1.0
	2670.00000000	2.99384		1.24768  0.2  0.2		4.1705503158		-1.0
	2700.00000000	2.90072		1.21053  0.2  0.2		4.1705503158		-1.0
	2730.00000000	2.90183		1.19818  0.2  0.2		4.1705503158		-1.0
	2760.00000000	3.1132		1.2848  0.2  0.2		4.1705503158		-1.0
	2790.00000000	2.92965		1.49934  0.2  0.2		4.1705503158		-1.0
	2820.00000000	2.89993		1.80644  0.2  0.2		4.1705503158		-1.0
	2850.00000000	2.96501		1.47862  0.2  0.2		4.1705503158		-1.0
	2880.00000000	2.84979		0.94071  0.2  0.2		4.1705503158		-1.0
	2910.00000000	3.00374		0.84697  0.2  0.2		4.1705503158		-1.0
	2940.00000000	2.90492		0.80868  0.2  0.2		4.1705503158		-1.0
	2970.00000000	2.94125		0.55932  0.2  0.2		4.1705503158		-1.0
	3000.00000000	2.96332		0.26144  0.2  0.2		4.1705503158		-1.0
	3030.00000000	2.96133		0.13381  0.2  0.2		4.1705503158		-1.0
	3060.00000000	2.78928		0.18526  0.2  0.2		4.1705503158		-1.0
	3090.00000000	2.97588		0.28834  0.2  0.2		4.1705503158		-1.0
	3120.00000000	3.04983		0.53883  0.2  0.2		4.1705503158		-1.0
	3150.00000000	2.73842		0.90164  0.2  0.2		4.1705503158		-1.0
	3180.00000000	3.02799		1.0125  0.2  0.2		4.1705503158		-1.0
	3210.00000000	3.00043		0.98256  0.2  0.2		4.1705503158		-1.0
	3240.00000000	3.08936		0.73367  0.2  0.2		4.1705503158		-1.0
	3270.00000000	2.92067		0.65654  0.2  0.2		4.1705503158		-1.0
	3300.00000000	3.01796		0.79948  0.2  0.2		4.1705503158		-1.0
	3330.00000000	3.18396		0.92125  0.2  0.2		4.1705503158		-1.0
	3360.00000000	2.82566		1.26759  0.2  0.2		4.1705503158		-1.0
	3390.00000000	3.04113		1.72711  0.2  0.2		4.1705503158		-1.0
	3420.00000000	3.13029		1.87289  0.2  0.2		4.1705503158		-1.0
	3450.00000000	2.84595		2.20652  0.2  0.2		4.1705503158		-1.0
	3480.00000000	2.94973		2.07713  0.2  0.2		4.1705503158		-1.0
	3510.00000000	3.15505		1.64695  0.2  0.2		4.1705503158		-1.0
	3540.00000000	2.88722		1.73153  0.2  0.2		4.1705503158		-1.0
	3570.00000000	2.9344		1.94069  0.2  0.2		4.1705503158		-1.0
	3600.00000000	3.04225		2.16736  0.2  0.2		4.1705503158		-1.0
	3630.00000000	2.91176		1.99205  0.2  0.2		4.1705503158		-1.0
	3660.00000000	2.75511		1.98481  0.2  0.2		4.1705503158		-1.0
	3690.00000000	2.89357		2.04514  0.2  0.2		4.1705503158		-1.0
	3720.00000000	3.0971		1.91615  0.2  0.2		4.1705503158		-1.0
	3750.00000000	3.02281		1.54203  0.2  0.2		4.1705503158		-1.0
	3780.00000000	2.75068		1.41914  0.2  0.2		4.1705503158		-1.0
	3810.00000000	2.83777		1.65152  0.2  0.2		4.1705503158		-1.0
	3840.00000000	2.83656		1.59901  0.2  0.2		4.1705503158		-1.0
	3870.00000000	2.92731		1.40141  0.2  0.2		4.1705503158		-1.0
	3900.00000000	3.28594		1.05209  0.2  0.2		4.1705503158		-1.0
	3930.00000000	2.792		0.64616  0.2  0.2		4.1705503158		-1.0
	3960.00000000	3.09587		0.28671  0.2  0.2		4.1705503158		-1.0
	3990.00000000	3.06474		0.05318  0.2  0.2		4.1705503158		-1.0
	4020.00000000	3.00256		-0.28344  0.2  0.2		4.1705503158		-1.0
	4050.00000000	3.12026		-0.77228  0.2  0.2		4.1705503158		-1.0
	4080.00000000	3.04518		-1.17758  0.2  0.2		4.1705503158		-1.0
	4110.00000000	2.93433		-0.82976  0.2  0.2		4.1705503158		-1.0
	4140.00000000	3.2555		-0.4556  0.2  0.2		4.1705503158		-1.0
	4170.00000000	2.78195		-0.22121  0.2  0.2		4.1705503158		-1.0
	4200.00000000	2.83238		-0.54747  0.2  0.2		4.1705503158		-1.0
	4230.00000000	2.93327		-1.06684  0.2  0.2		4.1705503158		-1.0
	4260.00000000	2.90663		-1.43695  0.2  0.2		4.1705503158		-1.0
	4290.00000000	2.72084		-1.69915  0.2  0.2		4.1705503158		-1.0
	4320.00000000	3.22945		-1.8228  0.2  0.2		4.1705503158		-1.0
	4350.00000000	3.13482		-1.95874  0.2  0.2		4.1705503158		-1.0
	4380.00000000	2.83821		-2.26241  0.2  0.2		4.1705503158		-1.0
	4410.00000000	2.76621		-2.28652  0.2  0.2		4.1705503158		-1.0
	4440.00000000	3.34887		-2.32695  0.2  0.2		4.1705503158		-1.0
	4470.00000000	2.8831		-2.68484  0.2  0.2		4.1705503158		-1.0
	4500.00000000	3.17738		-2.77178  0.2  0.2		4.1705503158		-1.0
	4530.00000000	2.79879		-2.39499  0.2  0.2		4.1705503158		-1.0
	4560.00000000	3.39331		-2.13095  0.2  0.2		4.1705503158		-1.0
	4590.00000000	2.63805		-1.5592  0.2  0.2		4.1705503158		-1.0
	4620.00000000	3.20303		-1.2912  0.2  0.2		4.1705503158		-1.0
	4650.00000000	2.8134		-1.33991  0.2  0.2		4.1705503158		-1.0
	4680.00000000	3.13662		-1.33534  0.2  0.2		4.1705503158		-1.0
	4710.00000000	2.87872		-1.42519  0.2  0.2		4.1705503158		-1.0
	4740.00000000	3.17191		-1.47256  0.2  0.2		4.1705503158		-1.0
	4770.00000000	3.34173		-1.38651  0.2  0.2		4.1705503158		-1.0
	4800.00000000	2.96595		-1.55416  0.2  0.2		4.1705503158		-1.0
	4830.00000000	2.97489		-1.59658  0.2  0.2		4.1705503158		-1.0
	4860.00000000	3.08188		-1.46273  0.2  0.2		4.1705503158		-1.0
	4890.00000000	2.81673		-1.49876  0.2  0.2		4.1705503158		-1.0
	4920.00000000	2.80248		-1.20325  0.2  0.2		4.1705503158		-1.0
	4950.00000000	2.81823		-1.11889  0.2  0.2		4.1705503158		-1.0
	4980.00000000	2.80344		-0.96959  0.2  0.2		4.1705503158		-1.0
	5010.00000000	2.89098		-0.71931  0.2  0.2		4.1705503158		-1.0
	5040.00000000	3.03233		-0.78298  0.2  0.2		4.1705503158		-1.0
	5070.00000000	2.96727		-0.70474  0.2  0.2		4.1705503158		-1.0
	5100.00000000	3.07608		-0.28164  0.2  0.2		4.1705503158		-1.0
	5130.00000000	3.38882		0.32447  0.2  0.2		4.1705503158		-1.0
	5160.00000000	2.76933		0.69917  0.2  0.2		4.1705503158		-1.0
	5190.00000000	3.19191		0.63933  0.2  0.2		4.1705503158		-1.0
	5220.00000000	2.95779		0.69807  0.2  0.2		4.1705503158		-1.0
	5250.00000000	3.13292		0.89825  0.2  0.2		4.1705503158		-1.0
	5280.00000000	3.17955		0.81866  0.2  0.2		4.1705503158		-1.0
	5310.00000000	3.40063		0.89392  0.2  0.2		4.1705503158		-1.0
	5340.00000000	3.2201		1.28254  0.2  0.2		4.1705503158		-1.0
	5370.00000000	3.16077		1.45322  0.2  0.2		4.1705503158		-1.0
	5400.00000000	3.34533		1.15076  0.2  0.2		4.1705503158		-1.0
	5430.00000000	3.10771		0.91764  0.2  0.2		4.1705503158		-1.0
	5460.00000000	2.85249		0.77028  0.2  0.2		4.1705503158		-1.0
	5490.00000000	2.74321		0.61327  0.2  0.2		4.1705503158		-1.0
	5520.00000000	3.06353		0.47425  0.2  0.2		4.1705503158		-1.0
	5550.00000000	3.30326		0.5067  0.2  0.2		4.1705503158		-1.0
	5580.00000000	2.95694		-0.03099  0.2  0.2		4.1705503158		-1.0
	5610.00000000	3.39079		-0.32274  0.2  0.2		4.1705503158		-1.0
	5640.00000000	2.70663		-0.42923  0.2  0.2		4.1705503158		-1.0
	5670.00000000	3.15947		-0.83701  0.2  0.2		4.1705503158		-1.0
	5700.00000000	3.1723		-1.07389  0.2  0.2		4.1705503158		-1.0
	5730.00000000	3.24437		-1.25376  0.2  0.2		4.1705503158		-1.0
	5760.00000000	3.26719		-0.89142  0.2  0.2		4.1705503158		-1.0
	5790.00000000	2.92596		-0.35798  0.2  0.2		4.1705503158		-1.0
	5820.00000000	3.03402		0.19406  0.2  0.2		4.1705503158		-1.0
	5850.00000000	3.05699		0.43162  0.2  0.2		4.1705503158		-1.0
	5880.00000000	3.11603		0.33523  0.2  0.2		4.1705503158		-1.0
	5910.00000000	3.18601		0.07819  0.2  0.2		4.1705503158		-1.0
	5940.00000000	2.70922		0.13816  0.2  0.2		4.1705503158		-1.0
	5970.00000000	3.37929		0.18998  0.2  0.2		4.1705503158		-1.0
	6000.00000000	2.72575		-0.0531  0.2  0.2		4.1705503158		-1.0
	6030.00000000	3.26887		-0.42434  0.2  0.2		4.1705503158		-1.0
	6060.00000000	2.86835		-0.90575  0.2  0.2		4.1705503158		-1.0
	6090.00000000	2.88486		-1.19412  0.2  0.2		4.1705503158		-1.0
	6120.00000000	2.72402		-1.07373  0.2  0.2		4.1705503158		-1.0
	6150.00000000	3.1774		-0.65382  0.2  0.2		4.1705503158		-1.0
	6180.00000000	2.98573		0.07984  0.2  0.2		4.1705503158		-1.0
	6210.00000000	2.81453		0.63316  0.2  0.2		4.1705503158		-1.0
	6240.00000000	2.82447		0.92241  0.2  0.2		4.1705503158		-1.0
	6270.00000000	2.84157		1.0504  0.2  0.2		4.1705503158		-1.0
	6300.00000000	2.74229		0.79153  0.2  0.2		4.1705503158		-1.0
	6330.00000000	2.73695		0.34921  0.2  0.2		4.1705503158		-1.0
	6360.00000000	3.20399		-0.19813  0.2  0.2		4.1705503158		-1.0
	6390.00000000	2.98409		-0.27232  0.2  0.2		4.1705503158		-1.0
	6420.00000000	2.87135		-0.2756  0.2  0.2		4.1705503158		-1.0
	6450.00000000	2.9139		-0.30269  0.2  0.2		4.1705503158		-1.0
	6480.00000000	3.54036		-0.2781  0.2  0.2		4.1705503158		-1.0
	6510.00000000	3.14813		0.126  0.2  0.2		4.1705503158		-1.0
	6540.00000000	2.85539		0.18085  0.2  0.2		4.1705503158		-1.0
	6570.00000000	3.32809		0.13746  0.2  0.2		4.1705503158		-1.0
	6600.00000000	3.23515		0.32366  0.2  0.2		4.1705503158		-1.0
	6630.00000000	2.81714		0.76942  0.2  0.2		4.1705503158		-1.0
	6660.00000000	2.77227		1.19956  0.2  0.2		4.1705503158		-1.0
	6690.00000000	2.74826		1.14425  0.2  0.2		4.1705503158		-1.0
	6720.00000000	3.00156		1.19666  0.2  0.2		4.1705503158		-1.0
	6750.00000000	3.31675		1.42685  0.2  0.2		4.1705503158		-1.0
	6780.00000000	2.67884		1.70317  0.2  0.2		4.1705503158		-1.0
	6810.00000000	3.26868		1.61734  0.2  0.2		4.1705503158		-1.0
	6840.00000000	2.90766		1.54041  0.2  0.2		4.1705503158		-1.0
	6870.00000000	3.25065		1.61052  0.2  0.2		4.1705503158		-1.0
	6900.00000000	2.67241		1.63406  0.2  0.2		4.1705503158		-1.0
	6930.00000000	3.24747		1.81882  0.2  0.2		4.1705503158		-1.0
	6960.00000000	3.06568		2.01768  0.2  0.2		4.1705503158		-1.0
	6990.00000000	3.28683		2.26326  0.2  0.2		4.1705503158		-1.0
	7020.00000000	3.05424		2.64117  0.2  0.2		4.1705503158		-1.0
	7050.00000000	2.70567		2.64123  0.2  0.2		4.1705503158		-1.0
	7080.00000000	3.27585		2.67552  0.2  0.2		4.1705503158		-1.0
	7110.00000000	3.23304		2.62759  0.2  0.2		4.1705503158		-1.0
	7140.00000000	3.14443		2.40991  0.2  0.2		4.1705503158		-1.0
	7170.00000000	2.83196		2.22976  0.2  0.2		4.1705503158		-1.0
	7200.00000000	2.86903		2.21721  0.2  0.2		4.1705503158		-1.0
	7230.00000000	3.24434		2.21286  0.2  0.2		4.1705503158		-1.0
	7260.00000000	3.38004		2.02575  0.2  0.2		4.1705503158		-1.0
	7290.00000000	2.77978		2.07611  0.2  0.2		4.1705503158		-1.0
	7320.00000000	3.1333		2.33516  0.2  0.2		4.1705503158		-1.0
	7350.00000000	2.76131		2.34738  0.2  0.2		4.1705503158		-1.0
	7380.00000000	3.42429		2.04137  0.2  0.2		4.1705503158		-1.0
	7410.00000000	2.88065		2.22024  0.2  0.2		4.1705503158		-1.0
	7440.00000000	2.75754		2.47165  0.2  0.2		4.1705503158		-1.0
	7470.00000000	3.03656		2.55594  0.2  0.2		4.1705503158		-1.0
	7500.00000000	3.31132		2.70037  0.2  0.2		4.1705503158		-1.0
	7530.00000000	3.13044		2.50191  0.2  0.2		4.1705503158		-1.0
	7560.00000000	3.00892		2.56344  0.2  0.2		4.1705503158		-1.0
	7590.00000000	2.85844		2.48242  0.2  0.2		4.1705503158		-1.0
	7620.00000000	3.30569		2.27301  0.2  0.2		4.1705503158		-1.0
	7650.00000000	3.37058		2.17344  0.2  0.2		4.1705503158		-1.0
	7680.00000000	3.18575		2.38778  0.2  0.2		4.1705503158		-1.0
	7710.00000000	2.89767		2.77987  0.2  0.2		4.1705503158		-1.0
	7740.00000000	2.64529		2.96579  0.2  0.2		4.1705503158		-1.0
	7770.00000000	3.41513		-3.04967  0.2  0.2		4.1705503158		-1.0
	7800.00000000	3.26233		-3.07648  0.2  0.2		4.1705503158		-1.0
	7830.00000000	2.88188		2.98458  0.2  0.2		4.1705503158		-1.0
	7860.00000000	3.27585		2.90415  0.2  0.2		4.1705503158		-1.0
	7890.00000000	3.16748		2.99012  0.2  0.2		4.1705503158		-1.0
	7920.00000000	3.17582		3.12168  0.2  0.2		4.1705503158		-1.0
	7950.00000000	3.49974		-3.06186  0.2  0.2		4.1705503158		-1.0
	7980.00000000	2.60233		-3.0235  0.2  0.2		4.1705503158		-1.0
	8010.00000000	3.25216		-3.02897  0.2  0.2		4.1705503158		-1.0
	8040.00000000	3.21761		-2.93271  0.2  0.2		4.1705503158		-1.0
	8070.00000000	2.88682		-2.56622  0.2  0.2		4.1705503158		-1.0
	8100.00000000	3.35699		-2.64032  0.2  0.2		4.1705503158		-1.0
	8130.00000000	2.80017		-2.78792  0.2  0.2		4.1705503158		-1.0
	8160.00000000	2.89094		-2.85797  0.2  0.2		4.1705503158		-1.0
	8190.00000000	3.27479		-2.7561  0.2  0.2		4.1705503158		-1.0
	8220.00000000	3.31659		-2.72977  0.2  0.2		4.1705503158		-1.0
	8250.00000000	3.08331		-2.51857  0.2  0.2		4.1705503158		-1.0
	8280.00000000	3.23161		-2.44952  0.2  0.2		4.1705503158		-1.0
	8310.00000000	3.27133		-2.29005  0.2  0.2		4.1705503158		-1.0
	8340.00000000	3.30129		-2.00703  0.2  0.2		4.1705503158		-1.0
	8370.00000000	3.18801		-2.0038  0.2  0.2		4.1705503158		-1.0
	8400.00000000	3.32642		-2.11084  0.2  0.2		4.1705503158		-1.0
	8430.00000000	3.08498		-2.12336  0.2  0.2		4.1705503158		-1.0
	8460.00000000	2.70625		-2.02466  0.2  0.2		4.1705503158		-1.0
	8490.00000000	3.46472		-1.77903  0.2  0.2		4.1705503158		-1.0
	8520.00000000	3.11044		-1.40092  0.2  0.2		4.1705503158		-1.0
	8550.00000000	3.3216		-1.61515  0.2  0.2		4.1705503158		-1.0
	8580.00000000	3.24769		-1.51931  0.2  0.2		4.1705503158		-1.0
	8610.00000000	3.17533		-1.43123  0.2  0.2		4.1705503158		-1.0
	8640.00000000	3.40201		-1.05223  0.2  0.2		4.1705503158		-1.0
	8670.00000000	3.23808		-0.65756  0.2  0.2		4.1705503158		-1.0
	8700.00000000	3.19897		-0.86641  0.2  0.2		4.1705503158		-1.0
	8730.00000000	3.43116		-1.22785  0.2  0.2		4.1705503158		-1.0
	8760.00000000	3.5268		-1.3236  0.2  0.2		4.1705503158		-1.0
	8790.00000000	3.17679		-1.3738  0.2  0.2		4.1705503158		-1.0
	8820.00000000	2.61681		-0.82704  0.2  0.2		4.1705503158		-1.0
	8850.00000000	3.5143		-0.48999  0.2  0.2		4.1705503158		-1.0
	8880.00000000	2.81073		-0.58169  0.2  0.2		4.1705503158		-1.0
	8910.00000000	2.92091		-0.79125  0.2  0.2		4.1705503158		-1.0
	8940.00000000	2.90246		-0.80161  0.2  0.2		4.1705503158		-1.0
	8970.00000000	3.40232		-0.84702  0.2  0.2		4.1705503158		-1.0
	9000.00000000	3.12101		-0.8241  0.2  0.2		4.1705503158		-1.0
	9030.00000000	2.99056		-0.49396  0.2  0.2		4.1705503158		-1.0
	9060.00000000	2.81645		-0.20529  0.2  0.2		4.1705503158		-1.0
	9090.00000000	2.77145		0.1255  0.2  0.2		4.1705503158		-1.0
	9120.00000000	2.76235		0.48779  0.2  0.2		4.1705503158		-1.0
	9150.00000000	2.82489		0.67962  0.2  0.2		4.1705503158		-1.0
	9180.00000000	2.97456		0.53967  0.2  0.2		4.1705503158		-1.0
	9210.00000000	3.21189		0.71624  0.2  0.2		4.1705503158		-1.0
	9240.00000000	3.52082		1.13315  0.2  0.2		4.1705503158		-1.0
	9270.00000000	3.31854		1.5514  0.2  0.2		4.1705503158		-1.0
	9300.00000000	3.19606		1.29664  0.2  0.2		4.1705503158		-1.0
	9330.00000000	3.02883		1.11041  0.2  0.2		4.1705503158		-1.0
	9360.00000000	2.89054		1.05031  0.2  0.2		4.1705503158		-1.0
	9390.00000000	2.91609		1.42109  0.2  0.2		4.1705503158		-1.0
	9420.00000000	2.80699		1.27458  0.2  0.2		4.1705503158		-1.0
	9450.00000000	2.58648		1.17955  0.2  0.2		4.1705503158		-1.0
	9480.00000000	3.4137		1.36805  0.2  0.2		4.1705503158		-1.0
	9510.00000000	3.32893		1.50787  0.2  0.2		4.1705503158		-1.0
	9540.00000000	2.62025		1.28563  0.2  0.2		4.1705503158		-1.0
	9570.00000000	2.66822		1.10209  0.2  0.2		4.1705503158		-1.0
	9600.00000000	2.89513		1.37169  0.2  0.2		4.1705503158		-1.0
	9630.00000000	2.81919		1.57604  0.2  0.2		4.1705503158		-1.0
	9660.00000000	2.74307		1.71127  0.2  0.2		4.1705503158		-1.0
	9690.00000000	2.96406		1.8998  0.2  0.2		4.1705503158		-1.0
	9720.00000000	3.04493		2.1056  0.2  0.2		4.1705503158		-1.0
	9750.00000000	3.22123		2.05464  0.2  0.2		4.1705503158		-1.0
	9780.00000000	3.28417		1.92883  0.2  0.2		4.1705503158		-1.0
	9810.00000000	3.08016		1.97443  0.2  0.2		4.1705503158		-1.0
	9840.00000000	2.92282		2.21747  0.2  0.2		4.1705503158		-1.0
	9870.00000000	3.50557		2.61622  0.2  0.2		4.1705503158		-1.0
	9900.00000000	3.01874		2.94059  0.2  0.2		4.1705503158		-1.0
	9930.00000000	2.96042		-3.06084  0.2  0.2		4.1705503158		-1.0
	9960.00000000	2.84377		3.14144  0.2  0.2		4.1705503158		-1.0
	9990.00000000	2.55648		-3.11908  0.2  0.2		4.1705503158		-1.0
	10020.00000000	3.03978		-2.9983  0.2  0.2		4.1705503158		-1.0
	10050.00000000	2.9401		-2.66282  0.2  0.2		4.1705503158		-1.0
	10080.00000000	2.81213		-2.50113  0.2  0.2		4.1705503158		-1.0
	10110.00000000	2.76605		-2.58349  0.2  0.2		4.1705503158		-1.0
	10140.00000000	2.80535		-3.07709  0.2  0.2		4.1705503158		-1.0
	10170.00000000	2.90377		3.1243  0.2  0.2		4.1705503158		-1.0
	10200.00000000	2.73537		-2.93564  0.2  0.2		4.1705503158		-1.0
	10230.00000000	2.79413		-3.01597  0.2  0.2		4.1705503158		-1.0
	10260.00000000	2.7822		3.0689  0.2  0.2		4.1705503158		-1.0
	10290.00000000	2.72116		3.01188  0.2  0.2		4.1705503158		-1.0
	10320.00000000	2.87939		3.03847  0.2  0.2		4.1705503158		-1.0
	10350.00000000	3.80208		2.92167  0.2  0.2		4.1705503158		-1.0
	10380.00000000	3.23799		2.83429  0.2  0.2		4.1705503158		-1.0
	10410.00000000	3.54386		2.60043  0.2  0.2		4.1705503158		-1.0
	10440.00000000	2.9661		2.51034  0.2  0.2		4.1705503158		-1.0
	10470.00000000	3.30339		2.23334  0.2  0.2		4.1705503158		-1.0
	10500.00000000	2.74418		2.03841  0.2  0.2		4.1705503158		-1.0
	10530.00000000	2.64833		1.97549  0.2  0.2		4.1705503158		-1.0
	10560.00000000	2.65727		1.82171  0.2  0.2		4.1705503158		-1.0
	10590.00000000	3.57581		2.16632  0.2  0.2		4.1705503158		-1.0
	10620.00000000	3.25799		2.33581  0.2  0.2		4.1705503158		-1.0
	10650.00000000	2.88432		2.37539  0.2  0.2		4.1705503158		-1.0
	10680.00000000	3.91668		2.35015  0.2  0.2		4.1705503158		-1.0
	10710.00000000	3.1338		2.1081  0.2  0.2		4.1705503158		-1.0
	10740.00000000	3.43959		2.25262  0.2  0.2		4.1705503158		-1.0
	10770.00000000	3.61649		2.31291  0.2  0.2		4.1705503158		-1.0
	10800.00000000	2.57105		2.62604  0.2  0.2		4.1705503158		-1.0
	10830.00000001	2.64207		2.95606  0.2  0.2		4.1705503158		-1.0
	10860.00000001	2.71252		2.66614  0.2  0.2		4.1705503158		-1.0
	10890.00000001	3.01794		2.68105  0.2  0.2		4.1705503158		-1.0
	10920.00000001	2.65034		2.81165  0.2  0.2		4.1705503158		-1.0
	10950.00000001	2.67355		2.59396  0.2  0.2		4.1705503158		-1.0
	10980.00000001	3.4931		2.70431  0.2  0.2		4.1705503158		-1.0
	11010.00000001	3.14994		3.00998  0.2  0.2		4.1705503158		-1.0
	11040.00000001	3.52695		2.96329  0.2  0.2		4.1705503158		-1.0
	11070.00000001	3.48161		2.74114  0.2  0.2		4.1705503158		-1.0
	11100.00000001	3.02148		2.6821  0.2  0.2		4.1705503158		-1.0
	11130.00000001	2.89586		2.69305  0.2  0.2		4.1705503158		-1.0
	11160.00000001	2.78497		2.61175  0.2  0.2		4.1705503158		-1.0
	11190.00000001	2.80371		2.36088  0.2  0.2		4.1705503158		-1.0
	11220.00000001	2.6468		2.3782  0.2  0.2		4.1705503158		-1.0
	11250.00000001	2.7675		2.45038  0.2  0.2		4.1705503158		-1.0
	11280.00000001	2.90969		2.33508  0.2  0.2		4.1705503158		-1.0
	11310.00000001	3.76833		2.44424  0.2  0.2		4.1705503158		-1.0
	11340.00000001	3.38584		2.41197  0.2  0.2		4.1705503158		-1.0
	11370.00000001	2.57774		2.24741  0.2  0.2		4.1705503158		-1.0
	11400.00000001	2.58363		2.01839  0.2  0.2		4.1705503158		-1.0
	11430.00000001	3.00463		1.85177  0.2  0.2		4.1705503158		-1.0
	11460.00000001	3.83034		2.00974  0.2  0.2		4.1705503158		-1.0
	11490.00000001	2.99834		2.36451  0.2  0.2		4.1705503158		-1.0
	11520.00000001	2.87037		2.49248  0.2  0.2		4.1705503158		-1.0
	11550.00000001	2.78202		2.67129  0.2  0.2		4.1705503158		-1.0
	11580.00000001	2.7032		2.99102  0.2  0.2		4.1705503158		-1.0
	11610.00000001	3.65791		3.06304  0.2  0.2		4.1705503158		-1.0
	11640.00000001	3.0184		2.93116  0.2  0.2		4.1705503158		-1.0
	11670.00000001	3.5895		2.83918  0.2  0.2		4.1705503158		-1.0
	11700.00000001	3.48574		2.83029  0.2  0.2		4.1705503158		-1.0
	11730.00000001	3.52161		2.92856  0.2  0.2		4.1705503158		-1.0
	11760.00000001	3.46142		-3.12822  0.2  0.2		4.1705503158		-1.0
	11790.00000001	3.5214		-2.79998  0.2  0.2		4.1705503158		-1.0
	11820.00000001	2.7728		-2.51746  0.2  0.2		4.1705503158		-1.0
	11850.00000001	2.62726		-2.78343  0.2  0.2		4.1705503158		-1.0
	11880.00000001	2.80133		-2.6253  0.2  0.2		4.1705503158		-1.0
	11910.00000001	2.90981		-2.34757  0.2  0.2		4.1705503158		-1.0
	11940.00000001	3.19106		-2.07647  0.2  0.2		4.1705503158		-1.0
	11970.00000001	2.96112		-2.24189  0.2  0.2		4.1705503158		-1.0
	12000.00000001	2.86313		-2.05434  0.2  0.2		4.1705503158		-1.0
	12030.00000001	2.94096		-1.86642  0.2  0.2		4.1705503158		-1.0
	12060.00000001	2.67016		-1.94121  0.2  0.2		4.1705503158		-1.0
	12090.00000001	2.61916		-2.20137  0.2  0.2		4.1705503158		-1.0
	12120.00000001	3.22832		-2.13922  0.2  0.2		4.1705503158		-1.0
	12150.00000001	3.23543		-2.25496  0.2  0.2		4.1705503158		-1.0
	12180.00000001	3.44679		-2.60641  0.2  0.2		4.1705503158		-1.0
	12210.00000001	3.16397		-2.62766  0.2  0.2		4.1705503158		-1.0
	12240.00000001	3.33355		-2.25384  0.2  0.2		4.1705503158		-1.0
	12270.00000001	3.48507		-1.83493  0.2  0.2		4.1705503158		-1.0
	12300.00000001	3.1512		-1.73775  0.2  0.2		4.1705503158		-1.0
	12330.00000001	2.61964		-1.93943  0.2  0.2		4.1705503158		-1.0
	12360.00000001	3.19622		-1.87232  0.2  0.2		4.1705503158		-1.0
	12390.00000001	3.47434		-1.60287  0.2  0.2		4.1705503158		-1.0
	12420.00000001	3.45095		-1.51393  0.2  0.2		4.1705503158		-1.0
	12450.00000001	2.55178		-1.93444  0.2  0.2		4.1705503158		-1.0
	12480.00000001	2.93495		-1.77422  0.2  0.2		4.1705503158		-1.0
	12510.00000001	3.00774		-1.09548  0.2  0.2		4.1705503158		-1.0
	12540.00000001	3.578		-1.07539  0.2  0.2		4.1705503158		-1.0
	12570.00000001	2.64843		-1.39271  0.2  0.2		4.1705503158		-1.0
	12600.00000001	2.65991		-1.60098  0.2  0.2		4.1705503158		-1.0
	12630.00000001	2.75221		-1.56652  0.2  0.2		4.1705503158		-1.0
	12660.00000001	2.70041		-1.49729  0.2  0.2		4.1705503158		-1.0
	12690.00000001	2.80898		-1.62289  0.2  0.2		4.1705503158		-1.0
	12720.00000001	2.74241		-1.52626  0.2  0.2		4.1705503158		-1.0
	12750.00000001	2.71752		-1.26583  0.2  0.2		4.1705503158		-1.0
	12780.00000001	2.73727		-1.2415  0.2  0.2		4.1705503158		-1.0
	12810.00000001	2.70092		-1.3618  0.2  0.2		4.1705503158		-1.0
	12840.00000001	2.69371		-1.33472  0.2  0.2		4.1705503158		-1.0
	12870.00000001	2.6853		-1.08457  0.2  0.2		4.1705503158		-1.0
	12900.00000001	2.69593		-0.91759  0.2  0.2		4.1705503158		-1.0
	12930.00000001	2.67354		-0.68759  0.2  0.2		4.1705503158		-1.0
	12960.00000001	2.71317		-0.46436  0.2  0.2		4.1705503158		-1.0
	12990.00000001	2.68081		-0.53059  0.2  0.2		4.1705503158		-1.0
	13020.00000001	2.72405		-0.59724  0.2  0.2		4.1705503158		-1.0
	13050.00000001	2.69414		-0.66313  0.2  0.2		4.1705503158		-1.0
	13080.00000001	2.73048		-0.7806  0.2  0.2		4.1705503158		-1.0
	13110.00000001	2.81668		-0.88577  0.2  0.2		4.1705503158		-1.0
	13140.00000001	3.52627		-0.86878  0.2  0.2		4.1705503158		-1.0
	13170.00000001	3.20615		-0.85184  0.2  0.2		4.1705503158		-1.0
	13200.00000001	3.11916		-0.99885  0.2  0.2		4.1705503158		-1.0
	13230.00000001	2.77082		-1.21971  0.2  0.2		4.1705503158		-1.0
	13260.00000001	2.71141		-1.25652  0.2  0.2		4.1705503158		-1.0
	13290.00000001	2.65185		-0.95346  0.2  0.2		4.1705503158		-1.0
	13320.00000001	3.1476		-0.48739  0.2  0.2		4.1705503158		-1.0
	13350.00000001	3.33014		-0.02249  0.2  0.2		4.1705503158		-1.0
	13380.00000001	3.26996		0.42565  0.2  0.2		4.1705503158		-1.0
	13410.00000001	3.34725		0.69334  0.2  0.2		4.1705503158		-1.0
	13440.00000001	3.38827		0.82827  0.2  0.2		4.1705503158		-1.0
	13470.00000001	3.35324		0.93624  0.2  0.2		4.1705503158		-1.0
	13500.00000001	3.17331		1.14253  0.2  0.2		4.1705503158		-1.0
	13530.00000001	3.49142		1.1846  0.2  0.2		4.1705503158		-1.0
	13560.00000001	3.23689		0.86805  0.2  0.2		4.1705503158		-1.0
	13590.00000001	3.64486		0.65434  0.2  0.2		4.1705503158		-1.0
	13620.00000001	3.0144		0.06917  0.2  0.2		4.1705503158		-1.0
	13650.00000001	2.69871		-0.15539  0.2  0.2		4.1705503158		-1.0
	13680.00000001	2.71755		0.05676  0.2  0.2		4.1705503158		-1.0
	13710.00000001	3.09562		0.41878  0.2  0.2		4.1705503158		-1.0
	13740.00000001	3.659		0.44675  0.2  0.2		4.1705503158		-1.0
	13770.00000001	3.17317		0.13541  0.2  0.2		4.1705503158		-1.0
	13800.00000001	3.48795		-0.12812  0.2  0.2		4.1705503158		-1.0
	13830.00000001	3.28266		0.20118  0.2  0.2		4.1705503158		-1.0
	13860.00000001	3.50865		0.32002  0.2  0.2		4.1705503158		-1.0
	13890.00000001	3.25741		0.20279  0.2  0.2		4.1705503158		-1.0
	13920.00000001	2.70493		-0.14823  0.2  0.2		4.1705503158		-1.0
	13950.00000001	2.84655		-0.38302  0.2  0.2		4.1705503158		-1.0
	13980.00000001	2.81804		-0.44765  0.2  0.2		4.1705503158		-1.0
	14010.00000001	3.37057		-0.59439  0.2  0.2		4.1705503158		-1.0
	14040.00000001	3.26465		-0.68918  0.2  0.2		4.1705503158		-1.0
	14070.00000001	3.07412		-0.62699  0.2  0.2		4.1705503158		-1.0
	14100.00000001	3.40304		-0.47474  0.2  0.2		4.1705503158		-1.0
	14130.00000001	3.25583		-0.41735  0.2  0.2		4.1705503158		-1.0
	14160.00000001	3.48697		-0.2415  0.2  0.2		4.1705503158		-1.0
	14190.00000001	2.77693		0.13641  0.2  0.2		4.1705503158		-1.0
	14220.00000001	3.07052		0.59767  0.2  0.2		4.1705503158		-1.0
	14250.00000000	2.58416		0.77498  0.2  0.2		4.1705503158		-1.0
	14280.00000000	2.74563		0.98417  0.2  0.2		4.1705503158		-1.0
	14310.00000000	2.63052		0.89555  0.2  0.2		4.1705503158		-1.0
	14340.00000000	2.75165		0.80842  0.2  0.2		4.1705503158		-1.0
	14370.00000000	3.67023		0.66069  0.2  0.2		4.1705503158		-1.0
	14400.00000000	3.04129		1.10425  0.2  0.2		4.1705503158		-1.0
	14430.00000000	3.69328		1.56637  0.2  0.2		4.1705503158		-1.0
	14460.00000000	2.98146		1.59155  0.2  0.2		4.1705503158		-1.0
	14490.00000000	3.26232		1.51666  0.2  0.2		4.1705503158		-1.0
	14520.00000000	3.59884		1.85475  0.2  0.2		4.1705503158		-1.0
	14550.00000000	3.23352		1.93741  0.2  0.2		4.1705503158		-1.0
	14580.00000000	3.68301		1.81267  0.2  0.2		4.1705503158		-1.0
	14610.00000000	2.80062		1.95242  0.2  0.2		4.1705503158		-1.0
	14640.00000000	3.23289		1.87556  0.2  0.2		4.1705503158		-1.0
	14670.00000000	3.41052		1.91771  0.2  0.2		4.1705503158		-1.0
	14700.00000000	3.55457		1.90228  0.2  0.2		4.1705503158		-1.0
	14730.00000000	3.49168		1.56263  0.2  0.2		4.1705503158		-1.0
	14760.00000000	2.5328		1.32159  0.2  0.2		4.1705503158		-1.0
	14790.00000000	3.2837		1.53112  0.2  0.2		4.1705503158		-1.0
	14820.00000000	3.17859		1.59806  0.2  0.2		4.1705503158		-1.0
	14850.00000000	2.82196		1.6492  0.2  0.2		4.1705503158		-1.0
	14880.00000000	2.79526		1.8655  0.2  0.2		4.1705503158		-1.0
	14910.00000000	2.64372		1.59429  0.2  0.2		4.1705503158		-1.0
	14940.00000000	2.71638		1.25658  0.2  0.2		4.1705503158		-1.0
	14970.00000000	2.7249		1.02767  0.2  0.2		4.1705503158		-1.0
	15000.00000000	2.68282		1.26676  0.2  0.2		4.1705503158		-1.0
	15030.00000000	2.65141		1.1702  0.2  0.2		4.1705503158		-1.0
	15060.00000000	3.14873		0.99339  0.2  0.2		4.1705503158		-1.0
	15090.00000000	3.56344		0.77105  0.2  0.2		4.1705503158		-1.0
	15120.00000000	3.37971		0.70559  0.2  0.2		4.1705503158		-1.0
	15150.00000000	3.6742		1.1286  0.2  0.2		4.1705503158		-1.0
	15180.00000000	2.99653		1.36299  0.2  0.2		4.1705503158		-1.0
	15010.00000000	2.62893		1.23636  0.2  0.2		4.1705503158		-1.0
	15040.00000000	2.68305		1.05596  0.2  0.2		4.1705503158		-1.0
	15070.00000000	3.67661		0.89079  0.2  0.2		4.1705503158		-1.0
	15100.00000000	3.23859		0.72289  0.2  0.2		4.1705503158		-1.0
	15130.00000000	3.52289		0.77156  0.2  0.2		4.1705503158		-1.0
	15160.00000000	3.52404		1.22757  0.2  0.2		4.1705503158		-1.0
	15190.00000000	2.8856		1.40481  0.2  0.2		4.1705503158		-1.0
	15220.00000000	2.81643		1.44984  0.2  0.2		4.1705503158		-1.0
	15250.00000000	2.64777		1.4723  0.2  0.2		4.1705503158		-1.0
	15280.00000000	3.10442		1.55787  0.2  0.2		4.1705503158		-1.0
	15310.00000000	3.62471		1.37976  0.2  0.2		4.1705503158		-1.0
	15340.00000000	3.40993		0.73171  0.2  0.2		4.1705503158		-1.0
	15370.00000000	2.73534		0.37758  0.2  0.2		4.1705503158		-1.0
	15400.00000000	2.90908		0.4626  0.2  0.2		4.1705503158		-1.0
	15430.00000000	3.30635		0.28263  0.2  0.2		4.1705503158		-1.0
	15460.00000000	3.26757		0.09314  0.2  0.2		4.1705503158		-1.0
	15490.00000000	3.26563		-0.14336  0.2  0.2		4.1705503158		-1.0
	15520.00000000	3.30962		-0.12106  0.2  0.2		4.1705503158		-1.0
	15550.00000000	3.28927		-0.29858  0.2  0.2		4.1705503158		-1.0
	15580.00000000	2.74108		-0.04135  0.2  0.2		4.1705503158		-1.0
	15610.00000000	2.72824		0.45316  0.2  0.2		4.1705503158		-1.0
	15640.00000000	2.7946		0.64749  0.2  0.2		4.1705503158		-1.0
	15670.00000000	2.84444		0.23713  0.2  0.2		4.1705503158		-1.0
	15700.00000000	2.79358		-0.00258  0.2  0.2		4.1705503158		-1.0
	15730.00000000	2.66456		0.31924  0.2  0.2		4.1705503158		-1.0
	15760.00000000	2.65844		0.71363  0.2  0.2		4.1705503158		-1.0
	15790.00000000	2.69724		0.37157  0.2  0.2		4.1705503158		-1.0
	15820.00000000	2.72897		0.01326  0.2  0.2		4.1705503158		-1.0
	15850.00000000	2.58506		-0.53617  0.2  0.2		4.1705503158		-1.0
	15880.00000000	2.73073		-0.65344  0.2  0.2		4.1705503158		-1.0
	15910.00000000	3.69563		-0.76011  0.2  0.2		4.1705503158		-1.0
	15940.00000000	3.16223		-0.78432  0.2  0.2		4.1705503158		-1.0
	15970.00000000	3.43934		-1.15165  0.2  0.2		4.1705503158		-1.0
	16000.00000000	3.36282		-1.38777  0.2  0.2		4.1705503158		-1.0
	16030.00000000	3.17933		-1.46508  0.2  0.2		4.1705503158		-1.0
	16060.00000000	3.69958		-1.08884  0.2  0.2		4.1705503158		-1.0
	16090.00000000	3.13496		-0.90547  0.2  0.2		4.1705503158		-1.0
	16120.00000000	3.65237		-1.10814  0.2  0.2		4.1705503158		-1.0
	16150.00000000	2.6871		-1.44221  0.2  0.2		4.1705503158		-1.0
	16180.00000000	3.17743		-1.76644  0.2  0.2		4.1705503158		-1.0
	16210.00000000	3.80173		-1.72541  0.2  0.2		4.1705503158		-1.0
	16240.00000000	3.00338		-1.69849  0.2  0.2		4.1705503158		-1.0
	16270.00000000	3.87863		-2.04164  0.2  0.2		4.1705503158		-1.0
	16300.00000000	2.83465		-2.21352  0.2  0.2		4.1705503158		-1.0
	16330.00000000	3.10071		-2.34302  0.2  0.2		4.1705503158		-1.0
	16360.00000000	3.51075		-2.28956  0.2  0.2		4.1705503158		-1.0
	16390.00000000	3.07012		-2.09263  0.2  0.2		4.1705503158		-1.0
	16420.00000000	3.82044		-2.24578  0.2  0.2		4.1705503158		-1.0
	16450.00000000	3.04195		-2.39543  0.2  0.2		4.1705503158		-1.0
	16480.00000000	2.78971		-2.65488  0.2  0.2		4.1705503158		-1.0
	16510.00000000	2.74805		-2.5733  0.2  0.2		4.1705503158		-1.0
	16540.00000000	2.80266		-2.25587  0.2  0.2		4.1705503158		-1.0
	16570.00000000	3.3307		-1.90391  0.2  0.2		4.1705503158		-1.0
	16600.00000000	3.28535		-1.94314  0.2  0.2		4.1705503158		-1.0
	16630.00000000	3.39662		-1.96558  0.2  0.2		4.1705503158		-1.0
	16660.00000000	2.69628		-1.80965  0.2  0.2		4.1705503158		-1.0
	16690.00000000	2.59613		-1.69575  0.2  0.2		4.1705503158		-1.0
	16720.00000000	2.70626		-1.57833  0.2  0.2		4.1705503158		-1.0
	16750.00000000	2.70125		-1.65335  0.2  0.2		4.1705503158		-1.0
	16780.00000000	2.74966		-1.88215  0.2  0.2		4.1705503158		-1.0
	16810.00000000	2.79239		-2.14428  0.2  0.2		4.1705503158		-1.0
	16840.00000000	2.80688		-2.1878  0.2  0.2		4.1705503158		-1.0
	16870.00000000	2.87046		-2.27773  0.2  0.2		4.1705503158		-1.0
	16900.00000000	3.10836		-2.41556  0.2  0.2		4.1705503158		-1.0
	16930.00000000	2.73515		-2.83195  0.2  0.2		4.1705503158		-1.0
	16960.00000000	2.73548		-2.81549  0.2  0.2		4.1705503158		-1.0
	16990.00000000	2.71737		-2.79584  0.2  0.2		4.1705503158		-1.0
	17020.00000000	2.61789		-2.64335  0.2  0.2		4.1705503158		-1.0
	17050.00000000	2.75091		-2.6829  0.2  0.2		4.1705503158		-1.0
	17080.00000000	2.73078		-2.85212  0.2  0.2		4.1705503158		-1.0
	17110.00000000	2.59211		-3.04431  0.2  0.2		4.1705503158		-1.0
	17140.00000000	2.61832		3.07992  0.2  0.2		4.1705503158		-1.0
	17170.00000000	2.78637		-2.87269  0.2  0.2		4.1705503158		-1.0
	17200.00000000	2.85881		-2.95997  0.2  0.2		4.1705503158		-1.0
	17230.00000000	3.94229		-3.09619  0.2  0.2		4.1705503158		-1.0
	17260.00000000	3.27107		3.11505  0.2  0.2		4.1705503158		-1.0
	17290.00000000	3.60519		3.11532  0.2  0.2		4.1705503158		-1.0
	17320.00000000	3.96211		-2.82095  0.2  0.2		4.1705503158		-1.0
	17350.00000000	3.14142		-2.58841  0.2  0.2		4.1705503158		-1.0
	17380.00000000	3.31581		-2.4704  0.2  0.2		4.1705503158		-1.0
	17410.00000000	3.54522		-2.8286  0.2  0.2		4.1705503158		-1.0
	17440.00000000	3.5076		3.08748  0.2  0.2		4.1705503158		-1.0
	17470.00000000	3.1973		-2.98497  0.2  0.2		4.1705503158		-1.0
	17500.00000000	3.41225		-2.96033  0.2  0.2		4.1705503158		-1.0
	17530.00000000	3.5753		-2.90803  0.2  0.2		4.1705503158		-1.0
	17560.00000000	2.92176		-2.61129  0.2  0.2		4.1705503158		-1.0
	17590.00000000	3.65448		-2.41879  0.2  0.2		4.1705503158		-1.0
	17620.00000000	3.23805		-2.35972  0.2  0.2		4.1705503158		-1.0
	17650.00000000	2.85707		-2.38968  0.2  0.2		4.1705503158		-1.0
	17680.00000000	2.61477		-2.39152  0.2  0.2		4.1705503158		-1.0
	17710.00000000	3.40704		-2.44915  0.2  0.2		4.1705503158		-1.0
	17740.00000000	3.71347		-2.55523  0.2  0.2		4.1705503158		-1.0
	17770.00000000	3.09211		-2.53553  0.2  0.2		4.1705503158		-1.0
	17800.00000000	3.47481		-2.63142  0.2  0.2		4.1705503158		-1.0
	17830.00000000	3.70507		-2.61308  0.2  0.2		4.1705503158		-1.0
	17860.00000000	3.01747		-2.44121  0.2  0.2		4.1705503158		-1.0
	17890.00000000	2.82534		-2.44691  0.2  0.2		4.1705503158		-1.0
	17920.00000000	3.74981		-2.67784  0.2  0.2		4.1705503158		-1.0
	17950.00000000	3.79146		-2.76678  0.2  0.2		4.1705503158		-1.0
	17980.00000000	3.88894		-2.85782  0.2  0.2		4.1705503158		-1.0
	18010.00000000	2.7214		3.14014  0.2  0.2		4.1705503158		-1.0
	18040.00000000	2.51424		2.9332  0.2  0.2		4.1705503158		-1.0
	18070.00000000	3.29765		2.76448  0.2  0.2		4.1705503158		-1.0
	18100.00000000	3.4953		2.65289  0.2  0.2		4.1705503158		-1.0
	18130.00000000	3.54739		2.72066  0.2  0.2		4.1705503158		-1.0
	18160.00000000	3.18821		2.63028  0.2  0.2		4.1705503158		-1.0
	18190.00000000	3.96637		2.67959  0.2  0.2		4.1705503158		-1.0
	18220.00000000	3.79		2.74377  0.2  0.2		4.1705503158		-1.0
	18250.00000000	3.03083		3.00503  0.2  0.2		4.1705503158		-1.0
	18280.00000000	3.64153		3.03382  0.2  0.2		4.1705503158		-1.0
	18310.00000000	3.47942		2.75545  0.2  0.2		4.1705503158		-1.0
	18340.00000000	3.4422		2.81828  0.2  0.2		4.1705503158		-1.0
	18370.00000000	3.56199		2.93337  0.2  0.2		4.1705503158		-1.0
	18400.00000000	3.24536		2.93021  0.2  0.2		4.1705503158		-1.0
	18430.00000000	3.75786		3.11397  0.2  0.2		4.1705503158		-1.0
	18460.00000000	3.92512		3.04333  0.2  0.2		4.1705503158		-1.0
	18490.00000000	4.19981		2.90728  0.2  0.2		4.1705503158		-1.0
	18520.00000000	4.4654		2.82375  0.2  0.2		4.1705503158		-1.0
	18550.00000000	4.88815		2.88156  0.2  0.2		4.1705503158		-1.0
	18580.00000000	5.40527		2.99977  0.2  0.2		4.1705503158		-1.0
	18610.00000000	5.8748		2.75172  0.2  0.2		4.1705503158		-1.0
	18640.00000000	5.99754		2.53298  0.2  0.2		4.1705503158		-1.0
	18670.00000000	5.50523		2.59205  0.2  0.2		4.1705503158		-1.0
	18700.00000000	5.70199		2.89467  0.2  0.2		4.1705503158		-1.0
	18730.00000000	5.75273		-2.65606  0.2  0.2		4.1705503158		-1.0
	18760.00000000	6.36304		-2.4952  0.2  0.2		4.1705503158		-1.0
	18790.00000000	7.5337		-2.39828  0.2  0.2		4.1705503158		-1.0
	18820.00000000	8.40945		-2.46695  0.2  0.2		4.1705503158		-1.0
	18850.00000000	9.07297		-2.33488  0.2  0.2		4.1705503158		-1.0
	18880.00000000	9.75698		-2.01537  0.2  0.2		4.1705503158		-1.0
	18910.00000000	10.6124		-1.68982  0.2  0.2		4.1705503158		-1.0
	18940.00000000	11.98234		-1.78961  0.2  0.2		4.1705503158		-1.0
	18970.00000000	12.96169		-2.06163  0.2  0.2		4.1705503158		-1.0
	19000.00000000	13.48788		-2.16066  0.2  0.2		4.1705503158		-1.0
	19030.00000000	14.32772		-2.21856  0.2  0.2		4.1705503158		-1.0
	19060.00000000	15.50902		-2.32842  0.2  0.2		4.1705503158		-1.0
	19090.00000000	16.0633		-2.55241  0.2  0.2		4.1705503158		-1.0
	19120.00000000	16.81868		-2.83434  0.2  0.2		4.1705503158		-1.0
	19150.00000000	17.61248		-2.87989  0.2  0.2		4.1705503158		-1.0
	19180.00000000	18.36678		-3.02358  0.2  0.2		4.1705503158		-1.0
	19210.00000000	18.76732		-3.02595  0.2  0.2		4.1705503158		-1.0
	19240.00000000	19.4916		-3.06111  0.2  0.2		4.1705503158		-1.0
	19270.00000000	20.32757		-2.98036  0.2  0.2		4.1705503158		-1.0
	19300.00000000	21.43118		-2.72174  0.2  0.2		4.1705503158		-1.0
	19330.00000000	21.87874		-2.70707  0.2  0.2		4.1705503158		-1.0
	19360.00000000	22.122		-2.82888  0.2  0.2		4.1705503158		-1.0
	19390.00000000	22.99715		-2.60802  0.2  0.2		4.1705503158		-1.0
	19420.00000000	23.6896		-2.44458  0.2  0.2		4.1705503158		-1.0
	19450.00000000	24.85632		-2.30734  0.2  0.2		4.1705503158		-1.0
	19480.00000000	25.74001		-1.98929  0.2  0.2		4.1705503158		-1.0
	19510.00000000	26.41771		-2.59247  0.2  0.2		4.1705503158		-1.0
	19540.00000000	27.22957		-2.68515  0.2  0.2		4.1705503158		-1.0
	19570.00000000	27.94929		-2.47729  0.2  0.2		4.1705503158		-1.0
	19600.00000000	28.8072		-2.95001  0.2  0.2		4.1705503158		-1.0
	19630.00000000	29.48144		-1.42227  0.2  0.2		4.1705503158		-1.0
	19660.00000000	30.40451		-1.48949  0.2  0.2		4.1705503158		-1.0
	19690.00000000	31.3069		-1.33599  0.2  0.2		4.1705503158		-1.0
	19720.00000000	31.6984		-1.60302  0.2  0.2		4.1705503158		-1.0
	19750.00000000	32.55116		-1.10769  0.2  0.2		4.1705503158		-1.0
	19780.00000000	32.90947		-0.31105  0.2  0.2		4.1705503158		-1.0
	19810.00000000	33.322		-0.55221  0.2  0.2		4.1705503158		-1.0
	19840.00000000	33.24818		-0.34357  0.2  0.2		4.1705503158		-1.0
	19870.00000000	33.74937		-0.14192  0.2  0.2		4.1705503158		-1.0
	19900.00000000	34.25476		-0.70453  0.2  0.2		4.1705503158		-1.0
	19930.00000000	34.69578		-0.55199  0.2  0.2		4.1705503158		-1.0
	19960.00000000	35.6403		-0.57425  0.2  0.2		4.1705503158		-1.0
	19990.00000000	36.36754		-0.90457  0.2  0.2		4.1705503158		-1.0
	20020.00000000	36.9596		-1.16605  0.2  0.2		4.1705503158		-1.0
	20050.00000000	37.55594		-1.73741  0.2  0.2		4.1705503158		-1.0
	20080.00000000	38.08946		-1.45368  0.2  0.2		4.1705503158		-1.0
	20110.00000000	38.52368		-0.88153  0.2  0.2		4.1705503158		-1.0
	20140.00000000	38.96363		-0.67077  0.2  0.2		4.1705503158		-1.0
	20170.00000000	39.47694		-0.99879  0.2  0.2		4.1705503158		-1.0
	20200.00000000	40.11132		-1.21074  0.2  0.2		4.1705503158		-1.0
	20230.00000000	40.73413		-1.09919  0.2  0.2		4.1705503158		-1.0
	20260.00000000	40.9068		-0.98622  0.2  0.2		4.1705503158		-1.0
	20290.00000000	41.6751		-0.65722  0.2  0.2		4.1705503158		-1.0
	20320.00000000	42.02997		-0.74216  0.2  0.2		4.1705503158		-1.0
	20350.00000000	42.59837		-0.93039  0.2  0.2		4.1705503158		-1.0
	20380.00000000	43.39355		-0.87332  0.2  0.2		4.1705503158		-1.0
	20410.00000000	43.70972		-0.74142  0.2  0.2		4.1705503158		-1.0
	20440.00000000	44.45552		-0.68249  0.2  0.2		4.1705503158		-1.0
	20470.00000000	44.72421		-0.70365  0.2  0.2		4.1705503158		-1.0
	20500.00000000	44.76053		-0.75534  0.2  0.2		4.1705503158		-1.0
	20530.00000000	45.62009		-0.6889  0.2  0.2		4.1705503158		-1.0
	20560.00000000	46.18614		-0.52235  0.2  0.2		4.1705503158		-1.0
	20590.00000000	47.2095		-0.50499  0.2  0.2		4.1705503158		-1.0
	20620.00000000	48.53588		-0.47979  0.2  0.2		4.1705503158		-1.0
	20650.00000000	48.90998		-0.32436  0.2  0.2		4.1705503158		-1.0
	20680.00000000	49.01481		-0.37182  0.2  0.2		4.1705503158		-1.0
	20710.00000000	49.36737		-0.36333  0.2  0.2		4.1705503158		-1.0
	20739.99999999	49.87783		-0.02885  0.2  0.2		4.1705503158		-1.0
	20769.99999999	50.40993		-0.01263  0.2  0.2		4.1705503158		-1.0
	20799.99999999	50.68848		0.06432  0.2  0.2		4.1705503158		-1.0
	20829.99999999	50.71092		0.47789  0.2  0.2		4.1705503158		-1.0
	20859.99999999	50.84721		0.8256  0.2  0.2		4.1705503158		-1.0
	20889.99999999	51.14109		1.19901  0.2  0.2		4.1705503158		-1.0
	20919.99999999	51.6987		1.43143  0.2  0.2		4.1705503158		-1.0
	20949.99999999	52.6665		1.56744  0.2  0.2		4.1705503158		-1.0
	20979.99999999	53.40167		1.73604  0.2  0.2		4.1705503158		-1.0
	21009.99999999	54.22105		1.57853  0.2  0.2		4.1705503158		-1.0
	21039.99999999	54.87024		1.66986  0.2  0.2		4.1705503158		-1.0
	21069.99999999	55.85934		1.78353  0.2  0.2		4.1705503158		-1.0
	21099.99999999	56.06234		-1.92754  0.2  0.2		4.1705503158		-1.0
	21129.99999999	56.67246		-2.59348  0.2  0.2		4.1705503158		-1.0
	21159.99999999	57.09488		2.62639  0.2  0.2		4.1705503158		-1.0
	21189.99999999	57.23536		2.65611  0.2  0.2		4.1705503158		-1.0
	21219.99999999	57.6294		3.05846  0.2  0.2		4.1705503158		-1.0
	21249.99999999	57.88923		2.72  0.2  0.2		4.1705503158		-1.0
	21279.99999999	57.59322		2.76042  0.2  0.2		4.1705503158		-1.0
	21309.99999999	57.47398		2.58143  0.2  0.2		4.1705503158		-1.0
	21339.99999999	57.35559		2.45036  0.2  0.2		4.1705503158		-1.0
	21369.99999999	56.23149		2.52112  0.2  0.2		4.1705503158		-1.0
	21399.99999999	55.60582		2.04114  0.2  0.2		4.1705503158		-1.0
	21429.99999999	54.60054		1.7648  0.2  0.2		4.1705503158		-1.0
	21459.99999999	53.68628		1.7946  0.2  0.2		4.1705503158		-1.0
	21489.99999999	53.29815		1.3619  0.2  0.2		4.1705503158		-1.0
	21519.99999999	52.69821		1.59298  0.2  0.2		4.1705503158		-1.0
	21549.99999999	51.86479		1.18556  0.2  0.2		4.1705503158		-1.0
	21579.99999999	51.47476		1.00925  0.2  0.2		4.1705503158		-1.0
	21609.99999999	51.00592		0.23821  0.2  0.2		4.1705503158		-1.0
	21639.99999999	50.53407		0.58455  0.2  0.2		4.1705503158		-1.0
	21669.99999999	49.76069		0.99542  0.2  0.2		4.1705503158		-1.0
	21699.99999999	49.66837		1.00093  0.2  0.2		4.1705503158		-1.0
	21729.99999999	49.48952		1.17748  0.2  0.2		4.1705503158		-1.0
	21759.99999999	48.71774		0.62635  0.2  0.2		4.1705503158		-1.0
	21789.99999999	47.88973		-0.17119  0.2  0.2		4.1705503158		-1.0
	21819.99999999	47.9067		-0.56125  0.2  0.2		4.1705503158		-1.0
	21849.99999999	47.75631		-1.33912  0.2  0.2		4.1705503158		-1.0
	21879.99999999	46.94499		-1.93521  0.2  0.2		4.1705503158		-1.0
	21909.99999999	46.74549		-2.14051  0.2  0.2		4.1705503158		-1.0
	21939.99999999	47.14081		-2.45415  0.2  0.2		4.1705503158		-1.0
	21969.99999999	46.60955		-2.44687  0.2  0.2		4.1705503158		-1.0
	21999.99999999	46.17779		-2.57998  0.2  0.2		4.1705503158		-1.0
	22029.99999999	46.23992		-2.32541  0.2  0.2		4.1705503158		-1.0
	22059.99999999	46.34998		-1.79714  0.2  0.2		4.1705503158		-1.0
	22089.99999999	45.95199		-1.53592  0.2  0.2		4.1705503158		-1.0
	22119.99999999	46.02023		-1.58068  0.2  0.2		4.1705503158		-1.0
	22149.99999999	46.36013		-1.42305  0.2  0.2		4.1705503158		-1.0
	22179.99999999	46.49229		-1.5193  0.2  0.2		4.1705503158		-1.0
	22209.99999999	46.45424		-1.58957  0.2  0.2		4.1705503158		-1.0
	22239.99999999	46.82156		-1.30921  0.2  0.2		4.1705503158		-1.0
	22269.99999999	47.74377		-1.50698  0.2  0.2		4.1705503158		-1.0
	22299.99999999	48.05329		-1.10065  0.2  0.2		4.1705503158		-1.0
	22329.99999999	48.23694		-0.77157  0.2  0.2		4.1705503158		-1.0
	22359.99999999	48.56867		-0.83462  0.2  0.2		4.1705503158		-1.0
	22389.99999999	48.8285		-0.97285  0.2  0.2		4.1705503158		-1.0
	22419.99999999	49.43386		-1.32723  0.2  0.2		4.1705503158		-1.0
	22449.99999999	50.36946		-1.43259  0.2  0.2		4.1705503158		-1.0
	22479.99999999	51.53954		-1.42158  0.2  0.2		4.1705503158		-1.0
	22509.99999999	51.99683		-1.56088  0.2  0.2		4.1705503158		-1.0
	22539.99999999	52.23468		-1.62043  0.2  0.2		4.1705503158		-1.0
	22569.99999999	52.0978		-0.66085  0.2  0.2		4.1705503158		-1.0
	22599.99999999	51.75672		-0.31143  0.2  0.2		4.1705503158		-1.0
	22629.99999999	51.54732		-0.75844  0.2  0.2		4.1705503158		-1.0
	22659.99999999	51.76443		-0.92261  0.2  0.2		4.1705503158		-1.0
	22689.99999999	51.40718		-0.96036  0.2  0.2		4.1705503158		-1.0
	22719.99999999	51.45073		-1.31922  0.2  0.2		4.1705503158		-1.0
	22749.99999999	51.51108		-1.33752  0.2  0.2		4.1705503158		-1.0
	22779.99999999	51.6561		-1.75  0.2  0.2		4.1705503158		-1.0
	22809.99999999	52.00506		-2.25307  0.2  0.2		4.1705503158		-1.0
	22839.99999999	51.42116		-2.22353  0.2  0.2		4.1705503158		-1.0
	22869.99999999	51.5741		-2.40511  0.2  0.2		4.1705503158		-1.0
	22899.99999999	51.08063		-2.68605  0.2  0.2		4.1705503158		-1.0
	22929.99999999	51.24759		-2.98716  0.2  0.2		4.1705503158		-1.0
	22959.99999999	51.71663		-3.06223  0.2  0.2		4.1705503158		-1.0
	22989.99999999	51.57261		2.9056  0.2  0.2		4.1705503158		-1.0
	23019.99999999	51.66182		2.58856  0.2  0.2		4.1705503158		-1.0
	23049.99999999	52.12246		2.61582  0.2  0.2		4.1705503158		-1.0
	23079.99999999	52.81259		2.44768  0.2  0.2		4.1705503158		-1.0
	23109.99999999	54.05438		2.47178  0.2  0.2		4.1705503158		-1.0
	23139.99999999	54.84901		2.48835  0.2  0.2		4.1705503158		-1.0
	23169.99999999	55.63031		2.18454  0.2  0.2		4.1705503158		-1.0
	23199.99999999	56.3622		1.95217  0.2  0.2		4.1705503158		-1.0
	23229.99999999	56.85784		1.71358  0.2  0.2		4.1705503158		-1.0
	23259.99999999	57.42722		1.78178  0.2  0.2		4.1705503158		-1.0
	23289.99999999	58.12677		-2.58419  0.2  0.2		4.1705503158		-1.0
	23319.99999999	57.42248		-0.69483  0.2  0.2		4.1705503158		-1.0
	23349.99999999	56.32333		-0.19749  0.2  0.2		4.1705503158		-1.0
	23379.99999999	55.16209		0.26508  0.2  0.2		4.1705503158		-1.0
	23409.99999999	53.97548		0.77056  0.2  0.2		4.1705503158		-1.0
	23439.99999999	53.25358		2.47198  0.2  0.2		4.1705503158		-1.0
	23469.99999999	52.58368		2.8501  0.2  0.2		4.1705503158		-1.0
	23499.99999999	51.69518		-2.89215  0.2  0.2		4.1705503158		-1.0
	23529.99999999	51.29766		-2.30979  0.2  0.2		4.1705503158		-1.0
	23559.99999999	51.2582		-1.88817  0.2  0.2		4.1705503158		-1.0
	23589.99999999	51.76488		-1.89721  0.2  0.2		4.1705503158		-1.0
	23619.99999999	51.97706		1.07439  0.2  0.2		4.1705503158		-1.0
	23649.99999999	51.38652		0.99532  0.2  0.2		4.1705503158		-1.0
	23679.99999999	50.95886		1.33091  0.2  0.2		4.1705503158		-1.0
	23709.99999999	50.55567		1.86368  0.2  0.2		4.1705503158		-1.0
	23739.99999999	49.89155		2.36154  0.2  0.2		4.1705503158		-1.0
	23769.99999999	49.36074		2.85978  0.2  0.2		4.1705503158		-1.0
	23799.99999999	49.02381		-3.03299  0.2  0.2		4.1705503158		-1.0
	23829.99999999	49.14068		-3.06595  0.2  0.2		4.1705503158		-1.0
	23859.99999999	49.18737		-2.51811  0.2  0.2		4.1705503158		-1.0
	23889.99999999	49.07584		-2.33315  0.2  0.2		4.1705503158		-1.0
	23919.99999999	48.90384		-1.68067  0.2  0.2		4.1705503158		-1.0
	23949.99999999	48.88797		-1.50236  0.2  0.2		4.1705503158		-1.0
	23979.99999999	48.64751		-2.16551  0.2  0.2		4.1705503158		-1.0
	24009.99999999	48.36887		-2.71202  0.2  0.2		4.1705503158		-1.0
	24039.99999999	48.01982		-2.89662  0.2  0.2		4.1705503158		-1.0
	24069.99999999	47.32179		-2.8352  0.2  0.2		4.1705503158		-1.0
	24099.99999999	46.44259		-2.36443  0.2  0.2		4.1705503158		-1.0
	24129.99999999	45.47312		-2.67874  0.2  0.2		4.1705503158		-1.0
	24159.99999999	44.82312		-3.08999  0.2  0.2		4.1705503158		-1.0
	24189.99999999	43.68032		3.12899  0.2  0.2		4.1705503158		-1.0
	24219.99999999	42.73849		-3.06229  0.2  0.2		4.1705503158		-1.0
	24249.99999999	41.59313		2.65837  0.2  0.2		4.1705503158		-1.0
	24279.99999999	40.72426		3.10708  0.2  0.2		4.1705503158		-1.0
	24309.99999999	40.20458		-2.61914  0.2  0.2		4.1705503158		-1.0
	24339.99999999	39.94781		-2.30968  0.2  0.2		4.1705503158		-1.0
	24369.99999999	39.91032		-2.71507  0.2  0.2		4.1705503158		-1.0
	24399.99999999	40.21614		-2.70812  0.2  0.2		4.1705503158		-1.0
	24429.99999999	40.45098		-2.63216  0.2  0.2		4.1705503158		-1.0
	24459.99999999	41.14666		-2.53556  0.2  0.2		4.1705503158		-1.0
	24489.99999999	41.91131		-2.41058  0.2  0.2		4.1705503158		-1.0
	24519.99999999	42.42306		-2.47636  0.2  0.2		4.1705503158		-1.0
	24549.99999999	43.04552		-2.53621  0.2  0.2		4.1705503158		-1.0
	24579.99999999	43.59503		-2.48165  0.2  0.2		4.1705503158		-1.0
	24609.99999999	44.42281		-2.4406  0.2  0.2		4.1705503158		-1.0
	24639.99999999	44.94189		-2.3676  0.2  0.2		4.1705503158		-1.0
	24669.99999999	45.78999		-2.36174  0.2  0.2		4.1705503158		-1.0
	24699.99999999	45.77431		-2.1275  0.2  0.2		4.1705503158		-1.0
	24729.99999999	45.33155		-1.51701  0.2  0.2		4.1705503158		-1.0
	24759.99999999	45.01303		-1.81792  0.2  0.2		4.1705503158		-1.0
	24789.99999999	44.06256		-2.11355  0.2  0.2		4.1705503158		-1.0
	24819.99999999	42.66467		-2.11551  0.2  0.2		4.1705503158		-1.0
	24849.99999999	41.07198		-2.29622  0.2  0.2		4.1705503158		-1.0
	24879.99999999	39.65558		-2.39526  0.2  0.2		4.1705503158		-1.0
	24909.99999999	38.26339		-2.65034  0.2  0.2		4.1705503158		-1.0
	24939.99999999	37.58654		-3.10108  0.2  0.2		4.1705503158		-1.0
	24969.99999999	37.24603		2.56063  0.2  0.2		4.1705503158		-1.0
	24999.99999999	36.8591		2.07124  0.2  0.2		4.1705503158		-1.0
	25029.99999999	36.60676		1.23709  0.2  0.2		4.1705503158		-1.0
	25059.99999999	36.38015		1.23307  0.2  0.2		4.1705503158		-1.0
	25089.99999999	36.8814		1.74223  0.2  0.2		4.1705503158		-1.0
	25119.99999999	37.33632		1.33753  0.2  0.2		4.1705503158		-1.0
	25149.99999999	37.69571		1.10849  0.2  0.2		4.1705503158		-1.0
	25179.99999999	38.47189		0.37492  0.2  0.2		4.1705503158		-1.0
	25209.99999999	39.16002		-0.48221  0.2  0.2		4.1705503158		-1.0
	25239.99999999	40.05229		-0.8021  0.2  0.2		4.1705503158		-1.0
	25269.99999999	40.58336		-1.68729  0.2  0.2		4.1705503158		-1.0
	25299.99999999	40.62225		-2.68793  0.2  0.2		4.1705503158		-1.0
	25329.99999999	40.68657		-3.02753  0.2  0.2		4.1705503158		-1.0
	25359.99999999	40.99579		2.91887  0.2  0.2		4.1705503158		-1.0
	25389.99999999	40.94913		2.4626  0.2  0.2		4.1705503158		-1.0
	25419.99999999	41.173		2.46975  0.2  0.2		4.1705503158		-1.0
	25449.99999999	41.62259		2.00044  0.2  0.2		4.1705503158		-1.0
	25479.99999999	41.57523		2.00091  0.2  0.2		4.1705503158		-1.0
	25509.99999999	42.2205		1.89799  0.2  0.2		4.1705503158		-1.0
	25539.99999999	42.4174		1.93066  0.2  0.2		4.1705503158		-1.0
	25569.99999999	43.2194		-2.39825  0.2  0.2		4.1705503158		-1.0
	25599.99999999	44.24483		-2.07479  0.2  0.2		4.1705503158		-1.0
	25629.99999999	44.73351		-2.83622  0.2  0.2		4.1705503158		-1.0
	25659.99999999	45.28842		-2.95439  0.2  0.2		4.1705503158		-1.0
	25689.99999999	46.01807		2.94686  0.2  0.2		4.1705503158		-1.0
	25719.99999999	46.84038		2.59958  0.2  0.2		4.1705503158		-1.0
	25749.99999999	47.6375		2.92294  0.2  0.2		4.1705503158		-1.0
	25779.99999999	48.69509		2.90904  0.2  0.2		4.1705503158		-1.0
	25809.99999999	49.34795		2.9415  0.2  0.2		4.1705503158		-1.0
	25839.99999999	50.04026		-2.8911  0.2  0.2		4.1705503158		-1.0
	25869.99999999	50.42982		-2.95882  0.2  0.2		4.1705503158		-1.0
	25899.99999999	50.48044		-3.00438  0.2  0.2		4.1705503158		-1.0
	25929.99999999	50.92957		-3.0554  0.2  0.2		4.1705503158		-1.0
	25959.99999999	51.34246		2.87435  0.2  0.2		4.1705503158		-1.0
	25989.99999999	51.48402		2.32093  0.2  0.2		4.1705503158		-1.0
	26019.99999999	51.74772		1.96646  0.2  0.2		4.1705503158		-1.0
	26049.99999999	52.65878		1.60184  0.2  0.2		4.1705503158		-1.0
	26079.99999999	53.26073		1.54835  0.2  0.2		4.1705503158		-1.0
	26109.99999999	53.77789		1.60394  0.2  0.2		4.1705503158		-1.0
	26139.99999999	54.0618		1.22646  0.2  0.2		4.1705503158		-1.0
	26169.99999999	54.08551		1.09402  0.2  0.2		4.1705503158		-1.0
	26199.99999999	53.94839		1.09763  0.2  0.2		4.1705503158		-1.0
	26229.99999999	53.67729		0.80814  0.2  0.2		4.1705503158		-1.0
	26259.99999999	53.27731		1.19092  0.2  0.2		4.1705503158		-1.0
	26289.99999999	53.46004		1.32385  0.2  0.2		4.1705503158		-1.0
	26319.99999999	53.6063		0.48152  0.2  0.2		4.1705503158		-1.0
	26349.99999999	54.09928		-0.32532  0.2  0.2		4.1705503158		-1.0
	26379.99999999	53.88264		-1.14427  0.2  0.2		4.1705503158		-1.0
	26409.99999999	54.0492		-1.36613  0.2  0.2		4.1705503158		-1.0
	26439.99999999	54.40532		2.00121  0.2  0.2		4.1705503158		-1.0
	26469.99999999	54.48855		2.70172  0.2  0.2		4.1705503158		-1.0
	26499.99999999	54.33226		2.57203  0.2  0.2		4.1705503158		-1.0
	26529.99999999	53.88604		2.03545  0.2  0.2		4.1705503158		-1.0
	26559.99999999	53.71428		2.03253  0.2  0.2		4.1705503158		-1.0
	26589.99999999	53.3752		1.08676  0.2  0.2		4.1705503158		-1.0
	26619.99999999	53.41907		-0.31093  0.2  0.2		4.1705503158		-1.0
	26649.99999999	54.0249		0.38153  0.2  0.2		4.1705503158		-1.0
	26679.99999999	53.30462		0.19315  0.2  0.2		4.1705503158		-1.0
	26709.99999999	52.62752		-0.00878  0.2  0.2		4.1705503158		-1.0
	26739.99999999	52.48282		-0.22412  0.2  0.2		4.1705503158		-1.0
	26769.99999999	51.7544		0.3836  0.2  0.2		4.1705503158		-1.0
	26799.99999999	51.36478		0.26859  0.2  0.2		4.1705503158		-1.0
	26829.99999999	51.26628		0.42836  0.2  0.2		4.1705503158		-1.0
	26859.99999999	51.14447		0.63092  0.2  0.2		4.1705503158		-1.0
	26889.99999999	50.78202		0.92676  0.2  0.2		4.1705503158		-1.0
	26919.99999999	50.43244		1.92195  0.2  0.2		4.1705503158		-1.0
	26949.99999999	49.28702		2.16349  0.2  0.2		4.1705503158		-1.0
	26979.99999999	48.44599		2.52476  0.2  0.2		4.1705503158		-1.0
	27009.99999999	47.76376		2.79375  0.2  0.2		4.1705503158		-1.0
	27039.99999999	47.75595		-2.97636  0.2  0.2		4.1705503158		-1.0
	27069.99999999	47.54744		-2.83071  0.2  0.2		4.1705503158		-1.0
	27099.99999999	47.61955		-2.35136  0.2  0.2		4.1705503158		-1.0
	27129.99999999	47.54768		-2.66439  0.2  0.2		4.1705503158		-1.0
	27159.99999999	47.71847		-2.68031  0.2  0.2		4.1705503158		-1.0
	27189.99999999	48.08313		-1.14239  0.2  0.2		4.1705503158		-1.0
	27219.99999999	47.81716		-0.48665  0.2  0.2		4.1705503158		-1.0
	27249.99999998	47.44128		-0.45561  0.2  0.2		4.1705503158		-1.0
	27279.99999998	46.72298		-0.86335  0.2  0.2		4.1705503158		-1.0
	27309.99999998	45.95472		-1.4494  0.2  0.2		4.1705503158		-1.0
	27339.99999998	45.38656		-2.04977  0.2  0.2		4.1705503158		-1.0
	27369.99999998	44.98225		-2.49228  0.2  0.2		4.1705503158		-1.0
	27399.99999998	44.74307		-2.775  0.2  0.2		4.1705503158		-1.0
	27429.99999998	44.38326		-2.96178  0.2  0.2		4.1705503158		-1.0
	27459.99999998	44.69682		-2.97098  0.2  0.2		4.1705503158		-1.0
	27489.99999998	45.31877		-3.01408  0.2  0.2		4.1705503158		-1.0
	27519.99999998	45.85756		-2.89217  0.2  0.2		4.1705503158		-1.0
	27549.99999998	47.12284		3.03715  0.2  0.2		4.1705503158		-1.0
	27579.99999998	48.37889		2.71932  0.2  0.2		4.1705503158		-1.0
	27609.99999998	49.13186		2.60231  0.2  0.2		4.1705503158		-1.0
	27639.99999998	49.4988		2.70897  0.2  0.2		4.1705503158		-1.0
	27669.99999998	50.01396		2.9266  0.2  0.2		4.1705503158		-1.0
	27699.99999998	49.96892		-2.77895  0.2  0.2		4.1705503158		-1.0
	27729.99999998	49.60079		-2.4186  0.2  0.2		4.1705503158		-1.0
	27759.99999998	49.3548		-2.33525  0.2  0.2		4.1705503158		-1.0
	27789.99999998	48.85785		-2.78328  0.2  0.2		4.1705503158		-1.0
	27819.99999998	47.59461		-3.01043  0.2  0.2		4.1705503158		-1.0
	27849.99999998	46.7925		3.0288  0.2  0.2		4.1705503158		-1.0
	27879.99999998	46.15236		2.88366  0.2  0.2		4.1705503158		-1.0
	27909.99999998	45.95526		-2.9334  0.2  0.2		4.1705503158		-1.0
	27939.99999998	45.72028		-2.38164  0.2  0.2		4.1705503158		-1.0
	27969.99999998	45.46157		-2.17343  0.2  0.2		4.1705503158		-1.0
	27999.99999998	44.97848		-2.23554  0.2  0.2		4.1705503158		-1.0
	28029.99999998	44.29552		-1.96353  0.2  0.2		4.1705503158		-1.0
	28059.99999998	43.62141		-1.87276  0.2  0.2		4.1705503158		-1.0
	28089.99999998	43.37088		-2.10444  0.2  0.2		4.1705503158		-1.0
	28119.99999998	43.40335		-2.11912  0.2  0.2		4.1705503158		-1.0
	28149.99999998	43.61353		-1.78698  0.2  0.2		4.1705503158		-1.0
	28179.99999998	43.79405		-1.52297  0.2  0.2		4.1705503158		-1.0
	28209.99999998	44.66108		-1.57658  0.2  0.2		4.1705503158		-1.0
	28239.99999998	45.11364		-1.45941  0.2  0.2		4.1705503158		-1.0
	28269.99999998	45.24503		-1.45424  0.2  0.2		4.1705503158		-1.0
	28299.99999998	45.36641		-1.29392  0.2  0.2		4.1705503158		-1.0
	28329.99999998	45.79549		-1.07983  0.2  0.2		4.1705503158		-1.0
	28359.99999998	46.46059		-0.86258  0.2  0.2		4.1705503158		-1.0
	28389.99999998	46.78426		-0.87819  0.2  0.2		4.1705503158		-1.0
	28419.99999998	47.09768		-1.1296  0.2  0.2		4.1705503158		-1.0
	28449.99999998	47.24551		-1.21567  0.2  0.2		4.1705503158		-1.0
	28479.99999998	47.14435		-1.3741  0.2  0.2		4.1705503158		-1.0
	28509.99999998	46.72936		-1.44302  0.2  0.2		4.1705503158		-1.0
	28539.99999998	46.07912		-1.68527  0.2  0.2		4.1705503158		-1.0
	28569.99999998	45.58211		-1.84588  0.2  0.2		4.1705503158		-1.0
	28599.99999998	45.66088		-1.70666  0.2  0.2		4.1705503158		-1.0
	28629.99999998	46.31		-1.62101  0.2  0.2		4.1705503158		-1.0
	28659.99999998	45.37997		-2.65374  0.2  0.2		4.1705503158		-1.0
	28689.99999998	45.75383		3.14117  0.2  0.2		4.1705503158		-1.0
	28719.99999998	46.00895		2.78555  0.2  0.2		4.1705503158		-1.0
	28749.99999998	45.47707		2.36736  0.2  0.2		4.1705503158		-1.0
	28779.99999998	44.4939		2.34802  0.2  0.2		4.1705503158		-1.0
	28809.99999998	44.03472		2.33871  0.2  0.2		4.1705503158		-1.0
	28839.99999998	44.73268		2.22912  0.2  0.2		4.1705503158		-1.0
	28869.99999998	44.19221		-2.41458  0.2  0.2		4.1705503158		-1.0
	28899.99999998	43.56841		-2.81606  0.2  0.2		4.1705503158		-1.0
	28929.99999998	43.23186		2.77869  0.2  0.2		4.1705503158		-1.0
	28959.99999998	43.46679		2.63174  0.2  0.2		4.1705503158		-1.0
	28989.99999998	43.77091		2.30014  0.2  0.2		4.1705503158		-1.0
	29019.99999998	43.79013		1.79671  0.2  0.2		4.1705503158		-1.0
	29049.99999998	43.84619		1.31211  0.2  0.2		4.1705503158		-1.0
	29079.99999998	43.51025		2.1367  0.2  0.2		4.1705503158		-1.0
	29109.99999998	42.82632		2.76823  0.2  0.2		4.1705503158		-1.0
	29139.99999998	42.51112		2.86369  0.2  0.2		4.1705503158		-1.0
	29169.99999998	42.44156		2.59669  0.2  0.2		4.1705503158		-1.0
	29199.99999998	41.90121		2.84644  0.2  0.2		4.1705503158		-1.0
	29229.99999998	41.8331		2.69662  0.2  0.2		4.1705503158		-1.0
	29259.99999998	41.38438		2.62233  0.2  0.2		4.1705503158		-1.0
	29289.99999998	41.96629		2.75325  0.2  0.2		4.1705503158		-1.0
	29319.99999998	42.31256		2.79228  0.2  0.2		4.1705503158		-1.0
	29349.99999998	42.4316		-2.25486  0.2  0.2		4.1705503158		-1.0
	29379.99999998	42.8715		-2.27485  0.2  0.2		4.1705503158		-1.0
	29409.99999998	43.01074		2.79714  0.2  0.2		4.1705503158		-1.0
	29439.99999998	43.00537		-3.13554  0.2  0.2		4.1705503158		-1.0
	29469.99999998	43.1741		-2.46054  0.2  0.2		4.1705503158		-1.0
	29499.99999998	43.18214		-2.30374  0.2  0.2		4.1705503158		-1.0
	29529.99999998	43.19949		-2.44974  0.2  0.2		4.1705503158		-1.0
	29559.99999998	42.77949		-1.52879  0.2  0.2		4.1705503158		-1.0
	29589.99999998	42.83062		-1.12154  0.2  0.2		4.1705503158		-1.0
	29619.99999998	42.87138		-0.68527  0.2  0.2		4.1705503158		-1.0
	29649.99999998	42.57485		-0.9433  0.2  0.2		4.1705503158		-1.0
	29679.99999998	42.21609		-0.82615  0.2  0.2		4.1705503158		-1.0
	29709.99999998	42.00045		0.5703  0.2  0.2		4.1705503158		-1.0
	29739.99999998	41.4811		0.70829  0.2  0.2		4.1705503158		-1.0
	29769.99999998	41.26739		0.64435  0.2  0.2		4.1705503158		-1.0
	29799.99999998	41.18917		0.42837  0.2  0.2		4.1705503158		-1.0
	29829.99999998	40.91564		0.34984  0.2  0.2		4.1705503158		-1.0
	29859.99999998	40.23106		0.15911  0.2  0.2		4.1705503158		-1.0
	29889.99999998	40.67805		-0.37564  0.2  0.2		4.1705503158		-1.0
	29919.99999998	41.01011		-0.7477  0.2  0.2		4.1705503158		-1.0
	29949.99999998	41.2909		-1.21228  0.2  0.2		4.1705503158		-1.0
	29979.99999998	41.52389		-1.21477  0.2  0.2		4.1705503158		-1.0
	30009.99999998	41.52985		-0.99683  0.2  0.2		4.1705503158		-1.0
	30039.99999998	40.38021		-0.91145  0.2  0.2		4.1705503158		-1.0
	30069.99999998	39.62681		-0.99217  0.2  0.2		4.1705503158		-1.0
	30099.99999998	38.96022		-1.01493  0.2  0.2		4.1705503158		-1.0
	30129.99999998	38.74		-1.1259  0.2  0.2		4.1705503158		-1.0
	30159.99999998	38.87888		-1.09605  0.2  0.2		4.1705503158		-1.0
	30189.99999998	39.23853		-1.05537  0.2  0.2		4.1705503158		-1.0
	30219.99999998	39.67749		-1.03807  0.2  0.2		4.1705503158		-1.0
	30249.99999998	40.13294		-0.87599  0.2  0.2		4.1705503158		-1.0
	30279.99999998	40.63167		-0.9644  0.2  0.2		4.1705503158		-1.0
	30309.99999998	40.85253		-1.16955  0.2  0.2		4.1705503158		-1.0
	30339.99999998	40.85701		-1.03526  0.2  0.2		4.1705503158		-1.0
	30369.99999998	41.05001		-1.18759  0.2  0.2		4.1705503158		-1.0
	30399.99999998	41.40351		-1.80767  0.2  0.2		4.1705503158		-1.0
	30429.99999998	41.154		-1.87656  0.2  0.2		4.1705503158		-1.0
	30459.99999998	40.38938		-1.74618  0.2  0.2		4.1705503158		-1.0
	30489.99999998	39.78297		-1.80315  0.2  0.2		4.1705503158		-1.0
	30519.99999998	39.47759		-1.57627  0.2  0.2		4.1705503158		-1.0
	30549.99999998	39.00133		-1.61858  0.2  0.2		4.1705503158		-1.0
	30579.99999998	38.48373		-1.76511  0.2  0.2		4.1705503158		-1.0
	30609.99999998	37.61719		-1.73142  0.2  0.2		4.1705503158		-1.0
	30639.99999998	36.78763		-1.83851  0.2  0.2		4.1705503158		-1.0
	30669.99999998	36.02486		-2.15968  0.2  0.2		4.1705503158		-1.0
	30699.99999998	35.55603		-2.4344  0.2  0.2		4.1705503158		-1.0
	30729.99999998	34.99302		-2.9113  0.2  0.2		4.1705503158		-1.0
	30759.99999998	34.2137		-2.8755  0.2  0.2		4.1705503158		-1.0
	30789.99999998	33.3637		-2.93427  0.2  0.2		4.1705503158		-1.0
	30819.99999998	32.47777		-2.75295  0.2  0.2		4.1705503158		-1.0
	30849.99999998	31.85803		-2.42692  0.2  0.2		4.1705503158		-1.0
	30879.99999998	31.07792		-2.39673  0.2  0.2		4.1705503158		-1.0
	30909.99999998	30.52826		-2.24964  0.2  0.2		4.1705503158		-1.0
	30939.99999998	29.96637		-2.1125  0.2  0.2		4.1705503158		-1.0
	30969.99999998	29.27271		-2.30543  0.2  0.2		4.1705503158		-1.0
	30999.99999998	28.51478		-2.45431  0.2  0.2		4.1705503158		-1.0
	31029.99999998	28.11559		-2.42464  0.2  0.2		4.1705503158		-1.0
	31059.99999998	27.81379		-2.45143  0.2  0.2		4.1705503158		-1.0
	31089.99999998	27.2591		-2.14108  0.2  0.2		4.1705503158		-1.0
	31119.99999998	26.6857		-1.79317  0.2  0.2		4.1705503158		-1.0
	31149.99999998	26.12819		-1.15808  0.2  0.2		4.1705503158		-1.0
	31179.99999998	26.32154		-0.89824  0.2  0.2		4.1705503158		-1.0
	31209.99999998	25.88964		-0.65238  0.2  0.2		4.1705503158		-1.0
	31239.99999998	25.43346		-0.5384  0.2  0.2		4.1705503158		-1.0
	31269.99999998	24.73146		-0.6851  0.2  0.2		4.1705503158		-1.0
	31299.99999998	23.79694		-0.96273  0.2  0.2		4.1705503158		-1.0
	31329.99999998	23.22937		-1.79536  0.2  0.2		4.1705503158		-1.0
	31359.99999998	23.15317		-2.54051  0.2  0.2		4.1705503158		-1.0
	31389.99999998	23.45943		-2.88323  0.2  0.2		4.1705503158		-1.0
	31419.99999998	23.39534		-2.89138  0.2  0.2		4.1705503158		-1.0
	31449.99999998	22.62725		-2.80091  0.2  0.2		4.1705503158		-1.0
	31479.99999998	22.49644		-2.52455  0.2  0.2		4.1705503158		-1.0
	31509.99999998	22.0909		-2.16515  0.2  0.2		4.1705503158		-1.0
	31539.99999998	21.80986		-1.78007  0.2  0.2		4.1705503158		-1.0
	31569.99999998	21.53389		-1.40903  0.2  0.2		4.1705503158		-1.0
	31599.99999998	21.84218		-1.04881  0.2  0.2		4.1705503158		-1.0
	31629.99999998	22.3978		-1.01516  0.2  0.2		4.1705503158		-1.0
	31659.99999998	23.07323		-1.20319  0.2  0.2		4.1705503158		-1.0
	31689.99999998	23.44132		-1.0056  0.2  0.2		4.1705503158		-1.0
	31719.99999998	23.77315		-0.96444  0.2  0.2		4.1705503158		-1.0
	31749.99999998	23.36246		-0.43097  0.2  0.2		4.1705503158		-1.0
	31779.99999998	23.56397		-0.07785  0.2  0.2		4.1705503158		-1.0
	31809.99999998	23.84346		-0.04947  0.2  0.2		4.1705503158		-1.0
	31839.99999998	24.76227		0.13432  0.2  0.2		4.1705503158		-1.0
	31869.99999998	25.58857		-0.0957  0.2  0.2		4.1705503158		-1.0
	31899.99999998	26.46241		-0.13535  0.2  0.2		4.1705503158		-1.0
	31929.99999998	26.88424		0.05192  0.2  0.2		4.1705503158		-1.0
	31959.99999998	27.00006		0.02165  0.2  0.2		4.1705503158		-1.0
	31989.99999998	27.04322		0.13645  0.2  0.2		4.1705503158		-1.0
	32019.99999998	26.85291		0.33739  0.2  0.2		4.1705503158		-1.0
	32049.99999998	27.21737		0.26451  0.2  0.2		4.1705503158		-1.0
	32079.99999998	28.06575		0.38331  0.2  0.2		4.1705503158		-1.0
	32109.99999998	28.96913		0.16338  0.2  0.2		4.1705503158		-1.0
	32139.99999998	29.90716		0.19865  0.2  0.2		4.1705503158		-1.0
	32169.99999998	30.6824		0.61316  0.2  0.2		4.1705503158		-1.0
	32199.99999998	31.55482		0.84919  0.2  0.2		4.1705503158		-1.0
	32229.99999998	31.89788		0.85286  0.2  0.2		4.1705503158		-1.0
	32259.99999998	32.44011		0.85349  0.2  0.2		4.1705503158		-1.0
	32289.99999998	33.06234		1.11139  0.2  0.2		4.1705503158		-1.0
	32319.99999998	33.21416		1.32966  0.2  0.2		4.1705503158		-1.0
	32349.99999998	34.0154		1.41441  0.2  0.2		4.1705503158		-1.0
	32379.99999998	34.75231		1.10955  0.2  0.2		4.1705503158		-1.0
	32409.99999998	35.47764		0.92387  0.2  0.2		4.1705503158		-1.0
	32439.99999998	36.18017		0.48433  0.2  0.2		4.1705503158		-1.0
	32469.99999998	36.97879		-0.04543  0.2  0.2		4.1705503158		-1.0
	32499.99999998	38.05331		-0.11961  0.2  0.2		4.1705503158		-1.0
	32529.99999998	38.5931		0.20348  0.2  0.2		4.1705503158		-1.0
	32559.99999998	39.07104		0.14217  0.2  0.2		4.1705503158		-1.0
	32589.99999998	40.10194		0.22901  0.2  0.2		4.1705503158		-1.0
	32619.99999998	40.83902		-0.07562  0.2  0.2		4.1705503158		-1.0
	32649.99999998	41.62286		-0.25883  0.2  0.2		4.1705503158		-1.0
	32679.99999998	42.1388		-0.35163  0.2  0.2		4.1705503158		-1.0
	32709.99999998	43.05611		-0.50887  0.2  0.2		4.1705503158		-1.0
	32739.99999998	43.76047		-0.54883  0.2  0.2		4.1705503158		-1.0
	32769.99999998	44.68151		-0.49961  0.2  0.2		4.1705503158		-1.0
	32799.99999998	45.59541		-0.59655  0.2  0.2		4.1705503158		-1.0
	32829.99999998	46.1593		-0.73144  0.2  0.2		4.1705503158		-1.0
	32859.99999998	46.51295		0.49101  0.2  0.2		4.1705503158		-1.0
	32889.99999998	46.2461		0.57066  0.2  0.2		4.1705503158		-1.0
	32919.99999998	46.25673		-0.80206  0.2  0.2		4.1705503158		-1.0
	32949.99999998	46.02892		-1.83623  0.2  0.2		4.1705503158		-1.0
	32979.99999998	45.56675		0.23218  0.2  0.2		4.1705503158		-1.0
	33009.99999998	45.74381		0.15404  0.2  0.2		4.1705503158		-1.0
	33039.99999998	45.9702		-3.04088  0.2  0.2		4.1705503158		-1.0
	33069.99999998	46.01353		2.64912  0.2  0.2		4.1705503158		-1.0
	33099.99999998	46.00933		2.13794  0.2  0.2		4.1705503158		-1.0
	33129.99999998	46.44021		2.47972  0.2  0.2		4.1705503158		-1.0
	33159.99999998	46.47265		-2.81478  0.2  0.2		4.1705503158		-1.0
	33189.99999998	46.53748		-2.56785  0.2  0.2		4.1705503158		-1.0
	33219.99999998	46.97518		-1.61321  0.2  0.2		4.1705503158		-1.0
	33249.99999998	47.88234		-1.59513  0.2  0.2		4.1705503158		-1.0
	33279.99999998	48.63452		-1.55055  0.2  0.2		4.1705503158		-1.0
	33309.99999998	48.74208		-1.6348  0.2  0.2		4.1705503158		-1.0
	33339.99999998	49.00799		-1.67887  0.2  0.2		4.1705503158		-1.0
	33369.99999998	48.73007		-2.19651  0.2  0.2		4.1705503158		-1.0
	33399.99999998	48.41348		-2.62636  0.2  0.2		4.1705503158		-1.0
	33429.99999998	48.50918		-3.08499  0.2  0.2		4.1705503158		-1.0
	33459.99999998	48.54972		2.8382  0.2  0.2		4.1705503158		-1.0
	33489.99999998	48.71928		3.05677  0.2  0.2		4.1705503158		-1.0
	33519.99999998	48.64249		-2.83025  0.2  0.2		4.1705503158		-1.0
	33549.99999998	48.81164		-1.89417  0.2  0.2		4.1705503158		-1.0
	33579.99999998	48.75022		-0.8863  0.2  0.2		4.1705503158		-1.0
	33609.99999998	48.86752		-0.79149  0.2  0.2		4.1705503158		-1.0
	33639.99999998	49.78111		-1.58831  0.2  0.2		4.1705503158		-1.0
	33669.99999998	49.39124		-1.1891  0.2  0.2		4.1705503158		-1.0
	33699.99999998	48.99478		-1.17672  0.2  0.2		4.1705503158		-1.0
	33729.99999997	48.50853		-1.23425  0.2  0.2		4.1705503158		-1.0
	33759.99999997	47.95626		-1.23312  0.2  0.2		4.1705503158		-1.0
	33789.99999997	47.81982		-1.83426  0.2  0.2		4.1705503158		-1.0
	33819.99999997	47.85917		-2.28625  0.2  0.2		4.1705503158		-1.0
	33849.99999997	48.26671		-2.66955  0.2  0.2		4.1705503158		-1.0
	33879.99999997	48.48573		-2.85572  0.2  0.2		4.1705503158		-1.0
	33909.99999997	48.82226		-2.91177  0.2  0.2		4.1705503158		-1.0
	33939.99999997	49.02574		-2.42872  0.2  0.2		4.1705503158		-1.0
	33969.99999997	49.68567		-2.1578  0.2  0.2		4.1705503158		-1.0
	33999.99999997	50.59378		-1.73786  0.2  0.2		4.1705503158		-1.0
	34029.99999997	51.51797		-1.28959  0.2  0.2		4.1705503158		-1.0
	34059.99999997	52.10997		-1.135  0.2  0.2		4.1705503158		-1.0
	34089.99999997	52.48608		-1.24441  0.2  0.2		4.1705503158		-1.0
	34119.99999997	52.69774		-1.23387  0.2  0.2		4.1705503158		-1.0
	34149.99999997	52.81759		-1.44811  0.2  0.2		4.1705503158		-1.0
	34179.99999997	52.80891		-1.76023  0.2  0.2		4.1705503158		-1.0
	34209.99999997	52.81141		-1.79035  0.2  0.2		4.1705503158		-1.0
	34239.99999997	52.69578		-2.10822  0.2  0.2		4.1705503158		-1.0
	34269.99999997	52.28096		-2.34799  0.2  0.2		4.1705503158		-1.0
	34299.99999997	52.35703		-2.60895  0.2  0.2		4.1705503158		-1.0
	34329.99999997	52.87109		-2.53369  0.2  0.2		4.1705503158		-1.0
	34359.99999997	53.60683		-2.65558  0.2  0.2		4.1705503158		-1.0
	34389.99999997	53.98253		2.53867  0.2  0.2		4.1705503158		-1.0
	34419.99999997	53.25422		2.62516  0.2  0.2		4.1705503158		-1.0
	34449.99999997	52.51116		3.01032  0.2  0.2		4.1705503158		-1.0
	34479.99999997	52.00734		3.09764  0.2  0.2		4.1705503158		-1.0
	34509.99999997	52.16061		-3.13885  0.2  0.2		4.1705503158		-1.0
	34539.99999997	52.91176		-2.97689  0.2  0.2		4.1705503158		-1.0
	34569.99999997	52.91592		-2.6978  0.2  0.2		4.1705503158		-1.0
	34599.99999997	52.64619		-2.77572  0.2  0.2		4.1705503158		-1.0
	34629.99999997	52.77992		3.04371  0.2  0.2		4.1705503158		-1.0
	34659.99999997	53.16089		2.73305  0.2  0.2		4.1705503158		-1.0
	34689.99999997	53.31278		2.66646  0.2  0.2		4.1705503158		-1.0
	34719.99999997	53.62601		2.47098  0.2  0.2		4.1705503158		-1.0
	34749.99999997	53.93425		2.88025  0.2  0.2		4.1705503158		-1.0
	34779.99999997	53.38703		-3.01329  0.2  0.2		4.1705503158		-1.0
	34809.99999997	52.96652		-3.12524  0.2  0.2		4.1705503158		-1.0
	34839.99999997	53.20822		2.98859  0.2  0.2		4.1705503158		-1.0
	34869.99999997	53.96202		1.72461  0.2  0.2		4.1705503158		-1.0
	34899.99999997	53.68047		1.37368  0.2  0.2		4.1705503158		-1.0
	34929.99999997	53.49455		1.26774  0.2  0.2		4.1705503158		-1.0
	34959.99999997	52.76224		1.21348  0.2  0.2		4.1705503158		-1.0
	34989.99999997	52.7357		1.2077  0.2  0.2		4.1705503158		-1.0
	35019.99999997	52.1472		1.16536  0.2  0.2		4.1705503158		-1.0
	35049.99999997	51.06499		1.20915  0.2  0.2		4.1705503158		-1.0
	35079.99999997	50.34768		1.43415  0.2  0.2		4.1705503158		-1.0
	35109.99999997	49.8923		2.00367  0.2  0.2		4.1705503158		-1.0
	35139.99999997	49.61915		2.94343  0.2  0.2		4.1705503158		-1.0
	35169.99999997	49.45941		3.11951  0.2  0.2		4.1705503158		-1.0
	35199.99999997	49.26717		3.10301  0.2  0.2		4.1705503158		-1.0
	35229.99999997	49.429		-2.97367  0.2  0.2		4.1705503158		-1.0
	35259.99999997	49.86628		-2.86414  0.2  0.2		4.1705503158		-1.0
	35289.99999997	50.52245		-2.57916  0.2  0.2		4.1705503158		-1.0
	35319.99999997	50.79655		-2.56366  0.2  0.2		4.1705503158		-1.0
	35349.99999997	51.02794		-2.37611  0.2  0.2		4.1705503158		-1.0
	35379.99999997	50.55049		-2.23015  0.2  0.2		4.1705503158		-1.0
	35409.99999997	50.13251		-2.46189  0.2  0.2		4.1705503158		-1.0
	35439.99999997	49.23781		-2.65407  0.2  0.2		4.1705503158		-1.0
	35469.99999997	48.5875		-2.84164  0.2  0.2		4.1705503158		-1.0
	35499.99999997	48.76709		-2.3761  0.2  0.2		4.1705503158		-1.0
	35529.99999997	48.4848		-1.13373  0.2  0.2		4.1705503158		-1.0
	35559.99999997	47.84502		-0.6025  0.2  0.2		4.1705503158		-1.0
	35589.99999997	47.77452		0.03501  0.2  0.2		4.1705503158		-1.0
	35619.99999997	47.65736		0.62726  0.2  0.2		4.1705503158		-1.0
	35649.99999997	47.5033		1.48203  0.2  0.2		4.1705503158		-1.0
	35679.99999997	47.22542		1.97906  0.2  0.2		4.1705503158		-1.0
	35709.99999997	47.8178		2.73545  0.2  0.2		4.1705503158		-1.0
	35739.99999997	47.80241		3.12995  0.2  0.2		4.1705503158		-1.0
	35769.99999997	47.19308		3.05774  0.2  0.2		4.1705503158		-1.0
	35799.99999997	46.62462		2.58194  0.2  0.2		4.1705503158		-1.0
	35829.99999997	46.41546		1.93575  0.2  0.2		4.1705503158		-1.0
	35859.99999997	46.22524		0.93453  0.2  0.2		4.1705503158		-1.0
	35889.99999997	46.04486		0.69644  0.2  0.2		4.1705503158		-1.0
	35919.99999997	45.63649		0.17683  0.2  0.2		4.1705503158		-1.0
	35949.99999997	44.78592		0.40769  0.2  0.2		4.1705503158		-1.0
	35979.99999997	44.15888		0.75584  0.2  0.2		4.1705503158		-1.0
	36009.99999997	43.61539		-0.18878  0.2  0.2		4.1705503158		-1.0
	36039.99999997	43.57722		-0.78633  0.2  0.2		4.1705503158		-1.0
	36069.99999997	43.45577		-1.55258  0.2  0.2		4.1705503158		-1.0
	36099.99999997	43.3103		-2.01829  0.2  0.2		4.1705503158		-1.0
	36129.99999997	43.79267		-1.90637  0.2  0.2		4.1705503158		-1.0
	36159.99999997	44.12813		-2.26661  0.2  0.2		4.1705503158		-1.0
	36189.99999997	44.11744		-2.67516  0.2  0.2		4.1705503158		-1.0
	36219.99999997	44.44322		-2.66313  0.2  0.2		4.1705503158		-1.0
	36249.99999997	44.65105		-2.58868  0.2  0.2		4.1705503158		-1.0
	36279.99999997	44.8366		-1.80198  0.2  0.2		4.1705503158		-1.0
	36309.99999997	44.58257		-0.87816  0.2  0.2		4.1705503158		-1.0
	36339.99999997	45.1142		1.0443  0.2  0.2		4.1705503158		-1.0
	36369.99999997	45.85041		2.14734  0.2  0.2		4.1705503158		-1.0
	36399.99999997	46.02177		2.0649  0.2  0.2		4.1705503158		-1.0
	36429.99999997	45.52557		2.30968  0.2  0.2		4.1705503158		-1.0
	36459.99999997	45.42432		2.3041  0.2  0.2		4.1705503158		-1.0
	36489.99999997	44.89537		2.07447  0.2  0.2		4.1705503158		-1.0
	36519.99999997	44.42522		2.58576  0.2  0.2		4.1705503158		-1.0
	36549.99999997	44.03625		2.99181  0.2  0.2		4.1705503158		-1.0
	36579.99999997	43.57987		-3.03493  0.2  0.2		4.1705503158		-1.0
	36609.99999997	43.1906		3.01865  0.2  0.2		4.1705503158		-1.0
	36639.99999997	43.37557		1.78415  0.2  0.2		4.1705503158		-1.0
	36669.99999997	43.69229		2.64328  0.2  0.2		4.1705503158		-1.0
	36699.99999997	44.07908		2.86542  0.2  0.2		4.1705503158		-1.0
	36729.99999997	44.83791		2.68585  0.2  0.2		4.1705503158		-1.0
	36759.99999997	45.49847		2.61146  0.2  0.2		4.1705503158		-1.0
	36789.99999997	46.13985		2.50013  0.2  0.2		4.1705503158		-1.0
	36819.99999997	46.21642		2.43485  0.2  0.2		4.1705503158		-1.0
	36849.99999997	46.1065		2.28698  0.2  0.2		4.1705503158		-1.0
	36879.99999997	45.81989		2.4277  0.2  0.2		4.1705503158		-1.0
	36909.99999997	45.89748		0.66446  0.2  0.2		4.1705503158		-1.0
	36939.99999997	46.20102		-0.01727  0.2  0.2		4.1705503158		-1.0
	36969.99999997	46.53093		-0.72241  0.2  0.2		4.1705503158		-1.0
	36999.99999997	47.21638		-0.82508  0.2  0.2		4.1705503158		-1.0
	37029.99999997	48.05728		-0.74859  0.2  0.2		4.1705503158		-1.0
	37059.99999997	48.50243		-0.48249  0.2  0.2		4.1705503158		-1.0
	37089.99999997	48.75379		-0.4771  0.2  0.2		4.1705503158		-1.0
	37119.99999997	48.88708		-0.66174  0.2  0.2		4.1705503158		-1.0
	37149.99999997	49.39146		-0.8857  0.2  0.2		4.1705503158		-1.0
	37179.99999997	50.36715		-1.54281  0.2  0.2		4.1705503158		-1.0
	37209.99999997	49.64575		-1.73717  0.2  0.2		4.1705503158		-1.0
	37239.99999997	48.96408		-1.61017  0.2  0.2		4.1705503158		-1.0
	37269.99999997	48.39458		-1.62539  0.2  0.2		4.1705503158		-1.0
	37299.99999997	47.97446		-1.94241  0.2  0.2		4.1705503158		-1.0
	37329.99999997	47.79183		-2.09326  0.2  0.2		4.1705503158		-1.0
	37359.99999997	47.61736		-2.25256  0.2  0.2		4.1705503158		-1.0
	37389.99999997	47.35168		-1.87086  0.2  0.2		4.1705503158		-1.0
	37419.99999997	47.31182		-2.09071  0.2  0.2		4.1705503158		-1.0
	37449.99999997	46.75904		-1.87657  0.2  0.2		4.1705503158		-1.0
