	30.00000000	3.072		3.0885  0.2  0.2		4.1705503158		-1.0
	60.00000000	3.02241		2.84307  0.2  0.2		4.1705503158		-1.0
	90.00000000	2.85971		2.59423  0.2  0.2		4.1705503158		-1.0
	120.00000000	2.84327		2.57916  0.2  0.2		4.1705503158		-1.0
	150.00000000	2.79937		2.78161  0.2  0.2		4.1705503158		-1.0
	180.00000000	2.95562		3.00036  0.2  0.2		4.1705503158		-1.0
	210.00000000	2.97693		-2.9817  0.2  0.2		4.1705503158		-1.0
	240.00000000	3.00925		-2.7844  0.2  0.2		4.1705503158		-1.0
	270.00000000	2.91567		-2.705  0.2  0.2		4.1705503158		-1.0
	300.00000000	2.82533		-2.79402  0.2  0.2		4.1705503158		-1.0
	330.00000000	2.71458		-2.92084  0.2  0.2		4.1705503158		-1.0
	360.00000000	3.02356		-2.59045  0.2  0.2		4.1705503158		-1.0
	390.00000000	3.01357		-2.29608  0.2  0.2		4.1705503158		-1.0
	420.00000000	3.00382		-2.12451  0.2  0.2		4.1705503158		-1.0
	450.00000000	3.02609		-2.32308  0.2  0.2		4.1705503158		-1.0
	480.00000000	2.76855		-2.62221  0.2  0.2		4.1705503158		-1.0
	510.00000000	2.91598		-2.99638  0.2  0.2		4.1705503158		-1.0
	540.00000000	3.25674		-3.14136  0.2  0.2		4.1705503158		-1.0
	570.00000000	2.91718		-2.99319  0.2  0.2		4.1705503158		-1.0
	600.00000000	2.95023		2.97795  0.2  0.2		4.1705503158		-1.0
	630.00000000	3.23509		2.75545  0.2  0.2		4.1705503158		-1.0
	660.00000000	3.03278		2.57035  0.2  0.2		4.1705503158		-1.0
	690.00000000	2.82651		2.39327  0.2  0.2		4.1705503158		-1.0
	720.00000000	2.98426		2.28277  0.2  0.2		4.1705503158		-1.0
	750.00000000	3.23141		2.22078  0.2  0.2		4.1705503158		-1.0
	780.00000000	3.11219		2.29676  0.2  0.2		4.1705503158		-1.0
	810.00000000	2.82482		2.31291  0.2  0.2		4.1705503158		-1.0
	840.00000000	3.21252		2.20948  0.2  0.2		4.1705503158		-1.0
	870.00000000	3.09134		1.94344  0.2  0.2		4.1705503158		-1.0
	900.00000000	3.04823		1.95292  0.2  0.2		4.1705503158		-1.0
	930.00000000	3.04885		1.77586  0.2  0.2		4.1705503158		-1.0
	960.00000000	2.92244		1.45109  0.2  0.2		4.1705503158		-1.0
	990.00000000	2.85632		1.45977  0.2  0.2		4.1705503158		-1.0
	1020.00000000	2.90018		1.62042  0.2  0.2		4.1705503158		-1.0
	1050.00000000	3.02468		1.75345  0.2  0.2		4.1705503158		-1.0
	1080.00000000	2.98302		1.79848  0.2  0.2		4.1705503158		-1.0
	1110.00000000	3.03461		1.43091  0.2  0.2		4.1705503158		-1.0
	1140.00000000	2.85293		0.92789  0.2  0.2		4.1705503158		-1.0
	1170.00000000	2.92488		1.13374  0.2  0.2		4.1705503158		-1.0
	1200.00000000	2.94434		1.28309  0.2  0.2		4.1705503158		-1.0
	1230.00000000	2.94547		1.27792  0.2  0.2		4.1705503158		-1.0
	1260.00000000	2.89393		1.00311  0.2  0.2		4.1705503158		-1.0
	1290.00000000	3.10239		0.90712  0.2  0.2		4.1705503158		-1.0
	1320.00000000	2.94985		1.01036  0.2  0.2		4.1705503158		-1.0
	1350.00000000	2.85392		0.56188  0.2  0.2		4.1705503158		-1.0
	1380.00000000	2.83758		0.39188  0.2  0.2		4.1705503158		-1.0
	1410.00000000	3.01009		0.54451  0.2  0.2		4.1705503158		-1.0
	1440.00000000	3.05799		0.70609  0.2  0.2		4.1705503158		-1.0
	1470.00000000	2.87062		0.76665  0.2  0.2		4.1705503158		-1.0
	1500.00000000	3.05078		0.96819  0.2  0.2		4.1705503158		-1.0
	1530.00000000	3.26167		1.24754  0.2  0.2		4.1705503158		-1.0
	1560.00000000	2.68595		1.05143  0.2  0.2		4.1705503158		-1.0
	1590.00000000	3.31935		0.66619  0.2  0.2		4.1705503158		-1.0
	1620.00000000	2.91767		0.33083  0.2  0.2		4.1705503158		-1.0
	1650.00000000	2.71021		0.05003  0.2  0.2		4.1705503158		-1.0
	1680.00000000	2.84325		0.29585  0.2  0.2		4.1705503158		-1.0
	1710.00000000	3.27133		0.44466  0.2  0.2		4.1705503158		-1.0
	1740.00000000	2.95054		0.30387  0.2  0.2		4.1705503158		-1.0
	1770.00000000	2.89765		0.00433  0.2  0.2		4.1705503158		-1.0
	1800.00000000	3.03296		-0.11471  0.2  0.2		4.1705503158		-1.0
	1830.00000000	3.16742		-0.40955  0.2  0.2		4.1705503158		-1.0
	1860.00000000	2.89033		-0.83384  0.2  0.2		4.1705503158		-1.0
	1890.00000000	2.77277		-1.19927  0.2  0.2		4.1705503158		-1.0
	1920.00000000	2.84983		-1.16095  0.2  0.2		4.1705503158		-1.0
	1950.00000000	2.97396		-0.86044  0.2  0.2		4.1705503158		-1.0
	1980.00000000	3.04641		-0.78942  0.2  0.2		4.1705503158		-1.0
	2010.00000000	2.98637		-0.83501  0.2  0.2		4.1705503158		-1.0
	2040.00000000	2.93137		-0.97792  0.2  0.2		4.1705503158		-1.0
	2070.00000000	3.17135		-1.1921  0.2  0.2		4.1705503158		-1.0
	2100.00000000	2.93183		-1.41162  0.2  0.2		4.1705503158		-1.0
	2130.00000000	2.85518		-1.54716  0.2  0.2		4.1705503158		-1.0
	2160.00000000	3.15634		-1.61564  0.2  0.2		4.1705503158		-1.0
	2190.00000000	3.04243		-1.81365  0.2  0.2		4.1705503158		-1.0
	2220.00000000	2.78825		-1.92647  0.2  0.2		4.1705503158		-1.0
	2250.00000000	2.99686		-1.80406  0.2  0.2		4.1705503158		-1.0
	2280.00000000	3.0941		-1.75242  0.2  0.2		4.1705503158		-1.0
	2310.00000000	3.03065		-1.9149  0.2  0.2		4.1705503158		-1.0
	2340.00000000	2.78596		-2.15389  0.2  0.2		4.1705503158		-1.0
	2370.00000000	2.97916		-2.25231  0.2  0.2		4.1705503158		-1.0
	2400.00000000	3.21203		-2.36478  0.2  0.2		4.1705503158		-1.0
	2430.00000000	2.89988		-2.35027  0.2  0.2		4.1705503158		-1.0
	2460.00000000	3.1581		-2.25332  0.2  0.2		4.1705503158		-1.0
	2490.00000000	2.79787		-2.23385  0.2  0.2		4.1705503158		-1.0
	2520.00000000	3.27373		-2.30165  0.2  0.2		4.1705503158		-1.0
	2550.00000000	2.76147		-2.40459  0.2  0.2		4.1705503158		-1.0
	2580.00000000	3.37022		-2.34215  0.2  0.2		4.1705503158		-1.0
	2610.00000000	2.76513		-2.4461  0.2  0.2		4.1705503158		-1.0
	2640.00000000	3.16236		-2.51004  0.2  0.2		4.1705503158		-1.0
	2670.00000000	2.83462		-2.69208  0.2  0.2		4.1705503158		-1.0
	2700.00000000	3.46562		-2.71995  0.2  0.2		4.1705503158		-1.0
	2730.00000000	3.06307		-2.80078  0.2  0.2		4.1705503158		-1.0
	2760.00000000	2.93199		-3.03529  0.2  0.2		4.1705503158		-1.0
	2790.00000000	3.40264		-2.99296  0.2  0.2		4.1705503158		-1.0
	2820.00000000	2.81846		-2.9115  0.2  0.2		4.1705503158		-1.0
	2850.00000000	2.81076		-3.07111  0.2  0.2		4.1705503158		-1.0
	2880.00000000	3.16723		2.92065  0.2  0.2		4.1705503158		-1.0
	2910.00000000	2.99498		2.81894  0.2  0.2		4.1705503158		-1.0
	2940.00000000	2.82484		2.90907  0.2  0.2		4.1705503158		-1.0
	2970.00000000	2.79852		2.87437  0.2  0.2		4.1705503158		-1.0
	3000.00000000	2.76033		2.9844  0.2  0.2		4.1705503158		-1.0
	3030.00000000	2.82075		3.10166  0.2  0.2		4.1705503158		-1.0
	3060.00000000	2.76126		-3.10068  0.2  0.2		4.1705503158		-1.0
	3090.00000000	3.18395		-2.92047  0.2  0.2		4.1705503158		-1.0
	3120.00000000	2.83198		-2.81172  0.2  0.2		4.1705503158		-1.0
	3150.00000000	3.22738		-2.99293  0.2  0.2		4.1705503158		-1.0
	3180.00000000	3.13797		3.07198  0.2  0.2		4.1705503158		-1.0
	3210.00000000	2.86154		2.74059  0.2  0.2		4.1705503158		-1.0
	3240.00000000	2.9013		2.59506  0.2  0.2		4.1705503158		-1.0
	3270.00000000	3.11453		2.59487  0.2  0.2		4.1705503158		-1.0
	3300.00000000	2.69644		2.3698  0.2  0.2		4.1705503158		-1.0
	3330.00000000	3.09131		2.27126  0.2  0.2		4.1705503158		-1.0
	3360.00000000	2.99229		2.30974  0.2  0.2		4.1705503158		-1.0
	3390.00000000	2.95519		2.22738  0.2  0.2		4.1705503158		-1.0
	3420.00000000	2.93229		1.92456  0.2  0.2		4.1705503158		-1.0
	3450.00000000	2.95795		1.91637  0.2  0.2		4.1705503158		-1.0
	3480.00000000	2.92825		2.04882  0.2  0.2		4.1705503158		-1.0
	3510.00000000	2.83494		2.17028  0.2  0.2		4.1705503158		-1.0
	3540.00000000	2.85839		2.17653  0.2  0.2		4.1705503158		-1.0
	3570.00000000	2.8072		1.93353  0.2  0.2		4.1705503158		-1.0
	3600.00000000	2.85904		1.53773  0.2  0.2		4.1705503158		-1.0
	3630.00000000	2.69944		1.15385  0.2  0.2		4.1705503158		-1.0
	3660.00000000	2.72595		0.74418  0.2  0.2		4.1705503158		-1.0
	3690.00000000	3.04879		0.59829  0.2  0.2		4.1705503158		-1.0
	3720.00000000	3.06089		0.74363  0.2  0.2		4.1705503158		-1.0
	3750.00000000	2.8196		1.19864  0.2  0.2		4.1705503158		-1.0
	3780.00000000	3.11159		1.34035  0.2  0.2		4.1705503158		-1.0
	3810.00000000	2.74969		1.27336  0.2  0.2		4.1705503158		-1.0
	3840.00000000	2.97637		0.98591  0.2  0.2		4.1705503158		-1.0
	3870.00000000	2.9915		0.56419  0.2  0.2		4.1705503158		-1.0
	3900.00000000	3.05345		0.07696  0.2  0.2		4.1705503158		-1.0
	3930.00000000	2.92719		-0.46981  0.2  0.2		4.1705503158		-1.0
	3960.00000000	2.7721		-0.64197  0.2  0.2		4.1705503158		-1.0
	3990.00000000	2.92514		-0.69015  0.2  0.2		4.1705503158		-1.0
	4020.00000000	3.00834		-1.02109  0.2  0.2		4.1705503158		-1.0
	4050.00000000	2.72076		-1.39719  0.2  0.2		4.1705503158		-1.0
	4080.00000000	3.02879		-1.3431  0.2  0.2		4.1705503158		-1.0
	4110.00000000	3.08388		-0.95621  0.2  0.2		4.1705503158		-1.0
	4140.00000000	2.93656		-1.04763  0.2  0.2		4.1705503158		-1.0
	4170.00000000	2.96241		-1.45078  0.2  0.2		4.1705503158		-1.0
	4200.00000000	2.76509		-1.59084  0.2  0.2		4.1705503158		-1.0
	4230.00000000	2.90581		-1.62198  0.2  0.2		4.1705503158		-1.0
	4260.00000000	3.12201		-1.87887  0.2  0.2		4.1705503158		-1.0
	4290.00000000	2.80116		-2.07198  0.2  0.2		4.1705503158		-1.0
	4320.00000000	3.11222		-1.94714  0.2  0.2		4.1705503158		-1.0
	4350.00000000	2.93423		-1.33255  0.2  0.2		4.1705503158		-1.0
	4380.00000000	3.21258		-1.49356  0.2  0.2		4.1705503158		-1.0
	4410.00000000	2.7821		-1.74466  0.2  0.2		4.1705503158		-1.0
	4440.00000000	2.70534		-1.611  0.2  0.2		4.1705503158		-1.0
	4470.00000000	3.3279		-1.33023  0.2  0.2		4.1705503158		-1.0
	4500.00000000	2.86962		-1.09398  0.2  0.2		4.1705503158		-1.0
	4530.00000000	2.76471		-1.10077  0.2  0.2		4.1705503158		-1.0
	4560.00000000	2.77218		-0.7368  0.2  0.2		4.1705503158		-1.0
	4590.00000000	2.91873		-0.086  0.2  0.2		4.1705503158		-1.0
	4620.00000000	3.25094		0.13064  0.2  0.2		4.1705503158		-1.0
	4650.00000000	2.78319		-0.28341  0.2  0.2		4.1705503158		-1.0
	4680.00000000	2.80826		-0.5253  0.2  0.2		4.1705503158		-1.0
	4710.00000000	3.31246		-0.38927  0.2  0.2		4.1705503158		-1.0
	4740.00000000	3.03656		-0.31873  0.2  0.2		4.1705503158		-1.0
	4770.00000000	2.79722		-0.31097  0.2  0.2		4.1705503158		-1.0
	4800.00000000	3.08345		-0.37727  0.2  0.2		4.1705503158		-1.0
	4830.00000000	3.14888		-0.48531  0.2  0.2		4.1705503158		-1.0
	4860.00000000	2.64316		-0.47283  0.2  0.2		4.1705503158		-1.0
	4890.00000000	3.33137		-0.72043  0.2  0.2		4.1705503158		-1.0
	4920.00000000	3.30786		-1.19298  0.2  0.2		4.1705503158		-1.0
	4950.00000000	2.75377		-1.2405  0.2  0.2		4.1705503158		-1.0
	4980.00000000	3.29393		-0.97546  0.2  0.2		4.1705503158		-1.0
	5010.00000000	3.18226		-0.89411  0.2  0.2		4.1705503158		-1.0
	5040.00000000	2.77083		-1.04923  0.2  0.2		4.1705503158		-1.0
	5070.00000000	3.36904		-1.11429  0.2  0.2		4.1705503158		-1.0
	5100.00000000	2.71182		-1.01326  0.2  0.2		4.1705503158		-1.0
	5130.00000000	3.39987		-0.69877  0.2  0.2		4.1705503158		-1.0
	5160.00000000	2.78461		-0.62957  0.2  0.2		4.1705503158		-1.0
	5190.00000000	2.91231		-0.63842  0.2  0.2		4.1705503158		-1.0
	5220.00000000	3.05684		-0.64243  0.2  0.2		4.1705503158		-1.0
	5250.00000000	2.81036		-0.3368  0.2  0.2		4.1705503158		-1.0
	5280.00000000	3.10346		0.14759  0.2  0.2		4.1705503158		-1.0
	5310.00000000	2.7222		0.40094  0.2  0.2		4.1705503158		-1.0
	5340.00000000	3.25683		0.48312  0.2  0.2		4.1705503158		-1.0
	5370.00000000	2.8231		0.64672  0.2  0.2		4.1705503158		-1.0
	5400.00000000	3.35652		1.05463  0.2  0.2		4.1705503158		-1.0
	5430.00000000	2.89532		1.45847  0.2  0.2		4.1705503158		-1.0
	5460.00000000	2.97613		1.40716  0.2  0.2		4.1705503158		-1.0
	5490.00000000	3.44358		1.60801  0.2  0.2		4.1705503158		-1.0
	5520.00000000	2.80313		1.85834  0.2  0.2		4.1705503158		-1.0
	5550.00000000	3.31654		1.76568  0.2  0.2		4.1705503158		-1.0
	5580.00000000	3.09929		1.77275  0.2  0.2		4.1705503158		-1.0
	5610.00000000	3.27161		1.894  0.2  0.2		4.1705503158		-1.0
	5640.00000000	3.21453		1.99156  0.2  0.2		4.1705503158		-1.0
	5670.00000000	2.66658		2.09574  0.2  0.2		4.1705503158		-1.0
	5700.00000000	3.55385		2.17713  0.2  0.2		4.1705503158		-1.0
	5730.00000000	2.85456		2.21925  0.2  0.2		4.1705503158		-1.0
	5760.00000000	3.32642		2.51638  0.2  0.2		4.1705503158		-1.0
	5790.00000000	2.75687		2.69492  0.2  0.2		4.1705503158		-1.0
	5820.00000000	3.22217		2.58569  0.2  0.2		4.1705503158		-1.0
	5850.00000000	3.23277		2.55664  0.2  0.2		4.1705503158		-1.0
	5880.00000000	2.86907		2.88154  0.2  0.2		4.1705503158		-1.0
	5910.00000000	2.85006		-3.05566  0.2  0.2		4.1705503158		-1.0
	5940.00000000	2.71734		-3.04623  0.2  0.2		4.1705503158		-1.0
	5970.00000000	3.32912		-2.83116  0.2  0.2		4.1705503158		-1.0
	6000.00000000	2.93679		-2.75488  0.2  0.2		4.1705503158		-1.0
	6030.00000000	2.86082		-2.62106  0.2  0.2		4.1705503158		-1.0
	6060.00000000	3.35156		-2.70578  0.2  0.2		4.1705503158		-1.0
	6090.00000000	2.78531		-2.83311  0.2  0.2		4.1705503158		-1.0
	6120.00000000	3.03228		-2.74265  0.2  0.2		4.1705503158		-1.0
	6150.00000000	3.06063		-2.79247  0.2  0.2		4.1705503158		-1.0
	6180.00000000	3.03042		-2.70191  0.2  0.2		4.1705503158		-1.0
	6210.00000000	3.10931		-2.51397  0.2  0.2		4.1705503158		-1.0
	6240.00000000	2.96013		-2.34331  0.2  0.2		4.1705503158		-1.0
	6270.00000000	3.13019		-2.13935  0.2  0.2		4.1705503158		-1.0
	6300.00000000	2.72064		-1.96758  0.2  0.2		4.1705503158		-1.0
	6330.00000000	2.79497		-2.02142  0.2  0.2		4.1705503158		-1.0
	6360.00000000	2.97773		-2.07462  0.2  0.2		4.1705503158		-1.0
	6390.00000000	2.78207		-1.80167  0.2  0.2		4.1705503158		-1.0
	6420.00000000	3.23801		-1.63396  0.2  0.2		4.1705503158		-1.0
	6450.00000000	2.73883		-1.41612  0.2  0.2		4.1705503158		-1.0
	6480.00000000	2.9795		-1.37683  0.2  0.2		4.1705503158		-1.0
	6510.00000000	2.99782		-1.70833  0.2  0.2		4.1705503158		-1.0
	6540.00000000	3.16936		-1.83398  0.2  0.2		4.1705503158		-1.0
	6570.00000000	2.99524		-1.52114  0.2  0.2		4.1705503158		-1.0
	6600.00000000	2.95992		-1.04151  0.2  0.2		4.1705503158		-1.0
	6630.00000000	2.96868		-0.72356  0.2  0.2		4.1705503158		-1.0
	6660.00000000	2.73666		-0.52802  0.2  0.2		4.1705503158		-1.0
	6690.00000000	3.08492		-0.2109  0.2  0.2		4.1705503158		-1.0
	6720.00000000	3.01168		0.24035  0.2  0.2		4.1705503158		-1.0
	6750.00000000	2.93516		-0.06014  0.2  0.2		4.1705503158		-1.0
	6780.00000000	2.97137		-0.42065  0.2  0.2		4.1705503158		-1.0
	6810.00000000	2.72968		-0.65122  0.2  0.2		4.1705503158		-1.0
	6840.00000000	2.74007		-1.12515  0.2  0.2		4.1705503158		-1.0
	6870.00000000	2.69227		-1.60638  0.2  0.2		4.1705503158		-1.0
	6900.00000000	2.76047		-1.61472  0.2  0.2		4.1705503158		-1.0
	6930.00000000	3.16811		-1.41928  0.2  0.2		4.1705503158		-1.0
	6960.00000000	3.16955		-1.47416  0.2  0.2		4.1705503158		-1.0
	6990.00000000	3.25395		-1.79773  0.2  0.2		4.1705503158		-1.0
	7020.00000000	2.93416		-2.10822  0.2  0.2		4.1705503158		-1.0
	7050.00000000	2.91653		-2.31212  0.2  0.2		4.1705503158		-1.0
	7080.00000000	2.89981		-2.34345  0.2  0.2		4.1705503158		-1.0
	7110.00000000	2.86492		-2.11683  0.2  0.2		4.1705503158		-1.0
	7140.00000000	2.82972		-1.73369  0.2  0.2		4.1705503158		-1.0
	7170.00000000	2.93086		-1.42816  0.2  0.2		4.1705503158		-1.0
	7200.00000000	3.19901		-1.22276  0.2  0.2		4.1705503158		-1.0
	7230.00000000	2.67763		-1.16025  0.2  0.2		4.1705503158		-1.0
	7260.00000000	2.85291		-1.11037  0.2  0.2		4.1705503158		-1.0
	7290.00000000	2.70108		-0.82607  0.2  0.2		4.1705503158		-1.0
	7320.00000000	2.7977		-0.13637  0.2  0.2		4.1705503158		-1.0
	7350.00000000	3.03556		0.34401  0.2  0.2		4.1705503158		-1.0
	7380.00000000	2.9869		0.78605  0.2  0.2		4.1705503158		-1.0
	7410.00000000	3.32114		1.24367  0.2  0.2		4.1705503158		-1.0
	7440.00000000	2.76027		1.43461  0.2  0.2		4.1705503158		-1.0
	7470.00000000	2.59792		1.38946  0.2  0.2		4.1705503158		-1.0
	7500.00000000	3.22708		1.3637  0.2  0.2		4.1705503158		-1.0
	7530.00000000	2.79373		1.41684  0.2  0.2		4.1705503158		-1.0
	7560.00000000	3.246		1.4352  0.2  0.2		4.1705503158		-1.0
	7590.00000000	2.92912		1.7613  0.2  0.2		4.1705503158		-1.0
	7620.00000000	2.65568		1.739  0.2  0.2		4.1705503158		-1.0
	7650.00000000	2.79628		1.69396  0.2  0.2		4.1705503158		-1.0
	7680.00000000	2.97225		1.14574  0.2  0.2		4.1705503158		-1.0
	7710.00000000	2.66594		0.43702  0.2  0.2		4.1705503158		-1.0
	7740.00000000	2.94389		-0.0919  0.2  0.2		4.1705503158		-1.0
	7770.00000000	2.83014		-0.27606  0.2  0.2		4.1705503158		-1.0
	7800.00000000	3.21005		-0.29402  0.2  0.2		4.1705503158		-1.0
	7830.00000000	3.15098		-0.69435  0.2  0.2		4.1705503158		-1.0
	7860.00000000	3.31686		-1.17193  0.2  0.2		4.1705503158		-1.0
	7890.00000000	2.98219		-1.49068  0.2  0.2		4.1705503158		-1.0
	7920.00000000	2.6646		-1.40766  0.2  0.2		4.1705503158		-1.0
	7950.00000000	2.72653		-0.95957  0.2  0.2		4.1705503158		-1.0
	7980.00000000	3.19304		-0.6284  0.2  0.2		4.1705503158		-1.0
	8010.00000000	3.21521		-0.08054  0.2  0.2		4.1705503158		-1.0
	8040.00000000	3.25692		0.58981  0.2  0.2		4.1705503158		-1.0
	8070.00000000	3.2748		0.87354  0.2  0.2		4.1705503158		-1.0
	8100.00000000	2.73175		1.14013  0.2  0.2		4.1705503158		-1.0
	8130.00000000	3.36195		1.04356  0.2  0.2		4.1705503158		-1.0
	8160.00000000	2.83024		1.1184  0.2  0.2		4.1705503158		-1.0
	8190.00000000	2.6882		1.23345  0.2  0.2		4.1705503158		-1.0
	8220.00000000	2.81336		1.69262  0.2  0.2		4.1705503158		-1.0
	8250.00000000	2.71128		1.88568  0.2  0.2		4.1705503158		-1.0
	8280.00000000	2.76814		1.94814  0.2  0.2		4.1705503158		-1.0
	8310.00000000	2.81304		2.02646  0.2  0.2		4.1705503158		-1.0
	8340.00000000	2.73423		2.09264  0.2  0.2		4.1705503158		-1.0
	8370.00000000	2.76897		2.3697  0.2  0.2		4.1705503158		-1.0
	8400.00000000	2.92412		2.73416  0.2  0.2		4.1705503158		-1.0
	8430.00000000	3.32368		2.71001  0.2  0.2		4.1705503158		-1.0
	8460.00000000	3.12042		2.78393  0.2  0.2		4.1705503158		-1.0
	8490.00000000	3.45408		2.79432  0.2  0.2		4.1705503158		-1.0
	8520.00000000	2.96397		2.86249  0.2  0.2		4.1705503158		-1.0
	8550.00000000	2.92924		2.86501  0.2  0.2		4.1705503158		-1.0
	8580.00000000	3.08457		2.84344  0.2  0.2		4.1705503158		-1.0
	8610.00000000	3.37112		2.67558  0.2  0.2		4.1705503158		-1.0
	8640.00000000	3.18593		2.53128  0.2  0.2		4.1705503158		-1.0
	8670.00000000	2.96412		2.47697  0.2  0.2		4.1705503158		-1.0
	8700.00000000	2.90241		2.34725  0.2  0.2		4.1705503158		-1.0
	8730.00000000	3.3142		2.33  0.2  0.2		4.1705503158		-1.0
	8760.00000000	3.11938		2.19108  0.2  0.2		4.1705503158		-1.0
	8790.00000000	3.22676		1.95387  0.2  0.2		4.1705503158		-1.0
	8820.00000000	2.72027		1.62741  0.2  0.2		4.1705503158		-1.0
	8850.00000000	2.70632		1.40332  0.2  0.2		4.1705503158		-1.0
	8880.00000000	3.12062		1.19875  0.2  0.2		4.1705503158		-1.0
	8910.00000000	2.75439		0.90208  0.2  0.2		4.1705503158		-1.0
	8940.00000000	3.29854		0.63953  0.2  0.2		4.1705503158		-1.0
	8970.00000000	2.56229		0.65883  0.2  0.2		4.1705503158		-1.0
	9000.00000000	2.67746		0.65801  0.2  0.2		4.1705503158		-1.0
	9030.00000000	3.19364		0.71203  0.2  0.2		4.1705503158		-1.0
	9060.00000000	2.68675		0.77494  0.2  0.2		4.1705503158		-1.0
	9090.00000000	2.98068		0.52164  0.2  0.2		4.1705503158		-1.0
	9120.00000000	2.97224		0.12859  0.2  0.2		4.1705503158		-1.0
	9150.00000000	3.51666		0.03316  0.2  0.2		4.1705503158		-1.0
	9180.00000000	2.7751		0.23136  0.2  0.2		4.1705503158		-1.0
	9210.00000000	3.16623		0.5446  0.2  0.2		4.1705503158		-1.0
	9240.00000000	3.21938		0.51462  0.2  0.2		4.1705503158		-1.0
	9270.00000000	2.92058		0.38095  0.2  0.2		4.1705503158		-1.0
	9300.00000000	3.34464		0.35563  0.2  0.2		4.1705503158		-1.0
	9330.00000000	3.17233		0.01493  0.2  0.2		4.1705503158		-1.0
	9360.00000000	3.42958		-0.09779  0.2  0.2		4.1705503158		-1.0
	9390.00000000	2.76752		0.2334  0.2  0.2		4.1705503158		-1.0
	9420.00000000	2.89205		0.76345  0.2  0.2		4.1705503158		-1.0
	9450.00000000	2.80803		0.95434  0.2  0.2		4.1705503158		-1.0
	9480.00000000	3.27137		0.9582  0.2  0.2		4.1705503158		-1.0
	9510.00000000	3.27271		0.9262  0.2  0.2		4.1705503158		-1.0
	9540.00000000	3.17069		1.1033  0.2  0.2		4.1705503158		-1.0
	9570.00000000	2.99999		1.19708  0.2  0.2		4.1705503158		-1.0
	9600.00000000	2.62245		0.89455  0.2  0.2		4.1705503158		-1.0
	9630.00000000	2.96678		0.66891  0.2  0.2		4.1705503158		-1.0
	9660.00000000	2.92603		0.4151  0.2  0.2		4.1705503158		-1.0
	9690.00000000	3.34659		0.18769  0.2  0.2		4.1705503158		-1.0
	9720.00000000	2.93584		0.37792  0.2  0.2		4.1705503158		-1.0
	9750.00000000	2.8029		0.4428  0.2  0.2		4.1705503158		-1.0
	9780.00000000	2.71853		0.61022  0.2  0.2		4.1705503158		-1.0
	9810.00000000	2.72128		0.87002  0.2  0.2		4.1705503158		-1.0
	9840.00000000	3.10988		0.96209  0.2  0.2		4.1705503158		-1.0
	9870.00000000	3.18061		1.27186  0.2  0.2		4.1705503158		-1.0
	9900.00000000	3.1983		1.60666  0.2  0.2		4.1705503158		-1.0
	9930.00000000	3.11412		1.57958  0.2  0.2		4.1705503158		-1.0
	9960.00000000	3.08312		1.5062  0.2  0.2		4.1705503158		-1.0
	9990.00000000	3.23733		1.23144  0.2  0.2		4.1705503158		-1.0
	10020.00000000	3.20349		1.05593  0.2  0.2		4.1705503158		-1.0
	10050.00000000	3.70963		0.98248  0.2  0.2		4.1705503158		-1.0
	10080.00000000	3.34783		0.7094  0.2  0.2		4.1705503158		-1.0
	10110.00000000	3.37722		0.90117  0.2  0.2		4.1705503158		-1.0
	10140.00000000	3.40736		1.28334  0.2  0.2		4.1705503158		-1.0
	10170.00000000	3.0604		1.76621  0.2  0.2		4.1705503158		-1.0
	10200.00000000	3.44807		1.79002  0.2  0.2		4.1705503158		-1.0
	10230.00000000	3.28485		1.50366  0.2  0.2		4.1705503158		-1.0
	10260.00000000	3.50766		1.43749  0.2  0.2		4.1705503158		-1.0
	10290.00000000	3.13811		1.75792  0.2  0.2		4.1705503158		-1.0
	10320.00000000	3.44049		1.93982  0.2  0.2		4.1705503158		-1.0
	10350.00000000	2.61032		2.13185  0.2  0.2		4.1705503158		-1.0
	10380.00000000	3.41219		2.30465  0.2  0.2		4.1705503158		-1.0
	10410.00000000	3.14084		2.44496  0.2  0.2		4.1705503158		-1.0
	10440.00000000	2.6839		2.27949  0.2  0.2		4.1705503158		-1.0
	10470.00000000	2.7887		2.35004  0.2  0.2		4.1705503158		-1.0
	10500.00000000	2.73689		2.68101  0.2  0.2		4.1705503158		-1.0
	10530.00000000	2.72563		2.63722  0.2  0.2		4.1705503158		-1.0
	10560.00000000	2.71657		2.38685  0.2  0.2		4.1705503158		-1.0
	10590.00000000	2.72788		2.30242  0.2  0.2		4.1705503158		-1.0
	10620.00000000	2.798		2.58185  0.2  0.2		4.1705503158		-1.0
	10650.00000000	2.70878		2.78073  0.2  0.2		4.1705503158		-1.0
	10680.00000000	2.7178		2.83649  0.2  0.2		4.1705503158		-1.0
	10710.00000000	2.80391		2.77882  0.2  0.2		4.1705503158		-1.0
	10740.00000000	2.65632		3.08291  0.2  0.2		4.1705503158		-1.0
	10770.00000000	3.38913		-3.02607  0.2  0.2		4.1705503158		-1.0
	10800.00000000	2.60446		-3.09176  0.2  0.2		4.1705503158		-1.0
	10830.00000001	3.25571		-3.09243  0.2  0.2		4.1705503158		-1.0
	10860.00000001	3.09308		-3.0474  0.2  0.2		4.1705503158		-1.0
	10890.00000001	3.30646		3.1143  0.2  0.2		4.1705503158		-1.0
	10920.00000001	3.06986		-3.06219  0.2  0.2		4.1705503158		-1.0
	10950.00000001	3.11751		-3.0997  0.2  0.2		4.1705503158		-1.0
	10980.00000001	3.55062		2.97532  0.2  0.2		4.1705503158		-1.0
	11010.00000001	3.23511		2.93974  0.2  0.2		4.1705503158		-1.0
	11040.00000001	3.6614		3.07668  0.2  0.2		4.1705503158		-1.0
	11070.00000001	3.23786		2.96762  0.2  0.2		4.1705503158		-1.0
	11100.00000001	3.5229		2.77383  0.2  0.2		4.1705503158		-1.0
	11130.00000001	3.33832		2.89279  0.2  0.2		4.1705503158		-1.0
	11160.00000001	3.70048		2.99274  0.2  0.2		4.1705503158		-1.0
	11190.00000001	3.23497		3.03388  0.2  0.2		4.1705503158		-1.0
	11220.00000001	2.90159		2.99148  0.2  0.2		4.1705503158		-1.0
	11250.00000001	3.8807		2.82553  0.2  0.2		4.1705503158		-1.0
	11280.00000001	3.24717		2.54201  0.2  0.2		4.1705503158		-1.0
	11310.00000001	3.34386		2.18706  0.2  0.2		4.1705503158		-1.0
	11340.00000001	2.96993		1.98741  0.2  0.2		4.1705503158		-1.0
	11370.00000001	3.3598		1.768  0.2  0.2		4.1705503158		-1.0
	11400.00000001	3.54335		1.67174  0.2  0.2		4.1705503158		-1.0
	11430.00000001	3.124		1.63476  0.2  0.2		4.1705503158		-1.0
	11460.00000001	3.07837		1.99131  0.2  0.2		4.1705503158		-1.0
	11490.00000001	3.2625		2.31577  0.2  0.2		4.1705503158		-1.0
	11520.00000001	3.3649		2.31876  0.2  0.2		4.1705503158		-1.0
	11550.00000001	2.60934		2.15004  0.2  0.2		4.1705503158		-1.0
	11580.00000001	3.63299		1.91545  0.2  0.2		4.1705503158		-1.0
	11610.00000001	2.56448		1.53216  0.2  0.2		4.1705503158		-1.0
	11640.00000001	3.61311		1.35776  0.2  0.2		4.1705503158		-1.0
	11670.00000001	2.96962		1.42681  0.2  0.2		4.1705503158		-1.0
	11700.00000001	2.92875		1.64121  0.2  0.2		4.1705503158		-1.0
	11730.00000001	2.98857		1.73094  0.2  0.2		4.1705503158		-1.0
	11760.00000001	3.7316		1.80798  0.2  0.2		4.1705503158		-1.0
	11790.00000001	3.05885		2.0884  0.2  0.2		4.1705503158		-1.0
	11820.00000001	3.47276		2.23633  0.2  0.2		4.1705503158		-1.0
	11850.00000001	3.30172		2.04002  0.2  0.2		4.1705503158		-1.0
	11880.00000001	3.38463		1.6725  0.2  0.2		4.1705503158		-1.0
	11910.00000001	2.58918		1.15821  0.2  0.2		4.1705503158		-1.0
	11940.00000001	2.92321		1.34739  0.2  0.2		4.1705503158		-1.0
	11970.00000001	2.81194		1.63682  0.2  0.2		4.1705503158		-1.0
	12000.00000001	2.61279		1.91641  0.2  0.2		4.1705503158		-1.0
	12030.00000001	2.67635		1.75418  0.2  0.2		4.1705503158		-1.0
	12060.00000001	2.77785		1.29152  0.2  0.2		4.1705503158		-1.0
	12090.00000001	2.98631		0.96762  0.2  0.2		4.1705503158		-1.0
	12120.00000001	3.76984		0.70791  0.2  0.2		4.1705503158		-1.0
	12150.00000001	3.27604		0.32775  0.2  0.2		4.1705503158		-1.0
	12180.00000001	2.98928		-0.05845  0.2  0.2		4.1705503158		-1.0
	12210.00000001	3.11366		-0.59547  0.2  0.2		4.1705503158		-1.0
	12240.00000001	3.17756		-0.83884  0.2  0.2		4.1705503158		-1.0
	12270.00000001	2.69363		-1.26263  0.2  0.2		4.1705503158		-1.0
	12300.00000001	3.00114		-1.55576  0.2  0.2		4.1705503158		-1.0
	12330.00000001	3.46225		-1.92734  0.2  0.2		4.1705503158		-1.0
	12360.00000001	3.26094		-2.06885  0.2  0.2		4.1705503158		-1.0
	12390.00000001	3.37386		-1.79577  0.2  0.2		4.1705503158		-1.0
	12420.00000001	3.49843		-1.43867  0.2  0.2		4.1705503158		-1.0
	12450.00000001	3.24531		-1.5867  0.2  0.2		4.1705503158		-1.0
	12480.00000001	3.36091		-1.64645  0.2  0.2		4.1705503158		-1.0
	12510.00000001	3.4194		-1.55713  0.2  0.2		4.1705503158		-1.0
	12540.00000001	3.39652		-1.34784  0.2  0.2		4.1705503158		-1.0
	12570.00000001	3.60617		-1.619  0.2  0.2		4.1705503158		-1.0
	12600.00000001	3.24341		-1.93481  0.2  0.2		4.1705503158		-1.0
	12630.00000001	2.67082		-2.11515  0.2  0.2		4.1705503158		-1.0
	12660.00000001	3.78597		-2.26635  0.2  0.2		4.1705503158		-1.0
	12690.00000001	3.04305		-2.42842  0.2  0.2		4.1705503158		-1.0
	12720.00000001	3.44307		-2.49355  0.2  0.2		4.1705503158		-1.0
	12750.00000001	3.36342		-2.41883  0.2  0.2		4.1705503158		-1.0
	12780.00000001	3.23497		-2.16563  0.2  0.2		4.1705503158		-1.0
	12810.00000001	3.26845		-2.43434  0.2  0.2		4.1705503158		-1.0
	12840.00000001	3.35375		-2.79051  0.2  0.2		4.1705503158		-1.0
	12870.00000001	3.35924		-2.72699  0.2  0.2		4.1705503158		-1.0
	12900.00000001	3.56621		-2.91896  0.2  0.2		4.1705503158		-1.0
	12930.00000001	3.55425		-3.03014  0.2  0.2		4.1705503158		-1.0
	12960.00000001	3.1259		-3.10102  0.2  0.2		4.1705503158		-1.0
	12990.00000001	2.83073		-3.12588  0.2  0.2		4.1705503158		-1.0
	13020.00000001	2.78667		-2.73396  0.2  0.2		4.1705503158		-1.0
	13050.00000001	2.78051		-2.59745  0.2  0.2		4.1705503158		-1.0
	13080.00000001	2.83841		-2.46705  0.2  0.2		4.1705503158		-1.0
	13110.00000001	2.77639		-2.50896  0.2  0.2		4.1705503158		-1.0
	13140.00000001	2.79874		-2.6382  0.2  0.2		4.1705503158		-1.0
	13170.00000001	2.72187		-2.53695  0.2  0.2		4.1705503158		-1.0
	13200.00000001	2.71453		-1.83654  0.2  0.2		4.1705503158		-1.0
	13230.00000001	2.78736		-1.72371  0.2  0.2		4.1705503158		-1.0
	13260.00000001	2.71184		-1.99845  0.2  0.2		4.1705503158		-1.0
	13290.00000001	2.72719		-2.31486  0.2  0.2		4.1705503158		-1.0
	13320.00000001	2.73056		-2.48305  0.2  0.2		4.1705503158		-1.0
	13350.00000001	2.77056		-2.8157  0.2  0.2		4.1705503158		-1.0
	13380.00000001	2.72682		-2.89769  0.2  0.2		4.1705503158		-1.0
	13410.00000001	2.80804		-2.64706  0.2  0.2		4.1705503158		-1.0
	13440.00000001	2.76552		-2.33407  0.2  0.2		4.1705503158		-1.0
	13470.00000001	2.91781		-2.06502  0.2  0.2		4.1705503158		-1.0
	13500.00000001	2.93722		-1.88118  0.2  0.2		4.1705503158		-1.0
	13530.00000001	2.89911		-1.88841  0.2  0.2		4.1705503158		-1.0
	13560.00000001	2.81865		-1.97572  0.2  0.2		4.1705503158		-1.0
	13590.00000001	2.7216		-1.7992  0.2  0.2		4.1705503158		-1.0
	13620.00000001	3.07077		-1.19548  0.2  0.2		4.1705503158		-1.0
	13650.00000001	3.3344		-1.08475  0.2  0.2		4.1705503158		-1.0
	13680.00000001	3.17464		-1.03334  0.2  0.2		4.1705503158		-1.0
	13710.00000001	2.94088		-0.99928  0.2  0.2		4.1705503158		-1.0
	13740.00000001	2.93914		-0.81562  0.2  0.2		4.1705503158		-1.0
	13770.00000001	2.99071		-0.657  0.2  0.2		4.1705503158		-1.0
	13800.00000001	3.50266		-0.60931  0.2  0.2		4.1705503158		-1.0
	13830.00000001	2.688		-0.34188  0.2  0.2		4.1705503158		-1.0
	13860.00000001	3.12075		-0.17616  0.2  0.2		4.1705503158		-1.0
	13890.00000001	3.41344		-0.2001  0.2  0.2		4.1705503158		-1.0
	13920.00000001	2.64136		-0.24394  0.2  0.2		4.1705503158		-1.0
	13950.00000001	3.69295		-0.32019  0.2  0.2		4.1705503158		-1.0
	13980.00000001	2.95188		-0.5099  0.2  0.2		4.1705503158		-1.0
	14010.00000001	2.88055		-0.94358  0.2  0.2		4.1705503158		-1.0
	14040.00000001	2.62843		-0.88302  0.2  0.2		4.1705503158		-1.0
	14070.00000001	2.63362		-0.7995  0.2  0.2		4.1705503158		-1.0
	14100.00000001	3.31051		-0.92036  0.2  0.2		4.1705503158		-1.0
	14130.00000001	3.59446		-1.06862  0.2  0.2		4.1705503158		-1.0
	14160.00000001	3.1006		-1.42411  0.2  0.2		4.1705503158		-1.0
	14190.00000001	3.43483		-1.36625  0.2  0.2		4.1705503158		-1.0
	14220.00000001	3.50133		-0.91112  0.2  0.2		4.1705503158		-1.0
	14250.00000000	3.56845		-0.91457  0.2  0.2		4.1705503158		-1.0
	14280.00000000	3.0067		-1.21661  0.2  0.2		4.1705503158		-1.0
	14310.00000000	2.81546		-1.32605  0.2  0.2		4.1705503158		-1.0
	14340.00000000	2.98462		-1.24575  0.2  0.2		4.1705503158		-1.0
	14370.00000000	3.9704		-0.97874  0.2  0.2		4.1705503158		-1.0
	14400.00000000	3.22769		-0.90524  0.2  0.2		4.1705503158		-1.0
	14430.00000000	3.6309		-0.86504  0.2  0.2		4.1705503158		-1.0
	14460.00000000	3.33777		-0.63595  0.2  0.2		4.1705503158		-1.0
	14490.00000000	3.04987		-0.00695  0.2  0.2		4.1705503158		-1.0
	14520.00000000	2.9388		0.29151  0.2  0.2		4.1705503158		-1.0
	14550.00000000	2.79121		0.07535  0.2  0.2		4.1705503158		-1.0
	14580.00000000	2.73641		0.04166  0.2  0.2		4.1705503158		-1.0
	14610.00000000	2.64734		0.19006  0.2  0.2		4.1705503158		-1.0
	14640.00000000	3.1111		0.32138  0.2  0.2		4.1705503158		-1.0
	14670.00000000	3.3945		0.07589  0.2  0.2		4.1705503158		-1.0
	14700.00000000	3.23215		-0.22396  0.2  0.2		4.1705503158		-1.0
	14730.00000000	3.45997		-0.33054  0.2  0.2		4.1705503158		-1.0
	14760.00000000	3.29526		-0.16706  0.2  0.2		4.1705503158		-1.0
	14790.00000000	3.12621		0.03262  0.2  0.2		4.1705503158		-1.0
	14820.00000000	3.7295		-0.01046  0.2  0.2		4.1705503158		-1.0
	14850.00000000	3.35723		-0.26662  0.2  0.2		4.1705503158		-1.0
	14880.00000000	3.28384		-0.73667  0.2  0.2		4.1705503158		-1.0
	14910.00000000	3.21632		-0.92806  0.2  0.2		4.1705503158		-1.0
	14940.00000000	3.39837		-0.53609  0.2  0.2		4.1705503158		-1.0
	14970.00000000	3.6087		-0.12822  0.2  0.2		4.1705503158		-1.0
	15000.00000000	3.19734		-0.18311  0.2  0.2		4.1705503158		-1.0
	15030.00000000	3.04439		-0.37995  0.2  0.2		4.1705503158		-1.0
	15060.00000000	2.89239		-0.32923  0.2  0.2		4.1705503158		-1.0
	15090.00000000	2.91093		-0.0382  0.2  0.2		4.1705503158		-1.0
	15120.00000000	2.99263		0.05115  0.2  0.2		4.1705503158		-1.0
	15150.00000000	3.37063		0.35201  0.2  0.2		4.1705503158		-1.0
	15180.00000000	3.42663		0.76037  0.2  0.2		4.1705503158		-1.0
	15210.00000000	3.54601		1.11222  0.2  0.2		4.1705503158		-1.0
	15240.00000000	2.50119		1.16259  0.2  0.2		4.1705503158		-1.0
	15270.00000000	3.02762		0.65862  0.2  0.2		4.1705503158		-1.0
	15300.00000000	2.95589		0.11044  0.2  0.2		4.1705503158		-1.0
	15330.00000000	3.81175		-0.19763  0.2  0.2		4.1705503158		-1.0
	15360.00000000	3.35911		-0.53326  0.2  0.2		4.1705503158		-1.0
	15390.00000000	3.33413		-0.7064  0.2  0.2		4.1705503158		-1.0
	15420.00000000	3.89524		-0.69754  0.2  0.2		4.1705503158		-1.0
	15450.00000000	3.01771		-0.57759  0.2  0.2		4.1705503158		-1.0
	15480.00000000	2.79422		-0.55117  0.2  0.2		4.1705503158		-1.0
	15510.00000000	2.505		-0.80246  0.2  0.2		4.1705503158		-1.0
	15540.00000000	2.61843		-0.6564  0.2  0.2		4.1705503158		-1.0
	15570.00000000	3.3889		-0.41144  0.2  0.2		4.1705503158		-1.0
	15600.00000000	3.67083		-0.55831  0.2  0.2		4.1705503158		-1.0
	15630.00000000	3.34966		-0.88871  0.2  0.2		4.1705503158		-1.0
	15660.00000000	3.85164		-0.89791  0.2  0.2		4.1705503158		-1.0
	15690.00000000	3.23935		-1.26945  0.2  0.2		4.1705503158		-1.0
	15720.00000000	3.68601		-1.462  0.2  0.2		4.1705503158		-1.0
	15750.00000000	3.49898		-1.34635  0.2  0.2		4.1705503158		-1.0
	15780.00000000	3.82552		-1.35907  0.2  0.2		4.1705503158		-1.0
	15810.00000000	3.20366		-1.67344  0.2  0.2		4.1705503158		-1.0
	15840.00000000	3.65378		-2.06059  0.2  0.2		4.1705503158		-1.0
	15870.00000000	3.36038		-2.10169  0.2  0.2		4.1705503158		-1.0
	15900.00000000	3.38675		-1.89228  0.2  0.2		4.1705503158		-1.0
	15930.00000000	3.50167		-2.03807  0.2  0.2		4.1705503158		-1.0
	15960.00000000	3.40828		-2.06453  0.2  0.2		4.1705503158		-1.0
	15990.00000000	3.55893		-2.16148  0.2  0.2		4.1705503158		-1.0
	16020.00000000	3.19354		-2.48154  0.2  0.2		4.1705503158		-1.0
	16050.00000000	3.59892		-2.47617  0.2  0.2		4.1705503158		-1.0
	16080.00000000	3.37628		-2.23653  0.2  0.2		4.1705503158		-1.0
	16110.00000000	3.39242		-2.19861  0.2  0.2		4.1705503158		-1.0
	16140.00000000	3.60326		-2.30351  0.2  0.2		4.1705503158		-1.0
	16170.00000000	3.12196		-2.5841  0.2  0.2		4.1705503158		-1.0
	16200.00000000	3.61622		-2.50283  0.2  0.2		4.1705503158		-1.0
	16230.00000000	2.90787		-2.37167  0.2  0.2		4.1705503158		-1.0
	16260.00000000	2.98817		-2.31417  0.2  0.2		4.1705503158		-1.0
	16290.00000000	3.32015		-2.27544  0.2  0.2		4.1705503158		-1.0
	16320.00000000	2.81154		-2.82252  0.2  0.2		4.1705503158		-1.0
	16350.00000000	2.77065		2.97094  0.2  0.2		4.1705503158		-1.0
	16380.00000000	2.60154		2.8944  0.2  0.2		4.1705503158		-1.0
	16410.00000000	2.84474		3.12  0.2  0.2		4.1705503158		-1.0
	16440.00000000	2.73585		-3.03288  0.2  0.2		4.1705503158		-1.0
	16470.00000000	2.70569		3.12588  0.2  0.2		4.1705503158		-1.0
	16500.00000000	2.66534		3.05092  0.2  0.2		4.1705503158		-1.0
	16530.00000000	2.5818		2.79745  0.2  0.2		4.1705503158		-1.0
	16560.00000000	2.6346		2.50674  0.2  0.2		4.1705503158		-1.0
	16590.00000000	2.79972		2.22661  0.2  0.2		4.1705503158		-1.0
	16620.00000000	3.49022		2.34853  0.2  0.2		4.1705503158		-1.0
	16650.00000000	3.31169		2.42256  0.2  0.2		4.1705503158		-1.0
	16680.00000000	2.88495		2.68039  0.2  0.2		4.1705503158		-1.0
	16710.00000000	3.50183		2.75726  0.2  0.2		4.1705503158		-1.0
	16740.00000000	2.76179		2.46938  0.2  0.2		4.1705503158		-1.0
	16770.00000000	3.12954		1.89319  0.2  0.2		4.1705503158		-1.0
	16800.00000000	3.4364		1.85791  0.2  0.2		4.1705503158		-1.0
	16830.00000000	3.71632		2.00075  0.2  0.2		4.1705503158		-1.0
	16860.00000000	3.59999		1.98608  0.2  0.2		4.1705503158		-1.0
	16890.00000000	2.65127		2.25767  0.2  0.2		4.1705503158		-1.0
	16920.00000000	3.29358		2.34549  0.2  0.2		4.1705503158		-1.0
	16950.00000000	4.15186		2.20535  0.2  0.2		4.1705503158		-1.0
	16980.00000000	3.10423		2.10082  0.2  0.2		4.1705503158		-1.0
	17010.00000000	2.83645		1.83539  0.2  0.2		4.1705503158		-1.0
	17040.00000000	2.65087		2.06331  0.2  0.2		4.1705503158		-1.0
	17070.00000000	3.20269		2.37511  0.2  0.2		4.1705503158		-1.0
	17100.00000000	2.62238		2.4266  0.2  0.2		4.1705503158		-1.0
	17130.00000000	3.33765		2.67881  0.2  0.2		4.1705503158		-1.0
	17160.00000000	4.18557		2.73994  0.2  0.2		4.1705503158		-1.0
	17190.00000000	2.99824		2.83472  0.2  0.2		4.1705503158		-1.0
	17220.00000000	2.56884		2.65231  0.2  0.2		4.1705503158		-1.0
	17250.00000000	2.55642		2.78652  0.2  0.2		4.1705503158		-1.0
	17280.00000000	2.57861		-3.10393  0.2  0.2		4.1705503158		-1.0
	17310.00000000	2.54271		-2.89727  0.2  0.2		4.1705503158		-1.0
	17340.00000000	2.64848		-2.52691  0.2  0.2		4.1705503158		-1.0
	17370.00000000	2.62741		-2.64344  0.2  0.2		4.1705503158		-1.0
	17400.00000000	2.66991		-2.91097  0.2  0.2		4.1705503158		-1.0
	17430.00000000	2.68075		-2.92804  0.2  0.2		4.1705503158		-1.0
	17000.00000000	2.65202		1.99013  0.2  0.2		4.1705503158		-1.0
	17030.00000000	2.66627		2.12559  0.2  0.2		4.1705503158		-1.0
	17060.00000000	3.13218		2.34411  0.2  0.2		4.1705503158		-1.0
	17090.00000000	2.76666		2.32786  0.2  0.2		4.1705503158		-1.0
	17120.00000000	2.94424		2.56957  0.2  0.2		4.1705503158		-1.0
	17150.00000000	4.20702		2.70818  0.2  0.2		4.1705503158		-1.0
	17180.00000000	3.43571		2.77965  0.2  0.2		4.1705503158		-1.0
	17210.00000000	2.73355		2.58225  0.2  0.2		4.1705503158		-1.0
	17240.00000000	2.72359		2.73953  0.2  0.2		4.1705503158		-1.0
	17270.00000000	2.71377		3.10829  0.2  0.2		4.1705503158		-1.0
	17300.00000000	2.70142		-3.02018  0.2  0.2		4.1705503158		-1.0
	17330.00000000	2.62712		-2.59337  0.2  0.2		4.1705503158		-1.0
	17360.00000000	2.66654		-2.36599  0.2  0.2		4.1705503158		-1.0
	17390.00000000	2.57666		-2.817  0.2  0.2		4.1705503158		-1.0
	17420.00000000	2.57613		-3.02391  0.2  0.2		4.1705503158		-1.0
	17450.00000000	2.67404		-2.96133  0.2  0.2		4.1705503158		-1.0
	17480.00000000	2.71222		-2.63515  0.2  0.2		4.1705503158		-1.0
	17510.00000000	2.71763		-2.27741  0.2  0.2		4.1705503158		-1.0
	17540.00000000	2.63867		-1.9823  0.2  0.2		4.1705503158		-1.0
	17570.00000000	2.88439		-1.93182  0.2  0.2		4.1705503158		-1.0
	17600.00000000	2.72129		-1.742  0.2  0.2		4.1705503158		-1.0
	17630.00000000	2.91264		-1.45685  0.2  0.2		4.1705503158		-1.0
	17660.00000000	2.9674		-1.32109  0.2  0.2		4.1705503158		-1.0
	17690.00000000	2.69661		-1.48451  0.2  0.2		4.1705503158		-1.0
	17720.00000000	2.64978		-1.69045  0.2  0.2		4.1705503158		-1.0
	17750.00000000	2.64266		-1.24551  0.2  0.2		4.1705503158		-1.0
	17780.00000000	2.74543		-1.16659  0.2  0.2		4.1705503158		-1.0
	17810.00000000	2.77857		-0.92198  0.2  0.2		4.1705503158		-1.0
	17840.00000000	2.6593		-0.58338  0.2  0.2		4.1705503158		-1.0
	17870.00000000	2.59253		-0.37509  0.2  0.2		4.1705503158		-1.0
	17900.00000000	2.63311		-0.3283  0.2  0.2		4.1705503158		-1.0
	17930.00000000	2.7154		-0.23422  0.2  0.2		4.1705503158		-1.0
	17960.00000000	2.76		0.01111  0.2  0.2		4.1705503158		-1.0
	17990.00000000	2.69629		0.53681  0.2  0.2		4.1705503158		-1.0
	18020.00000000	2.77966		1.03787  0.2  0.2		4.1705503158		-1.0
	18050.00000000	2.73994		1.06408  0.2  0.2		4.1705503158		-1.0
	18080.00000000	2.70783		0.80246  0.2  0.2		4.1705503158		-1.0
	18110.00000000	3.1921		0.72989  0.2  0.2		4.1705503158		-1.0
	18140.00000000	3.52478		0.85505  0.2  0.2		4.1705503158		-1.0
	18170.00000000	2.72601		0.95908  0.2  0.2		4.1705503158		-1.0
	18200.00000000	2.79108		1.45583  0.2  0.2		4.1705503158		-1.0
	18230.00000000	2.7422		1.45478  0.2  0.2		4.1705503158		-1.0
	18260.00000000	2.75357		1.26303  0.2  0.2		4.1705503158		-1.0
	18290.00000000	3.2608		1.03276  0.2  0.2		4.1705503158		-1.0
	18320.00000000	3.22808		0.80235  0.2  0.2		4.1705503158		-1.0
	18350.00000000	2.65516		0.58313  0.2  0.2		4.1705503158		-1.0
	18380.00000000	2.70391		0.7066  0.2  0.2		4.1705503158		-1.0
	18410.00000000	2.7537		0.86071  0.2  0.2		4.1705503158		-1.0
	18440.00000000	2.62112		0.72201  0.2  0.2		4.1705503158		-1.0
	18470.00000000	3.13457		0.74904  0.2  0.2		4.1705503158		-1.0
	18500.00000000	3.96461		0.70724  0.2  0.2		4.1705503158		-1.0
	18530.00000000	2.66578		0.81723  0.2  0.2		4.1705503158		-1.0
	18560.00000000	3.15687		1.14803  0.2  0.2		4.1705503158		-1.0
	18590.00000000	3.69893		1.40657  0.2  0.2		4.1705503158		-1.0
	18620.00000000	3.18143		1.28952  0.2  0.2		4.1705503158		-1.0
	18650.00000000	3.90848		1.2664  0.2  0.2		4.1705503158		-1.0
	18680.00000000	3.40491		1.53485  0.2  0.2		4.1705503158		-1.0
	18710.00000000	3.24531		1.47232  0.2  0.2		4.1705503158		-1.0
	18740.00000000	3.4299		1.19153  0.2  0.2		4.1705503158		-1.0
	18770.00000000	3.84511		1.32065  0.2  0.2		4.1705503158		-1.0
	18800.00000000	3.68274		1.02049  0.2  0.2		4.1705503158		-1.0
	18830.00000000	3.56147		1.17118  0.2  0.2		4.1705503158		-1.0
	18860.00000000	3.40962		1.43571  0.2  0.2		4.1705503158		-1.0
	18890.00000000	3.18831		1.41124  0.2  0.2		4.1705503158		-1.0
	18920.00000000	4.04171		1.52355  0.2  0.2		4.1705503158		-1.0
	18950.00000000	3.34246		1.57089  0.2  0.2		4.1705503158		-1.0
	18980.00000000	2.94114		1.35609  0.2  0.2		4.1705503158		-1.0
	19010.00000000	2.98373		1.41606  0.2  0.2		4.1705503158		-1.0
	19040.00000000	2.60139		1.41296  0.2  0.2		4.1705503158		-1.0
	19070.00000000	3.69359		1.78612  0.2  0.2		4.1705503158		-1.0
	19100.00000000	3.38481		1.92642  0.2  0.2		4.1705503158		-1.0
	19130.00000000	2.97752		2.25362  0.2  0.2		4.1705503158		-1.0
	19160.00000000	3.29091		2.71242  0.2  0.2		4.1705503158		-1.0
	19190.00000000	3.63933		2.53192  0.2  0.2		4.1705503158		-1.0
	19220.00000000	3.78031		2.31138  0.2  0.2		4.1705503158		-1.0
	19250.00000000	3.16603		2.23565  0.2  0.2		4.1705503158		-1.0
	19280.00000000	3.10097		2.28817  0.2  0.2		4.1705503158		-1.0
	19310.00000000	2.48072		2.19928  0.2  0.2		4.1705503158		-1.0
	19340.00000000	3.0703		2.23788  0.2  0.2		4.1705503158		-1.0
	19370.00000000	3.82858		2.41268  0.2  0.2		4.1705503158		-1.0
	19400.00000000	3.06677		2.58877  0.2  0.2		4.1705503158		-1.0
	19430.00000000	2.62656		2.60885  0.2  0.2		4.1705503158		-1.0
	19460.00000000	2.621		2.47026  0.2  0.2		4.1705503158		-1.0
	19490.00000000	2.61969		2.4261  0.2  0.2		4.1705503158		-1.0
	19520.00000000	2.64301		2.60955  0.2  0.2		4.1705503158		-1.0
	19550.00000000	3.49343		-3.00735  0.2  0.2		4.1705503158		-1.0
	19580.00000000	3.11373		-2.49078  0.2  0.2		4.1705503158		-1.0
	19610.00000000	3.27015		-2.63968  0.2  0.2		4.1705503158		-1.0
	19640.00000000	3.4757		-2.71789  0.2  0.2		4.1705503158		-1.0
	19670.00000000	2.91609		-2.95562  0.2  0.2		4.1705503158		-1.0
	19700.00000000	3.3465		-2.92838  0.2  0.2		4.1705503158		-1.0
	19730.00000000	3.38479		-2.68637  0.2  0.2		4.1705503158		-1.0
	19760.00000000	3.26951		-2.75661  0.2  0.2		4.1705503158		-1.0
	19790.00000000	3.2081		-2.53659  0.2  0.2		4.1705503158		-1.0
	19820.00000000	3.78529		-2.56983  0.2  0.2		4.1705503158		-1.0
	19850.00000000	3.16102		-2.77556  0.2  0.2		4.1705503158		-1.0
	19880.00000000	3.6111		-3.08068  0.2  0.2		4.1705503158		-1.0
	19910.00000000	3.15204		2.97609  0.2  0.2		4.1705503158		-1.0
	19940.00000000	3.40865		2.76716  0.2  0.2		4.1705503158		-1.0
	19970.00000000	3.20372		2.88054  0.2  0.2		4.1705503158		-1.0
	20000.00000000	3.74807		2.86874  0.2  0.2		4.1705503158		-1.0
	20030.00000000	3.66267		2.85531  0.2  0.2		4.1705503158		-1.0
	20060.00000000	3.72296		2.3829  0.2  0.2		4.1705503158		-1.0
	20090.00000000	3.49494		2.18162  0.2  0.2		4.1705503158		-1.0
	20120.00000000	3.57487		2.33992  0.2  0.2		4.1705503158		-1.0
	20150.00000000	3.68676		2.4462  0.2  0.2		4.1705503158		-1.0
	20180.00000000	3.07951		2.72904  0.2  0.2		4.1705503158		-1.0
	20210.00000000	3.54274		-3.13422  0.2  0.2		4.1705503158		-1.0
	20240.00000000	3.62159		2.95075  0.2  0.2		4.1705503158		-1.0
	20270.00000000	3.39026		3.08383  0.2  0.2		4.1705503158		-1.0
	20300.00000000	2.64624		-3.0943  0.2  0.2		4.1705503158		-1.0
	20330.00000000	3.47592		3.04846  0.2  0.2		4.1705503158		-1.0
	20360.00000000	3.0541		-2.96875  0.2  0.2		4.1705503158		-1.0
	20390.00000000	3.94592		-2.71155  0.2  0.2		4.1705503158		-1.0
	20420.00000000	3.61299		-2.915  0.2  0.2		4.1705503158		-1.0
	20450.00000000	3.07635		3.06248  0.2  0.2		4.1705503158		-1.0
	20480.00000000	3.53144		3.01399  0.2  0.2		4.1705503158		-1.0
	20510.00000000	3.7165		3.0771  0.2  0.2		4.1705503158		-1.0
	20540.00000000	3.46763		2.93735  0.2  0.2		4.1705503158		-1.0
	20570.00000000	2.93053		3.06648  0.2  0.2		4.1705503158		-1.0
	20600.00000000	2.80855		3.08147  0.2  0.2		4.1705503158		-1.0
	20630.00000000	2.68887		-3.09179  0.2  0.2		4.1705503158		-1.0
	20660.00000000	2.67122		-3.04558  0.2  0.2		4.1705503158		-1.0
	20690.00000000	2.75937		3.09671  0.2  0.2		4.1705503158		-1.0
	20720.00000000	2.86714		2.99159  0.2  0.2		4.1705503158		-1.0
	20749.99999999	3.88258		2.69147  0.2  0.2		4.1705503158		-1.0
	20779.99999999	4.06759		2.66613  0.2  0.2		4.1705503158		-1.0
	20809.99999999	3.55564		2.86152  0.2  0.2		4.1705503158		-1.0
	20839.99999999	2.97459		2.92497  0.2  0.2		4.1705503158		-1.0
	20869.99999999	3.98624		3.12838  0.2  0.2		4.1705503158		-1.0
	20899.99999999	3.61563		-2.92875  0.2  0.2		4.1705503158		-1.0
	20929.99999999	3.43677		-2.71738  0.2  0.2		4.1705503158		-1.0
	20959.99999999	2.77098		-2.47579  0.2  0.2		4.1705503158		-1.0
	20989.99999999	3.02808		-2.35459  0.2  0.2		4.1705503158		-1.0
	21019.99999999	2.94804		-1.87307  0.2  0.2		4.1705503158		-1.0
	21049.99999999	2.75769		-1.53872  0.2  0.2		4.1705503158		-1.0
	21079.99999999	2.57743		-1.56666  0.2  0.2		4.1705503158		-1.0
	21109.99999999	2.72416		-2.11994  0.2  0.2		4.1705503158		-1.0
	21139.99999999	2.76076		-2.41531  0.2  0.2		4.1705503158		-1.0
	21169.99999999	2.72997		-2.12602  0.2  0.2		4.1705503158		-1.0
	21199.99999999	2.71974		-2.03262  0.2  0.2		4.1705503158		-1.0
	21229.99999999	2.65935		-2.07657  0.2  0.2		4.1705503158		-1.0
	21259.99999999	2.60715		-2.24706  0.2  0.2		4.1705503158		-1.0
	21289.99999999	2.73476		-2.16529  0.2  0.2		4.1705503158		-1.0
	21319.99999999	2.70231		-2.04734  0.2  0.2		4.1705503158		-1.0
	21349.99999999	2.69466		-1.90714  0.2  0.2		4.1705503158		-1.0
	21379.99999999	2.63502		-1.77267  0.2  0.2		4.1705503158		-1.0
	21409.99999999	2.7619		-1.38917  0.2  0.2		4.1705503158		-1.0
	21439.99999999	2.83658		-0.82439  0.2  0.2		4.1705503158		-1.0
	21469.99999999	2.73085		-0.53258  0.2  0.2		4.1705503158		-1.0
	21499.99999999	2.76183		-0.48216  0.2  0.2		4.1705503158		-1.0
	21529.99999999	2.82325		-0.32304  0.2  0.2		4.1705503158		-1.0
	21559.99999999	2.64964		-0.05367  0.2  0.2		4.1705503158		-1.0
	21589.99999999	2.76698		0.20678  0.2  0.2		4.1705503158		-1.0
	21619.99999999	2.9555		0.44444  0.2  0.2		4.1705503158		-1.0
	21649.99999999	3.83341		0.3266  0.2  0.2		4.1705503158		-1.0
	21679.99999999	3.24593		0.28456  0.2  0.2		4.1705503158		-1.0
	21709.99999999	3.64404		0.27341  0.2  0.2		4.1705503158		-1.0
	21739.99999999	3.73704		0.50756  0.2  0.2		4.1705503158		-1.0
	21769.99999999	3.46447		0.08777  0.2  0.2		4.1705503158		-1.0
	21799.99999999	3.04859		-0.4808  0.2  0.2		4.1705503158		-1.0
	21829.99999999	3.56641		-0.53917  0.2  0.2		4.1705503158		-1.0
	21859.99999999	3.66833		-0.47091  0.2  0.2		4.1705503158		-1.0
	21889.99999999	3.24994		-0.35456  0.2  0.2		4.1705503158		-1.0
	21919.99999999	3.45125		-0.39699  0.2  0.2		4.1705503158		-1.0
	21949.99999999	4.16913		-0.75193  0.2  0.2		4.1705503158		-1.0
	21979.99999999	3.78776		-0.65676  0.2  0.2		4.1705503158		-1.0
	22009.99999999	3.61323		-1.03692  0.2  0.2		4.1705503158		-1.0
	22039.99999999	3.31315		-1.54649  0.2  0.2		4.1705503158		-1.0
	22069.99999999	3.43461		-1.61895  0.2  0.2		4.1705503158		-1.0
	22099.99999999	3.88073		-1.41786  0.2  0.2		4.1705503158		-1.0
	22129.99999999	2.69373		-0.97264  0.2  0.2		4.1705503158		-1.0
	22159.99999999	3.39889		-0.88429  0.2  0.2		4.1705503158		-1.0
	22189.99999999	3.52055		-1.25989  0.2  0.2		4.1705503158		-1.0
	22219.99999999	3.42923		-1.57489  0.2  0.2		4.1705503158		-1.0
	22249.99999999	4.09571		-1.4184  0.2  0.2		4.1705503158		-1.0
	22279.99999999	3.28983		-1.414  0.2  0.2		4.1705503158		-1.0
	22309.99999999	3.38406		-1.3905  0.2  0.2		4.1705503158		-1.0
	22339.99999999	3.71272		-1.95167  0.2  0.2		4.1705503158		-1.0
	22369.99999999	3.65496		-2.17539  0.2  0.2		4.1705503158		-1.0
	22399.99999999	4.11488		-1.96634  0.2  0.2		4.1705503158		-1.0
	22429.99999999	3.71156		-2.29132  0.2  0.2		4.1705503158		-1.0
	22459.99999999	3.01248		-2.4588  0.2  0.2		4.1705503158		-1.0
	22489.99999999	3.92749		-2.4463  0.2  0.2		4.1705503158		-1.0
	22519.99999999	4.69022		-2.51365  0.2  0.2		4.1705503158		-1.0
	22549.99999999	4.46553		-2.5425  0.2  0.2		4.1705503158		-1.0
	22579.99999999	3.34041		-2.56396  0.2  0.2		4.1705503158		-1.0
	22609.99999999	3.83879		-2.95742  0.2  0.2		4.1705503158		-1.0
	22639.99999999	3.84643		-2.8713  0.2  0.2		4.1705503158		-1.0
	22669.99999999	3.76532		-2.82924  0.2  0.2		4.1705503158		-1.0
	22699.99999999	3.66547		-2.53372  0.2  0.2		4.1705503158		-1.0
	22729.99999999	3.94904		-2.21443  0.2  0.2		4.1705503158		-1.0
	22759.99999999	3.88627		-2.39298  0.2  0.2		4.1705503158		-1.0
	22789.99999999	2.58588		-2.71523  0.2  0.2		4.1705503158		-1.0
	22819.99999999	3.35432		-2.8542  0.2  0.2		4.1705503158		-1.0
	22849.99999999	3.87949		-2.76823  0.2  0.2		4.1705503158		-1.0
	22879.99999999	3.88011		-2.38802  0.2  0.2		4.1705503158		-1.0
	22909.99999999	3.70156		-2.54387  0.2  0.2		4.1705503158		-1.0
	22939.99999999	3.89386		-2.28574  0.2  0.2		4.1705503158		-1.0
	22969.99999999	3.48254		-2.26027  0.2  0.2		4.1705503158		-1.0
	22999.99999999	2.58118		-2.3487  0.2  0.2		4.1705503158		-1.0
	23029.99999999	3.52207		-2.047  0.2  0.2		4.1705503158		-1.0
	23059.99999999	3.4921		-1.76503  0.2  0.2		4.1705503158		-1.0
	23089.99999999	3.37331		-1.56656  0.2  0.2		4.1705503158		-1.0
	23119.99999999	3.70885		-1.85167  0.2  0.2		4.1705503158		-1.0
	23149.99999999	3.37241		-1.69149  0.2  0.2		4.1705503158		-1.0
	23179.99999999	3.26631		-1.58762  0.2  0.2		4.1705503158		-1.0
	23209.99999999	4.05231		-1.2789  0.2  0.2		4.1705503158		-1.0
	23239.99999999	4.08926		-1.18428  0.2  0.2		4.1705503158		-1.0
	23269.99999999	2.72663		-1.27905  0.2  0.2		4.1705503158		-1.0
	23299.99999999	3.25723		-0.94904  0.2  0.2		4.1705503158		-1.0
	23329.99999999	3.88201		-0.85414  0.2  0.2		4.1705503158		-1.0
	23359.99999999	3.43031		-0.80094  0.2  0.2		4.1705503158		-1.0
	23389.99999999	2.52688		-0.8436  0.2  0.2		4.1705503158		-1.0
	23419.99999999	3.59811		-1.12238  0.2  0.2		4.1705503158		-1.0
	23449.99999999	4.02427		-1.2114  0.2  0.2		4.1705503158		-1.0
	23479.99999999	4.61135		-1.04044  0.2  0.2		4.1705503158		-1.0
	23509.99999999	5.27		-0.69753  0.2  0.2		4.1705503158		-1.0
	23539.99999999	5.85429		-0.74644  0.2  0.2		4.1705503158		-1.0
	23569.99999999	6.27758		-0.78262  0.2  0.2		4.1705503158		-1.0
	23599.99999999	6.93598		-0.89257  0.2  0.2		4.1705503158		-1.0
	23629.99999999	7.59119		-1.02077  0.2  0.2		4.1705503158		-1.0
	23659.99999999	8.11657		-1.471  0.2  0.2		4.1705503158		-1.0
	23689.99999999	8.77142		-1.86043  0.2  0.2		4.1705503158		-1.0
	23719.99999999	9.5215		-1.81273  0.2  0.2		4.1705503158		-1.0
	23749.99999999	10.0959		-1.49934  0.2  0.2		4.1705503158		-1.0
	23779.99999999	10.82326		-1.51159  0.2  0.2		4.1705503158		-1.0
	23809.99999999	11.6282		-1.28318  0.2  0.2		4.1705503158		-1.0
	23839.99999999	12.50181		-0.9352  0.2  0.2		4.1705503158		-1.0
	23869.99999999	13.32763		-0.68543  0.2  0.2		4.1705503158		-1.0
	23899.99999999	13.99264		-0.73496  0.2  0.2		4.1705503158		-1.0
	23929.99999999	14.61496		-0.70756  0.2  0.2		4.1705503158		-1.0
	23959.99999999	15.23798		-0.16979  0.2  0.2		4.1705503158		-1.0
	23989.99999999	15.71133		-0.18703  0.2  0.2		4.1705503158		-1.0
	24019.99999999	15.99986		1.04563  0.2  0.2		4.1705503158		-1.0
	24049.99999999	16.0131		2.9281  0.2  0.2		4.1705503158		-1.0
	24079.99999999	16.19039		-2.7075  0.2  0.2		4.1705503158		-1.0
	24109.99999999	16.22007		-2.46818  0.2  0.2		4.1705503158		-1.0
	24139.99999999	16.60944		-2.36966  0.2  0.2		4.1705503158		-1.0
	24169.99999999	17.08646		-2.28369  0.2  0.2		4.1705503158		-1.0
	24199.99999999	17.58304		-2.50557  0.2  0.2		4.1705503158		-1.0
	24229.99999999	17.83033		3.09348  0.2  0.2		4.1705503158		-1.0
	24259.99999999	18.10288		2.82977  0.2  0.2		4.1705503158		-1.0
	24289.99999999	17.9413		2.85748  0.2  0.2		4.1705503158		-1.0
	24319.99999999	17.89316		3.03554  0.2  0.2		4.1705503158		-1.0
	24349.99999999	17.6794		-2.99095  0.2  0.2		4.1705503158		-1.0
	24379.99999999	17.3066		-2.87647  0.2  0.2		4.1705503158		-1.0
	24409.99999999	16.56259		3.03305  0.2  0.2		4.1705503158		-1.0
	24439.99999999	16.15271		3.1065  0.2  0.2		4.1705503158		-1.0
	24469.99999999	15.40455		-3.03884  0.2  0.2		4.1705503158		-1.0
	24499.99999999	14.75671		-2.62209  0.2  0.2		4.1705503158		-1.0
	24529.99999999	13.73735		-2.4369  0.2  0.2		4.1705503158		-1.0
	24559.99999999	13.03126		-1.95895  0.2  0.2		4.1705503158		-1.0
	24589.99999999	12.92081		-1.7557  0.2  0.2		4.1705503158		-1.0
	24619.99999999	13.68371		-1.63331  0.2  0.2		4.1705503158		-1.0
	24649.99999999	14.77144		-1.687  0.2  0.2		4.1705503158		-1.0
	24679.99999999	15.85345		-1.83877  0.2  0.2		4.1705503158		-1.0
	24709.99999999	16.47829		-2.03867  0.2  0.2		4.1705503158		-1.0
	24739.99999999	17.40957		-2.25685  0.2  0.2		4.1705503158		-1.0
	24769.99999999	17.72636		-2.3897  0.2  0.2		4.1705503158		-1.0
	24799.99999999	18.3277		-2.61489  0.2  0.2		4.1705503158		-1.0
	24829.99999999	18.49283		-2.58807  0.2  0.2		4.1705503158		-1.0
	24859.99999999	19.14969		-2.9798  0.2  0.2		4.1705503158		-1.0
	24889.99999999	19.2007		-2.1487  0.2  0.2		4.1705503158		-1.0
	24919.99999999	19.77929		1.1791  0.2  0.2		4.1705503158		-1.0
	24949.99999999	19.75351		0.19919  0.2  0.2		4.1705503158		-1.0
	24979.99999999	19.94776		-0.00165  0.2  0.2		4.1705503158		-1.0
	25009.99999999	19.53593		-0.39862  0.2  0.2		4.1705503158		-1.0
	25039.99999999	18.83957		-0.48065  0.2  0.2		4.1705503158		-1.0
	25069.99999999	17.98358		-0.95967  0.2  0.2		4.1705503158		-1.0
	25099.99999999	17.44896		-1.12569  0.2  0.2		4.1705503158		-1.0
	25129.99999999	17.37618		-0.99809  0.2  0.2		4.1705503158		-1.0
	25159.99999999	17.14862		-0.61153  0.2  0.2		4.1705503158		-1.0
	25189.99999999	17.09658		-0.20117  0.2  0.2		4.1705503158		-1.0
	25219.99999999	17.20459		-0.16668  0.2  0.2		4.1705503158		-1.0
	25249.99999999	17.63436		-0.25129  0.2  0.2		4.1705503158		-1.0
	25279.99999999	18.45999		-0.28875  0.2  0.2		4.1705503158		-1.0
	25309.99999999	18.66904		-0.09047  0.2  0.2		4.1705503158		-1.0
	25339.99999999	19.12277		0.20258  0.2  0.2		4.1705503158		-1.0
	25369.99999999	19.75251		0.09617  0.2  0.2		4.1705503158		-1.0
	25399.99999999	20.7076		-0.32794  0.2  0.2		4.1705503158		-1.0
	25429.99999999	21.95152		-0.72087  0.2  0.2		4.1705503158		-1.0
	25459.99999999	23.04242		-1.07778  0.2  0.2		4.1705503158		-1.0
	25489.99999999	23.33229		-0.9545  0.2  0.2		4.1705503158		-1.0
	25519.99999999	23.53252		-0.84286  0.2  0.2		4.1705503158		-1.0
	25549.99999999	23.53562		-0.46506  0.2  0.2		4.1705503158		-1.0
	25579.99999999	23.75458		-0.20791  0.2  0.2		4.1705503158		-1.0
	25609.99999999	24.43874		-0.0607  0.2  0.2		4.1705503158		-1.0
	25639.99999999	25.54092		-0.28537  0.2  0.2		4.1705503158		-1.0
	25669.99999999	26.74704		-0.36052  0.2  0.2		4.1705503158		-1.0
	25699.99999999	27.53843		-1.52592  0.2  0.2		4.1705503158		-1.0
	25729.99999999	28.2297		-1.91076  0.2  0.2		4.1705503158		-1.0
	25759.99999999	29.30578		-1.94049  0.2  0.2		4.1705503158		-1.0
	25789.99999999	29.96188		-1.93  0.2  0.2		4.1705503158		-1.0
	25819.99999999	30.60417		-2.09113  0.2  0.2		4.1705503158		-1.0
	25849.99999999	31.3638		0.52133  0.2  0.2		4.1705503158		-1.0
	25879.99999999	31.78596		0.26793  0.2  0.2		4.1705503158		-1.0
	25909.99999999	32.32663		0.01751  0.2  0.2		4.1705503158		-1.0
	25939.99999999	32.75114		-0.14296  0.2  0.2		4.1705503158		-1.0
	25969.99999999	33.69306		-0.34545  0.2  0.2		4.1705503158		-1.0
	25999.99999999	34.58078		-0.60504  0.2  0.2		4.1705503158		-1.0
	26029.99999999	35.10033		-0.65739  0.2  0.2		4.1705503158		-1.0
	26059.99999999	36.03305		-0.84487  0.2  0.2		4.1705503158		-1.0
	26089.99999999	36.86928		-0.96265  0.2  0.2		4.1705503158		-1.0
	26119.99999999	36.96459		-0.65294  0.2  0.2		4.1705503158		-1.0
	26149.99999999	37.40318		-0.0664  0.2  0.2		4.1705503158		-1.0
	26179.99999999	38.00385		0.60399  0.2  0.2		4.1705503158		-1.0
	26209.99999999	38.44976		1.24193  0.2  0.2		4.1705503158		-1.0
	26239.99999999	38.69695		0.9933  0.2  0.2		4.1705503158		-1.0
	26269.99999999	39.05264		0.59133  0.2  0.2		4.1705503158		-1.0
	26299.99999999	39.93979		0.4662  0.2  0.2		4.1705503158		-1.0
	26329.99999999	40.63256		-0.03373  0.2  0.2		4.1705503158		-1.0
	26359.99999999	40.83829		-1.11354  0.2  0.2		4.1705503158		-1.0
	26389.99999999	41.60292		-1.63513  0.2  0.2		4.1705503158		-1.0
	26419.99999999	41.81363		2.64966  0.2  0.2		4.1705503158		-1.0
	26449.99999999	41.26778		2.74998  0.2  0.2		4.1705503158		-1.0
	26479.99999999	40.4405		2.82391  0.2  0.2		4.1705503158		-1.0
	26509.99999999	39.65263		2.95976  0.2  0.2		4.1705503158		-1.0
	26539.99999999	38.94965		-3.13477  0.2  0.2		4.1705503158		-1.0
	26569.99999999	37.90869		-3.02632  0.2  0.2		4.1705503158		-1.0
	26599.99999999	36.45367		-2.85894  0.2  0.2		4.1705503158		-1.0
	26629.99999999	35.45119		-3.04445  0.2  0.2		4.1705503158		-1.0
	26659.99999999	34.56656		-3.02772  0.2  0.2		4.1705503158		-1.0
	26689.99999999	33.84365		-2.41331  0.2  0.2		4.1705503158		-1.0
	26719.99999999	33.50857		-2.25073  0.2  0.2		4.1705503158		-1.0
	26749.99999999	32.89073		-2.30954  0.2  0.2		4.1705503158		-1.0
	26779.99999999	32.03467		-2.45229  0.2  0.2		4.1705503158		-1.0
	26809.99999999	31.06756		-2.13595  0.2  0.2		4.1705503158		-1.0
	26839.99999999	30.37151		-1.73203  0.2  0.2		4.1705503158		-1.0
	26869.99999999	30.26922		-1.53764  0.2  0.2		4.1705503158		-1.0
	26899.99999999	30.36211		-0.87236  0.2  0.2		4.1705503158		-1.0
	26929.99999999	30.38305		-0.66745  0.2  0.2		4.1705503158		-1.0
	26959.99999999	30.83663		-1.12184  0.2  0.2		4.1705503158		-1.0
	26989.99999999	31.48744		-1.59559  0.2  0.2		4.1705503158		-1.0
	27019.99999999	32.05119		-1.52325  0.2  0.2		4.1705503158		-1.0
	27049.99999999	32.80498		-1.74441  0.2  0.2		4.1705503158		-1.0
	27079.99999999	33.70412		-2.01243  0.2  0.2		4.1705503158		-1.0
	27109.99999999	34.78457		-2.04579  0.2  0.2		4.1705503158		-1.0
	27139.99999999	35.86326		-1.98259  0.2  0.2		4.1705503158		-1.0
	27169.99999999	36.73811		-1.95018  0.2  0.2		4.1705503158		-1.0
	27199.99999999	37.4849		-1.86805  0.2  0.2		4.1705503158		-1.0
	27229.99999998	38.09095		-1.75212  0.2  0.2		4.1705503158		-1.0
	27259.99999998	38.40848		-1.75704  0.2  0.2		4.1705503158		-1.0
	27289.99999998	38.88061		-1.89743  0.2  0.2		4.1705503158		-1.0
	27319.99999998	39.92478		-1.85937  0.2  0.2		4.1705503158		-1.0
	27349.99999998	40.8912		-1.74029  0.2  0.2		4.1705503158		-1.0
	27379.99999998	41.82529		-1.67802  0.2  0.2		4.1705503158		-1.0
	27409.99999998	40.99745		1.84593  0.2  0.2		4.1705503158		-1.0
	27439.99999998	39.99738		1.61845  0.2  0.2		4.1705503158		-1.0
	27469.99999998	39.48025		1.38982  0.2  0.2		4.1705503158		-1.0
	27499.99999998	39.21309		1.59047  0.2  0.2		4.1705503158		-1.0
	27529.99999998	39.39966		2.01454  0.2  0.2		4.1705503158		-1.0
	27559.99999998	40.15006		2.10306  0.2  0.2		4.1705503158		-1.0
	27589.99999998	41.15275		2.26408  0.2  0.2		4.1705503158		-1.0
	27619.99999998	41.40726		2.70137  0.2  0.2		4.1705503158		-1.0
	27649.99999998	40.90897		2.55673  0.2  0.2		4.1705503158		-1.0
	27679.99999998	40.48055		2.53167  0.2  0.2		4.1705503158		-1.0
	27709.99999998	39.99209		2.60626  0.2  0.2		4.1705503158		-1.0
	27739.99999998	39.73264		2.29387  0.2  0.2		4.1705503158		-1.0
	27769.99999998	39.51164		2.43409  0.2  0.2		4.1705503158		-1.0
	27799.99999998	39.10795		2.65358  0.2  0.2		4.1705503158		-1.0
	27829.99999998	38.97103		2.0865  0.2  0.2		4.1705503158		-1.0
	27859.99999998	38.71614		1.63181  0.2  0.2		4.1705503158		-1.0
	27889.99999998	38.71292		1.23786  0.2  0.2		4.1705503158		-1.0
	27919.99999998	39.07583		0.8394  0.2  0.2		4.1705503158		-1.0
	27949.99999998	39.49428		0.99142  0.2  0.2		4.1705503158		-1.0
	27979.99999998	39.75002		0.74391  0.2  0.2		4.1705503158		-1.0
	28009.99999998	40.42454		0.84794  0.2  0.2		4.1705503158		-1.0
	28039.99999998	40.83887		0.66734  0.2  0.2		4.1705503158		-1.0
	28069.99999998	41.49231		0.39709  0.2  0.2		4.1705503158		-1.0
	28099.99999998	42.01477		0.12204  0.2  0.2		4.1705503158		-1.0
	28129.99999998	41.32546		-1.20742  0.2  0.2		4.1705503158		-1.0
	28159.99999998	41.52625		-1.37374  0.2  0.2		4.1705503158		-1.0
	28189.99999998	42.22858		-1.51301  0.2  0.2		4.1705503158		-1.0
	28219.99999998	42.09014		0.9431  0.2  0.2		4.1705503158		-1.0
	28249.99999998	41.63272		1.27261  0.2  0.2		4.1705503158		-1.0
	28279.99999998	41.16822		0.77649  0.2  0.2		4.1705503158		-1.0
	28309.99999998	40.79847		1.01115  0.2  0.2		4.1705503158		-1.0
	28339.99999998	40.23484		1.21293  0.2  0.2		4.1705503158		-1.0
	28369.99999998	39.96631		1.13807  0.2  0.2		4.1705503158		-1.0
	28399.99999998	39.69606		1.13294  0.2  0.2		4.1705503158		-1.0
	28429.99999998	39.47455		1.25532  0.2  0.2		4.1705503158		-1.0
	28459.99999998	39.66543		1.23163  0.2  0.2		4.1705503158		-1.0
	28489.99999998	39.27983		1.28131  0.2  0.2		4.1705503158		-1.0
	28519.99999998	38.30096		1.32768  0.2  0.2		4.1705503158		-1.0
	28549.99999998	37.17303		0.99292  0.2  0.2		4.1705503158		-1.0
	28579.99999998	35.98178		1.09852  0.2  0.2		4.1705503158		-1.0
	28609.99999998	35.32602		1.16171  0.2  0.2		4.1705503158		-1.0
	28639.99999998	34.66688		1.24087  0.2  0.2		4.1705503158		-1.0
	28669.99999998	34.231		1.25325  0.2  0.2		4.1705503158		-1.0
	28699.99999998	33.79278		1.05723  0.2  0.2		4.1705503158		-1.0
	28729.99999998	32.95221		1.04452  0.2  0.2		4.1705503158		-1.0
	28759.99999998	32.44644		0.66403  0.2  0.2		4.1705503158		-1.0
	28789.99999998	31.86146		0.31793  0.2  0.2		4.1705503158		-1.0
	28819.99999998	31.12662		0.42963  0.2  0.2		4.1705503158		-1.0
	28849.99999998	30.04533		0.41658  0.2  0.2		4.1705503158		-1.0
	28879.99999998	29.07796		0.41328  0.2  0.2		4.1705503158		-1.0
	28909.99999998	28.51342		0.57671  0.2  0.2		4.1705503158		-1.0
	28939.99999998	27.80916		0.55404  0.2  0.2		4.1705503158		-1.0
	28969.99999998	27.17743		0.43424  0.2  0.2		4.1705503158		-1.0
	28999.99999998	26.52633		-0.12905  0.2  0.2		4.1705503158		-1.0
	29029.99999998	25.73654		-0.77997  0.2  0.2		4.1705503158		-1.0
	29059.99999998	25.50757		-0.60795  0.2  0.2		4.1705503158		-1.0
	29089.99999998	25.36737		-0.19852  0.2  0.2		4.1705503158		-1.0
	29119.99999998	24.86177		0.69764  0.2  0.2		4.1705503158		-1.0
	29149.99999998	24.58987		1.3811  0.2  0.2		4.1705503158		-1.0
	29179.99999998	24.08746		1.87043  0.2  0.2		4.1705503158		-1.0
	29209.99999998	23.73313		2.44243  0.2  0.2		4.1705503158		-1.0
	29239.99999998	23.2921		2.3765  0.2  0.2		4.1705503158		-1.0
	29269.99999998	22.97588		2.35327  0.2  0.2		4.1705503158		-1.0
	29299.99999998	22.37341		-3.13705  0.2  0.2		4.1705503158		-1.0
	29329.99999998	22.16313		-2.32502  0.2  0.2		4.1705503158		-1.0
	29359.99999998	21.66269		-2.10505  0.2  0.2		4.1705503158		-1.0
	29389.99999998	21.04907		-1.82197  0.2  0.2		4.1705503158		-1.0
	29419.99999998	20.50252		-1.70714  0.2  0.2		4.1705503158		-1.0
	29449.99999998	19.69371		-2.02192  0.2  0.2		4.1705503158		-1.0
	29479.99999998	19.12533		-0.82618  0.2  0.2		4.1705503158		-1.0
	29509.99999998	18.92545		-1.01897  0.2  0.2		4.1705503158		-1.0
	29539.99999998	18.85573		-0.77506  0.2  0.2		4.1705503158		-1.0
	29569.99999998	18.42848		-1.41086  0.2  0.2		4.1705503158		-1.0
	29599.99999998	18.51715		-1.67323  0.2  0.2		4.1705503158		-1.0
	29629.99999998	18.45889		-1.3763  0.2  0.2		4.1705503158		-1.0
	29659.99999998	17.91508		-1.2065  0.2  0.2		4.1705503158		-1.0
	29689.99999998	17.30276		-1.05802  0.2  0.2		4.1705503158		-1.0
	29719.99999998	16.89469		-1.09893  0.2  0.2		4.1705503158		-1.0
	29749.99999998	15.87187		-1.26039  0.2  0.2		4.1705503158		-1.0
	29779.99999998	15.42233		-0.94001  0.2  0.2		4.1705503158		-1.0
	29809.99999998	15.52725		-0.72531  0.2  0.2		4.1705503158		-1.0
	29839.99999998	15.49781		-0.52806  0.2  0.2		4.1705503158		-1.0
	29869.99999998	15.41794		-0.0405  0.2  0.2		4.1705503158		-1.0
	29899.99999998	15.07882		0.02167  0.2  0.2		4.1705503158		-1.0
	29929.99999998	14.71373		0.07016  0.2  0.2		4.1705503158		-1.0
	29959.99999998	14.48046		-0.22758  0.2  0.2		4.1705503158		-1.0
	29989.99999998	15.0401		-1.26297  0.2  0.2		4.1705503158		-1.0
	30019.99999998	15.43967		-1.16305  0.2  0.2		4.1705503158		-1.0
	30049.99999998	15.74761		-1.29937  0.2  0.2		4.1705503158		-1.0
	30079.99999998	16.24225		-1.56538  0.2  0.2		4.1705503158		-1.0
	30109.99999998	16.37989		-1.49096  0.2  0.2		4.1705503158		-1.0
	30139.99999998	16.7227		-1.39792  0.2  0.2		4.1705503158		-1.0
	30169.99999998	17.04938		-1.25386  0.2  0.2		4.1705503158		-1.0
	30199.99999998	17.19488		-1.16499  0.2  0.2		4.1705503158		-1.0
	30229.99999998	16.80612		-1.49581  0.2  0.2		4.1705503158		-1.0
	30259.99999998	16.6415		-1.89604  0.2  0.2		4.1705503158		-1.0
	30289.99999998	16.36286		-2.18652  0.2  0.2		4.1705503158		-1.0
	30319.99999998	15.60483		-2.18688  0.2  0.2		4.1705503158		-1.0
	30349.99999998	14.85889		-1.76045  0.2  0.2		4.1705503158		-1.0
	30379.99999998	14.14556		-0.99952  0.2  0.2		4.1705503158		-1.0
	30409.99999998	14.13383		-0.42418  0.2  0.2		4.1705503158		-1.0
	30439.99999998	14.42993		-0.06717  0.2  0.2		4.1705503158		-1.0
	30469.99999998	14.50255		-0.09101  0.2  0.2		4.1705503158		-1.0
	30499.99999998	15.17093		-0.26054  0.2  0.2		4.1705503158		-1.0
	30529.99999998	15.80343		-0.20375  0.2  0.2		4.1705503158		-1.0
	30559.99999998	16.15084		0.04545  0.2  0.2		4.1705503158		-1.0
	30589.99999998	16.68486		0.36991  0.2  0.2		4.1705503158		-1.0
	30619.99999998	16.77621		0.62106  0.2  0.2		4.1705503158		-1.0
	30649.99999998	16.28901		0.49878  0.2  0.2		4.1705503158		-1.0
	30679.99999998	15.64043		0.48757  0.2  0.2		4.1705503158		-1.0
	30709.99999998	15.50068		0.97389  0.2  0.2		4.1705503158		-1.0
	30739.99999998	15.49129		1.89789  0.2  0.2		4.1705503158		-1.0
	30769.99999998	15.71448		-2.69475  0.2  0.2		4.1705503158		-1.0
	30799.99999998	16.01998		-2.84394  0.2  0.2		4.1705503158		-1.0
	30829.99999998	16.89804		-2.78293  0.2  0.2		4.1705503158		-1.0
	30859.99999998	17.64921		-2.88515  0.2  0.2		4.1705503158		-1.0
	30889.99999998	17.78012		-2.99822  0.2  0.2		4.1705503158		-1.0
	30919.99999998	18.47963		2.93775  0.2  0.2		4.1705503158		-1.0
	30949.99999998	19.31096		2.62854  0.2  0.2		4.1705503158		-1.0
	30979.99999998	19.97352		-2.38829  0.2  0.2		4.1705503158		-1.0
	31009.99999998	20.06683		-1.41311  0.2  0.2		4.1705503158		-1.0
	31039.99999998	20.21304		-1.16601  0.2  0.2		4.1705503158		-1.0
	31069.99999998	20.65585		-1.191  0.2  0.2		4.1705503158		-1.0
	31099.99999998	21.0034		-1.28426  0.2  0.2		4.1705503158		-1.0
	31129.99999998	22.02823		-1.29797  0.2  0.2		4.1705503158		-1.0
	31159.99999998	22.9328		-1.20536  0.2  0.2		4.1705503158		-1.0
	31189.99999998	23.66815		-1.28419  0.2  0.2		4.1705503158		-1.0
	31219.99999998	24.05038		-1.55619  0.2  0.2		4.1705503158		-1.0
	31249.99999998	24.74101		-1.69356  0.2  0.2		4.1705503158		-1.0
	31279.99999998	25.36589		-1.67674  0.2  0.2		4.1705503158		-1.0
	31309.99999998	25.54293		-1.66753  0.2  0.2		4.1705503158		-1.0
	31339.99999998	25.24856		-1.42628  0.2  0.2		4.1705503158		-1.0
	31369.99999998	24.73743		-1.43983  0.2  0.2		4.1705503158		-1.0
	31399.99999998	24.22873		-1.80532  0.2  0.2		4.1705503158		-1.0
	31429.99999998	24.12242		-1.86738  0.2  0.2		4.1705503158		-1.0
	31459.99999998	23.58825		-2.0777  0.2  0.2		4.1705503158		-1.0
	31489.99999998	22.97709		-2.27873  0.2  0.2		4.1705503158		-1.0
	31519.99999998	22.23516		-2.43227  0.2  0.2		4.1705503158		-1.0
	31549.99999998	21.09652		-2.57407  0.2  0.2		4.1705503158		-1.0
	31579.99999998	20.23709		-2.37929  0.2  0.2		4.1705503158		-1.0
	31609.99999998	19.52495		-1.73871  0.2  0.2		4.1705503158		-1.0
	31639.99999998	19.04589		-1.04969  0.2  0.2		4.1705503158		-1.0
	31669.99999998	19.37041		-0.3987  0.2  0.2		4.1705503158		-1.0
	31699.99999998	20.25573		-0.1573  0.2  0.2		4.1705503158		-1.0
	31729.99999998	21.69233		-0.178  0.2  0.2		4.1705503158		-1.0
	31759.99999998	23.18853		-0.14147  0.2  0.2		4.1705503158		-1.0
	31789.99999998	24.38582		0.0047  0.2  0.2		4.1705503158		-1.0
	31819.99999998	25.40111		0.07578  0.2  0.2		4.1705503158		-1.0
	31849.99999998	26.10766		-0.21378  0.2  0.2		4.1705503158		-1.0
	31879.99999998	26.83769		-0.28453  0.2  0.2		4.1705503158		-1.0
	31909.99999998	27.64001		-0.38132  0.2  0.2		4.1705503158		-1.0
	31939.99999998	28.3351		-0.6201  0.2  0.2		4.1705503158		-1.0
	31969.99999998	29.3809		-0.93497  0.2  0.2		4.1705503158		-1.0
	31999.99999998	29.73239		-1.39036  0.2  0.2		4.1705503158		-1.0
	32029.99999998	29.40047		-1.63969  0.2  0.2		4.1705503158		-1.0
	32059.99999998	28.4218		-1.40256  0.2  0.2		4.1705503158		-1.0
	32089.99999998	27.54084		-1.3246  0.2  0.2		4.1705503158		-1.0
	32119.99999998	26.46352		-0.83133  0.2  0.2		4.1705503158		-1.0
	32149.99999998	25.98041		-0.15762  0.2  0.2		4.1705503158		-1.0
	32179.99999998	26.01242		0.01644  0.2  0.2		4.1705503158		-1.0
	32209.99999998	26.52139		0.2311  0.2  0.2		4.1705503158		-1.0
	32239.99999998	27.23436		0.31236  0.2  0.2		4.1705503158		-1.0
	32269.99999998	28.42262		0.13885  0.2  0.2		4.1705503158		-1.0
	32299.99999998	29.31572		0.07054  0.2  0.2		4.1705503158		-1.0
	32329.99999998	30.06961		-0.24932  0.2  0.2		4.1705503158		-1.0
	32359.99999998	30.3144		-0.66111  0.2  0.2		4.1705503158		-1.0
	32389.99999998	30.29412		-1.30807  0.2  0.2		4.1705503158		-1.0
	32419.99999998	30.27054		-1.85739  0.2  0.2		4.1705503158		-1.0
	32449.99999998	30.48361		-2.2469  0.2  0.2		4.1705503158		-1.0
	32479.99999998	30.77633		-2.34918  0.2  0.2		4.1705503158		-1.0
	32509.99999998	31.58858		-2.01833  0.2  0.2		4.1705503158		-1.0
	32539.99999998	31.52912		-1.72238  0.2  0.2		4.1705503158		-1.0
	32569.99999998	31.12764		-1.69501  0.2  0.2		4.1705503158		-1.0
	32599.99999998	30.31049		-1.43287  0.2  0.2		4.1705503158		-1.0
	32629.99999998	29.24123		-1.3895  0.2  0.2		4.1705503158		-1.0
	32659.99999998	28.29224		-1.34821  0.2  0.2		4.1705503158		-1.0
	32689.99999998	27.5864		-1.35548  0.2  0.2		4.1705503158		-1.0
	32719.99999998	26.69197		-1.38732  0.2  0.2		4.1705503158		-1.0
	32749.99999998	26.07956		-1.64858  0.2  0.2		4.1705503158		-1.0
	32779.99999998	25.86423		-1.92497  0.2  0.2		4.1705503158		-1.0
	32809.99999998	25.55636		-2.06503  0.2  0.2		4.1705503158		-1.0
	32839.99999998	24.85769		-2.41659  0.2  0.2		4.1705503158		-1.0
	32869.99999998	24.11388		-2.64151  0.2  0.2		4.1705503158		-1.0
	32899.99999998	23.14928		-2.53398  0.2  0.2		4.1705503158		-1.0
	32929.99999998	22.48053		-0.77268  0.2  0.2		4.1705503158		-1.0
	32959.99999998	21.88421		-0.54583  0.2  0.2		4.1705503158		-1.0
	32989.99999998	21.30786		-0.84553  0.2  0.2		4.1705503158		-1.0
	33019.99999998	20.62171		-1.47005  0.2  0.2		4.1705503158		-1.0
	33049.99999998	20.27209		-2.29794  0.2  0.2		4.1705503158		-1.0
	33079.99999998	20.32371		-2.82462  0.2  0.2		4.1705503158		-1.0
	33109.99999998	20.57207		-2.89566  0.2  0.2		4.1705503158		-1.0
	33139.99999998	21.26841		-2.9709  0.2  0.2		4.1705503158		-1.0
	33169.99999998	22.04751		-3.06724  0.2  0.2		4.1705503158		-1.0
	33199.99999998	22.28836		-3.11437  0.2  0.2		4.1705503158		-1.0
	33229.99999998	23.03769		3.03194  0.2  0.2		4.1705503158		-1.0
	33259.99999998	23.57928		-3.12565  0.2  0.2		4.1705503158		-1.0
	33289.99999998	23.81731		3.06948  0.2  0.2		4.1705503158		-1.0
	33319.99999998	24.11818		2.88436  0.2  0.2		4.1705503158		-1.0
	33349.99999998	24.68159		2.92706  0.2  0.2		4.1705503158		-1.0
	33379.99999998	25.45526		2.988  0.2  0.2		4.1705503158		-1.0
	33409.99999998	26.23541		2.89662  0.2  0.2		4.1705503158		-1.0
	33439.99999998	26.93244		2.68388  0.2  0.2		4.1705503158		-1.0
	33469.99999998	27.73316		2.55564  0.2  0.2		4.1705503158		-1.0
	33499.99999998	28.29231		2.77474  0.2  0.2		4.1705503158		-1.0
	33529.99999998	29.08449		2.81791  0.2  0.2		4.1705503158		-1.0
	33559.99999998	29.78136		3.11203  0.2  0.2		4.1705503158		-1.0
	33589.99999998	30.50832		-3.02618  0.2  0.2		4.1705503158		-1.0
	33619.99999998	30.86493		-3.03387  0.2  0.2		4.1705503158		-1.0
	33649.99999998	31.36752		-2.71955  0.2  0.2		4.1705503158		-1.0
	33679.99999998	31.41039		-2.53055  0.2  0.2		4.1705503158		-1.0
	33709.99999998	31.42393		-2.37329  0.2  0.2		4.1705503158		-1.0
	33739.99999997	31.02679		-1.98695  0.2  0.2		4.1705503158		-1.0
	33769.99999997	30.28456		-1.8391  0.2  0.2		4.1705503158		-1.0
	33799.99999997	29.46768		-1.75181  0.2  0.2		4.1705503158		-1.0
	33829.99999997	28.64146		-1.66347  0.2  0.2		4.1705503158		-1.0
	33859.99999997	27.73746		-1.50399  0.2  0.2		4.1705503158		-1.0
	33889.99999997	27.48238		-1.66278  0.2  0.2		4.1705503158		-1.0
	33919.99999997	27.13096		-1.9458  0.2  0.2		4.1705503158		-1.0
	33949.99999997	27.08961		-2.06879  0.2  0.2		4.1705503158		-1.0
	33979.99999997	26.42308		-1.72839  0.2  0.2		4.1705503158		-1.0
	34009.99999997	25.90463		-1.40506  0.2  0.2		4.1705503158		-1.0
	34039.99999997	25.89953		-1.52008  0.2  0.2		4.1705503158		-1.0
	34069.99999997	26.02099		-1.49131  0.2  0.2		4.1705503158		-1.0
	34099.99999997	25.71632		-1.24281  0.2  0.2		4.1705503158		-1.0
	34129.99999997	24.84162		-0.96543  0.2  0.2		4.1705503158		-1.0
	34159.99999997	23.85052		-0.43559  0.2  0.2		4.1705503158		-1.0
	34189.99999997	22.85135		-0.27665  0.2  0.2		4.1705503158		-1.0
	34219.99999997	22.1741		-0.12856  0.2  0.2		4.1705503158		-1.0
	34249.99999997	21.33246		-0.02178  0.2  0.2		4.1705503158		-1.0
	34279.99999997	20.20842		-0.02846  0.2  0.2		4.1705503158		-1.0
	34309.99999997	19.05281		0.25822  0.2  0.2		4.1705503158		-1.0
	34339.99999997	18.01654		0.74227  0.2  0.2		4.1705503158		-1.0
	34369.99999997	18.01508		1.55181  0.2  0.2		4.1705503158		-1.0
	34399.99999997	17.82989		2.53062  0.2  0.2		4.1705503158		-1.0
	34429.99999997	17.44536		2.92859  0.2  0.2		4.1705503158		-1.0
	34459.99999997	16.88075		2.7946  0.2  0.2		4.1705503158		-1.0
	34489.99999997	15.63571		2.66996  0.2  0.2		4.1705503158		-1.0
	34519.99999997	14.69793		2.03793  0.2  0.2		4.1705503158		-1.0
	34549.99999997	14.399		1.42622  0.2  0.2		4.1705503158		-1.0
	34579.99999997	14.72722		1.36124  0.2  0.2		4.1705503158		-1.0
	34609.99999997	14.65088		1.15902  0.2  0.2		4.1705503158		-1.0
	34639.99999997	15.18179		1.04124  0.2  0.2		4.1705503158		-1.0
	34669.99999997	15.61269		0.8408  0.2  0.2		4.1705503158		-1.0
	34699.99999997	16.0578		0.95737  0.2  0.2		4.1705503158		-1.0
	34729.99999997	16.56014		0.71546  0.2  0.2		4.1705503158		-1.0
	34759.99999997	16.3714		0.54226  0.2  0.2		4.1705503158		-1.0
	34789.99999997	15.84401		0.60935  0.2  0.2		4.1705503158		-1.0
	34819.99999997	15.08983		0.49143  0.2  0.2		4.1705503158		-1.0
	34849.99999997	14.25158		0.47098  0.2  0.2		4.1705503158		-1.0
	34879.99999997	13.5291		0.25485  0.2  0.2		4.1705503158		-1.0
	34909.99999997	12.79622		-0.1941  0.2  0.2		4.1705503158		-1.0
	34939.99999997	12.28701		-1.32143  0.2  0.2		4.1705503158		-1.0
	34969.99999997	11.86165		-1.98271  0.2  0.2		4.1705503158		-1.0
	34999.99999997	12.26157		-1.81802  0.2  0.2		4.1705503158		-1.0
	35029.99999997	12.82845		-1.59439  0.2  0.2		4.1705503158		-1.0
	35059.99999997	13.35153		-1.70637  0.2  0.2		4.1705503158		-1.0
	35089.99999997	13.74538		-1.84472  0.2  0.2		4.1705503158		-1.0
	35119.99999997	13.56155		-2.00688  0.2  0.2		4.1705503158		-1.0
	35149.99999997	13.21917		-2.01992  0.2  0.2		4.1705503158		-1.0
