	30.00000000	4.09366		2.72441  0.1  0.1		0		-1
	60.00000000	4.20472		2.85707  0.1  0.1		0		-1
	90.00000000	4.28841		2.97406  0.1  0.1		0		-1
	120.00000000	4.06601		2.58699  0.1  0.1		0		-1
	150.00000000	4.25993		2.69129  0.1  0.1		0		-1
	180.00000000	4.64188		2.79456  0.1  0.1		0		-1
	210.00000000	5.38485		2.81391  0.1  0.1		0		-1
	240.00000000	5.86533		2.93635  0.1  0.1		0		-1
	270.00000000	6.0393		2.8685  0.1  0.1		0		-1
	300.00000000	6.11869		2.91448  0.1  0.1		0		-1
	330.00000000	6.50695		-3.09595  0.1  0.1		0		-1
	360.00000000	6.95949		3.10795  0.1  0.1		0		-1
	390.00000000	7.62516		3.0542  0.1  0.1		0		-1
	420.00000000	7.95536		2.87624  0.1  0.1		0		-1
	450.00000000	8.19509		2.75656  0.1  0.1		0		-1
	480.00000000	7.86845		2.92398  0.1  0.1		0		-1
	510.00000000	7.20878		2.84378  0.1  0.1		0		-1
	540.00000000	6.81264		2.85299  0.1  0.1		0		-1
	570.00000000	6.55831		-3.12485  0.1  0.1		0		-1
	600.00000000	6.14245		-3.14011  0.1  0.1		0		-1
	630.00000000	6.13215		-2.81138  0.1  0.1		0		-1
	660.00000000	6.11204		-2.64961  0.1  0.1		0		-1
	690.00000000	6.19344		-2.45869  0.1  0.1		0		-1
	720.00000000	6.66268		-2.34555  0.1  0.1		0		-1
	750.00000000	7.31301		-2.38843  0.1  0.1		0		-1
	780.00000000	7.53391		-2.48538  0.1  0.1		0		-1
	810.00000000	7.38644		-2.55583  0.1  0.1		0		-1
	840.00000000	6.87449		-2.9185  0.1  0.1		0		-1
	870.00000000	6.2603		3.09548  0.1  0.1		0		-1
	900.00000000	5.47714		2.93965  0.1  0.1		0		-1
	930.00000000	4.6899		2.73754  0.1  0.1		0		-1
	960.00000000	4.30692		2.86101  0.1  0.1		0		-1
	990.00000000	5.33601		3.04626  0.1  0.1		0		-1
	1020.00000000	6.25464		2.95885  0.1  0.1		0		-1
	1050.00000000	6.57412		2.89217  0.1  0.1		0		-1
	1080.00000000	6.53679		2.43045  0.1  0.1		0		-1
	1110.00000000	5.86958		2.41679  0.1  0.1		0		-1
	1140.00000000	5.85914		2.58907  0.1  0.1		0		-1
	1170.00000000	6.06499		2.5658  0.1  0.1		0		-1
	1200.00000000	6.66531		2.46636  0.1  0.1		0		-1
	1230.00000000	7.20604		2.42045  0.1  0.1		0		-1
	1260.00000000	6.94988		2.25974  0.1  0.1		0		-1
	1290.00000000	6.83929		2.41652  0.1  0.1		0		-1
	1320.00000000	7.05192		2.62515  0.1  0.1		0		-1
	1350.00000000	7.0879		2.36253  0.1  0.1		0		-1
	1380.00000000	7.40232		2.41653  0.1  0.1		0		-1
	1410.00000000	7.06444		2.43221  0.1  0.1		0		-1
	1440.00000000	6.75694		2.24362  0.1  0.1		0		-1
	1470.00000000	6.57411		2.27301  0.1  0.1		0		-1
	1500.00000000	6.4382		2.47078  0.1  0.1		0		-1
	1530.00000000	6.59662		2.44264  0.1  0.1		0		-1
	1560.00000000	7.12231		2.36483  0.1  0.1		0		-1
	1590.00000000	7.67915		2.18901  0.1  0.1		0		-1
	1620.00000000	8.07752		2.16754  0.1  0.1		0		-1
	1650.00000000	8.3197		2.17566  0.1  0.1		0		-1
	1680.00000000	8.40247		2.35343  0.1  0.1		0		-1
	1710.00000000	8.64422		2.68333  0.1  0.1		0		-1
	1740.00000000	8.47025		2.95103  0.1  0.1		0		-1
	1770.00000000	8.35285		2.82028  0.1  0.1		0		-1
	1800.00000000	8.35912		2.34795  0.1  0.1		0		-1
	1830.00000000	7.9254		2.37014  0.1  0.1		0		-1
	1860.00000000	7.4549		2.29033  0.1  0.1		0		-1
	1890.00000000	7.07601		2.30678  0.1  0.1		0		-1
	1920.00000000	6.97151		2.69777  0.1  0.1		0		-1
	1950.00000000	7.21322		2.53007  0.1  0.1		0		-1
	1980.00000000	7.21782		2.66683  0.1  0.1		0		-1
	2010.00000000	7.1844		2.71301  0.1  0.1		0		-1
	2040.00000000	7.6866		2.61875  0.1  0.1		0		-1
	2070.00000000	7.91975		2.47848  0.1  0.1		0		-1
	2100.00000000	8.24034		2.34519  0.1  0.1		0		-1
	2130.00000000	8.78509		2.42496  0.1  0.1		0		-1
	2160.00000000	8.5921		2.31202  0.1  0.1		0		-1
	2190.00000000	8.47887		2.36709  0.1  0.1		0		-1
	2220.00000000	8.115		2.61358  0.1  0.1		0		-1
	2250.00000000	7.44688		2.36423  0.1  0.1		0		-1
	2280.00000000	7.3338		2.67073  0.1  0.1		0		-1
	2310.00000000	7.39009		2.56488  0.1  0.1		0		-1
	2340.00000000	7.74805		2.7026  0.1  0.1		0		-1
	2370.00000000	8.13168		3.04044  0.1  0.1		0		-1
	2400.00000000	7.76838		2.87461  0.1  0.1		0		-1
	2430.00000000	7.31398		2.95431  0.1  0.1		0		-1
	2460.00000000	6.64354		2.5514  0.1  0.1		0		-1
	2490.00000000	6.28165		2.29048  0.1  0.1		0		-1
	2520.00000000	5.86506		2.66464  0.1  0.1		0		-1
	2550.00000000	5.82232		2.90847  0.1  0.1		0		-1
	2580.00000000	6.20912		3.12107  0.1  0.1		0		-1
	2610.00000000	6.2767		2.97818  0.1  0.1		0		-1
	2640.00000000	6.65802		2.91415  0.1  0.1		0		-1
	2670.00000000	6.81941		2.96445  0.1  0.1		0		-1
	2700.00000000	7.44954		2.85285  0.1  0.1		0		-1
	2730.00000000	7.80702		2.88264  0.1  0.1		0		-1
	2760.00000000	7.99546		2.85787  0.1  0.1		0		-1
	2790.00000000	8.38893		2.91102  0.1  0.1		0		-1
	2820.00000000	8.31035		3.02793  0.1  0.1		0		-1
	2850.00000000	8.18959		2.86021  0.1  0.1		0		-1
	2880.00000000	7.90889		2.65079  0.1  0.1		0		-1
	2910.00000000	7.36235		2.59751  0.1  0.1		0		-1
	2940.00000000	7.14174		2.71129  0.1  0.1		0		-1
	2970.00000000	7.18508		3.03727  0.1  0.1		0		-1
	3000.00000000	7.05049		-3.03402  0.1  0.1		0		-1
	3030.00000000	7.27647		-3.02667  0.1  0.1		0		-1
	3060.00000000	7.43912		-2.79691  0.1  0.1		0		-1
	3090.00000000	7.3677		-2.88345  0.1  0.1		0		-1
	3120.00000000	7.17942		-2.86401  0.1  0.1		0		-1
	3150.00000000	7.15881		-3.1158  0.1  0.1		0		-1
	3180.00000000	7.55798		2.86055  0.1  0.1		0		-1
	3210.00000000	7.92719		2.60964  0.1  0.1		0		-1
	3240.00000000	7.96554		2.35681  0.1  0.1		0		-1
	3270.00000000	7.36599		2.12396  0.1  0.1		0		-1
	3300.00000000	6.90941		2.16094  0.1  0.1		0		-1
	3330.00000000	6.61856		2.13734  0.1  0.1		0		-1
	3360.00000000	6.56382		2.14213  0.1  0.1		0		-1
	3390.00000000	6.60649		2.02852  0.1  0.1		0		-1
	3420.00000000	6.43402		1.72406  0.1  0.1		0		-1
	3450.00000000	7.02964		1.71239  0.1  0.1		0		-1
	3480.00000000	7.2624		1.90271  0.1  0.1		0		-1
	3510.00000000	7.00845		2.02878  0.1  0.1		0		-1
	3540.00000000	6.8606		2.19096  0.1  0.1		0		-1
	3570.00000000	6.94391		2.53628  0.1  0.1		0		-1
	3600.00000000	7.11598		2.5495  0.1  0.1		0		-1
	3630.00000000	7.26669		2.40756  0.1  0.1		0		-1
	3660.00000000	7.77189		2.25116  0.1  0.1		0		-1
	3690.00000000	8.31928		2.19859  0.1  0.1		0		-1
	3720.00000000	8.09536		2.25603  0.1  0.1		0		-1
	3750.00000000	7.91393		2.25253  0.1  0.1		0		-1
	3780.00000000	7.60939		2.49573  0.1  0.1		0		-1
	3810.00000000	7.09885		2.61055  0.1  0.1		0		-1
	3840.00000000	6.91316		2.63617  0.1  0.1		0		-1
	3870.00000000	6.88095		2.62769  0.1  0.1		0		-1
	3900.00000000	7.18618		2.53718  0.1  0.1		0		-1
	3930.00000000	7.67646		2.59344  0.1  0.1		0		-1
	3960.00000000	7.71159		2.57595  0.1  0.1		0		-1
	3990.00000000	7.44061		2.71934  0.1  0.1		0		-1
	4020.00000000	7.78619		2.98925  0.1  0.1		0		-1
	4050.00000000	8.57735		-3.03788  0.1  0.1		0		-1
	4080.00000000	9.00371		-2.82882  0.1  0.1		0		-1
	4110.00000000	8.98614		-2.71178  0.1  0.1		0		-1
	4140.00000000	8.57195		-2.99367  0.1  0.1		0		-1
	4170.00000000	8.2397		2.9567  0.1  0.1		0		-1
	4200.00000000	7.80263		2.62151  0.1  0.1		0		-1
	4230.00000000	7.46217		2.67401  0.1  0.1		0		-1
	4260.00000000	6.87253		2.74037  0.1  0.1		0		-1
	4290.00000000	6.65903		2.86194  0.1  0.1		0		-1
	4320.00000000	6.31789		2.38758  0.1  0.1		0		-1
	4350.00000000	6.59184		2.34174  0.1  0.1		0		-1
	4380.00000000	7.02916		2.30218  0.1  0.1		0		-1
	4410.00000000	7.534		2.38979  0.1  0.1		0		-1
	4440.00000000	7.7775		2.65259  0.1  0.1		0		-1
	4470.00000000	8.42083		2.66925  0.1  0.1		0		-1
	4500.00000000	8.45018		2.34819  0.1  0.1		0		-1
	4530.00000000	8.61069		2.29224  0.1  0.1		0		-1
	4560.00000000	8.55104		2.04793  0.1  0.1		0		-1
	4590.00000000	8.43601		1.94938  0.1  0.1		0		-1
	4620.00000000	8.2255		2.25844  0.1  0.1		0		-1
	4650.00000000	8.08834		2.41493  0.1  0.1		0		-1
	4680.00000000	8.14606		2.5586  0.1  0.1		0		-1
	4710.00000000	8.14012		2.77852  0.1  0.1		0		-1
	4740.00000000	7.98458		2.91963  0.1  0.1		0		-1
	4770.00000000	8.03903		3.11428  0.1  0.1		0		-1
	4800.00000000	7.95193		3.09348  0.1  0.1		0		-1
	4830.00000000	8.24682		2.94966  0.1  0.1		0		-1
	4860.00000000	8.14794		2.99447  0.1  0.1		0		-1
	4890.00000000	7.69779		3.12513  0.1  0.1		0		-1
	4920.00000000	7.43396		2.92959  0.1  0.1		0		-1
	4950.00000000	6.98637		2.85466  0.1  0.1		0		-1
	4980.00000000	6.7844		2.77195  0.1  0.1		0		-1
	5010.00000000	6.61972		2.85187  0.1  0.1		0		-1
	5040.00000000	6.56633		3.01458  0.1  0.1		0		-1
	5070.00000000	6.73311		2.82168  0.1  0.1		0		-1
	5100.00000000	6.92757		3.08671  0.1  0.1		0		-1
	5130.00000000	7.52602		-3.06441  0.1  0.1		0		-1
	5160.00000000	7.89843		-3.11971  0.1  0.1		0		-1
	5190.00000000	8.08717		3.08138  0.1  0.1		0		-1
	5220.00000000	7.82728		2.87773  0.1  0.1		0		-1
	5250.00000000	7.0728		2.72279  0.1  0.1		0		-1
	5280.00000000	6.56745		2.6307  0.1  0.1		0		-1
	5310.00000000	6.05861		2.45984  0.1  0.1		0		-1
	5340.00000000	5.74001		2.59868  0.1  0.1		0		-1
	5370.00000000	5.69751		2.93524  0.1  0.1		0		-1
	5400.00000000	5.86387		2.76075  0.1  0.1		0		-1
	5430.00000000	6.42314		2.64091  0.1  0.1		0		-1
	5460.00000000	6.56848		2.7151  0.1  0.1		0		-1
	5490.00000000	6.78181		2.70645  0.1  0.1		0		-1
	5520.00000000	7.0787		2.77758  0.1  0.1		0		-1
	5550.00000000	7.00015		2.74519  0.1  0.1		0		-1
	5580.00000000	7.11429		2.81847  0.1  0.1		0		-1
	5610.00000000	7.18942		2.92754  0.1  0.1		0		-1
	5640.00000000	7.21741		2.88464  0.1  0.1		0		-1
	5670.00000000	7.38771		2.7982  0.1  0.1		0		-1
	5700.00000000	7.61367		2.93527  0.1  0.1		0		-1
	5730.00000000	8.1348		-3.04987  0.1  0.1		0		-1
	5760.00000000	8.14369		-2.9206  0.1  0.1		0		-1
	5790.00000000	7.84777		-2.92688  0.1  0.1		0		-1
	5820.00000000	7.32167		-3.06595  0.1  0.1		0		-1
	5850.00000000	6.83548		3.01531  0.1  0.1		0		-1
	5880.00000000	6.2942		2.76735  0.1  0.1		0		-1
	5910.00000000	6.27522		2.62195  0.1  0.1		0		-1
	5940.00000000	6.52774		2.96652  0.1  0.1		0		-1
	5970.00000000	6.80989		2.99287  0.1  0.1		0		-1
	6000.00000000	6.84054		3.03436  0.1  0.1		0		-1
	6030.00000000	6.89245		-3.08251  0.1  0.1		0		-1
	6060.00000000	7.05598		3.14059  0.1  0.1		0		-1
	6090.00000000	6.95337		-3.04456  0.1  0.1		0		-1
	6120.00000000	6.47006		-3.04132  0.1  0.1		0		-1
	6150.00000000	6.30975		-3.02545  0.1  0.1		0		-1
	6180.00000000	6.513		-2.98604  0.1  0.1		0		-1
	6210.00000000	6.77573		-2.88786  0.1  0.1		0		-1
	6240.00000000	7.2976		-2.80019  0.1  0.1		0		-1
	6270.00000000	7.54188		-2.79489  0.1  0.1		0		-1
	6300.00000000	7.72907		-2.75894  0.1  0.1		0		-1
	6330.00000000	7.69751		-2.68225  0.1  0.1		0		-1
	6360.00000000	7.44872		-2.77898  0.1  0.1		0		-1
	6390.00000000	7.14207		-2.99786  0.1  0.1		0		-1
	6420.00000000	6.96687		-3.00505  0.1  0.1		0		-1
	6450.00000000	7.24938		-3.11613  0.1  0.1		0		-1
	6480.00000000	7.55869		3.01342  0.1  0.1		0		-1
	6510.00000000	7.38156		2.94045  0.1  0.1		0		-1
	6540.00000000	7.21477		2.98831  0.1  0.1		0		-1
	6570.00000000	7.54459		-3.12702  0.1  0.1		0		-1
	6600.00000000	7.78992		-2.93989  0.1  0.1		0		-1
	6630.00000000	7.92908		-2.77664  0.1  0.1		0		-1
	6660.00000000	8.42636		-2.68867  0.1  0.1		0		-1
	6690.00000000	8.47832		-2.97559  0.1  0.1		0		-1
	6720.00000000	8.67108		-3.06354  0.1  0.1		0		-1
	6750.00000000	8.61472		-2.9261  0.1  0.1		0		-1
	6780.00000000	8.52891		-2.99761  0.1  0.1		0		-1
	6810.00000000	8.72838		3.1216  0.1  0.1		0		-1
	6840.00000000	8.70084		-3.03954  0.1  0.1		0		-1
	6870.00000000	8.39659		-2.83235  0.1  0.1		0		-1
	6900.00000000	8.57921		-2.62272  0.1  0.1		0		-1
	6930.00000000	8.24		-2.44659  0.1  0.1		0		-1
	6960.00000000	7.60402		-2.44131  0.1  0.1		0		-1
	6990.00000000	7.24441		-2.64245  0.1  0.1		0		-1
	7020.00000000	6.89515		-2.553  0.1  0.1		0		-1
	7050.00000000	6.75604		-2.31945  0.1  0.1		0		-1
	7080.00000000	6.93402		-2.28933  0.1  0.1		0		-1
	7110.00000000	7.21746		-2.38178  0.1  0.1		0		-1
	7140.00000000	7.52067		-2.28402  0.1  0.1		0		-1
	7170.00000000	7.61637		-2.02269  0.1  0.1		0		-1
	7200.00000000	7.84405		-2.01976  0.1  0.1		0		-1
	7230.00000000	8.0019		-2.13474  0.1  0.1		0		-1
	7260.00000000	7.88875		-2.40938  0.1  0.1		0		-1
	7290.00000000	7.92216		-2.82251  0.1  0.1		0		-1
	7320.00000000	7.8218		3.05534  0.1  0.1		0		-1
	7350.00000000	7.78001		3.02608  0.1  0.1		0		-1
	7380.00000000	7.5206		2.86663  0.1  0.1		0		-1
	7410.00000000	7.36197		3.09067  0.1  0.1		0		-1
	7440.00000000	7.19987		-2.09817  0.1  0.1		0		-1
	7470.00000000	7.25368		-2.12401  0.1  0.1		0		-1
	7500.00000000	7.32684		-2.40344  0.1  0.1		0		-1
	7530.00000000	7.17367		-2.63078  0.1  0.1		0		-1
	7560.00000000	7.0716		-2.4946  0.1  0.1		0		-1
	7590.00000000	6.87576		-2.21437  0.1  0.1		0		-1
	7620.00000000	6.8848		-2.12482  0.1  0.1		0		-1
	7650.00000000	6.94388		-2.40962  0.1  0.1		0		-1
	7680.00000000	7.17047		-2.51041  0.1  0.1		0		-1
	7710.00000000	7.37787		-2.44701  0.1  0.1		0		-1
	7740.00000000	7.49987		-2.25707  0.1  0.1		0		-1
	7770.00000000	7.53176		-2.61204  0.1  0.1		0		-1
	7800.00000000	7.72956		-2.85805  0.1  0.1		0		-1
	7830.00000000	8.19533		-2.62657  0.1  0.1		0		-1
	7860.00000000	8.55961		-2.16092  0.1  0.1		0		-1
	7890.00000000	8.39585		-1.94242  0.1  0.1		0		-1
	7920.00000000	7.99518		-2.06746  0.1  0.1		0		-1
	7950.00000000	7.70244		-2.28968  0.1  0.1		0		-1
	7980.00000000	7.66902		-2.56904  0.1  0.1		0		-1
	8010.00000000	7.62811		-2.8508  0.1  0.1		0		-1
	8040.00000000	7.47403		-2.94619  0.1  0.1		0		-1
	8070.00000000	7.21936		-2.86542  0.1  0.1		0		-1
	8100.00000000	6.86885		-2.58282  0.1  0.1		0		-1
	8130.00000000	6.96787		-2.45801  0.1  0.1		0		-1
	8160.00000000	7.14736		-2.40615  0.1  0.1		0		-1
	8190.00000000	7.23208		-2.35449  0.1  0.1		0		-1
	8220.00000000	7.32696		-2.41459  0.1  0.1		0		-1
	8250.00000000	7.24612		-2.49838  0.1  0.1		0		-1
	8280.00000000	7.67879		-2.56114  0.1  0.1		0		-1
	8310.00000000	7.73513		-2.59913  0.1  0.1		0		-1
	8340.00000000	7.44144		-2.52469  0.1  0.1		0		-1
	8370.00000000	6.88886		-2.57865  0.1  0.1		0		-1
	8400.00000000	6.54982		-2.45583  0.1  0.1		0		-1
	8430.00000000	6.48003		-2.87118  0.1  0.1		0		-1
	8460.00000000	6.64552		-3.11283  0.1  0.1		0		-1
	8490.00000000	6.68417		-3.07882  0.1  0.1		0		-1
	8520.00000000	6.71879		-2.658  0.1  0.1		0		-1
	8550.00000000	6.82868		-2.25236  0.1  0.1		0		-1
	8580.00000000	7.01647		-2.18635  0.1  0.1		0		-1
	8610.00000000	7.32687		-1.91413  0.1  0.1		0		-1
	8640.00000000	7.601		-2.27407  0.1  0.1		0		-1
	8670.00000000	7.87674		-2.02278  0.1  0.1		0		-1
	8700.00000000	8.04224		-1.59923  0.1  0.1		0		-1
	8730.00000000	8.25414		-0.67208  0.1  0.1		0		-1
	8760.00000000	8.67274		1.0661  0.1  0.1		0		-1
	8790.00000000	9.03359		1.2029  0.1  0.1		0		-1
	8820.00000000	9.09055		0.99941  0.1  0.1		0		-1
	8850.00000000	9.12813		0.77413  0.1  0.1		0		-1
	8880.00000000	9.10074		0.57905  0.1  0.1		0		-1
	8910.00000000	8.54305		0.56795  0.1  0.1		0		-1
	8940.00000000	7.87945		0.14559  0.1  0.1		0		-1
	8970.00000000	7.56888		-0.27232  0.1  0.1		0		-1
	9000.00000000	7.12976		-0.4624  0.1  0.1		0		-1
	9030.00000000	6.75223		-1.25239  0.1  0.1		0		-1
	9060.00000000	6.1439		-1.21478  0.1  0.1		0		-1
	9090.00000000	6.0535		-0.82252  0.1  0.1		0		-1
	9120.00000000	5.90397		-1.2505  0.1  0.1		0		-1
	9150.00000000	6.1946		-1.48291  0.1  0.1		0		-1
	9180.00000000	6.47827		-1.42629  0.1  0.1		0		-1
	9210.00000000	6.88239		-1.42251  0.1  0.1		0		-1
	9240.00000000	6.99092		-1.29203  0.1  0.1		0		-1
	9270.00000000	6.95582		-1.69372  0.1  0.1		0		-1
	9300.00000000	6.8012		-1.90117  0.1  0.1		0		-1
	9330.00000000	6.34698		-2.3334  0.1  0.1		0		-1
	9360.00000000	6.11611		-2.50721  0.1  0.1		0		-1
	9390.00000000	6.50991		-2.73338  0.1  0.1		0		-1
	9420.00000000	6.60898		-2.72986  0.1  0.1		0		-1
	9450.00000000	6.80827		-2.69094  0.1  0.1		0		-1
	9480.00000000	6.88529		-2.77175  0.1  0.1		0		-1
	9510.00000000	6.92553		-2.96819  0.1  0.1		0		-1
	9540.00000000	6.879		-2.8958  0.1  0.1		0		-1
	9570.00000000	6.66874		-2.68295  0.1  0.1		0		-1
	9600.00000000	6.97316		-2.63924  0.1  0.1		0		-1
	9630.00000000	7.32847		-2.55955  0.1  0.1		0		-1
	9660.00000000	7.28275		-2.30372  0.1  0.1		0		-1
	9690.00000000	7.02692		-2.12007  0.1  0.1		0		-1
	9720.00000000	6.99908		-1.7725  0.1  0.1		0		-1
	9750.00000000	7.04005		-1.81675  0.1  0.1		0		-1
	9780.00000000	7.13094		-1.81951  0.1  0.1		0		-1
	9810.00000000	7.20157		-1.65526  0.1  0.1		0		-1
	9840.00000000	7.21456		-1.77017  0.1  0.1		0		-1
	9870.00000000	7.46362		-1.67115  0.1  0.1		0		-1
	9900.00000000	7.31246		-1.81085  0.1  0.1		0		-1
	9930.00000000	7.077		-2.03669  0.1  0.1		0		-1
	9960.00000000	7.21645		-2.2712  0.1  0.1		0		-1
	9990.00000000	7.41452		-2.38896  0.1  0.1		0		-1
	10020.00000000	8.09817		-2.37661  0.1  0.1		0		-1
	10050.00000000	8.28701		-2.34854  0.1  0.1		0		-1
	10080.00000000	8.52161		-2.56953  0.1  0.1		0		-1
	10110.00000000	8.53859		-2.49587  0.1  0.1		0		-1
	10140.00000000	8.62809		-2.61009  0.1  0.1		0		-1
	10170.00000000	8.8643		-2.5524  0.1  0.1		0		-1
	10200.00000000	8.97367		-2.41773  0.1  0.1		0		-1
	10230.00000000	9.05293		-2.56804  0.1  0.1		0		-1
	10260.00000000	9.13307		-2.43573  0.1  0.1		0		-1
	10290.00000000	9.06403		-2.21195  0.1  0.1		0		-1
	10320.00000000	8.88784		-2.17608  0.1  0.1		0		-1
	10350.00000000	8.43084		-2.00925  0.1  0.1		0		-1
	10380.00000000	8.03824		-2.06333  0.1  0.1		0		-1
	10410.00000000	7.55103		-2.12312  0.1  0.1		0		-1
	10440.00000000	7.31698		-1.84711  0.1  0.1		0		-1
	10470.00000000	7.19194		-1.41271  0.1  0.1		0		-1
	10500.00000000	7.32463		-1.23046  0.1  0.1		0		-1
	10530.00000000	7.67038		-1.45405  0.1  0.1		0		-1
	10560.00000000	7.87066		-1.32011  0.1  0.1		0		-1
	10590.00000000	8.05309		-1.16468  0.1  0.1		0		-1
	10620.00000000	8.53372		-0.80599  0.1  0.1		0		-1
	10650.00000000	8.26524		-0.93961  0.1  0.1		0		-1
	10680.00000000	8.04991		-1.38133  0.1  0.1		0		-1
	10710.00000000	7.71304		-1.29157  0.1  0.1		0		-1
	10740.00000000	7.43475		-1.42062  0.1  0.1		0		-1
	10770.00000000	6.90055		-1.23112  0.1  0.1		0		-1
	10800.00000000	6.79697		-0.84607  0.1  0.1		0		-1
	10830.00000001	6.0179		-0.55614  0.1  0.1		0		-1
	10860.00000001	5.90793		-0.94751  0.1  0.1		0		-1
	10890.00000001	6.49542		-1.202  0.1  0.1		0		-1
	10920.00000001	7.28761		-1.55473  0.1  0.1		0		-1
	10950.00000001	7.97441		-1.7514  0.1  0.1		0		-1
	10980.00000001	8.37925		-1.6729  0.1  0.1		0		-1
	11010.00000001	8.54151		-1.68525  0.1  0.1		0		-1
	11040.00000001	8.57442		-1.69741  0.1  0.1		0		-1
	11070.00000001	8.68587		-1.69994  0.1  0.1		0		-1
	11100.00000001	8.41845		-1.54943  0.1  0.1		0		-1
	11130.00000001	8.00439		-1.32185  0.1  0.1		0		-1
	11160.00000001	7.73482		-0.91382  0.1  0.1		0		-1
	11190.00000001	7.88004		-1.00644  0.1  0.1		0		-1
	11220.00000001	8.06128		-1.94473  0.1  0.1		0		-1
	11250.00000001	8.20667		3.02314  0.1  0.1		0		-1
	11280.00000001	8.40341		2.75916  0.1  0.1		0		-1
	11310.00000001	8.92119		1.38704  0.1  0.1		0		-1
	11340.00000001	9.21619		0.85017  0.1  0.1		0		-1
	11370.00000001	9.40875		1.11274  0.1  0.1		0		-1
	11400.00000001	8.95053		1.0945  0.1  0.1		0		-1
	11430.00000001	8.67182		0.98692  0.1  0.1		0		-1
	11460.00000001	8.09732		0.88946  0.1  0.1		0		-1
	11490.00000001	7.71009		0.70059  0.1  0.1		0		-1
	11520.00000001	7.75531		0.27891  0.1  0.1		0		-1
	11550.00000001	7.62484		0.44168  0.1  0.1		0		-1
	11580.00000001	7.53953		0.50689  0.1  0.1		0		-1
	11610.00000001	7.12997		0.38136  0.1  0.1		0		-1
	11640.00000001	6.91894		0.10392  0.1  0.1		0		-1
	11670.00000001	6.54806		0.0753  0.1  0.1		0		-1
	11700.00000001	6.44545		0.05113  0.1  0.1		0		-1
	11730.00000001	6.66407		0.00247  0.1  0.1		0		-1
	11760.00000001	6.75678		0.02122  0.1  0.1		0		-1
	11790.00000001	7.30215		0.15812  0.1  0.1		0		-1
	11820.00000001	7.48931		0.35336  0.1  0.1		0		-1
	11850.00000001	7.58422		0.4881  0.1  0.1		0		-1
	11880.00000001	7.54873		0.91766  0.1  0.1		0		-1
	11910.00000001	7.83646		1.26262  0.1  0.1		0		-1
	11940.00000001	8.03855		1.14131  0.1  0.1		0		-1
	11970.00000001	7.89243		1.22375  0.1  0.1		0		-1
	12000.00000001	8.11936		1.04846  0.1  0.1		0		-1
	12030.00000001	8.67514		1.04451  0.1  0.1		0		-1
	12060.00000001	8.91484		1.23442  0.1  0.1		0		-1
	12090.00000001	8.98023		1.04672  0.1  0.1		0		-1
	12120.00000001	8.75229		1.03396  0.1  0.1		0		-1
	12150.00000001	8.69174		1.08177  0.1  0.1		0		-1
	12180.00000001	8.17649		1.00956  0.1  0.1		0		-1
	12210.00000001	8.20795		1.18773  0.1  0.1		0		-1
	12240.00000001	8.15793		1.23739  0.1  0.1		0		-1
	12270.00000001	7.68526		1.11203  0.1  0.1		0		-1
	12300.00000001	7.68203		0.89231  0.1  0.1		0		-1
	12330.00000001	7.34175		1.27152  0.1  0.1		0		-1
	12360.00000001	7.13192		0.8525  0.1  0.1		0		-1
	12390.00000001	6.58622		0.36428  0.1  0.1		0		-1
	12420.00000001	6.23905		0.95654  0.1  0.1		0		-1
	12450.00000001	6.17915		1.29858  0.1  0.1		0		-1
	12480.00000001	6.51569		1.68196  0.1  0.1		0		-1
	12510.00000001	7.26201		2.0426  0.1  0.1		0		-1
	12540.00000001	7.70852		2.09417  0.1  0.1		0		-1
	12570.00000001	8.15774		2.42065  0.1  0.1		0		-1
	12600.00000001	8.52267		2.69918  0.1  0.1		0		-1
	12630.00000001	8.27993		2.67826  0.1  0.1		0		-1
	12660.00000001	7.86686		2.95431  0.1  0.1		0		-1
	12690.00000001	7.06821		3.08243  0.1  0.1		0		-1
	12720.00000001	6.65808		-3.10211  0.1  0.1		0		-1
	12750.00000001	6.50506		3.02378  0.1  0.1		0		-1
	12780.00000001	6.95166		2.76333  0.1  0.1		0		-1
	12810.00000001	6.98856		2.63553  0.1  0.1		0		-1
	12840.00000001	6.72432		2.41381  0.1  0.1		0		-1
	12870.00000001	6.57609		2.40004  0.1  0.1		0		-1
	12900.00000001	6.51473		2.45917  0.1  0.1		0		-1
	12930.00000001	6.44925		2.30496  0.1  0.1		0		-1
	12960.00000001	6.29295		2.24359  0.1  0.1		0		-1
	12990.00000001	6.1133		2.26952  0.1  0.1		0		-1
	13020.00000001	6.13356		2.4918  0.1  0.1		0		-1
	13050.00000001	6.43429		2.498  0.1  0.1		0		-1
	13080.00000001	6.81712		2.33919  0.1  0.1		0		-1
	13110.00000001	7.07932		2.30202  0.1  0.1		0		-1
	13140.00000001	7.34104		2.47064  0.1  0.1		0		-1
	13170.00000001	7.68614		2.81076  0.1  0.1		0		-1
	13200.00000001	7.90285		2.7798  0.1  0.1		0		-1
	13230.00000001	7.91942		2.9391  0.1  0.1		0		-1
	13260.00000001	7.98951		-3.11906  0.1  0.1		0		-1
	13290.00000001	8.07358		-2.71203  0.1  0.1		0		-1
	13320.00000001	7.90503		-2.42687  0.1  0.1		0		-1
	13350.00000001	7.71996		-2.46052  0.1  0.1		0		-1
	13380.00000001	7.52212		-2.2699  0.1  0.1		0		-1
	13410.00000001	7.49093		-2.11068  0.1  0.1		0		-1
	13440.00000001	7.2168		-1.97862  0.1  0.1		0		-1
	13470.00000001	7.08543		-2.05928  0.1  0.1		0		-1
	13500.00000001	6.54614		-2.20563  0.1  0.1		0		-1
	13530.00000001	6.10924		-2.1126  0.1  0.1		0		-1
	13560.00000001	6.29993		-2.22327  0.1  0.1		0		-1
	13590.00000001	6.28847		-2.35025  0.1  0.1		0		-1
	13620.00000001	6.77899		-2.40542  0.1  0.1		0		-1
	13650.00000001	6.84761		-2.53446  0.1  0.1		0		-1
	13680.00000001	7.19459		-2.5375  0.1  0.1		0		-1
	13710.00000001	7.54636		-2.62088  0.1  0.1		0		-1
	13740.00000001	7.72251		-2.68095  0.1  0.1		0		-1
	13770.00000001	7.72313		-2.65826  0.1  0.1		0		-1
	13800.00000001	7.33334		-2.67624  0.1  0.1		0		-1
	13830.00000001	7.37525		-2.84347  0.1  0.1		0		-1
	13860.00000001	7.58814		-2.83307  0.1  0.1		0		-1
	13890.00000001	7.28188		-2.6334  0.1  0.1		0		-1
	13920.00000001	7.16401		-2.5383  0.1  0.1		0		-1
	13950.00000001	7.283		-2.47025  0.1  0.1		0		-1
	13980.00000001	8.09813		-2.56924  0.1  0.1		0		-1
	14010.00000001	8.46154		-2.75341  0.1  0.1		0		-1
	14040.00000001	8.44818		-2.96701  0.1  0.1		0		-1
	14070.00000001	8.52744		3.00424  0.1  0.1		0		-1
	14100.00000001	8.42091		3.12214  0.1  0.1		0		-1
	14130.00000001	8.09085		-3.02156  0.1  0.1		0		-1
	14160.00000001	7.27101		-3.06036  0.1  0.1		0		-1
	14190.00000001	6.51274		-3.04997  0.1  0.1		0		-1
	14220.00000001	6.74823		-2.76448  0.1  0.1		0		-1
	14250.00000000	6.73994		-2.64173  0.1  0.1		0		-1
	14280.00000000	7.07475		-2.29548  0.1  0.1		0		-1
	14310.00000000	7.68538		-2.0059  0.1  0.1		0		-1
	14340.00000000	7.81048		-1.88755  0.1  0.1		0		-1
	14370.00000000	7.04879		-1.93053  0.1  0.1		0		-1
	14400.00000000	6.88922		-2.08479  0.1  0.1		0		-1
	14430.00000000	7.15979		-2.24741  0.1  0.1		0		-1
	14460.00000000	7.07444		-2.18187  0.1  0.1		0		-1
	14490.00000000	7.0619		-2.21834  0.1  0.1		0		-1
	14520.00000000	6.92627		-2.05471  0.1  0.1		0		-1
	14550.00000000	6.80225		-2.07831  0.1  0.1		0		-1
	14580.00000000	6.93596		-2.15818  0.1  0.1		0		-1
	14610.00000000	7.12139		-2.10434  0.1  0.1		0		-1
	14640.00000000	7.06131		-2.15701  0.1  0.1		0		-1
	14670.00000000	6.88845		-2.42855  0.1  0.1		0		-1
	14700.00000000	6.72745		-2.43507  0.1  0.1		0		-1
	14730.00000000	6.90889		-2.40728  0.1  0.1		0		-1
	14760.00000000	7.22204		-2.56784  0.1  0.1		0		-1
	14790.00000000	7.35584		-2.47342  0.1  0.1		0		-1
	14820.00000000	7.53021		-2.51951  0.1  0.1		0		-1
	14850.00000000	7.82655		-2.59915  0.1  0.1		0		-1
	14880.00000000	8.35481		-2.72072  0.1  0.1		0		-1
	14910.00000000	8.51607		-2.73578  0.1  0.1		0		-1
	14940.00000000	8.72673		-2.84915  0.1  0.1		0		-1
	14970.00000000	8.49089		-2.83401  0.1  0.1		0		-1
	15000.00000000	8.08708		-2.94333  0.1  0.1		0		-1
	15030.00000000	7.893		-3.07384  0.1  0.1		0		-1
	15060.00000000	7.52792		-2.97191  0.1  0.1		0		-1
	15090.00000000	7.47594		-3.00492  0.1  0.1		0		-1
	15120.00000000	7.41764		-3.04093  0.1  0.1		0		-1
	15150.00000000	7.07967		-2.94107  0.1  0.1		0		-1
	15180.00000000	7.15196		-3.08466  0.1  0.1		0		-1
	15210.00000000	7.35697		-3.01399  0.1  0.1		0		-1
	15240.00000000	7.18787		-2.87089  0.1  0.1		0		-1
	15270.00000000	6.99661		-2.80925  0.1  0.1		0		-1
	15300.00000000	6.58166		-2.72137  0.1  0.1		0		-1
	15330.00000000	6.54955		-2.82028  0.1  0.1		0		-1
	15360.00000000	6.73363		-2.92906  0.1  0.1		0		-1
	15390.00000000	6.87387		-2.89944  0.1  0.1		0		-1
	15420.00000000	7.01446		-2.70049  0.1  0.1		0		-1
	15450.00000000	6.94039		-2.65881  0.1  0.1		0		-1
	15480.00000000	6.96429		-2.41515  0.1  0.1		0		-1
	15510.00000000	7.14876		-2.23744  0.1  0.1		0		-1
	15540.00000000	7.65415		-2.19424  0.1  0.1		0		-1
	15570.00000000	7.81997		-2.21069  0.1  0.1		0		-1
	15600.00000000	7.70207		-2.31741  0.1  0.1		0		-1
	15630.00000000	7.1412		-2.43656  0.1  0.1		0		-1
	15660.00000000	6.86432		-2.49941  0.1  0.1		0		-1
	15690.00000000	6.80008		-2.52029  0.1  0.1		0		-1
	15720.00000000	6.88536		-2.47023  0.1  0.1		0		-1
	15750.00000000	7.05175		-2.26709  0.1  0.1		0		-1
	15780.00000000	7.38983		-2.28761  0.1  0.1		0		-1
	15810.00000000	7.87847		-2.24841  0.1  0.1		0		-1
	15840.00000000	7.82921		-2.41901  0.1  0.1		0		-1
	15870.00000000	7.37421		-2.4506  0.1  0.1		0		-1
	15900.00000000	6.88429		-2.33005  0.1  0.1		0		-1
	15930.00000000	6.47465		-2.28663  0.1  0.1		0		-1
	15960.00000000	6.53489		-2.25513  0.1  0.1		0		-1
	15990.00000000	6.75071		-2.18645  0.1  0.1		0		-1
	16020.00000000	6.86043		-2.26515  0.1  0.1		0		-1
	16050.00000000	6.70805		-2.38607  0.1  0.1		0		-1
	16080.00000000	6.61895		-2.54356  0.1  0.1		0		-1
	16110.00000000	6.38248		-2.55643  0.1  0.1		0		-1
	16140.00000000	6.60298		-2.47397  0.1  0.1		0		-1
	16170.00000000	7.13012		-2.69519  0.1  0.1		0		-1
	16200.00000000	7.32965		-2.80054  0.1  0.1		0		-1
	16230.00000000	7.47488		-2.99065  0.1  0.1		0		-1
	16260.00000000	7.50541		-2.75305  0.1  0.1		0		-1
	16290.00000000	7.60183		-2.54906  0.1  0.1		0		-1
	16320.00000000	7.69984		-2.51344  0.1  0.1		0		-1
	16350.00000000	7.85369		-2.5869  0.1  0.1		0		-1
	16380.00000000	7.89498		-2.6234  0.1  0.1		0		-1
	16410.00000000	7.98181		-2.64406  0.1  0.1		0		-1
	16440.00000000	7.89695		-2.73054  0.1  0.1		0		-1
	16470.00000000	7.87903		-2.87147  0.1  0.1		0		-1
	16500.00000000	7.78121		-2.35343  0.1  0.1		0		-1
	16530.00000000	7.47372		-2.06035  0.1  0.1		0		-1
	16560.00000000	7.32517		-2.01248  0.1  0.1		0		-1
	16590.00000000	7.10767		-2.19739  0.1  0.1		0		-1
	16620.00000000	7.23835		-2.50472  0.1  0.1		0		-1
	16650.00000000	7.60132		-2.46096  0.1  0.1		0		-1
	16680.00000000	8.32287		-2.35364  0.1  0.1		0		-1
	16710.00000000	8.69756		-2.49592  0.1  0.1		0		-1
	16740.00000000	8.58936		-2.3607  0.1  0.1		0		-1
	16770.00000000	8.11611		-2.24885  0.1  0.1		0		-1
	16800.00000000	7.61485		-2.08227  0.1  0.1		0		-1
	16830.00000000	7.15848		-2.30347  0.1  0.1		0		-1
	16860.00000000	7.04056		-2.42196  0.1  0.1		0		-1
	16890.00000000	7.36926		-2.38737  0.1  0.1		0		-1
	16920.00000000	7.39282		-2.47614  0.1  0.1		0		-1
	16950.00000000	7.64782		-2.50997  0.1  0.1		0		-1
	16980.00000000	7.53769		-2.47189  0.1  0.1		0		-1
	17010.00000000	6.9923		-2.73144  0.1  0.1		0		-1
	17040.00000000	6.71662		-2.6592  0.1  0.1		0		-1
	17070.00000000	6.55835		-2.59429  0.1  0.1		0		-1
	17100.00000000	6.3334		-2.52676  0.1  0.1		0		-1
	17130.00000000	6.07269		-2.52367  0.1  0.1		0		-1
	17160.00000000	6.19473		-2.7581  0.1  0.1		0		-1
	17190.00000000	6.4372		-2.84591  0.1  0.1		0		-1
	17220.00000000	6.80728		-3.07216  0.1  0.1		0		-1
	17250.00000000	7.05317		-3.10809  0.1  0.1		0		-1
	17280.00000000	7.37016		-3.14149  0.1  0.1		0		-1
	17310.00000000	7.46931		-3.08666  0.1  0.1		0		-1
	17340.00000000	7.42029		3.07787  0.1  0.1		0		-1
	17370.00000000	7.47154		-2.86101  0.1  0.1		0		-1
	17400.00000000	7.29816		-2.67536  0.1  0.1		0		-1
	17430.00000000	7.06917		-2.93414  0.1  0.1		0		-1
	17460.00000000	7.12275		-2.88497  0.1  0.1		0		-1
	17490.00000000	6.92074		-2.86277  0.1  0.1		0		-1
	17520.00000000	6.95535		-3.09578  0.1  0.1		0		-1
	17550.00000000	6.57243		3.13831  0.1  0.1		0		-1
	17580.00000000	6.57821		3.04848  0.1  0.1		0		-1
	17610.00000000	6.87959		-3.03053  0.1  0.1		0		-1
	17640.00000000	6.90394		-3.04145  0.1  0.1		0		-1
	17670.00000000	7.22197		-3.11267  0.1  0.1		0		-1
	17700.00000000	7.46226		-3.0561  0.1  0.1		0		-1
	17730.00000000	7.38453		-2.95059  0.1  0.1		0		-1
	17760.00000000	7.40437		-2.97206  0.1  0.1		0		-1
	17790.00000000	7.28751		-2.97908  0.1  0.1		0		-1
	17820.00000000	7.48755		2.94662  0.1  0.1		0		-1
	17850.00000000	7.13411		2.83452  0.1  0.1		0		-1
	17880.00000000	7.11757		2.58157  0.1  0.1		0		-1
	17910.00000000	7.54111		2.48471  0.1  0.1		0		-1
	17940.00000000	7.43183		2.58298  0.1  0.1		0		-1
	17970.00000000	7.42658		2.66736  0.1  0.1		0		-1
	18000.00000000	7.57433		2.86128  0.1  0.1		0		-1
	18030.00000000	7.62723		2.69945  0.1  0.1		0		-1
	18060.00000000	7.67075		2.63719  0.1  0.1		0		-1
	18090.00000000	7.56552		2.66897  0.1  0.1		0		-1
	18120.00000000	7.5626		2.60453  0.1  0.1		0		-1
	18150.00000000	7.66713		2.57719  0.1  0.1		0		-1
	18180.00000000	7.26179		2.71024  0.1  0.1		0		-1
	18210.00000000	7.14823		2.82839  0.1  0.1		0		-1
	18240.00000000	7.56403		2.68828  0.1  0.1		0		-1
	18270.00000000	7.39706		2.71093  0.1  0.1		0		-1
	18300.00000000	7.57418		2.88098  0.1  0.1		0		-1
	18330.00000000	7.2238		2.87182  0.1  0.1		0		-1
	18360.00000000	6.66068		2.92436  0.1  0.1		0		-1
	18390.00000000	6.58584		-2.98441  0.1  0.1		0		-1
	18420.00000000	6.59775		-2.93181  0.1  0.1		0		-1
	18450.00000000	7.13931		-2.68349  0.1  0.1		0		-1
	18480.00000000	7.45776		-2.63334  0.1  0.1		0		-1
	18510.00000000	7.21724		-2.77375  0.1  0.1		0		-1
	18540.00000000	7.39083		-2.96854  0.1  0.1		0		-1
	18570.00000000	7.62836		2.77777  0.1  0.1		0		-1
	18600.00000000	7.34483		2.74786  0.1  0.1		0		-1
	18630.00000000	7.28301		2.77527  0.1  0.1		0		-1
	18660.00000000	6.94001		2.75633  0.1  0.1		0		-1
	18690.00000000	6.47001		2.91602  0.1  0.1		0		-1
	18720.00000000	6.85402		2.81886  0.1  0.1		0		-1
	18750.00000000	7.00002		2.92266  0.1  0.1		0		-1
	18780.00000000	6.78475		-3.00535  0.1  0.1		0		-1
	18810.00000000	6.6121		-2.98358  0.1  0.1		0		-1
	18840.00000000	6.83485		3.13137  0.1  0.1		0		-1
	18870.00000000	6.99861		3.09194  0.1  0.1		0		-1
	18900.00000000	6.7988		3.0959  0.1  0.1		0		-1
	18930.00000000	7.09558		-3.10833  0.1  0.1		0		-1
	18960.00000000	7.78937		-3.02968  0.1  0.1		0		-1
	18990.00000000	8.25833		-2.95854  0.1  0.1		0		-1
	19020.00000000	8.61932		-2.80315  0.1  0.1		0		-1
	19050.00000000	8.74849		-2.84348  0.1  0.1		0		-1
	19080.00000000	8.65018		-2.98413  0.1  0.1		0		-1
	19110.00000000	8.20539		3.08717  0.1  0.1		0		-1
	19140.00000000	7.20003		2.99404  0.1  0.1		0		-1
	19170.00000000	6.71996		2.87276  0.1  0.1		0		-1
	19200.00000000	6.42233		2.73244  0.1  0.1		0		-1
	19230.00000000	6.21189		2.60733  0.1  0.1		0		-1
	19260.00000000	6.44453		2.66069  0.1  0.1		0		-1
	19290.00000000	6.58742		2.60214  0.1  0.1		0		-1
	19320.00000000	6.25609		2.30636  0.1  0.1		0		-1
	19350.00000000	6.07351		2.05157  0.1  0.1		0		-1
	19380.00000000	5.83244		1.95721  0.1  0.1		0		-1
	19410.00000000	5.69234		1.86936  0.1  0.1		0		-1
	19440.00000000	5.78161		1.85925  0.1  0.1		0		-1
	19470.00000000	5.96615		2.05522  0.1  0.1		0		-1
	19500.00000000	6.50379		2.54738  0.1  0.1		0		-1
	19530.00000000	6.93923		2.66281  0.1  0.1		0		-1
	19560.00000000	7.62009		2.96694  0.1  0.1		0		-1
	19590.00000000	7.93883		2.96968  0.1  0.1		0		-1
	19620.00000000	8.17402		3.05037  0.1  0.1		0		-1
	19650.00000000	7.89903		-3.06389  0.1  0.1		0		-1
	19680.00000000	7.2478		3.10538  0.1  0.1		0		-1
	19710.00000000	6.70557		2.78227  0.1  0.1		0		-1
	19740.00000000	6.25219		2.79663  0.1  0.1		0		-1
	19770.00000000	6.33035		3.04526  0.1  0.1		0		-1
	19800.00000000	7.0603		3.09317  0.1  0.1		0		-1
	19830.00000000	7.68168		3.13261  0.1  0.1		0		-1
	19860.00000000	7.85825		2.94011  0.1  0.1		0		-1
	19890.00000000	7.86906		2.90688  0.1  0.1		0		-1
	19920.00000000	7.63437		2.78858  0.1  0.1		0		-1
	19950.00000000	7.47912		2.86618  0.1  0.1		0		-1
	19980.00000000	7.39145		2.81278  0.1  0.1		0		-1
	20010.00000000	7.28967		2.89794  0.1  0.1		0		-1
	20040.00000000	7.08828		3.12875  0.1  0.1		0		-1
	20070.00000000	7.04052		-2.91855  0.1  0.1		0		-1
	20100.00000000	6.66326		-2.88041  0.1  0.1		0		-1
	20130.00000000	6.82409		-2.982  0.1  0.1		0		-1
	20160.00000000	7.13608		-3.01062  0.1  0.1		0		-1
	20190.00000000	6.75123		-2.92918  0.1  0.1		0		-1
	20220.00000000	6.48385		-3.01977  0.1  0.1		0		-1
	20250.00000000	6.32401		-3.13249  0.1  0.1		0		-1
	20280.00000000	6.54091		3.03076  0.1  0.1		0		-1
