	30.00000000	2.83254		-3.06307  0.2  0.2		4.1705503158		-1.0
	60.00000000	3.01023		2.92886  0.2  0.2		4.1705503158		-1.0
	90.00000000	3.08812		2.68968  0.2  0.2		4.1705503158		-1.0
	120.00000000	3.07983		2.75095  0.2  0.2		4.1705503158		-1.0
	150.00000000	2.87713		2.90213  0.2  0.2		4.1705503158		-1.0
	180.00000000	2.81094		3.12878  0.2  0.2		4.1705503158		-1.0
	210.00000000	2.84109		-2.90947  0.2  0.2		4.1705503158		-1.0
	240.00000000	3.02195		-2.8188  0.2  0.2		4.1705503158		-1.0
	270.00000000	3.07597		-2.89421  0.2  0.2		4.1705503158		-1.0
	300.00000000	2.98992		3.07975  0.2  0.2		4.1705503158		-1.0
	330.00000000	2.83285		2.95684  0.2  0.2		4.1705503158		-1.0
	360.00000000	2.98999		3.05451  0.2  0.2		4.1705503158		-1.0
	390.00000000	2.88449		2.93983  0.2  0.2		4.1705503158		-1.0
	420.00000000	3.14492		2.98477  0.2  0.2		4.1705503158		-1.0
	450.00000000	2.94775		-3.0383  0.2  0.2		4.1705503158		-1.0
	480.00000000	2.85125		-2.841  0.2  0.2		4.1705503158		-1.0
	510.00000000	2.90303		-2.58196  0.2  0.2		4.1705503158		-1.0
	540.00000000	2.98796		-2.4191  0.2  0.2		4.1705503158		-1.0
	570.00000000	2.76469		-2.69336  0.2  0.2		4.1705503158		-1.0
	600.00000000	2.72552		-2.77985  0.2  0.2		4.1705503158		-1.0
	630.00000000	3.2524		-2.78965  0.2  0.2		4.1705503158		-1.0
	660.00000000	2.79164		-3.09364  0.2  0.2		4.1705503158		-1.0
	690.00000000	2.98478		-2.74362  0.2  0.2		4.1705503158		-1.0
	720.00000000	2.83211		-2.4649  0.2  0.2		4.1705503158		-1.0
	750.00000000	2.84647		-1.97246  0.2  0.2		4.1705503158		-1.0
	780.00000000	2.78767		-1.56999  0.2  0.2		4.1705503158		-1.0
	810.00000000	2.95614		-1.51339  0.2  0.2		4.1705503158		-1.0
	840.00000000	2.87612		-1.76781  0.2  0.2		4.1705503158		-1.0
	870.00000000	2.9614		-2.01724  0.2  0.2		4.1705503158		-1.0
	900.00000000	3.06051		-2.01234  0.2  0.2		4.1705503158		-1.0
	930.00000000	2.88436		-1.97456  0.2  0.2		4.1705503158		-1.0
	960.00000000	2.88503		-1.77992  0.2  0.2		4.1705503158		-1.0
	990.00000000	3.31445		-1.60615  0.2  0.2		4.1705503158		-1.0
	1020.00000000	2.96274		-1.66735  0.2  0.2		4.1705503158		-1.0
	1050.00000000	2.88226		-1.69395  0.2  0.2		4.1705503158		-1.0
	1080.00000000	2.85042		-1.25962  0.2  0.2		4.1705503158		-1.0
	1110.00000000	3.01984		-1.30504  0.2  0.2		4.1705503158		-1.0
	1140.00000000	2.69625		-1.26983  0.2  0.2		4.1705503158		-1.0
	1170.00000000	2.93992		-1.27122  0.2  0.2		4.1705503158		-1.0
	1200.00000000	2.90989		-1.01466  0.2  0.2		4.1705503158		-1.0
	1230.00000000	3.01195		-1.05467  0.2  0.2		4.1705503158		-1.0
	1260.00000000	2.78613		-0.90812  0.2  0.2		4.1705503158		-1.0
	1290.00000000	2.93925		-0.80575  0.2  0.2		4.1705503158		-1.0
	1320.00000000	2.89254		-0.67096  0.2  0.2		4.1705503158		-1.0
	1350.00000000	2.98771		-0.43961  0.2  0.2		4.1705503158		-1.0
	1380.00000000	2.84899		-0.12865  0.2  0.2		4.1705503158		-1.0
	1410.00000000	2.90156		-0.04854  0.2  0.2		4.1705503158		-1.0
	1440.00000000	3.01485		-0.17475  0.2  0.2		4.1705503158		-1.0
	1470.00000000	2.90542		-0.53892  0.2  0.2		4.1705503158		-1.0
	1500.00000000	2.80217		-1.16841  0.2  0.2		4.1705503158		-1.0
	1530.00000000	3.05886		-0.9347  0.2  0.2		4.1705503158		-1.0
	1560.00000000	2.95398		-0.46774  0.2  0.2		4.1705503158		-1.0
	1590.00000000	3.14888		-0.21881  0.2  0.2		4.1705503158		-1.0
	1620.00000000	2.79506		-0.19492  0.2  0.2		4.1705503158		-1.0
	1650.00000000	2.8958		-0.40228  0.2  0.2		4.1705503158		-1.0
	1680.00000000	2.83479		-0.84961  0.2  0.2		4.1705503158		-1.0
	1710.00000000	3.18128		-1.45504  0.2  0.2		4.1705503158		-1.0
	1740.00000000	2.96885		-1.65403  0.2  0.2		4.1705503158		-1.0
	1770.00000000	2.95497		-1.62317  0.2  0.2		4.1705503158		-1.0
	1800.00000000	3.11714		-1.07709  0.2  0.2		4.1705503158		-1.0
	1830.00000000	2.87239		-1.13677  0.2  0.2		4.1705503158		-1.0
	1860.00000000	2.72929		-1.38607  0.2  0.2		4.1705503158		-1.0
	1890.00000000	3.35254		-1.50222  0.2  0.2		4.1705503158		-1.0
	1920.00000000	2.79928		-1.64334  0.2  0.2		4.1705503158		-1.0
	1950.00000000	3.24298		-1.88664  0.2  0.2		4.1705503158		-1.0
	1980.00000000	2.859		-2.19478  0.2  0.2		4.1705503158		-1.0
	2010.00000000	2.97748		-2.31252  0.2  0.2		4.1705503158		-1.0
	2040.00000000	3.24924		-2.02995  0.2  0.2		4.1705503158		-1.0
	2070.00000000	2.91294		-2.18392  0.2  0.2		4.1705503158		-1.0
	2100.00000000	3.02691		-2.13895  0.2  0.2		4.1705503158		-1.0
	2130.00000000	3.13677		-2.19068  0.2  0.2		4.1705503158		-1.0
	2160.00000000	2.70844		-2.19251  0.2  0.2		4.1705503158		-1.0
	2190.00000000	3.26733		-2.51295  0.2  0.2		4.1705503158		-1.0
	2220.00000000	3.00799		-2.56001  0.2  0.2		4.1705503158		-1.0
	2250.00000000	2.85009		-2.49209  0.2  0.2		4.1705503158		-1.0
	2280.00000000	3.08229		-2.56224  0.2  0.2		4.1705503158		-1.0
	2310.00000000	2.9015		-2.82343  0.2  0.2		4.1705503158		-1.0
	2340.00000000	3.16475		-2.84395  0.2  0.2		4.1705503158		-1.0
	2370.00000000	2.79466		-2.80627  0.2  0.2		4.1705503158		-1.0
	2400.00000000	3.04191		-2.9049  0.2  0.2		4.1705503158		-1.0
	2430.00000000	3.10074		2.95093  0.2  0.2		4.1705503158		-1.0
	2460.00000000	2.81075		3.13866  0.2  0.2		4.1705503158		-1.0
	2490.00000000	3.38444		-2.9056  0.2  0.2		4.1705503158		-1.0
	2520.00000000	2.88563		-2.79933  0.2  0.2		4.1705503158		-1.0
	2550.00000000	2.78235		-2.67287  0.2  0.2		4.1705503158		-1.0
	2580.00000000	2.89983		-2.2395  0.2  0.2		4.1705503158		-1.0
	2610.00000000	3.39293		-2.0804  0.2  0.2		4.1705503158		-1.0
	2640.00000000	2.73975		-2.21658  0.2  0.2		4.1705503158		-1.0
	2670.00000000	3.1248		-2.36722  0.2  0.2		4.1705503158		-1.0
	2700.00000000	3.33259		-2.55737  0.2  0.2		4.1705503158		-1.0
	2730.00000000	2.92798		-2.46769  0.2  0.2		4.1705503158		-1.0
	2760.00000000	3.02383		-2.51456  0.2  0.2		4.1705503158		-1.0
	2790.00000000	3.29619		-2.45631  0.2  0.2		4.1705503158		-1.0
	2820.00000000	2.86651		-2.12405  0.2  0.2		4.1705503158		-1.0
	2850.00000000	3.31798		-2.08366  0.2  0.2		4.1705503158		-1.0
	2880.00000000	2.80333		-1.96205  0.2  0.2		4.1705503158		-1.0
	2910.00000000	3.16785		-1.78826  0.2  0.2		4.1705503158		-1.0
	2940.00000000	3.19063		-1.69333  0.2  0.2		4.1705503158		-1.0
	2970.00000000	3.2126		-1.78052  0.2  0.2		4.1705503158		-1.0
	3000.00000000	2.80025		-1.85693  0.2  0.2		4.1705503158		-1.0
	3030.00000000	3.16528		-1.97956  0.2  0.2		4.1705503158		-1.0
	3060.00000000	3.32341		-2.13293  0.2  0.2		4.1705503158		-1.0
	3090.00000000	2.62614		-2.25745  0.2  0.2		4.1705503158		-1.0
	3120.00000000	2.77729		-2.27115  0.2  0.2		4.1705503158		-1.0
	3150.00000000	3.21179		-2.36262  0.2  0.2		4.1705503158		-1.0
	3180.00000000	3.21757		-2.6483  0.2  0.2		4.1705503158		-1.0
	3210.00000000	3.46425		-2.99816  0.2  0.2		4.1705503158		-1.0
	3240.00000000	3.25348		-2.87756  0.2  0.2		4.1705503158		-1.0
	3270.00000000	3.10316		-2.80047  0.2  0.2		4.1705503158		-1.0
	3300.00000000	3.19691		-2.60383  0.2  0.2		4.1705503158		-1.0
	3330.00000000	3.46225		-2.41005  0.2  0.2		4.1705503158		-1.0
	3360.00000000	3.04286		-2.58413  0.2  0.2		4.1705503158		-1.0
	3390.00000000	2.7846		-2.68735  0.2  0.2		4.1705503158		-1.0
	3420.00000000	2.77098		-2.44191  0.2  0.2		4.1705503158		-1.0
	3450.00000000	2.73753		-2.31005  0.2  0.2		4.1705503158		-1.0
	3480.00000000	3.33493		-1.91427  0.2  0.2		4.1705503158		-1.0
	3510.00000000	2.64445		-1.68286  0.2  0.2		4.1705503158		-1.0
	3540.00000000	3.04479		-1.62976  0.2  0.2		4.1705503158		-1.0
	3570.00000000	2.82993		-1.08072  0.2  0.2		4.1705503158		-1.0
	3600.00000000	2.9917		-0.73104  0.2  0.2		4.1705503158		-1.0
	3630.00000000	2.96702		-0.64504  0.2  0.2		4.1705503158		-1.0
	3660.00000000	2.87379		-0.8621  0.2  0.2		4.1705503158		-1.0
	3690.00000000	2.81882		-0.93453  0.2  0.2		4.1705503158		-1.0
	3720.00000000	3.41649		-0.86718  0.2  0.2		4.1705503158		-1.0
	3750.00000000	2.87018		-0.68692  0.2  0.2		4.1705503158		-1.0
	3780.00000000	3.14676		-0.60425  0.2  0.2		4.1705503158		-1.0
	3810.00000000	3.03433		-0.67739  0.2  0.2		4.1705503158		-1.0
	3840.00000000	3.17426		-1.02873  0.2  0.2		4.1705503158		-1.0
	3870.00000000	3.00995		-1.40818  0.2  0.2		4.1705503158		-1.0
	3900.00000000	2.79476		-1.3502  0.2  0.2		4.1705503158		-1.0
	3930.00000000	3.15917		-0.94751  0.2  0.2		4.1705503158		-1.0
	3960.00000000	3.215		-1.06854  0.2  0.2		4.1705503158		-1.0
	3990.00000000	3.29233		-1.29304  0.2  0.2		4.1705503158		-1.0
	4020.00000000	2.7171		-1.1266  0.2  0.2		4.1705503158		-1.0
	4050.00000000	2.77782		-0.68555  0.2  0.2		4.1705503158		-1.0
	4080.00000000	3.04447		-0.22175  0.2  0.2		4.1705503158		-1.0
	4110.00000000	2.96104		-0.25574  0.2  0.2		4.1705503158		-1.0
	4140.00000000	2.85489		-0.38326  0.2  0.2		4.1705503158		-1.0
	4170.00000000	2.76142		-0.55284  0.2  0.2		4.1705503158		-1.0
	4200.00000000	3.41967		-0.94546  0.2  0.2		4.1705503158		-1.0
	4230.00000000	2.6994		-1.3635  0.2  0.2		4.1705503158		-1.0
	4260.00000000	3.00523		-1.295  0.2  0.2		4.1705503158		-1.0
	4290.00000000	3.32349		-1.27243  0.2  0.2		4.1705503158		-1.0
	4320.00000000	2.8666		-1.19077  0.2  0.2		4.1705503158		-1.0
	4350.00000000	2.7457		-1.28761  0.2  0.2		4.1705503158		-1.0
	4380.00000000	2.75392		-1.43938  0.2  0.2		4.1705503158		-1.0
	4410.00000000	2.74214		-1.61  0.2  0.2		4.1705503158		-1.0
	4440.00000000	2.88832		-1.92282  0.2  0.2		4.1705503158		-1.0
	4470.00000000	3.37696		-2.10545  0.2  0.2		4.1705503158		-1.0
	4500.00000000	2.85003		-1.91877  0.2  0.2		4.1705503158		-1.0
	4530.00000000	2.89489		-1.89155  0.2  0.2		4.1705503158		-1.0
	4560.00000000	2.76758		-1.83899  0.2  0.2		4.1705503158		-1.0
	4590.00000000	2.7594		-2.03695  0.2  0.2		4.1705503158		-1.0
	4620.00000000	3.61842		-2.22456  0.2  0.2		4.1705503158		-1.0
	4650.00000000	2.95335		-2.08823  0.2  0.2		4.1705503158		-1.0
	4680.00000000	3.38434		-2.01127  0.2  0.2		4.1705503158		-1.0
	4710.00000000	3.44272		-2.05863  0.2  0.2		4.1705503158		-1.0
	4740.00000000	2.9743		-1.99018  0.2  0.2		4.1705503158		-1.0
	4770.00000000	2.73596		-1.61387  0.2  0.2		4.1705503158		-1.0
	4800.00000000	3.36568		-1.25381  0.2  0.2		4.1705503158		-1.0
	4830.00000000	2.93537		-1.23572  0.2  0.2		4.1705503158		-1.0
	4860.00000000	3.2125		-1.36154  0.2  0.2		4.1705503158		-1.0
	4890.00000000	2.93581		-1.58896  0.2  0.2		4.1705503158		-1.0
	4920.00000000	3.28819		-1.46648  0.2  0.2		4.1705503158		-1.0
	4950.00000000	3.1007		-1.15398  0.2  0.2		4.1705503158		-1.0
	4980.00000000	3.01307		-0.98845  0.2  0.2		4.1705503158		-1.0
	5010.00000000	2.89576		-0.55474  0.2  0.2		4.1705503158		-1.0
	5040.00000000	3.16693		-0.24976  0.2  0.2		4.1705503158		-1.0
	5070.00000000	3.08842		0.22079  0.2  0.2		4.1705503158		-1.0
	5100.00000000	2.92234		0.76113  0.2  0.2		4.1705503158		-1.0
	5130.00000000	2.80123		1.12753  0.2  0.2		4.1705503158		-1.0
	5160.00000000	2.87264		1.11544  0.2  0.2		4.1705503158		-1.0
	5190.00000000	2.98018		1.02675  0.2  0.2		4.1705503158		-1.0
	5220.00000000	2.98613		1.2678  0.2  0.2		4.1705503158		-1.0
	5250.00000000	2.84348		1.55005  0.2  0.2		4.1705503158		-1.0
	5280.00000000	3.02787		1.56887  0.2  0.2		4.1705503158		-1.0
	5310.00000000	3.1147		1.51946  0.2  0.2		4.1705503158		-1.0
	5340.00000000	2.93324		1.547  0.2  0.2		4.1705503158		-1.0
	5370.00000000	2.76525		1.4475  0.2  0.2		4.1705503158		-1.0
	5400.00000000	2.94321		1.10637  0.2  0.2		4.1705503158		-1.0
	5430.00000000	2.91681		0.65424  0.2  0.2		4.1705503158		-1.0
	5460.00000000	2.86878		0.68995  0.2  0.2		4.1705503158		-1.0
	5490.00000000	2.84765		0.62  0.2  0.2		4.1705503158		-1.0
	5520.00000000	3.07089		0.39179  0.2  0.2		4.1705503158		-1.0
	5550.00000000	3.02251		0.08123  0.2  0.2		4.1705503158		-1.0
	5580.00000000	2.72824		0.29565  0.2  0.2		4.1705503158		-1.0
	5610.00000000	2.89564		0.6528  0.2  0.2		4.1705503158		-1.0
	5640.00000000	3.26699		0.8534  0.2  0.2		4.1705503158		-1.0
	5670.00000000	2.76089		0.92202  0.2  0.2		4.1705503158		-1.0
	5700.00000000	3.05445		1.03407  0.2  0.2		4.1705503158		-1.0
	5730.00000000	3.11508		0.91553  0.2  0.2		4.1705503158		-1.0
	5760.00000000	2.91998		0.61576  0.2  0.2		4.1705503158		-1.0
	5790.00000000	3.08453		0.24463  0.2  0.2		4.1705503158		-1.0
	5820.00000000	3.14395		0.23244  0.2  0.2		4.1705503158		-1.0
	5850.00000000	3.01073		0.46709  0.2  0.2		4.1705503158		-1.0
	5880.00000000	2.91487		0.70566  0.2  0.2		4.1705503158		-1.0
	5910.00000000	3.03853		1.27587  0.2  0.2		4.1705503158		-1.0
	5940.00000000	2.93923		1.26444  0.2  0.2		4.1705503158		-1.0
	5970.00000000	2.89308		1.41639  0.2  0.2		4.1705503158		-1.0
	6000.00000000	2.8995		1.86266  0.2  0.2		4.1705503158		-1.0
	6030.00000000	3.02161		2.01429  0.2  0.2		4.1705503158		-1.0
	6060.00000000	2.9219		2.09325  0.2  0.2		4.1705503158		-1.0
	6090.00000000	3.02062		1.89252  0.2  0.2		4.1705503158		-1.0
	6120.00000000	2.95279		1.70285  0.2  0.2		4.1705503158		-1.0
	6150.00000000	3.06013		1.64255  0.2  0.2		4.1705503158		-1.0
	6180.00000000	2.74957		1.37856  0.2  0.2		4.1705503158		-1.0
	6210.00000000	2.94138		1.55695  0.2  0.2		4.1705503158		-1.0
	6240.00000000	2.83065		1.77947  0.2  0.2		4.1705503158		-1.0
	6270.00000000	3.0207		2.1259  0.2  0.2		4.1705503158		-1.0
	6300.00000000	2.93982		2.48582  0.2  0.2		4.1705503158		-1.0
	6330.00000000	2.91451		2.23657  0.2  0.2		4.1705503158		-1.0
	6360.00000000	3.07743		2.08328  0.2  0.2		4.1705503158		-1.0
	6390.00000000	2.89928		2.38731  0.2  0.2		4.1705503158		-1.0
	6420.00000000	2.82742		2.6247  0.2  0.2		4.1705503158		-1.0
	6450.00000000	2.81189		2.83963  0.2  0.2		4.1705503158		-1.0
	6480.00000000	2.73665		2.76918  0.2  0.2		4.1705503158		-1.0
	6510.00000000	3.14172		2.36169  0.2  0.2		4.1705503158		-1.0
	6540.00000000	2.759		2.50853  0.2  0.2		4.1705503158		-1.0
	6570.00000000	3.053		2.72973  0.2  0.2		4.1705503158		-1.0
	6600.00000000	2.93705		2.55476  0.2  0.2		4.1705503158		-1.0
	6630.00000000	2.92344		2.43206  0.2  0.2		4.1705503158		-1.0
	6660.00000000	3.10622		2.16451  0.2  0.2		4.1705503158		-1.0
	6690.00000000	3.16507		2.36589  0.2  0.2		4.1705503158		-1.0
	6720.00000000	2.71899		2.65683  0.2  0.2		4.1705503158		-1.0
	6750.00000000	2.68403		2.82765  0.2  0.2		4.1705503158		-1.0
	6780.00000000	3.2137		2.77981  0.2  0.2		4.1705503158		-1.0
	6810.00000000	2.81979		2.59656  0.2  0.2		4.1705503158		-1.0
	6840.00000000	3.06567		2.50877  0.2  0.2		4.1705503158		-1.0
	6870.00000000	3.11133		2.63845  0.2  0.2		4.1705503158		-1.0
	6900.00000000	2.92724		2.38405  0.2  0.2		4.1705503158		-1.0
	6930.00000000	2.78738		1.9216  0.2  0.2		4.1705503158		-1.0
	6960.00000000	2.9573		1.81286  0.2  0.2		4.1705503158		-1.0
	6990.00000000	2.944		2.04847  0.2  0.2		4.1705503158		-1.0
	7020.00000000	2.82005		2.29788  0.2  0.2		4.1705503158		-1.0
	7050.00000000	2.80673		2.15594  0.2  0.2		4.1705503158		-1.0
	7080.00000000	2.8073		2.08003  0.2  0.2		4.1705503158		-1.0
	7110.00000000	2.72608		2.0162  0.2  0.2		4.1705503158		-1.0
	7140.00000000	3.31446		1.84361  0.2  0.2		4.1705503158		-1.0
	7170.00000000	2.62185		1.82594  0.2  0.2		4.1705503158		-1.0
	7200.00000000	2.86442		1.73021  0.2  0.2		4.1705503158		-1.0
	7230.00000000	2.86528		1.35903  0.2  0.2		4.1705503158		-1.0
	7260.00000000	2.77908		1.11423  0.2  0.2		4.1705503158		-1.0
	7290.00000000	2.74924		0.82067  0.2  0.2		4.1705503158		-1.0
	7320.00000000	2.80296		1.02159  0.2  0.2		4.1705503158		-1.0
	7350.00000000	2.84366		0.99989  0.2  0.2		4.1705503158		-1.0
	7380.00000000	2.87609		0.91213  0.2  0.2		4.1705503158		-1.0
	7410.00000000	3.06435		0.72895  0.2  0.2		4.1705503158		-1.0
	7440.00000000	3.05265		0.75303  0.2  0.2		4.1705503158		-1.0
	7470.00000000	2.76207		0.6229  0.2  0.2		4.1705503158		-1.0
	7500.00000000	2.84832		0.19572  0.2  0.2		4.1705503158		-1.0
	7530.00000000	2.73465		-0.11352  0.2  0.2		4.1705503158		-1.0
	7560.00000000	3.19798		-0.13501  0.2  0.2		4.1705503158		-1.0
	7590.00000000	2.80888		0.00046  0.2  0.2		4.1705503158		-1.0
	7620.00000000	3.12452		0.02926  0.2  0.2		4.1705503158		-1.0
	7650.00000000	3.13973		-0.37224  0.2  0.2		4.1705503158		-1.0
	7680.00000000	3.23355		-0.63535  0.2  0.2		4.1705503158		-1.0
	7710.00000000	3.27764		-0.84469  0.2  0.2		4.1705503158		-1.0
	7740.00000000	3.11814		-0.72975  0.2  0.2		4.1705503158		-1.0
	7770.00000000	3.32804		-0.33257  0.2  0.2		4.1705503158		-1.0
	7800.00000000	3.10243		-0.36226  0.2  0.2		4.1705503158		-1.0
	7830.00000000	2.79906		-0.64875  0.2  0.2		4.1705503158		-1.0
	7860.00000000	2.78953		-0.84365  0.2  0.2		4.1705503158		-1.0
	7890.00000000	2.71113		-0.98555  0.2  0.2		4.1705503158		-1.0
	7920.00000000	2.76584		-0.56729  0.2  0.2		4.1705503158		-1.0
	7950.00000000	2.8519		-0.02674  0.2  0.2		4.1705503158		-1.0
	7980.00000000	2.81328		0.5904  0.2  0.2		4.1705503158		-1.0
	8010.00000000	2.91977		1.10527  0.2  0.2		4.1705503158		-1.0
	8040.00000000	3.13578		1.29738  0.2  0.2		4.1705503158		-1.0
	8070.00000000	2.7708		1.29555  0.2  0.2		4.1705503158		-1.0
	8100.00000000	2.90047		1.4598  0.2  0.2		4.1705503158		-1.0
	8130.00000000	3.17616		1.1138  0.2  0.2		4.1705503158		-1.0
	8160.00000000	3.33736		0.98003  0.2  0.2		4.1705503158		-1.0
	8190.00000000	2.75655		1.2107  0.2  0.2		4.1705503158		-1.0
	8220.00000000	2.85706		1.15374  0.2  0.2		4.1705503158		-1.0
	8250.00000000	2.74549		1.33662  0.2  0.2		4.1705503158		-1.0
	8280.00000000	2.69887		1.59733  0.2  0.2		4.1705503158		-1.0
	8310.00000000	3.17138		1.32209  0.2  0.2		4.1705503158		-1.0
	8340.00000000	3.16433		1.27297  0.2  0.2		4.1705503158		-1.0
	8370.00000000	3.3558		1.11403  0.2  0.2		4.1705503158		-1.0
	8400.00000000	3.37323		1.14884  0.2  0.2		4.1705503158		-1.0
	8430.00000000	3.0638		1.56412  0.2  0.2		4.1705503158		-1.0
	8460.00000000	3.21203		1.451  0.2  0.2		4.1705503158		-1.0
	8490.00000000	3.46236		1.2921  0.2  0.2		4.1705503158		-1.0
	8520.00000000	2.6938		1.18913  0.2  0.2		4.1705503158		-1.0
	8550.00000000	2.90403		1.10425  0.2  0.2		4.1705503158		-1.0
	8580.00000000	3.5537		1.09456  0.2  0.2		4.1705503158		-1.0
	8610.00000000	3.1607		0.65506  0.2  0.2		4.1705503158		-1.0
	8640.00000000	2.973		0.35026  0.2  0.2		4.1705503158		-1.0
	8670.00000000	3.06895		0.04908  0.2  0.2		4.1705503158		-1.0
	8700.00000000	2.73691		-0.07222  0.2  0.2		4.1705503158		-1.0
	8730.00000000	3.20281		0.23453  0.2  0.2		4.1705503158		-1.0
	8760.00000000	3.00104		0.28936  0.2  0.2		4.1705503158		-1.0
	8790.00000000	3.27347		0.30403  0.2  0.2		4.1705503158		-1.0
	8820.00000000	2.92779		0.35014  0.2  0.2		4.1705503158		-1.0
	8850.00000000	2.81544		0.35075  0.2  0.2		4.1705503158		-1.0
	8880.00000000	3.17232		0.4124  0.2  0.2		4.1705503158		-1.0
	8910.00000000	3.16359		0.54536  0.2  0.2		4.1705503158		-1.0
	8940.00000000	3.36232		0.70132  0.2  0.2		4.1705503158		-1.0
	8970.00000000	3.16221		0.70747  0.2  0.2		4.1705503158		-1.0
	9000.00000000	3.27605		0.65622  0.2  0.2		4.1705503158		-1.0
	9030.00000000	3.04934		0.60576  0.2  0.2		4.1705503158		-1.0
	9060.00000000	2.80401		0.66853  0.2  0.2		4.1705503158		-1.0
	9090.00000000	2.83458		0.7516  0.2  0.2		4.1705503158		-1.0
	9120.00000000	2.8023		0.59909  0.2  0.2		4.1705503158		-1.0
	9150.00000000	3.04594		0.12612  0.2  0.2		4.1705503158		-1.0
	9180.00000000	2.7503		-0.39642  0.2  0.2		4.1705503158		-1.0
	9210.00000000	2.83171		-0.35878  0.2  0.2		4.1705503158		-1.0
	9240.00000000	2.99242		0.11628  0.2  0.2		4.1705503158		-1.0
	9270.00000000	2.72384		0.78916  0.2  0.2		4.1705503158		-1.0
	9300.00000000	2.82616		1.59625  0.2  0.2		4.1705503158		-1.0
	9330.00000000	2.8745		2.04587  0.2  0.2		4.1705503158		-1.0
	9360.00000000	3.29754		1.78864  0.2  0.2		4.1705503158		-1.0
	9390.00000000	3.32761		1.36718  0.2  0.2		4.1705503158		-1.0
	9420.00000000	3.02975		1.49168  0.2  0.2		4.1705503158		-1.0
	9450.00000000	3.18556		1.83474  0.2  0.2		4.1705503158		-1.0
	9480.00000000	3.38457		1.78759  0.2  0.2		4.1705503158		-1.0
	9510.00000000	2.94914		1.40796  0.2  0.2		4.1705503158		-1.0
	9540.00000000	2.62695		0.94898  0.2  0.2		4.1705503158		-1.0
	9570.00000000	2.74238		0.34861  0.2  0.2		4.1705503158		-1.0
	9600.00000000	2.78147		-0.10885  0.2  0.2		4.1705503158		-1.0
	9630.00000000	2.6492		-0.32682  0.2  0.2		4.1705503158		-1.0
	9660.00000000	2.67375		-0.01866  0.2  0.2		4.1705503158		-1.0
	9690.00000000	2.85559		0.40727  0.2  0.2		4.1705503158		-1.0
	9720.00000000	2.6267		0.76923  0.2  0.2		4.1705503158		-1.0
	9750.00000000	2.70069		0.7865  0.2  0.2		4.1705503158		-1.0
	9780.00000000	3.1747		0.73636  0.2  0.2		4.1705503158		-1.0
	9810.00000000	3.26245		0.82106  0.2  0.2		4.1705503158		-1.0
	9840.00000000	3.28358		1.0137  0.2  0.2		4.1705503158		-1.0
	9870.00000000	3.54871		1.49641  0.2  0.2		4.1705503158		-1.0
	9900.00000000	3.05428		1.90697  0.2  0.2		4.1705503158		-1.0
	9930.00000000	3.31661		1.91739  0.2  0.2		4.1705503158		-1.0
	9960.00000000	2.74165		1.66126  0.2  0.2		4.1705503158		-1.0
	9990.00000000	2.85086		1.74322  0.2  0.2		4.1705503158		-1.0
	10020.00000000	2.87151		1.98525  0.2  0.2		4.1705503158		-1.0
	10050.00000000	2.83223		2.1443  0.2  0.2		4.1705503158		-1.0
	10080.00000000	2.83996		2.34594  0.2  0.2		4.1705503158		-1.0
	10110.00000000	2.65374		2.61363  0.2  0.2		4.1705503158		-1.0
	10140.00000000	3.27588		2.59548  0.2  0.2		4.1705503158		-1.0
	10170.00000000	3.27976		2.19778  0.2  0.2		4.1705503158		-1.0
	10200.00000000	3.27475		2.03564  0.2  0.2		4.1705503158		-1.0
	10230.00000000	3.06748		2.15167  0.2  0.2		4.1705503158		-1.0
	10260.00000000	2.55775		2.25318  0.2  0.2		4.1705503158		-1.0
	10290.00000000	2.91648		2.41405  0.2  0.2		4.1705503158		-1.0
	10320.00000000	2.76604		2.38664  0.2  0.2		4.1705503158		-1.0
	10350.00000000	2.73396		2.56409  0.2  0.2		4.1705503158		-1.0
	10380.00000000	2.84007		2.91602  0.2  0.2		4.1705503158		-1.0
	10410.00000000	3.18276		-3.1392  0.2  0.2		4.1705503158		-1.0
	10440.00000000	3.07776		3.07637  0.2  0.2		4.1705503158		-1.0
	10470.00000000	3.08621		2.776  0.2  0.2		4.1705503158		-1.0
	10500.00000000	2.74389		2.82504  0.2  0.2		4.1705503158		-1.0
	10530.00000000	2.57662		3.02815  0.2  0.2		4.1705503158		-1.0
	10560.00000000	2.64821		-3.02966  0.2  0.2		4.1705503158		-1.0
	10590.00000000	2.99789		-3.12367  0.2  0.2		4.1705503158		-1.0
	10620.00000000	3.48631		2.86519  0.2  0.2		4.1705503158		-1.0
	10650.00000000	3.17124		2.75462  0.2  0.2		4.1705503158		-1.0
	10680.00000000	3.06447		2.98191  0.2  0.2		4.1705503158		-1.0
	10710.00000000	2.98927		3.09299  0.2  0.2		4.1705503158		-1.0
	10740.00000000	3.06542		2.95488  0.2  0.2		4.1705503158		-1.0
	10770.00000000	2.88066		2.82173  0.2  0.2		4.1705503158		-1.0
	10800.00000000	3.30198		2.76048  0.2  0.2		4.1705503158		-1.0
	10830.00000001	3.45292		2.42963  0.2  0.2		4.1705503158		-1.0
	10860.00000001	3.11055		2.35672  0.2  0.2		4.1705503158		-1.0
	10890.00000001	3.02272		2.24963  0.2  0.2		4.1705503158		-1.0
	10920.00000001	3.05181		2.05021  0.2  0.2		4.1705503158		-1.0
	10950.00000001	3.27551		2.11568  0.2  0.2		4.1705503158		-1.0
	10980.00000001	3.51812		2.29759  0.2  0.2		4.1705503158		-1.0
	11010.00000001	3.40159		2.5211  0.2  0.2		4.1705503158		-1.0
	11040.00000001	3.12416		2.61113  0.2  0.2		4.1705503158		-1.0
	11070.00000001	3.43016		2.18469  0.2  0.2		4.1705503158		-1.0
	11100.00000001	3.41989		2.0016  0.2  0.2		4.1705503158		-1.0
	11130.00000001	3.36345		2.42788  0.2  0.2		4.1705503158		-1.0
	11160.00000001	3.15038		2.59608  0.2  0.2		4.1705503158		-1.0
	11190.00000001	3.18323		2.61139  0.2  0.2		4.1705503158		-1.0
	11220.00000001	3.53677		2.56114  0.2  0.2		4.1705503158		-1.0
	11250.00000001	3.44032		2.57111  0.2  0.2		4.1705503158		-1.0
	11280.00000001	3.6361		2.56803  0.2  0.2		4.1705503158		-1.0
	11310.00000001	3.05779		2.33513  0.2  0.2		4.1705503158		-1.0
	11340.00000001	2.60474		2.36096  0.2  0.2		4.1705503158		-1.0
	11370.00000001	3.56889		2.45335  0.2  0.2		4.1705503158		-1.0
	11400.00000001	3.39551		2.27684  0.2  0.2		4.1705503158		-1.0
	11430.00000001	3.34912		2.13645  0.2  0.2		4.1705503158		-1.0
	11460.00000001	3.53736		2.22832  0.2  0.2		4.1705503158		-1.0
	11490.00000001	3.70461		2.1712  0.2  0.2		4.1705503158		-1.0
	11520.00000001	3.52776		2.01378  0.2  0.2		4.1705503158		-1.0
	11550.00000001	3.42811		1.70959  0.2  0.2		4.1705503158		-1.0
	11580.00000001	3.2377		1.56017  0.2  0.2		4.1705503158		-1.0
	11610.00000001	3.36788		1.59369  0.2  0.2		4.1705503158		-1.0
	11640.00000001	3.48878		1.22453  0.2  0.2		4.1705503158		-1.0
	11670.00000001	3.07039		1.12884  0.2  0.2		4.1705503158		-1.0
	11700.00000001	2.70316		1.50511  0.2  0.2		4.1705503158		-1.0
	11730.00000001	2.62433		1.63307  0.2  0.2		4.1705503158		-1.0
	11760.00000001	2.61179		1.39869  0.2  0.2		4.1705503158		-1.0
	11790.00000001	3.59318		1.59156  0.2  0.2		4.1705503158		-1.0
	11820.00000001	3.23879		1.5908  0.2  0.2		4.1705503158		-1.0
	11850.00000001	3.20637		1.61116  0.2  0.2		4.1705503158		-1.0
	11880.00000001	2.99846		1.733  0.2  0.2		4.1705503158		-1.0
	11910.00000001	2.72625		1.91502  0.2  0.2		4.1705503158		-1.0
	11940.00000001	2.74047		1.7337  0.2  0.2		4.1705503158		-1.0
	11970.00000001	3.7005		1.31379  0.2  0.2		4.1705503158		-1.0
	12000.00000001	3.20537		1.35087  0.2  0.2		4.1705503158		-1.0
	12030.00000001	3.33549		1.49058  0.2  0.2		4.1705503158		-1.0
	12060.00000001	2.64434		1.1158  0.2  0.2		4.1705503158		-1.0
	12090.00000001	3.68207		0.74053  0.2  0.2		4.1705503158		-1.0
	12120.00000001	2.96705		0.81293  0.2  0.2		4.1705503158		-1.0
	12150.00000001	3.4088		0.94562  0.2  0.2		4.1705503158		-1.0
	12180.00000001	3.02473		0.95399  0.2  0.2		4.1705503158		-1.0
	12210.00000001	3.59147		0.88505  0.2  0.2		4.1705503158		-1.0
	12240.00000001	3.23952		0.93245  0.2  0.2		4.1705503158		-1.0
	12270.00000001	3.18908		0.50657  0.2  0.2		4.1705503158		-1.0
	12300.00000001	3.31471		-0.07617  0.2  0.2		4.1705503158		-1.0
	12330.00000001	3.33537		-0.69356  0.2  0.2		4.1705503158		-1.0
	12360.00000001	2.68491		-1.14976  0.2  0.2		4.1705503158		-1.0
	12390.00000001	2.92208		-1.11267  0.2  0.2		4.1705503158		-1.0
	12420.00000001	2.82542		-0.87221  0.2  0.2		4.1705503158		-1.0
	12450.00000001	2.60926		-0.75382  0.2  0.2		4.1705503158		-1.0
	12480.00000001	2.78084		-0.69874  0.2  0.2		4.1705503158		-1.0
	12510.00000001	2.81442		-1.07517  0.2  0.2		4.1705503158		-1.0
	12540.00000001	3.11257		-1.52343  0.2  0.2		4.1705503158		-1.0
	12570.00000001	3.00323		-1.54017  0.2  0.2		4.1705503158		-1.0
	12600.00000001	3.09697		-1.46083  0.2  0.2		4.1705503158		-1.0
	12630.00000001	3.1		-1.41997  0.2  0.2		4.1705503158		-1.0
	12660.00000001	2.90678		-1.84149  0.2  0.2		4.1705503158		-1.0
	12690.00000001	3.32301		-1.81213  0.2  0.2		4.1705503158		-1.0
	12720.00000001	3.07882		-1.55886  0.2  0.2		4.1705503158		-1.0
	12750.00000001	3.51941		-1.43921  0.2  0.2		4.1705503158		-1.0
	12780.00000001	3.34168		-1.74847  0.2  0.2		4.1705503158		-1.0
	12810.00000001	3.10486		-2.29678  0.2  0.2		4.1705503158		-1.0
	12840.00000001	2.66871		-2.48844  0.2  0.2		4.1705503158		-1.0
	12870.00000001	3.01337		-2.43495  0.2  0.2		4.1705503158		-1.0
	12900.00000001	2.7807		-2.35159  0.2  0.2		4.1705503158		-1.0
	12930.00000001	3.72348		-2.42697  0.2  0.2		4.1705503158		-1.0
	12960.00000001	3.0026		-2.36338  0.2  0.2		4.1705503158		-1.0
	12990.00000001	3.29169		-2.42799  0.2  0.2		4.1705503158		-1.0
	13020.00000001	3.033		-2.89544  0.2  0.2		4.1705503158		-1.0
	13050.00000001	3.22467		-3.13947  0.2  0.2		4.1705503158		-1.0
	13080.00000001	3.14281		3.02534  0.2  0.2		4.1705503158		-1.0
	13110.00000001	3.39209		-2.91573  0.2  0.2		4.1705503158		-1.0
	13140.00000001	3.24877		-3.13631  0.2  0.2		4.1705503158		-1.0
	13170.00000001	3.45485		3.11819  0.2  0.2		4.1705503158		-1.0
	13200.00000001	3.40657		3.05848  0.2  0.2		4.1705503158		-1.0
	13230.00000001	3.41867		3.02808  0.2  0.2		4.1705503158		-1.0
	13260.00000001	3.2906		3.07468  0.2  0.2		4.1705503158		-1.0
	13290.00000001	3.71946		3.07406  0.2  0.2		4.1705503158		-1.0
	13320.00000001	3.07461		-3.02812  0.2  0.2		4.1705503158		-1.0
	13350.00000001	3.19511		-2.74054  0.2  0.2		4.1705503158		-1.0
	13380.00000001	3.75419		-2.65852  0.2  0.2		4.1705503158		-1.0
	13410.00000001	2.81872		-2.59399  0.2  0.2		4.1705503158		-1.0
	13440.00000001	3.25134		-2.86994  0.2  0.2		4.1705503158		-1.0
	13470.00000001	3.48474		-2.84899  0.2  0.2		4.1705503158		-1.0
	13500.00000001	3.70203		-2.84868  0.2  0.2		4.1705503158		-1.0
	13530.00000001	3.36569		-2.58621  0.2  0.2		4.1705503158		-1.0
	13560.00000001	3.37212		-2.68671  0.2  0.2		4.1705503158		-1.0
	13590.00000001	3.08439		-2.75153  0.2  0.2		4.1705503158		-1.0
	13620.00000001	2.79937		-2.7944  0.2  0.2		4.1705503158		-1.0
	13650.00000001	2.7756		-3.13159  0.2  0.2		4.1705503158		-1.0
	13680.00000001	2.64686		3.05759  0.2  0.2		4.1705503158		-1.0
	13710.00000001	2.68947		3.0131  0.2  0.2		4.1705503158		-1.0
	13740.00000001	2.74046		2.8686  0.2  0.2		4.1705503158		-1.0
	13770.00000001	2.70671		2.78613  0.2  0.2		4.1705503158		-1.0
	13800.00000001	2.62589		2.63563  0.2  0.2		4.1705503158		-1.0
	13830.00000001	2.77889		2.35864  0.2  0.2		4.1705503158		-1.0
	13860.00000001	2.65753		2.14263  0.2  0.2		4.1705503158		-1.0
	13890.00000001	2.71052		2.18312  0.2  0.2		4.1705503158		-1.0
	13920.00000001	2.70048		1.96502  0.2  0.2		4.1705503158		-1.0
	13950.00000001	2.59992		1.73516  0.2  0.2		4.1705503158		-1.0
	13980.00000001	2.67463		1.84135  0.2  0.2		4.1705503158		-1.0
	14010.00000001	2.80571		1.95516  0.2  0.2		4.1705503158		-1.0
	14040.00000001	2.77905		2.40948  0.2  0.2		4.1705503158		-1.0
	14070.00000001	2.67436		2.30348  0.2  0.2		4.1705503158		-1.0
	14100.00000001	2.70271		2.61223  0.2  0.2		4.1705503158		-1.0
	14130.00000001	2.77138		2.84332  0.2  0.2		4.1705503158		-1.0
	14160.00000001	2.81132		2.76171  0.2  0.2		4.1705503158		-1.0
	14190.00000001	2.73232		2.13457  0.2  0.2		4.1705503158		-1.0
	14220.00000001	2.72032		2.15465  0.2  0.2		4.1705503158		-1.0
	14250.00000000	2.64028		2.16047  0.2  0.2		4.1705503158		-1.0
	14280.00000000	2.61127		2.13104  0.2  0.2		4.1705503158		-1.0
	14310.00000000	2.78943		1.87417  0.2  0.2		4.1705503158		-1.0
	14340.00000000	2.62662		1.64761  0.2  0.2		4.1705503158		-1.0
	14370.00000000	3.77838		2.06253  0.2  0.2		4.1705503158		-1.0
	14400.00000000	4.18466		2.38931  0.2  0.2		4.1705503158		-1.0
	14430.00000000	3.11645		2.50782  0.2  0.2		4.1705503158		-1.0
	14460.00000000	3.70443		2.30012  0.2  0.2		4.1705503158		-1.0
	14490.00000000	3.38082		2.5462  0.2  0.2		4.1705503158		-1.0
	14520.00000000	2.87073		2.60873  0.2  0.2		4.1705503158		-1.0
	14550.00000000	4.08165		2.51395  0.2  0.2		4.1705503158		-1.0
	14580.00000000	3.35495		2.71191  0.2  0.2		4.1705503158		-1.0
	14610.00000000	3.84127		2.78209  0.2  0.2		4.1705503158		-1.0
	14640.00000000	2.9421		3.04605  0.2  0.2		4.1705503158		-1.0
	14670.00000000	2.99844		-3.13553  0.2  0.2		4.1705503158		-1.0
	14700.00000000	4.01966		3.12429  0.2  0.2		4.1705503158		-1.0
	14730.00000000	3.09943		-3.1137  0.2  0.2		4.1705503158		-1.0
	14760.00000000	3.14046		-3.08866  0.2  0.2		4.1705503158		-1.0
	14790.00000000	3.47027		-3.00953  0.2  0.2		4.1705503158		-1.0
	14820.00000000	3.75104		-3.1138  0.2  0.2		4.1705503158		-1.0
	14850.00000000	3.37354		2.98965  0.2  0.2		4.1705503158		-1.0
	14880.00000000	3.55274		3.08774  0.2  0.2		4.1705503158		-1.0
	14910.00000000	3.55786		3.12809  0.2  0.2		4.1705503158		-1.0
	14940.00000000	3.60097		3.05361  0.2  0.2		4.1705503158		-1.0
	14970.00000000	3.65356		3.01014  0.2  0.2		4.1705503158		-1.0
	15000.00000000	3.99125		3.0961  0.2  0.2		4.1705503158		-1.0
	15030.00000000	4.05483		3.08229  0.2  0.2		4.1705503158		-1.0
	15060.00000000	3.6654		-3.12857  0.2  0.2		4.1705503158		-1.0
	15090.00000000	3.37264		-2.90651  0.2  0.2		4.1705503158		-1.0
	15120.00000000	4.15176		-2.87692  0.2  0.2		4.1705503158		-1.0
	15150.00000000	4.2284		-2.94091  0.2  0.2		4.1705503158		-1.0
	15180.00000000	3.42985		-2.69673  0.2  0.2		4.1705503158		-1.0
	15210.00000000	3.46269		-2.35435  0.2  0.2		4.1705503158		-1.0
	15240.00000000	3.2387		-2.19079  0.2  0.2		4.1705503158		-1.0
	15270.00000000	2.90255		-2.27229  0.2  0.2		4.1705503158		-1.0
	15300.00000000	2.81863		-2.48891  0.2  0.2		4.1705503158		-1.0
	15330.00000000	2.78636		-2.3237  0.2  0.2		4.1705503158		-1.0
	15360.00000000	2.6609		-1.88194  0.2  0.2		4.1705503158		-1.0
	15390.00000000	3.00134		-1.23561  0.2  0.2		4.1705503158		-1.0
	15420.00000000	3.40257		-0.69097  0.2  0.2		4.1705503158		-1.0
	15450.00000000	3.31836		-0.67432  0.2  0.2		4.1705503158		-1.0
	15480.00000000	3.14371		-0.80982  0.2  0.2		4.1705503158		-1.0
	15510.00000000	3.38175		-0.78937  0.2  0.2		4.1705503158		-1.0
	15540.00000000	2.4904		-0.5716  0.2  0.2		4.1705503158		-1.0
	15570.00000000	3.31693		-0.89018  0.2  0.2		4.1705503158		-1.0
	15600.00000000	3.20684		-1.33027  0.2  0.2		4.1705503158		-1.0
	15630.00000000	3.24633		-1.19371  0.2  0.2		4.1705503158		-1.0
	15660.00000000	3.49712		-0.89197  0.2  0.2		4.1705503158		-1.0
	15690.00000000	2.80959		-0.47465  0.2  0.2		4.1705503158		-1.0
	15720.00000000	3.24508		-0.08045  0.2  0.2		4.1705503158		-1.0
	15750.00000000	3.42188		0.1924  0.2  0.2		4.1705503158		-1.0
	15780.00000000	3.14323		0.31229  0.2  0.2		4.1705503158		-1.0
	15810.00000000	3.40353		0.42912  0.2  0.2		4.1705503158		-1.0
	15840.00000000	3.67602		0.37331  0.2  0.2		4.1705503158		-1.0
	15870.00000000	3.32881		0.1111  0.2  0.2		4.1705503158		-1.0
	15900.00000000	3.31942		0.08083  0.2  0.2		4.1705503158		-1.0
	15930.00000000	3.54872		-0.32875  0.2  0.2		4.1705503158		-1.0
	15960.00000000	3.14178		-0.61731  0.2  0.2		4.1705503158		-1.0
	15990.00000000	3.3717		-0.32523  0.2  0.2		4.1705503158		-1.0
	16020.00000000	3.48273		-0.1585  0.2  0.2		4.1705503158		-1.0
	16050.00000000	3.40846		-0.48317  0.2  0.2		4.1705503158		-1.0
	16080.00000000	3.0461		-0.43801  0.2  0.2		4.1705503158		-1.0
	16110.00000000	2.95325		-0.15822  0.2  0.2		4.1705503158		-1.0
	16140.00000000	3.72777		0.22425  0.2  0.2		4.1705503158		-1.0
	16170.00000000	3.33754		0.33304  0.2  0.2		4.1705503158		-1.0
	16200.00000000	3.5425		0.09136  0.2  0.2		4.1705503158		-1.0
	16230.00000000	3.30848		-0.06982  0.2  0.2		4.1705503158		-1.0
	16260.00000000	3.3602		0.01869  0.2  0.2		4.1705503158		-1.0
	16290.00000000	3.6282		-0.14792  0.2  0.2		4.1705503158		-1.0
	16320.00000000	3.29445		-0.46807  0.2  0.2		4.1705503158		-1.0
	16350.00000000	3.60156		-0.7069  0.2  0.2		4.1705503158		-1.0
	16380.00000000	3.57739		-0.80131  0.2  0.2		4.1705503158		-1.0
	16410.00000000	3.51287		-0.96893  0.2  0.2		4.1705503158		-1.0
	16440.00000000	3.5285		-1.24383  0.2  0.2		4.1705503158		-1.0
	16470.00000000	3.47612		-1.22886  0.2  0.2		4.1705503158		-1.0
	16500.00000000	3.71808		-1.1562  0.2  0.2		4.1705503158		-1.0
	16530.00000000	3.42376		-1.40961  0.2  0.2		4.1705503158		-1.0
	16560.00000000	3.4768		-1.57179  0.2  0.2		4.1705503158		-1.0
	16590.00000000	3.70866		-1.61461  0.2  0.2		4.1705503158		-1.0
	16620.00000000	3.41235		-1.76633  0.2  0.2		4.1705503158		-1.0
	16650.00000000	3.65117		-1.84406  0.2  0.2		4.1705503158		-1.0
	16680.00000000	3.5911		-1.88904  0.2  0.2		4.1705503158		-1.0
	16710.00000000	3.5779		-1.79489  0.2  0.2		4.1705503158		-1.0
	16740.00000000	3.61084		-1.72194  0.2  0.2		4.1705503158		-1.0
	16770.00000000	3.02085		-1.85174  0.2  0.2		4.1705503158		-1.0
	16800.00000000	3.54652		-1.90778  0.2  0.2		4.1705503158		-1.0
	16830.00000000	3.80207		-1.98467  0.2  0.2		4.1705503158		-1.0
	16860.00000000	3.45137		-2.16964  0.2  0.2		4.1705503158		-1.0
	16890.00000000	3.34302		-2.17244  0.2  0.2		4.1705503158		-1.0
	16920.00000000	3.65634		-2.19786  0.2  0.2		4.1705503158		-1.0
	16950.00000000	4.00744		-2.22472  0.2  0.2		4.1705503158		-1.0
	16980.00000000	3.15919		-2.52944  0.2  0.2		4.1705503158		-1.0
	17010.00000000	2.70234		-2.63076  0.2  0.2		4.1705503158		-1.0
	17040.00000000	2.75963		-2.69569  0.2  0.2		4.1705503158		-1.0
	17070.00000000	2.58805		-2.99496  0.2  0.2		4.1705503158		-1.0
	17100.00000000	2.69946		3.1385  0.2  0.2		4.1705503158		-1.0
	17130.00000000	2.78353		-3.01423  0.2  0.2		4.1705503158		-1.0
	17160.00000000	2.64683		-2.81867  0.2  0.2		4.1705503158		-1.0
	17190.00000000	2.61732		-2.87799  0.2  0.2		4.1705503158		-1.0
	17220.00000000	2.78079		-3.01231  0.2  0.2		4.1705503158		-1.0
	17250.00000000	2.7377		-3.0284  0.2  0.2		4.1705503158		-1.0
	17280.00000000	2.58286		-2.85059  0.2  0.2		4.1705503158		-1.0
	17310.00000000	2.67608		-2.72631  0.2  0.2		4.1705503158		-1.0
	17340.00000000	2.60206		-2.54372  0.2  0.2		4.1705503158		-1.0
	17370.00000000	2.56218		-2.04196  0.2  0.2		4.1705503158		-1.0
	17400.00000000	2.6263		-1.8178  0.2  0.2		4.1705503158		-1.0
	17430.00000000	2.64723		-1.81986  0.2  0.2		4.1705503158		-1.0
	17460.00000000	3.29576		-1.79806  0.2  0.2		4.1705503158		-1.0
	17490.00000000	2.92733		-1.62658  0.2  0.2		4.1705503158		-1.0
	17520.00000000	2.66588		-1.31606  0.2  0.2		4.1705503158		-1.0
	17550.00000000	2.67956		-1.00357  0.2  0.2		4.1705503158		-1.0
	17580.00000000	2.73206		-0.80985  0.2  0.2		4.1705503158		-1.0
	17610.00000000	2.71895		-0.93163  0.2  0.2		4.1705503158		-1.0
	17640.00000000	3.01794		-0.92827  0.2  0.2		4.1705503158		-1.0
	17670.00000000	3.87401		-1.02571  0.2  0.2		4.1705503158		-1.0
	17700.00000000	3.31907		-1.19647  0.2  0.2		4.1705503158		-1.0
	17730.00000000	3.387		-0.91842  0.2  0.2		4.1705503158		-1.0
	17760.00000000	3.70722		-0.60869  0.2  0.2		4.1705503158		-1.0
	17790.00000000	3.51056		-0.9051  0.2  0.2		4.1705503158		-1.0
	17820.00000000	3.88449		-0.97596  0.2  0.2		4.1705503158		-1.0
	17850.00000000	3.36578		-1.21495  0.2  0.2		4.1705503158		-1.0
	17880.00000000	3.51326		-1.11896  0.2  0.2		4.1705503158		-1.0
	17910.00000000	3.79547		-1.09703  0.2  0.2		4.1705503158		-1.0
	17940.00000000	3.6463		-1.14926  0.2  0.2		4.1705503158		-1.0
	17970.00000000	3.78854		-1.43871  0.2  0.2		4.1705503158		-1.0
	18000.00000000	3.96614		-1.71978  0.2  0.2		4.1705503158		-1.0
	18030.00000000	3.4774		-1.57758  0.2  0.2		4.1705503158		-1.0
	18060.00000000	3.01634		-1.34893  0.2  0.2		4.1705503158		-1.0
	18090.00000000	2.69446		-1.35072  0.2  0.2		4.1705503158		-1.0
	18120.00000000	2.6513		-1.4073  0.2  0.2		4.1705503158		-1.0
	18150.00000000	2.73165		-1.28792  0.2  0.2		4.1705503158		-1.0
	18180.00000000	2.66075		-1.52152  0.2  0.2		4.1705503158		-1.0
	18210.00000000	2.64969		-1.64979  0.2  0.2		4.1705503158		-1.0
	18240.00000000	2.72981		-1.41106  0.2  0.2		4.1705503158		-1.0
	18270.00000000	2.79191		-1.46418  0.2  0.2		4.1705503158		-1.0
	18300.00000000	2.9632		-1.63204  0.2  0.2		4.1705503158		-1.0
	18330.00000000	3.88913		-1.48171  0.2  0.2		4.1705503158		-1.0
	18360.00000000	3.40721		-1.11759  0.2  0.2		4.1705503158		-1.0
	18390.00000000	2.95477		-1.12329  0.2  0.2		4.1705503158		-1.0
	18420.00000000	3.02055		-0.70851  0.2  0.2		4.1705503158		-1.0
	18450.00000000	3.81688		-0.43658  0.2  0.2		4.1705503158		-1.0
	18480.00000000	3.14385		0.08141  0.2  0.2		4.1705503158		-1.0
	18510.00000000	2.87726		0.29072  0.2  0.2		4.1705503158		-1.0
	18540.00000000	2.81234		0.26807  0.2  0.2		4.1705503158		-1.0
	18570.00000000	2.62343		0.23425  0.2  0.2		4.1705503158		-1.0
	18600.00000000	2.65002		0.23668  0.2  0.2		4.1705503158		-1.0
	18630.00000000	2.76539		0.39021  0.2  0.2		4.1705503158		-1.0
	18660.00000000	2.78329		0.50143  0.2  0.2		4.1705503158		-1.0
	18690.00000000	2.83759		0.43256  0.2  0.2		4.1705503158		-1.0
	18720.00000000	2.69475		0.14755  0.2  0.2		4.1705503158		-1.0
	18750.00000000	2.64363		-0.15478  0.2  0.2		4.1705503158		-1.0
	18780.00000000	2.87742		-0.01889  0.2  0.2		4.1705503158		-1.0
	18810.00000000	2.71807		0.11658  0.2  0.2		4.1705503158		-1.0
	18840.00000000	2.66348		0.00263  0.2  0.2		4.1705503158		-1.0
	18870.00000000	3.0056		-0.29647  0.2  0.2		4.1705503158		-1.0
	18900.00000000	3.61824		-0.59273  0.2  0.2		4.1705503158		-1.0
	18930.00000000	3.28806		-0.71029  0.2  0.2		4.1705503158		-1.0
	18960.00000000	3.10142		-0.77248  0.2  0.2		4.1705503158		-1.0
	18990.00000000	3.92578		-0.83533  0.2  0.2		4.1705503158		-1.0
	19020.00000000	3.94034		-1.07396  0.2  0.2		4.1705503158		-1.0
	19050.00000000	3.23204		-1.45089  0.2  0.2		4.1705503158		-1.0
	19080.00000000	3.55351		-1.61609  0.2  0.2		4.1705503158		-1.0
	19110.00000000	4.01217		-1.77464  0.2  0.2		4.1705503158		-1.0
	19140.00000000	4.20044		-1.6352  0.2  0.2		4.1705503158		-1.0
	19170.00000000	3.7623		-1.37217  0.2  0.2		4.1705503158		-1.0
	19200.00000000	3.06747		-1.87798  0.2  0.2		4.1705503158		-1.0
	19230.00000000	3.13151		-2.26505  0.2  0.2		4.1705503158		-1.0
	19260.00000000	3.22943		-2.3512  0.2  0.2		4.1705503158		-1.0
	19290.00000000	3.7807		-2.52584  0.2  0.2		4.1705503158		-1.0
	19320.00000000	3.57228		-2.55746  0.2  0.2		4.1705503158		-1.0
	19350.00000000	3.47865		-2.57262  0.2  0.2		4.1705503158		-1.0
	19380.00000000	3.19073		-2.87719  0.2  0.2		4.1705503158		-1.0
	19410.00000000	2.51324		3.08243  0.2  0.2		4.1705503158		-1.0
	19440.00000000	3.79158		2.72606  0.2  0.2		4.1705503158		-1.0
	19470.00000000	3.69922		2.74053  0.2  0.2		4.1705503158		-1.0
	19500.00000000	3.24117		2.81606  0.2  0.2		4.1705503158		-1.0
	19530.00000000	3.46989		2.95084  0.2  0.2		4.1705503158		-1.0
	19560.00000000	3.43491		2.83641  0.2  0.2		4.1705503158		-1.0
	19590.00000000	2.86102		2.65459  0.2  0.2		4.1705503158		-1.0
	19620.00000000	2.98505		2.69795  0.2  0.2		4.1705503158		-1.0
	19650.00000000	3.83325		2.77432  0.2  0.2		4.1705503158		-1.0
	19680.00000000	3.55726		2.63579  0.2  0.2		4.1705503158		-1.0
	19710.00000000	3.46336		2.83381  0.2  0.2		4.1705503158		-1.0
	19740.00000000	2.95932		2.79739  0.2  0.2		4.1705503158		-1.0
	19770.00000000	2.88849		2.85213  0.2  0.2		4.1705503158		-1.0
	19800.00000000	3.63886		3.07918  0.2  0.2		4.1705503158		-1.0
	19830.00000000	4.48791		-3.12246  0.2  0.2		4.1705503158		-1.0
	19860.00000000	5.41179		2.98895  0.2  0.2		4.1705503158		-1.0
	19890.00000000	6.3928		3.05789  0.2  0.2		4.1705503158		-1.0
	19920.00000000	7.05441		3.00075  0.2  0.2		4.1705503158		-1.0
	19950.00000000	7.59415		2.90175  0.2  0.2		4.1705503158		-1.0
	19980.00000000	8.27006		2.93139  0.2  0.2		4.1705503158		-1.0
	20010.00000000	8.91765		3.0795  0.2  0.2		4.1705503158		-1.0
	20040.00000000	9.2771		3.05937  0.2  0.2		4.1705503158		-1.0
	20070.00000000	9.59461		3.11722  0.2  0.2		4.1705503158		-1.0
	20100.00000000	10.27714		-3.06363  0.2  0.2		4.1705503158		-1.0
	20130.00000000	10.76645		-2.96939  0.2  0.2		4.1705503158		-1.0
	20160.00000000	11.14726		3.08903  0.2  0.2		4.1705503158		-1.0
	20190.00000000	11.95438		3.02977  0.2  0.2		4.1705503158		-1.0
	20220.00000000	12.55222		2.96279  0.2  0.2		4.1705503158		-1.0
	20250.00000000	13.33916		-3.09094  0.2  0.2		4.1705503158		-1.0
	20280.00000000	13.74101		-2.84697  0.2  0.2		4.1705503158		-1.0
	20310.00000000	14.17607		-2.67903  0.2  0.2		4.1705503158		-1.0
	20340.00000000	14.9533		-2.49946  0.2  0.2		4.1705503158		-1.0
	20370.00000000	15.24768		-2.49872  0.2  0.2		4.1705503158		-1.0
	20400.00000000	15.65903		-2.61359  0.2  0.2		4.1705503158		-1.0
	20430.00000000	15.41626		-2.69088  0.2  0.2		4.1705503158		-1.0
	20460.00000000	14.68644		-2.93386  0.2  0.2		4.1705503158		-1.0
	20490.00000000	14.91372		3.03978  0.2  0.2		4.1705503158		-1.0
	20520.00000000	14.82712		2.72967  0.2  0.2		4.1705503158		-1.0
	20550.00000000	14.75797		2.40743  0.2  0.2		4.1705503158		-1.0
	20580.00000000	14.38109		2.25799  0.2  0.2		4.1705503158		-1.0
	20610.00000000	13.62737		1.97872  0.2  0.2		4.1705503158		-1.0
	20640.00000000	13.25513		1.98573  0.2  0.2		4.1705503158		-1.0
	20670.00000000	12.57795		1.85746  0.2  0.2		4.1705503158		-1.0
	20700.00000000	11.96128		1.97783  0.2  0.2		4.1705503158		-1.0
	20729.99999999	11.71312		2.31891  0.2  0.2		4.1705503158		-1.0
	20759.99999999	11.58541		2.52248  0.2  0.2		4.1705503158		-1.0
	20789.99999999	11.07616		2.60126  0.2  0.2		4.1705503158		-1.0
	20819.99999999	10.38109		2.38448  0.2  0.2		4.1705503158		-1.0
	20849.99999999	9.41739		1.94023  0.2  0.2		4.1705503158		-1.0
	20879.99999999	8.22118		1.5049  0.2  0.2		4.1705503158		-1.0
	20909.99999999	7.53344		0.77135  0.2  0.2		4.1705503158		-1.0
	20939.99999999	7.37375		0.21704  0.2  0.2		4.1705503158		-1.0
	20969.99999999	6.8982		0.54442  0.2  0.2		4.1705503158		-1.0
	20999.99999999	6.34606		0.67711  0.2  0.2		4.1705503158		-1.0
	21029.99999999	6.03297		0.13525  0.2  0.2		4.1705503158		-1.0
	21059.99999999	5.92715		0.15417  0.2  0.2		4.1705503158		-1.0
	21089.99999999	6.58713		0.23093  0.2  0.2		4.1705503158		-1.0
	21119.99999999	7.37329		0.52324  0.2  0.2		4.1705503158		-1.0
	21149.99999999	7.78416		0.86403  0.2  0.2		4.1705503158		-1.0
	21179.99999999	8.43995		0.91164  0.2  0.2		4.1705503158		-1.0
	21209.99999999	9.21766		0.637  0.2  0.2		4.1705503158		-1.0
	21239.99999999	9.50431		0.6761  0.2  0.2		4.1705503158		-1.0
	21269.99999999	9.93525		0.90471  0.2  0.2		4.1705503158		-1.0
	21299.99999999	10.45005		0.81392  0.2  0.2		4.1705503158		-1.0
	21329.99999999	10.85976		0.75025  0.2  0.2		4.1705503158		-1.0
	21359.99999999	11.4341		0.70982  0.2  0.2		4.1705503158		-1.0
	21389.99999999	11.49729		0.85617  0.2  0.2		4.1705503158		-1.0
	21419.99999999	12.10872		0.7272  0.2  0.2		4.1705503158		-1.0
	21449.99999999	13.15729		0.6142  0.2  0.2		4.1705503158		-1.0
	21479.99999999	13.79731		0.66011  0.2  0.2		4.1705503158		-1.0
	21509.99999999	14.14085		0.95674  0.2  0.2		4.1705503158		-1.0
	21539.99999999	14.3445		1.38834  0.2  0.2		4.1705503158		-1.0
	21569.99999999	15.15922		1.58968  0.2  0.2		4.1705503158		-1.0
	21599.99999999	15.4172		1.62089  0.2  0.2		4.1705503158		-1.0
	21629.99999999	15.81813		2.58977  0.2  0.2		4.1705503158		-1.0
	21659.99999999	16.41291		-2.74754  0.2  0.2		4.1705503158		-1.0
	21689.99999999	16.9216		-2.66094  0.2  0.2		4.1705503158		-1.0
	21719.99999999	17.70273		-2.33139  0.2  0.2		4.1705503158		-1.0
	21749.99999999	18.34038		-1.98861  0.2  0.2		4.1705503158		-1.0
	21779.99999999	19.47592		-2.00898  0.2  0.2		4.1705503158		-1.0
	21809.99999999	20.47623		-1.26793  0.2  0.2		4.1705503158		-1.0
	21839.99999999	21.38435		-0.45689  0.2  0.2		4.1705503158		-1.0
	21869.99999999	22.26032		-2.83848  0.2  0.2		4.1705503158		-1.0
	21899.99999999	22.82174		-1.94679  0.2  0.2		4.1705503158		-1.0
	21929.99999999	23.25837		-2.15588  0.2  0.2		4.1705503158		-1.0
	21959.99999999	23.18162		-2.31316  0.2  0.2		4.1705503158		-1.0
	21989.99999999	22.82663		-0.92658  0.2  0.2		4.1705503158		-1.0
	22019.99999999	22.2187		2.29691  0.2  0.2		4.1705503158		-1.0
	22049.99999999	21.4188		3.05443  0.2  0.2		4.1705503158		-1.0
	22079.99999999	20.78305		-2.72752  0.2  0.2		4.1705503158		-1.0
	22109.99999999	19.89221		3.02296  0.2  0.2		4.1705503158		-1.0
	22139.99999999	19.39541		-3.05847  0.2  0.2		4.1705503158		-1.0
	22169.99999999	19.04219		3.03423  0.2  0.2		4.1705503158		-1.0
	22199.99999999	18.97397		1.84503  0.2  0.2		4.1705503158		-1.0
	22229.99999999	19.50403		2.00373  0.2  0.2		4.1705503158		-1.0
	22259.99999999	19.78755		1.68946  0.2  0.2		4.1705503158		-1.0
	22289.99999999	20.55346		1.89576  0.2  0.2		4.1705503158		-1.0
	22319.99999999	21.03386		2.37207  0.2  0.2		4.1705503158		-1.0
	22349.99999999	21.55547		2.22945  0.2  0.2		4.1705503158		-1.0
	22379.99999999	22.10007		2.33922  0.2  0.2		4.1705503158		-1.0
	22409.99999999	22.66402		2.801  0.2  0.2		4.1705503158		-1.0
	22439.99999999	23.11462		2.41957  0.2  0.2		4.1705503158		-1.0
	22469.99999999	23.39162		2.74362  0.2  0.2		4.1705503158		-1.0
	22499.99999999	23.56953		2.70245  0.2  0.2		4.1705503158		-1.0
	22529.99999999	23.61063		2.81709  0.2  0.2		4.1705503158		-1.0
	22559.99999999	24.21796		3.04998  0.2  0.2		4.1705503158		-1.0
	22589.99999999	24.24145		-2.90875  0.2  0.2		4.1705503158		-1.0
	22619.99999999	24.39376		-2.6743  0.2  0.2		4.1705503158		-1.0
	22649.99999999	24.39273		-2.22171  0.2  0.2		4.1705503158		-1.0
	22679.99999999	24.57089		-1.98097  0.2  0.2		4.1705503158		-1.0
	22709.99999999	25.5872		-1.63071  0.2  0.2		4.1705503158		-1.0
	22739.99999999	25.74015		-1.31163  0.2  0.2		4.1705503158		-1.0
	22769.99999999	26.21288		-1.2144  0.2  0.2		4.1705503158		-1.0
	22799.99999999	26.58282		-1.29346  0.2  0.2		4.1705503158		-1.0
	22829.99999999	26.70403		-1.6507  0.2  0.2		4.1705503158		-1.0
	22859.99999999	26.91406		-1.9342  0.2  0.2		4.1705503158		-1.0
	22889.99999999	26.35794		-2.36006  0.2  0.2		4.1705503158		-1.0
	22919.99999999	25.88848		-2.3565  0.2  0.2		4.1705503158		-1.0
	22949.99999999	25.28343		-2.49228  0.2  0.2		4.1705503158		-1.0
	22979.99999999	24.18335		-2.13259  0.2  0.2		4.1705503158		-1.0
	23009.99999999	23.20743		-2.10132  0.2  0.2		4.1705503158		-1.0
	23039.99999999	21.70259		-2.0762  0.2  0.2		4.1705503158		-1.0
	23069.99999999	20.94378		-2.19568  0.2  0.2		4.1705503158		-1.0
	23099.99999999	20.42924		-2.0464  0.2  0.2		4.1705503158		-1.0
	23129.99999999	20.02266		-2.33681  0.2  0.2		4.1705503158		-1.0
	23159.99999999	19.21588		-2.24109  0.2  0.2		4.1705503158		-1.0
	23189.99999999	18.45606		-2.27571  0.2  0.2		4.1705503158		-1.0
	23219.99999999	17.91548		-2.39995  0.2  0.2		4.1705503158		-1.0
	23249.99999999	18.13293		-1.99393  0.2  0.2		4.1705503158		-1.0
	23279.99999999	18.67763		-1.81164  0.2  0.2		4.1705503158		-1.0
	23309.99999999	18.60464		-1.92605  0.2  0.2		4.1705503158		-1.0
	23339.99999999	19.41342		-1.86043  0.2  0.2		4.1705503158		-1.0
	23369.99999999	19.98386		-2.00113  0.2  0.2		4.1705503158		-1.0
	23399.99999999	20.48458		-1.49241  0.2  0.2		4.1705503158		-1.0
	23429.99999999	21.07982		-1.40677  0.2  0.2		4.1705503158		-1.0
	23459.99999999	21.3265		-0.97299  0.2  0.2		4.1705503158		-1.0
	23489.99999999	21.88213		-0.96473  0.2  0.2		4.1705503158		-1.0
	23519.99999999	21.76799		-0.87848  0.2  0.2		4.1705503158		-1.0
	23549.99999999	21.49116		-1.15374  0.2  0.2		4.1705503158		-1.0
	23579.99999999	20.619		-1.12095  0.2  0.2		4.1705503158		-1.0
	23609.99999999	19.78764		-1.31112  0.2  0.2		4.1705503158		-1.0
	23639.99999999	19.26438		-1.41033  0.2  0.2		4.1705503158		-1.0
	23669.99999999	18.49923		-1.60389  0.2  0.2		4.1705503158		-1.0
	23699.99999999	18.05237		-1.85045  0.2  0.2		4.1705503158		-1.0
	23729.99999999	17.13394		-1.88602  0.2  0.2		4.1705503158		-1.0
	23759.99999999	16.4793		-1.9745  0.2  0.2		4.1705503158		-1.0
	23789.99999999	15.98579		-2.07399  0.2  0.2		4.1705503158		-1.0
	23819.99999999	15.50174		-1.90549  0.2  0.2		4.1705503158		-1.0
	23849.99999999	14.82717		-1.65338  0.2  0.2		4.1705503158		-1.0
	23879.99999999	14.02911		-1.69557  0.2  0.2		4.1705503158		-1.0
	23909.99999999	13.45354		-1.3998  0.2  0.2		4.1705503158		-1.0
	23939.99999999	12.91778		-1.5441  0.2  0.2		4.1705503158		-1.0
	23969.99999999	12.58838		-1.88683  0.2  0.2		4.1705503158		-1.0
	23999.99999999	12.44548		-1.8813  0.2  0.2		4.1705503158		-1.0
	24029.99999999	11.85434		-2.00271  0.2  0.2		4.1705503158		-1.0
	24059.99999999	11.0418		-2.16181  0.2  0.2		4.1705503158		-1.0
	24089.99999999	10.16955		-2.48842  0.2  0.2		4.1705503158		-1.0
	24119.99999999	9.4994		-2.57759  0.2  0.2		4.1705503158		-1.0
	24149.99999999	8.8453		-2.76174  0.2  0.2		4.1705503158		-1.0
	24179.99999999	8.12382		-2.73427  0.2  0.2		4.1705503158		-1.0
	24209.99999999	7.16061		-2.57785  0.2  0.2		4.1705503158		-1.0
	24239.99999999	6.13729		-2.55853  0.2  0.2		4.1705503158		-1.0
	24269.99999999	5.79554		-2.6537  0.2  0.2		4.1705503158		-1.0
	24299.99999999	5.79419		-2.86545  0.2  0.2		4.1705503158		-1.0
	24329.99999999	5.91348		3.13544  0.2  0.2		4.1705503158		-1.0
	24359.99999999	6.24502		3.10028  0.2  0.2		4.1705503158		-1.0
	24389.99999999	6.80452		3.12401  0.2  0.2		4.1705503158		-1.0
	24419.99999999	7.45586		2.91811  0.2  0.2		4.1705503158		-1.0
	24449.99999999	8.16752		2.73957  0.2  0.2		4.1705503158		-1.0
	24479.99999999	9.11253		2.56646  0.2  0.2		4.1705503158		-1.0
	24509.99999999	9.86219		2.73871  0.2  0.2		4.1705503158		-1.0
	24539.99999999	9.79058		2.37951  0.2  0.2		4.1705503158		-1.0
	24569.99999999	8.9332		2.25119  0.2  0.2		4.1705503158		-1.0
	24599.99999999	8.60258		-3.13395  0.2  0.2		4.1705503158		-1.0
	24629.99999999	7.93929		-2.01153  0.2  0.2		4.1705503158		-1.0
	24659.99999999	7.73287		-1.76732  0.2  0.2		4.1705503158		-1.0
	24689.99999999	7.49933		-1.68411  0.2  0.2		4.1705503158		-1.0
	24719.99999999	7.72678		-1.95256  0.2  0.2		4.1705503158		-1.0
	24749.99999999	7.72115		-1.94891  0.2  0.2		4.1705503158		-1.0
	24779.99999999	7.29581		-2.01479  0.2  0.2		4.1705503158		-1.0
	24809.99999999	6.59058		-2.04244  0.2  0.2		4.1705503158		-1.0
	24839.99999999	6.09212		-1.76384  0.2  0.2		4.1705503158		-1.0
	24869.99999999	6.42977		-1.55854  0.2  0.2		4.1705503158		-1.0
	24899.99999999	7.29605		-1.73132  0.2  0.2		4.1705503158		-1.0
	24929.99999999	7.31144		-2.09751  0.2  0.2		4.1705503158		-1.0
	24959.99999999	6.77372		-2.06781  0.2  0.2		4.1705503158		-1.0
	24989.99999999	6.09314		-2.11634  0.2  0.2		4.1705503158		-1.0
