	30.00000000	2.90071		0.9064  0.2  0.2		4.1705503158		-1.0
	60.00000000	2.96339		0.98453  0.2  0.2		4.1705503158		-1.0
	90.00000000	3.00884		0.93846  0.2  0.2		4.1705503158		-1.0
	120.00000000	2.96917		0.92865  0.2  0.2		4.1705503158		-1.0
	150.00000000	2.93109		0.67546  0.2  0.2		4.1705503158		-1.0
	180.00000000	2.84843		0.17298  0.2  0.2		4.1705503158		-1.0
	210.00000000	2.9877		-0.16377  0.2  0.2		4.1705503158		-1.0
	240.00000000	2.94366		-0.43907  0.2  0.2		4.1705503158		-1.0
	270.00000000	3.06107		-0.83547  0.2  0.2		4.1705503158		-1.0
	300.00000000	3.0029		-1.11284  0.2  0.2		4.1705503158		-1.0
	330.00000000	2.83726		-1.14957  0.2  0.2		4.1705503158		-1.0
	360.00000000	2.80385		-1.0247  0.2  0.2		4.1705503158		-1.0
	390.00000000	3.0597		-0.78426  0.2  0.2		4.1705503158		-1.0
	420.00000000	2.89513		-0.91984  0.2  0.2		4.1705503158		-1.0
	450.00000000	2.95084		-1.19503  0.2  0.2		4.1705503158		-1.0
	480.00000000	3.05076		-1.42928  0.2  0.2		4.1705503158		-1.0
	510.00000000	3.02183		-1.32537  0.2  0.2		4.1705503158		-1.0
	540.00000000	2.87583		-1.3593  0.2  0.2		4.1705503158		-1.0
	570.00000000	3.00734		-1.62242  0.2  0.2		4.1705503158		-1.0
	600.00000000	3.12499		-2.06317  0.2  0.2		4.1705503158		-1.0
	630.00000000	3.18004		-1.95282  0.2  0.2		4.1705503158		-1.0
	660.00000000	2.80446		-1.71726  0.2  0.2		4.1705503158		-1.0
	690.00000000	3.00289		-1.76123  0.2  0.2		4.1705503158		-1.0
	720.00000000	3.02182		-1.89425  0.2  0.2		4.1705503158		-1.0
	750.00000000	2.98517		-1.89853  0.2  0.2		4.1705503158		-1.0
	780.00000000	2.7988		-1.45433  0.2  0.2		4.1705503158		-1.0
	810.00000000	3.16489		-1.19253  0.2  0.2		4.1705503158		-1.0
	840.00000000	2.91822		-1.40062  0.2  0.2		4.1705503158		-1.0
	870.00000000	3.04352		-1.58851  0.2  0.2		4.1705503158		-1.0
	900.00000000	2.71602		-1.69666  0.2  0.2		4.1705503158		-1.0
	930.00000000	3.01388		-1.20282  0.2  0.2		4.1705503158		-1.0
	960.00000000	2.94822		-0.4302  0.2  0.2		4.1705503158		-1.0
	990.00000000	2.84578		0.20735  0.2  0.2		4.1705503158		-1.0
	1020.00000000	2.82098		0.59064  0.2  0.2		4.1705503158		-1.0
	1050.00000000	3.18785		0.78891  0.2  0.2		4.1705503158		-1.0
	1080.00000000	2.89822		1.24318  0.2  0.2		4.1705503158		-1.0
	1110.00000000	2.98344		1.50518  0.2  0.2		4.1705503158		-1.0
	1140.00000000	2.87253		1.36784  0.2  0.2		4.1705503158		-1.0
	1170.00000000	2.96937		1.1669  0.2  0.2		4.1705503158		-1.0
	1200.00000000	2.92545		1.02268  0.2  0.2		4.1705503158		-1.0
	1230.00000000	2.85537		0.64284  0.2  0.2		4.1705503158		-1.0
	1260.00000000	3.03899		0.33923  0.2  0.2		4.1705503158		-1.0
	1290.00000000	2.95997		0.41544  0.2  0.2		4.1705503158		-1.0
	1320.00000000	3.01934		0.38528  0.2  0.2		4.1705503158		-1.0
	1350.00000000	2.77682		0.37305  0.2  0.2		4.1705503158		-1.0
	1380.00000000	3.07575		0.17883  0.2  0.2		4.1705503158		-1.0
	1410.00000000	2.87994		-0.18686  0.2  0.2		4.1705503158		-1.0
	1440.00000000	2.91312		-0.44708  0.2  0.2		4.1705503158		-1.0
	1470.00000000	2.83747		-0.72608  0.2  0.2		4.1705503158		-1.0
	1500.00000000	2.99248		-1.0606  0.2  0.2		4.1705503158		-1.0
	1530.00000000	3.24032		-0.92725  0.2  0.2		4.1705503158		-1.0
	1560.00000000	2.82312		-0.76822  0.2  0.2		4.1705503158		-1.0
	1590.00000000	3.0973		-0.50748  0.2  0.2		4.1705503158		-1.0
	1620.00000000	2.95103		-0.55951  0.2  0.2		4.1705503158		-1.0
	1650.00000000	2.74968		-0.81032  0.2  0.2		4.1705503158		-1.0
	1680.00000000	3.19061		-0.70691  0.2  0.2		4.1705503158		-1.0
	1710.00000000	2.95923		-0.78121  0.2  0.2		4.1705503158		-1.0
	1740.00000000	3.1055		-0.96426  0.2  0.2		4.1705503158		-1.0
	1770.00000000	3.05345		-1.05972  0.2  0.2		4.1705503158		-1.0
	1800.00000000	3.15439		-1.17935  0.2  0.2		4.1705503158		-1.0
	1830.00000000	2.97416		-1.05861  0.2  0.2		4.1705503158		-1.0
	1860.00000000	3.28305		-0.77581  0.2  0.2		4.1705503158		-1.0
	1890.00000000	2.95611		-0.63596  0.2  0.2		4.1705503158		-1.0
	1920.00000000	2.90872		-0.50158  0.2  0.2		4.1705503158		-1.0
	1950.00000000	2.95965		0.15208  0.2  0.2		4.1705503158		-1.0
	1980.00000000	3.03923		0.64954  0.2  0.2		4.1705503158		-1.0
	2010.00000000	2.97262		1.00444  0.2  0.2		4.1705503158		-1.0
	2040.00000000	2.82556		1.34286  0.2  0.2		4.1705503158		-1.0
	2070.00000000	2.91056		1.39477  0.2  0.2		4.1705503158		-1.0
	2100.00000000	3.08508		1.13484  0.2  0.2		4.1705503158		-1.0
	2130.00000000	3.07326		0.96655  0.2  0.2		4.1705503158		-1.0
	2160.00000000	3.08493		0.77472  0.2  0.2		4.1705503158		-1.0
	2190.00000000	2.83868		0.78838  0.2  0.2		4.1705503158		-1.0
	2220.00000000	2.69072		0.48124  0.2  0.2		4.1705503158		-1.0
	2250.00000000	3.35557		0.34128  0.2  0.2		4.1705503158		-1.0
	2280.00000000	2.75183		0.44251  0.2  0.2		4.1705503158		-1.0
	2310.00000000	3.16605		0.47838  0.2  0.2		4.1705503158		-1.0
	2340.00000000	2.93049		0.30607  0.2  0.2		4.1705503158		-1.0
	2370.00000000	2.96929		-0.02188  0.2  0.2		4.1705503158		-1.0
	2400.00000000	3.00058		-0.58797  0.2  0.2		4.1705503158		-1.0
	2430.00000000	2.84675		-0.82326  0.2  0.2		4.1705503158		-1.0
	2460.00000000	2.91257		-0.8986  0.2  0.2		4.1705503158		-1.0
	2490.00000000	2.7337		-1.23152  0.2  0.2		4.1705503158		-1.0
	2520.00000000	2.71567		-1.35893  0.2  0.2		4.1705503158		-1.0
	2550.00000000	3.25755		-1.51599  0.2  0.2		4.1705503158		-1.0
	2580.00000000	2.71457		-1.47826  0.2  0.2		4.1705503158		-1.0
	2610.00000000	3.327		-1.69241  0.2  0.2		4.1705503158		-1.0
	2640.00000000	2.91509		-1.89884  0.2  0.2		4.1705503158		-1.0
	2670.00000000	2.83803		-2.0668  0.2  0.2		4.1705503158		-1.0
	2700.00000000	3.36795		-2.28538  0.2  0.2		4.1705503158		-1.0
	2730.00000000	3.21061		-2.34771  0.2  0.2		4.1705503158		-1.0
	2760.00000000	2.98283		-2.51312  0.2  0.2		4.1705503158		-1.0
	2790.00000000	2.77394		-2.74873  0.2  0.2		4.1705503158		-1.0
	2820.00000000	2.78214		-2.85056  0.2  0.2		4.1705503158		-1.0
	2850.00000000	3.05759		-3.05151  0.2  0.2		4.1705503158		-1.0
	2880.00000000	3.12507		2.9049  0.2  0.2		4.1705503158		-1.0
	2910.00000000	3.12727		2.85571  0.2  0.2		4.1705503158		-1.0
	2940.00000000	2.99118		2.94421  0.2  0.2		4.1705503158		-1.0
	2970.00000000	2.94424		2.92239  0.2  0.2		4.1705503158		-1.0
	3000.00000000	2.91048		3.05971  0.2  0.2		4.1705503158		-1.0
	3030.00000000	2.91185		-2.94352  0.2  0.2		4.1705503158		-1.0
	3060.00000000	2.92262		-2.78407  0.2  0.2		4.1705503158		-1.0
	3090.00000000	2.81639		-2.73698  0.2  0.2		4.1705503158		-1.0
	3120.00000000	3.0404		-2.76363  0.2  0.2		4.1705503158		-1.0
	3150.00000000	2.91782		-2.72108  0.2  0.2		4.1705503158		-1.0
	3180.00000000	2.99549		-2.89908  0.2  0.2		4.1705503158		-1.0
	3210.00000000	2.99034		-2.73986  0.2  0.2		4.1705503158		-1.0
	3240.00000000	3.07492		-3.00362  0.2  0.2		4.1705503158		-1.0
	3270.00000000	2.91048		3.09969  0.2  0.2		4.1705503158		-1.0
	3300.00000000	2.85779		-3.10444  0.2  0.2		4.1705503158		-1.0
	3330.00000000	2.80123		-3.11604  0.2  0.2		4.1705503158		-1.0
	3360.00000000	3.00657		3.0459  0.2  0.2		4.1705503158		-1.0
	3390.00000000	2.90169		2.84639  0.2  0.2		4.1705503158		-1.0
	3420.00000000	2.80017		2.67882  0.2  0.2		4.1705503158		-1.0
	3450.00000000	2.84214		2.50478  0.2  0.2		4.1705503158		-1.0
	3480.00000000	3.07201		2.54407  0.2  0.2		4.1705503158		-1.0
	3510.00000000	3.02132		2.73609  0.2  0.2		4.1705503158		-1.0
	3540.00000000	2.85375		2.47677  0.2  0.2		4.1705503158		-1.0
	3570.00000000	2.8839		2.06557  0.2  0.2		4.1705503158		-1.0
	3600.00000000	2.9587		2.22689  0.2  0.2		4.1705503158		-1.0
	3630.00000000	3.00832		2.37653  0.2  0.2		4.1705503158		-1.0
	3660.00000000	2.93081		2.31337  0.2  0.2		4.1705503158		-1.0
	3690.00000000	2.84307		2.23479  0.2  0.2		4.1705503158		-1.0
	3720.00000000	3.06507		2.17859  0.2  0.2		4.1705503158		-1.0
	3750.00000000	2.91888		1.91413  0.2  0.2		4.1705503158		-1.0
	3780.00000000	2.83333		1.65253  0.2  0.2		4.1705503158		-1.0
	3810.00000000	2.89908		1.71674  0.2  0.2		4.1705503158		-1.0
	3840.00000000	2.91452		1.77478  0.2  0.2		4.1705503158		-1.0
	3870.00000000	3.09086		1.54877  0.2  0.2		4.1705503158		-1.0
	3900.00000000	3.05972		1.5033  0.2  0.2		4.1705503158		-1.0
	3930.00000000	2.98315		1.24851  0.2  0.2		4.1705503158		-1.0
	3960.00000000	3.14238		1.44407  0.2  0.2		4.1705503158		-1.0
	3990.00000000	2.92496		1.50665  0.2  0.2		4.1705503158		-1.0
	4020.00000000	2.81468		1.36184  0.2  0.2		4.1705503158		-1.0
	4050.00000000	3.3313		1.46712  0.2  0.2		4.1705503158		-1.0
	4080.00000000	2.90006		1.174  0.2  0.2		4.1705503158		-1.0
	4110.00000000	2.96064		1.084  0.2  0.2		4.1705503158		-1.0
	4140.00000000	3.03976		1.39292  0.2  0.2		4.1705503158		-1.0
	4170.00000000	3.05103		1.4752  0.2  0.2		4.1705503158		-1.0
	4200.00000000	3.13748		1.72521  0.2  0.2		4.1705503158		-1.0
	4230.00000000	3.06963		1.9362  0.2  0.2		4.1705503158		-1.0
	4260.00000000	2.83284		1.87106  0.2  0.2		4.1705503158		-1.0
	4290.00000000	2.97859		2.00399  0.2  0.2		4.1705503158		-1.0
	4320.00000000	3.11318		2.17757  0.2  0.2		4.1705503158		-1.0
	4350.00000000	2.82505		2.38666  0.2  0.2		4.1705503158		-1.0
	4380.00000000	3.15929		2.69245  0.2  0.2		4.1705503158		-1.0
	4410.00000000	3.1488		2.6595  0.2  0.2		4.1705503158		-1.0
	4440.00000000	2.81728		2.51678  0.2  0.2		4.1705503158		-1.0
	4470.00000000	3.25836		2.53566  0.2  0.2		4.1705503158		-1.0
	4500.00000000	2.71717		2.62624  0.2  0.2		4.1705503158		-1.0
	4530.00000000	2.7445		2.67737  0.2  0.2		4.1705503158		-1.0
	4560.00000000	2.76064		2.9407  0.2  0.2		4.1705503158		-1.0
	4590.00000000	2.90337		3.06841  0.2  0.2		4.1705503158		-1.0
	4620.00000000	2.80889		-3.12175  0.2  0.2		4.1705503158		-1.0
	4650.00000000	2.89492		2.80484  0.2  0.2		4.1705503158		-1.0
	4680.00000000	2.98292		2.67551  0.2  0.2		4.1705503158		-1.0
	4710.00000000	3.22861		2.52321  0.2  0.2		4.1705503158		-1.0
	4740.00000000	2.76338		2.72689  0.2  0.2		4.1705503158		-1.0
	4770.00000000	2.90274		3.10144  0.2  0.2		4.1705503158		-1.0
	4800.00000000	2.78814		-2.77061  0.2  0.2		4.1705503158		-1.0
	4830.00000000	3.15542		-2.45632  0.2  0.2		4.1705503158		-1.0
	4860.00000000	3.17112		-2.24882  0.2  0.2		4.1705503158		-1.0
	4890.00000000	2.88357		-2.21003  0.2  0.2		4.1705503158		-1.0
	4920.00000000	2.89201		-2.3069  0.2  0.2		4.1705503158		-1.0
	4950.00000000	2.79379		-2.2381  0.2  0.2		4.1705503158		-1.0
	4980.00000000	3.38135		-2.22386  0.2  0.2		4.1705503158		-1.0
	5010.00000000	2.96686		-2.2073  0.2  0.2		4.1705503158		-1.0
	5040.00000000	3.0975		-2.44997  0.2  0.2		4.1705503158		-1.0
	5070.00000000	3.45129		-2.4499  0.2  0.2		4.1705503158		-1.0
	5100.00000000	2.67886		-2.26031  0.2  0.2		4.1705503158		-1.0
	5130.00000000	3.10222		-2.11306  0.2  0.2		4.1705503158		-1.0
	5160.00000000	3.07692		-1.83367  0.2  0.2		4.1705503158		-1.0
	5190.00000000	3.02598		-2.0462  0.2  0.2		4.1705503158		-1.0
	5220.00000000	3.01062		-2.09749  0.2  0.2		4.1705503158		-1.0
	5250.00000000	2.72055		-1.94764  0.2  0.2		4.1705503158		-1.0
	5280.00000000	3.52569		-1.95823  0.2  0.2		4.1705503158		-1.0
	5310.00000000	2.71503		-1.78801  0.2  0.2		4.1705503158		-1.0
	5340.00000000	3.3506		-1.75449  0.2  0.2		4.1705503158		-1.0
	5370.00000000	2.74674		-1.70153  0.2  0.2		4.1705503158		-1.0
	5400.00000000	3.07093		-1.68981  0.2  0.2		4.1705503158		-1.0
	5430.00000000	2.81593		-1.51466  0.2  0.2		4.1705503158		-1.0
	5460.00000000	3.2591		-1.6047  0.2  0.2		4.1705503158		-1.0
	5490.00000000	3.07668		-1.545  0.2  0.2		4.1705503158		-1.0
	5520.00000000	3.09444		-1.41473  0.2  0.2		4.1705503158		-1.0
	5550.00000000	3.10668		-1.31361  0.2  0.2		4.1705503158		-1.0
	5580.00000000	2.73055		-1.36481  0.2  0.2		4.1705503158		-1.0
	5610.00000000	2.68594		-1.49334  0.2  0.2		4.1705503158		-1.0
	5640.00000000	3.56499		-1.34084  0.2  0.2		4.1705503158		-1.0
	5670.00000000	3.24609		-1.15666  0.2  0.2		4.1705503158		-1.0
	5700.00000000	3.11229		-1.09816  0.2  0.2		4.1705503158		-1.0
	5730.00000000	2.83628		-0.87075  0.2  0.2		4.1705503158		-1.0
	5760.00000000	2.73538		-0.80715  0.2  0.2		4.1705503158		-1.0
	5790.00000000	2.69984		-0.63962  0.2  0.2		4.1705503158		-1.0
	5820.00000000	3.04482		-0.10615  0.2  0.2		4.1705503158		-1.0
	5850.00000000	2.98281		0.39884  0.2  0.2		4.1705503158		-1.0
	5880.00000000	2.78804		0.96268  0.2  0.2		4.1705503158		-1.0
	5910.00000000	2.63724		1.20495  0.2  0.2		4.1705503158		-1.0
	5940.00000000	2.75566		1.08779  0.2  0.2		4.1705503158		-1.0
	5970.00000000	2.95628		0.96419  0.2  0.2		4.1705503158		-1.0
	6000.00000000	2.98102		0.99942  0.2  0.2		4.1705503158		-1.0
	6030.00000000	3.17477		0.86013  0.2  0.2		4.1705503158		-1.0
	6060.00000000	2.70808		0.39928  0.2  0.2		4.1705503158		-1.0
	6090.00000000	3.29414		-0.01365  0.2  0.2		4.1705503158		-1.0
	6120.00000000	2.99544		-0.29016  0.2  0.2		4.1705503158		-1.0
	6150.00000000	2.77625		-0.32614  0.2  0.2		4.1705503158		-1.0
	6180.00000000	2.90711		-0.17418  0.2  0.2		4.1705503158		-1.0
	6210.00000000	3.16287		0.12443  0.2  0.2		4.1705503158		-1.0
	6240.00000000	2.77692		0.05268  0.2  0.2		4.1705503158		-1.0
	6270.00000000	3.10495		-0.26063  0.2  0.2		4.1705503158		-1.0
	6300.00000000	2.87234		-0.4448  0.2  0.2		4.1705503158		-1.0
	6330.00000000	2.73322		-0.3364  0.2  0.2		4.1705503158		-1.0
	6360.00000000	2.78969		-0.07477  0.2  0.2		4.1705503158		-1.0
	6390.00000000	2.78119		-0.25254  0.2  0.2		4.1705503158		-1.0
	6420.00000000	2.78311		-0.38844  0.2  0.2		4.1705503158		-1.0
	6450.00000000	2.93227		-0.20681  0.2  0.2		4.1705503158		-1.0
	6480.00000000	3.29406		-0.09346  0.2  0.2		4.1705503158		-1.0
	6510.00000000	3.18354		0.07255  0.2  0.2		4.1705503158		-1.0
	6540.00000000	3.20957		0.66638  0.2  0.2		4.1705503158		-1.0
	6570.00000000	3.20182		0.92163  0.2  0.2		4.1705503158		-1.0
	6600.00000000	3.21044		0.83335  0.2  0.2		4.1705503158		-1.0
	6630.00000000	3.20121		0.71942  0.2  0.2		4.1705503158		-1.0
	6660.00000000	3.36659		0.78072  0.2  0.2		4.1705503158		-1.0
	6690.00000000	3.39328		0.94161  0.2  0.2		4.1705503158		-1.0
	6720.00000000	3.23641		0.91051  0.2  0.2		4.1705503158		-1.0
	6750.00000000	3.32205		1.29028  0.2  0.2		4.1705503158		-1.0
	6780.00000000	3.07469		1.54024  0.2  0.2		4.1705503158		-1.0
	6810.00000000	2.83451		1.72745  0.2  0.2		4.1705503158		-1.0
	6840.00000000	2.74886		1.80049  0.2  0.2		4.1705503158		-1.0
	6870.00000000	3.1016		1.82913  0.2  0.2		4.1705503158		-1.0
	6900.00000000	3.21828		1.90237  0.2  0.2		4.1705503158		-1.0
	6930.00000000	2.73273		1.91285  0.2  0.2		4.1705503158		-1.0
	6960.00000000	3.05875		2.25351  0.2  0.2		4.1705503158		-1.0
	6990.00000000	2.7893		2.72574  0.2  0.2		4.1705503158		-1.0
	7020.00000000	2.70466		2.93091  0.2  0.2		4.1705503158		-1.0
	7050.00000000	2.80214		2.89263  0.2  0.2		4.1705503158		-1.0
	7080.00000000	2.83151		2.84869  0.2  0.2		4.1705503158		-1.0
	7110.00000000	2.87334		2.59322  0.2  0.2		4.1705503158		-1.0
	7140.00000000	3.38488		2.29236  0.2  0.2		4.1705503158		-1.0
	7170.00000000	2.79377		1.93487  0.2  0.2		4.1705503158		-1.0
	7200.00000000	2.72333		2.09975  0.2  0.2		4.1705503158		-1.0
	7230.00000000	2.83435		2.41427  0.2  0.2		4.1705503158		-1.0
	7260.00000000	2.86948		2.43213  0.2  0.2		4.1705503158		-1.0
	7290.00000000	2.7614		2.01462  0.2  0.2		4.1705503158		-1.0
	7320.00000000	2.93447		1.58315  0.2  0.2		4.1705503158		-1.0
	7350.00000000	2.7756		1.42299  0.2  0.2		4.1705503158		-1.0
	7380.00000000	2.60699		1.10227  0.2  0.2		4.1705503158		-1.0
	7410.00000000	2.65955		0.84478  0.2  0.2		4.1705503158		-1.0
	7440.00000000	2.73386		0.80292  0.2  0.2		4.1705503158		-1.0
	7470.00000000	2.90664		0.56441  0.2  0.2		4.1705503158		-1.0
	7500.00000000	2.9203		0.50258  0.2  0.2		4.1705503158		-1.0
	7530.00000000	3.30798		0.55557  0.2  0.2		4.1705503158		-1.0
	7560.00000000	3.34913		0.40071  0.2  0.2		4.1705503158		-1.0
	7590.00000000	2.72894		0.54735  0.2  0.2		4.1705503158		-1.0
	7620.00000000	2.78924		0.8363  0.2  0.2		4.1705503158		-1.0
	7650.00000000	3.11836		0.74551  0.2  0.2		4.1705503158		-1.0
	7680.00000000	3.48872		0.52932  0.2  0.2		4.1705503158		-1.0
	7710.00000000	2.81455		0.00115  0.2  0.2		4.1705503158		-1.0
	7740.00000000	2.80569		-0.69316  0.2  0.2		4.1705503158		-1.0
	7770.00000000	2.73261		-1.11107  0.2  0.2		4.1705503158		-1.0
	7800.00000000	2.90093		-1.34279  0.2  0.2		4.1705503158		-1.0
	7830.00000000	2.79606		-1.40869  0.2  0.2		4.1705503158		-1.0
	7860.00000000	2.8514		-1.84426  0.2  0.2		4.1705503158		-1.0
	7890.00000000	2.84552		-2.44622  0.2  0.2		4.1705503158		-1.0
	7920.00000000	2.92784		-2.63424  0.2  0.2		4.1705503158		-1.0
	7950.00000000	3.07525		-2.52922  0.2  0.2		4.1705503158		-1.0
	7980.00000000	2.78925		-2.41667  0.2  0.2		4.1705503158		-1.0
	8010.00000000	3.27809		-2.51688  0.2  0.2		4.1705503158		-1.0
	8040.00000000	3.14245		-2.8506  0.2  0.2		4.1705503158		-1.0
	8070.00000000	3.25657		-2.75562  0.2  0.2		4.1705503158		-1.0
	8100.00000000	3.28826		-2.81326  0.2  0.2		4.1705503158		-1.0
	8130.00000000	3.24773		-3.02674  0.2  0.2		4.1705503158		-1.0
	8160.00000000	3.30842		3.10735  0.2  0.2		4.1705503158		-1.0
	8190.00000000	3.31797		2.74573  0.2  0.2		4.1705503158		-1.0
	8220.00000000	3.14194		2.28938  0.2  0.2		4.1705503158		-1.0
	8250.00000000	3.28871		2.05095  0.2  0.2		4.1705503158		-1.0
	8280.00000000	2.90599		2.17141  0.2  0.2		4.1705503158		-1.0
	8310.00000000	2.79421		2.33932  0.2  0.2		4.1705503158		-1.0
	8340.00000000	2.81552		2.328  0.2  0.2		4.1705503158		-1.0
	8370.00000000	2.68204		2.23503  0.2  0.2		4.1705503158		-1.0
	8400.00000000	2.73414		1.88598  0.2  0.2		4.1705503158		-1.0
	8430.00000000	3.36751		1.56374  0.2  0.2		4.1705503158		-1.0
	8460.00000000	2.897		1.72503  0.2  0.2		4.1705503158		-1.0
	8490.00000000	3.40831		1.91268  0.2  0.2		4.1705503158		-1.0
	8520.00000000	3.08689		2.17008  0.2  0.2		4.1705503158		-1.0
	8550.00000000	3.381		2.23296  0.2  0.2		4.1705503158		-1.0
	8580.00000000	3.06903		2.12128  0.2  0.2		4.1705503158		-1.0
	8610.00000000	3.5327		2.35551  0.2  0.2		4.1705503158		-1.0
	8640.00000000	3.35866		2.20892  0.2  0.2		4.1705503158		-1.0
	8670.00000000	3.05903		2.07452  0.2  0.2		4.1705503158		-1.0
	8700.00000000	3.42793		1.74364  0.2  0.2		4.1705503158		-1.0
	8730.00000000	3.27812		1.90023  0.2  0.2		4.1705503158		-1.0
	8760.00000000	2.91693		2.10145  0.2  0.2		4.1705503158		-1.0
	8790.00000000	2.93741		2.21236  0.2  0.2		4.1705503158		-1.0
	8820.00000000	2.63649		2.11911  0.2  0.2		4.1705503158		-1.0
	8850.00000000	2.89573		1.89316  0.2  0.2		4.1705503158		-1.0
	8880.00000000	3.00946		1.61416  0.2  0.2		4.1705503158		-1.0
	8910.00000000	3.31044		1.35533  0.2  0.2		4.1705503158		-1.0
	8940.00000000	3.4746		1.12187  0.2  0.2		4.1705503158		-1.0
	8970.00000000	3.11993		1.38914  0.2  0.2		4.1705503158		-1.0
	9000.00000000	3.47442		1.25786  0.2  0.2		4.1705503158		-1.0
	9030.00000000	3.44512		1.22441  0.2  0.2		4.1705503158		-1.0
	9060.00000000	3.18407		1.18842  0.2  0.2		4.1705503158		-1.0
	9090.00000000	3.43505		0.99819  0.2  0.2		4.1705503158		-1.0
	9120.00000000	3.09812		0.87378  0.2  0.2		4.1705503158		-1.0
	9150.00000000	2.68813		0.85679  0.2  0.2		4.1705503158		-1.0
	9180.00000000	3.24582		0.8486  0.2  0.2		4.1705503158		-1.0
	9210.00000000	3.62538		0.85839  0.2  0.2		4.1705503158		-1.0
	9240.00000000	2.60974		0.65096  0.2  0.2		4.1705503158		-1.0
	9270.00000000	3.47645		0.168  0.2  0.2		4.1705503158		-1.0
	9300.00000000	2.65297		-0.01943  0.2  0.2		4.1705503158		-1.0
	9330.00000000	3.46429		-0.22719  0.2  0.2		4.1705503158		-1.0
	9360.00000000	3.39441		-0.41599  0.2  0.2		4.1705503158		-1.0
	9390.00000000	3.19217		-0.95002  0.2  0.2		4.1705503158		-1.0
	9420.00000000	3.3273		-0.85766  0.2  0.2		4.1705503158		-1.0
	9450.00000000	3.34784		-0.45452  0.2  0.2		4.1705503158		-1.0
	9480.00000000	3.33385		-0.20454  0.2  0.2		4.1705503158		-1.0
	9510.00000000	3.00456		-0.38101  0.2  0.2		4.1705503158		-1.0
	9540.00000000	3.21621		-0.54996  0.2  0.2		4.1705503158		-1.0
	9570.00000000	3.409		-0.62237  0.2  0.2		4.1705503158		-1.0
	9600.00000000	3.19744		-0.52675  0.2  0.2		4.1705503158		-1.0
	9630.00000000	3.39633		-0.51898  0.2  0.2		4.1705503158		-1.0
	9660.00000000	2.67673		-0.62181  0.2  0.2		4.1705503158		-1.0
	9690.00000000	2.65374		-0.57589  0.2  0.2		4.1705503158		-1.0
	9720.00000000	2.76517		-0.85358  0.2  0.2		4.1705503158		-1.0
	9750.00000000	2.94219		-1.35631  0.2  0.2		4.1705503158		-1.0
	9780.00000000	2.93451		-1.72243  0.2  0.2		4.1705503158		-1.0
	9810.00000000	2.80297		-2.20551  0.2  0.2		4.1705503158		-1.0
	9840.00000000	2.82816		-2.50826  0.2  0.2		4.1705503158		-1.0
	9870.00000000	2.85636		-2.33067  0.2  0.2		4.1705503158		-1.0
	9900.00000000	2.75869		-2.44774  0.2  0.2		4.1705503158		-1.0
	9930.00000000	2.64671		-2.58945  0.2  0.2		4.1705503158		-1.0
	9960.00000000	2.96826		-2.78477  0.2  0.2		4.1705503158		-1.0
	9990.00000000	2.98238		-3.01504  0.2  0.2		4.1705503158		-1.0
	10020.00000000	3.11936		2.89538  0.2  0.2		4.1705503158		-1.0
	10050.00000000	3.32235		2.75742  0.2  0.2		4.1705503158		-1.0
	10080.00000000	3.08036		3.13152  0.2  0.2		4.1705503158		-1.0
	10110.00000000	3.31451		3.05029  0.2  0.2		4.1705503158		-1.0
	10140.00000000	2.72049		-3.01159  0.2  0.2		4.1705503158		-1.0
	10170.00000000	3.02411		-2.93206  0.2  0.2		4.1705503158		-1.0
	10200.00000000	3.41673		-2.92175  0.2  0.2		4.1705503158		-1.0
	10230.00000000	3.16293		3.13013  0.2  0.2		4.1705503158		-1.0
	10260.00000000	3.42785		-3.13946  0.2  0.2		4.1705503158		-1.0
	10290.00000000	3.45839		-3.05374  0.2  0.2		4.1705503158		-1.0
	10320.00000000	2.85902		-3.03379  0.2  0.2		4.1705503158		-1.0
	10350.00000000	3.20737		-2.99521  0.2  0.2		4.1705503158		-1.0
	10380.00000000	3.35345		-2.91237  0.2  0.2		4.1705503158		-1.0
	10410.00000000	3.21172		-2.99173  0.2  0.2		4.1705503158		-1.0
	10440.00000000	3.57694		-2.94673  0.2  0.2		4.1705503158		-1.0
	10470.00000000	3.038		-2.52551  0.2  0.2		4.1705503158		-1.0
	10500.00000000	2.87844		-2.46277  0.2  0.2		4.1705503158		-1.0
	10530.00000000	3.56804		-2.52052  0.2  0.2		4.1705503158		-1.0
	10560.00000000	3.00904		-2.57053  0.2  0.2		4.1705503158		-1.0
	10590.00000000	3.5581		-2.6199  0.2  0.2		4.1705503158		-1.0
	10620.00000000	3.29782		-2.57864  0.2  0.2		4.1705503158		-1.0
	10650.00000000	3.29468		-2.41455  0.2  0.2		4.1705503158		-1.0
	10680.00000000	3.05542		-2.3767  0.2  0.2		4.1705503158		-1.0
	10710.00000000	3.45916		-2.61234  0.2  0.2		4.1705503158		-1.0
	10740.00000000	2.90797		-2.63594  0.2  0.2		4.1705503158		-1.0
	10770.00000000	2.90887		-2.87657  0.2  0.2		4.1705503158		-1.0
	10800.00000000	2.71236		-2.79172  0.2  0.2		4.1705503158		-1.0
	10830.00000001	2.68995		-2.99786  0.2  0.2		4.1705503158		-1.0
	10860.00000001	2.86054		2.97372  0.2  0.2		4.1705503158		-1.0
	10890.00000001	2.8451		2.64987  0.2  0.2		4.1705503158		-1.0
	10920.00000001	2.60018		2.57174  0.2  0.2		4.1705503158		-1.0
	10950.00000001	3.0139		2.6377  0.2  0.2		4.1705503158		-1.0
	10980.00000001	3.16234		2.47188  0.2  0.2		4.1705503158		-1.0
	11010.00000001	3.29673		2.30608  0.2  0.2		4.1705503158		-1.0
	11040.00000001	3.35533		2.25224  0.2  0.2		4.1705503158		-1.0
	11070.00000001	3.44555		2.41919  0.2  0.2		4.1705503158		-1.0
	11100.00000001	3.15444		2.51587  0.2  0.2		4.1705503158		-1.0
	11130.00000001	3.35101		2.58886  0.2  0.2		4.1705503158		-1.0
	11160.00000001	3.13235		2.76782  0.2  0.2		4.1705503158		-1.0
	11190.00000001	3.458		2.75042  0.2  0.2		4.1705503158		-1.0
	11220.00000001	3.58005		2.85726  0.2  0.2		4.1705503158		-1.0
	11250.00000001	3.14279		2.81943  0.2  0.2		4.1705503158		-1.0
	11280.00000001	3.38855		2.93856  0.2  0.2		4.1705503158		-1.0
	11310.00000001	2.7409		2.9644  0.2  0.2		4.1705503158		-1.0
	11340.00000001	3.95877		3.1116  0.2  0.2		4.1705503158		-1.0
	11370.00000001	2.73366		3.04712  0.2  0.2		4.1705503158		-1.0
	11400.00000001	2.73971		3.0968  0.2  0.2		4.1705503158		-1.0
	11430.00000001	3.29279		3.09224  0.2  0.2		4.1705503158		-1.0
	11460.00000001	3.46358		-3.14016  0.2  0.2		4.1705503158		-1.0
	11490.00000001	2.94747		3.08658  0.2  0.2		4.1705503158		-1.0
	11520.00000001	3.11765		2.70773  0.2  0.2		4.1705503158		-1.0
	11550.00000001	3.8319		2.67723  0.2  0.2		4.1705503158		-1.0
	11580.00000001	2.75275		2.776  0.2  0.2		4.1705503158		-1.0
	11610.00000001	2.82714		2.92512  0.2  0.2		4.1705503158		-1.0
	11640.00000001	3.06666		2.73448  0.2  0.2		4.1705503158		-1.0
	11670.00000001	3.5437		2.40662  0.2  0.2		4.1705503158		-1.0
	11700.00000001	2.68162		2.17278  0.2  0.2		4.1705503158		-1.0
	11730.00000001	2.75758		2.62003  0.2  0.2		4.1705503158		-1.0
	11760.00000001	2.52995		2.72559  0.2  0.2		4.1705503158		-1.0
	11790.00000001	3.3949		2.46893  0.2  0.2		4.1705503158		-1.0
	11820.00000001	3.8228		2.55351  0.2  0.2		4.1705503158		-1.0
	11850.00000001	3.39329		2.73739  0.2  0.2		4.1705503158		-1.0
	11880.00000001	3.64631		2.727  0.2  0.2		4.1705503158		-1.0
	11910.00000001	3.23192		2.70763  0.2  0.2		4.1705503158		-1.0
	11940.00000001	3.73596		2.7511  0.2  0.2		4.1705503158		-1.0
	11970.00000001	3.30364		2.84744  0.2  0.2		4.1705503158		-1.0
	12000.00000001	3.49466		3.06788  0.2  0.2		4.1705503158		-1.0
	12030.00000001	3.60015		3.07232  0.2  0.2		4.1705503158		-1.0
	12060.00000001	3.35667		-3.13239  0.2  0.2		4.1705503158		-1.0
	12090.00000001	3.14047		-3.07109  0.2  0.2		4.1705503158		-1.0
	12120.00000001	2.76894		-3.04477  0.2  0.2		4.1705503158		-1.0
	12150.00000001	2.63518		-2.68994  0.2  0.2		4.1705503158		-1.0
	12180.00000001	2.64522		-2.7076  0.2  0.2		4.1705503158		-1.0
	12210.00000001	2.71561		-2.9292  0.2  0.2		4.1705503158		-1.0
	12240.00000001	2.53242		3.10578  0.2  0.2		4.1705503158		-1.0
	12270.00000001	2.78783		2.98755  0.2  0.2		4.1705503158		-1.0
	12300.00000001	2.76094		2.92872  0.2  0.2		4.1705503158		-1.0
	12330.00000001	2.50335		2.91124  0.2  0.2		4.1705503158		-1.0
	12360.00000001	2.69825		3.09469  0.2  0.2		4.1705503158		-1.0
	12390.00000001	2.5585		-3.0064  0.2  0.2		4.1705503158		-1.0
	12420.00000001	2.62793		-2.79932  0.2  0.2		4.1705503158		-1.0
	12450.00000001	2.91806		-2.76705  0.2  0.2		4.1705503158		-1.0
	12480.00000001	2.72091		-2.52936  0.2  0.2		4.1705503158		-1.0
	12510.00000001	2.69827		-2.12986  0.2  0.2		4.1705503158		-1.0
	12540.00000001	2.65098		-1.7515  0.2  0.2		4.1705503158		-1.0
	12570.00000001	2.78536		-1.81251  0.2  0.2		4.1705503158		-1.0
	12600.00000001	2.81143		-2.18955  0.2  0.2		4.1705503158		-1.0
	12630.00000001	2.82037		-2.38559  0.2  0.2		4.1705503158		-1.0
	12660.00000001	2.7857		-2.20726  0.2  0.2		4.1705503158		-1.0
	12690.00000001	2.77432		-1.9265  0.2  0.2		4.1705503158		-1.0
	12720.00000001	2.7852		-1.96576  0.2  0.2		4.1705503158		-1.0
	12750.00000001	3.07156		-2.09665  0.2  0.2		4.1705503158		-1.0
	12780.00000001	3.00736		-2.09144  0.2  0.2		4.1705503158		-1.0
	12810.00000001	3.48189		-2.00247  0.2  0.2		4.1705503158		-1.0
	12840.00000001	2.81876		-1.95111  0.2  0.2		4.1705503158		-1.0
	12870.00000001	3.05499		-1.75838  0.2  0.2		4.1705503158		-1.0
	12900.00000001	3.18014		-1.47647  0.2  0.2		4.1705503158		-1.0
	12930.00000001	3.26459		-1.65804  0.2  0.2		4.1705503158		-1.0
	12960.00000001	3.20797		-1.9751  0.2  0.2		4.1705503158		-1.0
	12990.00000001	3.24445		-1.99052  0.2  0.2		4.1705503158		-1.0
	13020.00000001	3.37038		-1.73279  0.2  0.2		4.1705503158		-1.0
	13050.00000001	3.14506		-1.40174  0.2  0.2		4.1705503158		-1.0
	13080.00000001	3.13418		-1.17758  0.2  0.2		4.1705503158		-1.0
	13110.00000001	2.91253		-1.27769  0.2  0.2		4.1705503158		-1.0
	13140.00000001	2.76007		-1.45069  0.2  0.2		4.1705503158		-1.0
	13170.00000001	2.85056		-1.57045  0.2  0.2		4.1705503158		-1.0
	13200.00000001	2.68429		-1.93551  0.2  0.2		4.1705503158		-1.0
	13230.00000001	2.69621		-2.41588  0.2  0.2		4.1705503158		-1.0
	13260.00000001	2.64197		-2.64874  0.2  0.2		4.1705503158		-1.0
	13290.00000001	2.85984		-2.50755  0.2  0.2		4.1705503158		-1.0
	13320.00000001	3.46519		-2.41388  0.2  0.2		4.1705503158		-1.0
	13350.00000001	3.06633		-2.4575  0.2  0.2		4.1705503158		-1.0
	13380.00000001	3.20383		-2.52927  0.2  0.2		4.1705503158		-1.0
	13410.00000001	3.39548		-2.63377  0.2  0.2		4.1705503158		-1.0
	13440.00000001	3.27737		-2.68967  0.2  0.2		4.1705503158		-1.0
	13470.00000001	3.42221		-2.54772  0.2  0.2		4.1705503158		-1.0
	13500.00000001	3.42592		-2.18825  0.2  0.2		4.1705503158		-1.0
	13530.00000001	3.32475		-1.87911  0.2  0.2		4.1705503158		-1.0
	13560.00000001	3.46071		-1.78663  0.2  0.2		4.1705503158		-1.0
	13590.00000001	3.45828		-1.52162  0.2  0.2		4.1705503158		-1.0
	13620.00000001	3.21263		-1.4261  0.2  0.2		4.1705503158		-1.0
	13650.00000001	3.42084		-1.30392  0.2  0.2		4.1705503158		-1.0
	13680.00000001	3.4855		-0.98773  0.2  0.2		4.1705503158		-1.0
	13710.00000001	3.36657		-1.03466  0.2  0.2		4.1705503158		-1.0
	13740.00000001	3.21029		-1.18312  0.2  0.2		4.1705503158		-1.0
	13770.00000001	2.71265		-1.26729  0.2  0.2		4.1705503158		-1.0
	13800.00000001	2.63357		-1.22206  0.2  0.2		4.1705503158		-1.0
	13830.00000001	2.69006		-1.02545  0.2  0.2		4.1705503158		-1.0
	13860.00000001	2.71608		-1.00909  0.2  0.2		4.1705503158		-1.0
	13890.00000001	2.69291		-1.03457  0.2  0.2		4.1705503158		-1.0
	13920.00000001	2.76096		-1.00504  0.2  0.2		4.1705503158		-1.0
	13950.00000001	2.82783		-0.98416  0.2  0.2		4.1705503158		-1.0
	13980.00000001	2.82615		-0.53386  0.2  0.2		4.1705503158		-1.0
	14010.00000001	3.31405		-0.03441  0.2  0.2		4.1705503158		-1.0
	14040.00000001	3.16758		0.27646  0.2  0.2		4.1705503158		-1.0
	14070.00000001	3.28424		0.48172  0.2  0.2		4.1705503158		-1.0
	14100.00000001	3.11624		0.29601  0.2  0.2		4.1705503158		-1.0
	14130.00000001	2.74306		0.18598  0.2  0.2		4.1705503158		-1.0
	14160.00000001	3.16562		0.37815  0.2  0.2		4.1705503158		-1.0
	14190.00000001	3.31043		0.3132  0.2  0.2		4.1705503158		-1.0
	14220.00000001	2.71959		0.08494  0.2  0.2		4.1705503158		-1.0
	14250.00000000	3.34437		-0.32515  0.2  0.2		4.1705503158		-1.0
	14280.00000000	3.48656		-0.66587  0.2  0.2		4.1705503158		-1.0
	14310.00000000	2.66079		-0.74194  0.2  0.2		4.1705503158		-1.0
	14340.00000000	2.71587		-0.64925  0.2  0.2		4.1705503158		-1.0
	14370.00000000	2.77008		-0.5177  0.2  0.2		4.1705503158		-1.0
	14400.00000000	2.71845		-0.55934  0.2  0.2		4.1705503158		-1.0
	14430.00000000	2.78253		-0.41171  0.2  0.2		4.1705503158		-1.0
	14460.00000000	2.87642		0.10918  0.2  0.2		4.1705503158		-1.0
	14490.00000000	2.9072		0.0607  0.2  0.2		4.1705503158		-1.0
	14520.00000000	2.90729		-0.38378  0.2  0.2		4.1705503158		-1.0
	14550.00000000	3.58166		-0.5049  0.2  0.2		4.1705503158		-1.0
	14580.00000000	2.61927		-0.66527  0.2  0.2		4.1705503158		-1.0
	14610.00000000	3.74648		-1.0549  0.2  0.2		4.1705503158		-1.0
	14640.00000000	3.19969		-1.15266  0.2  0.2		4.1705503158		-1.0
	14670.00000000	3.30292		-1.18817  0.2  0.2		4.1705503158		-1.0
	14700.00000000	2.90888		-1.18617  0.2  0.2		4.1705503158		-1.0
	14730.00000000	2.92473		-1.34205  0.2  0.2		4.1705503158		-1.0
	14760.00000000	2.9109		-1.60193  0.2  0.2		4.1705503158		-1.0
	14790.00000000	2.95784		-1.60282  0.2  0.2		4.1705503158		-1.0
	14820.00000000	3.00285		-1.56422  0.2  0.2		4.1705503158		-1.0
	14850.00000000	3.48666		-1.50038  0.2  0.2		4.1705503158		-1.0
	14880.00000000	3.49526		-1.45835  0.2  0.2		4.1705503158		-1.0
	14910.00000000	3.12733		-1.58224  0.2  0.2		4.1705503158		-1.0
	14940.00000000	3.18082		-1.696  0.2  0.2		4.1705503158		-1.0
	14970.00000000	3.20299		-1.86989  0.2  0.2		4.1705503158		-1.0
	15000.00000000	2.7162		-1.94932  0.2  0.2		4.1705503158		-1.0
	15030.00000000	3.30448		-1.86681  0.2  0.2		4.1705503158		-1.0
	15060.00000000	3.04676		-2.02619  0.2  0.2		4.1705503158		-1.0
	15090.00000000	3.56569		-2.11102  0.2  0.2		4.1705503158		-1.0
	15120.00000000	3.62697		-2.01164  0.2  0.2		4.1705503158		-1.0
	15150.00000000	3.75925		-2.26755  0.2  0.2		4.1705503158		-1.0
	15180.00000000	3.2509		-2.44543  0.2  0.2		4.1705503158		-1.0
	15210.00000000	2.62111		-2.61685  0.2  0.2		4.1705503158		-1.0
	15240.00000000	3.37691		-2.64106  0.2  0.2		4.1705503158		-1.0
	15270.00000000	4.38173		-2.66703  0.2  0.2		4.1705503158		-1.0
	15300.00000000	3.34657		-2.48653  0.2  0.2		4.1705503158		-1.0
	15330.00000000	2.62462		-2.19335  0.2  0.2		4.1705503158		-1.0
	15360.00000000	3.19356		-2.0654  0.2  0.2		4.1705503158		-1.0
	15390.00000000	3.47708		-1.95968  0.2  0.2		4.1705503158		-1.0
	15420.00000000	3.62417		-1.85139  0.2  0.2		4.1705503158		-1.0
	15450.00000000	3.33574		-1.45552  0.2  0.2		4.1705503158		-1.0
	15480.00000000	3.21351		-0.8545  0.2  0.2		4.1705503158		-1.0
	15510.00000000	3.23829		-0.22581  0.2  0.2		4.1705503158		-1.0
	15540.00000000	3.02214		0.23131  0.2  0.2		4.1705503158		-1.0
	15570.00000000	2.72426		0.5688  0.2  0.2		4.1705503158		-1.0
	15600.00000000	2.89691		0.62681  0.2  0.2		4.1705503158		-1.0
	15630.00000000	2.95381		0.61762  0.2  0.2		4.1705503158		-1.0
	15660.00000000	3.78812		0.56105  0.2  0.2		4.1705503158		-1.0
	15690.00000000	3.14534		0.53463  0.2  0.2		4.1705503158		-1.0
	15720.00000000	2.60132		0.95639  0.2  0.2		4.1705503158		-1.0
	15750.00000000	2.59279		1.20487  0.2  0.2		4.1705503158		-1.0
	15780.00000000	3.37036		1.12863  0.2  0.2		4.1705503158		-1.0
	15810.00000000	2.98643		1.1928  0.2  0.2		4.1705503158		-1.0
	15840.00000000	2.77998		1.57599  0.2  0.2		4.1705503158		-1.0
	15870.00000000	2.64907		1.83624  0.2  0.2		4.1705503158		-1.0
	15900.00000000	2.69509		1.72435  0.2  0.2		4.1705503158		-1.0
	15930.00000000	2.74153		1.40686  0.2  0.2		4.1705503158		-1.0
	15960.00000000	2.69673		1.45952  0.2  0.2		4.1705503158		-1.0
	15990.00000000	2.63479		1.76028  0.2  0.2		4.1705503158		-1.0
	16020.00000000	2.74601		1.8565  0.2  0.2		4.1705503158		-1.0
	16050.00000000	2.72552		2.09065  0.2  0.2		4.1705503158		-1.0
	16080.00000000	2.77987		2.4189  0.2  0.2		4.1705503158		-1.0
	16110.00000000	2.66607		2.44226  0.2  0.2		4.1705503158		-1.0
	16140.00000000	2.63957		2.31396  0.2  0.2		4.1705503158		-1.0
	16170.00000000	2.62496		2.24825  0.2  0.2		4.1705503158		-1.0
	16200.00000000	2.63506		2.26275  0.2  0.2		4.1705503158		-1.0
	16230.00000000	2.85611		2.19823  0.2  0.2		4.1705503158		-1.0
	16260.00000000	3.34383		1.89085  0.2  0.2		4.1705503158		-1.0
	16290.00000000	3.16848		1.70146  0.2  0.2		4.1705503158		-1.0
	16320.00000000	3.5139		1.48866  0.2  0.2		4.1705503158		-1.0
	16350.00000000	3.21549		1.6061  0.2  0.2		4.1705503158		-1.0
	16380.00000000	3.09414		1.67523  0.2  0.2		4.1705503158		-1.0
	16410.00000000	2.69918		1.66116  0.2  0.2		4.1705503158		-1.0
	16440.00000000	2.80598		1.29496  0.2  0.2		4.1705503158		-1.0
	16470.00000000	3.15571		1.47593  0.2  0.2		4.1705503158		-1.0
	16500.00000000	3.52176		1.66132  0.2  0.2		4.1705503158		-1.0
	16530.00000000	3.22075		1.89842  0.2  0.2		4.1705503158		-1.0
	16560.00000000	3.21438		1.7648  0.2  0.2		4.1705503158		-1.0
	16590.00000000	3.62779		1.77859  0.2  0.2		4.1705503158		-1.0
	16620.00000000	3.239		1.79045  0.2  0.2		4.1705503158		-1.0
	16650.00000000	3.23096		2.09028  0.2  0.2		4.1705503158		-1.0
	16680.00000000	3.10781		2.31094  0.2  0.2		4.1705503158		-1.0
	16710.00000000	3.41125		2.47465  0.2  0.2		4.1705503158		-1.0
	16740.00000000	2.70299		2.53165  0.2  0.2		4.1705503158		-1.0
	16770.00000000	2.57236		2.70112  0.2  0.2		4.1705503158		-1.0
	16800.00000000	2.61079		2.90733  0.2  0.2		4.1705503158		-1.0
	16830.00000000	2.6027		3.13336  0.2  0.2		4.1705503158		-1.0
	16860.00000000	2.66128		-2.96987  0.2  0.2		4.1705503158		-1.0
	16890.00000000	3.32824		-3.00428  0.2  0.2		4.1705503158		-1.0
	16920.00000000	3.79197		-2.96566  0.2  0.2		4.1705503158		-1.0
	16950.00000000	3.57772		-3.02949  0.2  0.2		4.1705503158		-1.0
	16980.00000000	3.56214		3.09213  0.2  0.2		4.1705503158		-1.0
	17010.00000000	3.53217		3.06111  0.2  0.2		4.1705503158		-1.0
	17040.00000000	2.73193		2.67503  0.2  0.2		4.1705503158		-1.0
	17070.00000000	3.00341		2.34158  0.2  0.2		4.1705503158		-1.0
	17100.00000000	3.70956		2.22786  0.2  0.2		4.1705503158		-1.0
	17130.00000000	3.35493		2.15857  0.2  0.2		4.1705503158		-1.0
	17160.00000000	3.67464		2.26416  0.2  0.2		4.1705503158		-1.0
	17190.00000000	3.55293		2.35938  0.2  0.2		4.1705503158		-1.0
	17220.00000000	3.7465		2.41274  0.2  0.2		4.1705503158		-1.0
	17250.00000000	2.64205		2.67439  0.2  0.2		4.1705503158		-1.0
	17280.00000000	3.08136		2.85645  0.2  0.2		4.1705503158		-1.0
	17310.00000000	4.22225		2.8  0.2  0.2		4.1705503158		-1.0
	17340.00000000	3.53689		2.71864  0.2  0.2		4.1705503158		-1.0
	17370.00000000	2.99308		2.21637  0.2  0.2		4.1705503158		-1.0
	17400.00000000	3.0405		1.96419  0.2  0.2		4.1705503158		-1.0
	17430.00000000	3.27087		1.82379  0.2  0.2		4.1705503158		-1.0
	17460.00000000	3.51559		1.73092  0.2  0.2		4.1705503158		-1.0
	17490.00000000	2.55679		1.77193  0.2  0.2		4.1705503158		-1.0
	17520.00000000	3.12184		1.74072  0.2  0.2		4.1705503158		-1.0
	17550.00000000	3.7286		1.41167  0.2  0.2		4.1705503158		-1.0
	17580.00000000	2.92501		1.16504  0.2  0.2		4.1705503158		-1.0
	17610.00000000	2.67591		1.01679  0.2  0.2		4.1705503158		-1.0
	17640.00000000	2.63828		1.29551  0.2  0.2		4.1705503158		-1.0
	17670.00000000	2.66503		1.17381  0.2  0.2		4.1705503158		-1.0
	17700.00000000	2.72271		0.91021  0.2  0.2		4.1705503158		-1.0
	17730.00000000	2.75032		0.49166  0.2  0.2		4.1705503158		-1.0
	17760.00000000	2.89105		0.12613  0.2  0.2		4.1705503158		-1.0
	17790.00000000	3.49198		-0.24038  0.2  0.2		4.1705503158		-1.0
	17820.00000000	2.67291		-0.06972  0.2  0.2		4.1705503158		-1.0
	17850.00000000	2.69012		-0.14642  0.2  0.2		4.1705503158		-1.0
	17880.00000000	2.71063		-0.20468  0.2  0.2		4.1705503158		-1.0
	17910.00000000	2.73242		-0.13812  0.2  0.2		4.1705503158		-1.0
	17940.00000000	3.7468		0.04583  0.2  0.2		4.1705503158		-1.0
	17970.00000000	2.75323		-0.23796  0.2  0.2		4.1705503158		-1.0
	18000.00000000	3.16668		-0.42831  0.2  0.2		4.1705503158		-1.0
	18030.00000000	3.32825		-0.28203  0.2  0.2		4.1705503158		-1.0
	18060.00000000	3.49767		0.02602  0.2  0.2		4.1705503158		-1.0
	18090.00000000	3.2892		0.28766  0.2  0.2		4.1705503158		-1.0
	18120.00000000	3.45229		0.20138  0.2  0.2		4.1705503158		-1.0
	18150.00000000	3.02545		0.04827  0.2  0.2		4.1705503158		-1.0
	18180.00000000	3.62542		-0.15673  0.2  0.2		4.1705503158		-1.0
	18210.00000000	3.08314		-0.35336  0.2  0.2		4.1705503158		-1.0
	18240.00000000	3.46754		-0.72643  0.2  0.2		4.1705503158		-1.0
	18270.00000000	2.83781		-1.00634  0.2  0.2		4.1705503158		-1.0
	18300.00000000	2.59202		-1.0467  0.2  0.2		4.1705503158		-1.0
	18330.00000000	2.60919		-1.04053  0.2  0.2		4.1705503158		-1.0
	18360.00000000	2.61148		-0.81248  0.2  0.2		4.1705503158		-1.0
	18390.00000000	3.2019		-0.72679  0.2  0.2		4.1705503158		-1.0
	18420.00000000	3.36054		-0.90793  0.2  0.2		4.1705503158		-1.0
	18450.00000000	3.62441		-1.15007  0.2  0.2		4.1705503158		-1.0
	18480.00000000	3.13425		-1.03728  0.2  0.2		4.1705503158		-1.0
	18510.00000000	3.52776		-0.84196  0.2  0.2		4.1705503158		-1.0
	18540.00000000	2.55215		-0.66741  0.2  0.2		4.1705503158		-1.0
	18570.00000000	3.47619		-0.65151  0.2  0.2		4.1705503158		-1.0
	18600.00000000	3.56881		-0.65886  0.2  0.2		4.1705503158		-1.0
	18630.00000000	3.09394		-0.50806  0.2  0.2		4.1705503158		-1.0
	18660.00000000	3.37261		-0.40948  0.2  0.2		4.1705503158		-1.0
	18690.00000000	2.70806		-0.15421  0.2  0.2		4.1705503158		-1.0
	18720.00000000	3.63385		-0.10788  0.2  0.2		4.1705503158		-1.0
	18750.00000000	3.18644		0.22156  0.2  0.2		4.1705503158		-1.0
	18780.00000000	3.02897		0.01928  0.2  0.2		4.1705503158		-1.0
	18810.00000000	3.2187		-0.15467  0.2  0.2		4.1705503158		-1.0
	18840.00000000	2.97205		-0.17948  0.2  0.2		4.1705503158		-1.0
	18870.00000000	3.62497		-0.0013  0.2  0.2		4.1705503158		-1.0
	18900.00000000	3.21607		0.19214  0.2  0.2		4.1705503158		-1.0
	18930.00000000	3.31799		0.58217  0.2  0.2		4.1705503158		-1.0
	18960.00000000	3.40799		0.93334  0.2  0.2		4.1705503158		-1.0
	18990.00000000	3.32866		1.24426  0.2  0.2		4.1705503158		-1.0
	19020.00000000	3.59707		1.10694  0.2  0.2		4.1705503158		-1.0
	19050.00000000	3.03959		0.56559  0.2  0.2		4.1705503158		-1.0
	19080.00000000	2.81443		0.25062  0.2  0.2		4.1705503158		-1.0
	19110.00000000	2.54309		0.32127  0.2  0.2		4.1705503158		-1.0
	19140.00000000	3.49145		0.93685  0.2  0.2		4.1705503158		-1.0
	19170.00000000	3.95246		1.26162  0.2  0.2		4.1705503158		-1.0
	19200.00000000	3.02251		1.21886  0.2  0.2		4.1705503158		-1.0
	19230.00000000	3.89561		1.12417  0.2  0.2		4.1705503158		-1.0
	19260.00000000	3.22468		1.38669  0.2  0.2		4.1705503158		-1.0
	19290.00000000	2.55547		1.49781  0.2  0.2		4.1705503158		-1.0
	19320.00000000	3.76197		1.3362  0.2  0.2		4.1705503158		-1.0
	19350.00000000	4.37167		1.44503  0.2  0.2		4.1705503158		-1.0
	19380.00000000	3.8565		1.48384  0.2  0.2		4.1705503158		-1.0
	19410.00000000	3.52643		1.47954  0.2  0.2		4.1705503158		-1.0
	19440.00000000	3.57757		1.4628  0.2  0.2		4.1705503158		-1.0
	19470.00000000	3.03846		1.33268  0.2  0.2		4.1705503158		-1.0
	19500.00000000	3.14859		1.08046  0.2  0.2		4.1705503158		-1.0
	19530.00000000	3.6414		1.17651  0.2  0.2		4.1705503158		-1.0
	19560.00000000	3.17899		1.11042  0.2  0.2		4.1705503158		-1.0
	19590.00000000	3.68044		1.09208  0.2  0.2		4.1705503158		-1.0
	19620.00000000	3.91499		1.39966  0.2  0.2		4.1705503158		-1.0
	19650.00000000	3.24721		1.50323  0.2  0.2		4.1705503158		-1.0
	19680.00000000	2.58934		1.3594  0.2  0.2		4.1705503158		-1.0
	19710.00000000	2.63293		1.2688  0.2  0.2		4.1705503158		-1.0
	19740.00000000	2.63223		0.99545  0.2  0.2		4.1705503158		-1.0
	19770.00000000	2.72257		0.5956  0.2  0.2		4.1705503158		-1.0
	19800.00000000	2.7872		0.39864  0.2  0.2		4.1705503158		-1.0
	19830.00000000	2.70786		0.25249  0.2  0.2		4.1705503158		-1.0
	19860.00000000	2.75114		0.09707  0.2  0.2		4.1705503158		-1.0
	19890.00000000	2.73979		-0.09916  0.2  0.2		4.1705503158		-1.0
	19920.00000000	2.78537		-0.5302  0.2  0.2		4.1705503158		-1.0
	19950.00000000	2.63547		-1.17819  0.2  0.2		4.1705503158		-1.0
	19980.00000000	2.58246		-1.52444  0.2  0.2		4.1705503158		-1.0
	20010.00000000	2.63842		-1.58174  0.2  0.2		4.1705503158		-1.0
	20040.00000000	2.68148		-1.50789  0.2  0.2		4.1705503158		-1.0
	20070.00000000	2.66678		-1.34595  0.2  0.2		4.1705503158		-1.0
	20100.00000000	2.71162		-1.5043  0.2  0.2		4.1705503158		-1.0
	20130.00000000	2.80477		-1.88912  0.2  0.2		4.1705503158		-1.0
	20160.00000000	2.6725		-2.02795  0.2  0.2		4.1705503158		-1.0
	20190.00000000	2.90689		-2.16478  0.2  0.2		4.1705503158		-1.0
	20220.00000000	2.92467		-2.21877  0.2  0.2		4.1705503158		-1.0
	20250.00000000	3.52601		-2.1707  0.2  0.2		4.1705503158		-1.0
	20280.00000000	2.93263		-2.35073  0.2  0.2		4.1705503158		-1.0
	20310.00000000	3.22981		-2.47225  0.2  0.2		4.1705503158		-1.0
	20340.00000000	3.21608		-2.58859  0.2  0.2		4.1705503158		-1.0
	20370.00000000	3.80946		-2.77151  0.2  0.2		4.1705503158		-1.0
	20400.00000000	3.61302		-2.76766  0.2  0.2		4.1705503158		-1.0
	20430.00000000	3.44107		-2.95843  0.2  0.2		4.1705503158		-1.0
	20460.00000000	4.12918		-3.0006  0.2  0.2		4.1705503158		-1.0
	20490.00000000	3.69426		-2.96247  0.2  0.2		4.1705503158		-1.0
	20520.00000000	3.0505		2.96497  0.2  0.2		4.1705503158		-1.0
	20550.00000000	4.01449		2.87751  0.2  0.2		4.1705503158		-1.0
	20580.00000000	3.38186		2.74234  0.2  0.2		4.1705503158		-1.0
	20610.00000000	3.21563		2.72589  0.2  0.2		4.1705503158		-1.0
	20640.00000000	4.05361		2.66698  0.2  0.2		4.1705503158		-1.0
	20670.00000000	3.5177		2.11817  0.2  0.2		4.1705503158		-1.0
	20700.00000000	4.04938		2.06678  0.2  0.2		4.1705503158		-1.0
	20729.99999999	3.8546		2.17622  0.2  0.2		4.1705503158		-1.0
	20759.99999999	3.00249		2.19757  0.2  0.2		4.1705503158		-1.0
	20789.99999999	3.82097		2.23693  0.2  0.2		4.1705503158		-1.0
	20819.99999999	4.17123		2.28671  0.2  0.2		4.1705503158		-1.0
	20849.99999999	4.87407		2.15819  0.2  0.2		4.1705503158		-1.0
	20879.99999999	6.23823		1.73494  0.2  0.2		4.1705503158		-1.0
	20909.99999999	7.89162		1.55638  0.2  0.2		4.1705503158		-1.0
	20939.99999999	8.86383		1.73046  0.2  0.2		4.1705503158		-1.0
	20969.99999999	9.48712		1.65323  0.2  0.2		4.1705503158		-1.0
	20999.99999999	9.82055		1.69347  0.2  0.2		4.1705503158		-1.0
	21029.99999999	9.73483		1.41244  0.2  0.2		4.1705503158		-1.0
	21059.99999999	9.39502		1.07183  0.2  0.2		4.1705503158		-1.0
	21089.99999999	8.56368		0.72167  0.2  0.2		4.1705503158		-1.0
	21119.99999999	7.90867		-0.02535  0.2  0.2		4.1705503158		-1.0
	21149.99999999	7.24436		-0.77926  0.2  0.2		4.1705503158		-1.0
	21179.99999999	6.90223		-1.27383  0.2  0.2		4.1705503158		-1.0
	21209.99999999	6.63881		-0.9701  0.2  0.2		4.1705503158		-1.0
	21239.99999999	6.2635		-1.20961  0.2  0.2		4.1705503158		-1.0
	21269.99999999	5.78729		-1.13776  0.2  0.2		4.1705503158		-1.0
	21299.99999999	5.44718		-1.0925  0.2  0.2		4.1705503158		-1.0
	21329.99999999	5.37538		-0.76535  0.2  0.2		4.1705503158		-1.0
	21359.99999999	5.63505		0.05122  0.2  0.2		4.1705503158		-1.0
	21389.99999999	6.37014		0.35166  0.2  0.2		4.1705503158		-1.0
	21419.99999999	7.06622		0.44859  0.2  0.2		4.1705503158		-1.0
	21449.99999999	7.84139		0.81796  0.2  0.2		4.1705503158		-1.0
	21479.99999999	8.4751		1.05235  0.2  0.2		4.1705503158		-1.0
	21509.99999999	8.94596		1.03253  0.2  0.2		4.1705503158		-1.0
	21539.99999999	9.5899		0.83656  0.2  0.2		4.1705503158		-1.0
	21569.99999999	9.49194		-0.03346  0.2  0.2		4.1705503158		-1.0
	21599.99999999	9.24577		-0.49738  0.2  0.2		4.1705503158		-1.0
	21629.99999999	8.81722		-0.98672  0.2  0.2		4.1705503158		-1.0
	21659.99999999	8.7006		-1.53965  0.2  0.2		4.1705503158		-1.0
	21689.99999999	8.45897		-2.1785  0.2  0.2		4.1705503158		-1.0
	21719.99999999	8.15977		-2.20879  0.2  0.2		4.1705503158		-1.0
	21749.99999999	7.77892		-2.41079  0.2  0.2		4.1705503158		-1.0
	21779.99999999	7.01643		-2.64951  0.2  0.2		4.1705503158		-1.0
	21809.99999999	5.8081		-2.49658  0.2  0.2		4.1705503158		-1.0
	21839.99999999	4.96571		-2.59515  0.2  0.2		4.1705503158		-1.0
	21869.99999999	5.07688		-3.02026  0.2  0.2		4.1705503158		-1.0
	21899.99999999	5.97803		-3.12901  0.2  0.2		4.1705503158		-1.0
	21929.99999999	7.09772		-3.12888  0.2  0.2		4.1705503158		-1.0
	21959.99999999	7.97649		2.97228  0.2  0.2		4.1705503158		-1.0
	21989.99999999	8.68333		3.08009  0.2  0.2		4.1705503158		-1.0
	22019.99999999	8.90895		3.00619  0.2  0.2		4.1705503158		-1.0
	22049.99999999	9.38644		2.76215  0.2  0.2		4.1705503158		-1.0
	22079.99999999	10.08339		2.67323  0.2  0.2		4.1705503158		-1.0
	22109.99999999	10.19636		2.49638  0.2  0.2		4.1705503158		-1.0
	22139.99999999	10.46082		2.3538  0.2  0.2		4.1705503158		-1.0
	22169.99999999	10.96884		2.09446  0.2  0.2		4.1705503158		-1.0
	22199.99999999	11.57534		1.67542  0.2  0.2		4.1705503158		-1.0
	22229.99999999	12.01512		1.46909  0.2  0.2		4.1705503158		-1.0
	22259.99999999	11.86815		1.29704  0.2  0.2		4.1705503158		-1.0
	22289.99999999	11.52869		1.52563  0.2  0.2		4.1705503158		-1.0
	22319.99999999	11.08141		1.70729  0.2  0.2		4.1705503158		-1.0
	22349.99999999	10.50722		1.65815  0.2  0.2		4.1705503158		-1.0
	22379.99999999	10.23977		1.59362  0.2  0.2		4.1705503158		-1.0
	22409.99999999	10.19961		1.5279  0.2  0.2		4.1705503158		-1.0
	22439.99999999	10.35273		1.04149  0.2  0.2		4.1705503158		-1.0
	22469.99999999	10.19024		0.70951  0.2  0.2		4.1705503158		-1.0
	22499.99999999	10.06893		0.63192  0.2  0.2		4.1705503158		-1.0
	22529.99999999	9.27952		0.79079  0.2  0.2		4.1705503158		-1.0
	22559.99999999	8.20025		0.88394  0.2  0.2		4.1705503158		-1.0
	22589.99999999	7.68301		1.24287  0.2  0.2		4.1705503158		-1.0
	22619.99999999	7.14152		1.86476  0.2  0.2		4.1705503158		-1.0
	22649.99999999	6.92216		1.31993  0.2  0.2		4.1705503158		-1.0
	22679.99999999	6.75206		0.38016  0.2  0.2		4.1705503158		-1.0
	22709.99999999	6.74285		-0.20558  0.2  0.2		4.1705503158		-1.0
	22739.99999999	6.46825		-0.16784  0.2  0.2		4.1705503158		-1.0
	22769.99999999	5.55998		-0.47956  0.2  0.2		4.1705503158		-1.0
	22799.99999999	4.92421		-0.99716  0.2  0.2		4.1705503158		-1.0
	22829.99999999	5.22261		-1.36996  0.2  0.2		4.1705503158		-1.0
	22859.99999999	5.48976		-1.7537  0.2  0.2		4.1705503158		-1.0
	22889.99999999	6.19617		-2.16823  0.2  0.2		4.1705503158		-1.0
	22919.99999999	6.83192		-2.05237  0.2  0.2		4.1705503158		-1.0
	22949.99999999	7.88418		-1.02779  0.2  0.2		4.1705503158		-1.0
	22979.99999999	8.72917		-0.40503  0.2  0.2		4.1705503158		-1.0
	23009.99999999	9.80733		0.0365  0.2  0.2		4.1705503158		-1.0
	23039.99999999	10.37312		0.31931  0.2  0.2		4.1705503158		-1.0
	23069.99999999	11.27183		0.66352  0.2  0.2		4.1705503158		-1.0
	23099.99999999	11.87493		0.89412  0.2  0.2		4.1705503158		-1.0
	23129.99999999	11.98253		0.96983  0.2  0.2		4.1705503158		-1.0
	23159.99999999	12.03429		1.02256  0.2  0.2		4.1705503158		-1.0
	23189.99999999	11.63024		1.32717  0.2  0.2		4.1705503158		-1.0
	23219.99999999	11.38926		2.52258  0.2  0.2		4.1705503158		-1.0
	23249.99999999	11.09971		-2.67476  0.2  0.2		4.1705503158		-1.0
	23279.99999999	11.41318		-2.14107  0.2  0.2		4.1705503158		-1.0
	23309.99999999	11.96255		-1.85419  0.2  0.2		4.1705503158		-1.0
	23339.99999999	12.00007		-1.89287  0.2  0.2		4.1705503158		-1.0
	23369.99999999	11.94661		-2.3843  0.2  0.2		4.1705503158		-1.0
	23399.99999999	11.35075		-2.92954  0.2  0.2		4.1705503158		-1.0
	23429.99999999	11.08265		2.66298  0.2  0.2		4.1705503158		-1.0
	23459.99999999	10.59474		2.3094  0.2  0.2		4.1705503158		-1.0
	23489.99999999	10.33568		1.64568  0.2  0.2		4.1705503158		-1.0
	23519.99999999	10.00149		1.0396  0.2  0.2		4.1705503158		-1.0
	23549.99999999	9.49421		0.68248  0.2  0.2		4.1705503158		-1.0
	23579.99999999	9.72023		0.38201  0.2  0.2		4.1705503158		-1.0
	23609.99999999	9.72308		0.32419  0.2  0.2		4.1705503158		-1.0
	23639.99999999	9.21674		0.8048  0.2  0.2		4.1705503158		-1.0
	23669.99999999	8.62079		1.17993  0.2  0.2		4.1705503158		-1.0
	23699.99999999	8.2425		0.84667  0.2  0.2		4.1705503158		-1.0
	23729.99999999	8.0656		0.67231  0.2  0.2		4.1705503158		-1.0
	23759.99999999	7.39589		0.55149  0.2  0.2		4.1705503158		-1.0
	23789.99999999	6.46589		0.49862  0.2  0.2		4.1705503158		-1.0
	23819.99999999	6.06806		0.92518  0.2  0.2		4.1705503158		-1.0
	23849.99999999	6.1657		1.09119  0.2  0.2		4.1705503158		-1.0
	23879.99999999	6.67675		0.85895  0.2  0.2		4.1705503158		-1.0
	23909.99999999	7.66384		0.77719  0.2  0.2		4.1705503158		-1.0
	23939.99999999	8.02281		0.75202  0.2  0.2		4.1705503158		-1.0
	23969.99999999	8.1094		0.8238  0.2  0.2		4.1705503158		-1.0
	23999.99999999	8.24205		0.78592  0.2  0.2		4.1705503158		-1.0
	24029.99999999	8.96659		0.65092  0.2  0.2		4.1705503158		-1.0
	24059.99999999	9.21379		0.34797  0.2  0.2		4.1705503158		-1.0
	24089.99999999	8.62566		0.1275  0.2  0.2		4.1705503158		-1.0
	24119.99999999	7.39088		0.05445  0.2  0.2		4.1705503158		-1.0
	24149.99999999	6.585		-0.00033  0.2  0.2		4.1705503158		-1.0
	24179.99999999	6.0077		-0.56441  0.2  0.2		4.1705503158		-1.0
	24209.99999999	6.28026		-1.01314  0.2  0.2		4.1705503158		-1.0
	24239.99999999	6.62576		-0.71281  0.2  0.2		4.1705503158		-1.0
	24269.99999999	7.28676		-0.28566  0.2  0.2		4.1705503158		-1.0
	24299.99999999	8.34057		-0.17602  0.2  0.2		4.1705503158		-1.0
	24329.99999999	8.50801		-0.2721  0.2  0.2		4.1705503158		-1.0
	24359.99999999	8.44809		-0.31978  0.2  0.2		4.1705503158		-1.0
	24389.99999999	8.37587		-0.22904  0.2  0.2		4.1705503158		-1.0
	24419.99999999	8.21543		0.03008  0.2  0.2		4.1705503158		-1.0
	24449.99999999	7.7822		0.49161  0.2  0.2		4.1705503158		-1.0
	24479.99999999	7.15061		0.603  0.2  0.2		4.1705503158		-1.0
	24509.99999999	6.24772		0.57595  0.2  0.2		4.1705503158		-1.0
	24539.99999999	5.97936		0.41861  0.2  0.2		4.1705503158		-1.0
	24569.99999999	6.04185		-0.08779  0.2  0.2		4.1705503158		-1.0
	24599.99999999	5.86982		-0.12171  0.2  0.2		4.1705503158		-1.0
	24629.99999999	6.23664		0.39959  0.2  0.2		4.1705503158		-1.0
	24659.99999999	6.62293		0.2535  0.2  0.2		4.1705503158		-1.0
	24689.99999999	6.82855		0.6444  0.2  0.2		4.1705503158		-1.0
	24719.99999999	7.14686		0.81808  0.2  0.2		4.1705503158		-1.0
	24749.99999999	6.9937		0.87934  0.2  0.2		4.1705503158		-1.0
	24779.99999999	7.34218		1.21064  0.2  0.2		4.1705503158		-1.0
	24809.99999999	8.16438		1.22901  0.2  0.2		4.1705503158		-1.0
	24839.99999999	8.49281		1.75809  0.2  0.2		4.1705503158		-1.0
	24869.99999999	8.66841		1.79296  0.2  0.2		4.1705503158		-1.0
	24899.99999999	8.57881		2.30622  0.2  0.2		4.1705503158		-1.0
	24929.99999999	9.06213		2.485  0.2  0.2		4.1705503158		-1.0
	24959.99999999	9.23406		1.8699  0.2  0.2		4.1705503158		-1.0
	24989.99999999	9.50522		1.58077  0.2  0.2		4.1705503158		-1.0
	25019.99999999	10.00613		1.59369  0.2  0.2		4.1705503158		-1.0
	25049.99999999	9.95791		1.57656  0.2  0.2		4.1705503158		-1.0
	25079.99999999	9.66928		2.16  0.2  0.2		4.1705503158		-1.0
	25109.99999999	9.66379		2.35312  0.2  0.2		4.1705503158		-1.0
	25139.99999999	9.79534		-2.87239  0.2  0.2		4.1705503158		-1.0
	25169.99999999	9.8485		-2.48353  0.2  0.2		4.1705503158		-1.0
	25199.99999999	9.94932		-2.46502  0.2  0.2		4.1705503158		-1.0
	25229.99999999	10.49992		-2.46989  0.2  0.2		4.1705503158		-1.0
	25259.99999999	10.87004		-2.52843  0.2  0.2		4.1705503158		-1.0
	25289.99999999	11.01778		-0.9643  0.2  0.2		4.1705503158		-1.0
	25319.99999999	10.69191		-0.47723  0.2  0.2		4.1705503158		-1.0
	25349.99999999	10.45915		-0.44656  0.2  0.2		4.1705503158		-1.0
	25379.99999999	10.0683		-0.60772  0.2  0.2		4.1705503158		-1.0
	25409.99999999	10.11365		-0.72634  0.2  0.2		4.1705503158		-1.0
	25439.99999999	10.64157		-1.05709  0.2  0.2		4.1705503158		-1.0
	25469.99999999	10.68815		-0.97835  0.2  0.2		4.1705503158		-1.0
	25499.99999999	10.8542		-0.77783  0.2  0.2		4.1705503158		-1.0
	25529.99999999	11.86802		-0.84319  0.2  0.2		4.1705503158		-1.0
	25559.99999999	11.97141		-0.85058  0.2  0.2		4.1705503158		-1.0
	25589.99999999	11.28474		-1.12785  0.2  0.2		4.1705503158		-1.0
	25619.99999999	11.25731		-0.8902  0.2  0.2		4.1705503158		-1.0
	25649.99999999	12.0409		-0.53656  0.2  0.2		4.1705503158		-1.0
	25679.99999999	11.66437		-0.28749  0.2  0.2		4.1705503158		-1.0
	25709.99999999	11.4306		-0.68373  0.2  0.2		4.1705503158		-1.0
	25739.99999999	11.08894		-1.10438  0.2  0.2		4.1705503158		-1.0
	25769.99999999	10.65207		-0.81936  0.2  0.2		4.1705503158		-1.0
	25799.99999999	9.61748		-0.87881  0.2  0.2		4.1705503158		-1.0
	25829.99999999	8.19395		-0.72859  0.2  0.2		4.1705503158		-1.0
	25859.99999999	6.96288		-0.7396  0.2  0.2		4.1705503158		-1.0
	25889.99999999	6.10238		-0.39549  0.2  0.2		4.1705503158		-1.0
	25919.99999999	6.55732		-0.37311  0.2  0.2		4.1705503158		-1.0
	25949.99999999	7.35544		-0.45431  0.2  0.2		4.1705503158		-1.0
	25979.99999999	8.35741		-0.59706  0.2  0.2		4.1705503158		-1.0
	26009.99999999	9.21839		-0.70082  0.2  0.2		4.1705503158		-1.0
	26039.99999999	9.83543		-0.85389  0.2  0.2		4.1705503158		-1.0
	26069.99999999	10.15039		-1.04659  0.2  0.2		4.1705503158		-1.0
	26099.99999999	10.44246		-1.3355  0.2  0.2		4.1705503158		-1.0
	26129.99999999	11.1613		-1.67072  0.2  0.2		4.1705503158		-1.0
	26159.99999999	11.76287		-1.72398  0.2  0.2		4.1705503158		-1.0
	26189.99999999	11.99959		-1.71849  0.2  0.2		4.1705503158		-1.0
	26219.99999999	11.6103		-1.84997  0.2  0.2		4.1705503158		-1.0
	26249.99999999	11.24383		-1.80294  0.2  0.2		4.1705503158		-1.0
	26279.99999999	10.50521		-1.90186  0.2  0.2		4.1705503158		-1.0
	26309.99999999	9.6918		-1.78465  0.2  0.2		4.1705503158		-1.0
	26339.99999999	9.31417		-1.70625  0.2  0.2		4.1705503158		-1.0
	26369.99999999	8.93297		-1.97136  0.2  0.2		4.1705503158		-1.0
	26399.99999999	8.7647		-2.0151  0.2  0.2		4.1705503158		-1.0
	26429.99999999	8.39877		-1.94995  0.2  0.2		4.1705503158		-1.0
	26459.99999999	7.63887		-1.80668  0.2  0.2		4.1705503158		-1.0
	26489.99999999	6.96564		-1.99853  0.2  0.2		4.1705503158		-1.0
	26519.99999999	6.46531		-2.24236  0.2  0.2		4.1705503158		-1.0
	26549.99999999	6.69		-1.952  0.2  0.2		4.1705503158		-1.0
	26579.99999999	6.81388		-1.758  0.2  0.2		4.1705503158		-1.0
	26414.99999999	8.60818		-1.92616  0.2  0.2		4.1705503158		-1.0
	26444.99999999	7.92916		-1.68923  0.2  0.2		4.1705503158		-1.0
	26474.99999999	7.28108		-1.77822  0.2  0.2		4.1705503158		-1.0
	26504.99999999	6.6831		-2.0478  0.2  0.2		4.1705503158		-1.0
	26534.99999999	6.75925		-2.0792  0.2  0.2		4.1705503158		-1.0
	26564.99999999	6.77535		-1.82642  0.2  0.2		4.1705503158		-1.0
	26594.99999999	6.7436		-1.64482  0.2  0.2		4.1705503158		-1.0
	26624.99999999	6.54181		-1.24758  0.2  0.2		4.1705503158		-1.0
	26654.99999999	6.50048		-0.85758  0.2  0.2		4.1705503158		-1.0
	26684.99999999	6.40176		-0.89618  0.2  0.2		4.1705503158		-1.0
	26714.99999999	6.41084		-0.92176  0.2  0.2		4.1705503158		-1.0
	26744.99999999	6.63743		-1.11138  0.2  0.2		4.1705503158		-1.0
	26774.99999999	7.56795		-1.46585  0.2  0.2		4.1705503158		-1.0
	26804.99999999	8.50918		-1.60219  0.2  0.2		4.1705503158		-1.0
	26834.99999999	9.84697		-1.48068  0.2  0.2		4.1705503158		-1.0
	26864.99999999	10.7498		-1.5791  0.2  0.2		4.1705503158		-1.0
	26894.99999999	11.24347		-1.39682  0.2  0.2		4.1705503158		-1.0
	26924.99999999	11.74663		-1.36541  0.2  0.2		4.1705503158		-1.0
	26954.99999999	11.85735		-1.25518  0.2  0.2		4.1705503158		-1.0
	26984.99999999	11.73951		-1.28829  0.2  0.2		4.1705503158		-1.0
	27014.99999999	11.48964		-1.9556  0.2  0.2		4.1705503158		-1.0
	27044.99999999	11.5516		-1.98924  0.2  0.2		4.1705503158		-1.0
	27074.99999999	11.57204		-2.37702  0.2  0.2		4.1705503158		-1.0
	27104.99999999	11.85928		-2.55126  0.2  0.2		4.1705503158		-1.0
	27134.99999999	11.67948		-2.46899  0.2  0.2		4.1705503158		-1.0
	27164.99999999	11.14934		-2.63172  0.2  0.2		4.1705503158		-1.0
	27194.99999999	10.48077		-2.70974  0.2  0.2		4.1705503158		-1.0
	27224.99999998	9.9171		-2.93663  0.2  0.2		4.1705503158		-1.0
	27254.99999998	9.99658		-2.88899  0.2  0.2		4.1705503158		-1.0
	27284.99999998	10.37999		-2.40061  0.2  0.2		4.1705503158		-1.0
	27314.99999998	10.97579		-2.11856  0.2  0.2		4.1705503158		-1.0
	27344.99999998	10.9148		-2.14426  0.2  0.2		4.1705503158		-1.0
	27374.99999998	11.04173		-2.56618  0.2  0.2		4.1705503158		-1.0
	27404.99999998	10.67728		-2.95387  0.2  0.2		4.1705503158		-1.0
	27434.99999998	10.20916		-2.65727  0.2  0.2		4.1705503158		-1.0
	27464.99999998	10.21692		-2.51314  0.2  0.2		4.1705503158		-1.0
	27494.99999998	10.44102		-1.95967  0.2  0.2		4.1705503158		-1.0
	27524.99999998	10.56586		-1.79169  0.2  0.2		4.1705503158		-1.0
	27554.99999998	10.72578		-1.67522  0.2  0.2		4.1705503158		-1.0
	27584.99999998	11.02536		-1.14236  0.2  0.2		4.1705503158		-1.0
	27614.99999998	10.31884		-1.10692  0.2  0.2		4.1705503158		-1.0
	27644.99999998	9.35038		-0.9122  0.2  0.2		4.1705503158		-1.0
	27674.99999998	7.91322		-1.03514  0.2  0.2		4.1705503158		-1.0
	27704.99999998	7.09847		-1.16319  0.2  0.2		4.1705503158		-1.0
	27734.99999998	7.28893		-1.41712  0.2  0.2		4.1705503158		-1.0
	27764.99999998	7.43289		-1.60729  0.2  0.2		4.1705503158		-1.0
	27794.99999998	7.42987		-1.48933  0.2  0.2		4.1705503158		-1.0
	27824.99999998	8.17411		-1.49614  0.2  0.2		4.1705503158		-1.0
	27854.99999998	8.45657		-1.58148  0.2  0.2		4.1705503158		-1.0
	27884.99999998	8.36248		-1.52851  0.2  0.2		4.1705503158		-1.0
	27914.99999998	7.73675		-1.53312  0.2  0.2		4.1705503158		-1.0
	27944.99999998	7.30769		-1.65446  0.2  0.2		4.1705503158		-1.0
	27974.99999998	7.29727		-1.81254  0.2  0.2		4.1705503158		-1.0
	28004.99999998	6.82628		-2.13436  0.2  0.2		4.1705503158		-1.0
	28034.99999998	6.86383		-2.19915  0.2  0.2		4.1705503158		-1.0
	28064.99999998	6.85595		-2.44501  0.2  0.2		4.1705503158		-1.0
	28094.99999998	6.0846		-2.52691  0.2  0.2		4.1705503158		-1.0
	28124.99999998	5.34461		-2.65098  0.2  0.2		4.1705503158		-1.0
	28154.99999998	5.90622		-2.92836  0.2  0.2		4.1705503158		-1.0
	28184.99999998	6.65316		-2.96049  0.2  0.2		4.1705503158		-1.0
	28214.99999998	7.28877		-2.64265  0.2  0.2		4.1705503158		-1.0
	28244.99999998	8.04056		-2.8796  0.2  0.2		4.1705503158		-1.0
	28274.99999998	8.69198		-2.97913  0.2  0.2		4.1705503158		-1.0
	28304.99999998	9.27134		-2.97266  0.2  0.2		4.1705503158		-1.0
	28334.99999998	9.73398		-2.38137  0.2  0.2		4.1705503158		-1.0
	28364.99999998	9.09522		-2.113  0.2  0.2		4.1705503158		-1.0
	28394.99999998	8.8807		-2.01616  0.2  0.2		4.1705503158		-1.0
	28424.99999998	8.6764		-2.27142  0.2  0.2		4.1705503158		-1.0
	28454.99999998	8.62827		-2.56476  0.2  0.2		4.1705503158		-1.0
	28484.99999998	9.0178		-2.80519  0.2  0.2		4.1705503158		-1.0
	28514.99999998	9.80236		-2.53685  0.2  0.2		4.1705503158		-1.0
	28544.99999998	10.33343		-2.11148  0.2  0.2		4.1705503158		-1.0
	28574.99999998	10.13637		-1.71  0.2  0.2		4.1705503158		-1.0
	28604.99999998	9.42382		-2.17833  0.2  0.2		4.1705503158		-1.0
	28634.99999998	8.8262		-2.41328  0.2  0.2		4.1705503158		-1.0
	28664.99999998	8.83859		-2.65361  0.2  0.2		4.1705503158		-1.0
	28694.99999998	9.10667		-2.88383  0.2  0.2		4.1705503158		-1.0
	28724.99999998	10.16862		-2.99901  0.2  0.2		4.1705503158		-1.0
	28754.99999998	10.97861		3.00598  0.2  0.2		4.1705503158		-1.0
	28784.99999998	11.53712		3.11646  0.2  0.2		4.1705503158		-1.0
	28814.99999998	11.68121		-2.72662  0.2  0.2		4.1705503158		-1.0
	28844.99999998	12.16081		-3.02933  0.2  0.2		4.1705503158		-1.0
	28874.99999998	11.96216		2.9918  0.2  0.2		4.1705503158		-1.0
	28904.99999998	11.98994		2.98575  0.2  0.2		4.1705503158		-1.0
	28934.99999998	12.07412		2.99052  0.2  0.2		4.1705503158		-1.0
	28964.99999998	12.05665		2.95095  0.2  0.2		4.1705503158		-1.0
	28994.99999998	11.91711		2.7043  0.2  0.2		4.1705503158		-1.0
	29024.99999998	11.48459		2.76242  0.2  0.2		4.1705503158		-1.0
	29054.99999998	11.00481		3.06067  0.2  0.2		4.1705503158		-1.0
	29084.99999998	10.68145		2.77641  0.2  0.2		4.1705503158		-1.0
	29114.99999998	10.54262		2.89216  0.2  0.2		4.1705503158		-1.0
	29144.99999998	10.37917		2.9777  0.2  0.2		4.1705503158		-1.0
	29174.99999998	9.96846		2.96343  0.2  0.2		4.1705503158		-1.0
	29204.99999998	9.22191		3.03273  0.2  0.2		4.1705503158		-1.0
	29234.99999998	9.15971		-3.051  0.2  0.2		4.1705503158		-1.0
	29264.99999998	9.57014		-3.02729  0.2  0.2		4.1705503158		-1.0
	29294.99999998	9.53882		2.64291  0.2  0.2		4.1705503158		-1.0
	29324.99999998	9.96537		2.26789  0.2  0.2		4.1705503158		-1.0
	29354.99999998	10.22739		2.30919  0.2  0.2		4.1705503158		-1.0
	29384.99999998	9.89797		2.03422  0.2  0.2		4.1705503158		-1.0
	29414.99999998	8.98944		1.85486  0.2  0.2		4.1705503158		-1.0
	29444.99999998	8.39062		1.84842  0.2  0.2		4.1705503158		-1.0
	29474.99999998	8.01333		1.91111  0.2  0.2		4.1705503158		-1.0
	29504.99999998	7.70307		1.6921  0.2  0.2		4.1705503158		-1.0
	29534.99999998	7.20208		1.90794  0.2  0.2		4.1705503158		-1.0
	29564.99999998	6.65287		1.80009  0.2  0.2		4.1705503158		-1.0
	29594.99999998	6.60761		1.28384  0.2  0.2		4.1705503158		-1.0
	29624.99999998	6.66439		0.67461  0.2  0.2		4.1705503158		-1.0
	29654.99999998	6.65646		-0.10718  0.2  0.2		4.1705503158		-1.0
	29684.99999998	6.96709		-0.33049  0.2  0.2		4.1705503158		-1.0
	29714.99999998	7.5375		0.25542  0.2  0.2		4.1705503158		-1.0
	29744.99999998	7.97294		0.48068  0.2  0.2		4.1705503158		-1.0
	29774.99999998	8.48089		0.31246  0.2  0.2		4.1705503158		-1.0
	29804.99999998	9.42578		0.10319  0.2  0.2		4.1705503158		-1.0
	29834.99999998	10.50307		-0.00039  0.2  0.2		4.1705503158		-1.0
	29864.99999998	11.35075		-0.09726  0.2  0.2		4.1705503158		-1.0
	29894.99999998	11.78621		-0.01553  0.2  0.2		4.1705503158		-1.0
	29924.99999998	11.93423		0.14873  0.2  0.2		4.1705503158		-1.0
	29954.99999998	11.63022		0.16657  0.2  0.2		4.1705503158		-1.0
	29984.99999998	10.97483		0.26507  0.2  0.2		4.1705503158		-1.0
	30014.99999998	10.54334		0.67432  0.2  0.2		4.1705503158		-1.0
	30044.99999998	10.72787		0.91121  0.2  0.2		4.1705503158		-1.0
	30074.99999998	11.39907		1.00237  0.2  0.2		4.1705503158		-1.0
	30104.99999998	11.62803		1.06685  0.2  0.2		4.1705503158		-1.0
	30134.99999998	11.5584		1.03431  0.2  0.2		4.1705503158		-1.0
	30164.99999998	11.10504		1.1815  0.2  0.2		4.1705503158		-1.0
	30194.99999998	10.2493		0.97345  0.2  0.2		4.1705503158		-1.0
	30224.99999998	9.31502		0.79496  0.2  0.2		4.1705503158		-1.0
	30254.99999998	8.60968		0.44879  0.2  0.2		4.1705503158		-1.0
	30284.99999998	8.36574		0.53213  0.2  0.2		4.1705503158		-1.0
	30314.99999998	7.89249		-0.89703  0.2  0.2		4.1705503158		-1.0
	30344.99999998	7.7596		-1.45877  0.2  0.2		4.1705503158		-1.0
	30374.99999998	7.49824		-1.36041  0.2  0.2		4.1705503158		-1.0
	30404.99999998	7.23446		-1.14522  0.2  0.2		4.1705503158		-1.0
	30434.99999998	6.96341		-1.04372  0.2  0.2		4.1705503158		-1.0
	30464.99999998	7.1938		-1.02629  0.2  0.2		4.1705503158		-1.0
	30494.99999998	7.8954		-0.82118  0.2  0.2		4.1705503158		-1.0
	30524.99999998	7.92595		-0.86673  0.2  0.2		4.1705503158		-1.0
	30554.99999998	8.22141		-0.96583  0.2  0.2		4.1705503158		-1.0
	30584.99999998	8.9276		-1.46105  0.2  0.2		4.1705503158		-1.0
	30614.99999998	9.71311		-1.50819  0.2  0.2		4.1705503158		-1.0
	30644.99999998	10.22624		-1.47621  0.2  0.2		4.1705503158		-1.0
	30674.99999998	10.81376		-1.28408  0.2  0.2		4.1705503158		-1.0
	30704.99999998	11.17718		-1.29324  0.2  0.2		4.1705503158		-1.0
	30734.99999998	11.74943		-1.34298  0.2  0.2		4.1705503158		-1.0
	30764.99999998	11.82831		-1.33482  0.2  0.2		4.1705503158		-1.0
	30794.99999998	11.23708		-1.19357  0.2  0.2		4.1705503158		-1.0
	30824.99999998	11.59068		-0.60642  0.2  0.2		4.1705503158		-1.0
	30854.99999998	12.04879		-0.17016  0.2  0.2		4.1705503158		-1.0
	30884.99999998	12.13163		0.58867  0.2  0.2		4.1705503158		-1.0
	30914.99999998	11.24799		0.35041  0.2  0.2		4.1705503158		-1.0
	30944.99999998	10.19238		0.93049  0.2  0.2		4.1705503158		-1.0
	30974.99999998	9.73482		1.42033  0.2  0.2		4.1705503158		-1.0
	31004.99999998	8.84313		1.47384  0.2  0.2		4.1705503158		-1.0
	31034.99999998	8.23049		1.30335  0.2  0.2		4.1705503158		-1.0
	31064.99999998	7.84438		1.55345  0.2  0.2		4.1705503158		-1.0
	31094.99999998	7.498		0.87409  0.2  0.2		4.1705503158		-1.0
	31124.99999998	7.47841		1.19944  0.2  0.2		4.1705503158		-1.0
	31154.99999998	6.95052		1.51126  0.2  0.2		4.1705503158		-1.0
	31184.99999998	6.90998		1.34304  0.2  0.2		4.1705503158		-1.0
	31214.99999998	6.59081		1.6035  0.2  0.2		4.1705503158		-1.0
	31244.99999998	6.37423		1.88419  0.2  0.2		4.1705503158		-1.0
	31274.99999998	6.62327		2.20921  0.2  0.2		4.1705503158		-1.0
	31304.99999998	6.72382		2.15499  0.2  0.2		4.1705503158		-1.0
	31334.99999998	7.27294		2.05272  0.2  0.2		4.1705503158		-1.0
	31364.99999998	8.01684		2.10178  0.2  0.2		4.1705503158		-1.0
	31394.99999998	8.7432		1.94745  0.2  0.2		4.1705503158		-1.0
	31424.99999998	9.49668		1.82946  0.2  0.2		4.1705503158		-1.0
	31454.99999998	10.00947		1.93822  0.2  0.2		4.1705503158		-1.0
	31484.99999998	10.84853		2.03331  0.2  0.2		4.1705503158		-1.0
	31514.99999998	11.49512		2.14791  0.2  0.2		4.1705503158		-1.0
	31544.99999998	12.10214		2.34848  0.2  0.2		4.1705503158		-1.0
	31574.99999998	11.89189		2.23563  0.2  0.2		4.1705503158		-1.0
	31604.99999998	12.04937		2.23633  0.2  0.2		4.1705503158		-1.0
	31634.99999998	11.5928		2.26308  0.2  0.2		4.1705503158		-1.0
	31664.99999998	10.94222		2.23209  0.2  0.2		4.1705503158		-1.0
	31694.99999998	10.37547		2.66415  0.2  0.2		4.1705503158		-1.0
	31724.99999998	9.88966		3.06256  0.2  0.2		4.1705503158		-1.0
	31754.99999998	9.06355		-2.96591  0.2  0.2		4.1705503158		-1.0
	31784.99999998	8.24408		-3.0013  0.2  0.2		4.1705503158		-1.0
	31814.99999998	7.35252		-2.83513  0.2  0.2		4.1705503158		-1.0
	31844.99999998	6.77424		-2.54908  0.2  0.2		4.1705503158		-1.0
	31874.99999998	6.4051		-2.49699  0.2  0.2		4.1705503158		-1.0
	31904.99999998	6.06624		-2.76697  0.2  0.2		4.1705503158		-1.0
	31934.99999998	6.49163		-2.67829  0.2  0.2		4.1705503158		-1.0
	31964.99999998	7.19358		-2.53508  0.2  0.2		4.1705503158		-1.0
	31994.99999998	7.89341		-2.64452  0.2  0.2		4.1705503158		-1.0
	32024.99999998	8.97891		-2.44186  0.2  0.2		4.1705503158		-1.0
	32054.99999998	9.85722		-2.26644  0.2  0.2		4.1705503158		-1.0
	32084.99999998	9.93619		-2.2164  0.2  0.2		4.1705503158		-1.0
	32114.99999998	9.48604		-1.94428  0.2  0.2		4.1705503158		-1.0
	32144.99999998	8.94366		-1.8341  0.2  0.2		4.1705503158		-1.0
	32174.99999998	8.73326		-1.90145  0.2  0.2		4.1705503158		-1.0
	32204.99999998	8.38521		-2.09579  0.2  0.2		4.1705503158		-1.0
	32234.99999998	7.91709		-2.44663  0.2  0.2		4.1705503158		-1.0
	32264.99999998	7.61722		-2.55298  0.2  0.2		4.1705503158		-1.0
	32294.99999998	7.17359		-2.24767  0.2  0.2		4.1705503158		-1.0
	32324.99999998	7.52728		-2.03899  0.2  0.2		4.1705503158		-1.0
	32354.99999998	8.48523		-1.71491  0.2  0.2		4.1705503158		-1.0
	32384.99999998	9.28661		-1.69752  0.2  0.2		4.1705503158		-1.0
	32414.99999998	10.06572		-1.62062  0.2  0.2		4.1705503158		-1.0
	32444.99999998	10.34216		-1.10264  0.2  0.2		4.1705503158		-1.0
	32474.99999998	10.43184		-0.78097  0.2  0.2		4.1705503158		-1.0
	32504.99999998	10.1852		-0.35239  0.2  0.2		4.1705503158		-1.0
	32534.99999998	9.93205		-0.27471  0.2  0.2		4.1705503158		-1.0
	32564.99999998	9.39207		-0.14999  0.2  0.2		4.1705503158		-1.0
	32594.99999998	8.57717		0.17262  0.2  0.2		4.1705503158		-1.0
	32624.99999998	8.21473		0.14573  0.2  0.2		4.1705503158		-1.0
	32654.99999998	7.92549		0.13859  0.2  0.2		4.1705503158		-1.0
	32684.99999998	7.62913		-0.47088  0.2  0.2		4.1705503158		-1.0
	32714.99999998	7.65714		-0.89321  0.2  0.2		4.1705503158		-1.0
	32744.99999998	7.80506		-0.278  0.2  0.2		4.1705503158		-1.0
	32774.99999998	7.84802		-0.03615  0.2  0.2		4.1705503158		-1.0
	32804.99999998	7.43265		0.40783  0.2  0.2		4.1705503158		-1.0
	32834.99999998	7.04871		0.75721  0.2  0.2		4.1705503158		-1.0
	32864.99999998	6.8298		1.40159  0.2  0.2		4.1705503158		-1.0
	32894.99999998	6.72271		1.25808  0.2  0.2		4.1705503158		-1.0
	32924.99999998	6.50074		1.20904  0.2  0.2		4.1705503158		-1.0
	32954.99999998	6.39606		1.41211  0.2  0.2		4.1705503158		-1.0
	32984.99999998	6.1251		1.41533  0.2  0.2		4.1705503158		-1.0
	33014.99999998	5.97883		2.25748  0.2  0.2		4.1705503158		-1.0
	33044.99999998	5.91576		2.34266  0.2  0.2		4.1705503158		-1.0
	33074.99999998	6.48449		2.56839  0.2  0.2		4.1705503158		-1.0
	33104.99999998	6.82756		2.23808  0.2  0.2		4.1705503158		-1.0
	33134.99999998	7.42182		2.96707  0.2  0.2		4.1705503158		-1.0
	33164.99999998	7.75934		2.49121  0.2  0.2		4.1705503158		-1.0
	33194.99999998	8.33845		1.90176  0.2  0.2		4.1705503158		-1.0
	33224.99999998	8.61058		1.93591  0.2  0.2		4.1705503158		-1.0
	33254.99999998	9.09419		1.97079  0.2  0.2		4.1705503158		-1.0
	33284.99999998	9.4181		2.00847  0.2  0.2		4.1705503158		-1.0
	33314.99999998	9.25081		1.91612  0.2  0.2		4.1705503158		-1.0
	33344.99999998	8.8559		2.01252  0.2  0.2		4.1705503158		-1.0
	33374.99999998	8.7944		2.26589  0.2  0.2		4.1705503158		-1.0
	33404.99999998	8.62119		2.54754  0.2  0.2		4.1705503158		-1.0
	33434.99999998	8.15096		2.7324  0.2  0.2		4.1705503158		-1.0
	33464.99999998	8.06419		2.85603  0.2  0.2		4.1705503158		-1.0
	33494.99999998	8.73146		2.78422  0.2  0.2		4.1705503158		-1.0
	33524.99999998	9.73587		2.65973  0.2  0.2		4.1705503158		-1.0
	33554.99999998	10.7409		2.2179  0.2  0.2		4.1705503158		-1.0
	33584.99999998	11.5504		1.76019  0.2  0.2		4.1705503158		-1.0
	33614.99999998	12.05302		1.68412  0.2  0.2		4.1705503158		-1.0
	33644.99999998	11.60412		1.89323  0.2  0.2		4.1705503158		-1.0
	33674.99999998	11.24401		2.16825  0.2  0.2		4.1705503158		-1.0
	33704.99999998	11.72072		2.32122  0.2  0.2		4.1705503158		-1.0
	33734.99999997	12.01321		2.40867  0.2  0.2		4.1705503158		-1.0
	33764.99999997	11.60254		2.6298  0.2  0.2		4.1705503158		-1.0
	33794.99999997	11.08662		2.62218  0.2  0.2		4.1705503158		-1.0
	33824.99999997	10.86305		2.70023  0.2  0.2		4.1705503158		-1.0
	33854.99999997	10.81711		2.74042  0.2  0.2		4.1705503158		-1.0
	33884.99999997	10.45393		2.66163  0.2  0.2		4.1705503158		-1.0
	33914.99999997	10.52418		2.87017  0.2  0.2		4.1705503158		-1.0
	33944.99999997	10.84059		2.90985  0.2  0.2		4.1705503158		-1.0
	33974.99999997	11.19962		2.70134  0.2  0.2		4.1705503158		-1.0
	34004.99999997	11.60096		2.61823  0.2  0.2		4.1705503158		-1.0
	34034.99999997	12.16882		2.36626  0.2  0.2		4.1705503158		-1.0
	34064.99999997	11.64954		2.11756  0.2  0.2		4.1705503158		-1.0
	34094.99999997	11.42156		1.94215  0.2  0.2		4.1705503158		-1.0
	34124.99999997	11.81559		1.89668  0.2  0.2		4.1705503158		-1.0
	34154.99999997	12.0592		1.81372  0.2  0.2		4.1705503158		-1.0
	34184.99999997	11.45076		1.85798  0.2  0.2		4.1705503158		-1.0
	34214.99999997	10.71199		1.73704  0.2  0.2		4.1705503158		-1.0
	34244.99999997	10.51725		1.88809  0.2  0.2		4.1705503158		-1.0
	34274.99999997	10.05374		1.90817  0.2  0.2		4.1705503158		-1.0
	34304.99999997	9.56035		1.71399  0.2  0.2		4.1705503158		-1.0
	34334.99999997	8.89235		1.46415  0.2  0.2		4.1705503158		-1.0
	34364.99999997	8.52685		1.11997  0.2  0.2		4.1705503158		-1.0
	34394.99999997	7.62546		1.05975  0.2  0.2		4.1705503158		-1.0
	34424.99999997	6.71056		1.01802  0.2  0.2		4.1705503158		-1.0
	34454.99999997	6.58551		1.1237  0.2  0.2		4.1705503158		-1.0
	34484.99999997	6.89245		1.176  0.2  0.2		4.1705503158		-1.0
	34514.99999997	6.99263		1.40557  0.2  0.2		4.1705503158		-1.0
	34544.99999997	7.72259		1.34745  0.2  0.2		4.1705503158		-1.0
	34574.99999997	8.2046		1.2626  0.2  0.2		4.1705503158		-1.0
	34604.99999997	8.4611		1.27785  0.2  0.2		4.1705503158		-1.0
	34634.99999997	9.16178		1.29592  0.2  0.2		4.1705503158		-1.0
	34664.99999997	10.12156		1.19072  0.2  0.2		4.1705503158		-1.0
	34694.99999997	11.10992		1.14162  0.2  0.2		4.1705503158		-1.0
	34724.99999997	11.3537		0.8165  0.2  0.2		4.1705503158		-1.0
	34754.99999997	12.07856		0.47195  0.2  0.2		4.1705503158		-1.0
	34784.99999997	12.01996		0.28891  0.2  0.2		4.1705503158		-1.0
	34814.99999997	11.69436		0.34959  0.2  0.2		4.1705503158		-1.0
	34844.99999997	11.07486		0.17007  0.2  0.2		4.1705503158		-1.0
	34874.99999997	10.27345		-0.13044  0.2  0.2		4.1705503158		-1.0
	34904.99999997	10.33189		-0.27243  0.2  0.2		4.1705503158		-1.0
	34934.99999997	9.80839		0.37829  0.2  0.2		4.1705503158		-1.0
	34964.99999997	9.28235		0.48435  0.2  0.2		4.1705503158		-1.0
	34994.99999997	9.34808		0.08205  0.2  0.2		4.1705503158		-1.0
	35024.99999997	9.45928		-0.29236  0.2  0.2		4.1705503158		-1.0
	35054.99999997	9.75598		-0.27004  0.2  0.2		4.1705503158		-1.0
	35084.99999997	9.67393		0.46796  0.2  0.2		4.1705503158		-1.0
	35114.99999997	10.16938		0.38323  0.2  0.2		4.1705503158		-1.0
	35144.99999997	10.56492		-0.30568  0.2  0.2		4.1705503158		-1.0
	35174.99999997	11.1589		-0.34024  0.2  0.2		4.1705503158		-1.0
	35204.99999997	11.78176		-0.38511  0.2  0.2		4.1705503158		-1.0
	35234.99999997	12.02387		0.11592  0.2  0.2		4.1705503158		-1.0
	35264.99999997	12.10578		-0.16277  0.2  0.2		4.1705503158		-1.0
	35294.99999997	11.82829		-1.2857  0.2  0.2		4.1705503158		-1.0
	35324.99999997	11.94247		-1.76148  0.2  0.2		4.1705503158		-1.0
	35354.99999997	11.89765		-0.88225  0.2  0.2		4.1705503158		-1.0
	35384.99999997	11.54341		-0.32733  0.2  0.2		4.1705503158		-1.0
	35414.99999997	11.10851		0.3415  0.2  0.2		4.1705503158		-1.0
	35444.99999997	10.84209		0.14583  0.2  0.2		4.1705503158		-1.0
	35474.99999997	11.0022		0.13455  0.2  0.2		4.1705503158		-1.0
	35504.99999997	10.95157		-0.211  0.2  0.2		4.1705503158		-1.0
	35534.99999997	11.21514		-0.66919  0.2  0.2		4.1705503158		-1.0
	35564.99999997	11.53786		-0.53979  0.2  0.2		4.1705503158		-1.0
	35594.99999997	11.57891		-0.60254  0.2  0.2		4.1705503158		-1.0
	35624.99999997	11.32552		-0.45487  0.2  0.2		4.1705503158		-1.0
	35654.99999997	10.53323		-0.25039  0.2  0.2		4.1705503158		-1.0
	35684.99999997	10.01751		-0.0619  0.2  0.2		4.1705503158		-1.0
	35714.99999997	10.36645		-0.04162  0.2  0.2		4.1705503158		-1.0
	35744.99999997	10.41514		0.14282  0.2  0.2		4.1705503158		-1.0
	35774.99999997	10.18653		0.18741  0.2  0.2		4.1705503158		-1.0
	35804.99999997	10.60665		0.1217  0.2  0.2		4.1705503158		-1.0
	35834.99999997	10.90868		-0.15472  0.2  0.2		4.1705503158		-1.0
	35864.99999997	10.95336		-0.57832  0.2  0.2		4.1705503158		-1.0
	35894.99999997	10.63021		-0.88278  0.2  0.2		4.1705503158		-1.0
	35924.99999997	10.07467		-0.27859  0.2  0.2		4.1705503158		-1.0
	35954.99999997	10.19081		0.47315  0.2  0.2		4.1705503158		-1.0
	35984.99999997	10.60788		0.86632  0.2  0.2		4.1705503158		-1.0
	36014.99999997	11.24014		0.84863  0.2  0.2		4.1705503158		-1.0
	36044.99999997	11.97407		0.48989  0.2  0.2		4.1705503158		-1.0
	36074.99999997	11.84408		0.16663  0.2  0.2		4.1705503158		-1.0
	36104.99999997	10.88438		-0.06512  0.2  0.2		4.1705503158		-1.0
	36134.99999997	10.25445		0.29986  0.2  0.2		4.1705503158		-1.0
	36164.99999997	9.51035		0.47351  0.2  0.2		4.1705503158		-1.0
	36194.99999997	9.00731		-1.24156  0.2  0.2		4.1705503158		-1.0
	36224.99999997	9.03744		-1.21539  0.2  0.2		4.1705503158		-1.0
	36254.99999997	8.62977		-1.32776  0.2  0.2		4.1705503158		-1.0
	36284.99999997	8.41719		-1.3209  0.2  0.2		4.1705503158		-1.0
	36314.99999997	7.65529		-0.79463  0.2  0.2		4.1705503158		-1.0
	36344.99999997	7.02705		-0.05067  0.2  0.2		4.1705503158		-1.0
	36374.99999997	7.02124		-0.33604  0.2  0.2		4.1705503158		-1.0
	36404.99999997	6.98265		-0.41467  0.2  0.2		4.1705503158		-1.0
	36434.99999997	7.27931		-0.48891  0.2  0.2		4.1705503158		-1.0
	36464.99999997	7.42102		-0.51634  0.2  0.2		4.1705503158		-1.0
	36494.99999997	8.14774		-0.30363  0.2  0.2		4.1705503158		-1.0
	36524.99999997	8.22247		-0.8006  0.2  0.2		4.1705503158		-1.0
	36554.99999997	8.16519		-1.4465  0.2  0.2		4.1705503158		-1.0
	36584.99999997	8.51558		-1.49473  0.2  0.2		4.1705503158		-1.0
	36614.99999997	8.21723		-1.22116  0.2  0.2		4.1705503158		-1.0
	36644.99999997	7.99215		-1.06851  0.2  0.2		4.1705503158		-1.0
	36674.99999997	7.72285		-1.0789  0.2  0.2		4.1705503158		-1.0
	36704.99999997	7.32635		-0.6769  0.2  0.2		4.1705503158		-1.0
	36734.99999997	7.40484		-0.32578  0.2  0.2		4.1705503158		-1.0
	36764.99999997	7.71705		-0.27542  0.2  0.2		4.1705503158		-1.0
	36794.99999997	8.52422		-0.11303  0.2  0.2		4.1705503158		-1.0
	36824.99999997	9.28277		-0.24519  0.2  0.2		4.1705503158		-1.0
	36854.99999997	9.27147		-0.20357  0.2  0.2		4.1705503158		-1.0
	36884.99999997	8.84981		-0.75252  0.2  0.2		4.1705503158		-1.0
	36914.99999997	8.96565		-1.00766  0.2  0.2		4.1705503158		-1.0
	36944.99999997	9.58303		-1.18814  0.2  0.2		4.1705503158		-1.0
	36974.99999997	10.09782		-1.25876  0.2  0.2		4.1705503158		-1.0
	37004.99999997	10.90238		-1.37418  0.2  0.2		4.1705503158		-1.0
	37034.99999997	11.99792		-1.15002  0.2  0.2		4.1705503158		-1.0
	37064.99999997	11.74121		-1.20805  0.2  0.2		4.1705503158		-1.0
	37094.99999997	11.44924		-0.49197  0.2  0.2		4.1705503158		-1.0
	37124.99999997	10.9753		0.44616  0.2  0.2		4.1705503158		-1.0
	37154.99999997	10.95912		1.46969  0.2  0.2		4.1705503158		-1.0
	37184.99999997	10.8737		1.64103  0.2  0.2		4.1705503158		-1.0
	37214.99999997	10.58616		0.99516  0.2  0.2		4.1705503158		-1.0
	37244.99999997	10.31331		0.4337  0.2  0.2		4.1705503158		-1.0
	37274.99999997	10.4315		0.28012  0.2  0.2		4.1705503158		-1.0
	37304.99999997	10.76459		0.0439  0.2  0.2		4.1705503158		-1.0
	37334.99999997	10.76331		-0.53034  0.2  0.2		4.1705503158		-1.0
	37364.99999997	10.96492		-0.94748  0.2  0.2		4.1705503158		-1.0
	37394.99999997	11.07072		-1.10097  0.2  0.2		4.1705503158		-1.0
	37424.99999997	11.10124		-0.75963  0.2  0.2		4.1705503158		-1.0
	37454.99999997	11.34853		-0.45602  0.2  0.2		4.1705503158		-1.0
	37484.99999997	11.30282		-0.54076  0.2  0.2		4.1705503158		-1.0
	37514.99999997	11.6532		-0.57027  0.2  0.2		4.1705503158		-1.0
	37544.99999997	12.15169		-0.48826  0.2  0.2		4.1705503158		-1.0
	37574.99999997	12.10486		-0.10581  0.2  0.2		4.1705503158		-1.0
	37604.99999997	11.81299		-0.07737  0.2  0.2		4.1705503158		-1.0
	37634.99999997	12.10689		-0.44839  0.2  0.2		4.1705503158		-1.0
	37664.99999997	12.05445		-0.68773  0.2  0.2		4.1705503158		-1.0
	37694.99999997	11.87538		-1.07322  0.2  0.2		4.1705503158		-1.0
	37724.99999997	11.55577		-1.5505  0.2  0.2		4.1705503158		-1.0
	37754.99999997	11.6327		-1.70001  0.2  0.2		4.1705503158		-1.0
	37784.99999997	11.7931		-1.48111  0.2  0.2		4.1705503158		-1.0
	37814.99999997	11.83907		-0.99574  0.2  0.2		4.1705503158		-1.0
	37844.99999997	12.06046		-0.86106  0.2  0.2		4.1705503158		-1.0
	37874.99999997	11.81904		-0.46118  0.2  0.2		4.1705503158		-1.0
	37904.99999997	12.11454		-0.7227  0.2  0.2		4.1705503158		-1.0
	37934.99999997	12.17504		-0.88503  0.2  0.2		4.1705503158		-1.0
	37964.99999997	11.31994		-1.18288  0.2  0.2		4.1705503158		-1.0
	37994.99999997	11.40784		-1.33112  0.2  0.2		4.1705503158		-1.0
	38024.99999997	11.6858		-1.55768  0.2  0.2		4.1705503158		-1.0
	38054.99999997	11.7066		-1.35194  0.2  0.2		4.1705503158		-1.0
	38084.99999997	11.17689		-1.20052  0.2  0.2		4.1705503158		-1.0
	38114.99999997	10.61667		-0.73854  0.2  0.2		4.1705503158		-1.0
	38144.99999997	9.93984		-0.66433  0.2  0.2		4.1705503158		-1.0
	38174.99999997	9.24491		-0.38501  0.2  0.2		4.1705503158		-1.0
	38204.99999997	8.76549		-0.289  0.2  0.2		4.1705503158		-1.0
	38234.99999997	8.40292		-0.4978  0.2  0.2		4.1705503158		-1.0
	38264.99999997	8.48036		-0.76528  0.2  0.2		4.1705503158		-1.0
	38294.99999997	8.39816		-0.75549  0.2  0.2		4.1705503158		-1.0
	38324.99999997	8.8801		-0.60417  0.2  0.2		4.1705503158		-1.0
	38354.99999997	9.74837		-0.63444  0.2  0.2		4.1705503158		-1.0
	38384.99999997	9.96926		-0.22316  0.2  0.2		4.1705503158		-1.0
	38414.99999997	9.33896		-0.0408  0.2  0.2		4.1705503158		-1.0
	38444.99999997	8.88343		0.22731  0.2  0.2		4.1705503158		-1.0
	38474.99999997	8.7131		0.54078  0.2  0.2		4.1705503158		-1.0
	38504.99999997	8.83614		0.66552  0.2  0.2		4.1705503158		-1.0
	38534.99999997	8.28862		0.41834  0.2  0.2		4.1705503158		-1.0
	38564.99999997	8.63019		0.17104  0.2  0.2		4.1705503158		-1.0
	38594.99999997	8.50949		-0.06627  0.2  0.2		4.1705503158		-1.0
	38624.99999997	8.7408		-0.13411  0.2  0.2		4.1705503158		-1.0
	38654.99999997	9.27404		-0.16811  0.2  0.2		4.1705503158		-1.0
	38684.99999997	9.29423		-0.0676  0.2  0.2		4.1705503158		-1.0
