	30.00000000	2.85834		1.7719  0.2  0.2		4.1705503158		-1.0
	60.00000000	2.92838		1.53068  0.2  0.2		4.1705503158		-1.0
	90.00000000	2.96458		1.64969  0.2  0.2		4.1705503158		-1.0
	120.00000000	2.87274		1.6572  0.2  0.2		4.1705503158		-1.0
	150.00000000	2.97977		1.24301  0.2  0.2		4.1705503158		-1.0
	180.00000000	3.01488		0.87876  0.2  0.2		4.1705503158		-1.0
	210.00000000	2.97752		0.85338  0.2  0.2		4.1705503158		-1.0
	240.00000000	2.93767		1.10094  0.2  0.2		4.1705503158		-1.0
	270.00000000	2.74273		1.3688  0.2  0.2		4.1705503158		-1.0
	300.00000000	2.98583		1.0129  0.2  0.2		4.1705503158		-1.0
	330.00000000	2.98786		0.55828  0.2  0.2		4.1705503158		-1.0
	360.00000000	2.89679		0.36301  0.2  0.2		4.1705503158		-1.0
	390.00000000	2.88776		0.28666  0.2  0.2		4.1705503158		-1.0
	420.00000000	2.99394		0.32286  0.2  0.2		4.1705503158		-1.0
	450.00000000	2.97215		0.48109  0.2  0.2		4.1705503158		-1.0
	480.00000000	2.81859		0.70381  0.2  0.2		4.1705503158		-1.0
	510.00000000	2.75338		1.22445  0.2  0.2		4.1705503158		-1.0
	540.00000000	2.89991		1.24916  0.2  0.2		4.1705503158		-1.0
	570.00000000	3.09861		1.20175  0.2  0.2		4.1705503158		-1.0
	600.00000000	2.66849		0.94783  0.2  0.2		4.1705503158		-1.0
	630.00000000	3.03017		0.56198  0.2  0.2		4.1705503158		-1.0
	660.00000000	3.04823		0.1096  0.2  0.2		4.1705503158		-1.0
	690.00000000	2.95547		-0.68369  0.2  0.2		4.1705503158		-1.0
	720.00000000	2.87697		-0.94748  0.2  0.2		4.1705503158		-1.0
	750.00000000	2.91424		-1.187  0.2  0.2		4.1705503158		-1.0
	780.00000000	2.93123		-1.36772  0.2  0.2		4.1705503158		-1.0
	810.00000000	3.04199		-1.49924  0.2  0.2		4.1705503158		-1.0
	840.00000000	3.00114		-1.45503  0.2  0.2		4.1705503158		-1.0
	870.00000000	2.98009		-1.53616  0.2  0.2		4.1705503158		-1.0
	900.00000000	2.80495		-1.57644  0.2  0.2		4.1705503158		-1.0
	930.00000000	2.8495		-1.34182  0.2  0.2		4.1705503158		-1.0
	960.00000000	3.07158		-0.89686  0.2  0.2		4.1705503158		-1.0
	990.00000000	3.05032		-0.40177  0.2  0.2		4.1705503158		-1.0
	1020.00000000	3.0253		-0.17646  0.2  0.2		4.1705503158		-1.0
	1050.00000000	2.85032		-0.13442  0.2  0.2		4.1705503158		-1.0
	1080.00000000	3.21951		-0.08717  0.2  0.2		4.1705503158		-1.0
	1110.00000000	2.87068		-0.09531  0.2  0.2		4.1705503158		-1.0
	1140.00000000	2.94201		-0.10895  0.2  0.2		4.1705503158		-1.0
	1170.00000000	2.89413		-0.32154  0.2  0.2		4.1705503158		-1.0
	1200.00000000	2.98826		-0.77971  0.2  0.2		4.1705503158		-1.0
	1230.00000000	3.00279		-1.00781  0.2  0.2		4.1705503158		-1.0
	1260.00000000	2.80063		-1.25894  0.2  0.2		4.1705503158		-1.0
	1290.00000000	3.11273		-1.31977  0.2  0.2		4.1705503158		-1.0
	1320.00000000	2.76951		-1.25515  0.2  0.2		4.1705503158		-1.0
	1350.00000000	2.9115		-1.18428  0.2  0.2		4.1705503158		-1.0
	1380.00000000	3.12072		-0.91481  0.2  0.2		4.1705503158		-1.0
	1410.00000000	2.82997		-0.83324  0.2  0.2		4.1705503158		-1.0
	1440.00000000	3.0225		-0.87663  0.2  0.2		4.1705503158		-1.0
	1470.00000000	2.83795		-0.99568  0.2  0.2		4.1705503158		-1.0
	1500.00000000	2.71157		-1.1216  0.2  0.2		4.1705503158		-1.0
	1530.00000000	3.26541		-1.04443  0.2  0.2		4.1705503158		-1.0
	1560.00000000	2.70699		-0.84471  0.2  0.2		4.1705503158		-1.0
	1590.00000000	3.31519		-0.4463  0.2  0.2		4.1705503158		-1.0
	1620.00000000	3.04		-0.5454  0.2  0.2		4.1705503158		-1.0
	1650.00000000	2.77621		-0.6134  0.2  0.2		4.1705503158		-1.0
	1680.00000000	2.96225		-0.61249  0.2  0.2		4.1705503158		-1.0
	1710.00000000	3.06929		-0.39367  0.2  0.2		4.1705503158		-1.0
	1740.00000000	3.09755		0.12129  0.2  0.2		4.1705503158		-1.0
	1770.00000000	2.78371		0.31654  0.2  0.2		4.1705503158		-1.0
	1800.00000000	2.89827		0.60132  0.2  0.2		4.1705503158		-1.0
	1830.00000000	2.88714		1.10796  0.2  0.2		4.1705503158		-1.0
	1860.00000000	3.03962		1.57759  0.2  0.2		4.1705503158		-1.0
	1890.00000000	2.79642		1.76612  0.2  0.2		4.1705503158		-1.0
	1920.00000000	3.19005		1.56399  0.2  0.2		4.1705503158		-1.0
	1950.00000000	2.81183		1.65911  0.2  0.2		4.1705503158		-1.0
	1980.00000000	2.89244		1.79835  0.2  0.2		4.1705503158		-1.0
	2010.00000000	2.85254		2.12304  0.2  0.2		4.1705503158		-1.0
	2040.00000000	2.9535		2.45837  0.2  0.2		4.1705503158		-1.0
	2070.00000000	2.99566		2.68581  0.2  0.2		4.1705503158		-1.0
	2100.00000000	2.99837		2.73733  0.2  0.2		4.1705503158		-1.0
	2130.00000000	3.01757		2.93665  0.2  0.2		4.1705503158		-1.0
	2160.00000000	2.97808		-2.86526  0.2  0.2		4.1705503158		-1.0
	2190.00000000	2.83901		-2.87292  0.2  0.2		4.1705503158		-1.0
	2220.00000000	2.77455		-2.77447  0.2  0.2		4.1705503158		-1.0
	2250.00000000	2.83904		-2.57193  0.2  0.2		4.1705503158		-1.0
	2280.00000000	2.88599		-2.5758  0.2  0.2		4.1705503158		-1.0
	2310.00000000	3.10443		-2.41457  0.2  0.2		4.1705503158		-1.0
	2340.00000000	3.10041		-2.36385  0.2  0.2		4.1705503158		-1.0
	2370.00000000	2.92698		-2.72081  0.2  0.2		4.1705503158		-1.0
	2400.00000000	2.83078		-3.08287  0.2  0.2		4.1705503158		-1.0
	2430.00000000	2.82441		2.76383  0.2  0.2		4.1705503158		-1.0
	2460.00000000	2.92787		2.59639  0.2  0.2		4.1705503158		-1.0
	2490.00000000	3.08196		2.55614  0.2  0.2		4.1705503158		-1.0
	2520.00000000	3.03924		2.61413  0.2  0.2		4.1705503158		-1.0
	2550.00000000	2.79267		2.92089  0.2  0.2		4.1705503158		-1.0
	2580.00000000	2.83473		3.04789  0.2  0.2		4.1705503158		-1.0
	2610.00000000	3.10912		2.98011  0.2  0.2		4.1705503158		-1.0
	2640.00000000	2.73897		3.02773  0.2  0.2		4.1705503158		-1.0
	2670.00000000	3.03606		3.11906  0.2  0.2		4.1705503158		-1.0
	2700.00000000	2.98955		-2.7882  0.2  0.2		4.1705503158		-1.0
	2730.00000000	2.88962		-2.52896  0.2  0.2		4.1705503158		-1.0
	2760.00000000	3.05477		-2.47667  0.2  0.2		4.1705503158		-1.0
	2790.00000000	2.85321		-2.2638  0.2  0.2		4.1705503158		-1.0
	2820.00000000	2.86861		-2.11702  0.2  0.2		4.1705503158		-1.0
	2850.00000000	2.99985		-2.07648  0.2  0.2		4.1705503158		-1.0
	2880.00000000	3.13383		-2.20334  0.2  0.2		4.1705503158		-1.0
	2910.00000000	2.80697		-2.3353  0.2  0.2		4.1705503158		-1.0
	2940.00000000	3.20977		-2.12926  0.2  0.2		4.1705503158		-1.0
	2970.00000000	2.79771		-1.93774  0.2  0.2		4.1705503158		-1.0
	3000.00000000	3.00371		-1.83077  0.2  0.2		4.1705503158		-1.0
	3030.00000000	2.93271		-1.70168  0.2  0.2		4.1705503158		-1.0
	3060.00000000	3.09084		-1.83477  0.2  0.2		4.1705503158		-1.0
	3090.00000000	2.77788		-2.04512  0.2  0.2		4.1705503158		-1.0
	3120.00000000	3.16037		-1.92772  0.2  0.2		4.1705503158		-1.0
	3150.00000000	2.93948		-1.86347  0.2  0.2		4.1705503158		-1.0
	3180.00000000	3.12336		-1.94948  0.2  0.2		4.1705503158		-1.0
	3210.00000000	3.06909		-2.10491  0.2  0.2		4.1705503158		-1.0
	3240.00000000	3.06709		-2.40215  0.2  0.2		4.1705503158		-1.0
	3270.00000000	3.13252		-2.56545  0.2  0.2		4.1705503158		-1.0
	3300.00000000	3.08375		-2.39778  0.2  0.2		4.1705503158		-1.0
	3330.00000000	3.05356		-2.29615  0.2  0.2		4.1705503158		-1.0
	3360.00000000	3.33257		-2.44928  0.2  0.2		4.1705503158		-1.0
	3390.00000000	3.16972		-2.66094  0.2  0.2		4.1705503158		-1.0
	3420.00000000	2.8122		-3.0218  0.2  0.2		4.1705503158		-1.0
	3450.00000000	3.18537		3.10911  0.2  0.2		4.1705503158		-1.0
	3480.00000000	2.75751		-2.87454  0.2  0.2		4.1705503158		-1.0
	3510.00000000	3.10497		-2.71695  0.2  0.2		4.1705503158		-1.0
	3540.00000000	3.13857		-2.93823  0.2  0.2		4.1705503158		-1.0
	3570.00000000	2.9428		2.95443  0.2  0.2		4.1705503158		-1.0
	3600.00000000	2.90701		2.86116  0.2  0.2		4.1705503158		-1.0
	3630.00000000	2.77126		3.01651  0.2  0.2		4.1705503158		-1.0
	3660.00000000	3.21077		3.05384  0.2  0.2		4.1705503158		-1.0
	3690.00000000	3.12607		3.1257  0.2  0.2		4.1705503158		-1.0
	3720.00000000	2.83812		-3.00951  0.2  0.2		4.1705503158		-1.0
	3750.00000000	3.34822		-2.86221  0.2  0.2		4.1705503158		-1.0
	3780.00000000	2.72092		-2.86289  0.2  0.2		4.1705503158		-1.0
	3810.00000000	3.42084		-2.96519  0.2  0.2		4.1705503158		-1.0
	3840.00000000	2.75317		-2.98491  0.2  0.2		4.1705503158		-1.0
	3870.00000000	3.32602		3.13659  0.2  0.2		4.1705503158		-1.0
	3900.00000000	2.95544		-3.03978  0.2  0.2		4.1705503158		-1.0
	3930.00000000	3.11621		-2.94565  0.2  0.2		4.1705503158		-1.0
	3960.00000000	3.3815		3.01558  0.2  0.2		4.1705503158		-1.0
	3990.00000000	2.81238		2.67726  0.2  0.2		4.1705503158		-1.0
	4020.00000000	3.15508		2.6376  0.2  0.2		4.1705503158		-1.0
	4050.00000000	3.13455		2.59042  0.2  0.2		4.1705503158		-1.0
	4080.00000000	2.69488		2.17867  0.2  0.2		4.1705503158		-1.0
	4110.00000000	3.03899		2.02665  0.2  0.2		4.1705503158		-1.0
	4140.00000000	3.06553		2.11009  0.2  0.2		4.1705503158		-1.0
	4170.00000000	2.80609		2.44839  0.2  0.2		4.1705503158		-1.0
	4200.00000000	2.86007		2.49285  0.2  0.2		4.1705503158		-1.0
	4230.00000000	3.01322		1.97289  0.2  0.2		4.1705503158		-1.0
	4260.00000000	2.79318		2.00908  0.2  0.2		4.1705503158		-1.0
	4290.00000000	2.78392		2.16815  0.2  0.2		4.1705503158		-1.0
	4320.00000000	2.89678		2.26439  0.2  0.2		4.1705503158		-1.0
	4350.00000000	3.12353		2.70102  0.2  0.2		4.1705503158		-1.0
	4380.00000000	2.95881		-3.06148  0.2  0.2		4.1705503158		-1.0
	4410.00000000	2.92589		-2.86302  0.2  0.2		4.1705503158		-1.0
	4440.00000000	2.83174		-2.41882  0.2  0.2		4.1705503158		-1.0
	4470.00000000	2.87268		-2.24513  0.2  0.2		4.1705503158		-1.0
	4500.00000000	2.70577		-2.57165  0.2  0.2		4.1705503158		-1.0
	4530.00000000	2.73386		-2.8468  0.2  0.2		4.1705503158		-1.0
	4560.00000000	2.81634		-2.65284  0.2  0.2		4.1705503158		-1.0
	4590.00000000	2.80962		-2.17011  0.2  0.2		4.1705503158		-1.0
	4620.00000000	2.86584		-1.61868  0.2  0.2		4.1705503158		-1.0
	4650.00000000	2.83917		-1.08452  0.2  0.2		4.1705503158		-1.0
	4680.00000000	3.23696		-0.95397  0.2  0.2		4.1705503158		-1.0
	4710.00000000	3.08578		-1.3273  0.2  0.2		4.1705503158		-1.0
	4740.00000000	3.28246		-1.72183  0.2  0.2		4.1705503158		-1.0
	4770.00000000	2.71166		-1.55728  0.2  0.2		4.1705503158		-1.0
	4800.00000000	3.31798		-1.32929  0.2  0.2		4.1705503158		-1.0
	4830.00000000	2.74349		-1.19449  0.2  0.2		4.1705503158		-1.0
	4860.00000000	3.21656		-1.21608  0.2  0.2		4.1705503158		-1.0
	4890.00000000	3.02692		-1.49016  0.2  0.2		4.1705503158		-1.0
	4920.00000000	2.87043		-1.8211  0.2  0.2		4.1705503158		-1.0
	4950.00000000	2.77347		-1.81092  0.2  0.2		4.1705503158		-1.0
	4980.00000000	2.89939		-1.54898  0.2  0.2		4.1705503158		-1.0
	5010.00000000	3.35636		-1.33459  0.2  0.2		4.1705503158		-1.0
	5040.00000000	2.88445		-1.4139  0.2  0.2		4.1705503158		-1.0
	5070.00000000	2.73336		-1.46378  0.2  0.2		4.1705503158		-1.0
	5100.00000000	2.70152		-1.39551  0.2  0.2		4.1705503158		-1.0
	5130.00000000	3.45597		-1.71369  0.2  0.2		4.1705503158		-1.0
	5160.00000000	2.88908		-1.59281  0.2  0.2		4.1705503158		-1.0
	5190.00000000	2.81368		-1.52629  0.2  0.2		4.1705503158		-1.0
	5220.00000000	3.43999		-1.58931  0.2  0.2		4.1705503158		-1.0
	5250.00000000	3.0293		-1.19632  0.2  0.2		4.1705503158		-1.0
	5280.00000000	3.27455		-0.98229  0.2  0.2		4.1705503158		-1.0
	5310.00000000	2.77493		-0.45714  0.2  0.2		4.1705503158		-1.0
	5340.00000000	2.86897		-0.06212  0.2  0.2		4.1705503158		-1.0
	5370.00000000	2.929		0.32893  0.2  0.2		4.1705503158		-1.0
	5400.00000000	3.12698		0.84731  0.2  0.2		4.1705503158		-1.0
	5430.00000000	3.06932		1.07  0.2  0.2		4.1705503158		-1.0
	5460.00000000	2.75023		0.92839  0.2  0.2		4.1705503158		-1.0
	5490.00000000	2.86243		0.61949  0.2  0.2		4.1705503158		-1.0
	5520.00000000	2.74723		0.56002  0.2  0.2		4.1705503158		-1.0
	5550.00000000	2.92176		0.77561  0.2  0.2		4.1705503158		-1.0
	5580.00000000	3.04865		1.33976  0.2  0.2		4.1705503158		-1.0
	5610.00000000	3.25353		1.6864  0.2  0.2		4.1705503158		-1.0
	5640.00000000	2.71892		1.83538  0.2  0.2		4.1705503158		-1.0
	5670.00000000	2.90159		1.59047  0.2  0.2		4.1705503158		-1.0
	5700.00000000	3.17125		1.21557  0.2  0.2		4.1705503158		-1.0
	5730.00000000	2.65696		1.14193  0.2  0.2		4.1705503158		-1.0
	5760.00000000	3.16662		0.91606  0.2  0.2		4.1705503158		-1.0
	5790.00000000	2.77525		0.74882  0.2  0.2		4.1705503158		-1.0
	5820.00000000	3.10404		0.56368  0.2  0.2		4.1705503158		-1.0
	5850.00000000	3.21487		0.36285  0.2  0.2		4.1705503158		-1.0
	5880.00000000	2.786		0.09791  0.2  0.2		4.1705503158		-1.0
	5910.00000000	3.11523		0.15988  0.2  0.2		4.1705503158		-1.0
	5940.00000000	3.0415		0.24845  0.2  0.2		4.1705503158		-1.0
	5970.00000000	3.2105		0.34953  0.2  0.2		4.1705503158		-1.0
	6000.00000000	3.0132		0.70583  0.2  0.2		4.1705503158		-1.0
	6030.00000000	2.80334		1.3499  0.2  0.2		4.1705503158		-1.0
	6060.00000000	3.20151		1.46699  0.2  0.2		4.1705503158		-1.0
	6090.00000000	3.1339		1.08306  0.2  0.2		4.1705503158		-1.0
	6120.00000000	3.11562		1.14774  0.2  0.2		4.1705503158		-1.0
	6150.00000000	2.77503		1.40099  0.2  0.2		4.1705503158		-1.0
	6180.00000000	2.74058		1.44381  0.2  0.2		4.1705503158		-1.0
	6210.00000000	3.16341		0.91242  0.2  0.2		4.1705503158		-1.0
	6240.00000000	3.09787		0.64278  0.2  0.2		4.1705503158		-1.0
	6270.00000000	2.72917		0.97433  0.2  0.2		4.1705503158		-1.0
	6300.00000000	2.70845		1.24728  0.2  0.2		4.1705503158		-1.0
	6330.00000000	2.77044		0.9068  0.2  0.2		4.1705503158		-1.0
	6360.00000000	2.96387		0.48569  0.2  0.2		4.1705503158		-1.0
	6390.00000000	3.11481		-0.1228  0.2  0.2		4.1705503158		-1.0
	6420.00000000	2.85909		-0.25937  0.2  0.2		4.1705503158		-1.0
	6450.00000000	2.82842		-0.64818  0.2  0.2		4.1705503158		-1.0
	6480.00000000	3.10874		-0.88041  0.2  0.2		4.1705503158		-1.0
	6510.00000000	2.76506		-0.62286  0.2  0.2		4.1705503158		-1.0
	6540.00000000	2.90769		-0.55931  0.2  0.2		4.1705503158		-1.0
	6570.00000000	2.95921		-0.05601  0.2  0.2		4.1705503158		-1.0
	6600.00000000	2.79283		0.35148  0.2  0.2		4.1705503158		-1.0
	6630.00000000	2.6997		0.65764  0.2  0.2		4.1705503158		-1.0
	6660.00000000	3.40197		0.96871  0.2  0.2		4.1705503158		-1.0
	6690.00000000	3.16711		0.85321  0.2  0.2		4.1705503158		-1.0
	6720.00000000	3.16769		0.55943  0.2  0.2		4.1705503158		-1.0
	6750.00000000	3.16329		0.47587  0.2  0.2		4.1705503158		-1.0
	6780.00000000	3.39096		0.74502  0.2  0.2		4.1705503158		-1.0
	6810.00000000	2.57004		0.67651  0.2  0.2		4.1705503158		-1.0
	6840.00000000	2.63872		0.40097  0.2  0.2		4.1705503158		-1.0
	6870.00000000	2.71705		0.05561  0.2  0.2		4.1705503158		-1.0
	6900.00000000	2.71793		-0.18569  0.2  0.2		4.1705503158		-1.0
	6930.00000000	2.96587		-0.4752  0.2  0.2		4.1705503158		-1.0
	6960.00000000	3.19549		-0.59186  0.2  0.2		4.1705503158		-1.0
	6990.00000000	2.71042		-0.8158  0.2  0.2		4.1705503158		-1.0
	7020.00000000	2.78621		-0.93905  0.2  0.2		4.1705503158		-1.0
	7050.00000000	2.77141		-1.03773  0.2  0.2		4.1705503158		-1.0
	7080.00000000	2.71369		-1.155  0.2  0.2		4.1705503158		-1.0
	7110.00000000	3.41438		-0.75156  0.2  0.2		4.1705503158		-1.0
	7140.00000000	2.69299		-0.60318  0.2  0.2		4.1705503158		-1.0
	7170.00000000	3.2411		-0.30878  0.2  0.2		4.1705503158		-1.0
	7200.00000000	3.199		-0.29239  0.2  0.2		4.1705503158		-1.0
	7230.00000000	3.32156		-0.24994  0.2  0.2		4.1705503158		-1.0
	7260.00000000	3.35362		0.10007  0.2  0.2		4.1705503158		-1.0
	7290.00000000	2.95499		-0.00139  0.2  0.2		4.1705503158		-1.0
	7320.00000000	2.86474		-0.39068  0.2  0.2		4.1705503158		-1.0
	7350.00000000	2.80923		-0.61782  0.2  0.2		4.1705503158		-1.0
	7380.00000000	3.34842		-0.60672  0.2  0.2		4.1705503158		-1.0
	7410.00000000	2.79042		-0.27457  0.2  0.2		4.1705503158		-1.0
	7440.00000000	2.7507		-0.18592  0.2  0.2		4.1705503158		-1.0
	7470.00000000	2.85211		-0.01273  0.2  0.2		4.1705503158		-1.0
	7500.00000000	3.53095		0.20387  0.2  0.2		4.1705503158		-1.0
	7530.00000000	3.07276		0.00324  0.2  0.2		4.1705503158		-1.0
	7560.00000000	3.46232		-0.27943  0.2  0.2		4.1705503158		-1.0
	7590.00000000	2.79589		-0.3599  0.2  0.2		4.1705503158		-1.0
	7620.00000000	2.85735		-0.39256  0.2  0.2		4.1705503158		-1.0
	7650.00000000	3.47136		-0.19758  0.2  0.2		4.1705503158		-1.0
	7680.00000000	3.11705		0.06406  0.2  0.2		4.1705503158		-1.0
	7710.00000000	3.42553		-0.14735  0.2  0.2		4.1705503158		-1.0
	7740.00000000	2.95978		-0.40757  0.2  0.2		4.1705503158		-1.0
	7770.00000000	3.26243		-0.76189  0.2  0.2		4.1705503158		-1.0
	7800.00000000	2.66732		-0.84606  0.2  0.2		4.1705503158		-1.0
	7830.00000000	2.64565		-0.94979  0.2  0.2		4.1705503158		-1.0
	7860.00000000	3.55661		-0.96455  0.2  0.2		4.1705503158		-1.0
	7890.00000000	2.93998		-0.79206  0.2  0.2		4.1705503158		-1.0
	7920.00000000	2.72079		-0.68718  0.2  0.2		4.1705503158		-1.0
	7950.00000000	2.67747		-0.77357  0.2  0.2		4.1705503158		-1.0
	7980.00000000	3.02815		-0.72412  0.2  0.2		4.1705503158		-1.0
	8010.00000000	3.38324		-0.80155  0.2  0.2		4.1705503158		-1.0
	8040.00000000	3.28778		-0.6288  0.2  0.2		4.1705503158		-1.0
	8070.00000000	3.3232		-0.56182  0.2  0.2		4.1705503158		-1.0
	8100.00000000	3.08339		-0.78527  0.2  0.2		4.1705503158		-1.0
	8130.00000000	3.32127		-1.09174  0.2  0.2		4.1705503158		-1.0
	8160.00000000	2.82863		-1.30369  0.2  0.2		4.1705503158		-1.0
	8190.00000000	2.80191		-1.75015  0.2  0.2		4.1705503158		-1.0
	8220.00000000	2.73678		-2.01566  0.2  0.2		4.1705503158		-1.0
	8250.00000000	2.91166		-1.96616  0.2  0.2		4.1705503158		-1.0
	8280.00000000	2.84527		-1.78171  0.2  0.2		4.1705503158		-1.0
	8310.00000000	2.78735		-1.76861  0.2  0.2		4.1705503158		-1.0
	8340.00000000	2.97108		-1.73472  0.2  0.2		4.1705503158		-1.0
	8370.00000000	3.14554		-1.65397  0.2  0.2		4.1705503158		-1.0
	8400.00000000	3.18709		-1.90959  0.2  0.2		4.1705503158		-1.0
	8430.00000000	3.43684		-2.22222  0.2  0.2		4.1705503158		-1.0
	8460.00000000	3.08055		-2.15883  0.2  0.2		4.1705503158		-1.0
	8490.00000000	2.83577		-1.9169  0.2  0.2		4.1705503158		-1.0
	8520.00000000	3.222		-2.03889  0.2  0.2		4.1705503158		-1.0
	8550.00000000	3.11124		-2.09789  0.2  0.2		4.1705503158		-1.0
	8580.00000000	3.14534		-2.12033  0.2  0.2		4.1705503158		-1.0
	8610.00000000	3.3899		-2.30321  0.2  0.2		4.1705503158		-1.0
	8640.00000000	2.87726		-2.44358  0.2  0.2		4.1705503158		-1.0
	8670.00000000	3.25149		-2.75289  0.2  0.2		4.1705503158		-1.0
	8700.00000000	3.37307		-2.5099  0.2  0.2		4.1705503158		-1.0
	8730.00000000	3.53545		-2.40567  0.2  0.2		4.1705503158		-1.0
	8760.00000000	2.86432		-2.65253  0.2  0.2		4.1705503158		-1.0
	8790.00000000	2.81598		-2.47429  0.2  0.2		4.1705503158		-1.0
	8820.00000000	2.79299		-2.13333  0.2  0.2		4.1705503158		-1.0
	8850.00000000	2.84436		-2.1562  0.2  0.2		4.1705503158		-1.0
	8880.00000000	2.72652		-2.42964  0.2  0.2		4.1705503158		-1.0
	8910.00000000	2.69549		-2.81094  0.2  0.2		4.1705503158		-1.0
	8940.00000000	2.8489		3.12088  0.2  0.2		4.1705503158		-1.0
	8970.00000000	3.44461		-3.00848  0.2  0.2		4.1705503158		-1.0
	9000.00000000	3.12032		-2.55559  0.2  0.2		4.1705503158		-1.0
	9030.00000000	3.35718		-2.43854  0.2  0.2		4.1705503158		-1.0
	9060.00000000	3.28405		-2.72004  0.2  0.2		4.1705503158		-1.0
	9090.00000000	2.78969		-2.81367  0.2  0.2		4.1705503158		-1.0
	9120.00000000	3.47851		-2.63137  0.2  0.2		4.1705503158		-1.0
	9150.00000000	3.17212		-2.65839  0.2  0.2		4.1705503158		-1.0
	9180.00000000	3.06926		-2.68637  0.2  0.2		4.1705503158		-1.0
	9210.00000000	3.46007		-2.74283  0.2  0.2		4.1705503158		-1.0
	9240.00000000	3.47023		-2.52856  0.2  0.2		4.1705503158		-1.0
	9270.00000000	3.34989		-1.97116  0.2  0.2		4.1705503158		-1.0
	9300.00000000	3.32088		-1.87875  0.2  0.2		4.1705503158		-1.0
	9330.00000000	3.24546		-1.89034  0.2  0.2		4.1705503158		-1.0
	9360.00000000	3.47021		-1.71501  0.2  0.2		4.1705503158		-1.0
	9390.00000000	3.07096		-1.64708  0.2  0.2		4.1705503158		-1.0
	9420.00000000	3.09403		-1.58965  0.2  0.2		4.1705503158		-1.0
	9450.00000000	3.04144		-1.42026  0.2  0.2		4.1705503158		-1.0
	9480.00000000	3.2275		-1.44202  0.2  0.2		4.1705503158		-1.0
	9510.00000000	3.21547		-1.13687  0.2  0.2		4.1705503158		-1.0
	9540.00000000	2.62669		-1.33508  0.2  0.2		4.1705503158		-1.0
	9570.00000000	2.69806		-1.1969  0.2  0.2		4.1705503158		-1.0
	9600.00000000	3.60137		-1.24319  0.2  0.2		4.1705503158		-1.0
	9630.00000000	2.9857		-1.51477  0.2  0.2		4.1705503158		-1.0
	9660.00000000	2.78532		-2.03844  0.2  0.2		4.1705503158		-1.0
	9690.00000000	2.77637		-2.456  0.2  0.2		4.1705503158		-1.0
	9720.00000000	2.82156		-2.38842  0.2  0.2		4.1705503158		-1.0
	9750.00000000	2.98108		-2.1059  0.2  0.2		4.1705503158		-1.0
	9780.00000000	3.1403		-1.75301  0.2  0.2		4.1705503158		-1.0
	9810.00000000	3.34619		-1.49181  0.2  0.2		4.1705503158		-1.0
	9840.00000000	3.22592		-1.12504  0.2  0.2		4.1705503158		-1.0
	9870.00000000	2.59595		-1.22009  0.2  0.2		4.1705503158		-1.0
	9900.00000000	2.57704		-1.44973  0.2  0.2		4.1705503158		-1.0
	9930.00000000	2.66599		-1.68029  0.2  0.2		4.1705503158		-1.0
	9960.00000000	2.59623		-1.72178  0.2  0.2		4.1705503158		-1.0
	9990.00000000	2.67963		-1.66821  0.2  0.2		4.1705503158		-1.0
	10020.00000000	2.64318		-2.14816  0.2  0.2		4.1705503158		-1.0
	10050.00000000	2.6319		-2.43319  0.2  0.2		4.1705503158		-1.0
	10080.00000000	2.71419		-2.63071  0.2  0.2		4.1705503158		-1.0
	10110.00000000	2.86141		-2.41071  0.2  0.2		4.1705503158		-1.0
	10140.00000000	3.0088		-1.88057  0.2  0.2		4.1705503158		-1.0
	10170.00000000	3.31766		-1.47184  0.2  0.2		4.1705503158		-1.0
	10200.00000000	3.02649		-0.86942  0.2  0.2		4.1705503158		-1.0
	10230.00000000	3.6887		-0.53079  0.2  0.2		4.1705503158		-1.0
	10260.00000000	3.2523		-0.5783  0.2  0.2		4.1705503158		-1.0
	10290.00000000	3.69203		-0.57334  0.2  0.2		4.1705503158		-1.0
	10320.00000000	2.94953		-0.70287  0.2  0.2		4.1705503158		-1.0
	10350.00000000	2.8897		-0.71743  0.2  0.2		4.1705503158		-1.0
	10380.00000000	3.55215		-0.21343  0.2  0.2		4.1705503158		-1.0
	10410.00000000	3.28072		0.59617  0.2  0.2		4.1705503158		-1.0
	10440.00000000	3.30177		0.89535  0.2  0.2		4.1705503158		-1.0
	10470.00000000	2.65956		1.12455  0.2  0.2		4.1705503158		-1.0
	10500.00000000	3.16584		1.45831  0.2  0.2		4.1705503158		-1.0
	10530.00000000	3.1342		1.76181  0.2  0.2		4.1705503158		-1.0
	10560.00000000	3.16023		1.89982  0.2  0.2		4.1705503158		-1.0
	10590.00000000	2.99665		1.96823  0.2  0.2		4.1705503158		-1.0
	10620.00000000	2.85625		2.00501  0.2  0.2		4.1705503158		-1.0
	10650.00000000	3.28656		2.15594  0.2  0.2		4.1705503158		-1.0
	10680.00000000	3.11619		2.44905  0.2  0.2		4.1705503158		-1.0
	10710.00000000	3.22338		2.48465  0.2  0.2		4.1705503158		-1.0
	10740.00000000	3.17734		2.50809  0.2  0.2		4.1705503158		-1.0
	10770.00000000	2.98123		2.43768  0.2  0.2		4.1705503158		-1.0
	10800.00000000	3.19599		2.1433  0.2  0.2		4.1705503158		-1.0
	10830.00000001	2.73485		2.02701  0.2  0.2		4.1705503158		-1.0
	10860.00000001	2.94716		2.01788  0.2  0.2		4.1705503158		-1.0
	10890.00000001	3.27266		1.89458  0.2  0.2		4.1705503158		-1.0
	10920.00000001	3.22273		1.86059  0.2  0.2		4.1705503158		-1.0
	10950.00000001	3.11062		2.00231  0.2  0.2		4.1705503158		-1.0
	10980.00000001	2.78083		2.20394  0.2  0.2		4.1705503158		-1.0
	11010.00000001	2.67741		2.58919  0.2  0.2		4.1705503158		-1.0
	11040.00000001	2.73264		2.47008  0.2  0.2		4.1705503158		-1.0
	11070.00000001	3.56643		2.4834  0.2  0.2		4.1705503158		-1.0
	11100.00000001	3.04004		2.56922  0.2  0.2		4.1705503158		-1.0
	11130.00000001	2.77652		2.76026  0.2  0.2		4.1705503158		-1.0
	11160.00000001	2.84532		2.79603  0.2  0.2		4.1705503158		-1.0
	11190.00000001	2.87422		2.39255  0.2  0.2		4.1705503158		-1.0
	11220.00000001	2.96415		1.85741  0.2  0.2		4.1705503158		-1.0
	11250.00000001	3.47836		1.68458  0.2  0.2		4.1705503158		-1.0
	11280.00000001	3.06587		1.78103  0.2  0.2		4.1705503158		-1.0
	11310.00000001	3.32076		1.98827  0.2  0.2		4.1705503158		-1.0
	11340.00000001	2.98924		2.26981  0.2  0.2		4.1705503158		-1.0
	11370.00000001	2.77094		2.30357  0.2  0.2		4.1705503158		-1.0
	11400.00000001	3.04214		2.26849  0.2  0.2		4.1705503158		-1.0
	11430.00000001	3.42587		2.40478  0.2  0.2		4.1705503158		-1.0
	11460.00000001	3.50795		2.40871  0.2  0.2		4.1705503158		-1.0
	11490.00000001	3.30042		2.51047  0.2  0.2		4.1705503158		-1.0
	11520.00000001	3.22641		2.67391  0.2  0.2		4.1705503158		-1.0
	11550.00000001	3.22029		2.67516  0.2  0.2		4.1705503158		-1.0
	11580.00000001	3.60553		2.30116  0.2  0.2		4.1705503158		-1.0
	11610.00000001	3.37051		2.18301  0.2  0.2		4.1705503158		-1.0
	11640.00000001	2.76431		2.29  0.2  0.2		4.1705503158		-1.0
	11670.00000001	2.61503		2.53975  0.2  0.2		4.1705503158		-1.0
	11700.00000001	2.70968		2.30059  0.2  0.2		4.1705503158		-1.0
	11730.00000001	3.69596		2.20271  0.2  0.2		4.1705503158		-1.0
	11760.00000001	2.89869		2.07629  0.2  0.2		4.1705503158		-1.0
	11790.00000001	2.7349		2.1894  0.2  0.2		4.1705503158		-1.0
	11820.00000001	2.67341		2.16004  0.2  0.2		4.1705503158		-1.0
	11850.00000001	2.81375		1.6198  0.2  0.2		4.1705503158		-1.0
	11880.00000001	3.52393		1.26485  0.2  0.2		4.1705503158		-1.0
	11910.00000001	2.65921		1.42072  0.2  0.2		4.1705503158		-1.0
	11940.00000001	3.45398		1.63728  0.2  0.2		4.1705503158		-1.0
	11970.00000001	2.76019		1.47442  0.2  0.2		4.1705503158		-1.0
	12000.00000001	3.12671		1.17746  0.2  0.2		4.1705503158		-1.0
	12030.00000001	2.83104		0.73764  0.2  0.2		4.1705503158		-1.0
	12060.00000001	2.69044		0.83737  0.2  0.2		4.1705503158		-1.0
	12090.00000001	2.91671		1.26546  0.2  0.2		4.1705503158		-1.0
	12120.00000001	3.0834		1.13681  0.2  0.2		4.1705503158		-1.0
	12150.00000001	3.48953		0.88605  0.2  0.2		4.1705503158		-1.0
	12180.00000001	3.13662		0.56288  0.2  0.2		4.1705503158		-1.0
	12210.00000001	3.23795		0.23312  0.2  0.2		4.1705503158		-1.0
	12240.00000001	2.76793		0.16606  0.2  0.2		4.1705503158		-1.0
	12270.00000001	2.79449		0.18252  0.2  0.2		4.1705503158		-1.0
	12300.00000001	3.42436		0.19532  0.2  0.2		4.1705503158		-1.0
	12330.00000001	3.26983		0.39551  0.2  0.2		4.1705503158		-1.0
	12360.00000001	3.23591		0.28045  0.2  0.2		4.1705503158		-1.0
	12390.00000001	3.19135		0.17712  0.2  0.2		4.1705503158		-1.0
	12420.00000001	2.92788		0.14829  0.2  0.2		4.1705503158		-1.0
	12450.00000001	2.81981		0.37947  0.2  0.2		4.1705503158		-1.0
	12480.00000001	2.79266		0.93467  0.2  0.2		4.1705503158		-1.0
	12510.00000001	2.73933		1.41437  0.2  0.2		4.1705503158		-1.0
	12540.00000001	3.14194		1.3435  0.2  0.2		4.1705503158		-1.0
	12570.00000001	3.19955		1.47717  0.2  0.2		4.1705503158		-1.0
	12600.00000001	3.13349		1.67622  0.2  0.2		4.1705503158		-1.0
	12630.00000001	3.41284		1.7583  0.2  0.2		4.1705503158		-1.0
	12660.00000001	3.02488		1.65573  0.2  0.2		4.1705503158		-1.0
	12690.00000001	2.89862		1.58909  0.2  0.2		4.1705503158		-1.0
	12720.00000001	2.7896		1.89122  0.2  0.2		4.1705503158		-1.0
	12750.00000001	2.7301		2.00481  0.2  0.2		4.1705503158		-1.0
	12780.00000001	3.23478		2.08598  0.2  0.2		4.1705503158		-1.0
	12810.00000001	3.23736		2.04572  0.2  0.2		4.1705503158		-1.0
	12840.00000001	3.55027		2.09581  0.2  0.2		4.1705503158		-1.0
	12870.00000001	2.86856		2.29926  0.2  0.2		4.1705503158		-1.0
	12900.00000001	2.65115		2.27794  0.2  0.2		4.1705503158		-1.0
	12930.00000001	3.38805		2.37906  0.2  0.2		4.1705503158		-1.0
	12960.00000001	2.99297		2.31804  0.2  0.2		4.1705503158		-1.0
	12990.00000001	3.16352		2.4202  0.2  0.2		4.1705503158		-1.0
	13020.00000001	3.63572		2.81085  0.2  0.2		4.1705503158		-1.0
	13050.00000001	2.58258		2.97712  0.2  0.2		4.1705503158		-1.0
	13080.00000001	2.78549		2.87367  0.2  0.2		4.1705503158		-1.0
	13110.00000001	2.82922		2.78902  0.2  0.2		4.1705503158		-1.0
	13140.00000001	3.00725		2.83747  0.2  0.2		4.1705503158		-1.0
	13170.00000001	3.42676		-3.11355  0.2  0.2		4.1705503158		-1.0
	13200.00000001	3.1988		-2.92371  0.2  0.2		4.1705503158		-1.0
	13230.00000001	3.29986		-3.01252  0.2  0.2		4.1705503158		-1.0
	13260.00000001	3.0247		2.94656  0.2  0.2		4.1705503158		-1.0
	13290.00000001	3.35524		2.85799  0.2  0.2		4.1705503158		-1.0
	13320.00000001	3.15436		3.02312  0.2  0.2		4.1705503158		-1.0
	13350.00000001	2.78259		-3.09201  0.2  0.2		4.1705503158		-1.0
	13380.00000001	2.74596		-2.97865  0.2  0.2		4.1705503158		-1.0
	13410.00000001	2.71384		3.07981  0.2  0.2		4.1705503158		-1.0
	13440.00000001	2.66811		2.74413  0.2  0.2		4.1705503158		-1.0
	13470.00000001	2.70729		2.64151  0.2  0.2		4.1705503158		-1.0
	13500.00000001	2.74302		2.78155  0.2  0.2		4.1705503158		-1.0
	13530.00000001	2.6624		3.12941  0.2  0.2		4.1705503158		-1.0
	13560.00000001	3.0005		2.91107  0.2  0.2		4.1705503158		-1.0
	13590.00000001	3.42622		2.77078  0.2  0.2		4.1705503158		-1.0
	13620.00000001	3.51108		2.71652  0.2  0.2		4.1705503158		-1.0
	13650.00000001	3.25731		2.5176  0.2  0.2		4.1705503158		-1.0
	13680.00000001	2.51582		2.47821  0.2  0.2		4.1705503158		-1.0
	13710.00000001	3.53305		2.77076  0.2  0.2		4.1705503158		-1.0
	13740.00000001	3.43169		3.0219  0.2  0.2		4.1705503158		-1.0
	13770.00000001	3.0945		2.8432  0.2  0.2		4.1705503158		-1.0
	13800.00000001	3.51436		2.85203  0.2  0.2		4.1705503158		-1.0
	13830.00000001	3.15852		3.08781  0.2  0.2		4.1705503158		-1.0
	13860.00000001	3.0799		-3.06694  0.2  0.2		4.1705503158		-1.0
	13890.00000001	3.35993		-2.90853  0.2  0.2		4.1705503158		-1.0
	13920.00000001	3.66756		-2.79983  0.2  0.2		4.1705503158		-1.0
	13950.00000001	3.04517		-2.80597  0.2  0.2		4.1705503158		-1.0
	13980.00000001	3.65054		-2.93841  0.2  0.2		4.1705503158		-1.0
	14010.00000001	3.55199		-2.86497  0.2  0.2		4.1705503158		-1.0
	14040.00000001	3.53713		-3.05739  0.2  0.2		4.1705503158		-1.0
	14070.00000001	3.7527		-3.1109  0.2  0.2		4.1705503158		-1.0
	14100.00000001	2.49116		-3.07383  0.2  0.2		4.1705503158		-1.0
	14130.00000001	3.20602		-2.9212  0.2  0.2		4.1705503158		-1.0
	14160.00000001	2.99431		-2.96145  0.2  0.2		4.1705503158		-1.0
	14190.00000001	2.52344		-2.99093  0.2  0.2		4.1705503158		-1.0
	14220.00000001	3.42537		3.05677  0.2  0.2		4.1705503158		-1.0
	14250.00000000	3.61966		2.71148  0.2  0.2		4.1705503158		-1.0
	14280.00000000	2.76781		2.61747  0.2  0.2		4.1705503158		-1.0
	14310.00000000	2.77569		2.79535  0.2  0.2		4.1705503158		-1.0
	14340.00000000	2.8026		2.90041  0.2  0.2		4.1705503158		-1.0
	14370.00000000	2.76836		2.96213  0.2  0.2		4.1705503158		-1.0
	14400.00000000	2.85599		2.69036  0.2  0.2		4.1705503158		-1.0
	14430.00000000	3.4542		2.72036  0.2  0.2		4.1705503158		-1.0
	14460.00000000	3.28892		2.91875  0.2  0.2		4.1705503158		-1.0
	14490.00000000	2.92986		3.0971  0.2  0.2		4.1705503158		-1.0
	14520.00000000	3.01688		-2.94239  0.2  0.2		4.1705503158		-1.0
	14550.00000000	3.74801		-2.72505  0.2  0.2		4.1705503158		-1.0
	14580.00000000	3.55562		-2.62944  0.2  0.2		4.1705503158		-1.0
	14610.00000000	2.52312		-2.66522  0.2  0.2		4.1705503158		-1.0
	14640.00000000	4.05854		-2.54131  0.2  0.2		4.1705503158		-1.0
	14670.00000000	3.79363		-2.50107  0.2  0.2		4.1705503158		-1.0
	14700.00000000	3.35127		-2.32948  0.2  0.2		4.1705503158		-1.0
	14730.00000000	3.80251		-2.16383  0.2  0.2		4.1705503158		-1.0
	14760.00000000	3.32175		-1.99522  0.2  0.2		4.1705503158		-1.0
	14790.00000000	3.55247		-2.03243  0.2  0.2		4.1705503158		-1.0
	14820.00000000	3.60745		-1.9711  0.2  0.2		4.1705503158		-1.0
	14850.00000000	3.51117		-1.78097  0.2  0.2		4.1705503158		-1.0
	14880.00000000	3.46408		-1.55669  0.2  0.2		4.1705503158		-1.0
	14910.00000000	3.51715		-1.447  0.2  0.2		4.1705503158		-1.0
	14940.00000000	3.29925		-1.57285  0.2  0.2		4.1705503158		-1.0
	14970.00000000	3.78827		-1.58785  0.2  0.2		4.1705503158		-1.0
	15000.00000000	3.31179		-1.24308  0.2  0.2		4.1705503158		-1.0
	15030.00000000	3.3185		-0.9205  0.2  0.2		4.1705503158		-1.0
	15060.00000000	3.70707		-0.84916  0.2  0.2		4.1705503158		-1.0
	15090.00000000	3.34134		-0.96475  0.2  0.2		4.1705503158		-1.0
	15120.00000000	3.66322		-1.17736  0.2  0.2		4.1705503158		-1.0
	15150.00000000	3.39665		-1.00162  0.2  0.2		4.1705503158		-1.0
	15180.00000000	3.59776		-0.89812  0.2  0.2		4.1705503158		-1.0
	15210.00000000	3.78616		-1.08814  0.2  0.2		4.1705503158		-1.0
	15240.00000000	2.97782		-1.37334  0.2  0.2		4.1705503158		-1.0
	15270.00000000	3.59439		-1.37089  0.2  0.2		4.1705503158		-1.0
	15300.00000000	4.0957		-1.43984  0.2  0.2		4.1705503158		-1.0
	15330.00000000	2.92229		-1.6241  0.2  0.2		4.1705503158		-1.0
	15360.00000000	2.87285		-1.52589  0.2  0.2		4.1705503158		-1.0
	15390.00000000	3.7269		-1.25188  0.2  0.2		4.1705503158		-1.0
	15420.00000000	4.1838		-1.02622  0.2  0.2		4.1705503158		-1.0
	15450.00000000	3.07436		-1.30459  0.2  0.2		4.1705503158		-1.0
	15480.00000000	2.88588		-1.18787  0.2  0.2		4.1705503158		-1.0
	15510.00000000	3.07023		-0.98085  0.2  0.2		4.1705503158		-1.0
	15540.00000000	3.74439		-0.8107  0.2  0.2		4.1705503158		-1.0
	15570.00000000	3.18611		-0.54819  0.2  0.2		4.1705503158		-1.0
	15600.00000000	3.26272		-0.07808  0.2  0.2		4.1705503158		-1.0
	15630.00000000	3.72115		0.3637  0.2  0.2		4.1705503158		-1.0
	15660.00000000	2.63625		0.96907  0.2  0.2		4.1705503158		-1.0
	15690.00000000	2.74546		1.30653  0.2  0.2		4.1705503158		-1.0
	15720.00000000	3.21476		1.17689  0.2  0.2		4.1705503158		-1.0
	15750.00000000	3.37392		1.16941  0.2  0.2		4.1705503158		-1.0
	15780.00000000	3.67668		1.2904  0.2  0.2		4.1705503158		-1.0
	15810.00000000	3.14832		1.45924  0.2  0.2		4.1705503158		-1.0
	15840.00000000	3.2403		1.24842  0.2  0.2		4.1705503158		-1.0
	15870.00000000	3.30698		1.04665  0.2  0.2		4.1705503158		-1.0
	15900.00000000	2.71888		0.89375  0.2  0.2		4.1705503158		-1.0
	15930.00000000	3.09866		0.7325  0.2  0.2		4.1705503158		-1.0
	15960.00000000	3.57323		0.58288  0.2  0.2		4.1705503158		-1.0
	15990.00000000	2.63405		0.5302  0.2  0.2		4.1705503158		-1.0
	16020.00000000	2.67146		0.57903  0.2  0.2		4.1705503158		-1.0
	16050.00000000	2.83528		0.623  0.2  0.2		4.1705503158		-1.0
	16080.00000000	2.96063		0.80852  0.2  0.2		4.1705503158		-1.0
	16110.00000000	3.33699		0.88565  0.2  0.2		4.1705503158		-1.0
	16140.00000000	3.50922		0.84468  0.2  0.2		4.1705503158		-1.0
	16170.00000000	3.40906		0.99598  0.2  0.2		4.1705503158		-1.0
	16200.00000000	2.91368		1.2124  0.2  0.2		4.1705503158		-1.0
	16230.00000000	2.9013		1.06423  0.2  0.2		4.1705503158		-1.0
	16260.00000000	3.20552		0.5504  0.2  0.2		4.1705503158		-1.0
	16290.00000000	3.28055		0.28238  0.2  0.2		4.1705503158		-1.0
	16320.00000000	3.58997		0.48227  0.2  0.2		4.1705503158		-1.0
	16350.00000000	2.80071		0.73628  0.2  0.2		4.1705503158		-1.0
	16380.00000000	3.06455		1.10195  0.2  0.2		4.1705503158		-1.0
	16410.00000000	2.60924		1.33329  0.2  0.2		4.1705503158		-1.0
	16440.00000000	3.58839		1.21552  0.2  0.2		4.1705503158		-1.0
	16470.00000000	3.43668		1.02279  0.2  0.2		4.1705503158		-1.0
	16500.00000000	3.65682		1.53195  0.2  0.2		4.1705503158		-1.0
	16530.00000000	3.10445		1.68619  0.2  0.2		4.1705503158		-1.0
	16560.00000000	3.42933		1.38266  0.2  0.2		4.1705503158		-1.0
	16590.00000000	3.48106		1.25961  0.2  0.2		4.1705503158		-1.0
	16620.00000000	3.17471		1.54813  0.2  0.2		4.1705503158		-1.0
	16650.00000000	3.53598		1.73548  0.2  0.2		4.1705503158		-1.0
	16680.00000000	3.36138		1.3911  0.2  0.2		4.1705503158		-1.0
	16710.00000000	3.5712		1.6823  0.2  0.2		4.1705503158		-1.0
	16740.00000000	3.12822		1.85972  0.2  0.2		4.1705503158		-1.0
	16770.00000000	3.68233		1.89342  0.2  0.2		4.1705503158		-1.0
	16800.00000000	3.39127		2.02429  0.2  0.2		4.1705503158		-1.0
	16830.00000000	3.66036		1.73659  0.2  0.2		4.1705503158		-1.0
	16860.00000000	2.94012		1.58464  0.2  0.2		4.1705503158		-1.0
	16890.00000000	2.63817		1.69236  0.2  0.2		4.1705503158		-1.0
	16920.00000000	2.58111		1.65499  0.2  0.2		4.1705503158		-1.0
	16950.00000000	2.67052		1.59774  0.2  0.2		4.1705503158		-1.0
	16980.00000000	2.69437		1.81029  0.2  0.2		4.1705503158		-1.0
	17010.00000000	2.63868		2.02562  0.2  0.2		4.1705503158		-1.0
	17040.00000000	2.65026		2.36809  0.2  0.2		4.1705503158		-1.0
	17070.00000000	2.65225		2.38484  0.2  0.2		4.1705503158		-1.0
	17100.00000000	2.71454		2.40576  0.2  0.2		4.1705503158		-1.0
	17130.00000000	2.86177		2.44082  0.2  0.2		4.1705503158		-1.0
	17160.00000000	3.43698		2.471  0.2  0.2		4.1705503158		-1.0
	17190.00000000	3.3493		2.33814  0.2  0.2		4.1705503158		-1.0
	17220.00000000	3.75408		2.31974  0.2  0.2		4.1705503158		-1.0
	17250.00000000	3.76639		2.76092  0.2  0.2		4.1705503158		-1.0
	17280.00000000	3.86194		2.97137  0.2  0.2		4.1705503158		-1.0
	17310.00000000	3.41104		2.98965  0.2  0.2		4.1705503158		-1.0
	17340.00000000	3.07798		3.08404  0.2  0.2		4.1705503158		-1.0
	17370.00000000	3.65272		2.93103  0.2  0.2		4.1705503158		-1.0
	17400.00000000	4.13026		2.86072  0.2  0.2		4.1705503158		-1.0
	17430.00000000	3.27871		2.9519  0.2  0.2		4.1705503158		-1.0
	17460.00000000	2.56631		3.01298  0.2  0.2		4.1705503158		-1.0
	17490.00000000	3.09186		3.06188  0.2  0.2		4.1705503158		-1.0
	17520.00000000	3.48906		2.7857  0.2  0.2		4.1705503158		-1.0
	17550.00000000	3.46406		2.32657  0.2  0.2		4.1705503158		-1.0
	17580.00000000	3.24074		2.11837  0.2  0.2		4.1705503158		-1.0
	17610.00000000	3.12632		2.17933  0.2  0.2		4.1705503158		-1.0
	17640.00000000	3.09641		2.14555  0.2  0.2		4.1705503158		-1.0
	17670.00000000	3.28672		2.0986  0.2  0.2		4.1705503158		-1.0
	17700.00000000	3.90282		1.80727  0.2  0.2		4.1705503158		-1.0
	17730.00000000	3.27158		1.66164  0.2  0.2		4.1705503158		-1.0
	17760.00000000	3.09541		1.58628  0.2  0.2		4.1705503158		-1.0
	17790.00000000	3.61949		1.49114  0.2  0.2		4.1705503158		-1.0
	17820.00000000	3.30294		1.09852  0.2  0.2		4.1705503158		-1.0
	17850.00000000	3.57231		0.67428  0.2  0.2		4.1705503158		-1.0
	17880.00000000	3.74218		0.73146  0.2  0.2		4.1705503158		-1.0
	17910.00000000	2.9896		0.67626  0.2  0.2		4.1705503158		-1.0
	17940.00000000	2.79497		0.3744  0.2  0.2		4.1705503158		-1.0
	17970.00000000	2.82637		0.09448  0.2  0.2		4.1705503158		-1.0
	18000.00000000	2.74769		-0.30522  0.2  0.2		4.1705503158		-1.0
	18030.00000000	2.69334		-0.1661  0.2  0.2		4.1705503158		-1.0
	18060.00000000	2.70432		0.0445  0.2  0.2		4.1705503158		-1.0
	18090.00000000	2.78025		-0.23127  0.2  0.2		4.1705503158		-1.0
	18120.00000000	2.64853		-0.66255  0.2  0.2		4.1705503158		-1.0
	18150.00000000	2.59968		-0.9715  0.2  0.2		4.1705503158		-1.0
	18180.00000000	2.67673		-0.92571  0.2  0.2		4.1705503158		-1.0
	18210.00000000	2.77389		-0.89194  0.2  0.2		4.1705503158		-1.0
	18240.00000000	2.62684		-1.13123  0.2  0.2		4.1705503158		-1.0
	18270.00000000	2.62507		-1.23447  0.2  0.2		4.1705503158		-1.0
	18300.00000000	2.87277		-0.99854  0.2  0.2		4.1705503158		-1.0
	18330.00000000	3.3493		-0.95165  0.2  0.2		4.1705503158		-1.0
	18360.00000000	2.93337		-1.10044  0.2  0.2		4.1705503158		-1.0
	18390.00000000	2.54436		-1.26219  0.2  0.2		4.1705503158		-1.0
	18420.00000000	3.20627		-1.27412  0.2  0.2		4.1705503158		-1.0
	18450.00000000	3.39428		-1.44349  0.2  0.2		4.1705503158		-1.0
	18480.00000000	3.23918		-1.74099  0.2  0.2		4.1705503158		-1.0
	18510.00000000	2.73083		-1.88637  0.2  0.2		4.1705503158		-1.0
	18540.00000000	2.72065		-1.77463  0.2  0.2		4.1705503158		-1.0
	18570.00000000	2.79943		-1.69598  0.2  0.2		4.1705503158		-1.0
	18600.00000000	2.78763		-1.91879  0.2  0.2		4.1705503158		-1.0
	18630.00000000	2.68351		-2.24897  0.2  0.2		4.1705503158		-1.0
	18660.00000000	2.83476		-2.13469  0.2  0.2		4.1705503158		-1.0
	18690.00000000	2.67701		-2.28155  0.2  0.2		4.1705503158		-1.0
	18720.00000000	2.79375		-2.69111  0.2  0.2		4.1705503158		-1.0
	18750.00000000	2.69933		-2.72516  0.2  0.2		4.1705503158		-1.0
	18780.00000000	2.64186		-2.45849  0.2  0.2		4.1705503158		-1.0
	18810.00000000	3.22134		-2.26415  0.2  0.2		4.1705503158		-1.0
	18840.00000000	3.58495		-2.5397  0.2  0.2		4.1705503158		-1.0
	18870.00000000	3.20643		-2.52992  0.2  0.2		4.1705503158		-1.0
	18900.00000000	3.11387		-2.40949  0.2  0.2		4.1705503158		-1.0
	18930.00000000	3.34123		-2.29719  0.2  0.2		4.1705503158		-1.0
	18960.00000000	3.68774		-2.33854  0.2  0.2		4.1705503158		-1.0
	18990.00000000	3.143		-2.21759  0.2  0.2		4.1705503158		-1.0
	19020.00000000	2.96629		-2.35627  0.2  0.2		4.1705503158		-1.0
	19050.00000000	2.69135		-2.38221  0.2  0.2		4.1705503158		-1.0
	19080.00000000	3.66133		-2.03723  0.2  0.2		4.1705503158		-1.0
	19110.00000000	2.47164		-1.6218  0.2  0.2		4.1705503158		-1.0
	19140.00000000	3.28218		-1.82035  0.2  0.2		4.1705503158		-1.0
	19170.00000000	3.36751		-1.98425  0.2  0.2		4.1705503158		-1.0
	19200.00000000	2.52379		-1.94484  0.2  0.2		4.1705503158		-1.0
	19230.00000000	2.6582		-1.99398  0.2  0.2		4.1705503158		-1.0
	19260.00000000	2.54703		-2.15076  0.2  0.2		4.1705503158		-1.0
	19290.00000000	3.05003		-1.96673  0.2  0.2		4.1705503158		-1.0
	19320.00000000	4.10086		-1.89057  0.2  0.2		4.1705503158		-1.0
	19350.00000000	3.56163		-1.98394  0.2  0.2		4.1705503158		-1.0
	19380.00000000	3.18677		-2.17753  0.2  0.2		4.1705503158		-1.0
	19410.00000000	3.63688		-1.92797  0.2  0.2		4.1705503158		-1.0
	19440.00000000	3.6124		-1.50527  0.2  0.2		4.1705503158		-1.0
	19470.00000000	3.86045		-1.6672  0.2  0.2		4.1705503158		-1.0
	19500.00000000	3.19538		-1.82263  0.2  0.2		4.1705503158		-1.0
	19530.00000000	3.54089		-1.70174  0.2  0.2		4.1705503158		-1.0
	19560.00000000	3.71494		-1.32945  0.2  0.2		4.1705503158		-1.0
	19590.00000000	3.80129		-1.40661  0.2  0.2		4.1705503158		-1.0
	19620.00000000	4.16702		-1.49001  0.2  0.2		4.1705503158		-1.0
	19650.00000000	3.08081		-1.17  0.2  0.2		4.1705503158		-1.0
	19680.00000000	2.77473		-0.90267  0.2  0.2		4.1705503158		-1.0
	19710.00000000	3.65447		-0.65504  0.2  0.2		4.1705503158		-1.0
	19740.00000000	3.99702		-0.45207  0.2  0.2		4.1705503158		-1.0
	19770.00000000	3.06549		-0.035  0.2  0.2		4.1705503158		-1.0
	19800.00000000	2.6943		0.41663  0.2  0.2		4.1705503158		-1.0
	19830.00000000	2.70167		0.77287  0.2  0.2		4.1705503158		-1.0
	19860.00000000	2.66273		0.98879  0.2  0.2		4.1705503158		-1.0
	19890.00000000	2.75249		1.36534  0.2  0.2		4.1705503158		-1.0
	19920.00000000	2.72895		1.23623  0.2  0.2		4.1705503158		-1.0
	19950.00000000	2.848		0.94198  0.2  0.2		4.1705503158		-1.0
	19980.00000000	3.61377		0.71741  0.2  0.2		4.1705503158		-1.0
	20010.00000000	2.73605		0.8755  0.2  0.2		4.1705503158		-1.0
	20040.00000000	3.04814		0.97402  0.2  0.2		4.1705503158		-1.0
	20070.00000000	3.86469		1.12792  0.2  0.2		4.1705503158		-1.0
	20100.00000000	3.76603		1.25354  0.2  0.2		4.1705503158		-1.0
	20130.00000000	2.8869		1.43925  0.2  0.2		4.1705503158		-1.0
	20160.00000000	2.79213		1.65791  0.2  0.2		4.1705503158		-1.0
	20190.00000000	2.80585		1.40083  0.2  0.2		4.1705503158		-1.0
	20220.00000000	3.14369		1.19957  0.2  0.2		4.1705503158		-1.0
	20250.00000000	3.9918		1.13327  0.2  0.2		4.1705503158		-1.0
	20280.00000000	3.22738		1.11365  0.2  0.2		4.1705503158		-1.0
	20310.00000000	3.70746		1.20913  0.2  0.2		4.1705503158		-1.0
	20340.00000000	3.46342		1.1381  0.2  0.2		4.1705503158		-1.0
	20370.00000000	3.67385		0.96005  0.2  0.2		4.1705503158		-1.0
	20400.00000000	3.62975		0.76346  0.2  0.2		4.1705503158		-1.0
	20430.00000000	3.15185		0.44518  0.2  0.2		4.1705503158		-1.0
	20460.00000000	3.55899		0.17524  0.2  0.2		4.1705503158		-1.0
	20490.00000000	3.49278		0.07348  0.2  0.2		4.1705503158		-1.0
	20520.00000000	3.147		-0.41209  0.2  0.2		4.1705503158		-1.0
	20550.00000000	3.41717		-0.51967  0.2  0.2		4.1705503158		-1.0
	20580.00000000	3.50707		-0.09965  0.2  0.2		4.1705503158		-1.0
	20610.00000000	3.61371		0.05634  0.2  0.2		4.1705503158		-1.0
	20640.00000000	3.13877		-0.16757  0.2  0.2		4.1705503158		-1.0
	20670.00000000	3.15837		-0.26907  0.2  0.2		4.1705503158		-1.0
	20700.00000000	3.48477		-0.05124  0.2  0.2		4.1705503158		-1.0
	20729.99999999	3.78004		-0.21417  0.2  0.2		4.1705503158		-1.0
	20759.99999999	2.60219		-0.24858  0.2  0.2		4.1705503158		-1.0
	20789.99999999	3.32986		-0.21927  0.2  0.2		4.1705503158		-1.0
	20819.99999999	3.96159		-0.23091  0.2  0.2		4.1705503158		-1.0
	20849.99999999	3.49053		-0.07729  0.2  0.2		4.1705503158		-1.0
	20879.99999999	2.75985		-0.16333  0.2  0.2		4.1705503158		-1.0
	20909.99999999	2.89873		-0.42724  0.2  0.2		4.1705503158		-1.0
	20939.99999999	2.87221		-0.85348  0.2  0.2		4.1705503158		-1.0
	20969.99999999	3.33125		-0.82623  0.2  0.2		4.1705503158		-1.0
	20999.99999999	3.24844		-0.34494  0.2  0.2		4.1705503158		-1.0
	21029.99999999	3.27282		0.27037  0.2  0.2		4.1705503158		-1.0
	21059.99999999	3.31476		0.56841  0.2  0.2		4.1705503158		-1.0
	21089.99999999	3.46718		0.66694  0.2  0.2		4.1705503158		-1.0
	21119.99999999	3.29996		0.38003  0.2  0.2		4.1705503158		-1.0
	21149.99999999	3.88331		0.37961  0.2  0.2		4.1705503158		-1.0
	21179.99999999	3.36053		0.55938  0.2  0.2		4.1705503158		-1.0
	21209.99999999	3.38457		0.62175  0.2  0.2		4.1705503158		-1.0
	21239.99999999	3.29089		0.24873  0.2  0.2		4.1705503158		-1.0
	21269.99999999	4.0673		0.02713  0.2  0.2		4.1705503158		-1.0
	21299.99999999	4.86981		-0.19938  0.2  0.2		4.1705503158		-1.0
	21329.99999999	5.9051		-0.35178  0.2  0.2		4.1705503158		-1.0
	21359.99999999	6.99907		-0.4113  0.2  0.2		4.1705503158		-1.0
	21389.99999999	7.78095		-0.09491  0.2  0.2		4.1705503158		-1.0
	21419.99999999	8.16501		0.12937  0.2  0.2		4.1705503158		-1.0
	21449.99999999	7.69697		0.26961  0.2  0.2		4.1705503158		-1.0
	21479.99999999	7.292		0.21267  0.2  0.2		4.1705503158		-1.0
	21509.99999999	7.00384		0.29228  0.2  0.2		4.1705503158		-1.0
	21539.99999999	6.6436		0.43303  0.2  0.2		4.1705503158		-1.0
	21569.99999999	6.80267		0.35279  0.2  0.2		4.1705503158		-1.0
	21599.99999999	6.52924		0.16516  0.2  0.2		4.1705503158		-1.0
	21629.99999999	6.01063		0.31638  0.2  0.2		4.1705503158		-1.0
	21659.99999999	5.82521		0.48448  0.2  0.2		4.1705503158		-1.0
	21689.99999999	6.14993		0.70473  0.2  0.2		4.1705503158		-1.0
	21719.99999999	6.66863		0.92721  0.2  0.2		4.1705503158		-1.0
	21749.99999999	7.87509		1.45397  0.2  0.2		4.1705503158		-1.0
	21779.99999999	8.25266		1.81524  0.2  0.2		4.1705503158		-1.0
	21809.99999999	8.58824		1.69411  0.2  0.2		4.1705503158		-1.0
	21839.99999999	9.05423		1.72262  0.2  0.2		4.1705503158		-1.0
	21869.99999999	9.52173		1.71375  0.2  0.2		4.1705503158		-1.0
	21899.99999999	10.62853		1.55268  0.2  0.2		4.1705503158		-1.0
	21929.99999999	11.47417		1.63849  0.2  0.2		4.1705503158		-1.0
	21959.99999999	11.57872		1.65343  0.2  0.2		4.1705503158		-1.0
	21989.99999999	11.57029		1.2495  0.2  0.2		4.1705503158		-1.0
	22019.99999999	12.10454		1.16787  0.2  0.2		4.1705503158		-1.0
	22049.99999999	13.39908		0.77852  0.2  0.2		4.1705503158		-1.0
	22079.99999999	14.40269		0.25708  0.2  0.2		4.1705503158		-1.0
	22109.99999999	15.06015		0.08147  0.2  0.2		4.1705503158		-1.0
	22139.99999999	15.8457		0.0159  0.2  0.2		4.1705503158		-1.0
	22169.99999999	16.43241		0.17395  0.2  0.2		4.1705503158		-1.0
	22199.99999999	16.68717		0.10333  0.2  0.2		4.1705503158		-1.0
	22229.99999999	17.76997		0.09366  0.2  0.2		4.1705503158		-1.0
	22259.99999999	18.65389		0.17044  0.2  0.2		4.1705503158		-1.0
	22289.99999999	19.21454		0.18789  0.2  0.2		4.1705503158		-1.0
	22319.99999999	19.54564		-0.22858  0.2  0.2		4.1705503158		-1.0
	22349.99999999	19.91411		-0.10063  0.2  0.2		4.1705503158		-1.0
	22379.99999999	19.91793		-0.29152  0.2  0.2		4.1705503158		-1.0
	22409.99999999	20.34889		-0.4247  0.2  0.2		4.1705503158		-1.0
	22439.99999999	20.89456		-0.53942  0.2  0.2		4.1705503158		-1.0
	22469.99999999	21.94422		-0.56394  0.2  0.2		4.1705503158		-1.0
	22499.99999999	22.72792		-0.66369  0.2  0.2		4.1705503158		-1.0
	22529.99999999	23.40957		-0.7655  0.2  0.2		4.1705503158		-1.0
	22559.99999999	23.90844		-0.87965  0.2  0.2		4.1705503158		-1.0
	22589.99999999	24.16559		-0.66811  0.2  0.2		4.1705503158		-1.0
	22619.99999999	24.08392		-0.56431  0.2  0.2		4.1705503158		-1.0
	22649.99999999	23.43238		-0.47733  0.2  0.2		4.1705503158		-1.0
	22679.99999999	22.62233		-0.07718  0.2  0.2		4.1705503158		-1.0
	22709.99999999	22.16437		0.39046  0.2  0.2		4.1705503158		-1.0
	22739.99999999	21.97831		0.65382  0.2  0.2		4.1705503158		-1.0
	22769.99999999	21.67621		0.77798  0.2  0.2		4.1705503158		-1.0
	22799.99999999	20.76234		0.68548  0.2  0.2		4.1705503158		-1.0
	22829.99999999	20.16249		0.53136  0.2  0.2		4.1705503158		-1.0
	22859.99999999	19.36517		0.44096  0.2  0.2		4.1705503158		-1.0
	22889.99999999	18.52087		0.02686  0.2  0.2		4.1705503158		-1.0
	22919.99999999	18.1164		0.01086  0.2  0.2		4.1705503158		-1.0
	22949.99999999	18.0652		0.00626  0.2  0.2		4.1705503158		-1.0
	22979.99999999	18.40883		-0.31658  0.2  0.2		4.1705503158		-1.0
	23009.99999999	18.85714		-0.27338  0.2  0.2		4.1705503158		-1.0
	23039.99999999	19.23939		-0.19697  0.2  0.2		4.1705503158		-1.0
	23069.99999999	19.64501		-0.02304  0.2  0.2		4.1705503158		-1.0
	23099.99999999	20.2107		0.10758  0.2  0.2		4.1705503158		-1.0
	23129.99999999	21.19814		0.33319  0.2  0.2		4.1705503158		-1.0
	23159.99999999	22.00135		0.5563  0.2  0.2		4.1705503158		-1.0
	23189.99999999	22.87602		0.39258  0.2  0.2		4.1705503158		-1.0
	23219.99999999	23.72038		0.12426  0.2  0.2		4.1705503158		-1.0
	23249.99999999	24.17469		0.23991  0.2  0.2		4.1705503158		-1.0
	23279.99999999	24.95794		0.13184  0.2  0.2		4.1705503158		-1.0
	23309.99999999	25.50765		0.22135  0.2  0.2		4.1705503158		-1.0
	23339.99999999	26.03555		0.21621  0.2  0.2		4.1705503158		-1.0
	23369.99999999	26.77117		0.06413  0.2  0.2		4.1705503158		-1.0
	23399.99999999	27.10061		0.02029  0.2  0.2		4.1705503158		-1.0
	23429.99999999	27.54743		-0.11188  0.2  0.2		4.1705503158		-1.0
	23459.99999999	28.121		-0.26949  0.2  0.2		4.1705503158		-1.0
	23489.99999999	28.61448		-0.32075  0.2  0.2		4.1705503158		-1.0
	23519.99999999	29.05888		-0.3189  0.2  0.2		4.1705503158		-1.0
	23549.99999999	29.0301		-0.15814  0.2  0.2		4.1705503158		-1.0
	23579.99999999	29.55243		-0.07378  0.2  0.2		4.1705503158		-1.0
	23609.99999999	29.92828		-0.11956  0.2  0.2		4.1705503158		-1.0
	23639.99999999	30.2772		-0.22044  0.2  0.2		4.1705503158		-1.0
	23669.99999999	30.71259		-0.12579  0.2  0.2		4.1705503158		-1.0
	23699.99999999	30.76696		0.16394  0.2  0.2		4.1705503158		-1.0
	23729.99999999	31.11936		-0.21697  0.2  0.2		4.1705503158		-1.0
	23759.99999999	30.91693		-0.09033  0.2  0.2		4.1705503158		-1.0
	23789.99999999	31.51106		-0.32076  0.2  0.2		4.1705503158		-1.0
	23819.99999999	31.56908		-0.65816  0.2  0.2		4.1705503158		-1.0
	23849.99999999	31.74801		-0.65093  0.2  0.2		4.1705503158		-1.0
	23879.99999999	32.21312		-0.83395  0.2  0.2		4.1705503158		-1.0
	23909.99999999	32.53105		-0.86079  0.2  0.2		4.1705503158		-1.0
	23939.99999999	33.23931		-1.17869  0.2  0.2		4.1705503158		-1.0
	23969.99999999	33.34018		-1.29546  0.2  0.2		4.1705503158		-1.0
	23999.99999999	34.09451		-1.5058  0.2  0.2		4.1705503158		-1.0
	24029.99999999	34.27552		-2.02829  0.2  0.2		4.1705503158		-1.0
	24059.99999999	34.43961		-2.41343  0.2  0.2		4.1705503158		-1.0
	24089.99999999	34.88616		-2.94986  0.2  0.2		4.1705503158		-1.0
	24119.99999999	34.76554		-2.50293  0.2  0.2		4.1705503158		-1.0
	24149.99999999	34.8785		-2.78415  0.2  0.2		4.1705503158		-1.0
	24179.99999999	34.97469		-1.86098  0.2  0.2		4.1705503158		-1.0
	24209.99999999	35.0099		-1.2363  0.2  0.2		4.1705503158		-1.0
	24239.99999999	34.9753		-1.68407  0.2  0.2		4.1705503158		-1.0
	24269.99999999	35.22446		-2.28084  0.2  0.2		4.1705503158		-1.0
	24299.99999999	34.81247		-2.14676  0.2  0.2		4.1705503158		-1.0
	24329.99999999	34.9281		-1.75987  0.2  0.2		4.1705503158		-1.0
	24359.99999999	34.88993		-1.29343  0.2  0.2		4.1705503158		-1.0
	24389.99999999	34.88756		-0.38465  0.2  0.2		4.1705503158		-1.0
	24419.99999999	34.83181		-0.82783  0.2  0.2		4.1705503158		-1.0
	24449.99999999	34.32932		-0.45169  0.2  0.2		4.1705503158		-1.0
	24479.99999999	33.8511		0.02514  0.2  0.2		4.1705503158		-1.0
	24509.99999999	33.48607		0.21279  0.2  0.2		4.1705503158		-1.0
	24539.99999999	33.34704		0.4117  0.2  0.2		4.1705503158		-1.0
	24569.99999999	32.91269		0.24871  0.2  0.2		4.1705503158		-1.0
	24599.99999999	32.58467		-1.07272  0.2  0.2		4.1705503158		-1.0
	24629.99999999	32.56653		-0.66353  0.2  0.2		4.1705503158		-1.0
	24659.99999999	31.75761		0.13616  0.2  0.2		4.1705503158		-1.0
	24689.99999999	31.48603		-0.5575  0.2  0.2		4.1705503158		-1.0
	24719.99999999	31.02969		0.17086  0.2  0.2		4.1705503158		-1.0
	24749.99999999	31.26083		0.29768  0.2  0.2		4.1705503158		-1.0
	24779.99999999	31.93525		0.70563  0.2  0.2		4.1705503158		-1.0
	24809.99999999	31.73426		1.10333  0.2  0.2		4.1705503158		-1.0
	24839.99999999	32.49107		1.07981  0.2  0.2		4.1705503158		-1.0
	24869.99999999	32.78773		1.82593  0.2  0.2		4.1705503158		-1.0
	24899.99999999	32.58984		1.98043  0.2  0.2		4.1705503158		-1.0
	24929.99999999	33.37698		1.81735  0.2  0.2		4.1705503158		-1.0
	24959.99999999	33.45803		1.23688  0.2  0.2		4.1705503158		-1.0
	24989.99999999	33.67403		0.96844  0.2  0.2		4.1705503158		-1.0
	25019.99999999	33.63822		0.85592  0.2  0.2		4.1705503158		-1.0
	25049.99999999	33.06596		0.89886  0.2  0.2		4.1705503158		-1.0
	25079.99999999	32.7662		0.49983  0.2  0.2		4.1705503158		-1.0
	25109.99999999	32.3817		-0.04785  0.2  0.2		4.1705503158		-1.0
	25139.99999999	32.0646		0.23267  0.2  0.2		4.1705503158		-1.0
	25169.99999999	32.00661		-0.28655  0.2  0.2		4.1705503158		-1.0
	25199.99999999	31.89372		-0.42092  0.2  0.2		4.1705503158		-1.0
	25229.99999999	31.60401		-0.07455  0.2  0.2		4.1705503158		-1.0
	25259.99999999	31.7068		0.0199  0.2  0.2		4.1705503158		-1.0
	25289.99999999	31.75741		-0.27904  0.2  0.2		4.1705503158		-1.0
	25319.99999999	31.93989		0.06718  0.2  0.2		4.1705503158		-1.0
	25349.99999999	32.46193		-0.32697  0.2  0.2		4.1705503158		-1.0
	25379.99999999	33.29058		-0.35213  0.2  0.2		4.1705503158		-1.0
	25409.99999999	33.81947		-0.10298  0.2  0.2		4.1705503158		-1.0
	25439.99999999	34.05796		-0.98091  0.2  0.2		4.1705503158		-1.0
	25469.99999999	34.20506		-0.47235  0.2  0.2		4.1705503158		-1.0
	25499.99999999	33.92997		-1.23174  0.2  0.2		4.1705503158		-1.0
	25529.99999999	33.34068		-1.02738  0.2  0.2		4.1705503158		-1.0
	25559.99999999	32.58532		0.08166  0.2  0.2		4.1705503158		-1.0
	25589.99999999	32.16296		0.07279  0.2  0.2		4.1705503158		-1.0
	25619.99999999	31.40665		0.23432  0.2  0.2		4.1705503158		-1.0
	25649.99999999	31.37835		0.74574  0.2  0.2		4.1705503158		-1.0
	25679.99999999	31.099		0.44877  0.2  0.2		4.1705503158		-1.0
	25709.99999999	30.35112		0.07329  0.2  0.2		4.1705503158		-1.0
	25739.99999999	29.50222		-0.00634  0.2  0.2		4.1705503158		-1.0
	25769.99999999	28.55938		-0.45079  0.2  0.2		4.1705503158		-1.0
	25799.99999999	27.89756		-0.70456  0.2  0.2		4.1705503158		-1.0
	25829.99999999	26.49047		-0.37901  0.2  0.2		4.1705503158		-1.0
	25859.99999999	25.64922		-0.2498  0.2  0.2		4.1705503158		-1.0
	25889.99999999	25.16063		0.02769  0.2  0.2		4.1705503158		-1.0
	25919.99999999	24.89061		0.1394  0.2  0.2		4.1705503158		-1.0
	25949.99999999	24.17149		0.50202  0.2  0.2		4.1705503158		-1.0
	25979.99999999	23.05147		0.72866  0.2  0.2		4.1705503158		-1.0
	26009.99999999	22.03336		0.4724  0.2  0.2		4.1705503158		-1.0
	26039.99999999	21.3881		0.19816  0.2  0.2		4.1705503158		-1.0
	26069.99999999	20.70262		-0.06404  0.2  0.2		4.1705503158		-1.0
	26099.99999999	20.32295		-0.54784  0.2  0.2		4.1705503158		-1.0
	26129.99999999	19.78742		-0.73321  0.2  0.2		4.1705503158		-1.0
	26159.99999999	19.74184		-0.41439  0.2  0.2		4.1705503158		-1.0
	26189.99999999	19.39472		-0.08434  0.2  0.2		4.1705503158		-1.0
	26219.99999999	18.61024		-0.01336  0.2  0.2		4.1705503158		-1.0
	26249.99999999	18.04949		0.0868  0.2  0.2		4.1705503158		-1.0
	26279.99999999	18.268		0.17326  0.2  0.2		4.1705503158		-1.0
	26309.99999999	18.54338		0.17711  0.2  0.2		4.1705503158		-1.0
	26339.99999999	18.77361		0.20626  0.2  0.2		4.1705503158		-1.0
	26369.99999999	19.24179		0.32811  0.2  0.2		4.1705503158		-1.0
	26399.99999999	18.83054		0.30036  0.2  0.2		4.1705503158		-1.0
	26429.99999999	19.00776		0.28227  0.2  0.2		4.1705503158		-1.0
	26459.99999999	19.46637		0.70613  0.2  0.2		4.1705503158		-1.0
	26489.99999999	19.19861		0.91751  0.2  0.2		4.1705503158		-1.0
	26519.99999999	18.52737		0.82022  0.2  0.2		4.1705503158		-1.0
	26549.99999999	17.30571		0.90423  0.2  0.2		4.1705503158		-1.0
	26579.99999999	16.01097		0.94784  0.2  0.2		4.1705503158		-1.0
	26609.99999999	14.7524		0.84969  0.2  0.2		4.1705503158		-1.0
	26639.99999999	14.286		0.69241  0.2  0.2		4.1705503158		-1.0
	26669.99999999	13.74028		0.68964  0.2  0.2		4.1705503158		-1.0
	26699.99999999	14.05766		0.8636  0.2  0.2		4.1705503158		-1.0
	26729.99999999	14.65209		0.81251  0.2  0.2		4.1705503158		-1.0
	26759.99999999	15.62026		0.59076  0.2  0.2		4.1705503158		-1.0
	26789.99999999	16.43355		0.48844  0.2  0.2		4.1705503158		-1.0
	26819.99999999	17.08526		0.63527  0.2  0.2		4.1705503158		-1.0
	26849.99999999	17.60858		0.57312  0.2  0.2		4.1705503158		-1.0
	26879.99999999	18.33702		0.48105  0.2  0.2		4.1705503158		-1.0
	26909.99999999	18.68451		0.64175  0.2  0.2		4.1705503158		-1.0
	26939.99999999	19.2902		0.73336  0.2  0.2		4.1705503158		-1.0
	26969.99999999	20.27351		0.97935  0.2  0.2		4.1705503158		-1.0
	26999.99999999	21.39138		0.95077  0.2  0.2		4.1705503158		-1.0
	27029.99999999	22.22449		0.90716  0.2  0.2		4.1705503158		-1.0
	27059.99999999	23.03367		0.98176  0.2  0.2		4.1705503158		-1.0
	27089.99999999	23.56074		0.78209  0.2  0.2		4.1705503158		-1.0
	27119.99999999	23.75289		1.22318  0.2  0.2		4.1705503158		-1.0
	27149.99999999	23.41996		0.06947  0.2  0.2		4.1705503158		-1.0
	27179.99999999	23.19519		-0.25384  0.2  0.2		4.1705503158		-1.0
	27209.99999999	22.3965		0.28154  0.2  0.2		4.1705503158		-1.0
	27239.99999998	22.18691		0.76234  0.2  0.2		4.1705503158		-1.0
	27269.99999998	21.82141		1.01634  0.2  0.2		4.1705503158		-1.0
	27299.99999998	21.85065		0.98536  0.2  0.2		4.1705503158		-1.0
	27329.99999998	21.70163		1.3129  0.2  0.2		4.1705503158		-1.0
	27359.99999998	21.54169		1.34204  0.2  0.2		4.1705503158		-1.0
	27389.99999998	21.31903		1.37935  0.2  0.2		4.1705503158		-1.0
	27419.99999998	21.00132		1.01926  0.2  0.2		4.1705503158		-1.0
	27449.99999998	20.57621		0.74134  0.2  0.2		4.1705503158		-1.0
	27479.99999998	20.08715		0.18718  0.2  0.2		4.1705503158		-1.0
	27509.99999998	19.48475		0.10778  0.2  0.2		4.1705503158		-1.0
	27539.99999998	19.21199		0.16337  0.2  0.2		4.1705503158		-1.0
	27569.99999998	18.66151		0.62251  0.2  0.2		4.1705503158		-1.0
	27599.99999998	17.93232		0.58016  0.2  0.2		4.1705503158		-1.0
	27629.99999998	17.65034		0.954  0.2  0.2		4.1705503158		-1.0
	27659.99999998	17.30619		0.91322  0.2  0.2		4.1705503158		-1.0
	27689.99999998	16.60599		0.43882  0.2  0.2		4.1705503158		-1.0
	27719.99999998	16.23609		0.29068  0.2  0.2		4.1705503158		-1.0
	27749.99999998	15.35806		0.51595  0.2  0.2		4.1705503158		-1.0
	27779.99999998	14.63311		0.3659  0.2  0.2		4.1705503158		-1.0
	27809.99999998	14.46556		0.41827  0.2  0.2		4.1705503158		-1.0
	27839.99999998	13.98412		-0.15465  0.2  0.2		4.1705503158		-1.0
	27869.99999998	13.38712		-0.42961  0.2  0.2		4.1705503158		-1.0
	27899.99999998	13.32271		0.49781  0.2  0.2		4.1705503158		-1.0
	27929.99999998	12.55513		0.83907  0.2  0.2		4.1705503158		-1.0
	27959.99999998	12.34569		1.22234  0.2  0.2		4.1705503158		-1.0
	27989.99999998	12.41373		0.91511  0.2  0.2		4.1705503158		-1.0
	28019.99999998	12.10936		0.21898  0.2  0.2		4.1705503158		-1.0
	28049.99999998	11.94514		-0.84748  0.2  0.2		4.1705503158		-1.0
	28079.99999998	12.20821		-0.14676  0.2  0.2		4.1705503158		-1.0
	28109.99999998	12.8525		0.56692  0.2  0.2		4.1705503158		-1.0
	28139.99999998	13.47648		0.84455  0.2  0.2		4.1705503158		-1.0
	28169.99999998	14.26514		0.69618  0.2  0.2		4.1705503158		-1.0
	28199.99999998	15.08948		0.69771  0.2  0.2		4.1705503158		-1.0
	28229.99999998	15.88411		0.98164  0.2  0.2		4.1705503158		-1.0
	28259.99999998	16.64466		1.01608  0.2  0.2		4.1705503158		-1.0
	28289.99999998	17.13063		1.04065  0.2  0.2		4.1705503158		-1.0
	28319.99999998	16.94885		1.04525  0.2  0.2		4.1705503158		-1.0
	28349.99999998	16.33479		0.99464  0.2  0.2		4.1705503158		-1.0
	28379.99999998	15.87501		0.66388  0.2  0.2		4.1705503158		-1.0
	28409.99999998	15.63215		0.60229  0.2  0.2		4.1705503158		-1.0
	28439.99999998	15.62662		0.77506  0.2  0.2		4.1705503158		-1.0
	28469.99999998	15.53122		1.15327  0.2  0.2		4.1705503158		-1.0
	28499.99999998	15.58611		1.23787  0.2  0.2		4.1705503158		-1.0
	28529.99999998	15.60255		1.28754  0.2  0.2		4.1705503158		-1.0
	28559.99999998	15.27223		1.61709  0.2  0.2		4.1705503158		-1.0
	28589.99999998	14.67714		1.84812  0.2  0.2		4.1705503158		-1.0
	28619.99999998	13.86388		1.70598  0.2  0.2		4.1705503158		-1.0
	28649.99999998	13.20565		1.16912  0.2  0.2		4.1705503158		-1.0
	28679.99999998	12.98798		0.58734  0.2  0.2		4.1705503158		-1.0
	28709.99999998	12.60508		0.18358  0.2  0.2		4.1705503158		-1.0
	28739.99999998	12.53		0.09375  0.2  0.2		4.1705503158		-1.0
	28769.99999998	12.10565		0.40982  0.2  0.2		4.1705503158		-1.0
	28799.99999998	12.17726		0.23474  0.2  0.2		4.1705503158		-1.0
	28829.99999998	12.2696		0.94406  0.2  0.2		4.1705503158		-1.0
	28859.99999998	12.46107		0.83477  0.2  0.2		4.1705503158		-1.0
	28889.99999998	12.88969		-0.2578  0.2  0.2		4.1705503158		-1.0
	28919.99999998	13.72521		-0.60563  0.2  0.2		4.1705503158		-1.0
	28949.99999998	14.9906		-0.7074  0.2  0.2		4.1705503158		-1.0
	28979.99999998	16.245		-0.90774  0.2  0.2		4.1705503158		-1.0
	29009.99999998	17.29424		-0.88719  0.2  0.2		4.1705503158		-1.0
	29039.99999998	18.53843		-0.49794  0.2  0.2		4.1705503158		-1.0
	29069.99999998	19.38036		-0.35471  0.2  0.2		4.1705503158		-1.0
	29099.99999998	20.00131		-0.2925  0.2  0.2		4.1705503158		-1.0
	29129.99999998	20.63744		-0.29877  0.2  0.2		4.1705503158		-1.0
	29159.99999998	21.12954		-0.34489  0.2  0.2		4.1705503158		-1.0
	29189.99999998	22.09167		-0.19109  0.2  0.2		4.1705503158		-1.0
	29219.99999998	22.99574		-0.38304  0.2  0.2		4.1705503158		-1.0
	29249.99999998	23.88928		-0.57467  0.2  0.2		4.1705503158		-1.0
	29279.99999998	24.60715		-0.33953  0.2  0.2		4.1705503158		-1.0
	29309.99999998	25.33022		-0.37079  0.2  0.2		4.1705503158		-1.0
	29339.99999998	26.11607		-0.4755  0.2  0.2		4.1705503158		-1.0
	29369.99999998	26.93452		-0.8478  0.2  0.2		4.1705503158		-1.0
	29399.99999998	27.08662		-0.98536  0.2  0.2		4.1705503158		-1.0
	29429.99999998	27.35619		-0.97312  0.2  0.2		4.1705503158		-1.0
	29459.99999998	27.69134		-0.54064  0.2  0.2		4.1705503158		-1.0
	29489.99999998	27.9321		-0.49868  0.2  0.2		4.1705503158		-1.0
	29519.99999998	28.49532		-0.67971  0.2  0.2		4.1705503158		-1.0
	29549.99999998	28.85776		-1.26116  0.2  0.2		4.1705503158		-1.0
	29579.99999998	28.63335		-1.56988  0.2  0.2		4.1705503158		-1.0
	29609.99999998	28.80784		-1.6784  0.2  0.2		4.1705503158		-1.0
	29639.99999998	29.22927		-1.16207  0.2  0.2		4.1705503158		-1.0
	29669.99999998	29.50709		-0.65197  0.2  0.2		4.1705503158		-1.0
	29699.99999998	29.60523		-0.3252  0.2  0.2		4.1705503158		-1.0
	29729.99999998	29.44731		-0.01635  0.2  0.2		4.1705503158		-1.0
	29759.99999998	28.94347		-0.56411  0.2  0.2		4.1705503158		-1.0
	29789.99999998	28.72322		-0.96597  0.2  0.2		4.1705503158		-1.0
	29819.99999998	28.05944		-1.15854  0.2  0.2		4.1705503158		-1.0
	29849.99999998	27.30812		-1.20264  0.2  0.2		4.1705503158		-1.0
	29879.99999998	27.02526		-0.98831  0.2  0.2		4.1705503158		-1.0
	29909.99999998	26.48085		-1.13619  0.2  0.2		4.1705503158		-1.0
	29939.99999998	25.8315		-1.32754  0.2  0.2		4.1705503158		-1.0
	29969.99999998	24.96809		-1.1538  0.2  0.2		4.1705503158		-1.0
	29999.99999998	24.64584		-1.11772  0.2  0.2		4.1705503158		-1.0
	30029.99999998	24.1282		-1.09381  0.2  0.2		4.1705503158		-1.0
	30059.99999998	24.30853		-1.14578  0.2  0.2		4.1705503158		-1.0
	30089.99999998	24.49755		-1.20863  0.2  0.2		4.1705503158		-1.0
	30119.99999998	23.83534		-0.75932  0.2  0.2		4.1705503158		-1.0
	30149.99999998	23.71615		-0.38418  0.2  0.2		4.1705503158		-1.0
	30179.99999998	24.03934		-0.43135  0.2  0.2		4.1705503158		-1.0
	30209.99999998	24.48958		-0.73394  0.2  0.2		4.1705503158		-1.0
	30239.99999998	24.52986		-0.34495  0.2  0.2		4.1705503158		-1.0
	30269.99999998	24.75413		-0.27403  0.2  0.2		4.1705503158		-1.0
	30299.99999998	24.95682		-0.29293  0.2  0.2		4.1705503158		-1.0
	30329.99999998	25.11102		-0.39714  0.2  0.2		4.1705503158		-1.0
	30359.99999998	25.17073		-0.45386  0.2  0.2		4.1705503158		-1.0
	30389.99999998	25.30438		-1.46808  0.2  0.2		4.1705503158		-1.0
	30419.99999998	25.84774		-2.68289  0.2  0.2		4.1705503158		-1.0
	30449.99999998	26.41322		-2.47561  0.2  0.2		4.1705503158		-1.0
	30479.99999998	26.98439		-1.59701  0.2  0.2		4.1705503158		-1.0
	30509.99999998	27.77873		-2.25086  0.2  0.2		4.1705503158		-1.0
	30539.99999998	28.7727		2.47797  0.2  0.2		4.1705503158		-1.0
	30569.99999998	29.38219		2.02437  0.2  0.2		4.1705503158		-1.0
	30599.99999998	30.0861		1.59879  0.2  0.2		4.1705503158		-1.0
	30629.99999998	30.49293		1.13693  0.2  0.2		4.1705503158		-1.0
	30659.99999998	30.68509		1.89389  0.2  0.2		4.1705503158		-1.0
	30689.99999998	30.88953		2.10584  0.2  0.2		4.1705503158		-1.0
	30719.99999998	30.48368		1.74824  0.2  0.2		4.1705503158		-1.0
	30749.99999998	30.05194		1.4032  0.2  0.2		4.1705503158		-1.0
	30779.99999998	30.11525		1.11441  0.2  0.2		4.1705503158		-1.0
	30809.99999998	29.92659		0.50417  0.2  0.2		4.1705503158		-1.0
	30839.99999998	30.09958		0.21089  0.2  0.2		4.1705503158		-1.0
	30869.99999998	30.7324		1.37642  0.2  0.2		4.1705503158		-1.0
	30899.99999998	30.84527		1.04261  0.2  0.2		4.1705503158		-1.0
	30929.99999998	31.47727		1.22192  0.2  0.2		4.1705503158		-1.0
	30959.99999998	31.72436		2.17138  0.2  0.2		4.1705503158		-1.0
	30989.99999998	31.61104		2.98029  0.2  0.2		4.1705503158		-1.0
	31019.99999998	31.56474		2.919  0.2  0.2		4.1705503158		-1.0
	31049.99999998	31.66902		3.06332  0.2  0.2		4.1705503158		-1.0
	31079.99999998	31.99842		-3.07212  0.2  0.2		4.1705503158		-1.0
	31109.99999998	32.0479		2.55539  0.2  0.2		4.1705503158		-1.0
	31139.99999998	32.20158		1.54302  0.2  0.2		4.1705503158		-1.0
	31169.99999998	33.17967		0.73407  0.2  0.2		4.1705503158		-1.0
	31199.99999998	33.98402		0.67921  0.2  0.2		4.1705503158		-1.0
	31229.99999998	34.38768		1.20511  0.2  0.2		4.1705503158		-1.0
	31259.99999998	34.98292		2.11285  0.2  0.2		4.1705503158		-1.0
	31289.99999998	35.36734		2.55967  0.2  0.2		4.1705503158		-1.0
	31319.99999998	34.94784		2.84698  0.2  0.2		4.1705503158		-1.0
	31349.99999998	34.25381		3.11574  0.2  0.2		4.1705503158		-1.0
	31379.99999998	33.74426		-3.05612  0.2  0.2		4.1705503158		-1.0
	31409.99999998	32.75213		3.03316  0.2  0.2		4.1705503158		-1.0
	31439.99999998	31.97559		2.73199  0.2  0.2		4.1705503158		-1.0
	31469.99999998	31.99914		2.72607  0.2  0.2		4.1705503158		-1.0
	31499.99999998	32.5199		2.65526  0.2  0.2		4.1705503158		-1.0
	31529.99999998	32.90177		1.87109  0.2  0.2		4.1705503158		-1.0
	31559.99999998	33.19476		1.73085  0.2  0.2		4.1705503158		-1.0
	31589.99999998	33.47423		2.37845  0.2  0.2		4.1705503158		-1.0
	31619.99999998	32.95223		2.56777  0.2  0.2		4.1705503158		-1.0
	31649.99999998	32.44488		2.8761  0.2  0.2		4.1705503158		-1.0
	31679.99999998	32.51233		2.95316  0.2  0.2		4.1705503158		-1.0
	31709.99999998	32.51363		-3.10358  0.2  0.2		4.1705503158		-1.0
	31739.99999998	32.96167		-2.99206  0.2  0.2		4.1705503158		-1.0
	31769.99999998	33.41707		-2.91281  0.2  0.2		4.1705503158		-1.0
	31799.99999998	33.18337		-2.81852  0.2  0.2		4.1705503158		-1.0
	31829.99999998	33.1015		-2.70452  0.2  0.2		4.1705503158		-1.0
	31859.99999998	32.89324		-2.46971  0.2  0.2		4.1705503158		-1.0
	31889.99999998	32.35396		-2.29011  0.2  0.2		4.1705503158		-1.0
	31919.99999998	32.77183		-2.19324  0.2  0.2		4.1705503158		-1.0
	31949.99999998	33.23034		-2.16198  0.2  0.2		4.1705503158		-1.0
	31979.99999998	34.03151		-2.09369  0.2  0.2		4.1705503158		-1.0
	32009.99999998	34.64541		-2.09019  0.2  0.2		4.1705503158		-1.0
	32039.99999998	34.29367		-2.22664  0.2  0.2		4.1705503158		-1.0
	32069.99999998	33.98559		-1.8864  0.2  0.2		4.1705503158		-1.0
	32099.99999998	33.22817		-1.95429  0.2  0.2		4.1705503158		-1.0
	32129.99999998	32.30119		-1.92826  0.2  0.2		4.1705503158		-1.0
	32159.99999998	31.79853		-1.7826  0.2  0.2		4.1705503158		-1.0
	32189.99999998	30.95577		-0.57074  0.2  0.2		4.1705503158		-1.0
	32219.99999998	30.08518		-1.27367  0.2  0.2		4.1705503158		-1.0
	32249.99999998	29.90972		-2.57262  0.2  0.2		4.1705503158		-1.0
	32279.99999998	29.48053		-2.7285  0.2  0.2		4.1705503158		-1.0
	32309.99999998	29.09185		-2.64171  0.2  0.2		4.1705503158		-1.0
	32339.99999998	29.04673		-2.08535  0.2  0.2		4.1705503158		-1.0
	32369.99999998	28.76061		-0.95962  0.2  0.2		4.1705503158		-1.0
	32399.99999998	28.32075		-0.2622  0.2  0.2		4.1705503158		-1.0
	32429.99999998	27.69507		0.09187  0.2  0.2		4.1705503158		-1.0
	32459.99999998	27.64756		-0.51691  0.2  0.2		4.1705503158		-1.0
	32489.99999998	28.07453		-1.78445  0.2  0.2		4.1705503158		-1.0
	32519.99999998	27.32412		-2.31241  0.2  0.2		4.1705503158		-1.0
	32549.99999998	26.72038		-2.69353  0.2  0.2		4.1705503158		-1.0
	32579.99999998	26.31224		-2.08398  0.2  0.2		4.1705503158		-1.0
	32609.99999998	26.02896		-1.05097  0.2  0.2		4.1705503158		-1.0
	32639.99999998	25.61319		-0.366  0.2  0.2		4.1705503158		-1.0
	32669.99999998	25.86427		0.14186  0.2  0.2		4.1705503158		-1.0
	32699.99999998	25.91354		-0.06512  0.2  0.2		4.1705503158		-1.0
	32729.99999998	26.51597		-0.41167  0.2  0.2		4.1705503158		-1.0
	32759.99999998	26.87066		-0.38341  0.2  0.2		4.1705503158		-1.0
	32789.99999998	27.28064		-0.37977  0.2  0.2		4.1705503158		-1.0
	32819.99999998	27.41344		-0.67923  0.2  0.2		4.1705503158		-1.0
	32849.99999998	26.73124		-0.52812  0.2  0.2		4.1705503158		-1.0
	32879.99999998	26.04244		-0.87012  0.2  0.2		4.1705503158		-1.0
	32909.99999998	25.35618		-1.00904  0.2  0.2		4.1705503158		-1.0
	32939.99999998	24.76926		-0.62977  0.2  0.2		4.1705503158		-1.0
	32969.99999998	24.32299		-0.54388  0.2  0.2		4.1705503158		-1.0
	32999.99999998	23.8028		-0.32086  0.2  0.2		4.1705503158		-1.0
	33029.99999998	23.43384		-0.24833  0.2  0.2		4.1705503158		-1.0
	33059.99999998	23.00047		-0.42555  0.2  0.2		4.1705503158		-1.0
	33089.99999998	22.32368		-0.4322  0.2  0.2		4.1705503158		-1.0
	33119.99999998	21.62802		-0.54192  0.2  0.2		4.1705503158		-1.0
	33149.99999998	20.70711		-0.8699  0.2  0.2		4.1705503158		-1.0
	33179.99999998	20.22076		-1.43496  0.2  0.2		4.1705503158		-1.0
	33209.99999998	19.77796		-1.5698  0.2  0.2		4.1705503158		-1.0
	33239.99999998	19.09235		-1.40919  0.2  0.2		4.1705503158		-1.0
	33269.99999998	18.23755		-0.93792  0.2  0.2		4.1705503158		-1.0
	33299.99999998	17.32496		-0.54842  0.2  0.2		4.1705503158		-1.0
	33329.99999998	16.86297		0.18463  0.2  0.2		4.1705503158		-1.0
	33359.99999998	17.23835		0.26744  0.2  0.2		4.1705503158		-1.0
	33389.99999998	17.29336		0.13519  0.2  0.2		4.1705503158		-1.0
	33419.99999998	17.42111		-0.31281  0.2  0.2		4.1705503158		-1.0
	33449.99999998	17.76159		-0.64279  0.2  0.2		4.1705503158		-1.0
	33479.99999998	18.17633		-1.03306  0.2  0.2		4.1705503158		-1.0
	33509.99999998	18.32045		-1.47866  0.2  0.2		4.1705503158		-1.0
	33539.99999998	18.80359		-1.48398  0.2  0.2		4.1705503158		-1.0
	33569.99999998	19.32616		-1.75471  0.2  0.2		4.1705503158		-1.0
	33599.99999998	19.88361		-1.96396  0.2  0.2		4.1705503158		-1.0
	33629.99999998	20.68916		-2.01814  0.2  0.2		4.1705503158		-1.0
	33659.99999998	21.52285		-1.94469  0.2  0.2		4.1705503158		-1.0
	33689.99999998	21.78421		-1.71374  0.2  0.2		4.1705503158		-1.0
	33719.99999997	22.15978		-1.16007  0.2  0.2		4.1705503158		-1.0
	33749.99999997	22.54557		-0.68871  0.2  0.2		4.1705503158		-1.0
	33779.99999997	22.42745		0.02448  0.2  0.2		4.1705503158		-1.0
	33809.99999997	22.84954		0.42446  0.2  0.2		4.1705503158		-1.0
	33839.99999997	22.96874		0.3115  0.2  0.2		4.1705503158		-1.0
	33869.99999997	23.25063		-0.14122  0.2  0.2		4.1705503158		-1.0
	33899.99999997	23.63876		-0.03761  0.2  0.2		4.1705503158		-1.0
	33929.99999997	24.25381		0.07618  0.2  0.2		4.1705503158		-1.0
	33959.99999997	24.81379		0.50732  0.2  0.2		4.1705503158		-1.0
	33989.99999997	25.31095		0.49477  0.2  0.2		4.1705503158		-1.0
	34019.99999997	25.87266		-0.85253  0.2  0.2		4.1705503158		-1.0
	34049.99999997	26.10561		-0.60937  0.2  0.2		4.1705503158		-1.0
	34079.99999997	26.42405		-0.65814  0.2  0.2		4.1705503158		-1.0
	34109.99999997	26.75485		-1.36722  0.2  0.2		4.1705503158		-1.0
	34139.99999997	26.72429		-1.62159  0.2  0.2		4.1705503158		-1.0
	34169.99999997	26.84949		-1.4702  0.2  0.2		4.1705503158		-1.0
	34199.99999997	27.83089		-1.37171  0.2  0.2		4.1705503158		-1.0
	34229.99999997	28.51998		-1.19546  0.2  0.2		4.1705503158		-1.0
	34259.99999997	28.44857		-1.23679  0.2  0.2		4.1705503158		-1.0
	34289.99999997	28.66115		-1.27855  0.2  0.2		4.1705503158		-1.0
	34319.99999997	29.31556		-1.23847  0.2  0.2		4.1705503158		-1.0
	34349.99999997	29.77768		-0.7983  0.2  0.2		4.1705503158		-1.0
	34379.99999997	29.73096		1.33906  0.2  0.2		4.1705503158		-1.0
	34409.99999997	29.80441		1.47802  0.2  0.2		4.1705503158		-1.0
	34439.99999997	29.23599		0.51506  0.2  0.2		4.1705503158		-1.0
	34469.99999997	28.93242		0.20863  0.2  0.2		4.1705503158		-1.0
	34499.99999997	28.17135		0.24456  0.2  0.2		4.1705503158		-1.0
	34529.99999997	28.01925		0.53142  0.2  0.2		4.1705503158		-1.0
	34559.99999997	28.41678		0.86905  0.2  0.2		4.1705503158		-1.0
	34589.99999997	28.8505		1.22649  0.2  0.2		4.1705503158		-1.0
	34619.99999997	29.31003		1.47884  0.2  0.2		4.1705503158		-1.0
	34649.99999997	29.37546		1.75656  0.2  0.2		4.1705503158		-1.0
	34679.99999997	28.57268		1.80116  0.2  0.2		4.1705503158		-1.0
	34709.99999997	28.2448		1.13587  0.2  0.2		4.1705503158		-1.0
	34739.99999997	27.11055		0.87649  0.2  0.2		4.1705503158		-1.0
	34769.99999997	25.66544		0.53401  0.2  0.2		4.1705503158		-1.0
	34799.99999997	24.86685		0.10932  0.2  0.2		4.1705503158		-1.0
	34829.99999997	24.13839		0.24144  0.2  0.2		4.1705503158		-1.0
	34859.99999997	23.42601		0.36692  0.2  0.2		4.1705503158		-1.0
	34889.99999997	23.2682		0.61702  0.2  0.2		4.1705503158		-1.0
	34919.99999997	23.76895		0.46628  0.2  0.2		4.1705503158		-1.0
	34949.99999997	24.61702		0.53963  0.2  0.2		4.1705503158		-1.0
	34979.99999997	25.76547		0.8637  0.2  0.2		4.1705503158		-1.0
