	30.00000000	3.02796		0.87738  0.2  0.2		4.1705503158		-1.0
	60.00000000	2.95643		1.06193  0.2  0.2		4.1705503158		-1.0
	90.00000000	2.94209		1.53502  0.2  0.2		4.1705503158		-1.0
	120.00000000	2.96879		1.53669  0.2  0.2		4.1705503158		-1.0
	150.00000000	3.00937		1.29875  0.2  0.2		4.1705503158		-1.0
	180.00000000	2.81416		1.21339  0.2  0.2		4.1705503158		-1.0
	210.00000000	3.02228		1.06786  0.2  0.2		4.1705503158		-1.0
	240.00000000	3.1152		1.07804  0.2  0.2		4.1705503158		-1.0
	270.00000000	2.73703		1.22246  0.2  0.2		4.1705503158		-1.0
	300.00000000	2.95413		1.28295  0.2  0.2		4.1705503158		-1.0
	330.00000000	2.98817		1.54623  0.2  0.2		4.1705503158		-1.0
	360.00000000	2.81124		1.70629  0.2  0.2		4.1705503158		-1.0
	390.00000000	3.13246		1.81161  0.2  0.2		4.1705503158		-1.0
	420.00000000	3.12449		2.09411  0.2  0.2		4.1705503158		-1.0
	450.00000000	3.02798		2.14163  0.2  0.2		4.1705503158		-1.0
	480.00000000	3.06644		2.2321  0.2  0.2		4.1705503158		-1.0
	510.00000000	2.96229		2.29331  0.2  0.2		4.1705503158		-1.0
	540.00000000	2.87666		2.39929  0.2  0.2		4.1705503158		-1.0
	570.00000000	2.82017		2.55955  0.2  0.2		4.1705503158		-1.0
	600.00000000	2.94675		2.7912  0.2  0.2		4.1705503158		-1.0
	630.00000000	3.0542		2.83536  0.2  0.2		4.1705503158		-1.0
	660.00000000	2.97055		2.91277  0.2  0.2		4.1705503158		-1.0
	690.00000000	2.93599		3.11639  0.2  0.2		4.1705503158		-1.0
	720.00000000	2.84152		-3.12537  0.2  0.2		4.1705503158		-1.0
	750.00000000	2.84201		-3.06788  0.2  0.2		4.1705503158		-1.0
	780.00000000	2.87798		-2.89383  0.2  0.2		4.1705503158		-1.0
	810.00000000	2.92338		-2.82639  0.2  0.2		4.1705503158		-1.0
	840.00000000	2.95801		-2.62703  0.2  0.2		4.1705503158		-1.0
	870.00000000	2.93281		-2.72893  0.2  0.2		4.1705503158		-1.0
	900.00000000	2.86196		-2.95602  0.2  0.2		4.1705503158		-1.0
	930.00000000	2.77954		3.05855  0.2  0.2		4.1705503158		-1.0
	960.00000000	2.90676		2.76063  0.2  0.2		4.1705503158		-1.0
	990.00000000	2.90002		2.63079  0.2  0.2		4.1705503158		-1.0
	1020.00000000	2.9449		2.63446  0.2  0.2		4.1705503158		-1.0
	1050.00000000	2.93277		2.72893  0.2  0.2		4.1705503158		-1.0
	1080.00000000	2.77304		2.8056  0.2  0.2		4.1705503158		-1.0
	1110.00000000	3.12871		2.6691  0.2  0.2		4.1705503158		-1.0
	1140.00000000	2.94403		2.70589  0.2  0.2		4.1705503158		-1.0
	1170.00000000	3.16605		2.72478  0.2  0.2		4.1705503158		-1.0
	1200.00000000	3.00432		2.5965  0.2  0.2		4.1705503158		-1.0
	1230.00000000	2.80003		2.38507  0.2  0.2		4.1705503158		-1.0
	1260.00000000	2.87129		2.11496  0.2  0.2		4.1705503158		-1.0
	1290.00000000	3.03534		1.92297  0.2  0.2		4.1705503158		-1.0
	1320.00000000	2.99099		1.94757  0.2  0.2		4.1705503158		-1.0
	1350.00000000	2.8961		2.02795  0.2  0.2		4.1705503158		-1.0
	1380.00000000	2.86757		1.73339  0.2  0.2		4.1705503158		-1.0
	1410.00000000	2.88865		1.41773  0.2  0.2		4.1705503158		-1.0
	1440.00000000	2.80927		1.28111  0.2  0.2		4.1705503158		-1.0
	1470.00000000	2.82509		1.06002  0.2  0.2		4.1705503158		-1.0
	1500.00000000	2.89445		0.82632  0.2  0.2		4.1705503158		-1.0
	1530.00000000	3.05047		0.58234  0.2  0.2		4.1705503158		-1.0
	1560.00000000	2.99664		0.63372  0.2  0.2		4.1705503158		-1.0
	1590.00000000	2.89741		0.70606  0.2  0.2		4.1705503158		-1.0
	1620.00000000	2.97248		0.76616  0.2  0.2		4.1705503158		-1.0
	1650.00000000	2.7997		0.87419  0.2  0.2		4.1705503158		-1.0
	1680.00000000	2.92227		0.8944  0.2  0.2		4.1705503158		-1.0
	1710.00000000	2.8183		0.53061  0.2  0.2		4.1705503158		-1.0
	1740.00000000	3.01311		0.18508  0.2  0.2		4.1705503158		-1.0
	1770.00000000	3.02052		-0.00966  0.2  0.2		4.1705503158		-1.0
	1800.00000000	2.99405		-0.37531  0.2  0.2		4.1705503158		-1.0
	1830.00000000	2.82401		-0.77627  0.2  0.2		4.1705503158		-1.0
	1860.00000000	2.84556		-0.97489  0.2  0.2		4.1705503158		-1.0
	1890.00000000	2.90718		-1.08721  0.2  0.2		4.1705503158		-1.0
	1920.00000000	3.05479		-0.95371  0.2  0.2		4.1705503158		-1.0
	1950.00000000	2.97462		-0.85625  0.2  0.2		4.1705503158		-1.0
	1980.00000000	2.92034		-0.79609  0.2  0.2		4.1705503158		-1.0
	2010.00000000	3.05264		-0.81725  0.2  0.2		4.1705503158		-1.0
	2040.00000000	2.7783		-0.71033  0.2  0.2		4.1705503158		-1.0
	2070.00000000	3.05864		-0.3258  0.2  0.2		4.1705503158		-1.0
	2100.00000000	2.81782		-0.35858  0.2  0.2		4.1705503158		-1.0
	2130.00000000	3.07169		-0.51609  0.2  0.2		4.1705503158		-1.0
	2160.00000000	3.11001		-0.51657  0.2  0.2		4.1705503158		-1.0
	2190.00000000	2.90095		-0.54558  0.2  0.2		4.1705503158		-1.0
	2220.00000000	2.9358		-0.51589  0.2  0.2		4.1705503158		-1.0
	2250.00000000	2.94755		-0.71  0.2  0.2		4.1705503158		-1.0
	2280.00000000	3.31233		-0.79535  0.2  0.2		4.1705503158		-1.0
	2310.00000000	2.65654		-0.84982  0.2  0.2		4.1705503158		-1.0
	2340.00000000	3.297		-0.78925  0.2  0.2		4.1705503158		-1.0
	2370.00000000	2.93871		-0.99786  0.2  0.2		4.1705503158		-1.0
	2400.00000000	2.77175		-1.3444  0.2  0.2		4.1705503158		-1.0
	2430.00000000	3.02639		-1.33777  0.2  0.2		4.1705503158		-1.0
	2460.00000000	2.93834		-1.46841  0.2  0.2		4.1705503158		-1.0
	2490.00000000	2.95864		-1.73263  0.2  0.2		4.1705503158		-1.0
	2520.00000000	3.10088		-1.58242  0.2  0.2		4.1705503158		-1.0
	2550.00000000	2.84932		-1.45944  0.2  0.2		4.1705503158		-1.0
	2580.00000000	3.024		-1.67361  0.2  0.2		4.1705503158		-1.0
	2610.00000000	2.9897		-1.79868  0.2  0.2		4.1705503158		-1.0
	2640.00000000	3.05326		-1.93303  0.2  0.2		4.1705503158		-1.0
	2670.00000000	2.91658		-2.03504  0.2  0.2		4.1705503158		-1.0
	2700.00000000	2.90597		-1.91823  0.2  0.2		4.1705503158		-1.0
	2730.00000000	3.08448		-1.76477  0.2  0.2		4.1705503158		-1.0
	2760.00000000	3.19043		-1.7061  0.2  0.2		4.1705503158		-1.0
	2790.00000000	3.08168		-1.82862  0.2  0.2		4.1705503158		-1.0
	2820.00000000	2.87019		-1.67561  0.2  0.2		4.1705503158		-1.0
	2850.00000000	3.01158		-1.36988  0.2  0.2		4.1705503158		-1.0
	2880.00000000	3.2784		-1.09547  0.2  0.2		4.1705503158		-1.0
	2910.00000000	2.84908		-1.22108  0.2  0.2		4.1705503158		-1.0
	2940.00000000	2.94277		-1.21168  0.2  0.2		4.1705503158		-1.0
	2970.00000000	3.0423		-1.06337  0.2  0.2		4.1705503158		-1.0
	3000.00000000	2.89592		-1.13111  0.2  0.2		4.1705503158		-1.0
	3030.00000000	2.75682		-1.13332  0.2  0.2		4.1705503158		-1.0
	3060.00000000	3.31644		-1.13728  0.2  0.2		4.1705503158		-1.0
	3090.00000000	2.79972		-1.31149  0.2  0.2		4.1705503158		-1.0
	3120.00000000	2.84719		-1.49507  0.2  0.2		4.1705503158		-1.0
	3150.00000000	2.79768		-1.42745  0.2  0.2		4.1705503158		-1.0
	3180.00000000	3.31643		-1.40635  0.2  0.2		4.1705503158		-1.0
	3210.00000000	3.09442		-1.28005  0.2  0.2		4.1705503158		-1.0
	3240.00000000	3.24288		-1.30722  0.2  0.2		4.1705503158		-1.0
	3270.00000000	2.7126		-1.51898  0.2  0.2		4.1705503158		-1.0
	3300.00000000	2.85768		-1.43652  0.2  0.2		4.1705503158		-1.0
	3330.00000000	2.96437		-1.30384  0.2  0.2		4.1705503158		-1.0
	3360.00000000	3.30911		-0.98792  0.2  0.2		4.1705503158		-1.0
	3390.00000000	3.01503		-0.95047  0.2  0.2		4.1705503158		-1.0
	3420.00000000	2.84065		-0.85407  0.2  0.2		4.1705503158		-1.0
	3450.00000000	2.81735		-0.44105  0.2  0.2		4.1705503158		-1.0
	3480.00000000	3.0302		0.06642  0.2  0.2		4.1705503158		-1.0
	3510.00000000	2.99822		0.33107  0.2  0.2		4.1705503158		-1.0
	3540.00000000	2.83612		0.44417  0.2  0.2		4.1705503158		-1.0
	3570.00000000	3.01537		0.34264  0.2  0.2		4.1705503158		-1.0
	3600.00000000	2.91907		0.20064  0.2  0.2		4.1705503158		-1.0
	3630.00000000	3.06713		-0.17153  0.2  0.2		4.1705503158		-1.0
	3660.00000000	2.8868		-0.07068  0.2  0.2		4.1705503158		-1.0
	3690.00000000	3.07378		0.25635  0.2  0.2		4.1705503158		-1.0
	3720.00000000	3.12643		0.46328  0.2  0.2		4.1705503158		-1.0
	3750.00000000	2.89851		0.74106  0.2  0.2		4.1705503158		-1.0
	3780.00000000	2.8689		0.76415  0.2  0.2		4.1705503158		-1.0
	3810.00000000	2.85103		0.87698  0.2  0.2		4.1705503158		-1.0
	3840.00000000	2.82611		1.15268  0.2  0.2		4.1705503158		-1.0
	3870.00000000	3.13653		1.13294  0.2  0.2		4.1705503158		-1.0
	3900.00000000	3.1257		0.91225  0.2  0.2		4.1705503158		-1.0
	3930.00000000	3.25504		0.79509  0.2  0.2		4.1705503158		-1.0
	3960.00000000	3.15628		0.46911  0.2  0.2		4.1705503158		-1.0
	3990.00000000	3.11663		0.35786  0.2  0.2		4.1705503158		-1.0
	4020.00000000	2.93		0.1944  0.2  0.2		4.1705503158		-1.0
	4050.00000000	2.77753		-0.14136  0.2  0.2		4.1705503158		-1.0
	4080.00000000	3.12291		-0.09979  0.2  0.2		4.1705503158		-1.0
	4110.00000000	3.11676		-0.00798  0.2  0.2		4.1705503158		-1.0
	4140.00000000	2.89347		-0.28489  0.2  0.2		4.1705503158		-1.0
	4170.00000000	2.97795		-0.42801  0.2  0.2		4.1705503158		-1.0
	4200.00000000	2.79418		-0.61105  0.2  0.2		4.1705503158		-1.0
	4230.00000000	2.72477		-0.62344  0.2  0.2		4.1705503158		-1.0
	4260.00000000	3.34714		-0.46166  0.2  0.2		4.1705503158		-1.0
	4290.00000000	3.002		-0.19661  0.2  0.2		4.1705503158		-1.0
	4320.00000000	2.82506		-0.08466  0.2  0.2		4.1705503158		-1.0
	4350.00000000	2.97019		-0.10984  0.2  0.2		4.1705503158		-1.0
	4380.00000000	2.79188		-0.08832  0.2  0.2		4.1705503158		-1.0
	4410.00000000	3.41139		-0.01574  0.2  0.2		4.1705503158		-1.0
	4440.00000000	3.24713		-0.04497  0.2  0.2		4.1705503158		-1.0
	4470.00000000	3.36671		0.01962  0.2  0.2		4.1705503158		-1.0
	4500.00000000	2.65484		0.14149  0.2  0.2		4.1705503158		-1.0
	4530.00000000	2.73547		0.38121  0.2  0.2		4.1705503158		-1.0
	4560.00000000	2.7907		0.34203  0.2  0.2		4.1705503158		-1.0
	4590.00000000	2.81545		0.38953  0.2  0.2		4.1705503158		-1.0
	4620.00000000	2.84623		0.66623  0.2  0.2		4.1705503158		-1.0
	4650.00000000	2.88853		0.90428  0.2  0.2		4.1705503158		-1.0
	4680.00000000	2.9022		1.23787  0.2  0.2		4.1705503158		-1.0
	4710.00000000	3.13803		1.50521  0.2  0.2		4.1705503158		-1.0
	4740.00000000	2.87605		1.61339  0.2  0.2		4.1705503158		-1.0
	4770.00000000	2.66784		1.67696  0.2  0.2		4.1705503158		-1.0
	4800.00000000	3.14045		1.38946  0.2  0.2		4.1705503158		-1.0
	4830.00000000	3.26812		1.21521  0.2  0.2		4.1705503158		-1.0
	4860.00000000	2.6956		1.14412  0.2  0.2		4.1705503158		-1.0
	4890.00000000	2.75116		1.51434  0.2  0.2		4.1705503158		-1.0
	4920.00000000	2.83686		1.58065  0.2  0.2		4.1705503158		-1.0
	4950.00000000	2.83973		1.82173  0.2  0.2		4.1705503158		-1.0
	4980.00000000	2.85047		2.11017  0.2  0.2		4.1705503158		-1.0
	5010.00000000	3.06349		2.15113  0.2  0.2		4.1705503158		-1.0
	5040.00000000	3.16958		2.08456  0.2  0.2		4.1705503158		-1.0
	5070.00000000	3.1895		2.01649  0.2  0.2		4.1705503158		-1.0
	5100.00000000	3.16094		1.83556  0.2  0.2		4.1705503158		-1.0
	5130.00000000	3.14454		1.68255  0.2  0.2		4.1705503158		-1.0
	5160.00000000	2.77142		1.89678  0.2  0.2		4.1705503158		-1.0
	5190.00000000	2.72646		2.22129  0.2  0.2		4.1705503158		-1.0
	5220.00000000	2.80988		2.19592  0.2  0.2		4.1705503158		-1.0
	5250.00000000	3.16691		2.24874  0.2  0.2		4.1705503158		-1.0
	5280.00000000	3.11441		2.28597  0.2  0.2		4.1705503158		-1.0
	5310.00000000	2.8108		2.35605  0.2  0.2		4.1705503158		-1.0
	5340.00000000	3.35701		2.39494  0.2  0.2		4.1705503158		-1.0
	5370.00000000	3.24358		2.2701  0.2  0.2		4.1705503158		-1.0
	5400.00000000	3.13485		2.38976  0.2  0.2		4.1705503158		-1.0
	5430.00000000	2.72499		2.50327  0.2  0.2		4.1705503158		-1.0
	5460.00000000	3.03734		2.48338  0.2  0.2		4.1705503158		-1.0
	5490.00000000	3.26596		2.5016  0.2  0.2		4.1705503158		-1.0
	5520.00000000	3.40806		2.66348  0.2  0.2		4.1705503158		-1.0
	5550.00000000	3.15069		2.67274  0.2  0.2		4.1705503158		-1.0
	5580.00000000	3.34375		2.66292  0.2  0.2		4.1705503158		-1.0
	5610.00000000	3.2575		2.64802  0.2  0.2		4.1705503158		-1.0
	5640.00000000	3.2607		2.59686  0.2  0.2		4.1705503158		-1.0
	5670.00000000	3.17161		2.65514  0.2  0.2		4.1705503158		-1.0
	5700.00000000	2.75879		2.90351  0.2  0.2		4.1705503158		-1.0
	5730.00000000	3.1914		3.04475  0.2  0.2		4.1705503158		-1.0
	5760.00000000	2.87834		3.012  0.2  0.2		4.1705503158		-1.0
	5790.00000000	2.77541		2.97592  0.2  0.2		4.1705503158		-1.0
	5820.00000000	2.87209		2.95863  0.2  0.2		4.1705503158		-1.0
	5850.00000000	3.36122		-3.07432  0.2  0.2		4.1705503158		-1.0
	5880.00000000	2.94934		-3.01971  0.2  0.2		4.1705503158		-1.0
	5910.00000000	3.14279		-3.07915  0.2  0.2		4.1705503158		-1.0
	5940.00000000	2.7669		3.08383  0.2  0.2		4.1705503158		-1.0
	5970.00000000	2.84575		-3.06746  0.2  0.2		4.1705503158		-1.0
	6000.00000000	3.48346		-3.05661  0.2  0.2		4.1705503158		-1.0
	6030.00000000	3.09242		-2.93197  0.2  0.2		4.1705503158		-1.0
	6060.00000000	2.99471		-2.87241  0.2  0.2		4.1705503158		-1.0
	6090.00000000	3.17739		-2.80654  0.2  0.2		4.1705503158		-1.0
	6120.00000000	2.908		-2.51972  0.2  0.2		4.1705503158		-1.0
	6150.00000000	3.09254		-2.545  0.2  0.2		4.1705503158		-1.0
	6180.00000000	2.90586		-2.53013  0.2  0.2		4.1705503158		-1.0
	6210.00000000	2.92342		-2.52107  0.2  0.2		4.1705503158		-1.0
	6240.00000000	2.93374		-2.62141  0.2  0.2		4.1705503158		-1.0
	6270.00000000	2.77442		-2.57174  0.2  0.2		4.1705503158		-1.0
	6300.00000000	3.21399		-2.36291  0.2  0.2		4.1705503158		-1.0
	6330.00000000	3.01078		-2.26362  0.2  0.2		4.1705503158		-1.0
	6360.00000000	2.74939		-2.20103  0.2  0.2		4.1705503158		-1.0
	6390.00000000	3.12883		-2.22183  0.2  0.2		4.1705503158		-1.0
	6420.00000000	2.92983		-2.24048  0.2  0.2		4.1705503158		-1.0
	6450.00000000	2.81691		-2.00538  0.2  0.2		4.1705503158		-1.0
	6480.00000000	2.78775		-1.99027  0.2  0.2		4.1705503158		-1.0
	6510.00000000	3.01032		-2.03714  0.2  0.2		4.1705503158		-1.0
	6540.00000000	2.83599		-2.32267  0.2  0.2		4.1705503158		-1.0
	6570.00000000	3.14872		-2.41473  0.2  0.2		4.1705503158		-1.0
	6600.00000000	2.95119		-2.55014  0.2  0.2		4.1705503158		-1.0
	6630.00000000	2.80323		-2.70281  0.2  0.2		4.1705503158		-1.0
	6660.00000000	2.7266		-2.79078  0.2  0.2		4.1705503158		-1.0
	6690.00000000	3.34216		-2.73391  0.2  0.2		4.1705503158		-1.0
	6720.00000000	3.07755		-2.44481  0.2  0.2		4.1705503158		-1.0
	6750.00000000	2.6549		-2.65164  0.2  0.2		4.1705503158		-1.0
	6780.00000000	3.34278		-2.85212  0.2  0.2		4.1705503158		-1.0
	6810.00000000	2.90656		-2.89176  0.2  0.2		4.1705503158		-1.0
	6840.00000000	3.24021		-2.61966  0.2  0.2		4.1705503158		-1.0
	6870.00000000	3.19939		-2.31585  0.2  0.2		4.1705503158		-1.0
	6900.00000000	3.17307		-2.04385  0.2  0.2		4.1705503158		-1.0
	6930.00000000	3.26691		-1.96227  0.2  0.2		4.1705503158		-1.0
	6960.00000000	3.24276		-2.17335  0.2  0.2		4.1705503158		-1.0
	6990.00000000	3.07002		-2.22952  0.2  0.2		4.1705503158		-1.0
	7020.00000000	2.88514		-2.33345  0.2  0.2		4.1705503158		-1.0
	7050.00000000	2.81491		-2.32363  0.2  0.2		4.1705503158		-1.0
	7080.00000000	2.794		-2.02697  0.2  0.2		4.1705503158		-1.0
	7110.00000000	2.79214		-1.9205  0.2  0.2		4.1705503158		-1.0
	7140.00000000	2.74248		-1.99595  0.2  0.2		4.1705503158		-1.0
	7170.00000000	2.81398		-2.06533  0.2  0.2		4.1705503158		-1.0
	7200.00000000	2.89905		-2.25481  0.2  0.2		4.1705503158		-1.0
	7230.00000000	2.82036		-2.46856  0.2  0.2		4.1705503158		-1.0
	7260.00000000	2.77243		-2.44996  0.2  0.2		4.1705503158		-1.0
	7290.00000000	2.67982		-2.29096  0.2  0.2		4.1705503158		-1.0
	7320.00000000	3.47874		-2.12614  0.2  0.2		4.1705503158		-1.0
	7350.00000000	3.0676		-2.08598  0.2  0.2		4.1705503158		-1.0
	7380.00000000	3.34865		-2.23853  0.2  0.2		4.1705503158		-1.0
	7410.00000000	3.47921		-2.27079  0.2  0.2		4.1705503158		-1.0
	7440.00000000	3.26422		-2.30457  0.2  0.2		4.1705503158		-1.0
	7470.00000000	3.34284		-2.26272  0.2  0.2		4.1705503158		-1.0
	7500.00000000	3.20716		-2.21514  0.2  0.2		4.1705503158		-1.0
	7530.00000000	3.54524		-2.2298  0.2  0.2		4.1705503158		-1.0
	7560.00000000	3.25466		-1.96698  0.2  0.2		4.1705503158		-1.0
	7590.00000000	3.25925		-1.94708  0.2  0.2		4.1705503158		-1.0
	7620.00000000	3.33086		-1.9055  0.2  0.2		4.1705503158		-1.0
	7650.00000000	2.77916		-1.75317  0.2  0.2		4.1705503158		-1.0
	7680.00000000	2.82298		-1.69098  0.2  0.2		4.1705503158		-1.0
	7710.00000000	2.69965		-1.78591  0.2  0.2		4.1705503158		-1.0
	7740.00000000	2.92719		-1.83611  0.2  0.2		4.1705503158		-1.0
	7770.00000000	3.00934		-1.55741  0.2  0.2		4.1705503158		-1.0
	7800.00000000	3.31735		-1.30551  0.2  0.2		4.1705503158		-1.0
	7830.00000000	3.32132		-1.54508  0.2  0.2		4.1705503158		-1.0
	7860.00000000	3.27281		-1.7721  0.2  0.2		4.1705503158		-1.0
	7890.00000000	3.22814		-1.70196  0.2  0.2		4.1705503158		-1.0
	7920.00000000	2.77864		-1.32324  0.2  0.2		4.1705503158		-1.0
	7950.00000000	2.75895		-1.23462  0.2  0.2		4.1705503158		-1.0
	7980.00000000	2.82459		-1.18632  0.2  0.2		4.1705503158		-1.0
	8010.00000000	2.79479		-1.13572  0.2  0.2		4.1705503158		-1.0
	8040.00000000	2.80432		-0.85018  0.2  0.2		4.1705503158		-1.0
	8070.00000000	3.00703		-0.52717  0.2  0.2		4.1705503158		-1.0
	8100.00000000	3.08165		-0.69399  0.2  0.2		4.1705503158		-1.0
	8130.00000000	3.03112		-0.96535  0.2  0.2		4.1705503158		-1.0
	8160.00000000	3.38041		-1.03382  0.2  0.2		4.1705503158		-1.0
	8190.00000000	3.07271		-1.0584  0.2  0.2		4.1705503158		-1.0
	8220.00000000	3.46622		-0.90241  0.2  0.2		4.1705503158		-1.0
	8250.00000000	3.20608		-0.691  0.2  0.2		4.1705503158		-1.0
	8280.00000000	3.37627		-0.76935  0.2  0.2		4.1705503158		-1.0
	8310.00000000	3.27142		-1.07101  0.2  0.2		4.1705503158		-1.0
	8340.00000000	3.40656		-1.24296  0.2  0.2		4.1705503158		-1.0
	8370.00000000	3.23249		-1.35839  0.2  0.2		4.1705503158		-1.0
	8400.00000000	3.48687		-1.4801  0.2  0.2		4.1705503158		-1.0
	8430.00000000	3.43277		-1.47664  0.2  0.2		4.1705503158		-1.0
	8460.00000000	3.47256		-1.38078  0.2  0.2		4.1705503158		-1.0
	8490.00000000	3.06409		-1.39047  0.2  0.2		4.1705503158		-1.0
	8520.00000000	2.61604		-1.24599  0.2  0.2		4.1705503158		-1.0
	8550.00000000	2.6742		-1.35338  0.2  0.2		4.1705503158		-1.0
	8580.00000000	3.23853		-1.26339  0.2  0.2		4.1705503158		-1.0
	8610.00000000	2.91123		-1.45147  0.2  0.2		4.1705503158		-1.0
	8640.00000000	2.7602		-1.601  0.2  0.2		4.1705503158		-1.0
	8670.00000000	2.70314		-1.44185  0.2  0.2		4.1705503158		-1.0
	8700.00000000	2.74965		-0.89336  0.2  0.2		4.1705503158		-1.0
	8730.00000000	2.73532		-0.2798  0.2  0.2		4.1705503158		-1.0
	8760.00000000	2.73536		-0.03899  0.2  0.2		4.1705503158		-1.0
	8790.00000000	2.70408		0.06188  0.2  0.2		4.1705503158		-1.0
	8820.00000000	2.80366		0.2042  0.2  0.2		4.1705503158		-1.0
	8850.00000000	2.74188		0.50491  0.2  0.2		4.1705503158		-1.0
	8880.00000000	2.72307		0.99534  0.2  0.2		4.1705503158		-1.0
	8910.00000000	2.83207		0.88692  0.2  0.2		4.1705503158		-1.0
	8940.00000000	3.4345		0.81728  0.2  0.2		4.1705503158		-1.0
	8970.00000000	3.26843		0.91337  0.2  0.2		4.1705503158		-1.0
	9000.00000000	3.20113		1.33302  0.2  0.2		4.1705503158		-1.0
	9030.00000000	3.25493		1.56359  0.2  0.2		4.1705503158		-1.0
	9060.00000000	3.40574		1.53229  0.2  0.2		4.1705503158		-1.0
	9090.00000000	2.81346		1.37262  0.2  0.2		4.1705503158		-1.0
	9120.00000000	2.96487		1.4319  0.2  0.2		4.1705503158		-1.0
	9150.00000000	3.38902		1.44359  0.2  0.2		4.1705503158		-1.0
	9180.00000000	2.65977		1.57504  0.2  0.2		4.1705503158		-1.0
	9210.00000000	2.81583		1.47529  0.2  0.2		4.1705503158		-1.0
	9240.00000000	2.907		1.39094  0.2  0.2		4.1705503158		-1.0
	9270.00000000	3.38284		1.40797  0.2  0.2		4.1705503158		-1.0
	9300.00000000	3.27696		1.34117  0.2  0.2		4.1705503158		-1.0
	9330.00000000	2.93931		1.18879  0.2  0.2		4.1705503158		-1.0
	9360.00000000	3.23443		1.14189  0.2  0.2		4.1705503158		-1.0
	9390.00000000	3.06094		1.43511  0.2  0.2		4.1705503158		-1.0
	9420.00000000	3.2057		1.50328  0.2  0.2		4.1705503158		-1.0
	9450.00000000	3.11881		1.41861  0.2  0.2		4.1705503158		-1.0
	9480.00000000	3.37983		1.04615  0.2  0.2		4.1705503158		-1.0
	9510.00000000	3.27597		0.83752  0.2  0.2		4.1705503158		-1.0
	9540.00000000	3.03415		1.04971  0.2  0.2		4.1705503158		-1.0
	9570.00000000	3.36716		0.86991  0.2  0.2		4.1705503158		-1.0
	9600.00000000	3.12268		0.52409  0.2  0.2		4.1705503158		-1.0
	9630.00000000	3.19001		0.41888  0.2  0.2		4.1705503158		-1.0
	9660.00000000	3.35966		0.39891  0.2  0.2		4.1705503158		-1.0
	9690.00000000	3.29245		0.18163  0.2  0.2		4.1705503158		-1.0
	9720.00000000	3.0177		0.20115  0.2  0.2		4.1705503158		-1.0
	9750.00000000	2.73107		0.4358  0.2  0.2		4.1705503158		-1.0
	9780.00000000	2.74163		0.65534  0.2  0.2		4.1705503158		-1.0
	9810.00000000	2.70385		0.70005  0.2  0.2		4.1705503158		-1.0
	9840.00000000	2.6937		0.95696  0.2  0.2		4.1705503158		-1.0
	9870.00000000	2.65481		1.00491  0.2  0.2		4.1705503158		-1.0
	9900.00000000	2.68162		0.67033  0.2  0.2		4.1705503158		-1.0
	9930.00000000	2.82846		0.61354  0.2  0.2		4.1705503158		-1.0
	9960.00000000	3.36008		0.62039  0.2  0.2		4.1705503158		-1.0
	9990.00000000	3.21092		0.54358  0.2  0.2		4.1705503158		-1.0
	10020.00000000	3.32481		0.26161  0.2  0.2		4.1705503158		-1.0
	10050.00000000	3.27565		0.20552  0.2  0.2		4.1705503158		-1.0
	10080.00000000	3.00576		0.26831  0.2  0.2		4.1705503158		-1.0
	10110.00000000	2.76043		0.30123  0.2  0.2		4.1705503158		-1.0
	10140.00000000	2.64621		0.23164  0.2  0.2		4.1705503158		-1.0
	10170.00000000	3.06009		-0.07899  0.2  0.2		4.1705503158		-1.0
	10200.00000000	3.22768		-0.39185  0.2  0.2		4.1705503158		-1.0
	10230.00000000	3.0411		-0.83666  0.2  0.2		4.1705503158		-1.0
	10260.00000000	2.78633		-0.91813  0.2  0.2		4.1705503158		-1.0
	10290.00000000	2.65227		-0.61503  0.2  0.2		4.1705503158		-1.0
	10320.00000000	2.76689		-0.41201  0.2  0.2		4.1705503158		-1.0
	10350.00000000	2.86867		-0.43518  0.2  0.2		4.1705503158		-1.0
	10380.00000000	2.79374		-0.57337  0.2  0.2		4.1705503158		-1.0
	10410.00000000	2.74458		-0.65797  0.2  0.2		4.1705503158		-1.0
	10440.00000000	3.39967		-0.53663  0.2  0.2		4.1705503158		-1.0
	10470.00000000	3.19769		-0.26954  0.2  0.2		4.1705503158		-1.0
	10500.00000000	3.2304		-0.34045  0.2  0.2		4.1705503158		-1.0
	10530.00000000	3.21578		-0.34975  0.2  0.2		4.1705503158		-1.0
	10560.00000000	3.21304		-0.33092  0.2  0.2		4.1705503158		-1.0
	10590.00000000	2.6912		-0.32748  0.2  0.2		4.1705503158		-1.0
	10620.00000000	2.67265		-0.28551  0.2  0.2		4.1705503158		-1.0
	10650.00000000	2.68657		-0.09751  0.2  0.2		4.1705503158		-1.0
	10680.00000000	2.68541		0.14161  0.2  0.2		4.1705503158		-1.0
	10710.00000000	2.664		0.05373  0.2  0.2		4.1705503158		-1.0
	10740.00000000	3.211		-0.13135  0.2  0.2		4.1705503158		-1.0
	10770.00000000	3.34342		-0.45111  0.2  0.2		4.1705503158		-1.0
	10800.00000000	3.28799		-0.80092  0.2  0.2		4.1705503158		-1.0
	10830.00000001	3.23633		-0.92025  0.2  0.2		4.1705503158		-1.0
	10860.00000001	3.59447		-0.66879  0.2  0.2		4.1705503158		-1.0
	10890.00000001	2.78911		-0.34617  0.2  0.2		4.1705503158		-1.0
	10920.00000001	2.93727		-0.05171  0.2  0.2		4.1705503158		-1.0
	10950.00000001	2.63247		0.23317  0.2  0.2		4.1705503158		-1.0
	10980.00000001	3.18583		0.49427  0.2  0.2		4.1705503158		-1.0
	11010.00000001	3.3453		0.61664  0.2  0.2		4.1705503158		-1.0
	11040.00000001	3.01295		0.76256  0.2  0.2		4.1705503158		-1.0
	11070.00000001	3.12003		1.00015  0.2  0.2		4.1705503158		-1.0
	11100.00000001	2.64655		0.99757  0.2  0.2		4.1705503158		-1.0
	11130.00000001	2.68076		1.16953  0.2  0.2		4.1705503158		-1.0
	11160.00000001	2.68457		1.21877  0.2  0.2		4.1705503158		-1.0
	11190.00000001	2.74131		1.26  0.2  0.2		4.1705503158		-1.0
	11220.00000001	2.66477		1.38297  0.2  0.2		4.1705503158		-1.0
	11250.00000001	2.84285		1.87375  0.2  0.2		4.1705503158		-1.0
	11280.00000001	2.93435		2.05618  0.2  0.2		4.1705503158		-1.0
	11310.00000001	2.87516		1.94032  0.2  0.2		4.1705503158		-1.0
	11340.00000001	2.8237		1.75931  0.2  0.2		4.1705503158		-1.0
	11370.00000001	2.84025		1.80421  0.2  0.2		4.1705503158		-1.0
	11400.00000001	3.10755		1.66846  0.2  0.2		4.1705503158		-1.0
	11430.00000001	2.60049		1.80985  0.2  0.2		4.1705503158		-1.0
	11460.00000001	2.84159		1.97089  0.2  0.2		4.1705503158		-1.0
	11490.00000001	2.64878		2.04965  0.2  0.2		4.1705503158		-1.0
	11520.00000001	2.66757		2.15069  0.2  0.2		4.1705503158		-1.0
	11550.00000001	2.76113		2.20124  0.2  0.2		4.1705503158		-1.0
	11580.00000001	2.73126		2.5266  0.2  0.2		4.1705503158		-1.0
	11610.00000001	2.73488		2.6913  0.2  0.2		4.1705503158		-1.0
	11640.00000001	2.74629		2.96184  0.2  0.2		4.1705503158		-1.0
	11670.00000001	2.74437		-3.10104  0.2  0.2		4.1705503158		-1.0
	11700.00000001	2.92024		-3.10091  0.2  0.2		4.1705503158		-1.0
	11730.00000001	3.12217		3.02663  0.2  0.2		4.1705503158		-1.0
	11760.00000001	3.24394		2.97156  0.2  0.2		4.1705503158		-1.0
	11790.00000001	3.02878		-3.13911  0.2  0.2		4.1705503158		-1.0
	11820.00000001	3.25066		-3.02974  0.2  0.2		4.1705503158		-1.0
	11850.00000001	3.02119		-3.01713  0.2  0.2		4.1705503158		-1.0
	11880.00000001	3.1964		-2.91751  0.2  0.2		4.1705503158		-1.0
	11910.00000001	3.25752		-2.78163  0.2  0.2		4.1705503158		-1.0
	11940.00000001	2.95836		-2.79517  0.2  0.2		4.1705503158		-1.0
	11970.00000001	2.72338		-2.99451  0.2  0.2		4.1705503158		-1.0
	12000.00000001	2.6122		3.0014  0.2  0.2		4.1705503158		-1.0
	12030.00000001	2.72689		2.61074  0.2  0.2		4.1705503158		-1.0
	12060.00000001	2.69194		2.50846  0.2  0.2		4.1705503158		-1.0
	12090.00000001	2.65016		2.48164  0.2  0.2		4.1705503158		-1.0
	12120.00000001	2.70233		2.63316  0.2  0.2		4.1705503158		-1.0
	12150.00000001	2.63952		2.64439  0.2  0.2		4.1705503158		-1.0
	12180.00000001	3.07495		2.43695  0.2  0.2		4.1705503158		-1.0
	12210.00000001	2.76524		2.23237  0.2  0.2		4.1705503158		-1.0
	12240.00000001	3.02263		2.02965  0.2  0.2		4.1705503158		-1.0
	12270.00000001	3.24254		1.84633  0.2  0.2		4.1705503158		-1.0
	12300.00000001	3.43003		1.77476  0.2  0.2		4.1705503158		-1.0
	12330.00000001	3.23934		1.91752  0.2  0.2		4.1705503158		-1.0
	12360.00000001	3.14028		1.94768  0.2  0.2		4.1705503158		-1.0
	12390.00000001	2.61322		1.80523  0.2  0.2		4.1705503158		-1.0
	12420.00000001	2.74851		1.81354  0.2  0.2		4.1705503158		-1.0
	12450.00000001	2.71178		1.80267  0.2  0.2		4.1705503158		-1.0
	12480.00000001	2.67075		1.49449  0.2  0.2		4.1705503158		-1.0
	12510.00000001	2.67503		1.20899  0.2  0.2		4.1705503158		-1.0
	12540.00000001	2.6419		1.26665  0.2  0.2		4.1705503158		-1.0
	12570.00000001	2.69789		1.45629  0.2  0.2		4.1705503158		-1.0
	12600.00000001	2.86414		1.50579  0.2  0.2		4.1705503158		-1.0
	12630.00000001	2.81542		1.67057  0.2  0.2		4.1705503158		-1.0
	12660.00000001	3.21908		1.75761  0.2  0.2		4.1705503158		-1.0
	12690.00000001	3.23562		1.69758  0.2  0.2		4.1705503158		-1.0
	12720.00000001	3.60667		1.54945  0.2  0.2		4.1705503158		-1.0
	12750.00000001	3.26173		1.81477  0.2  0.2		4.1705503158		-1.0
	12780.00000001	3.34044		2.03847  0.2  0.2		4.1705503158		-1.0
	12810.00000001	3.49335		2.08175  0.2  0.2		4.1705503158		-1.0
	12840.00000001	3.40968		2.27725  0.2  0.2		4.1705503158		-1.0
	12870.00000001	3.40017		2.11593  0.2  0.2		4.1705503158		-1.0
	12900.00000001	3.49577		2.00962  0.2  0.2		4.1705503158		-1.0
	12930.00000001	3.21026		1.93449  0.2  0.2		4.1705503158		-1.0
	12960.00000001	3.54474		1.77827  0.2  0.2		4.1705503158		-1.0
	12990.00000001	3.39469		1.69339  0.2  0.2		4.1705503158		-1.0
	13020.00000001	3.02068		1.73292  0.2  0.2		4.1705503158		-1.0
	13050.00000001	3.04622		1.70951  0.2  0.2		4.1705503158		-1.0
	13080.00000001	3.72247		1.65243  0.2  0.2		4.1705503158		-1.0
	13110.00000001	3.38939		1.40234  0.2  0.2		4.1705503158		-1.0
	13140.00000001	3.33728		1.02876  0.2  0.2		4.1705503158		-1.0
	13170.00000001	3.5029		1.15007  0.2  0.2		4.1705503158		-1.0
	13200.00000001	3.01872		1.18054  0.2  0.2		4.1705503158		-1.0
	13230.00000001	3.52707		1.17483  0.2  0.2		4.1705503158		-1.0
	13260.00000001	3.29627		1.3014  0.2  0.2		4.1705503158		-1.0
	13290.00000001	3.65832		1.44114  0.2  0.2		4.1705503158		-1.0
	13320.00000001	3.24852		1.28227  0.2  0.2		4.1705503158		-1.0
	13350.00000001	3.07698		1.32095  0.2  0.2		4.1705503158		-1.0
	13380.00000001	3.40669		1.28215  0.2  0.2		4.1705503158		-1.0
	13410.00000001	3.55758		1.32516  0.2  0.2		4.1705503158		-1.0
	13440.00000001	3.19447		1.3757  0.2  0.2		4.1705503158		-1.0
	13470.00000001	3.85584		1.46614  0.2  0.2		4.1705503158		-1.0
	13500.00000001	3.63151		1.42338  0.2  0.2		4.1705503158		-1.0
	13530.00000001	3.6087		1.12621  0.2  0.2		4.1705503158		-1.0
	13560.00000001	3.38136		0.89444  0.2  0.2		4.1705503158		-1.0
	13590.00000001	3.11118		0.86019  0.2  0.2		4.1705503158		-1.0
	13620.00000001	3.63119		0.84908  0.2  0.2		4.1705503158		-1.0
	13650.00000001	3.50619		1.06485  0.2  0.2		4.1705503158		-1.0
	13680.00000001	3.67637		1.05103  0.2  0.2		4.1705503158		-1.0
	13710.00000001	3.54841		1.00745  0.2  0.2		4.1705503158		-1.0
	13740.00000001	3.11801		0.76523  0.2  0.2		4.1705503158		-1.0
	13770.00000001	2.98558		0.58178  0.2  0.2		4.1705503158		-1.0
	13800.00000001	2.69368		0.83564  0.2  0.2		4.1705503158		-1.0
	13830.00000001	2.67392		0.88837  0.2  0.2		4.1705503158		-1.0
	13860.00000001	2.88623		0.86769  0.2  0.2		4.1705503158		-1.0
	13890.00000001	3.46477		0.7064  0.2  0.2		4.1705503158		-1.0
	13920.00000001	3.65694		0.57126  0.2  0.2		4.1705503158		-1.0
	13950.00000001	3.38994		0.38853  0.2  0.2		4.1705503158		-1.0
	13980.00000001	3.42104		0.377  0.2  0.2		4.1705503158		-1.0
	14010.00000001	3.51266		0.58824  0.2  0.2		4.1705503158		-1.0
	14040.00000001	3.34971		0.6776  0.2  0.2		4.1705503158		-1.0
	14070.00000001	3.64158		0.29023  0.2  0.2		4.1705503158		-1.0
	14100.00000001	3.32477		0.08128  0.2  0.2		4.1705503158		-1.0
	14130.00000001	3.42373		0.02137  0.2  0.2		4.1705503158		-1.0
	14160.00000001	3.47554		0.10694  0.2  0.2		4.1705503158		-1.0
	14190.00000001	3.19109		0.49282  0.2  0.2		4.1705503158		-1.0
	14220.00000001	3.2304		0.97252  0.2  0.2		4.1705503158		-1.0
	14250.00000000	3.06707		0.88965  0.2  0.2		4.1705503158		-1.0
	14280.00000000	2.69039		0.61395  0.2  0.2		4.1705503158		-1.0
	14310.00000000	2.60472		0.54253  0.2  0.2		4.1705503158		-1.0
	14340.00000000	2.62885		0.83264  0.2  0.2		4.1705503158		-1.0
	14370.00000000	2.62122		1.31892  0.2  0.2		4.1705503158		-1.0
	14400.00000000	2.65428		1.4703  0.2  0.2		4.1705503158		-1.0
	14430.00000000	2.70684		1.48432  0.2  0.2		4.1705503158		-1.0
	14460.00000000	2.70729		1.45042  0.2  0.2		4.1705503158		-1.0
	14490.00000000	2.85692		1.56393  0.2  0.2		4.1705503158		-1.0
	14520.00000000	3.37628		1.77584  0.2  0.2		4.1705503158		-1.0
	14550.00000000	3.61689		1.90373  0.2  0.2		4.1705503158		-1.0
	14580.00000000	3.51907		1.87306  0.2  0.2		4.1705503158		-1.0
	14610.00000000	3.77911		1.81755  0.2  0.2		4.1705503158		-1.0
	14640.00000000	3.31144		1.83531  0.2  0.2		4.1705503158		-1.0
	14670.00000000	3.36598		1.81339  0.2  0.2		4.1705503158		-1.0
	14700.00000000	3.53691		2.01053  0.2  0.2		4.1705503158		-1.0
	14730.00000000	3.37966		2.22728  0.2  0.2		4.1705503158		-1.0
	14760.00000000	3.34646		2.46767  0.2  0.2		4.1705503158		-1.0
	14790.00000000	3.43681		2.3598  0.2  0.2		4.1705503158		-1.0
	14820.00000000	3.10614		2.1706  0.2  0.2		4.1705503158		-1.0
	14850.00000000	2.8142		2.14274  0.2  0.2		4.1705503158		-1.0
	14880.00000000	2.76186		2.21059  0.2  0.2		4.1705503158		-1.0
	14910.00000000	2.85027		2.3438  0.2  0.2		4.1705503158		-1.0
	14940.00000000	2.74432		2.33161  0.2  0.2		4.1705503158		-1.0
	14970.00000000	2.76165		2.46057  0.2  0.2		4.1705503158		-1.0
	15000.00000000	2.90661		2.63668  0.2  0.2		4.1705503158		-1.0
	15030.00000000	3.30231		2.54618  0.2  0.2		4.1705503158		-1.0
	15060.00000000	3.43792		2.73366  0.2  0.2		4.1705503158		-1.0
	15090.00000000	3.35938		2.99707  0.2  0.2		4.1705503158		-1.0
	15120.00000000	3.11885		3.0396  0.2  0.2		4.1705503158		-1.0
	15150.00000000	3.24091		2.9486  0.2  0.2		4.1705503158		-1.0
	15180.00000000	3.15953		3.00845  0.2  0.2		4.1705503158		-1.0
	15210.00000000	3.38436		3.07467  0.2  0.2		4.1705503158		-1.0
	15240.00000000	3.32491		3.03593  0.2  0.2		4.1705503158		-1.0
	15270.00000000	3.45427		3.06213  0.2  0.2		4.1705503158		-1.0
	15300.00000000	3.12969		-2.94426  0.2  0.2		4.1705503158		-1.0
	15330.00000000	3.57416		-2.82127  0.2  0.2		4.1705503158		-1.0
	15360.00000000	3.12775		-2.79663  0.2  0.2		4.1705503158		-1.0
	15390.00000000	3.26112		-2.77698  0.2  0.2		4.1705503158		-1.0
	15025.00000000	3.20823		2.51343  0.2  0.2		4.1705503158		-1.0
	15055.00000000	3.53476		2.71658  0.2  0.2		4.1705503158		-1.0
	15085.00000000	3.25965		2.97658  0.2  0.2		4.1705503158		-1.0
	15115.00000000	3.16493		3.01437  0.2  0.2		4.1705503158		-1.0
	15145.00000000	3.2249		2.90894  0.2  0.2		4.1705503158		-1.0
	15175.00000000	3.09514		3.02837  0.2  0.2		4.1705503158		-1.0
	15205.00000000	3.38364		3.08951  0.2  0.2		4.1705503158		-1.0
	15235.00000000	3.285		3.00589  0.2  0.2		4.1705503158		-1.0
	15265.00000000	3.48045		3.04674  0.2  0.2		4.1705503158		-1.0
	15295.00000000	3.1028		-2.97724  0.2  0.2		4.1705503158		-1.0
	15325.00000000	3.61172		-2.8321  0.2  0.2		4.1705503158		-1.0
	15355.00000000	3.16146		-2.78316  0.2  0.2		4.1705503158		-1.0
	15385.00000000	3.28502		-2.76402  0.2  0.2		4.1705503158		-1.0
	15415.00000000	3.48352		-2.65273  0.2  0.2		4.1705503158		-1.0
	15445.00000000	2.89572		-2.60889  0.2  0.2		4.1705503158		-1.0
	15475.00000000	2.7574		-2.58388  0.2  0.2		4.1705503158		-1.0
	15505.00000000	2.71527		-2.56995  0.2  0.2		4.1705503158		-1.0
	15535.00000000	2.75247		-2.65371  0.2  0.2		4.1705503158		-1.0
	15565.00000000	2.71837		-2.77176  0.2  0.2		4.1705503158		-1.0
	15595.00000000	2.69018		-2.99282  0.2  0.2		4.1705503158		-1.0
	15625.00000000	2.6725		-2.86879  0.2  0.2		4.1705503158		-1.0
	15655.00000000	2.60395		-2.80903  0.2  0.2		4.1705503158		-1.0
	15685.00000000	3.25607		-2.68239  0.2  0.2		4.1705503158		-1.0
	15715.00000000	3.50954		-2.71925  0.2  0.2		4.1705503158		-1.0
	15745.00000000	3.62646		-2.72373  0.2  0.2		4.1705503158		-1.0
	15775.00000000	3.4444		-2.72383  0.2  0.2		4.1705503158		-1.0
	15805.00000000	2.93252		-2.73061  0.2  0.2		4.1705503158		-1.0
	15835.00000000	2.72965		-2.71611  0.2  0.2		4.1705503158		-1.0
	15865.00000000	2.66672		-2.96792  0.2  0.2		4.1705503158		-1.0
	15895.00000000	2.64824		-3.09741  0.2  0.2		4.1705503158		-1.0
	15925.00000000	2.59372		-2.90896  0.2  0.2		4.1705503158		-1.0
	15955.00000000	2.62599		-2.85718  0.2  0.2		4.1705503158		-1.0
	15985.00000000	2.99499		-2.99597  0.2  0.2		4.1705503158		-1.0
	16015.00000000	3.33575		-2.91237  0.2  0.2		4.1705503158		-1.0
	16045.00000000	3.20399		-2.67742  0.2  0.2		4.1705503158		-1.0
	16075.00000000	3.24504		-2.42337  0.2  0.2		4.1705503158		-1.0
	16105.00000000	2.90085		-2.25245  0.2  0.2		4.1705503158		-1.0
	16135.00000000	2.83892		-2.24504  0.2  0.2		4.1705503158		-1.0
	16165.00000000	2.80725		-2.25232  0.2  0.2		4.1705503158		-1.0
	16195.00000000	2.73564		-2.13873  0.2  0.2		4.1705503158		-1.0
	16225.00000000	2.7236		-1.79439  0.2  0.2		4.1705503158		-1.0
	16255.00000000	2.73969		-1.78341  0.2  0.2		4.1705503158		-1.0
	16285.00000000	2.75057		-1.78706  0.2  0.2		4.1705503158		-1.0
	16315.00000000	2.83124		-1.77745  0.2  0.2		4.1705503158		-1.0
	16345.00000000	2.72065		-1.70898  0.2  0.2		4.1705503158		-1.0
	16375.00000000	2.82		-1.60848  0.2  0.2		4.1705503158		-1.0
	16405.00000000	3.33013		-1.76079  0.2  0.2		4.1705503158		-1.0
	16435.00000000	2.85207		-1.92991  0.2  0.2		4.1705503158		-1.0
	16465.00000000	2.79342		-2.22709  0.2  0.2		4.1705503158		-1.0
	16495.00000000	2.76255		-2.54582  0.2  0.2		4.1705503158		-1.0
	16525.00000000	2.72738		-2.39529  0.2  0.2		4.1705503158		-1.0
	16555.00000000	2.66246		-2.22293  0.2  0.2		4.1705503158		-1.0
	16585.00000000	2.64593		-2.03712  0.2  0.2		4.1705503158		-1.0
	16615.00000000	2.68313		-1.98669  0.2  0.2		4.1705503158		-1.0
	16645.00000000	2.69113		-2.12583  0.2  0.2		4.1705503158		-1.0
	16675.00000000	2.69225		-2.05527  0.2  0.2		4.1705503158		-1.0
	16705.00000000	2.65773		-1.98985  0.2  0.2		4.1705503158		-1.0
	16735.00000000	2.69156		-1.73902  0.2  0.2		4.1705503158		-1.0
	16765.00000000	2.76571		-1.59158  0.2  0.2		4.1705503158		-1.0
	16795.00000000	3.31054		-1.6045  0.2  0.2		4.1705503158		-1.0
	16825.00000000	3.15737		-1.56595  0.2  0.2		4.1705503158		-1.0
	16855.00000000	3.13886		-1.56725  0.2  0.2		4.1705503158		-1.0
	16885.00000000	3.01231		-1.59283  0.2  0.2		4.1705503158		-1.0
	16915.00000000	3.59263		-1.82099  0.2  0.2		4.1705503158		-1.0
	16945.00000000	3.08693		-2.03792  0.2  0.2		4.1705503158		-1.0
	16975.00000000	3.57827		-1.97123  0.2  0.2		4.1705503158		-1.0
	17005.00000000	3.38655		-1.79647  0.2  0.2		4.1705503158		-1.0
	17035.00000000	3.41426		-1.75828  0.2  0.2		4.1705503158		-1.0
	17065.00000000	3.38652		-1.99407  0.2  0.2		4.1705503158		-1.0
	17095.00000000	3.36783		-2.17105  0.2  0.2		4.1705503158		-1.0
	17125.00000000	3.4691		-2.40595  0.2  0.2		4.1705503158		-1.0
	17155.00000000	3.58531		-2.53552  0.2  0.2		4.1705503158		-1.0
	17185.00000000	3.33318		-2.59844  0.2  0.2		4.1705503158		-1.0
	17215.00000000	3.28218		-2.69415  0.2  0.2		4.1705503158		-1.0
	17245.00000000	3.82207		-2.68896  0.2  0.2		4.1705503158		-1.0
	17275.00000000	2.9611		-2.69239  0.2  0.2		4.1705503158		-1.0
	17305.00000000	3.17019		-2.99959  0.2  0.2		4.1705503158		-1.0
	17335.00000000	3.7485		-2.95049  0.2  0.2		4.1705503158		-1.0
	17365.00000000	3.66085		-2.79229  0.2  0.2		4.1705503158		-1.0
	17395.00000000	3.66		-3.01304  0.2  0.2		4.1705503158		-1.0
	17425.00000000	3.61215		-3.04448  0.2  0.2		4.1705503158		-1.0
	17455.00000000	3.5282		2.96166  0.2  0.2		4.1705503158		-1.0
	17485.00000000	3.58064		2.75388  0.2  0.2		4.1705503158		-1.0
	17515.00000000	3.53125		2.66346  0.2  0.2		4.1705503158		-1.0
	17545.00000000	3.44456		2.59472  0.2  0.2		4.1705503158		-1.0
	17575.00000000	2.96194		2.6638  0.2  0.2		4.1705503158		-1.0
	17605.00000000	2.85441		2.87067  0.2  0.2		4.1705503158		-1.0
	17635.00000000	2.63038		2.98287  0.2  0.2		4.1705503158		-1.0
	17665.00000000	2.59263		2.89868  0.2  0.2		4.1705503158		-1.0
	17695.00000000	2.60775		2.90264  0.2  0.2		4.1705503158		-1.0
	17725.00000000	2.9644		2.92987  0.2  0.2		4.1705503158		-1.0
	17755.00000000	2.61575		3.05273  0.2  0.2		4.1705503158		-1.0
	17785.00000000	2.63886		2.85229  0.2  0.2		4.1705503158		-1.0
	17815.00000000	2.62653		2.75436  0.2  0.2		4.1705503158		-1.0
	17845.00000000	2.58666		2.7498  0.2  0.2		4.1705503158		-1.0
	17875.00000000	3.18703		2.92902  0.2  0.2		4.1705503158		-1.0
	17905.00000000	2.81504		2.945  0.2  0.2		4.1705503158		-1.0
	17935.00000000	2.59897		-2.98953  0.2  0.2		4.1705503158		-1.0
	17965.00000000	2.65306		-3.02892  0.2  0.2		4.1705503158		-1.0
	17995.00000000	3.17155		3.11297  0.2  0.2		4.1705503158		-1.0
	18025.00000000	3.01651		2.83195  0.2  0.2		4.1705503158		-1.0
	18055.00000000	3.27977		2.60816  0.2  0.2		4.1705503158		-1.0
	18085.00000000	2.89732		2.50633  0.2  0.2		4.1705503158		-1.0
	18115.00000000	3.24221		2.67185  0.2  0.2		4.1705503158		-1.0
	18145.00000000	3.01795		2.62878  0.2  0.2		4.1705503158		-1.0
	18175.00000000	3.4459		2.61471  0.2  0.2		4.1705503158		-1.0
	18205.00000000	3.57264		2.39498  0.2  0.2		4.1705503158		-1.0
	18235.00000000	3.79435		2.4949  0.2  0.2		4.1705503158		-1.0
	18265.00000000	3.22986		2.36683  0.2  0.2		4.1705503158		-1.0
	18295.00000000	2.60935		2.24453  0.2  0.2		4.1705503158		-1.0
	18325.00000000	2.64468		2.12762  0.2  0.2		4.1705503158		-1.0
	18355.00000000	2.65815		2.13471  0.2  0.2		4.1705503158		-1.0
	18385.00000000	2.66995		2.37785  0.2  0.2		4.1705503158		-1.0
	18415.00000000	2.63705		2.47434  0.2  0.2		4.1705503158		-1.0
	18445.00000000	2.71801		2.49404  0.2  0.2		4.1705503158		-1.0
	18475.00000000	2.63981		2.53408  0.2  0.2		4.1705503158		-1.0
	18505.00000000	2.61242		2.50006  0.2  0.2		4.1705503158		-1.0
	18535.00000000	2.66521		2.59965  0.2  0.2		4.1705503158		-1.0
	18565.00000000	2.72306		2.91476  0.2  0.2		4.1705503158		-1.0
	18595.00000000	3.311		3.14011  0.2  0.2		4.1705503158		-1.0
	18625.00000000	3.76466		3.13792  0.2  0.2		4.1705503158		-1.0
	18655.00000000	3.67306		2.92896  0.2  0.2		4.1705503158		-1.0
	18685.00000000	3.76437		2.92848  0.2  0.2		4.1705503158		-1.0
	18715.00000000	3.46603		2.85494  0.2  0.2		4.1705503158		-1.0
	18745.00000000	3.69938		3.01592  0.2  0.2		4.1705503158		-1.0
	18775.00000000	3.90903		-3.10009  0.2  0.2		4.1705503158		-1.0
	18805.00000000	3.722		2.99312  0.2  0.2		4.1705503158		-1.0
	18835.00000000	3.7982		2.92821  0.2  0.2		4.1705503158		-1.0
	18865.00000000	3.9617		2.70961  0.2  0.2		4.1705503158		-1.0
	18895.00000000	3.46098		2.74074  0.2  0.2		4.1705503158		-1.0
	18925.00000000	3.70748		2.87641  0.2  0.2		4.1705503158		-1.0
	18955.00000000	3.56281		2.7016  0.2  0.2		4.1705503158		-1.0
	18985.00000000	3.79131		2.49167  0.2  0.2		4.1705503158		-1.0
	19015.00000000	3.76381		2.39019  0.2  0.2		4.1705503158		-1.0
	19045.00000000	3.59413		2.4534  0.2  0.2		4.1705503158		-1.0
	19075.00000000	3.86106		2.67005  0.2  0.2		4.1705503158		-1.0
	19105.00000000	4.52692		2.67304  0.2  0.2		4.1705503158		-1.0
	19135.00000000	4.48963		2.74222  0.2  0.2		4.1705503158		-1.0
	19165.00000000	3.7783		2.63026  0.2  0.2		4.1705503158		-1.0
	19195.00000000	3.28247		2.56591  0.2  0.2		4.1705503158		-1.0
	19225.00000000	3.23304		2.57054  0.2  0.2		4.1705503158		-1.0
	19255.00000000	3.61089		2.43358  0.2  0.2		4.1705503158		-1.0
	19285.00000000	3.94888		2.25786  0.2  0.2		4.1705503158		-1.0
	19315.00000000	3.55477		2.09488  0.2  0.2		4.1705503158		-1.0
	19345.00000000	3.6229		2.10265  0.2  0.2		4.1705503158		-1.0
	19375.00000000	3.83899		2.14267  0.2  0.2		4.1705503158		-1.0
	19405.00000000	3.48659		2.14046  0.2  0.2		4.1705503158		-1.0
	19435.00000000	3.07039		2.35621  0.2  0.2		4.1705503158		-1.0
	19465.00000000	3.66778		2.32505  0.2  0.2		4.1705503158		-1.0
	19495.00000000	4.01505		2.22354  0.2  0.2		4.1705503158		-1.0
	19525.00000000	3.90093		2.05112  0.2  0.2		4.1705503158		-1.0
	19555.00000000	3.6784		2.09868  0.2  0.2		4.1705503158		-1.0
	19585.00000000	3.04265		2.30956  0.2  0.2		4.1705503158		-1.0
	19615.00000000	3.17934		2.29742  0.2  0.2		4.1705503158		-1.0
	19645.00000000	3.06112		2.33235  0.2  0.2		4.1705503158		-1.0
	19675.00000000	3.532		2.11012  0.2  0.2		4.1705503158		-1.0
	19705.00000000	3.93119		2.03675  0.2  0.2		4.1705503158		-1.0
	19735.00000000	4.38852		1.96918  0.2  0.2		4.1705503158		-1.0
	19765.00000000	4.31607		1.99636  0.2  0.2		4.1705503158		-1.0
	19795.00000000	4.3201		2.15533  0.2  0.2		4.1705503158		-1.0
	19825.00000000	4.1779		2.04706  0.2  0.2		4.1705503158		-1.0
	19855.00000000	3.62066		1.72895  0.2  0.2		4.1705503158		-1.0
	19885.00000000	3.43097		1.59387  0.2  0.2		4.1705503158		-1.0
	19915.00000000	3.01273		1.76276  0.2  0.2		4.1705503158		-1.0
	19945.00000000	2.74983		1.89142  0.2  0.2		4.1705503158		-1.0
	19975.00000000	2.74791		1.89876  0.2  0.2		4.1705503158		-1.0
	20005.00000000	2.63443		1.74694  0.2  0.2		4.1705503158		-1.0
	20035.00000000	2.65898		1.66197  0.2  0.2		4.1705503158		-1.0
	20065.00000000	2.6819		1.57701  0.2  0.2		4.1705503158		-1.0
	20095.00000000	2.65683		1.48872  0.2  0.2		4.1705503158		-1.0
	20125.00000000	2.73207		1.50992  0.2  0.2		4.1705503158		-1.0
	20155.00000000	2.65651		1.31205  0.2  0.2		4.1705503158		-1.0
	20185.00000000	2.63235		0.88905  0.2  0.2		4.1705503158		-1.0
	20215.00000000	2.78184		0.41227  0.2  0.2		4.1705503158		-1.0
	20245.00000000	2.72535		0.31018  0.2  0.2		4.1705503158		-1.0
	20275.00000000	2.76639		0.26387  0.2  0.2		4.1705503158		-1.0
	20305.00000000	2.86927		-0.22163  0.2  0.2		4.1705503158		-1.0
	20335.00000000	2.66957		-0.81766  0.2  0.2		4.1705503158		-1.0
	20365.00000000	2.61642		-1.21114  0.2  0.2		4.1705503158		-1.0
	20395.00000000	2.70675		-1.02014  0.2  0.2		4.1705503158		-1.0
	20425.00000000	2.86452		-1.01934  0.2  0.2		4.1705503158		-1.0
	20455.00000000	2.70242		-1.00853  0.2  0.2		4.1705503158		-1.0
	20485.00000000	2.72828		-1.06501  0.2  0.2		4.1705503158		-1.0
	20515.00000000	2.73916		-1.11963  0.2  0.2		4.1705503158		-1.0
	20545.00000000	2.60713		-1.17012  0.2  0.2		4.1705503158		-1.0
	20575.00000000	2.6051		-1.18676  0.2  0.2		4.1705503158		-1.0
	20605.00000000	2.66362		-1.29817  0.2  0.2		4.1705503158		-1.0
	20635.00000000	2.6565		-1.46706  0.2  0.2		4.1705503158		-1.0
	20665.00000000	2.64145		-1.56404  0.2  0.2		4.1705503158		-1.0
	20695.00000000	2.67787		-1.36757  0.2  0.2		4.1705503158		-1.0
	20725.00000000	2.63249		-1.38197  0.2  0.2		4.1705503158		-1.0
	20754.99999999	2.73979		-1.47436  0.2  0.2		4.1705503158		-1.0
	20784.99999999	3.69314		-1.37847  0.2  0.2		4.1705503158		-1.0
	20814.99999999	3.47337		-1.56855  0.2  0.2		4.1705503158		-1.0
	20844.99999999	3.55133		-1.60262  0.2  0.2		4.1705503158		-1.0
	20874.99999999	3.45351		-1.53333  0.2  0.2		4.1705503158		-1.0
	20904.99999999	3.08758		-1.32672  0.2  0.2		4.1705503158		-1.0
	20934.99999999	3.67306		-1.18033  0.2  0.2		4.1705503158		-1.0
	20964.99999999	3.57681		-1.08378  0.2  0.2		4.1705503158		-1.0
	20994.99999999	3.48147		-0.99311  0.2  0.2		4.1705503158		-1.0
	21024.99999999	3.45781		-1.0976  0.2  0.2		4.1705503158		-1.0
	21054.99999999	3.10035		-1.05996  0.2  0.2		4.1705503158		-1.0
	21084.99999999	3.14795		-0.72907  0.2  0.2		4.1705503158		-1.0
	21114.99999999	3.54924		-0.35411  0.2  0.2		4.1705503158		-1.0
	21144.99999999	3.31849		-0.45575  0.2  0.2		4.1705503158		-1.0
	21174.99999999	3.37063		-0.69565  0.2  0.2		4.1705503158		-1.0
	21204.99999999	2.59574		-0.70617  0.2  0.2		4.1705503158		-1.0
	21234.99999999	3.20242		-0.6553  0.2  0.2		4.1705503158		-1.0
	21264.99999999	3.61551		-0.51092  0.2  0.2		4.1705503158		-1.0
	21294.99999999	3.36656		-0.47136  0.2  0.2		4.1705503158		-1.0
	21324.99999999	3.49333		-0.34379  0.2  0.2		4.1705503158		-1.0
	21354.99999999	3.42956		-0.16494  0.2  0.2		4.1705503158		-1.0
	21384.99999999	3.03482		0.12199  0.2  0.2		4.1705503158		-1.0
	21414.99999999	2.6096		0.44161  0.2  0.2		4.1705503158		-1.0
	21444.99999999	2.63732		0.68654  0.2  0.2		4.1705503158		-1.0
	21474.99999999	2.67243		0.71865  0.2  0.2		4.1705503158		-1.0
	21504.99999999	2.63824		0.67284  0.2  0.2		4.1705503158		-1.0
	21534.99999999	2.87512		0.18604  0.2  0.2		4.1705503158		-1.0
	21564.99999999	3.38151		-0.36687  0.2  0.2		4.1705503158		-1.0
	21594.99999999	3.66727		-0.27342  0.2  0.2		4.1705503158		-1.0
	21624.99999999	3.73393		-0.32609  0.2  0.2		4.1705503158		-1.0
	21654.99999999	3.59758		-0.57614  0.2  0.2		4.1705503158		-1.0
	21684.99999999	3.75881		-0.9274  0.2  0.2		4.1705503158		-1.0
	21714.99999999	3.57948		-0.88373  0.2  0.2		4.1705503158		-1.0
	21744.99999999	3.78393		-0.76985  0.2  0.2		4.1705503158		-1.0
	21774.99999999	3.33472		-0.81772  0.2  0.2		4.1705503158		-1.0
	21804.99999999	2.64784		-0.75984  0.2  0.2		4.1705503158		-1.0
	21834.99999999	2.8767		-0.51994  0.2  0.2		4.1705503158		-1.0
	21864.99999999	2.64419		-0.58971  0.2  0.2		4.1705503158		-1.0
	21894.99999999	2.64462		-0.45881  0.2  0.2		4.1705503158		-1.0
	21924.99999999	2.67572		-0.25337  0.2  0.2		4.1705503158		-1.0
	21954.99999999	2.81929		0.02722  0.2  0.2		4.1705503158		-1.0
	21984.99999999	2.85235		0.1194  0.2  0.2		4.1705503158		-1.0
	22014.99999999	3.24777		-0.05911  0.2  0.2		4.1705503158		-1.0
	22044.99999999	3.49138		-0.24645  0.2  0.2		4.1705503158		-1.0
	22074.99999999	3.72428		-0.13286  0.2  0.2		4.1705503158		-1.0
	22104.99999999	3.74429		-0.01968  0.2  0.2		4.1705503158		-1.0
	22134.99999999	3.13511		-0.02874  0.2  0.2		4.1705503158		-1.0
	22164.99999999	3.19393		-0.02933  0.2  0.2		4.1705503158		-1.0
	22194.99999999	3.76174		0.09265  0.2  0.2		4.1705503158		-1.0
	22224.99999999	3.4697		0.39129  0.2  0.2		4.1705503158		-1.0
	22254.99999999	3.68005		0.40523  0.2  0.2		4.1705503158		-1.0
	22284.99999999	3.58039		0.47441  0.2  0.2		4.1705503158		-1.0
	22314.99999999	3.36141		0.58284  0.2  0.2		4.1705503158		-1.0
	22344.99999999	3.06868		0.70405  0.2  0.2		4.1705503158		-1.0
	22374.99999999	3.19517		0.69525  0.2  0.2		4.1705503158		-1.0
	22404.99999999	3.74363		0.79341  0.2  0.2		4.1705503158		-1.0
	22434.99999999	3.83092		0.77425  0.2  0.2		4.1705503158		-1.0
	22464.99999999	3.67387		0.74746  0.2  0.2		4.1705503158		-1.0
	22494.99999999	3.80332		0.73176  0.2  0.2		4.1705503158		-1.0
	22524.99999999	3.96113		0.93281  0.2  0.2		4.1705503158		-1.0
	22554.99999999	3.88638		1.02664  0.2  0.2		4.1705503158		-1.0
	22584.99999999	3.45444		1.0461  0.2  0.2		4.1705503158		-1.0
	22614.99999999	2.99665		1.06788  0.2  0.2		4.1705503158		-1.0
	22644.99999999	3.3406		1.04636  0.2  0.2		4.1705503158		-1.0
	22674.99999999	3.57166		1.21494  0.2  0.2		4.1705503158		-1.0
	22704.99999999	4.23788		1.33197  0.2  0.2		4.1705503158		-1.0
	22734.99999999	3.79619		1.33828  0.2  0.2		4.1705503158		-1.0
	22764.99999999	3.90495		1.58593  0.2  0.2		4.1705503158		-1.0
	22794.99999999	3.71296		1.7107  0.2  0.2		4.1705503158		-1.0
	22824.99999999	3.71086		1.60568  0.2  0.2		4.1705503158		-1.0
	22854.99999999	3.62313		1.43216  0.2  0.2		4.1705503158		-1.0
	22884.99999999	3.29331		1.48142  0.2  0.2		4.1705503158		-1.0
	22914.99999999	3.25539		1.46338  0.2  0.2		4.1705503158		-1.0
	22944.99999999	3.26444		1.47161  0.2  0.2		4.1705503158		-1.0
	22974.99999999	3.1137		1.39085  0.2  0.2		4.1705503158		-1.0
	23004.99999999	3.1347		1.25375  0.2  0.2		4.1705503158		-1.0
	23034.99999999	3.14004		1.05714  0.2  0.2		4.1705503158		-1.0
	23064.99999999	3.12129		1.21728  0.2  0.2		4.1705503158		-1.0
	23094.99999999	2.83861		1.11624  0.2  0.2		4.1705503158		-1.0
	23124.99999999	2.69013		1.10354  0.2  0.2		4.1705503158		-1.0
	23154.99999999	2.60404		0.96009  0.2  0.2		4.1705503158		-1.0
	23184.99999999	2.71248		0.83155  0.2  0.2		4.1705503158		-1.0
	23214.99999999	2.76113		1.06696  0.2  0.2		4.1705503158		-1.0
	23244.99999999	2.61946		1.25474  0.2  0.2		4.1705503158		-1.0
	23274.99999999	2.70349		1.18525  0.2  0.2		4.1705503158		-1.0
	23304.99999999	2.66014		0.87529  0.2  0.2		4.1705503158		-1.0
	23334.99999999	2.70207		0.55658  0.2  0.2		4.1705503158		-1.0
	23364.99999999	3.2248		0.52239  0.2  0.2		4.1705503158		-1.0
	23394.99999999	4.00256		0.46078  0.2  0.2		4.1705503158		-1.0
	23424.99999999	3.56386		0.39591  0.2  0.2		4.1705503158		-1.0
	23454.99999999	3.48006		0.14914  0.2  0.2		4.1705503158		-1.0
	23484.99999999	4.09309		0.22648  0.2  0.2		4.1705503158		-1.0
	23514.99999999	3.48392		0.48564  0.2  0.2		4.1705503158		-1.0
	23544.99999999	3.55129		0.31908  0.2  0.2		4.1705503158		-1.0
	23574.99999999	3.94047		0.25783  0.2  0.2		4.1705503158		-1.0
	23604.99999999	3.24963		0.26491  0.2  0.2		4.1705503158		-1.0
	23634.99999999	3.26063		0.20777  0.2  0.2		4.1705503158		-1.0
	23664.99999999	2.84786		0.42556  0.2  0.2		4.1705503158		-1.0
	23694.99999999	2.69096		0.40074  0.2  0.2		4.1705503158		-1.0
	23724.99999999	2.66428		0.00646  0.2  0.2		4.1705503158		-1.0
	23754.99999999	3.01554		-0.24769  0.2  0.2		4.1705503158		-1.0
	23784.99999999	2.84111		-0.5799  0.2  0.2		4.1705503158		-1.0
	23814.99999999	3.43279		-0.79532  0.2  0.2		4.1705503158		-1.0
	23844.99999999	2.9928		-0.84357  0.2  0.2		4.1705503158		-1.0
	23874.99999999	2.75421		-0.70714  0.2  0.2		4.1705503158		-1.0
	23904.99999999	2.74507		-0.69549  0.2  0.2		4.1705503158		-1.0
	23934.99999999	2.64567		-0.4192  0.2  0.2		4.1705503158		-1.0
	23964.99999999	3.15728		-0.67549  0.2  0.2		4.1705503158		-1.0
	23994.99999999	3.91014		-0.69719  0.2  0.2		4.1705503158		-1.0
	24024.99999999	3.72976		-0.59035  0.2  0.2		4.1705503158		-1.0
	24054.99999999	3.52368		-0.38928  0.2  0.2		4.1705503158		-1.0
	24084.99999999	2.83734		-0.23553  0.2  0.2		4.1705503158		-1.0
	24114.99999999	2.61507		-0.28794  0.2  0.2		4.1705503158		-1.0
	24144.99999999	2.67186		-0.32859  0.2  0.2		4.1705503158		-1.0
	24174.99999999	2.56705		-0.7189  0.2  0.2		4.1705503158		-1.0
	24204.99999999	2.62323		-1.01895  0.2  0.2		4.1705503158		-1.0
	24234.99999999	2.66111		-1.14533  0.2  0.2		4.1705503158		-1.0
	24264.99999999	2.74244		-0.71901  0.2  0.2		4.1705503158		-1.0
	24294.99999999	3.216		-0.46374  0.2  0.2		4.1705503158		-1.0
	24324.99999999	3.01469		-0.42411  0.2  0.2		4.1705503158		-1.0
	24354.99999999	3.17307		-0.33155  0.2  0.2		4.1705503158		-1.0
	24384.99999999	3.08337		-0.2726  0.2  0.2		4.1705503158		-1.0
	24414.99999999	3.47842		-0.141  0.2  0.2		4.1705503158		-1.0
	24444.99999999	4.05839		-0.06011  0.2  0.2		4.1705503158		-1.0
	24474.99999999	3.88497		-0.22404  0.2  0.2		4.1705503158		-1.0
	24504.99999999	3.27987		-0.27769  0.2  0.2		4.1705503158		-1.0
	24534.99999999	2.64425		-0.19271  0.2  0.2		4.1705503158		-1.0
	24564.99999999	2.64407		-0.07686  0.2  0.2		4.1705503158		-1.0
	24594.99999999	2.69871		0.12373  0.2  0.2		4.1705503158		-1.0
	24624.99999999	2.81964		0.11151  0.2  0.2		4.1705503158		-1.0
	24654.99999999	3.76743		-0.07603  0.2  0.2		4.1705503158		-1.0
	24684.99999999	4.16928		0.04585  0.2  0.2		4.1705503158		-1.0
	24714.99999999	3.58993		0.2767  0.2  0.2		4.1705503158		-1.0
	24744.99999999	3.49684		0.26498  0.2  0.2		4.1705503158		-1.0
	24774.99999999	3.95455		0.21187  0.2  0.2		4.1705503158		-1.0
	24804.99999999	3.69987		0.3088  0.2  0.2		4.1705503158		-1.0
	24834.99999999	3.76991		0.50999  0.2  0.2		4.1705503158		-1.0
	24864.99999999	3.61495		0.91869  0.2  0.2		4.1705503158		-1.0
	24894.99999999	3.07873		0.7181  0.2  0.2		4.1705503158		-1.0
	24924.99999999	3.09251		0.22456  0.2  0.2		4.1705503158		-1.0
	24954.99999999	3.21791		0.01028  0.2  0.2		4.1705503158		-1.0
	24984.99999999	3.38177		0.12055  0.2  0.2		4.1705503158		-1.0
	25014.99999999	2.99396		0.38902  0.2  0.2		4.1705503158		-1.0
	25044.99999999	3.0571		0.63843  0.2  0.2		4.1705503158		-1.0
	25074.99999999	3.01272		0.64187  0.2  0.2		4.1705503158		-1.0
	25104.99999999	2.87944		0.45358  0.2  0.2		4.1705503158		-1.0
	25134.99999999	3.11861		0.4923  0.2  0.2		4.1705503158		-1.0
	25164.99999999	3.26272		0.89733  0.2  0.2		4.1705503158		-1.0
	25194.99999999	3.12109		1.02448  0.2  0.2		4.1705503158		-1.0
	25224.99999999	3.48153		0.74792  0.2  0.2		4.1705503158		-1.0
	25254.99999999	4.14941		0.55751  0.2  0.2		4.1705503158		-1.0
	25284.99999999	4.54935		0.50874  0.2  0.2		4.1705503158		-1.0
	25314.99999999	4.42094		0.49432  0.2  0.2		4.1705503158		-1.0
	25344.99999999	4.04546		0.7974  0.2  0.2		4.1705503158		-1.0
	25374.99999999	3.85311		0.91971  0.2  0.2		4.1705503158		-1.0
	25404.99999999	3.83302		1.1455  0.2  0.2		4.1705503158		-1.0
	25434.99999999	4.25624		1.21649  0.2  0.2		4.1705503158		-1.0
	25464.99999999	4.61219		1.05745  0.2  0.2		4.1705503158		-1.0
	25494.99999999	4.53141		1.07624  0.2  0.2		4.1705503158		-1.0
	25524.99999999	4.08548		1.04386  0.2  0.2		4.1705503158		-1.0
	25554.99999999	3.9311		1.22119  0.2  0.2		4.1705503158		-1.0
	25584.99999999	3.76094		1.34408  0.2  0.2		4.1705503158		-1.0
	25614.99999999	3.42391		1.38903  0.2  0.2		4.1705503158		-1.0
	25644.99999999	4.01069		1.28078  0.2  0.2		4.1705503158		-1.0
	25674.99999999	4.91178		1.24027  0.2  0.2		4.1705503158		-1.0
	25704.99999999	5.5054		1.12868  0.2  0.2		4.1705503158		-1.0
	25734.99999999	5.99973		1.15479  0.2  0.2		4.1705503158		-1.0
	25764.99999999	5.90287		1.29202  0.2  0.2		4.1705503158		-1.0
	25794.99999999	6.15317		1.3218  0.2  0.2		4.1705503158		-1.0
	25824.99999999	6.76379		1.36524  0.2  0.2		4.1705503158		-1.0
	25854.99999999	7.1445		1.22142  0.2  0.2		4.1705503158		-1.0
	25884.99999999	7.54923		1.05277  0.2  0.2		4.1705503158		-1.0
	25914.99999999	7.63025		1.13747  0.2  0.2		4.1705503158		-1.0
	25944.99999999	8.03345		1.36233  0.2  0.2		4.1705503158		-1.0
	25974.99999999	8.77704		1.27249  0.2  0.2		4.1705503158		-1.0
	26004.99999999	9.30694		1.22776  0.2  0.2		4.1705503158		-1.0
	26034.99999999	9.94345		1.33579  0.2  0.2		4.1705503158		-1.0
	26064.99999999	10.29017		1.25558  0.2  0.2		4.1705503158		-1.0
	26094.99999999	10.62247		1.21673  0.2  0.2		4.1705503158		-1.0
	26124.99999999	11.04581		1.38692  0.2  0.2		4.1705503158		-1.0
	26154.99999999	11.62817		1.35949  0.2  0.2		4.1705503158		-1.0
	26184.99999999	11.85548		1.18439  0.2  0.2		4.1705503158		-1.0
	26214.99999999	11.9743		1.21021  0.2  0.2		4.1705503158		-1.0
	26244.99999999	11.93278		0.89573  0.2  0.2		4.1705503158		-1.0
	26274.99999999	11.54737		1.00068  0.2  0.2		4.1705503158		-1.0
	26304.99999999	10.85652		0.93485  0.2  0.2		4.1705503158		-1.0
	26334.99999999	10.27181		1.08921  0.2  0.2		4.1705503158		-1.0
	26364.99999999	9.63194		1.26465  0.2  0.2		4.1705503158		-1.0
	26394.99999999	9.16679		1.45209  0.2  0.2		4.1705503158		-1.0
	26424.99999999	8.95574		1.66037  0.2  0.2		4.1705503158		-1.0
	26454.99999999	9.10359		1.69557  0.2  0.2		4.1705503158		-1.0
	26484.99999999	9.30866		1.68295  0.2  0.2		4.1705503158		-1.0
	26514.99999999	9.91425		1.68628  0.2  0.2		4.1705503158		-1.0
	26544.99999999	10.6552		1.7288  0.2  0.2		4.1705503158		-1.0
	26574.99999999	11.48619		1.74641  0.2  0.2		4.1705503158		-1.0
	26604.99999999	11.86429		1.83838  0.2  0.2		4.1705503158		-1.0
	26634.99999999	12.02172		1.80243  0.2  0.2		4.1705503158		-1.0
	26664.99999999	11.81606		1.80145  0.2  0.2		4.1705503158		-1.0
	26694.99999999	11.3002		1.68013  0.2  0.2		4.1705503158		-1.0
	26724.99999999	10.72374		1.90843  0.2  0.2		4.1705503158		-1.0
	26754.99999999	10.16301		1.9986  0.2  0.2		4.1705503158		-1.0
	26784.99999999	9.909		2.04224  0.2  0.2		4.1705503158		-1.0
	26814.99999999	9.49929		2.07194  0.2  0.2		4.1705503158		-1.0
	26844.99999999	9.0911		2.13506  0.2  0.2		4.1705503158		-1.0
	26874.99999999	8.31889		2.22332  0.2  0.2		4.1705503158		-1.0
	26904.99999999	7.55795		2.06654  0.2  0.2		4.1705503158		-1.0
	26934.99999999	7.92973		1.94722  0.2  0.2		4.1705503158		-1.0
	26964.99999999	8.55629		2.10113  0.2  0.2		4.1705503158		-1.0
	26994.99999999	8.95729		2.536  0.2  0.2		4.1705503158		-1.0
	27024.99999999	9.1932		2.70666  0.2  0.2		4.1705503158		-1.0
	27054.99999999	9.53425		2.57377  0.2  0.2		4.1705503158		-1.0
	27084.99999999	10.05702		2.45621  0.2  0.2		4.1705503158		-1.0
	27114.99999999	10.65786		2.40297  0.2  0.2		4.1705503158		-1.0
	27144.99999999	10.82876		2.60988  0.2  0.2		4.1705503158		-1.0
	27174.99999999	11.2172		2.78622  0.2  0.2		4.1705503158		-1.0
	27204.99999999	11.17657		2.87035  0.2  0.2		4.1705503158		-1.0
	27234.99999998	11.46429		2.75615  0.2  0.2		4.1705503158		-1.0
	27264.99999998	11.72222		2.42021  0.2  0.2		4.1705503158		-1.0
	27294.99999998	11.54564		2.34267  0.2  0.2		4.1705503158		-1.0
	27324.99999998	11.39811		2.47289  0.2  0.2		4.1705503158		-1.0
	27354.99999998	10.79839		2.36569  0.2  0.2		4.1705503158		-1.0
	27384.99999998	10.23359		2.21203  0.2  0.2		4.1705503158		-1.0
	27414.99999998	9.57037		2.18481  0.2  0.2		4.1705503158		-1.0
	27444.99999998	9.03983		2.06864  0.2  0.2		4.1705503158		-1.0
	27474.99999998	8.67512		1.79468  0.2  0.2		4.1705503158		-1.0
	27504.99999998	8.30123		1.72796  0.2  0.2		4.1705503158		-1.0
	27534.99999998	8.33547		1.70789  0.2  0.2		4.1705503158		-1.0
	27564.99999998	8.58912		1.49622  0.2  0.2		4.1705503158		-1.0
	27594.99999998	9.45517		1.67909  0.2  0.2		4.1705503158		-1.0
	27624.99999998	10.31144		1.74451  0.2  0.2		4.1705503158		-1.0
	27654.99999998	11.19654		1.87513  0.2  0.2		4.1705503158		-1.0
	27684.99999998	11.77008		1.85339  0.2  0.2		4.1705503158		-1.0
	27714.99999998	11.62509		1.68043  0.2  0.2		4.1705503158		-1.0
	27744.99999998	11.0248		1.65898  0.2  0.2		4.1705503158		-1.0
	27774.99999998	10.37205		1.46637  0.2  0.2		4.1705503158		-1.0
	27804.99999998	9.64046		1.31446  0.2  0.2		4.1705503158		-1.0
	27834.99999998	9.14619		1.07808  0.2  0.2		4.1705503158		-1.0
	27864.99999998	8.33539		0.89901  0.2  0.2		4.1705503158		-1.0
	27894.99999998	7.74421		0.61109  0.2  0.2		4.1705503158		-1.0
	27924.99999998	7.30199		0.53667  0.2  0.2		4.1705503158		-1.0
	27954.99999998	6.76687		0.44773  0.2  0.2		4.1705503158		-1.0
	27984.99999998	6.30987		0.29113  0.2  0.2		4.1705503158		-1.0
	28014.99999998	5.67355		0.1161  0.2  0.2		4.1705503158		-1.0
	28044.99999998	5.56975		0.26518  0.2  0.2		4.1705503158		-1.0
	28074.99999998	5.27008		0.38255  0.2  0.2		4.1705503158		-1.0
	28104.99999998	4.91411		0.5219  0.2  0.2		4.1705503158		-1.0
	28134.99999998	4.70279		0.70218  0.2  0.2		4.1705503158		-1.0
	28164.99999998	5.37184		0.57803  0.2  0.2		4.1705503158		-1.0
	28194.99999998	6.29616		0.49568  0.2  0.2		4.1705503158		-1.0
	28224.99999998	6.83283		0.64027  0.2  0.2		4.1705503158		-1.0
	28254.99999998	7.43851		0.67111  0.2  0.2		4.1705503158		-1.0
	28284.99999998	7.56817		0.64337  0.2  0.2		4.1705503158		-1.0
	28314.99999998	7.98405		0.79085  0.2  0.2		4.1705503158		-1.0
	28344.99999998	8.87068		0.91119  0.2  0.2		4.1705503158		-1.0
	28374.99999998	9.29527		0.89802  0.2  0.2		4.1705503158		-1.0
	28404.99999998	9.95587		0.81814  0.2  0.2		4.1705503158		-1.0
	28434.99999998	10.33192		0.49436  0.2  0.2		4.1705503158		-1.0
	28464.99999998	10.82116		0.56627  0.2  0.2		4.1705503158		-1.0
	28494.99999998	11.11693		0.47628  0.2  0.2		4.1705503158		-1.0
	28524.99999998	11.68652		0.44575  0.2  0.2		4.1705503158		-1.0
	28554.99999998	11.53318		0.51573  0.2  0.2		4.1705503158		-1.0
	28584.99999998	11.30473		0.58445  0.2  0.2		4.1705503158		-1.0
	28614.99999998	10.57193		0.53243  0.2  0.2		4.1705503158		-1.0
	28644.99999998	10.24407		0.68257  0.2  0.2		4.1705503158		-1.0
	28674.99999998	9.69311		0.66052  0.2  0.2		4.1705503158		-1.0
	28704.99999998	9.1242		0.5572  0.2  0.2		4.1705503158		-1.0
	28734.99999998	8.56104		0.44685  0.2  0.2		4.1705503158		-1.0
	28764.99999998	8.05544		0.35027  0.2  0.2		4.1705503158		-1.0
	28794.99999998	7.6286		0.18486  0.2  0.2		4.1705503158		-1.0
	28824.99999998	7.14926		0.30798  0.2  0.2		4.1705503158		-1.0
	28854.99999998	6.80016		0.4589  0.2  0.2		4.1705503158		-1.0
	28884.99999998	6.14785		0.37069  0.2  0.2		4.1705503158		-1.0
	28914.99999998	5.5245		0.47148  0.2  0.2		4.1705503158		-1.0
	28944.99999998	5.86848		0.73842  0.2  0.2		4.1705503158		-1.0
	28974.99999998	6.43688		0.77844  0.2  0.2		4.1705503158		-1.0
	29004.99999998	6.86031		0.77871  0.2  0.2		4.1705503158		-1.0
	29034.99999998	6.76799		1.11163  0.2  0.2		4.1705503158		-1.0
	29064.99999998	6.35772		1.19713  0.2  0.2		4.1705503158		-1.0
	29094.99999998	5.89334		1.12434  0.2  0.2		4.1705503158		-1.0
	29124.99999998	5.08734		0.99175  0.2  0.2		4.1705503158		-1.0
	29154.99999998	4.09575		0.88308  0.2  0.2		4.1705503158		-1.0
	29184.99999998	3.65963		0.7781  0.2  0.2		4.1705503158		-1.0
	29214.99999998	3.28433		0.85281  0.2  0.2		4.1705503158		-1.0
	29244.99999998	3.45138		0.81951  0.2  0.2		4.1705503158		-1.0
	29274.99999998	4.26414		0.73676  0.2  0.2		4.1705503158		-1.0
	29304.99999998	5.22214		0.58732  0.2  0.2		4.1705503158		-1.0
