	30.00000000	2.89123		1.17909  0.2  0.2		4.1705503158		-1.0
	60.00000000	2.95859		1.20446  0.2  0.2		4.1705503158		-1.0
	90.00000000	2.96526		1.18826  0.2  0.2		4.1705503158		-1.0
	120.00000000	2.93896		1.08703  0.2  0.2		4.1705503158		-1.0
	150.00000000	2.87559		0.99089  0.2  0.2		4.1705503158		-1.0
	180.00000000	3.08617		0.71465  0.2  0.2		4.1705503158		-1.0
	210.00000000	2.93531		0.45024  0.2  0.2		4.1705503158		-1.0
	240.00000000	2.9313		0.49237  0.2  0.2		4.1705503158		-1.0
	270.00000000	2.9636		0.65288  0.2  0.2		4.1705503158		-1.0
	300.00000000	2.8813		0.92441  0.2  0.2		4.1705503158		-1.0
	330.00000000	3.08627		0.82958  0.2  0.2		4.1705503158		-1.0
	360.00000000	2.8835		0.62951  0.2  0.2		4.1705503158		-1.0
	390.00000000	2.94809		0.74913  0.2  0.2		4.1705503158		-1.0
	420.00000000	3.00981		1.43374  0.2  0.2		4.1705503158		-1.0
	450.00000000	2.91564		1.63602  0.2  0.2		4.1705503158		-1.0
	480.00000000	2.95821		1.60019  0.2  0.2		4.1705503158		-1.0
	510.00000000	2.94042		1.6875  0.2  0.2		4.1705503158		-1.0
	540.00000000	3.05395		1.88268  0.2  0.2		4.1705503158		-1.0
	570.00000000	2.9781		1.99223  0.2  0.2		4.1705503158		-1.0
	600.00000000	2.83802		2.10092  0.2  0.2		4.1705503158		-1.0
	630.00000000	2.86359		1.93299  0.2  0.2		4.1705503158		-1.0
	660.00000000	3.05702		1.6648  0.2  0.2		4.1705503158		-1.0
	690.00000000	2.9459		1.51256  0.2  0.2		4.1705503158		-1.0
	720.00000000	2.92399		1.48234  0.2  0.2		4.1705503158		-1.0
	750.00000000	2.84407		1.41935  0.2  0.2		4.1705503158		-1.0
	780.00000000	2.83868		1.1915  0.2  0.2		4.1705503158		-1.0
	810.00000000	3.15706		1.05803  0.2  0.2		4.1705503158		-1.0
	840.00000000	3.02621		1.13519  0.2  0.2		4.1705503158		-1.0
	870.00000000	2.77738		1.1491  0.2  0.2		4.1705503158		-1.0
	900.00000000	3.22196		1.27051  0.2  0.2		4.1705503158		-1.0
	930.00000000	2.89924		1.3452  0.2  0.2		4.1705503158		-1.0
	960.00000000	2.74678		1.47263  0.2  0.2		4.1705503158		-1.0
	990.00000000	2.7667		1.68345  0.2  0.2		4.1705503158		-1.0
	1020.00000000	3.22695		1.7997  0.2  0.2		4.1705503158		-1.0
	1050.00000000	2.78698		1.92165  0.2  0.2		4.1705503158		-1.0
	1080.00000000	3.11384		2.01495  0.2  0.2		4.1705503158		-1.0
	1110.00000000	3.00593		2.26662  0.2  0.2		4.1705503158		-1.0
	1140.00000000	2.91981		2.47527  0.2  0.2		4.1705503158		-1.0
	1170.00000000	2.85418		2.5949  0.2  0.2		4.1705503158		-1.0
	1200.00000000	2.89893		2.75126  0.2  0.2		4.1705503158		-1.0
	1230.00000000	2.91827		2.96178  0.2  0.2		4.1705503158		-1.0
	1260.00000000	3.01941		3.04  0.2  0.2		4.1705503158		-1.0
	1290.00000000	2.83825		-3.08108  0.2  0.2		4.1705503158		-1.0
	1320.00000000	2.83825		-2.92846  0.2  0.2		4.1705503158		-1.0
	1350.00000000	2.92364		-2.88357  0.2  0.2		4.1705503158		-1.0
	1380.00000000	3.08441		-2.99274  0.2  0.2		4.1705503158		-1.0
	1410.00000000	2.95792		-3.05987  0.2  0.2		4.1705503158		-1.0
	1440.00000000	2.82826		3.00344  0.2  0.2		4.1705503158		-1.0
	1470.00000000	3.02983		2.90091  0.2  0.2		4.1705503158		-1.0
	1500.00000000	3.00657		2.88619  0.2  0.2		4.1705503158		-1.0
	1530.00000000	3.02342		2.95381  0.2  0.2		4.1705503158		-1.0
	1560.00000000	2.7623		-3.13881  0.2  0.2		4.1705503158		-1.0
	1590.00000000	2.70382		3.07903  0.2  0.2		4.1705503158		-1.0
	1620.00000000	3.26738		2.98013  0.2  0.2		4.1705503158		-1.0
	1650.00000000	2.99417		2.86709  0.2  0.2		4.1705503158		-1.0
	1680.00000000	2.86835		2.7356  0.2  0.2		4.1705503158		-1.0
	1710.00000000	3.06506		2.58983  0.2  0.2		4.1705503158		-1.0
	1740.00000000	2.8584		2.6242  0.2  0.2		4.1705503158		-1.0
	1770.00000000	3.22915		2.5984  0.2  0.2		4.1705503158		-1.0
	1800.00000000	2.92377		2.47049  0.2  0.2		4.1705503158		-1.0
	1830.00000000	2.97449		2.26686  0.2  0.2		4.1705503158		-1.0
	1860.00000000	2.88413		2.39435  0.2  0.2		4.1705503158		-1.0
	1890.00000000	3.02614		2.34884  0.2  0.2		4.1705503158		-1.0
	1920.00000000	3.05288		2.56233  0.2  0.2		4.1705503158		-1.0
	1950.00000000	2.7824		2.687  0.2  0.2		4.1705503158		-1.0
	1980.00000000	3.13456		2.61973  0.2  0.2		4.1705503158		-1.0
	2010.00000000	3.08279		2.66175  0.2  0.2		4.1705503158		-1.0
	2040.00000000	2.72925		2.67307  0.2  0.2		4.1705503158		-1.0
	2070.00000000	2.77258		3.00587  0.2  0.2		4.1705503158		-1.0
	2100.00000000	2.98341		2.96322  0.2  0.2		4.1705503158		-1.0
	2130.00000000	2.64745		2.70144  0.2  0.2		4.1705503158		-1.0
	2160.00000000	2.63506		2.61245  0.2  0.2		4.1705503158		-1.0
	2190.00000000	3.32801		2.62149  0.2  0.2		4.1705503158		-1.0
	2220.00000000	3.25831		2.67782  0.2  0.2		4.1705503158		-1.0
	2250.00000000	3.20462		2.60735  0.2  0.2		4.1705503158		-1.0
	2280.00000000	2.80976		2.64909  0.2  0.2		4.1705503158		-1.0
	2310.00000000	2.73192		2.51536  0.2  0.2		4.1705503158		-1.0
	2340.00000000	2.89015		2.17113  0.2  0.2		4.1705503158		-1.0
	2370.00000000	2.94013		2.0839  0.2  0.2		4.1705503158		-1.0
	2400.00000000	3.11986		2.11349  0.2  0.2		4.1705503158		-1.0
	2430.00000000	2.74137		2.07979  0.2  0.2		4.1705503158		-1.0
	2460.00000000	3.26636		2.15309  0.2  0.2		4.1705503158		-1.0
	2490.00000000	3.05132		2.13231  0.2  0.2		4.1705503158		-1.0
	2520.00000000	2.77705		2.10594  0.2  0.2		4.1705503158		-1.0
	2550.00000000	2.75026		2.07041  0.2  0.2		4.1705503158		-1.0
	2580.00000000	3.27713		2.17468  0.2  0.2		4.1705503158		-1.0
	2610.00000000	3.16871		2.29154  0.2  0.2		4.1705503158		-1.0
	2640.00000000	3.33822		1.9994  0.2  0.2		4.1705503158		-1.0
	2670.00000000	2.82581		1.8475  0.2  0.2		4.1705503158		-1.0
	2700.00000000	3.22765		1.77312  0.2  0.2		4.1705503158		-1.0
	2730.00000000	2.79214		1.75469  0.2  0.2		4.1705503158		-1.0
	2760.00000000	2.73858		1.76949  0.2  0.2		4.1705503158		-1.0
	2790.00000000	3.31986		1.65918  0.2  0.2		4.1705503158		-1.0
	2820.00000000	3.13809		1.48057  0.2  0.2		4.1705503158		-1.0
	2850.00000000	3.19762		1.43945  0.2  0.2		4.1705503158		-1.0
	2880.00000000	2.73406		1.65846  0.2  0.2		4.1705503158		-1.0
	2910.00000000	3.19526		1.68084  0.2  0.2		4.1705503158		-1.0
	2940.00000000	3.33364		1.4913  0.2  0.2		4.1705503158		-1.0
	2970.00000000	3.08155		1.06344  0.2  0.2		4.1705503158		-1.0
	3000.00000000	3.2606		1.19584  0.2  0.2		4.1705503158		-1.0
	3030.00000000	3.27858		1.54068  0.2  0.2		4.1705503158		-1.0
	3060.00000000	2.67761		1.61238  0.2  0.2		4.1705503158		-1.0
	3090.00000000	2.89432		1.2647  0.2  0.2		4.1705503158		-1.0
	3120.00000000	2.816		1.0969  0.2  0.2		4.1705503158		-1.0
	3150.00000000	2.86146		0.7834  0.2  0.2		4.1705503158		-1.0
	3180.00000000	2.79719		0.62461  0.2  0.2		4.1705503158		-1.0
	3210.00000000	2.87906		0.62753  0.2  0.2		4.1705503158		-1.0
	3240.00000000	2.83727		0.34604  0.2  0.2		4.1705503158		-1.0
	3270.00000000	2.88255		-0.14116  0.2  0.2		4.1705503158		-1.0
	3300.00000000	2.9487		-0.194  0.2  0.2		4.1705503158		-1.0
	3330.00000000	3.06502		-0.33763  0.2  0.2		4.1705503158		-1.0
	3360.00000000	3.01097		-0.63928  0.2  0.2		4.1705503158		-1.0
	3390.00000000	2.94317		-1.0391  0.2  0.2		4.1705503158		-1.0
	3420.00000000	2.80979		-0.87208  0.2  0.2		4.1705503158		-1.0
	3450.00000000	2.8761		-0.65117  0.2  0.2		4.1705503158		-1.0
	3480.00000000	2.94702		-0.4734  0.2  0.2		4.1705503158		-1.0
	3510.00000000	2.92187		-0.58907  0.2  0.2		4.1705503158		-1.0
	3540.00000000	2.80761		-1.06621  0.2  0.2		4.1705503158		-1.0
	3570.00000000	2.93281		-1.1337  0.2  0.2		4.1705503158		-1.0
	3600.00000000	3.08498		-1.01259  0.2  0.2		4.1705503158		-1.0
	3630.00000000	2.80956		-0.83392  0.2  0.2		4.1705503158		-1.0
	3660.00000000	3.1295		-0.81811  0.2  0.2		4.1705503158		-1.0
	3690.00000000	2.8404		-0.9386  0.2  0.2		4.1705503158		-1.0
	3720.00000000	2.8543		-1.11406  0.2  0.2		4.1705503158		-1.0
	3750.00000000	3.14757		-1.13163  0.2  0.2		4.1705503158		-1.0
	3780.00000000	2.81459		-1.25495  0.2  0.2		4.1705503158		-1.0
	3810.00000000	2.92329		-1.42846  0.2  0.2		4.1705503158		-1.0
	3840.00000000	3.04629		-1.35457  0.2  0.2		4.1705503158		-1.0
	3870.00000000	2.95296		-1.34606  0.2  0.2		4.1705503158		-1.0
	3900.00000000	2.85522		-1.49729  0.2  0.2		4.1705503158		-1.0
	3930.00000000	2.99914		-1.80576  0.2  0.2		4.1705503158		-1.0
	3960.00000000	3.01603		-1.75851  0.2  0.2		4.1705503158		-1.0
	3990.00000000	2.95735		-1.84722  0.2  0.2		4.1705503158		-1.0
	4020.00000000	2.9835		-1.57224  0.2  0.2		4.1705503158		-1.0
	4050.00000000	2.86577		-1.50075  0.2  0.2		4.1705503158		-1.0
	4080.00000000	2.85535		-1.78318  0.2  0.2		4.1705503158		-1.0
	4110.00000000	2.8369		-1.84706  0.2  0.2		4.1705503158		-1.0
	4140.00000000	2.9132		-1.96683  0.2  0.2		4.1705503158		-1.0
	4170.00000000	2.92212		-2.13705  0.2  0.2		4.1705503158		-1.0
	4200.00000000	2.79432		-2.25674  0.2  0.2		4.1705503158		-1.0
	4230.00000000	2.82515		-2.36971  0.2  0.2		4.1705503158		-1.0
	4260.00000000	2.89314		-2.49995  0.2  0.2		4.1705503158		-1.0
	4290.00000000	3.00937		-2.61937  0.2  0.2		4.1705503158		-1.0
	4320.00000000	2.95678		-2.65012  0.2  0.2		4.1705503158		-1.0
	4350.00000000	2.87952		-2.46871  0.2  0.2		4.1705503158		-1.0
	4380.00000000	2.87694		-2.21308  0.2  0.2		4.1705503158		-1.0
	4410.00000000	3.00845		-2.13782  0.2  0.2		4.1705503158		-1.0
	4440.00000000	2.96685		-2.11643  0.2  0.2		4.1705503158		-1.0
	4470.00000000	3.12022		-2.27245  0.2  0.2		4.1705503158		-1.0
	4500.00000000	2.83552		-2.48509  0.2  0.2		4.1705503158		-1.0
	4530.00000000	2.98496		-2.33474  0.2  0.2		4.1705503158		-1.0
	4560.00000000	3.10686		-2.3716  0.2  0.2		4.1705503158		-1.0
	4590.00000000	2.75983		-2.30746  0.2  0.2		4.1705503158		-1.0
	4620.00000000	2.84648		-1.91194  0.2  0.2		4.1705503158		-1.0
	4650.00000000	3.01705		-1.76788  0.2  0.2		4.1705503158		-1.0
	4680.00000000	3.08727		-1.48652  0.2  0.2		4.1705503158		-1.0
	4710.00000000	2.93422		-1.34452  0.2  0.2		4.1705503158		-1.0
	4740.00000000	2.79575		-1.63634  0.2  0.2		4.1705503158		-1.0
	4770.00000000	2.88075		-1.70747  0.2  0.2		4.1705503158		-1.0
	4800.00000000	2.95921		-1.58724  0.2  0.2		4.1705503158		-1.0
	4830.00000000	3.01839		-1.42455  0.2  0.2		4.1705503158		-1.0
	4860.00000000	2.89719		-1.38167  0.2  0.2		4.1705503158		-1.0
	4890.00000000	2.77086		-1.56741  0.2  0.2		4.1705503158		-1.0
	4920.00000000	2.72985		-1.70466  0.2  0.2		4.1705503158		-1.0
	4950.00000000	2.64821		-1.77183  0.2  0.2		4.1705503158		-1.0
	4980.00000000	3.22873		-1.88555  0.2  0.2		4.1705503158		-1.0
	5010.00000000	3.25401		-1.84646  0.2  0.2		4.1705503158		-1.0
	5040.00000000	3.20585		-1.62979  0.2  0.2		4.1705503158		-1.0
	5070.00000000	3.13098		-1.5189  0.2  0.2		4.1705503158		-1.0
	5100.00000000	3.20057		-1.48752  0.2  0.2		4.1705503158		-1.0
	5130.00000000	3.17439		-1.55667  0.2  0.2		4.1705503158		-1.0
	5160.00000000	3.25529		-1.79285  0.2  0.2		4.1705503158		-1.0
	5190.00000000	2.98682		-1.9608  0.2  0.2		4.1705503158		-1.0
	5220.00000000	2.84025		-1.99059  0.2  0.2		4.1705503158		-1.0
	5250.00000000	2.9877		-2.13416  0.2  0.2		4.1705503158		-1.0
	5280.00000000	3.05539		-2.17906  0.2  0.2		4.1705503158		-1.0
	5310.00000000	3.11162		-2.15866  0.2  0.2		4.1705503158		-1.0
	5340.00000000	3.1955		-2.25369  0.2  0.2		4.1705503158		-1.0
	5370.00000000	2.99145		-2.58458  0.2  0.2		4.1705503158		-1.0
	5400.00000000	2.86931		-2.92908  0.2  0.2		4.1705503158		-1.0
	5430.00000000	2.7795		-2.80659  0.2  0.2		4.1705503158		-1.0
	5460.00000000	3.07224		-2.75087  0.2  0.2		4.1705503158		-1.0
	5490.00000000	2.98569		-2.67902  0.2  0.2		4.1705503158		-1.0
	5520.00000000	2.73754		-2.76297  0.2  0.2		4.1705503158		-1.0
	5550.00000000	2.88488		-2.76444  0.2  0.2		4.1705503158		-1.0
	5580.00000000	2.80508		-2.74819  0.2  0.2		4.1705503158		-1.0
	5610.00000000	2.98538		-2.91714  0.2  0.2		4.1705503158		-1.0
	5640.00000000	3.02186		-3.0237  0.2  0.2		4.1705503158		-1.0
	5670.00000000	3.27693		-3.05944  0.2  0.2		4.1705503158		-1.0
	5700.00000000	2.99842		-3.12817  0.2  0.2		4.1705503158		-1.0
	5730.00000000	2.83413		-3.02251  0.2  0.2		4.1705503158		-1.0
	5760.00000000	2.75062		-2.94066  0.2  0.2		4.1705503158		-1.0
	5790.00000000	2.71888		-2.97714  0.2  0.2		4.1705503158		-1.0
	5820.00000000	3.13289		-2.8353  0.2  0.2		4.1705503158		-1.0
	5850.00000000	3.14103		-3.00762  0.2  0.2		4.1705503158		-1.0
	5880.00000000	3.14617		-2.80881  0.2  0.2		4.1705503158		-1.0
	5910.00000000	3.34524		-2.53581  0.2  0.2		4.1705503158		-1.0
	5940.00000000	3.28587		-2.40813  0.2  0.2		4.1705503158		-1.0
	5970.00000000	2.85017		-2.49691  0.2  0.2		4.1705503158		-1.0
	6000.00000000	3.08597		-2.56171  0.2  0.2		4.1705503158		-1.0
	6030.00000000	3.09092		-2.70951  0.2  0.2		4.1705503158		-1.0
	6060.00000000	3.32311		-2.59491  0.2  0.2		4.1705503158		-1.0
	6090.00000000	3.14094		-2.5524  0.2  0.2		4.1705503158		-1.0
	6120.00000000	3.35741		-2.30528  0.2  0.2		4.1705503158		-1.0
	6150.00000000	2.98469		-2.10295  0.2  0.2		4.1705503158		-1.0
	6180.00000000	2.72481		-2.1198  0.2  0.2		4.1705503158		-1.0
	6210.00000000	2.72152		-2.08262  0.2  0.2		4.1705503158		-1.0
	6240.00000000	2.70627		-2.20508  0.2  0.2		4.1705503158		-1.0
	6270.00000000	2.724		-2.46912  0.2  0.2		4.1705503158		-1.0
	6300.00000000	2.82765		-2.59216  0.2  0.2		4.1705503158		-1.0
	6330.00000000	2.77823		-2.60243  0.2  0.2		4.1705503158		-1.0
	6360.00000000	2.66589		-2.57855  0.2  0.2		4.1705503158		-1.0
	6390.00000000	2.68189		-2.41425  0.2  0.2		4.1705503158		-1.0
	6420.00000000	2.69507		-2.39893  0.2  0.2		4.1705503158		-1.0
	6450.00000000	2.62848		-2.62294  0.2  0.2		4.1705503158		-1.0
	6480.00000000	2.63422		-2.94242  0.2  0.2		4.1705503158		-1.0
	6510.00000000	2.73184		2.96278  0.2  0.2		4.1705503158		-1.0
	6540.00000000	2.83487		2.91248  0.2  0.2		4.1705503158		-1.0
	6570.00000000	2.85877		2.99382  0.2  0.2		4.1705503158		-1.0
	6600.00000000	2.8672		3.12673  0.2  0.2		4.1705503158		-1.0
	6630.00000000	3.19137		-3.08468  0.2  0.2		4.1705503158		-1.0
	6660.00000000	3.4785		-3.13201  0.2  0.2		4.1705503158		-1.0
	6690.00000000	3.22064		3.07379  0.2  0.2		4.1705503158		-1.0
	6720.00000000	3.11924		3.12759  0.2  0.2		4.1705503158		-1.0
	6750.00000000	3.34073		2.88928  0.2  0.2		4.1705503158		-1.0
	6780.00000000	3.0495		2.88431  0.2  0.2		4.1705503158		-1.0
	6810.00000000	3.26954		3.09936  0.2  0.2		4.1705503158		-1.0
	6840.00000000	3.33377		-2.91637  0.2  0.2		4.1705503158		-1.0
	6870.00000000	3.40373		-2.81878  0.2  0.2		4.1705503158		-1.0
	6900.00000000	3.03421		-2.67427  0.2  0.2		4.1705503158		-1.0
	6930.00000000	3.39643		-2.74943  0.2  0.2		4.1705503158		-1.0
	6960.00000000	3.21752		-2.80446  0.2  0.2		4.1705503158		-1.0
	6990.00000000	3.30029		-2.72679  0.2  0.2		4.1705503158		-1.0
	7020.00000000	3.5024		-2.44669  0.2  0.2		4.1705503158		-1.0
	7050.00000000	3.23101		-2.40846  0.2  0.2		4.1705503158		-1.0
	7080.00000000	3.41456		-2.39079  0.2  0.2		4.1705503158		-1.0
	7110.00000000	3.29184		-2.24935  0.2  0.2		4.1705503158		-1.0
	7140.00000000	3.44412		-1.89947  0.2  0.2		4.1705503158		-1.0
	7170.00000000	3.40867		-1.91609  0.2  0.2		4.1705503158		-1.0
	7200.00000000	3.14219		-1.95696  0.2  0.2		4.1705503158		-1.0
	7230.00000000	3.51445		-2.00859  0.2  0.2		4.1705503158		-1.0
	7260.00000000	3.31708		-1.92734  0.2  0.2		4.1705503158		-1.0
	7290.00000000	3.17492		-1.97201  0.2  0.2		4.1705503158		-1.0
	7320.00000000	2.99209		-1.97269  0.2  0.2		4.1705503158		-1.0
	7350.00000000	2.85458		-2.00028  0.2  0.2		4.1705503158		-1.0
	7380.00000000	2.73872		-2.11046  0.2  0.2		4.1705503158		-1.0
	7410.00000000	2.68361		-1.96095  0.2  0.2		4.1705503158		-1.0
	7440.00000000	2.62639		-1.72918  0.2  0.2		4.1705503158		-1.0
	7470.00000000	2.74822		-1.23687  0.2  0.2		4.1705503158		-1.0
	7500.00000000	3.11963		-0.70506  0.2  0.2		4.1705503158		-1.0
	7530.00000000	2.97169		-0.49704  0.2  0.2		4.1705503158		-1.0
	7560.00000000	2.88061		-0.46087  0.2  0.2		4.1705503158		-1.0
	7590.00000000	2.87167		-0.5471  0.2  0.2		4.1705503158		-1.0
	7620.00000000	2.82987		-0.70929  0.2  0.2		4.1705503158		-1.0
	7650.00000000	2.90743		-0.99643  0.2  0.2		4.1705503158		-1.0
	7680.00000000	2.80016		-0.97088  0.2  0.2		4.1705503158		-1.0
	7710.00000000	3.33341		-1.13386  0.2  0.2		4.1705503158		-1.0
	7740.00000000	2.91805		-1.09372  0.2  0.2		4.1705503158		-1.0
	7770.00000000	2.6837		-1.18361  0.2  0.2		4.1705503158		-1.0
	7800.00000000	2.74478		-1.12962  0.2  0.2		4.1705503158		-1.0
	7830.00000000	2.75797		-0.76393  0.2  0.2		4.1705503158		-1.0
	7860.00000000	2.87874		-0.32091  0.2  0.2		4.1705503158		-1.0
	7890.00000000	2.85879		0.13679  0.2  0.2		4.1705503158		-1.0
	7920.00000000	3.2129		0.44924  0.2  0.2		4.1705503158		-1.0
	7950.00000000	2.81467		0.23609  0.2  0.2		4.1705503158		-1.0
	7980.00000000	2.95263		-0.1362  0.2  0.2		4.1705503158		-1.0
	8010.00000000	3.1535		-0.06748  0.2  0.2		4.1705503158		-1.0
	8040.00000000	2.8398		0.08654  0.2  0.2		4.1705503158		-1.0
	8070.00000000	3.08284		0.2092  0.2  0.2		4.1705503158		-1.0
	8100.00000000	3.01812		0.08256  0.2  0.2		4.1705503158		-1.0
	8130.00000000	3.03988		-0.1525  0.2  0.2		4.1705503158		-1.0
	8160.00000000	3.01697		-0.01694  0.2  0.2		4.1705503158		-1.0
	8190.00000000	3.19775		0.30326  0.2  0.2		4.1705503158		-1.0
	8220.00000000	3.00403		0.68873  0.2  0.2		4.1705503158		-1.0
	8250.00000000	3.2474		0.93022  0.2  0.2		4.1705503158		-1.0
	8280.00000000	3.11044		0.93802  0.2  0.2		4.1705503158		-1.0
	8310.00000000	3.27566		0.79987  0.2  0.2		4.1705503158		-1.0
	8340.00000000	3.17194		0.5578  0.2  0.2		4.1705503158		-1.0
	8370.00000000	3.09682		0.61163  0.2  0.2		4.1705503158		-1.0
	8400.00000000	2.86309		0.66575  0.2  0.2		4.1705503158		-1.0
	8430.00000000	2.66913		0.75957  0.2  0.2		4.1705503158		-1.0
	8460.00000000	2.72595		1.00245  0.2  0.2		4.1705503158		-1.0
	8490.00000000	2.78148		0.91519  0.2  0.2		4.1705503158		-1.0
	8520.00000000	2.75317		0.71761  0.2  0.2		4.1705503158		-1.0
	8550.00000000	2.8683		0.27771  0.2  0.2		4.1705503158		-1.0
	8580.00000000	2.94359		0.04061  0.2  0.2		4.1705503158		-1.0
	8610.00000000	2.94444		-0.09097  0.2  0.2		4.1705503158		-1.0
	8640.00000000	2.77506		-0.30706  0.2  0.2		4.1705503158		-1.0
	8670.00000000	2.88567		-0.585  0.2  0.2		4.1705503158		-1.0
	8700.00000000	3.43475		-0.81268  0.2  0.2		4.1705503158		-1.0
	8730.00000000	3.29438		-0.77875  0.2  0.2		4.1705503158		-1.0
	8760.00000000	3.24868		-0.62684  0.2  0.2		4.1705503158		-1.0
	8790.00000000	3.30048		-0.51538  0.2  0.2		4.1705503158		-1.0
	8820.00000000	3.15381		-0.34353  0.2  0.2		4.1705503158		-1.0
	8850.00000000	3.23028		-0.25506  0.2  0.2		4.1705503158		-1.0
	8880.00000000	3.22748		-0.26269  0.2  0.2		4.1705503158		-1.0
	8910.00000000	3.33213		-0.15335  0.2  0.2		4.1705503158		-1.0
	8940.00000000	2.6977		-0.1029  0.2  0.2		4.1705503158		-1.0
	8970.00000000	3.08219		-0.01501  0.2  0.2		4.1705503158		-1.0
	9000.00000000	3.30921		-0.0246  0.2  0.2		4.1705503158		-1.0
	9030.00000000	3.18788		0.22052  0.2  0.2		4.1705503158		-1.0
	9060.00000000	3.04597		0.39859  0.2  0.2		4.1705503158		-1.0
	9090.00000000	2.82638		0.27854  0.2  0.2		4.1705503158		-1.0
	9120.00000000	2.80138		0.21208  0.2  0.2		4.1705503158		-1.0
	9150.00000000	2.87371		0.44312  0.2  0.2		4.1705503158		-1.0
	9180.00000000	2.83687		0.67636  0.2  0.2		4.1705503158		-1.0
	9210.00000000	3.41617		0.91103  0.2  0.2		4.1705503158		-1.0
	9240.00000000	2.67062		1.0692  0.2  0.2		4.1705503158		-1.0
	9270.00000000	2.67519		1.04381  0.2  0.2		4.1705503158		-1.0
	9300.00000000	2.73023		0.69096  0.2  0.2		4.1705503158		-1.0
	9330.00000000	2.72901		0.42406  0.2  0.2		4.1705503158		-1.0
	9360.00000000	2.87143		0.2591  0.2  0.2		4.1705503158		-1.0
	9390.00000000	3.04606		0.25684  0.2  0.2		4.1705503158		-1.0
	9420.00000000	3.35588		0.26863  0.2  0.2		4.1705503158		-1.0
	9450.00000000	3.42868		0.31503  0.2  0.2		4.1705503158		-1.0
	9480.00000000	3.37195		0.50166  0.2  0.2		4.1705503158		-1.0
	9510.00000000	3.21008		0.67256  0.2  0.2		4.1705503158		-1.0
	9540.00000000	3.28308		0.87862  0.2  0.2		4.1705503158		-1.0
	9570.00000000	2.75491		0.9117  0.2  0.2		4.1705503158		-1.0
	9600.00000000	2.92985		0.98593  0.2  0.2		4.1705503158		-1.0
	9630.00000000	3.20188		1.13462  0.2  0.2		4.1705503158		-1.0
	9660.00000000	3.11801		1.31204  0.2  0.2		4.1705503158		-1.0
	9690.00000000	2.75732		1.44098  0.2  0.2		4.1705503158		-1.0
	9720.00000000	2.79597		1.45369  0.2  0.2		4.1705503158		-1.0
	9750.00000000	2.67261		1.47775  0.2  0.2		4.1705503158		-1.0
	9780.00000000	2.6596		1.25642  0.2  0.2		4.1705503158		-1.0
	9810.00000000	2.65116		1.23503  0.2  0.2		4.1705503158		-1.0
	9840.00000000	2.73542		1.04874  0.2  0.2		4.1705503158		-1.0
	9870.00000000	2.9704		0.65139  0.2  0.2		4.1705503158		-1.0
	9900.00000000	3.327		0.56965  0.2  0.2		4.1705503158		-1.0
	9930.00000000	3.25502		0.3529  0.2  0.2		4.1705503158		-1.0
	9960.00000000	3.31398		0.28546  0.2  0.2		4.1705503158		-1.0
	9990.00000000	3.31303		0.27063  0.2  0.2		4.1705503158		-1.0
	10020.00000000	3.23266		0.22746  0.2  0.2		4.1705503158		-1.0
	10050.00000000	2.63984		0.09515  0.2  0.2		4.1705503158		-1.0
	10080.00000000	2.75405		-0.1879  0.2  0.2		4.1705503158		-1.0
	10110.00000000	2.71817		-0.44501  0.2  0.2		4.1705503158		-1.0
	10140.00000000	2.78565		-0.38768  0.2  0.2		4.1705503158		-1.0
	10170.00000000	3.29968		-0.43141  0.2  0.2		4.1705503158		-1.0
	10200.00000000	3.04081		-0.4611  0.2  0.2		4.1705503158		-1.0
	10230.00000000	3.31882		-0.5596  0.2  0.2		4.1705503158		-1.0
	10260.00000000	3.13509		-0.90255  0.2  0.2		4.1705503158		-1.0
	10290.00000000	3.16698		-0.8435  0.2  0.2		4.1705503158		-1.0
	10320.00000000	3.30671		-1.06904  0.2  0.2		4.1705503158		-1.0
	10350.00000000	3.30357		-1.35219  0.2  0.2		4.1705503158		-1.0
	10380.00000000	3.36971		-1.43087  0.2  0.2		4.1705503158		-1.0
	10410.00000000	3.44119		-1.39678  0.2  0.2		4.1705503158		-1.0
	10440.00000000	3.18304		-1.2923  0.2  0.2		4.1705503158		-1.0
	10470.00000000	3.3511		-1.28132  0.2  0.2		4.1705503158		-1.0
	10500.00000000	3.20198		-1.14755  0.2  0.2		4.1705503158		-1.0
	10530.00000000	3.17127		-1.03137  0.2  0.2		4.1705503158		-1.0
	10560.00000000	3.40876		-1.06207  0.2  0.2		4.1705503158		-1.0
	10590.00000000	3.55244		-1.17307  0.2  0.2		4.1705503158		-1.0
	10620.00000000	3.20084		-1.37754  0.2  0.2		4.1705503158		-1.0
	10650.00000000	2.75918		-1.30392  0.2  0.2		4.1705503158		-1.0
	10680.00000000	3.11885		-1.12597  0.2  0.2		4.1705503158		-1.0
	10710.00000000	3.32555		-1.0259  0.2  0.2		4.1705503158		-1.0
	10740.00000000	3.61654		-1.15679  0.2  0.2		4.1705503158		-1.0
	10770.00000000	3.36853		-1.24989  0.2  0.2		4.1705503158		-1.0
	10800.00000000	3.49316		-1.57573  0.2  0.2		4.1705503158		-1.0
	10830.00000001	3.36622		-1.60858  0.2  0.2		4.1705503158		-1.0
	10860.00000001	2.90943		-1.64634  0.2  0.2		4.1705503158		-1.0
	10890.00000001	2.77866		-1.52885  0.2  0.2		4.1705503158		-1.0
	10920.00000001	2.84271		-1.3178  0.2  0.2		4.1705503158		-1.0
	10950.00000001	2.87537		-1.17182  0.2  0.2		4.1705503158		-1.0
	10980.00000001	2.76309		-0.69736  0.2  0.2		4.1705503158		-1.0
	11010.00000001	3.07794		-0.55236  0.2  0.2		4.1705503158		-1.0
	11040.00000001	2.99793		-0.92991  0.2  0.2		4.1705503158		-1.0
	11070.00000001	2.78713		-1.29606  0.2  0.2		4.1705503158		-1.0
	11100.00000001	2.75911		-1.37453  0.2  0.2		4.1705503158		-1.0
	11130.00000001	2.68146		-1.13844  0.2  0.2		4.1705503158		-1.0
	11160.00000001	2.71776		-0.75406  0.2  0.2		4.1705503158		-1.0
	11190.00000001	2.75873		-0.5975  0.2  0.2		4.1705503158		-1.0
	11220.00000001	2.79638		-0.75548  0.2  0.2		4.1705503158		-1.0
	11250.00000001	2.76338		-0.87335  0.2  0.2		4.1705503158		-1.0
	11280.00000001	2.71131		-0.78322  0.2  0.2		4.1705503158		-1.0
	11310.00000001	2.67866		-0.86271  0.2  0.2		4.1705503158		-1.0
	11340.00000001	2.93381		-0.95539  0.2  0.2		4.1705503158		-1.0
	11370.00000001	3.48493		-0.68694  0.2  0.2		4.1705503158		-1.0
	11400.00000001	3.05464		-0.28835  0.2  0.2		4.1705503158		-1.0
	11430.00000001	2.68238		-0.17891  0.2  0.2		4.1705503158		-1.0
	11460.00000001	2.78135		-0.27993  0.2  0.2		4.1705503158		-1.0
	11490.00000001	3.08404		-0.45863  0.2  0.2		4.1705503158		-1.0
	11520.00000001	3.20552		-0.61197  0.2  0.2		4.1705503158		-1.0
	11550.00000001	3.24799		-0.84199  0.2  0.2		4.1705503158		-1.0
	11580.00000001	3.06217		-0.81768  0.2  0.2		4.1705503158		-1.0
	11610.00000001	3.39553		-0.80858  0.2  0.2		4.1705503158		-1.0
	11640.00000001	3.20655		-0.31042  0.2  0.2		4.1705503158		-1.0
	11670.00000001	3.35292		-0.03487  0.2  0.2		4.1705503158		-1.0
	11700.00000001	2.70134		-0.00617  0.2  0.2		4.1705503158		-1.0
	11730.00000001	2.79784		0.30887  0.2  0.2		4.1705503158		-1.0
	11760.00000001	2.66774		0.44927  0.2  0.2		4.1705503158		-1.0
	11790.00000001	2.67523		0.64736  0.2  0.2		4.1705503158		-1.0
	11820.00000001	2.60013		0.74191  0.2  0.2		4.1705503158		-1.0
	11850.00000001	3.29205		0.93352  0.2  0.2		4.1705503158		-1.0
	11880.00000001	3.35165		1.14626  0.2  0.2		4.1705503158		-1.0
	11910.00000001	3.54144		1.23209  0.2  0.2		4.1705503158		-1.0
	11940.00000001	3.31471		1.17192  0.2  0.2		4.1705503158		-1.0
	11970.00000001	3.51617		1.11218  0.2  0.2		4.1705503158		-1.0
	12000.00000001	2.60446		1.08278  0.2  0.2		4.1705503158		-1.0
	12030.00000001	3.13307		1.35712  0.2  0.2		4.1705503158		-1.0
	12060.00000001	3.37432		1.54677  0.2  0.2		4.1705503158		-1.0
	12090.00000001	3.15083		1.76548  0.2  0.2		4.1705503158		-1.0
	12120.00000001	2.68163		1.84453  0.2  0.2		4.1705503158		-1.0
	12150.00000001	3.09719		1.79859  0.2  0.2		4.1705503158		-1.0
	12180.00000001	2.99948		1.73343  0.2  0.2		4.1705503158		-1.0
	12210.00000001	2.82435		1.85546  0.2  0.2		4.1705503158		-1.0
	12240.00000001	2.66918		2.01392  0.2  0.2		4.1705503158		-1.0
	12270.00000001	3.24748		2.07435  0.2  0.2		4.1705503158		-1.0
	12300.00000001	3.10303		2.07211  0.2  0.2		4.1705503158		-1.0
	12330.00000001	2.76764		2.16038  0.2  0.2		4.1705503158		-1.0
	12360.00000001	2.72076		2.46379  0.2  0.2		4.1705503158		-1.0
	12390.00000001	2.72839		2.3373  0.2  0.2		4.1705503158		-1.0
	12420.00000001	2.72252		2.29243  0.2  0.2		4.1705503158		-1.0
	12450.00000001	2.77185		2.3968  0.2  0.2		4.1705503158		-1.0
	12480.00000001	2.69844		2.58587  0.2  0.2		4.1705503158		-1.0
	12510.00000001	2.63045		2.93245  0.2  0.2		4.1705503158		-1.0
	12540.00000001	2.70271		3.13612  0.2  0.2		4.1705503158		-1.0
	12570.00000001	2.62329		2.89964  0.2  0.2		4.1705503158		-1.0
	12600.00000001	3.09515		2.63053  0.2  0.2		4.1705503158		-1.0
	12630.00000001	3.41276		2.44975  0.2  0.2		4.1705503158		-1.0
	12660.00000001	3.1002		2.17642  0.2  0.2		4.1705503158		-1.0
	12690.00000001	2.76893		2.30328  0.2  0.2		4.1705503158		-1.0
	12720.00000001	3.20894		2.58399  0.2  0.2		4.1705503158		-1.0
	12750.00000001	3.20124		2.83682  0.2  0.2		4.1705503158		-1.0
	12780.00000001	3.31488		2.91054  0.2  0.2		4.1705503158		-1.0
	12810.00000001	3.30877		2.81743  0.2  0.2		4.1705503158		-1.0
	12840.00000001	3.37817		2.65188  0.2  0.2		4.1705503158		-1.0
	12870.00000001	2.86797		2.423  0.2  0.2		4.1705503158		-1.0
	12900.00000001	2.92047		2.24417  0.2  0.2		4.1705503158		-1.0
	12930.00000001	3.13587		2.20474  0.2  0.2		4.1705503158		-1.0
	12960.00000001	3.3269		2.16636  0.2  0.2		4.1705503158		-1.0
	12990.00000001	3.45781		1.93871  0.2  0.2		4.1705503158		-1.0
	13020.00000001	3.11997		1.91424  0.2  0.2		4.1705503158		-1.0
	13050.00000001	3.00632		1.91827  0.2  0.2		4.1705503158		-1.0
	13080.00000001	2.77367		1.86996  0.2  0.2		4.1705503158		-1.0
	13110.00000001	2.70612		1.87715  0.2  0.2		4.1705503158		-1.0
	13140.00000001	3.6472		1.69148  0.2  0.2		4.1705503158		-1.0
	13170.00000001	3.18828		1.7439  0.2  0.2		4.1705503158		-1.0
	13200.00000001	3.46219		1.78482  0.2  0.2		4.1705503158		-1.0
	13230.00000001	3.23594		1.90895  0.2  0.2		4.1705503158		-1.0
	13260.00000001	3.41932		1.94835  0.2  0.2		4.1705503158		-1.0
	13290.00000001	3.64994		1.99274  0.2  0.2		4.1705503158		-1.0
	13320.00000001	3.50201		2.04732  0.2  0.2		4.1705503158		-1.0
	13350.00000001	3.32736		2.40934  0.2  0.2		4.1705503158		-1.0
	13380.00000001	3.40173		2.42662  0.2  0.2		4.1705503158		-1.0
	13410.00000001	3.53635		2.34996  0.2  0.2		4.1705503158		-1.0
	13440.00000001	3.43554		2.56334  0.2  0.2		4.1705503158		-1.0
	13470.00000001	3.47729		2.78491  0.2  0.2		4.1705503158		-1.0
	13500.00000001	3.43152		3.05561  0.2  0.2		4.1705503158		-1.0
	13530.00000001	3.4199		-3.12593  0.2  0.2		4.1705503158		-1.0
	13560.00000001	3.41244		3.13138  0.2  0.2		4.1705503158		-1.0
	13590.00000001	3.54589		2.99243  0.2  0.2		4.1705503158		-1.0
	13620.00000001	3.5668		2.84254  0.2  0.2		4.1705503158		-1.0
	13650.00000001	3.52143		2.89408  0.2  0.2		4.1705503158		-1.0
	13680.00000001	3.67367		2.97563  0.2  0.2		4.1705503158		-1.0
	13710.00000001	3.62083		3.02942  0.2  0.2		4.1705503158		-1.0
	13740.00000001	2.8251		3.12171  0.2  0.2		4.1705503158		-1.0
	13770.00000001	2.69692		3.03431  0.2  0.2		4.1705503158		-1.0
	13800.00000001	2.74043		3.12802  0.2  0.2		4.1705503158		-1.0
	13830.00000001	2.7757		3.1217  0.2  0.2		4.1705503158		-1.0
	13860.00000001	2.80303		2.89209  0.2  0.2		4.1705503158		-1.0
	13890.00000001	2.68839		2.78427  0.2  0.2		4.1705503158		-1.0
	13920.00000001	3.00675		2.71675  0.2  0.2		4.1705503158		-1.0
	13950.00000001	3.35554		2.69266  0.2  0.2		4.1705503158		-1.0
	13980.00000001	3.95756		2.80726  0.2  0.2		4.1705503158		-1.0
	14010.00000001	3.42665		2.65293  0.2  0.2		4.1705503158		-1.0
	14040.00000001	3.70031		2.42983  0.2  0.2		4.1705503158		-1.0
	14070.00000001	3.57937		2.41002  0.2  0.2		4.1705503158		-1.0
	14100.00000001	2.62119		2.38735  0.2  0.2		4.1705503158		-1.0
	14130.00000001	3.21728		2.41847  0.2  0.2		4.1705503158		-1.0
	14160.00000001	3.87806		2.51131  0.2  0.2		4.1705503158		-1.0
	14190.00000001	3.31207		2.80988  0.2  0.2		4.1705503158		-1.0
	14220.00000001	2.93613		2.85791  0.2  0.2		4.1705503158		-1.0
	14250.00000000	2.84959		2.55192  0.2  0.2		4.1705503158		-1.0
	14280.00000000	3.2383		2.43862  0.2  0.2		4.1705503158		-1.0
	14310.00000000	2.71899		2.48618  0.2  0.2		4.1705503158		-1.0
	14340.00000000	2.73659		2.54295  0.2  0.2		4.1705503158		-1.0
	14370.00000000	2.67661		2.45403  0.2  0.2		4.1705503158		-1.0
	14400.00000000	2.81574		2.30007  0.2  0.2		4.1705503158		-1.0
	14430.00000000	2.67836		2.06872  0.2  0.2		4.1705503158		-1.0
	14460.00000000	2.73561		2.06068  0.2  0.2		4.1705503158		-1.0
	14490.00000000	2.7567		2.10733  0.2  0.2		4.1705503158		-1.0
	14520.00000000	2.67441		2.09764  0.2  0.2		4.1705503158		-1.0
	14550.00000000	2.77566		2.09613  0.2  0.2		4.1705503158		-1.0
	14580.00000000	2.83924		1.78983  0.2  0.2		4.1705503158		-1.0
	14610.00000000	3.38911		1.59452  0.2  0.2		4.1705503158		-1.0
	14640.00000000	3.40147		1.69947  0.2  0.2		4.1705503158		-1.0
	14670.00000000	3.21809		1.63405  0.2  0.2		4.1705503158		-1.0
	14700.00000000	2.70618		1.56242  0.2  0.2		4.1705503158		-1.0
	14730.00000000	2.88219		1.46797  0.2  0.2		4.1705503158		-1.0
	14760.00000000	2.66741		1.31658  0.2  0.2		4.1705503158		-1.0
	14790.00000000	2.62732		1.26163  0.2  0.2		4.1705503158		-1.0
	14820.00000000	3.06151		1.38071  0.2  0.2		4.1705503158		-1.0
	14850.00000000	3.18367		1.49462  0.2  0.2		4.1705503158		-1.0
	14880.00000000	3.73709		1.21696  0.2  0.2		4.1705503158		-1.0
	14910.00000000	3.0862		1.14992  0.2  0.2		4.1705503158		-1.0
	14940.00000000	3.11165		1.01774  0.2  0.2		4.1705503158		-1.0
	14970.00000000	2.86695		0.93746  0.2  0.2		4.1705503158		-1.0
	15000.00000000	2.73085		0.99951  0.2  0.2		4.1705503158		-1.0
	15030.00000000	2.65722		0.94875  0.2  0.2		4.1705503158		-1.0
	15060.00000000	2.63782		0.72599  0.2  0.2		4.1705503158		-1.0
	15090.00000000	2.70587		0.34635  0.2  0.2		4.1705503158		-1.0
	15120.00000000	2.72888		0.02713  0.2  0.2		4.1705503158		-1.0
	15150.00000000	2.72724		-0.18944  0.2  0.2		4.1705503158		-1.0
	15180.00000000	2.67293		-0.4659  0.2  0.2		4.1705503158		-1.0
	15210.00000000	2.66071		-0.58032  0.2  0.2		4.1705503158		-1.0
	15240.00000000	2.68435		-0.68697  0.2  0.2		4.1705503158		-1.0
	15270.00000000	2.72161		-0.5909  0.2  0.2		4.1705503158		-1.0
	15300.00000000	2.65539		-0.29356  0.2  0.2		4.1705503158		-1.0
	15330.00000000	2.68877		0.15285  0.2  0.2		4.1705503158		-1.0
	15360.00000000	2.76654		0.54528  0.2  0.2		4.1705503158		-1.0
	15390.00000000	2.72117		0.50721  0.2  0.2		4.1705503158		-1.0
	15420.00000000	2.68473		0.38803  0.2  0.2		4.1705503158		-1.0
	15450.00000000	2.70875		0.17256  0.2  0.2		4.1705503158		-1.0
	15480.00000000	2.81144		-0.07245  0.2  0.2		4.1705503158		-1.0
	15510.00000000	3.19209		-0.19569  0.2  0.2		4.1705503158		-1.0
	15540.00000000	3.08126		-0.17949  0.2  0.2		4.1705503158		-1.0
	15570.00000000	2.68132		-0.19784  0.2  0.2		4.1705503158		-1.0
	15600.00000000	2.88942		-0.18162  0.2  0.2		4.1705503158		-1.0
	15630.00000000	2.70228		-0.01272  0.2  0.2		4.1705503158		-1.0
	15660.00000000	2.90714		0.15347  0.2  0.2		4.1705503158		-1.0
	15690.00000000	3.28919		0.20419  0.2  0.2		4.1705503158		-1.0
	15720.00000000	2.78612		0.15305  0.2  0.2		4.1705503158		-1.0
	15750.00000000	3.18273		0.18652  0.2  0.2		4.1705503158		-1.0
	15780.00000000	3.23308		0.04092  0.2  0.2		4.1705503158		-1.0
	15810.00000000	3.56862		-0.11324  0.2  0.2		4.1705503158		-1.0
	15840.00000000	3.47722		-0.22088  0.2  0.2		4.1705503158		-1.0
	15870.00000000	3.26549		-0.288  0.2  0.2		4.1705503158		-1.0
	15900.00000000	3.04974		-0.52099  0.2  0.2		4.1705503158		-1.0
	15930.00000000	3.05221		-0.89865  0.2  0.2		4.1705503158		-1.0
	15960.00000000	2.906		-1.07925  0.2  0.2		4.1705503158		-1.0
	15505.00000000	3.11004		-0.19005  0.2  0.2		4.1705503158		-1.0
	15535.00000000	3.2292		-0.19917  0.2  0.2		4.1705503158		-1.0
	15565.00000000	2.59847		-0.23316  0.2  0.2		4.1705503158		-1.0
	15595.00000000	2.92594		-0.20969  0.2  0.2		4.1705503158		-1.0
	15625.00000000	2.75317		0.02394  0.2  0.2		4.1705503158		-1.0
	15655.00000000	2.81126		0.19108  0.2  0.2		4.1705503158		-1.0
	15685.00000000	3.31289		0.21722  0.2  0.2		4.1705503158		-1.0
	15715.00000000	2.83307		0.12405  0.2  0.2		4.1705503158		-1.0
	15745.00000000	2.99841		0.11724  0.2  0.2		4.1705503158		-1.0
	15775.00000000	3.32248		0.01724  0.2  0.2		4.1705503158		-1.0
	15805.00000000	3.42982		-0.14606  0.2  0.2		4.1705503158		-1.0
	15835.00000000	3.39145		-0.17547  0.2  0.2		4.1705503158		-1.0
	15865.00000000	3.33084		-0.20664  0.2  0.2		4.1705503158		-1.0
	15895.00000000	3.02768		-0.53162  0.2  0.2		4.1705503158		-1.0
	15925.00000000	3.06712		-0.92354  0.2  0.2		4.1705503158		-1.0
	15955.00000000	2.94552		-1.03114  0.2  0.2		4.1705503158		-1.0
	15985.00000000	2.67454		-1.24141  0.2  0.2		4.1705503158		-1.0
	16015.00000000	2.62005		-1.33518  0.2  0.2		4.1705503158		-1.0
	16045.00000000	2.70524		-1.16067  0.2  0.2		4.1705503158		-1.0
	16075.00000000	2.70267		-1.02104  0.2  0.2		4.1705503158		-1.0
	16105.00000000	2.67459		-0.80418  0.2  0.2		4.1705503158		-1.0
	16135.00000000	2.61531		-0.90505  0.2  0.2		4.1705503158		-1.0
	16165.00000000	2.66236		-1.25702  0.2  0.2		4.1705503158		-1.0
	16195.00000000	2.72363		-1.51847  0.2  0.2		4.1705503158		-1.0
	16225.00000000	2.72611		-1.70769  0.2  0.2		4.1705503158		-1.0
	16255.00000000	2.85386		-1.73924  0.2  0.2		4.1705503158		-1.0
	16285.00000000	2.86855		-1.79707  0.2  0.2		4.1705503158		-1.0
	16315.00000000	3.39803		-1.71804  0.2  0.2		4.1705503158		-1.0
	16345.00000000	3.07377		-1.65398  0.2  0.2		4.1705503158		-1.0
	16375.00000000	3.46272		-1.8121  0.2  0.2		4.1705503158		-1.0
	16405.00000000	3.35498		-1.9665  0.2  0.2		4.1705503158		-1.0
	16435.00000000	3.42046		-2.03243  0.2  0.2		4.1705503158		-1.0
	16465.00000000	3.19126		-2.01462  0.2  0.2		4.1705503158		-1.0
	16495.00000000	3.29667		-2.28343  0.2  0.2		4.1705503158		-1.0
	16525.00000000	3.16025		-2.42124  0.2  0.2		4.1705503158		-1.0
	16555.00000000	3.25254		-2.35767  0.2  0.2		4.1705503158		-1.0
	16585.00000000	2.91709		-2.42676  0.2  0.2		4.1705503158		-1.0
	16615.00000000	2.81359		-2.43419  0.2  0.2		4.1705503158		-1.0
	16645.00000000	2.79269		-2.3955  0.2  0.2		4.1705503158		-1.0
	16675.00000000	2.70504		-2.24311  0.2  0.2		4.1705503158		-1.0
	16705.00000000	2.60078		-2.21077  0.2  0.2		4.1705503158		-1.0
	16735.00000000	2.66341		-2.01633  0.2  0.2		4.1705503158		-1.0
	16765.00000000	2.69354		-1.82001  0.2  0.2		4.1705503158		-1.0
	16795.00000000	2.64976		-1.57361  0.2  0.2		4.1705503158		-1.0
	16825.00000000	2.68474		-1.61576  0.2  0.2		4.1705503158		-1.0
	16855.00000000	2.61614		-1.68399  0.2  0.2		4.1705503158		-1.0
	16885.00000000	2.68869		-1.78449  0.2  0.2		4.1705503158		-1.0
	16915.00000000	3.19275		-1.69897  0.2  0.2		4.1705503158		-1.0
	16945.00000000	3.30953		-1.53078  0.2  0.2		4.1705503158		-1.0
	16975.00000000	3.13664		-1.20608  0.2  0.2		4.1705503158		-1.0
	17005.00000000	3.11894		-1.11645  0.2  0.2		4.1705503158		-1.0
	17035.00000000	2.57454		-1.3816  0.2  0.2		4.1705503158		-1.0
	17065.00000000	2.68898		-1.50124  0.2  0.2		4.1705503158		-1.0
	17095.00000000	2.71038		-1.40661  0.2  0.2		4.1705503158		-1.0
	17125.00000000	3.0588		-1.39748  0.2  0.2		4.1705503158		-1.0
	17155.00000000	3.83676		-1.49507  0.2  0.2		4.1705503158		-1.0
	17185.00000000	3.42901		-1.59276  0.2  0.2		4.1705503158		-1.0
	17215.00000000	3.55811		-1.31409  0.2  0.2		4.1705503158		-1.0
	17245.00000000	3.76945		-1.1426  0.2  0.2		4.1705503158		-1.0
	17275.00000000	3.49448		-1.23542  0.2  0.2		4.1705503158		-1.0
	17305.00000000	3.58169		-1.56089  0.2  0.2		4.1705503158		-1.0
	17335.00000000	3.56879		-1.73185  0.2  0.2		4.1705503158		-1.0
	17365.00000000	3.64782		-1.59158  0.2  0.2		4.1705503158		-1.0
	17395.00000000	3.82077		-1.63433  0.2  0.2		4.1705503158		-1.0
	17425.00000000	3.46776		-1.72385  0.2  0.2		4.1705503158		-1.0
	17455.00000000	2.94431		-1.73286  0.2  0.2		4.1705503158		-1.0
	17485.00000000	3.18126		-1.65232  0.2  0.2		4.1705503158		-1.0
	17515.00000000	3.5311		-1.73099  0.2  0.2		4.1705503158		-1.0
	17545.00000000	3.82017		-1.95615  0.2  0.2		4.1705503158		-1.0
	17575.00000000	3.34128		-2.14287  0.2  0.2		4.1705503158		-1.0
	17605.00000000	3.72266		-2.24668  0.2  0.2		4.1705503158		-1.0
	17635.00000000	3.61314		-2.27946  0.2  0.2		4.1705503158		-1.0
	17665.00000000	3.64489		-2.20893  0.2  0.2		4.1705503158		-1.0
	17695.00000000	3.33742		-2.00072  0.2  0.2		4.1705503158		-1.0
	17725.00000000	2.89134		-1.91247  0.2  0.2		4.1705503158		-1.0
	17755.00000000	2.79321		-1.9294  0.2  0.2		4.1705503158		-1.0
	17785.00000000	2.61447		-2.16351  0.2  0.2		4.1705503158		-1.0
	17815.00000000	3.32292		-2.33748  0.2  0.2		4.1705503158		-1.0
	17845.00000000	3.80586		-2.45201  0.2  0.2		4.1705503158		-1.0
	17875.00000000	3.41947		-2.73556  0.2  0.2		4.1705503158		-1.0
	17905.00000000	3.47095		-2.86689  0.2  0.2		4.1705503158		-1.0
	17935.00000000	3.52596		-2.84011  0.2  0.2		4.1705503158		-1.0
	17965.00000000	2.80592		-2.87101  0.2  0.2		4.1705503158		-1.0
	17995.00000000	3.03019		-2.7282  0.2  0.2		4.1705503158		-1.0
	18025.00000000	3.15747		-2.66256  0.2  0.2		4.1705503158		-1.0
	18055.00000000	3.75658		-2.64426  0.2  0.2		4.1705503158		-1.0
	18085.00000000	3.20532		-2.71037  0.2  0.2		4.1705503158		-1.0
	18115.00000000	2.86491		-2.85474  0.2  0.2		4.1705503158		-1.0
	18145.00000000	2.72495		-2.82193  0.2  0.2		4.1705503158		-1.0
	18175.00000000	2.7795		-2.68228  0.2  0.2		4.1705503158		-1.0
	18205.00000000	2.70055		-2.69393  0.2  0.2		4.1705503158		-1.0
	18235.00000000	2.80599		-2.74142  0.2  0.2		4.1705503158		-1.0
	18265.00000000	3.21036		-2.8587  0.2  0.2		4.1705503158		-1.0
	18295.00000000	2.99022		-3.11401  0.2  0.2		4.1705503158		-1.0
	18325.00000000	3.29697		3.13257  0.2  0.2		4.1705503158		-1.0
	18355.00000000	3.26793		-3.03461  0.2  0.2		4.1705503158		-1.0
	18385.00000000	3.69202		-2.74348  0.2  0.2		4.1705503158		-1.0
	18415.00000000	3.73526		-2.7211  0.2  0.2		4.1705503158		-1.0
	18445.00000000	3.4379		-2.79576  0.2  0.2		4.1705503158		-1.0
	18475.00000000	3.38586		-2.79551  0.2  0.2		4.1705503158		-1.0
	18505.00000000	2.91941		-2.8687  0.2  0.2		4.1705503158		-1.0
	18535.00000000	2.65084		-2.99089  0.2  0.2		4.1705503158		-1.0
	18565.00000000	2.64702		3.09504  0.2  0.2		4.1705503158		-1.0
	18595.00000000	2.69692		2.88858  0.2  0.2		4.1705503158		-1.0
	18625.00000000	2.6149		2.98986  0.2  0.2		4.1705503158		-1.0
	18655.00000000	2.5757		3.05039  0.2  0.2		4.1705503158		-1.0
	18685.00000000	2.78077		3.12654  0.2  0.2		4.1705503158		-1.0
	18715.00000000	2.57911		-2.74642  0.2  0.2		4.1705503158		-1.0
	18745.00000000	3.17477		-2.36548  0.2  0.2		4.1705503158		-1.0
	18775.00000000	3.0446		-2.29979  0.2  0.2		4.1705503158		-1.0
	18805.00000000	3.15468		-2.50019  0.2  0.2		4.1705503158		-1.0
	18835.00000000	2.78637		-2.89067  0.2  0.2		4.1705503158		-1.0
	18865.00000000	2.88946		-2.91224  0.2  0.2		4.1705503158		-1.0
	18895.00000000	3.52229		-2.83681  0.2  0.2		4.1705503158		-1.0
	18925.00000000	3.62547		-2.62002  0.2  0.2		4.1705503158		-1.0
	18955.00000000	3.38861		-2.37927  0.2  0.2		4.1705503158		-1.0
	18985.00000000	3.38357		-2.35532  0.2  0.2		4.1705503158		-1.0
	19015.00000000	3.71118		-2.58709  0.2  0.2		4.1705503158		-1.0
	19045.00000000	3.91488		-2.59293  0.2  0.2		4.1705503158		-1.0
	19075.00000000	3.83372		-2.84363  0.2  0.2		4.1705503158		-1.0
	19105.00000000	3.58382		-3.04705  0.2  0.2		4.1705503158		-1.0
	19135.00000000	3.90632		-3.05604  0.2  0.2		4.1705503158		-1.0
	19165.00000000	3.68463		-3.03548  0.2  0.2		4.1705503158		-1.0
	19195.00000000	3.8519		3.09826  0.2  0.2		4.1705503158		-1.0
	19225.00000000	3.69945		2.82532  0.2  0.2		4.1705503158		-1.0
	19255.00000000	3.61155		2.67878  0.2  0.2		4.1705503158		-1.0
	19285.00000000	4.12243		2.72502  0.2  0.2		4.1705503158		-1.0
	19315.00000000	4.42017		2.87283  0.2  0.2		4.1705503158		-1.0
	19345.00000000	4.12916		3.03137  0.2  0.2		4.1705503158		-1.0
	19375.00000000	3.54698		3.01963  0.2  0.2		4.1705503158		-1.0
	19405.00000000	3.21339		2.95809  0.2  0.2		4.1705503158		-1.0
	19435.00000000	3.03438		2.76841  0.2  0.2		4.1705503158		-1.0
	19465.00000000	3.10237		2.6102  0.2  0.2		4.1705503158		-1.0
	19495.00000000	3.67279		2.4824  0.2  0.2		4.1705503158		-1.0
	19525.00000000	3.50986		2.52289  0.2  0.2		4.1705503158		-1.0
	19555.00000000	3.45499		2.39414  0.2  0.2		4.1705503158		-1.0
	19585.00000000	3.66423		2.15632  0.2  0.2		4.1705503158		-1.0
	19615.00000000	3.10089		2.14806  0.2  0.2		4.1705503158		-1.0
	19645.00000000	3.46866		2.19766  0.2  0.2		4.1705503158		-1.0
	19675.00000000	2.89434		2.2618  0.2  0.2		4.1705503158		-1.0
	19705.00000000	2.70328		2.27698  0.2  0.2		4.1705503158		-1.0
	19735.00000000	3.28492		2.41249  0.2  0.2		4.1705503158		-1.0
	19765.00000000	2.9163		2.5644  0.2  0.2		4.1705503158		-1.0
	19795.00000000	3.17864		2.42893  0.2  0.2		4.1705503158		-1.0
	19825.00000000	3.07953		2.39289  0.2  0.2		4.1705503158		-1.0
	19855.00000000	3.43158		2.32848  0.2  0.2		4.1705503158		-1.0
	19885.00000000	4.06296		2.16713  0.2  0.2		4.1705503158		-1.0
	19915.00000000	3.43299		1.84437  0.2  0.2		4.1705503158		-1.0
	19945.00000000	3.82077		2.08831  0.2  0.2		4.1705503158		-1.0
	19975.00000000	3.48602		1.96555  0.2  0.2		4.1705503158		-1.0
	20005.00000000	3.62369		1.79993  0.2  0.2		4.1705503158		-1.0
	20035.00000000	3.59684		1.66176  0.2  0.2		4.1705503158		-1.0
	20065.00000000	3.61599		1.63843  0.2  0.2		4.1705503158		-1.0
	20095.00000000	3.7497		1.55382  0.2  0.2		4.1705503158		-1.0
	20125.00000000	3.20085		1.59428  0.2  0.2		4.1705503158		-1.0
	20155.00000000	2.60997		1.56304  0.2  0.2		4.1705503158		-1.0
	20185.00000000	2.92887		1.42788  0.2  0.2		4.1705503158		-1.0
	20215.00000000	2.67225		1.42413  0.2  0.2		4.1705503158		-1.0
	20245.00000000	2.70023		1.38641  0.2  0.2		4.1705503158		-1.0
	20275.00000000	2.75943		1.23476  0.2  0.2		4.1705503158		-1.0
	20305.00000000	3.1089		0.92745  0.2  0.2		4.1705503158		-1.0
	20335.00000000	3.55406		0.55013  0.2  0.2		4.1705503158		-1.0
	20365.00000000	3.46135		0.66679  0.2  0.2		4.1705503158		-1.0
	20395.00000000	3.36935		0.66933  0.2  0.2		4.1705503158		-1.0
	20425.00000000	3.30099		0.81072  0.2  0.2		4.1705503158		-1.0
	20455.00000000	3.07668		0.78873  0.2  0.2		4.1705503158		-1.0
	20485.00000000	3.61827		0.56071  0.2  0.2		4.1705503158		-1.0
	20515.00000000	3.61391		0.34652  0.2  0.2		4.1705503158		-1.0
	20545.00000000	3.60424		0.11392  0.2  0.2		4.1705503158		-1.0
	20575.00000000	3.49599		0.09089  0.2  0.2		4.1705503158		-1.0
	20605.00000000	3.55016		0.08205  0.2  0.2		4.1705503158		-1.0
	20635.00000000	3.38481		0.08633  0.2  0.2		4.1705503158		-1.0
	20665.00000000	3.76446		-0.21954  0.2  0.2		4.1705503158		-1.0
	20695.00000000	3.25479		-0.61073  0.2  0.2		4.1705503158		-1.0
	20725.00000000	3.65524		-0.64952  0.2  0.2		4.1705503158		-1.0
	20754.99999999	3.60983		-0.56254  0.2  0.2		4.1705503158		-1.0
	20784.99999999	3.4465		-0.88224  0.2  0.2		4.1705503158		-1.0
	20814.99999999	3.64363		-0.90096  0.2  0.2		4.1705503158		-1.0
	20844.99999999	3.11261		-0.77913  0.2  0.2		4.1705503158		-1.0
	20874.99999999	3.34537		-0.61754  0.2  0.2		4.1705503158		-1.0
	20904.99999999	3.69224		-0.58122  0.2  0.2		4.1705503158		-1.0
	20934.99999999	3.41085		-0.42789  0.2  0.2		4.1705503158		-1.0
	20964.99999999	3.72141		-0.35367  0.2  0.2		4.1705503158		-1.0
	20994.99999999	3.19489		-0.3616  0.2  0.2		4.1705503158		-1.0
	21024.99999999	3.77021		-0.62151  0.2  0.2		4.1705503158		-1.0
	21054.99999999	3.7052		-0.61728  0.2  0.2		4.1705503158		-1.0
	21084.99999999	3.03415		-0.69157  0.2  0.2		4.1705503158		-1.0
	21114.99999999	2.66249		-0.48728  0.2  0.2		4.1705503158		-1.0
	21144.99999999	2.68974		-0.44232  0.2  0.2		4.1705503158		-1.0
	21174.99999999	2.67973		-0.6458  0.2  0.2		4.1705503158		-1.0
	21204.99999999	3.0468		-0.79499  0.2  0.2		4.1705503158		-1.0
	21234.99999999	3.85786		-0.96745  0.2  0.2		4.1705503158		-1.0
	21264.99999999	3.45632		-1.01489  0.2  0.2		4.1705503158		-1.0
	21294.99999999	3.55876		-1.05289  0.2  0.2		4.1705503158		-1.0
	21324.99999999	3.79837		-1.14968  0.2  0.2		4.1705503158		-1.0
	21354.99999999	3.59765		-1.22905  0.2  0.2		4.1705503158		-1.0
	21384.99999999	3.1433		-1.00904  0.2  0.2		4.1705503158		-1.0
	21414.99999999	2.64454		-0.87205  0.2  0.2		4.1705503158		-1.0
	21444.99999999	2.65327		-0.84072  0.2  0.2		4.1705503158		-1.0
	21474.99999999	2.54183		-1.06901  0.2  0.2		4.1705503158		-1.0
	21504.99999999	2.75685		-1.11382  0.2  0.2		4.1705503158		-1.0
	21534.99999999	2.77229		-0.93172  0.2  0.2		4.1705503158		-1.0
	21564.99999999	3.52787		-0.77074  0.2  0.2		4.1705503158		-1.0
	21594.99999999	4.04323		-0.8418  0.2  0.2		4.1705503158		-1.0
	21624.99999999	3.40059		-0.92633  0.2  0.2		4.1705503158		-1.0
	21654.99999999	3.2195		-0.8306  0.2  0.2		4.1705503158		-1.0
	21684.99999999	3.22994		-0.61195  0.2  0.2		4.1705503158		-1.0
	21714.99999999	3.55282		-0.32008  0.2  0.2		4.1705503158		-1.0
	21744.99999999	3.46411		-0.23409  0.2  0.2		4.1705503158		-1.0
	21774.99999999	3.66274		-0.17252  0.2  0.2		4.1705503158		-1.0
	21804.99999999	3.82341		0.00478  0.2  0.2		4.1705503158		-1.0
	21834.99999999	3.11939		0.26251  0.2  0.2		4.1705503158		-1.0
	21864.99999999	3.19537		0.56415  0.2  0.2		4.1705503158		-1.0
	21894.99999999	3.24089		0.95028  0.2  0.2		4.1705503158		-1.0
	21924.99999999	3.62813		1.12591  0.2  0.2		4.1705503158		-1.0
	21954.99999999	3.55215		1.09358  0.2  0.2		4.1705503158		-1.0
	21984.99999999	3.35757		1.3112  0.2  0.2		4.1705503158		-1.0
	22014.99999999	3.41848		1.32079  0.2  0.2		4.1705503158		-1.0
	22044.99999999	3.48203		1.24597  0.2  0.2		4.1705503158		-1.0
	22074.99999999	3.81038		1.37878  0.2  0.2		4.1705503158		-1.0
	22104.99999999	3.23994		1.50993  0.2  0.2		4.1705503158		-1.0
	22134.99999999	2.89531		1.30518  0.2  0.2		4.1705503158		-1.0
	22164.99999999	3.26355		1.29031  0.2  0.2		4.1705503158		-1.0
	22194.99999999	3.8892		1.38281  0.2  0.2		4.1705503158		-1.0
	22224.99999999	3.94932		1.42268  0.2  0.2		4.1705503158		-1.0
	22254.99999999	3.36866		1.52537  0.2  0.2		4.1705503158		-1.0
	22284.99999999	3.45293		1.67747  0.2  0.2		4.1705503158		-1.0
	22314.99999999	4.05119		1.74438  0.2  0.2		4.1705503158		-1.0
	22344.99999999	3.86025		1.79757  0.2  0.2		4.1705503158		-1.0
	22374.99999999	3.91531		1.76956  0.2  0.2		4.1705503158		-1.0
	22404.99999999	3.77989		1.80228  0.2  0.2		4.1705503158		-1.0
	22434.99999999	4.04673		1.96516  0.2  0.2		4.1705503158		-1.0
	22464.99999999	4.29358		2.05791  0.2  0.2		4.1705503158		-1.0
	22494.99999999	4.23676		1.99962  0.2  0.2		4.1705503158		-1.0
	22524.99999999	3.80015		1.62837  0.2  0.2		4.1705503158		-1.0
	22554.99999999	3.36739		1.47505  0.2  0.2		4.1705503158		-1.0
	22584.99999999	2.98248		1.20054  0.2  0.2		4.1705503158		-1.0
	22614.99999999	3.35307		1.22487  0.2  0.2		4.1705503158		-1.0
	22644.99999999	3.97661		1.22504  0.2  0.2		4.1705503158		-1.0
	22674.99999999	3.4325		1.16901  0.2  0.2		4.1705503158		-1.0
	22704.99999999	3.78438		0.91058  0.2  0.2		4.1705503158		-1.0
	22734.99999999	3.5368		0.73761  0.2  0.2		4.1705503158		-1.0
	22764.99999999	3.392		0.74333  0.2  0.2		4.1705503158		-1.0
	22794.99999999	3.80822		0.78404  0.2  0.2		4.1705503158		-1.0
	22824.99999999	3.47546		0.69373  0.2  0.2		4.1705503158		-1.0
	22854.99999999	3.50857		0.47827  0.2  0.2		4.1705503158		-1.0
	22884.99999999	3.79935		0.45192  0.2  0.2		4.1705503158		-1.0
	22914.99999999	3.57392		0.77634  0.2  0.2		4.1705503158		-1.0
	22944.99999999	3.64063		1.00248  0.2  0.2		4.1705503158		-1.0
	22974.99999999	3.98665		1.12126  0.2  0.2		4.1705503158		-1.0
	23004.99999999	3.61286		0.94368  0.2  0.2		4.1705503158		-1.0
	23034.99999999	3.46463		0.76633  0.2  0.2		4.1705503158		-1.0
	23064.99999999	3.96594		0.53644  0.2  0.2		4.1705503158		-1.0
	23094.99999999	3.62846		0.3661  0.2  0.2		4.1705503158		-1.0
	23124.99999999	3.00419		0.3445  0.2  0.2		4.1705503158		-1.0
	23154.99999999	2.9671		0.56854  0.2  0.2		4.1705503158		-1.0
	23184.99999999	3.19689		0.60538  0.2  0.2		4.1705503158		-1.0
	23214.99999999	2.59851		0.48948  0.2  0.2		4.1705503158		-1.0
	23244.99999999	2.64765		0.5242  0.2  0.2		4.1705503158		-1.0
	23274.99999999	2.69682		0.7975  0.2  0.2		4.1705503158		-1.0
	23304.99999999	2.68566		0.85272  0.2  0.2		4.1705503158		-1.0
	23334.99999999	3.11619		0.89531  0.2  0.2		4.1705503158		-1.0
	23364.99999999	3.13889		1.1294  0.2  0.2		4.1705503158		-1.0
	23394.99999999	2.93743		0.83276  0.2  0.2		4.1705503158		-1.0
	23424.99999999	3.19853		0.79539  0.2  0.2		4.1705503158		-1.0
	23454.99999999	3.28515		0.84394  0.2  0.2		4.1705503158		-1.0
	23484.99999999	3.26438		1.14037  0.2  0.2		4.1705503158		-1.0
	23514.99999999	2.95555		1.35543  0.2  0.2		4.1705503158		-1.0
	23544.99999999	2.77804		1.48391  0.2  0.2		4.1705503158		-1.0
	23574.99999999	2.67353		1.53826  0.2  0.2		4.1705503158		-1.0
	23604.99999999	2.71644		1.49716  0.2  0.2		4.1705503158		-1.0
	23634.99999999	2.70181		1.64089  0.2  0.2		4.1705503158		-1.0
	23664.99999999	2.72045		1.73045  0.2  0.2		4.1705503158		-1.0
	23694.99999999	2.67146		1.68634  0.2  0.2		4.1705503158		-1.0
	23724.99999999	2.60249		1.75033  0.2  0.2		4.1705503158		-1.0
	23754.99999999	2.69182		1.83145  0.2  0.2		4.1705503158		-1.0
	23784.99999999	3.47999		1.80829  0.2  0.2		4.1705503158		-1.0
	23814.99999999	3.1359		1.5107  0.2  0.2		4.1705503158		-1.0
	23844.99999999	3.22758		1.56967  0.2  0.2		4.1705503158		-1.0
	23874.99999999	4.19367		1.66768  0.2  0.2		4.1705503158		-1.0
	23904.99999999	4.51983		1.63535  0.2  0.2		4.1705503158		-1.0
	23934.99999999	4.8079		1.7452  0.2  0.2		4.1705503158		-1.0
	23964.99999999	5.55731		1.86783  0.2  0.2		4.1705503158		-1.0
	23994.99999999	6.57433		1.98476  0.2  0.2		4.1705503158		-1.0
	24024.99999999	7.31283		1.76861  0.2  0.2		4.1705503158		-1.0
	24054.99999999	7.88719		1.78717  0.2  0.2		4.1705503158		-1.0
	24084.99999999	8.4024		1.82047  0.2  0.2		4.1705503158		-1.0
	24114.99999999	9.07919		1.83212  0.2  0.2		4.1705503158		-1.0
	24144.99999999	9.53749		1.83661  0.2  0.2		4.1705503158		-1.0
	24174.99999999	9.76083		1.64644  0.2  0.2		4.1705503158		-1.0
	24204.99999999	10.25679		1.56487  0.2  0.2		4.1705503158		-1.0
	24234.99999999	10.62811		1.53076  0.2  0.2		4.1705503158		-1.0
	24264.99999999	11.24866		1.32038  0.2  0.2		4.1705503158		-1.0
	24294.99999999	11.39361		1.03806  0.2  0.2		4.1705503158		-1.0
	24324.99999999	11.84929		1.23629  0.2  0.2		4.1705503158		-1.0
	24354.99999999	12.06278		1.34054  0.2  0.2		4.1705503158		-1.0
	24384.99999999	11.73246		1.36176  0.2  0.2		4.1705503158		-1.0
	24414.99999999	11.22768		1.4461  0.2  0.2		4.1705503158		-1.0
	24444.99999999	10.65979		1.68615  0.2  0.2		4.1705503158		-1.0
	24474.99999999	10.24145		1.80545  0.2  0.2		4.1705503158		-1.0
	24504.99999999	10.14825		1.70128  0.2  0.2		4.1705503158		-1.0
	24534.99999999	9.67937		1.34869  0.2  0.2		4.1705503158		-1.0
	24564.99999999	9.69702		1.32236  0.2  0.2		4.1705503158		-1.0
	24594.99999999	10.06491		1.36721  0.2  0.2		4.1705503158		-1.0
	24624.99999999	10.10455		1.08433  0.2  0.2		4.1705503158		-1.0
	24654.99999999	10.47493		0.98165  0.2  0.2		4.1705503158		-1.0
	24684.99999999	10.6592		1.07094  0.2  0.2		4.1705503158		-1.0
	24714.99999999	10.90026		1.10576  0.2  0.2		4.1705503158		-1.0
	24744.99999999	10.92501		1.60577  0.2  0.2		4.1705503158		-1.0
	24774.99999999	11.19022		1.51691  0.2  0.2		4.1705503158		-1.0
	24804.99999999	11.47615		1.6464  0.2  0.2		4.1705503158		-1.0
	24834.99999999	11.94311		1.8692  0.2  0.2		4.1705503158		-1.0
	24864.99999999	12.00515		2.07437  0.2  0.2		4.1705503158		-1.0
	24894.99999999	11.91329		1.95509  0.2  0.2		4.1705503158		-1.0
	24924.99999999	11.2722		2.07923  0.2  0.2		4.1705503158		-1.0
	24954.99999999	10.54217		2.02835  0.2  0.2		4.1705503158		-1.0
	24984.99999999	10.14002		2.00334  0.2  0.2		4.1705503158		-1.0
	25014.99999999	9.52888		2.31914  0.2  0.2		4.1705503158		-1.0
	25044.99999999	9.73237		2.51204  0.2  0.2		4.1705503158		-1.0
	25074.99999999	9.74752		2.62192  0.2  0.2		4.1705503158		-1.0
	25104.99999999	9.76338		2.66776  0.2  0.2		4.1705503158		-1.0
	25134.99999999	10.12448		3.14084  0.2  0.2		4.1705503158		-1.0
	25164.99999999	10.31283		-3.04633  0.2  0.2		4.1705503158		-1.0
	25194.99999999	9.87238		2.5818  0.2  0.2		4.1705503158		-1.0
	25224.99999999	10.11957		1.62147  0.2  0.2		4.1705503158		-1.0
	25254.99999999	9.7997		1.83561  0.2  0.2		4.1705503158		-1.0
	25284.99999999	9.1106		2.36355  0.2  0.2		4.1705503158		-1.0
	25314.99999999	8.57529		2.59287  0.2  0.2		4.1705503158		-1.0
	25344.99999999	8.28833		2.50569  0.2  0.2		4.1705503158		-1.0
	25374.99999999	8.02834		2.54427  0.2  0.2		4.1705503158		-1.0
	25404.99999999	7.94096		2.15478  0.2  0.2		4.1705503158		-1.0
	25434.99999999	7.73107		2.12444  0.2  0.2		4.1705503158		-1.0
	25464.99999999	7.39188		2.2666  0.2  0.2		4.1705503158		-1.0
	25494.99999999	6.98705		2.6662  0.2  0.2		4.1705503158		-1.0
	25524.99999999	6.93923		3.14106  0.2  0.2		4.1705503158		-1.0
	25554.99999999	6.78319		2.16452  0.2  0.2		4.1705503158		-1.0
	25584.99999999	6.37358		2.49049  0.2  0.2		4.1705503158		-1.0
	25614.99999999	6.0698		-0.65918  0.2  0.2		4.1705503158		-1.0
	25644.99999999	6.18385		0.22489  0.2  0.2		4.1705503158		-1.0
	25674.99999999	6.92444		-0.2421  0.2  0.2		4.1705503158		-1.0
	25704.99999999	7.25189		-0.60002  0.2  0.2		4.1705503158		-1.0
	25734.99999999	7.28068		-0.86037  0.2  0.2		4.1705503158		-1.0
	25764.99999999	7.33716		-1.69771  0.2  0.2		4.1705503158		-1.0
	25794.99999999	8.06179		-2.7005  0.2  0.2		4.1705503158		-1.0
	25824.99999999	8.53852		-2.8185  0.2  0.2		4.1705503158		-1.0
	25854.99999999	8.39642		3.08713  0.2  0.2		4.1705503158		-1.0
	25884.99999999	8.88517		-0.9889  0.2  0.2		4.1705503158		-1.0
	25914.99999999	9.37802		-0.92762  0.2  0.2		4.1705503158		-1.0
	25944.99999999	9.7347		-0.25836  0.2  0.2		4.1705503158		-1.0
	25974.99999999	10.04007		0.27061  0.2  0.2		4.1705503158		-1.0
	26004.99999999	10.77935		0.23478  0.2  0.2		4.1705503158		-1.0
	26034.99999999	11.2421		0.19158  0.2  0.2		4.1705503158		-1.0
	26064.99999999	11.99623		0.27467  0.2  0.2		4.1705503158		-1.0
	26094.99999999	11.97292		0.55585  0.2  0.2		4.1705503158		-1.0
	26124.99999999	11.98756		0.64141  0.2  0.2		4.1705503158		-1.0
	26154.99999999	11.51965		0.34839  0.2  0.2		4.1705503158		-1.0
	26184.99999999	11.57727		0.34641  0.2  0.2		4.1705503158		-1.0
	26214.99999999	11.2725		0.30858  0.2  0.2		4.1705503158		-1.0
	26244.99999999	11.22935		0.07117  0.2  0.2		4.1705503158		-1.0
	26274.99999999	10.98535		-0.33115  0.2  0.2		4.1705503158		-1.0
	26304.99999999	10.78342		-0.77186  0.2  0.2		4.1705503158		-1.0
	26334.99999999	11.16042		-0.6939  0.2  0.2		4.1705503158		-1.0
	26364.99999999	11.49815		-0.46025  0.2  0.2		4.1705503158		-1.0
	26394.99999999	12.05275		-0.50752  0.2  0.2		4.1705503158		-1.0
	26424.99999999	11.85868		-0.77959  0.2  0.2		4.1705503158		-1.0
	26454.99999999	11.57589		-0.85334  0.2  0.2		4.1705503158		-1.0
	26484.99999999	11.59461		-0.89145  0.2  0.2		4.1705503158		-1.0
	26514.99999999	11.1638		-1.20364  0.2  0.2		4.1705503158		-1.0
	26544.99999999	10.57139		-1.65899  0.2  0.2		4.1705503158		-1.0
	26574.99999999	10.65764		-2.38972  0.2  0.2		4.1705503158		-1.0
	26604.99999999	10.73197		-2.89479  0.2  0.2		4.1705503158		-1.0
	26634.99999999	10.8228		2.47198  0.2  0.2		4.1705503158		-1.0
	26664.99999999	10.72377		2.67592  0.2  0.2		4.1705503158		-1.0
	26694.99999999	10.90628		-3.1404  0.2  0.2		4.1705503158		-1.0
	26724.99999999	11.09424		3.09957  0.2  0.2		4.1705503158		-1.0
	26754.99999999	11.19336		-2.31136  0.2  0.2		4.1705503158		-1.0
	26784.99999999	11.64216		-2.36692  0.2  0.2		4.1705503158		-1.0
	26814.99999999	11.86631		-2.92517  0.2  0.2		4.1705503158		-1.0
	26844.99999999	12.05678		2.41546  0.2  0.2		4.1705503158		-1.0
	26874.99999999	12.00463		1.78815  0.2  0.2		4.1705503158		-1.0
	26904.99999999	12.01714		0.9262  0.2  0.2		4.1705503158		-1.0
	26934.99999999	11.70755		0.84824  0.2  0.2		4.1705503158		-1.0
	26964.99999999	11.05896		1.04219  0.2  0.2		4.1705503158		-1.0
	26994.99999999	10.32949		1.1974  0.2  0.2		4.1705503158		-1.0
	27024.99999999	9.66883		1.21166  0.2  0.2		4.1705503158		-1.0
	27054.99999999	9.03634		1.21276  0.2  0.2		4.1705503158		-1.0
	27084.99999999	9.26503		-2.65056  0.2  0.2		4.1705503158		-1.0
	27114.99999999	9.17751		-2.87221  0.2  0.2		4.1705503158		-1.0
	27144.99999999	9.00617		2.57398  0.2  0.2		4.1705503158		-1.0
	27174.99999999	8.6919		1.81386  0.2  0.2		4.1705503158		-1.0
	27204.99999999	8.62177		1.57292  0.2  0.2		4.1705503158		-1.0
	27234.99999998	8.38157		1.10059  0.2  0.2		4.1705503158		-1.0
	27264.99999998	8.31516		0.87118  0.2  0.2		4.1705503158		-1.0
	27294.99999998	8.38706		0.82837  0.2  0.2		4.1705503158		-1.0
	27324.99999998	8.93807		0.76045  0.2  0.2		4.1705503158		-1.0
	27354.99999998	9.14183		0.59597  0.2  0.2		4.1705503158		-1.0
	27384.99999998	9.55975		0.49431  0.2  0.2		4.1705503158		-1.0
	27414.99999998	9.84374		0.35649  0.2  0.2		4.1705503158		-1.0
	27444.99999998	10.0414		0.28434  0.2  0.2		4.1705503158		-1.0
	27474.99999998	10.42732		0.25622  0.2  0.2		4.1705503158		-1.0
	27504.99999998	11.0372		0.21716  0.2  0.2		4.1705503158		-1.0
	27534.99999998	10.64987		0.15102  0.2  0.2		4.1705503158		-1.0
	27564.99999998	10.15463		-0.04151  0.2  0.2		4.1705503158		-1.0
	27594.99999998	10.08756		-0.28415  0.2  0.2		4.1705503158		-1.0
	27624.99999998	9.84397		-0.69074  0.2  0.2		4.1705503158		-1.0
	27654.99999998	9.90557		-1.11452  0.2  0.2		4.1705503158		-1.0
	27684.99999998	10.15413		-1.26336  0.2  0.2		4.1705503158		-1.0
	27714.99999998	10.70741		-1.30015  0.2  0.2		4.1705503158		-1.0
	27744.99999998	10.7972		-1.46778  0.2  0.2		4.1705503158		-1.0
	27774.99999998	10.37518		-1.56643  0.2  0.2		4.1705503158		-1.0
	27804.99999998	9.72405		-1.52118  0.2  0.2		4.1705503158		-1.0
	27834.99999998	9.13591		-1.63189  0.2  0.2		4.1705503158		-1.0
	27864.99999998	8.48573		-1.50076  0.2  0.2		4.1705503158		-1.0
	27894.99999998	7.72427		-1.49379  0.2  0.2		4.1705503158		-1.0
	27924.99999998	7.60119		-1.27475  0.2  0.2		4.1705503158		-1.0
	27954.99999998	7.69185		-0.98761  0.2  0.2		4.1705503158		-1.0
	27984.99999998	7.70053		-0.63414  0.2  0.2		4.1705503158		-1.0
	28014.99999998	7.44171		-0.34432  0.2  0.2		4.1705503158		-1.0
	28044.99999998	7.25707		-0.26976  0.2  0.2		4.1705503158		-1.0
	28074.99999998	7.4113		-0.0781  0.2  0.2		4.1705503158		-1.0
	28104.99999998	8.01994		-0.08435  0.2  0.2		4.1705503158		-1.0
	28134.99999998	8.75961		-0.21648  0.2  0.2		4.1705503158		-1.0
	28164.99999998	9.40903		-0.29614  0.2  0.2		4.1705503158		-1.0
	28194.99999998	9.44599		-0.35633  0.2  0.2		4.1705503158		-1.0
	28224.99999998	9.62475		-0.53677  0.2  0.2		4.1705503158		-1.0
	28254.99999998	10.12251		-0.53734  0.2  0.2		4.1705503158		-1.0
	28284.99999998	10.78327		-0.53148  0.2  0.2		4.1705503158		-1.0
	28314.99999998	11.14128		-0.52143  0.2  0.2		4.1705503158		-1.0
	28344.99999998	11.45214		-0.26063  0.2  0.2		4.1705503158		-1.0
	28374.99999998	12.07161		-0.0903  0.2  0.2		4.1705503158		-1.0
	28404.99999998	11.74251		-0.03047  0.2  0.2		4.1705503158		-1.0
	28434.99999998	11.36998		-0.12226  0.2  0.2		4.1705503158		-1.0
	28464.99999998	10.67491		-0.05201  0.2  0.2		4.1705503158		-1.0
	28494.99999998	10.02805		-0.10204  0.2  0.2		4.1705503158		-1.0
	28524.99999998	9.59257		-0.19276  0.2  0.2		4.1705503158		-1.0
	28554.99999998	9.16721		0.03861  0.2  0.2		4.1705503158		-1.0
	28584.99999998	8.71214		0.18798  0.2  0.2		4.1705503158		-1.0
	28614.99999998	8.0941		0.454  0.2  0.2		4.1705503158		-1.0
	28644.99999998	7.20914		0.54117  0.2  0.2		4.1705503158		-1.0
	28674.99999998	6.71169		0.3288  0.2  0.2		4.1705503158		-1.0
	28704.99999998	6.56768		0.22337  0.2  0.2		4.1705503158		-1.0
	28734.99999998	7.28146		0.21642  0.2  0.2		4.1705503158		-1.0
	28764.99999998	7.93079		0.06117  0.2  0.2		4.1705503158		-1.0
	28794.99999998	8.50169		0.12904  0.2  0.2		4.1705503158		-1.0
	28824.99999998	9.06283		0.15745  0.2  0.2		4.1705503158		-1.0
	28854.99999998	9.32401		0.39391  0.2  0.2		4.1705503158		-1.0
	28884.99999998	9.34436		0.68538  0.2  0.2		4.1705503158		-1.0
	28914.99999998	9.28104		0.94351  0.2  0.2		4.1705503158		-1.0
	28944.99999998	9.06061		0.87645  0.2  0.2		4.1705503158		-1.0
	28974.99999998	8.78581		0.78986  0.2  0.2		4.1705503158		-1.0
	29004.99999998	8.38888		0.53905  0.2  0.2		4.1705503158		-1.0
	29034.99999998	7.96666		0.35071  0.2  0.2		4.1705503158		-1.0
	29064.99999998	7.69072		0.65283  0.2  0.2		4.1705503158		-1.0
	29094.99999998	7.31387		0.81439  0.2  0.2		4.1705503158		-1.0
	29124.99999998	6.78727		0.91028  0.2  0.2		4.1705503158		-1.0
	29154.99999998	6.3416		1.16513  0.2  0.2		4.1705503158		-1.0
	29184.99999998	6.97855		1.35386  0.2  0.2		4.1705503158		-1.0
	29214.99999998	7.46912		1.25424  0.2  0.2		4.1705503158		-1.0
	29244.99999998	7.74528		0.91102  0.2  0.2		4.1705503158		-1.0
	29274.99999998	8.13909		0.7527  0.2  0.2		4.1705503158		-1.0
	29304.99999998	7.75309		0.59195  0.2  0.2		4.1705503158		-1.0
	29334.99999998	7.47922		0.82401  0.2  0.2		4.1705503158		-1.0
	29364.99999998	7.03796		1.16591  0.2  0.2		4.1705503158		-1.0
	29394.99999998	7.17357		1.49783  0.2  0.2		4.1705503158		-1.0
	29424.99999998	7.231		2.02275  0.2  0.2		4.1705503158		-1.0
	29454.99999998	7.01598		2.14365  0.2  0.2		4.1705503158		-1.0
	29484.99999998	7.17761		2.30075  0.2  0.2		4.1705503158		-1.0
	29514.99999998	7.95393		2.51198  0.2  0.2		4.1705503158		-1.0
	29544.99999998	8.04499		2.45415  0.2  0.2		4.1705503158		-1.0
	29574.99999998	8.58362		2.53514  0.2  0.2		4.1705503158		-1.0
	29604.99999998	8.44449		2.33591  0.2  0.2		4.1705503158		-1.0
	29634.99999998	8.67831		2.17201  0.2  0.2		4.1705503158		-1.0
	29664.99999998	8.50686		1.8406  0.2  0.2		4.1705503158		-1.0
	29694.99999998	8.37106		1.5576  0.2  0.2		4.1705503158		-1.0
	29724.99999998	7.88125		1.49117  0.2  0.2		4.1705503158		-1.0
	29754.99999998	7.57769		1.32601  0.2  0.2		4.1705503158		-1.0
	29784.99999998	7.65645		1.16368  0.2  0.2		4.1705503158		-1.0
	29814.99999998	7.97777		1.1721  0.2  0.2		4.1705503158		-1.0
	29844.99999998	8.03127		1.10014  0.2  0.2		4.1705503158		-1.0
	29874.99999998	7.47828		1.04942  0.2  0.2		4.1705503158		-1.0
	29904.99999998	7.49137		1.84489  0.2  0.2		4.1705503158		-1.0
	29934.99999998	7.52078		2.71395  0.2  0.2		4.1705503158		-1.0
	29964.99999998	7.66556		-2.83841  0.2  0.2		4.1705503158		-1.0
	29994.99999998	7.93754		-2.64664  0.2  0.2		4.1705503158		-1.0
	30024.99999998	8.16986		-2.71896  0.2  0.2		4.1705503158		-1.0
	30054.99999998	8.60895		-2.5711  0.2  0.2		4.1705503158		-1.0
	30084.99999998	8.88376		-3.08982  0.2  0.2		4.1705503158		-1.0
	30114.99999998	8.88751		2.94802  0.2  0.2		4.1705503158		-1.0
	30144.99999998	8.78909		3.01691  0.2  0.2		4.1705503158		-1.0
	30174.99999998	8.32849		2.81958  0.2  0.2		4.1705503158		-1.0
	30204.99999998	7.78598		-3.13457  0.2  0.2		4.1705503158		-1.0
	30234.99999998	7.41788		-2.68888  0.2  0.2		4.1705503158		-1.0
	30264.99999998	7.06556		-2.56494  0.2  0.2		4.1705503158		-1.0
	30294.99999998	6.88769		-2.25827  0.2  0.2		4.1705503158		-1.0
	30324.99999998	7.01406		-2.22571  0.2  0.2		4.1705503158		-1.0
	30354.99999998	7.64338		-2.32328  0.2  0.2		4.1705503158		-1.0
	30384.99999998	8.21382		-2.25595  0.2  0.2		4.1705503158		-1.0
	30414.99999998	8.80945		-2.18147  0.2  0.2		4.1705503158		-1.0
	30444.99999998	9.43566		-1.94682  0.2  0.2		4.1705503158		-1.0
	30474.99999998	9.93461		-1.8551  0.2  0.2		4.1705503158		-1.0
	30504.99999998	10.33571		-2.01543  0.2  0.2		4.1705503158		-1.0
	30534.99999998	10.29248		-2.03309  0.2  0.2		4.1705503158		-1.0
	30564.99999998	9.85955		-2.19685  0.2  0.2		4.1705503158		-1.0
	30594.99999998	9.65738		-2.32255  0.2  0.2		4.1705503158		-1.0
	30624.99999998	9.66927		-2.09762  0.2  0.2		4.1705503158		-1.0
	30654.99999998	9.84652		-1.92145  0.2  0.2		4.1705503158		-1.0
	30684.99999998	10.01236		-1.63571  0.2  0.2		4.1705503158		-1.0
	30714.99999998	9.6221		-1.41254  0.2  0.2		4.1705503158		-1.0
	30744.99999998	9.49694		-1.22223  0.2  0.2		4.1705503158		-1.0
	30774.99999998	8.93597		-1.16795  0.2  0.2		4.1705503158		-1.0
	30804.99999998	8.47346		-1.15887  0.2  0.2		4.1705503158		-1.0
	30834.99999998	7.96248		-1.34381  0.2  0.2		4.1705503158		-1.0
	30864.99999998	7.89279		-1.48706  0.2  0.2		4.1705503158		-1.0
	30894.99999998	7.90809		-1.73327  0.2  0.2		4.1705503158		-1.0
	30924.99999998	8.33608		-2.05407  0.2  0.2		4.1705503158		-1.0
	30954.99999998	8.68819		-1.9813  0.2  0.2		4.1705503158		-1.0
	30984.99999998	8.41206		-1.80522  0.2  0.2		4.1705503158		-1.0
	31014.99999998	8.04742		-1.74117  0.2  0.2		4.1705503158		-1.0
	31044.99999998	7.1773		-1.8357  0.2  0.2		4.1705503158		-1.0
	31074.99999998	6.26733		-1.86079  0.2  0.2		4.1705503158		-1.0
	31104.99999998	6.06519		-1.69691  0.2  0.2		4.1705503158		-1.0
	31134.99999998	6.21443		-1.76626  0.2  0.2		4.1705503158		-1.0
	31164.99999998	6.61044		-1.77373  0.2  0.2		4.1705503158		-1.0
	31194.99999998	6.83055		-1.97372  0.2  0.2		4.1705503158		-1.0
	31224.99999998	6.85023		-1.8333  0.2  0.2		4.1705503158		-1.0
	31254.99999998	7.04173		-1.64977  0.2  0.2		4.1705503158		-1.0
	31284.99999998	7.41064		-1.58229  0.2  0.2		4.1705503158		-1.0
	31314.99999998	7.81963		-1.5004  0.2  0.2		4.1705503158		-1.0
	31344.99999998	8.21981		-1.72578  0.2  0.2		4.1705503158		-1.0
	31374.99999998	8.75267		-1.79345  0.2  0.2		4.1705503158		-1.0
	31404.99999998	9.17142		-1.7675  0.2  0.2		4.1705503158		-1.0
	31434.99999998	9.48585		-1.7162  0.2  0.2		4.1705503158		-1.0
	31464.99999998	9.87626		-1.73266  0.2  0.2		4.1705503158		-1.0
	31494.99999998	10.00417		-1.74955  0.2  0.2		4.1705503158		-1.0
	31524.99999998	10.43685		-1.83527  0.2  0.2		4.1705503158		-1.0
	31554.99999998	10.58406		-1.98526  0.2  0.2		4.1705503158		-1.0
	31584.99999998	11.09501		-1.89763  0.2  0.2		4.1705503158		-1.0
	31614.99999998	11.73525		-2.00053  0.2  0.2		4.1705503158		-1.0
	31644.99999998	12.01909		-2.07467  0.2  0.2		4.1705503158		-1.0
	31674.99999998	11.69408		-2.07968  0.2  0.2		4.1705503158		-1.0
	31704.99999998	10.98643		-2.31583  0.2  0.2		4.1705503158		-1.0
	31734.99999998	10.51252		-2.22369  0.2  0.2		4.1705503158		-1.0
	31764.99999998	10.01854		-2.30307  0.2  0.2		4.1705503158		-1.0
	31794.99999998	10.04995		-2.45887  0.2  0.2		4.1705503158		-1.0
	31824.99999998	10.4033		-2.45753  0.2  0.2		4.1705503158		-1.0
	31854.99999998	10.37305		-2.71142  0.2  0.2		4.1705503158		-1.0
	31884.99999998	10.23143		-2.83318  0.2  0.2		4.1705503158		-1.0
	31914.99999998	9.50793		-2.78965  0.2  0.2		4.1705503158		-1.0
	31944.99999998	8.83914		-2.74502  0.2  0.2		4.1705503158		-1.0
	31974.99999998	8.85952		-2.73477  0.2  0.2		4.1705503158		-1.0
	32004.99999998	9.31498		-2.56456  0.2  0.2		4.1705503158		-1.0
	32034.99999998	9.48679		-2.44851  0.2  0.2		4.1705503158		-1.0
	32064.99999998	9.35136		-2.16181  0.2  0.2		4.1705503158		-1.0
	32094.99999998	8.86266		-2.09027  0.2  0.2		4.1705503158		-1.0
	32124.99999998	8.6543		-2.14184  0.2  0.2		4.1705503158		-1.0
	32154.99999998	8.58443		-2.21258  0.2  0.2		4.1705503158		-1.0
	32184.99999998	8.30584		-2.37672  0.2  0.2		4.1705503158		-1.0
	32214.99999998	7.39669		-2.54783  0.2  0.2		4.1705503158		-1.0
	32244.99999998	7.10583		-2.27273  0.2  0.2		4.1705503158		-1.0
	32274.99999998	7.4071		-2.24721  0.2  0.2		4.1705503158		-1.0
	32304.99999998	7.86544		-2.23963  0.2  0.2		4.1705503158		-1.0
	32334.99999998	7.99394		-2.20033  0.2  0.2		4.1705503158		-1.0
	32364.99999998	7.40488		-2.16763  0.2  0.2		4.1705503158		-1.0
	32394.99999998	7.49084		-1.97894  0.2  0.2		4.1705503158		-1.0
	32424.99999998	7.54014		-1.92766  0.2  0.2		4.1705503158		-1.0
	32454.99999998	7.73066		-1.87137  0.2  0.2		4.1705503158		-1.0
	32484.99999998	8.24049		-2.04503  0.2  0.2		4.1705503158		-1.0
	32514.99999998	8.80652		-2.04132  0.2  0.2		4.1705503158		-1.0
	32544.99999998	9.20982		-2.27125  0.2  0.2		4.1705503158		-1.0
	32574.99999998	9.58977		-2.49539  0.2  0.2		4.1705503158		-1.0
	32604.99999998	10.07164		-2.63094  0.2  0.2		4.1705503158		-1.0
	32634.99999998	10.00206		-2.81304  0.2  0.2		4.1705503158		-1.0
	32664.99999998	9.56119		-2.83086  0.2  0.2		4.1705503158		-1.0
	32694.99999998	9.76949		-2.83757  0.2  0.2		4.1705503158		-1.0
	32724.99999998	9.66762		-2.90098  0.2  0.2		4.1705503158		-1.0
	32754.99999998	9.31856		-2.95887  0.2  0.2		4.1705503158		-1.0
	32784.99999998	9.04139		-2.76076  0.2  0.2		4.1705503158		-1.0
	32814.99999998	8.7398		-2.45003  0.2  0.2		4.1705503158		-1.0
	32844.99999998	8.36668		-2.38662  0.2  0.2		4.1705503158		-1.0
	32874.99999998	7.99198		-2.46361  0.2  0.2		4.1705503158		-1.0
	32904.99999998	7.60174		-2.47871  0.2  0.2		4.1705503158		-1.0
	32934.99999998	7.32005		-2.6161  0.2  0.2		4.1705503158		-1.0
	32964.99999998	7.46369		-2.62881  0.2  0.2		4.1705503158		-1.0
	32994.99999998	7.94753		-2.80268  0.2  0.2		4.1705503158		-1.0
	33024.99999998	8.48501		-2.98884  0.2  0.2		4.1705503158		-1.0
	33054.99999998	8.21219		-2.85441  0.2  0.2		4.1705503158		-1.0
	33084.99999998	7.80213		-2.7945  0.2  0.2		4.1705503158		-1.0
	33114.99999998	7.14201		-2.94897  0.2  0.2		4.1705503158		-1.0
	33144.99999998	6.98282		-3.04919  0.2  0.2		4.1705503158		-1.0
	33174.99999998	6.46525		-2.98966  0.2  0.2		4.1705503158		-1.0
	33204.99999998	5.78233		-2.99182  0.2  0.2		4.1705503158		-1.0
	33234.99999998	5.57822		-2.80881  0.2  0.2		4.1705503158		-1.0
	33264.99999998	5.26184		-2.84249  0.2  0.2		4.1705503158		-1.0
	33294.99999998	4.56351		-2.9676  0.2  0.2		4.1705503158		-1.0
	33324.99999998	3.80524		-2.94544  0.2  0.2		4.1705503158		-1.0
	33354.99999998	4.2296		-3.02236  0.2  0.2		4.1705503158		-1.0
	33384.99999998	4.08077		-3.05426  0.2  0.2		4.1705503158		-1.0
	33414.99999998	3.27592		-3.1263  0.2  0.2		4.1705503158		-1.0
	33444.99999998	3.24178		3.00366  0.2  0.2		4.1705503158		-1.0
	33474.99999998	3.34246		3.0699  0.2  0.2		4.1705503158		-1.0
	33504.99999998	2.98669		2.88084  0.2  0.2		4.1705503158		-1.0
	33534.99999998	3.20687		2.68279  0.2  0.2		4.1705503158		-1.0
	33564.99999998	2.64866		2.69222  0.2  0.2		4.1705503158		-1.0
	33594.99999998	2.68311		2.75744  0.2  0.2		4.1705503158		-1.0
	33624.99999998	2.91909		2.7129  0.2  0.2		4.1705503158		-1.0
	33654.99999998	3.48676		2.64283  0.2  0.2		4.1705503158		-1.0
	33684.99999998	4.18844		2.79692  0.2  0.2		4.1705503158		-1.0
	33714.99999998	3.60667		2.77332  0.2  0.2		4.1705503158		-1.0
	33744.99999997	4.08198		2.68735  0.2  0.2		4.1705503158		-1.0
	33774.99999997	3.63475		2.62862  0.2  0.2		4.1705503158		-1.0
	33804.99999997	4.07499		2.66696  0.2  0.2		4.1705503158		-1.0
	33834.99999997	3.70457		2.65854  0.2  0.2		4.1705503158		-1.0
	33864.99999997	4.02693		2.78014  0.2  0.2		4.1705503158		-1.0
	33894.99999997	3.76947		2.64261  0.2  0.2		4.1705503158		-1.0
	33924.99999997	4.03252		2.38757  0.2  0.2		4.1705503158		-1.0
	33954.99999997	3.69301		2.40747  0.2  0.2		4.1705503158		-1.0
	33984.99999997	3.42828		2.27476  0.2  0.2		4.1705503158		-1.0
	34014.99999997	3.58909		2.30318  0.2  0.2		4.1705503158		-1.0
	34044.99999997	4.05979		2.29365  0.2  0.2		4.1705503158		-1.0
	34074.99999997	3.52918		2.16795  0.2  0.2		4.1705503158		-1.0
	34104.99999997	3.09461		2.13172  0.2  0.2		4.1705503158		-1.0
	34134.99999997	3.74647		2.04388  0.2  0.2		4.1705503158		-1.0
	34164.99999997	3.76228		2.13404  0.2  0.2		4.1705503158		-1.0
	34194.99999997	3.0998		2.08302  0.2  0.2		4.1705503158		-1.0
	34224.99999997	3.40427		1.99733  0.2  0.2		4.1705503158		-1.0
