	30.00000000	3.03269		1.01191  0.2  0.2		4.1705503158		-1.0
	60.00000000	2.94138		1.38634  0.2  0.2		4.1705503158		-1.0
	90.00000000	2.8509		1.50449  0.2  0.2		4.1705503158		-1.0
	120.00000000	2.77633		1.3721  0.2  0.2		4.1705503158		-1.0
	150.00000000	2.85477		1.08446  0.2  0.2		4.1705503158		-1.0
	180.00000000	2.83696		1.03634  0.2  0.2		4.1705503158		-1.0
	210.00000000	2.94396		0.86011  0.2  0.2		4.1705503158		-1.0
	240.00000000	3.03622		0.84187  0.2  0.2		4.1705503158		-1.0
	270.00000000	2.78719		0.664  0.2  0.2		4.1705503158		-1.0
	300.00000000	2.83645		0.5687  0.2  0.2		4.1705503158		-1.0
	330.00000000	3.01534		0.53626  0.2  0.2		4.1705503158		-1.0
	360.00000000	2.91981		0.63577  0.2  0.2		4.1705503158		-1.0
	390.00000000	2.88281		0.82538  0.2  0.2		4.1705503158		-1.0
	420.00000000	3.07574		1.16087  0.2  0.2		4.1705503158		-1.0
	450.00000000	2.91001		1.40828  0.2  0.2		4.1705503158		-1.0
	480.00000000	2.80288		1.33193  0.2  0.2		4.1705503158		-1.0
	510.00000000	3.03058		1.1236  0.2  0.2		4.1705503158		-1.0
	540.00000000	2.79401		0.87629  0.2  0.2		4.1705503158		-1.0
	570.00000000	3.21725		0.8019  0.2  0.2		4.1705503158		-1.0
	600.00000000	2.74286		0.80806  0.2  0.2		4.1705503158		-1.0
	630.00000000	2.87863		0.94611  0.2  0.2		4.1705503158		-1.0
	660.00000000	2.83777		1.19292  0.2  0.2		4.1705503158		-1.0
	690.00000000	3.10894		1.34951  0.2  0.2		4.1705503158		-1.0
	720.00000000	2.85356		1.53722  0.2  0.2		4.1705503158		-1.0
	750.00000000	2.83974		1.76548  0.2  0.2		4.1705503158		-1.0
	780.00000000	2.93148		1.9523  0.2  0.2		4.1705503158		-1.0
	810.00000000	2.87983		1.93076  0.2  0.2		4.1705503158		-1.0
	840.00000000	2.90326		1.77532  0.2  0.2		4.1705503158		-1.0
	870.00000000	3.00005		1.81839  0.2  0.2		4.1705503158		-1.0
	900.00000000	2.89586		2.12372  0.2  0.2		4.1705503158		-1.0
	930.00000000	2.99138		2.21099  0.2  0.2		4.1705503158		-1.0
	960.00000000	2.86265		2.27468  0.2  0.2		4.1705503158		-1.0
	990.00000000	2.95		2.51508  0.2  0.2		4.1705503158		-1.0
	1020.00000000	2.89732		2.67992  0.2  0.2		4.1705503158		-1.0
	1050.00000000	2.89564		2.93506  0.2  0.2		4.1705503158		-1.0
	1080.00000000	3.02742		2.92763  0.2  0.2		4.1705503158		-1.0
	1110.00000000	2.82272		2.92115  0.2  0.2		4.1705503158		-1.0
	1140.00000000	2.88396		2.95159  0.2  0.2		4.1705503158		-1.0
	1170.00000000	2.89767		2.98537  0.2  0.2		4.1705503158		-1.0
	1200.00000000	3.04215		3.09305  0.2  0.2		4.1705503158		-1.0
	1230.00000000	2.86414		-2.96506  0.2  0.2		4.1705503158		-1.0
	1260.00000000	2.9163		-3.05337  0.2  0.2		4.1705503158		-1.0
	1290.00000000	2.889		3.12944  0.2  0.2		4.1705503158		-1.0
	1320.00000000	2.96777		-2.96577  0.2  0.2		4.1705503158		-1.0
	1350.00000000	2.88927		-2.90844  0.2  0.2		4.1705503158		-1.0
	1380.00000000	3.05754		-2.77815  0.2  0.2		4.1705503158		-1.0
	1410.00000000	2.96668		-2.6622  0.2  0.2		4.1705503158		-1.0
	1440.00000000	2.86863		-2.48266  0.2  0.2		4.1705503158		-1.0
	1470.00000000	2.89065		-2.53255  0.2  0.2		4.1705503158		-1.0
	1500.00000000	3.04871		-2.61599  0.2  0.2		4.1705503158		-1.0
	1530.00000000	2.95664		-2.49174  0.2  0.2		4.1705503158		-1.0
	1560.00000000	2.82434		-2.2231  0.2  0.2		4.1705503158		-1.0
	1590.00000000	3.04703		-2.17569  0.2  0.2		4.1705503158		-1.0
	1620.00000000	3.03812		-2.27478  0.2  0.2		4.1705503158		-1.0
	1650.00000000	2.86691		-2.29066  0.2  0.2		4.1705503158		-1.0
	1680.00000000	2.73515		-2.40117  0.2  0.2		4.1705503158		-1.0
	1710.00000000	2.85481		-2.62397  0.2  0.2		4.1705503158		-1.0
	1740.00000000	2.871		-2.79873  0.2  0.2		4.1705503158		-1.0
	1770.00000000	2.96712		-3.01014  0.2  0.2		4.1705503158		-1.0
	1800.00000000	3.15131		-2.92199  0.2  0.2		4.1705503158		-1.0
	1830.00000000	2.70405		-2.78446  0.2  0.2		4.1705503158		-1.0
	1860.00000000	3.15842		-2.76075  0.2  0.2		4.1705503158		-1.0
	1890.00000000	3.15818		-3.03491  0.2  0.2		4.1705503158		-1.0
	1920.00000000	3.17775		-3.11835  0.2  0.2		4.1705503158		-1.0
	1950.00000000	3.26216		-3.00631  0.2  0.2		4.1705503158		-1.0
	1980.00000000	3.11794		-3.00022  0.2  0.2		4.1705503158		-1.0
	2010.00000000	2.7628		-2.67568  0.2  0.2		4.1705503158		-1.0
	2040.00000000	3.26804		-2.8977  0.2  0.2		4.1705503158		-1.0
	2070.00000000	3.27351		3.11816  0.2  0.2		4.1705503158		-1.0
	2100.00000000	2.76966		-3.05994  0.2  0.2		4.1705503158		-1.0
	2130.00000000	2.79083		-3.10758  0.2  0.2		4.1705503158		-1.0
	2160.00000000	2.79066		-2.9986  0.2  0.2		4.1705503158		-1.0
	2190.00000000	2.85872		-2.7094  0.2  0.2		4.1705503158		-1.0
	2220.00000000	2.86913		-2.65581  0.2  0.2		4.1705503158		-1.0
	2250.00000000	3.37803		-2.65523  0.2  0.2		4.1705503158		-1.0
	2280.00000000	3.05258		-2.63843  0.2  0.2		4.1705503158		-1.0
	2310.00000000	2.99264		-2.43149  0.2  0.2		4.1705503158		-1.0
	2340.00000000	2.9639		-2.11298  0.2  0.2		4.1705503158		-1.0
	2370.00000000	2.82755		-1.88969  0.2  0.2		4.1705503158		-1.0
	2400.00000000	2.94271		-1.87942  0.2  0.2		4.1705503158		-1.0
	2430.00000000	2.90273		-1.84868  0.2  0.2		4.1705503158		-1.0
	2460.00000000	2.79769		-1.8406  0.2  0.2		4.1705503158		-1.0
	2490.00000000	2.9366		-1.68109  0.2  0.2		4.1705503158		-1.0
	2520.00000000	2.86418		-1.2769  0.2  0.2		4.1705503158		-1.0
	2550.00000000	2.91782		-1.23313  0.2  0.2		4.1705503158		-1.0
	2580.00000000	2.78536		-1.53111  0.2  0.2		4.1705503158		-1.0
	2610.00000000	3.0033		-1.62366  0.2  0.2		4.1705503158		-1.0
	2640.00000000	2.88358		-1.25101  0.2  0.2		4.1705503158		-1.0
	2670.00000000	2.85055		-1.26058  0.2  0.2		4.1705503158		-1.0
	2700.00000000	2.91285		-1.25972  0.2  0.2		4.1705503158		-1.0
	2730.00000000	3.01739		-1.0855  0.2  0.2		4.1705503158		-1.0
	2760.00000000	2.84423		-0.79245  0.2  0.2		4.1705503158		-1.0
	2790.00000000	2.85983		-0.99044  0.2  0.2		4.1705503158		-1.0
	2820.00000000	2.90415		-1.00729  0.2  0.2		4.1705503158		-1.0
	2850.00000000	2.86749		-1.04129  0.2  0.2		4.1705503158		-1.0
	2880.00000000	2.89407		-0.59105  0.2  0.2		4.1705503158		-1.0
	2910.00000000	2.88296		-0.41593  0.2  0.2		4.1705503158		-1.0
	2940.00000000	3.06695		-0.48053  0.2  0.2		4.1705503158		-1.0
	2970.00000000	2.90926		-0.76439  0.2  0.2		4.1705503158		-1.0
	3000.00000000	2.88758		-0.76557  0.2  0.2		4.1705503158		-1.0
	3030.00000000	3.19303		-0.71017  0.2  0.2		4.1705503158		-1.0
	3060.00000000	2.78669		-0.77629  0.2  0.2		4.1705503158		-1.0
	3090.00000000	3.25956		-0.92445  0.2  0.2		4.1705503158		-1.0
	3120.00000000	2.82069		-0.96479  0.2  0.2		4.1705503158		-1.0
	3150.00000000	2.92429		-1.23867  0.2  0.2		4.1705503158		-1.0
	3180.00000000	3.15222		-1.27192  0.2  0.2		4.1705503158		-1.0
	3210.00000000	2.79103		-1.36651  0.2  0.2		4.1705503158		-1.0
	3240.00000000	3.08563		-1.57592  0.2  0.2		4.1705503158		-1.0
	3270.00000000	2.81647		-2.02236  0.2  0.2		4.1705503158		-1.0
	3300.00000000	3.06805		-2.02686  0.2  0.2		4.1705503158		-1.0
	3330.00000000	3.00862		-1.74226  0.2  0.2		4.1705503158		-1.0
	3360.00000000	3.00389		-1.66342  0.2  0.2		4.1705503158		-1.0
	3390.00000000	2.87327		-1.73718  0.2  0.2		4.1705503158		-1.0
	3420.00000000	3.14052		-1.62016  0.2  0.2		4.1705503158		-1.0
	3450.00000000	2.7562		-1.56694  0.2  0.2		4.1705503158		-1.0
	3480.00000000	2.89054		-1.48433  0.2  0.2		4.1705503158		-1.0
	3510.00000000	3.22406		-1.46224  0.2  0.2		4.1705503158		-1.0
	3540.00000000	3.0864		-1.50714  0.2  0.2		4.1705503158		-1.0
	3570.00000000	2.83649		-1.12886  0.2  0.2		4.1705503158		-1.0
	3600.00000000	3.12863		-0.83432  0.2  0.2		4.1705503158		-1.0
	3630.00000000	2.87899		-0.68354  0.2  0.2		4.1705503158		-1.0
	3660.00000000	3.08999		-0.78829  0.2  0.2		4.1705503158		-1.0
	3690.00000000	2.8262		-0.83586  0.2  0.2		4.1705503158		-1.0
	3720.00000000	2.97051		-0.55085  0.2  0.2		4.1705503158		-1.0
	3750.00000000	2.89099		-0.20307  0.2  0.2		4.1705503158		-1.0
	3780.00000000	3.00283		0.05525  0.2  0.2		4.1705503158		-1.0
	3810.00000000	2.9331		0.18262  0.2  0.2		4.1705503158		-1.0
	3840.00000000	2.99532		0.29548  0.2  0.2		4.1705503158		-1.0
	3870.00000000	2.93359		0.21336  0.2  0.2		4.1705503158		-1.0
	3900.00000000	2.91271		-0.07124  0.2  0.2		4.1705503158		-1.0
	3930.00000000	3.04795		-0.32774  0.2  0.2		4.1705503158		-1.0
	3960.00000000	3.0107		-0.51059  0.2  0.2		4.1705503158		-1.0
	3990.00000000	2.76019		-0.34413  0.2  0.2		4.1705503158		-1.0
	4020.00000000	3.03024		-0.2046  0.2  0.2		4.1705503158		-1.0
	4050.00000000	2.97673		-0.08667  0.2  0.2		4.1705503158		-1.0
	4080.00000000	2.85233		0.11881  0.2  0.2		4.1705503158		-1.0
	4110.00000000	2.93701		0.47331  0.2  0.2		4.1705503158		-1.0
	4140.00000000	3.10093		0.62861  0.2  0.2		4.1705503158		-1.0
	4170.00000000	3.14897		0.37855  0.2  0.2		4.1705503158		-1.0
	4200.00000000	2.95751		0.12041  0.2  0.2		4.1705503158		-1.0
	4230.00000000	3.19589		-0.04279  0.2  0.2		4.1705503158		-1.0
	4260.00000000	2.99437		0.00032  0.2  0.2		4.1705503158		-1.0
	4290.00000000	2.93918		0.0183  0.2  0.2		4.1705503158		-1.0
	4320.00000000	2.85764		-0.21159  0.2  0.2		4.1705503158		-1.0
	4350.00000000	3.14649		-0.4102  0.2  0.2		4.1705503158		-1.0
	4380.00000000	2.73402		-0.55415  0.2  0.2		4.1705503158		-1.0
	4410.00000000	3.31486		-0.48661  0.2  0.2		4.1705503158		-1.0
	4440.00000000	3.11245		-0.51856  0.2  0.2		4.1705503158		-1.0
	4470.00000000	3.0695		-0.17715  0.2  0.2		4.1705503158		-1.0
	4500.00000000	2.87984		-0.23369  0.2  0.2		4.1705503158		-1.0
	4530.00000000	3.27208		-0.26102  0.2  0.2		4.1705503158		-1.0
	4560.00000000	3.20961		-0.31587  0.2  0.2		4.1705503158		-1.0
	4590.00000000	3.16409		-0.09157  0.2  0.2		4.1705503158		-1.0
	4620.00000000	3.15725		0.35159  0.2  0.2		4.1705503158		-1.0
	4650.00000000	2.99471		0.35518  0.2  0.2		4.1705503158		-1.0
	4680.00000000	2.88485		0.47706  0.2  0.2		4.1705503158		-1.0
	4710.00000000	3.2768		0.61118  0.2  0.2		4.1705503158		-1.0
	4740.00000000	2.919		0.50135  0.2  0.2		4.1705503158		-1.0
	4770.00000000	2.81335		0.40255  0.2  0.2		4.1705503158		-1.0
	4800.00000000	2.95756		0.33195  0.2  0.2		4.1705503158		-1.0
	4830.00000000	2.91428		0.06231  0.2  0.2		4.1705503158		-1.0
	4860.00000000	2.74307		-0.10223  0.2  0.2		4.1705503158		-1.0
	4890.00000000	2.6777		-0.26679  0.2  0.2		4.1705503158		-1.0
	4920.00000000	2.70243		-0.55943  0.2  0.2		4.1705503158		-1.0
	4950.00000000	2.7531		-0.91255  0.2  0.2		4.1705503158		-1.0
	4980.00000000	2.80916		-1.15228  0.2  0.2		4.1705503158		-1.0
	5010.00000000	2.67198		-1.04864  0.2  0.2		4.1705503158		-1.0
	5040.00000000	3.1879		-1.02945  0.2  0.2		4.1705503158		-1.0
	5070.00000000	3.14867		-1.06137  0.2  0.2		4.1705503158		-1.0
	5100.00000000	3.28476		-1.2827  0.2  0.2		4.1705503158		-1.0
	5130.00000000	2.86137		-1.40469  0.2  0.2		4.1705503158		-1.0
	5160.00000000	2.76322		-1.48775  0.2  0.2		4.1705503158		-1.0
	5190.00000000	2.68039		-1.43989  0.2  0.2		4.1705503158		-1.0
	5220.00000000	2.72531		-1.32774  0.2  0.2		4.1705503158		-1.0
	5250.00000000	3.16863		-1.44989  0.2  0.2		4.1705503158		-1.0
	5280.00000000	2.98873		-1.55672  0.2  0.2		4.1705503158		-1.0
	5310.00000000	2.82609		-1.85463  0.2  0.2		4.1705503158		-1.0
	5340.00000000	2.83029		-2.00616  0.2  0.2		4.1705503158		-1.0
	5370.00000000	3.27103		-1.83808  0.2  0.2		4.1705503158		-1.0
	5400.00000000	3.03329		-1.99403  0.2  0.2		4.1705503158		-1.0
	5430.00000000	3.1166		-2.15085  0.2  0.2		4.1705503158		-1.0
	5460.00000000	3.29172		-2.14588  0.2  0.2		4.1705503158		-1.0
	5490.00000000	3.01928		-2.09642  0.2  0.2		4.1705503158		-1.0
	5520.00000000	2.8294		-1.98098  0.2  0.2		4.1705503158		-1.0
	5550.00000000	2.75722		-2.17024  0.2  0.2		4.1705503158		-1.0
	5580.00000000	2.76663		-2.263  0.2  0.2		4.1705503158		-1.0
	5610.00000000	2.78959		-2.11255  0.2  0.2		4.1705503158		-1.0
	5640.00000000	3.12752		-2.10538  0.2  0.2		4.1705503158		-1.0
	5670.00000000	3.19284		-2.26133  0.2  0.2		4.1705503158		-1.0
	5700.00000000	3.18034		-2.45734  0.2  0.2		4.1705503158		-1.0
	5730.00000000	2.99746		-2.50508  0.2  0.2		4.1705503158		-1.0
	5760.00000000	2.67386		-2.24145  0.2  0.2		4.1705503158		-1.0
	5790.00000000	2.6628		-2.15718  0.2  0.2		4.1705503158		-1.0
	5820.00000000	3.03505		-1.68144  0.2  0.2		4.1705503158		-1.0
	5850.00000000	3.37229		-1.79009  0.2  0.2		4.1705503158		-1.0
	5880.00000000	3.05623		-2.03074  0.2  0.2		4.1705503158		-1.0
	5910.00000000	3.33088		-1.91529  0.2  0.2		4.1705503158		-1.0
	5940.00000000	3.26302		-2.21094  0.2  0.2		4.1705503158		-1.0
	5970.00000000	2.96103		-2.51152  0.2  0.2		4.1705503158		-1.0
	6000.00000000	2.65079		-2.48303  0.2  0.2		4.1705503158		-1.0
	6030.00000000	2.82318		-2.35341  0.2  0.2		4.1705503158		-1.0
	6060.00000000	2.78326		-2.51108  0.2  0.2		4.1705503158		-1.0
	6090.00000000	2.64775		-2.78896  0.2  0.2		4.1705503158		-1.0
	6120.00000000	2.75015		-2.97692  0.2  0.2		4.1705503158		-1.0
	6150.00000000	2.8598		-3.13168  0.2  0.2		4.1705503158		-1.0
	6180.00000000	2.78801		2.92952  0.2  0.2		4.1705503158		-1.0
	6210.00000000	2.96762		2.71242  0.2  0.2		4.1705503158		-1.0
	6240.00000000	2.86965		2.67767  0.2  0.2		4.1705503158		-1.0
	6270.00000000	3.12122		2.57307  0.2  0.2		4.1705503158		-1.0
	6300.00000000	2.95065		2.56213  0.2  0.2		4.1705503158		-1.0
	6330.00000000	3.13096		2.72032  0.2  0.2		4.1705503158		-1.0
	6360.00000000	2.67249		2.88005  0.2  0.2		4.1705503158		-1.0
	6390.00000000	3.32273		2.82597  0.2  0.2		4.1705503158		-1.0
	6420.00000000	2.8274		2.62478  0.2  0.2		4.1705503158		-1.0
	6450.00000000	3.01545		2.59448  0.2  0.2		4.1705503158		-1.0
	6480.00000000	3.20763		2.66767  0.2  0.2		4.1705503158		-1.0
	6510.00000000	2.7185		2.47716  0.2  0.2		4.1705503158		-1.0
	6540.00000000	3.18372		2.27774  0.2  0.2		4.1705503158		-1.0
	6570.00000000	2.78251		2.04983  0.2  0.2		4.1705503158		-1.0
	6600.00000000	3.16704		2.17248  0.2  0.2		4.1705503158		-1.0
	6630.00000000	2.99672		2.11065  0.2  0.2		4.1705503158		-1.0
	6660.00000000	2.90419		1.95197  0.2  0.2		4.1705503158		-1.0
	6690.00000000	2.95556		1.74333  0.2  0.2		4.1705503158		-1.0
	6720.00000000	3.06743		1.53499  0.2  0.2		4.1705503158		-1.0
	6750.00000000	3.24881		1.66191  0.2  0.2		4.1705503158		-1.0
	6780.00000000	3.02343		1.49709  0.2  0.2		4.1705503158		-1.0
	6810.00000000	3.09489		1.5139  0.2  0.2		4.1705503158		-1.0
	6840.00000000	2.74913		1.76633  0.2  0.2		4.1705503158		-1.0
	6870.00000000	3.41178		1.80742  0.2  0.2		4.1705503158		-1.0
	6900.00000000	2.76755		1.8979  0.2  0.2		4.1705503158		-1.0
	6930.00000000	3.1795		1.87451  0.2  0.2		4.1705503158		-1.0
	6960.00000000	3.02657		1.81154  0.2  0.2		4.1705503158		-1.0
	6990.00000000	3.18443		1.66133  0.2  0.2		4.1705503158		-1.0
	7020.00000000	3.06698		1.75431  0.2  0.2		4.1705503158		-1.0
	7050.00000000	3.30187		1.82757  0.2  0.2		4.1705503158		-1.0
	7080.00000000	3.28273		1.87917  0.2  0.2		4.1705503158		-1.0
	7110.00000000	2.92654		1.93968  0.2  0.2		4.1705503158		-1.0
	7140.00000000	2.73766		1.71174  0.2  0.2		4.1705503158		-1.0
	7170.00000000	2.79692		1.51035  0.2  0.2		4.1705503158		-1.0
	7200.00000000	2.88257		1.30935  0.2  0.2		4.1705503158		-1.0
	7230.00000000	3.14871		1.0668  0.2  0.2		4.1705503158		-1.0
	7260.00000000	3.05432		1.07706  0.2  0.2		4.1705503158		-1.0
	7290.00000000	2.91975		1.28909  0.2  0.2		4.1705503158		-1.0
	7320.00000000	2.75251		1.45675  0.2  0.2		4.1705503158		-1.0
	7350.00000000	2.74214		1.21979  0.2  0.2		4.1705503158		-1.0
	7380.00000000	2.77445		1.07902  0.2  0.2		4.1705503158		-1.0
	7410.00000000	2.83316		1.15228  0.2  0.2		4.1705503158		-1.0
	7440.00000000	2.7962		1.03197  0.2  0.2		4.1705503158		-1.0
	7470.00000000	2.84048		0.69884  0.2  0.2		4.1705503158		-1.0
	7500.00000000	2.85821		0.49409  0.2  0.2		4.1705503158		-1.0
	7530.00000000	2.68917		0.3038  0.2  0.2		4.1705503158		-1.0
	7560.00000000	2.71427		0.07024  0.2  0.2		4.1705503158		-1.0
	7590.00000000	2.67479		-0.08879  0.2  0.2		4.1705503158		-1.0
	7620.00000000	2.77696		-0.324  0.2  0.2		4.1705503158		-1.0
	7650.00000000	2.85754		-0.82541  0.2  0.2		4.1705503158		-1.0
	7680.00000000	2.76917		-1.10656  0.2  0.2		4.1705503158		-1.0
	7710.00000000	2.86746		-1.01893  0.2  0.2		4.1705503158		-1.0
	7740.00000000	3.20048		-0.87564  0.2  0.2		4.1705503158		-1.0
	7770.00000000	3.34581		-0.89958  0.2  0.2		4.1705503158		-1.0
	7800.00000000	3.33433		-1.11334  0.2  0.2		4.1705503158		-1.0
	7830.00000000	3.28578		-1.48021  0.2  0.2		4.1705503158		-1.0
	7860.00000000	3.15009		-1.5139  0.2  0.2		4.1705503158		-1.0
	7890.00000000	2.72057		-1.31755  0.2  0.2		4.1705503158		-1.0
	7920.00000000	3.33836		-0.89978  0.2  0.2		4.1705503158		-1.0
	7950.00000000	2.9953		-0.63173  0.2  0.2		4.1705503158		-1.0
	7980.00000000	3.05938		-0.55121  0.2  0.2		4.1705503158		-1.0
	8010.00000000	2.89443		-0.65298  0.2  0.2		4.1705503158		-1.0
	8040.00000000	3.32538		-0.70654  0.2  0.2		4.1705503158		-1.0
	8070.00000000	3.27797		-0.73358  0.2  0.2		4.1705503158		-1.0
	8100.00000000	3.38839		-0.68554  0.2  0.2		4.1705503158		-1.0
	8130.00000000	3.27383		-0.64164  0.2  0.2		4.1705503158		-1.0
	8160.00000000	3.03542		-0.8746  0.2  0.2		4.1705503158		-1.0
	8190.00000000	3.41919		-1.29628  0.2  0.2		4.1705503158		-1.0
	8220.00000000	3.47165		-1.4613  0.2  0.2		4.1705503158		-1.0
	8250.00000000	3.12599		-1.42712  0.2  0.2		4.1705503158		-1.0
	8280.00000000	3.5296		-1.19025  0.2  0.2		4.1705503158		-1.0
	8310.00000000	3.10372		-1.14062  0.2  0.2		4.1705503158		-1.0
	8340.00000000	3.3032		-1.41288  0.2  0.2		4.1705503158		-1.0
	8370.00000000	3.47528		-1.67078  0.2  0.2		4.1705503158		-1.0
	8400.00000000	3.29255		-1.90066  0.2  0.2		4.1705503158		-1.0
	8430.00000000	3.27814		-1.91355  0.2  0.2		4.1705503158		-1.0
	8460.00000000	3.40313		-1.69026  0.2  0.2		4.1705503158		-1.0
	8490.00000000	3.22666		-1.54147  0.2  0.2		4.1705503158		-1.0
	8520.00000000	2.68145		-1.58582  0.2  0.2		4.1705503158		-1.0
	8550.00000000	2.63755		-1.6076  0.2  0.2		4.1705503158		-1.0
	8580.00000000	2.6385		-1.58447  0.2  0.2		4.1705503158		-1.0
	8610.00000000	2.84499		-1.66029  0.2  0.2		4.1705503158		-1.0
	8640.00000000	2.72695		-1.81495  0.2  0.2		4.1705503158		-1.0
	8670.00000000	2.72305		-1.89101  0.2  0.2		4.1705503158		-1.0
	8700.00000000	2.85577		-2.02125  0.2  0.2		4.1705503158		-1.0
	8730.00000000	2.67713		-2.16488  0.2  0.2		4.1705503158		-1.0
	8760.00000000	3.04523		-1.99535  0.2  0.2		4.1705503158		-1.0
	8790.00000000	3.48953		-2.0876  0.2  0.2		4.1705503158		-1.0
	8820.00000000	3.4099		-2.32866  0.2  0.2		4.1705503158		-1.0
	8850.00000000	3.2713		-2.40231  0.2  0.2		4.1705503158		-1.0
	8880.00000000	3.23064		-2.56026  0.2  0.2		4.1705503158		-1.0
	8910.00000000	3.37804		-2.57382  0.2  0.2		4.1705503158		-1.0
	8940.00000000	2.9988		-2.51876  0.2  0.2		4.1705503158		-1.0
	8970.00000000	3.27374		-2.61149  0.2  0.2		4.1705503158		-1.0
	9000.00000000	3.30246		-2.60233  0.2  0.2		4.1705503158		-1.0
	9030.00000000	3.33665		-2.66427  0.2  0.2		4.1705503158		-1.0
	9060.00000000	2.99177		-2.94847  0.2  0.2		4.1705503158		-1.0
	9090.00000000	2.80023		3.01045  0.2  0.2		4.1705503158		-1.0
	9120.00000000	2.99828		2.70709  0.2  0.2		4.1705503158		-1.0
	9150.00000000	2.74846		2.5657  0.2  0.2		4.1705503158		-1.0
	9180.00000000	3.14017		2.30788  0.2  0.2		4.1705503158		-1.0
	9210.00000000	2.89703		2.20017  0.2  0.2		4.1705503158		-1.0
	9240.00000000	2.85282		2.35241  0.2  0.2		4.1705503158		-1.0
	9270.00000000	2.93936		2.58832  0.2  0.2		4.1705503158		-1.0
	9300.00000000	2.70625		2.65856  0.2  0.2		4.1705503158		-1.0
	9330.00000000	2.73563		2.60139  0.2  0.2		4.1705503158		-1.0
	9360.00000000	2.84137		2.4184  0.2  0.2		4.1705503158		-1.0
	9390.00000000	2.88915		2.22374  0.2  0.2		4.1705503158		-1.0
	9420.00000000	2.71138		2.30311  0.2  0.2		4.1705503158		-1.0
	9450.00000000	3.1581		2.5965  0.2  0.2		4.1705503158		-1.0
	9480.00000000	3.03041		2.71265  0.2  0.2		4.1705503158		-1.0
	9510.00000000	2.96106		2.72661  0.2  0.2		4.1705503158		-1.0
	9540.00000000	3.34469		2.56053  0.2  0.2		4.1705503158		-1.0
	9570.00000000	3.13121		2.40178  0.2  0.2		4.1705503158		-1.0
	9600.00000000	2.92433		2.14951  0.2  0.2		4.1705503158		-1.0
	9630.00000000	2.95471		2.04737  0.2  0.2		4.1705503158		-1.0
	9660.00000000	3.28081		2.1758  0.2  0.2		4.1705503158		-1.0
	9690.00000000	3.29252		2.21868  0.2  0.2		4.1705503158		-1.0
	9720.00000000	3.17428		2.26456  0.2  0.2		4.1705503158		-1.0
	9750.00000000	3.45187		2.23427  0.2  0.2		4.1705503158		-1.0
	9780.00000000	3.13172		2.02823  0.2  0.2		4.1705503158		-1.0
	9810.00000000	3.30273		1.8384  0.2  0.2		4.1705503158		-1.0
	9840.00000000	3.04894		1.77018  0.2  0.2		4.1705503158		-1.0
	9870.00000000	3.3453		1.53363  0.2  0.2		4.1705503158		-1.0
	9900.00000000	3.38959		1.42064  0.2  0.2		4.1705503158		-1.0
	9930.00000000	3.30356		1.17303  0.2  0.2		4.1705503158		-1.0
	9960.00000000	3.26921		1.19486  0.2  0.2		4.1705503158		-1.0
	9990.00000000	3.23814		1.17782  0.2  0.2		4.1705503158		-1.0
	10020.00000000	3.09372		1.43822  0.2  0.2		4.1705503158		-1.0
	10050.00000000	3.49115		1.49802  0.2  0.2		4.1705503158		-1.0
	10080.00000000	2.88266		1.44625  0.2  0.2		4.1705503158		-1.0
	10110.00000000	2.70561		1.3422  0.2  0.2		4.1705503158		-1.0
	10140.00000000	2.67543		1.08782  0.2  0.2		4.1705503158		-1.0
	10170.00000000	2.72024		1.00068  0.2  0.2		4.1705503158		-1.0
	10200.00000000	2.87569		0.87941  0.2  0.2		4.1705503158		-1.0
	10230.00000000	3.36413		0.74218  0.2  0.2		4.1705503158		-1.0
	10260.00000000	3.23408		0.77869  0.2  0.2		4.1705503158		-1.0
	10290.00000000	3.21699		0.87316  0.2  0.2		4.1705503158		-1.0
	10320.00000000	3.33183		1.10127  0.2  0.2		4.1705503158		-1.0
	10350.00000000	3.31307		1.2503  0.2  0.2		4.1705503158		-1.0
	10380.00000000	3.4119		1.22107  0.2  0.2		4.1705503158		-1.0
	10410.00000000	3.48379		1.28488  0.2  0.2		4.1705503158		-1.0
	10440.00000000	3.18742		1.22951  0.2  0.2		4.1705503158		-1.0
	10470.00000000	2.94137		1.13533  0.2  0.2		4.1705503158		-1.0
	10500.00000000	3.30095		0.90183  0.2  0.2		4.1705503158		-1.0
	10530.00000000	3.21207		0.58983  0.2  0.2		4.1705503158		-1.0
	10560.00000000	2.64889		0.47992  0.2  0.2		4.1705503158		-1.0
	10590.00000000	3.27184		0.35347  0.2  0.2		4.1705503158		-1.0
	10620.00000000	3.30582		0.37889  0.2  0.2		4.1705503158		-1.0
	10650.00000000	3.27395		0.21323  0.2  0.2		4.1705503158		-1.0
	10680.00000000	3.30963		-0.01995  0.2  0.2		4.1705503158		-1.0
	10710.00000000	3.20377		-0.10708  0.2  0.2		4.1705503158		-1.0
	10740.00000000	3.32171		-0.03709  0.2  0.2		4.1705503158		-1.0
	10770.00000000	3.35687		0.15851  0.2  0.2		4.1705503158		-1.0
	10800.00000000	3.1828		0.3222  0.2  0.2		4.1705503158		-1.0
	10830.00000001	3.23047		0.56743  0.2  0.2		4.1705503158		-1.0
	10860.00000001	3.00872		0.7364  0.2  0.2		4.1705503158		-1.0
	10890.00000001	2.92158		0.73213  0.2  0.2		4.1705503158		-1.0
	10920.00000001	3.30226		0.94391  0.2  0.2		4.1705503158		-1.0
	10950.00000001	3.65271		1.30194  0.2  0.2		4.1705503158		-1.0
	10980.00000001	2.8974		1.48472  0.2  0.2		4.1705503158		-1.0
	11010.00000001	2.84816		1.62566  0.2  0.2		4.1705503158		-1.0
	11040.00000001	2.7876		1.78356  0.2  0.2		4.1705503158		-1.0
	11070.00000001	3.29383		1.61329  0.2  0.2		4.1705503158		-1.0
	11100.00000001	3.40099		1.46885  0.2  0.2		4.1705503158		-1.0
	11130.00000001	3.3841		1.4285  0.2  0.2		4.1705503158		-1.0
	11160.00000001	3.57707		1.52621  0.2  0.2		4.1705503158		-1.0
	11190.00000001	3.44228		1.82953  0.2  0.2		4.1705503158		-1.0
	11220.00000001	3.4366		1.91168  0.2  0.2		4.1705503158		-1.0
	11250.00000001	3.43506		1.99967  0.2  0.2		4.1705503158		-1.0
	11280.00000001	3.12483		2.13417  0.2  0.2		4.1705503158		-1.0
	11310.00000001	3.51041		2.26863  0.2  0.2		4.1705503158		-1.0
	11340.00000001	3.27526		2.42927  0.2  0.2		4.1705503158		-1.0
	11370.00000001	3.47955		2.43412  0.2  0.2		4.1705503158		-1.0
	11400.00000001	3.42395		2.5002  0.2  0.2		4.1705503158		-1.0
	11430.00000001	3.35757		2.58729  0.2  0.2		4.1705503158		-1.0
	11460.00000001	3.37889		2.80841  0.2  0.2		4.1705503158		-1.0
	11490.00000001	3.2183		2.97887  0.2  0.2		4.1705503158		-1.0
	11520.00000001	3.35939		2.87354  0.2  0.2		4.1705503158		-1.0
	11550.00000001	3.16842		2.84209  0.2  0.2		4.1705503158		-1.0
	11580.00000001	3.26087		3.0214  0.2  0.2		4.1705503158		-1.0
	11610.00000001	3.37827		-3.04958  0.2  0.2		4.1705503158		-1.0
	11640.00000001	3.27712		-3.12753  0.2  0.2		4.1705503158		-1.0
	11670.00000001	3.07526		2.79232  0.2  0.2		4.1705503158		-1.0
	11700.00000001	2.77883		2.95266  0.2  0.2		4.1705503158		-1.0
	11730.00000001	2.86312		-3.06216  0.2  0.2		4.1705503158		-1.0
	11760.00000001	3.36516		3.1111  0.2  0.2		4.1705503158		-1.0
	11790.00000001	3.26914		3.0869  0.2  0.2		4.1705503158		-1.0
	11820.00000001	2.93041		3.03575  0.2  0.2		4.1705503158		-1.0
	11850.00000001	2.66729		-3.14101  0.2  0.2		4.1705503158		-1.0
	11880.00000001	2.6515		-3.01752  0.2  0.2		4.1705503158		-1.0
	11910.00000001	2.69797		-2.98682  0.2  0.2		4.1705503158		-1.0
	11940.00000001	2.73928		-2.8631  0.2  0.2		4.1705503158		-1.0
	11970.00000001	2.90698		-2.71961  0.2  0.2		4.1705503158		-1.0
	12000.00000001	2.61713		-2.73968  0.2  0.2		4.1705503158		-1.0
	12030.00000001	3.54785		-2.81185  0.2  0.2		4.1705503158		-1.0
	12060.00000001	3.32971		-2.98657  0.2  0.2		4.1705503158		-1.0
	12090.00000001	3.48608		-2.82665  0.2  0.2		4.1705503158		-1.0
	12120.00000001	3.39395		-2.88311  0.2  0.2		4.1705503158		-1.0
	12150.00000001	3.69467		-3.04937  0.2  0.2		4.1705503158		-1.0
	12180.00000001	3.50273		3.07808  0.2  0.2		4.1705503158		-1.0
	12210.00000001	3.49107		3.10568  0.2  0.2		4.1705503158		-1.0
	12240.00000001	3.72296		-3.08762  0.2  0.2		4.1705503158		-1.0
	12270.00000001	3.54821		-2.95548  0.2  0.2		4.1705503158		-1.0
	12300.00000001	3.65082		-2.99076  0.2  0.2		4.1705503158		-1.0
	12330.00000001	3.70041		3.11897  0.2  0.2		4.1705503158		-1.0
	12360.00000001	2.84557		3.13812  0.2  0.2		4.1705503158		-1.0
	12390.00000001	3.10881		2.9764  0.2  0.2		4.1705503158		-1.0
	12420.00000001	3.26578		2.90516  0.2  0.2		4.1705503158		-1.0
	12450.00000001	3.4374		2.87269  0.2  0.2		4.1705503158		-1.0
	12480.00000001	3.70347		2.88301  0.2  0.2		4.1705503158		-1.0
	12510.00000001	3.44537		2.80808  0.2  0.2		4.1705503158		-1.0
	12540.00000001	3.72445		2.80019  0.2  0.2		4.1705503158		-1.0
	12570.00000001	3.40844		2.94244  0.2  0.2		4.1705503158		-1.0
	12600.00000001	2.57688		2.91582  0.2  0.2		4.1705503158		-1.0
	12630.00000001	2.67573		2.8968  0.2  0.2		4.1705503158		-1.0
	12660.00000001	2.696		2.85149  0.2  0.2		4.1705503158		-1.0
	12690.00000001	2.75095		2.67365  0.2  0.2		4.1705503158		-1.0
	12720.00000001	2.72023		2.59632  0.2  0.2		4.1705503158		-1.0
	12750.00000001	2.71373		2.35905  0.2  0.2		4.1705503158		-1.0
	12780.00000001	2.732		2.3853  0.2  0.2		4.1705503158		-1.0
	12810.00000001	2.83788		2.48541  0.2  0.2		4.1705503158		-1.0
	12840.00000001	2.69293		2.32106  0.2  0.2		4.1705503158		-1.0
	12870.00000001	2.89264		2.33486  0.2  0.2		4.1705503158		-1.0
	12900.00000001	2.61505		2.15594  0.2  0.2		4.1705503158		-1.0
	12930.00000001	3.16271		2.10773  0.2  0.2		4.1705503158		-1.0
	12960.00000001	3.64994		2.20994  0.2  0.2		4.1705503158		-1.0
	12990.00000001	3.28192		2.07021  0.2  0.2		4.1705503158		-1.0
	13020.00000001	3.81144		2.09447  0.2  0.2		4.1705503158		-1.0
	13050.00000001	3.31165		2.114  0.2  0.2		4.1705503158		-1.0
	13080.00000001	2.95727		2.3632  0.2  0.2		4.1705503158		-1.0
	13110.00000001	3.16335		2.49687  0.2  0.2		4.1705503158		-1.0
	13140.00000001	3.839		2.60264  0.2  0.2		4.1705503158		-1.0
	13170.00000001	3.31838		2.48507  0.2  0.2		4.1705503158		-1.0
	13200.00000001	3.69619		2.52385  0.2  0.2		4.1705503158		-1.0
	13230.00000001	3.0993		2.43707  0.2  0.2		4.1705503158		-1.0
	13260.00000001	3.5886		2.5341  0.2  0.2		4.1705503158		-1.0
	13290.00000001	3.618		2.56226  0.2  0.2		4.1705503158		-1.0
	13320.00000001	3.14094		2.71005  0.2  0.2		4.1705503158		-1.0
	13350.00000001	3.22193		2.81922  0.2  0.2		4.1705503158		-1.0
	13380.00000001	3.62023		2.70772  0.2  0.2		4.1705503158		-1.0
	13410.00000001	3.96881		2.81632  0.2  0.2		4.1705503158		-1.0
	13440.00000001	3.64064		2.84917  0.2  0.2		4.1705503158		-1.0
	13470.00000001	3.49689		2.81459  0.2  0.2		4.1705503158		-1.0
	13500.00000001	3.26994		2.87858  0.2  0.2		4.1705503158		-1.0
	13530.00000001	2.67938		3.05173  0.2  0.2		4.1705503158		-1.0
	13560.00000001	2.61348		3.11366  0.2  0.2		4.1705503158		-1.0
	13590.00000001	3.07057		3.13994  0.2  0.2		4.1705503158		-1.0
	13620.00000001	2.70164		3.13155  0.2  0.2		4.1705503158		-1.0
	13650.00000001	2.67925		3.00816  0.2  0.2		4.1705503158		-1.0
	13680.00000001	2.72246		3.00007  0.2  0.2		4.1705503158		-1.0
	13710.00000001	2.78731		2.82828  0.2  0.2		4.1705503158		-1.0
	13740.00000001	2.70751		2.85041  0.2  0.2		4.1705503158		-1.0
	13770.00000001	2.69366		2.80559  0.2  0.2		4.1705503158		-1.0
	13800.00000001	2.60286		2.68341  0.2  0.2		4.1705503158		-1.0
	13830.00000001	2.59018		2.51731  0.2  0.2		4.1705503158		-1.0
	13860.00000001	2.62402		2.5496  0.2  0.2		4.1705503158		-1.0
	13890.00000001	2.70572		2.559  0.2  0.2		4.1705503158		-1.0
	13920.00000001	2.67157		2.54439  0.2  0.2		4.1705503158		-1.0
	13950.00000001	2.71908		2.27524  0.2  0.2		4.1705503158		-1.0
	13980.00000001	2.66737		2.14325  0.2  0.2		4.1705503158		-1.0
	14010.00000001	2.66502		2.06419  0.2  0.2		4.1705503158		-1.0
	14040.00000001	2.69023		1.91997  0.2  0.2		4.1705503158		-1.0
	14070.00000001	2.70852		1.84151  0.2  0.2		4.1705503158		-1.0
	14100.00000001	2.72512		1.7417  0.2  0.2		4.1705503158		-1.0
	14130.00000001	2.75583		1.62534  0.2  0.2		4.1705503158		-1.0
	14160.00000001	2.68516		1.45623  0.2  0.2		4.1705503158		-1.0
	14190.00000001	2.63278		1.27988  0.2  0.2		4.1705503158		-1.0
	14220.00000001	2.70265		1.16821  0.2  0.2		4.1705503158		-1.0
	14250.00000000	2.72897		1.22382  0.2  0.2		4.1705503158		-1.0
	14280.00000000	2.62914		1.2159  0.2  0.2		4.1705503158		-1.0
	14310.00000000	3.08826		1.57835  0.2  0.2		4.1705503158		-1.0
	14340.00000000	3.13247		1.64754  0.2  0.2		4.1705503158		-1.0
	14370.00000000	3.13767		1.41864  0.2  0.2		4.1705503158		-1.0
	14400.00000000	3.64254		1.29822  0.2  0.2		4.1705503158		-1.0
	14430.00000000	3.38028		0.90129  0.2  0.2		4.1705503158		-1.0
	14460.00000000	2.80819		0.73007  0.2  0.2		4.1705503158		-1.0
	14490.00000000	2.90369		0.79928  0.2  0.2		4.1705503158		-1.0
	14520.00000000	2.69523		0.65035  0.2  0.2		4.1705503158		-1.0
	14550.00000000	2.73298		0.64651  0.2  0.2		4.1705503158		-1.0
	14580.00000000	2.81042		0.46206  0.2  0.2		4.1705503158		-1.0
	14610.00000000	2.75899		0.11819  0.2  0.2		4.1705503158		-1.0
	14640.00000000	2.70476		-0.18333  0.2  0.2		4.1705503158		-1.0
	14670.00000000	2.69558		-0.4944  0.2  0.2		4.1705503158		-1.0
	14700.00000000	2.67503		-0.74149  0.2  0.2		4.1705503158		-1.0
	14730.00000000	2.61044		-0.83926  0.2  0.2		4.1705503158		-1.0
	14760.00000000	2.70557		-0.85259  0.2  0.2		4.1705503158		-1.0
	14790.00000000	3.02619		-1.00574  0.2  0.2		4.1705503158		-1.0
	14820.00000000	3.09696		-1.15961  0.2  0.2		4.1705503158		-1.0
	14850.00000000	3.04512		-1.23136  0.2  0.2		4.1705503158		-1.0
	14880.00000000	3.49878		-1.13099  0.2  0.2		4.1705503158		-1.0
	14910.00000000	3.40329		-1.11308  0.2  0.2		4.1705503158		-1.0
	14940.00000000	3.21725		-0.9449  0.2  0.2		4.1705503158		-1.0
	14970.00000000	2.69418		-0.79511  0.2  0.2		4.1705503158		-1.0
	15000.00000000	2.71035		-0.74715  0.2  0.2		4.1705503158		-1.0
	15030.00000000	2.83345		-0.49078  0.2  0.2		4.1705503158		-1.0
	15060.00000000	2.7531		-0.32267  0.2  0.2		4.1705503158		-1.0
	15090.00000000	2.71743		-0.42083  0.2  0.2		4.1705503158		-1.0
	15120.00000000	2.74399		-0.38204  0.2  0.2		4.1705503158		-1.0
	15150.00000000	3.09549		-0.37031  0.2  0.2		4.1705503158		-1.0
	15180.00000000	3.4368		-0.28481  0.2  0.2		4.1705503158		-1.0
	15210.00000000	3.13645		-0.28459  0.2  0.2		4.1705503158		-1.0
	15240.00000000	3.37236		-0.1997  0.2  0.2		4.1705503158		-1.0
	15270.00000000	3.35775		0.0162  0.2  0.2		4.1705503158		-1.0
	15300.00000000	3.05204		0.04974  0.2  0.2		4.1705503158		-1.0
	15330.00000000	2.8195		-0.12108  0.2  0.2		4.1705503158		-1.0
	15360.00000000	2.53133		-0.22115  0.2  0.2		4.1705503158		-1.0
	15390.00000000	2.9337		0.09431  0.2  0.2		4.1705503158		-1.0
	15420.00000000	2.92234		0.384  0.2  0.2		4.1705503158		-1.0
	15450.00000000	2.78615		0.62708  0.2  0.2		4.1705503158		-1.0
	15480.00000000	2.61041		0.86109  0.2  0.2		4.1705503158		-1.0
	15510.00000000	2.65591		0.82003  0.2  0.2		4.1705503158		-1.0
	15540.00000000	2.64916		0.61297  0.2  0.2		4.1705503158		-1.0
	15570.00000000	2.66412		0.22252  0.2  0.2		4.1705503158		-1.0
	15600.00000000	2.69009		0.1978  0.2  0.2		4.1705503158		-1.0
	15630.00000000	2.64129		0.5047  0.2  0.2		4.1705503158		-1.0
	15660.00000000	2.67923		0.52795  0.2  0.2		4.1705503158		-1.0
	15690.00000000	2.71982		0.20834  0.2  0.2		4.1705503158		-1.0
	15720.00000000	2.71928		0.19086  0.2  0.2		4.1705503158		-1.0
	15750.00000000	2.87081		0.31285  0.2  0.2		4.1705503158		-1.0
	15780.00000000	3.58259		0.3993  0.2  0.2		4.1705503158		-1.0
	15810.00000000	3.13487		0.49802  0.2  0.2		4.1705503158		-1.0
	15840.00000000	3.44125		0.44932  0.2  0.2		4.1705503158		-1.0
	15870.00000000	3.43475		0.62397  0.2  0.2		4.1705503158		-1.0
	15900.00000000	3.36454		0.74425  0.2  0.2		4.1705503158		-1.0
	15930.00000000	3.64053		0.83589  0.2  0.2		4.1705503158		-1.0
	15960.00000000	3.36069		0.69456  0.2  0.2		4.1705503158		-1.0
	15990.00000000	3.35179		0.62581  0.2  0.2		4.1705503158		-1.0
	16020.00000000	3.61774		0.52366  0.2  0.2		4.1705503158		-1.0
	16050.00000000	3.44571		0.54376  0.2  0.2		4.1705503158		-1.0
	16080.00000000	3.4726		0.25496  0.2  0.2		4.1705503158		-1.0
	16110.00000000	3.43561		0.07809  0.2  0.2		4.1705503158		-1.0
	16140.00000000	3.60073		-0.06537  0.2  0.2		4.1705503158		-1.0
	16170.00000000	3.48102		-0.2485  0.2  0.2		4.1705503158		-1.0
	16200.00000000	3.45336		-0.46652  0.2  0.2		4.1705503158		-1.0
	16230.00000000	3.55561		-0.69828  0.2  0.2		4.1705503158		-1.0
	16260.00000000	3.38396		-0.83498  0.2  0.2		4.1705503158		-1.0
	16290.00000000	3.64717		-0.80111  0.2  0.2		4.1705503158		-1.0
	16320.00000000	3.3091		-0.58015  0.2  0.2		4.1705503158		-1.0
	16350.00000000	3.13797		-0.55447  0.2  0.2		4.1705503158		-1.0
	16380.00000000	3.54319		-0.48855  0.2  0.2		4.1705503158		-1.0
	16410.00000000	3.29273		-0.51336  0.2  0.2		4.1705503158		-1.0
	16440.00000000	2.69952		-0.43919  0.2  0.2		4.1705503158		-1.0
	16470.00000000	2.76751		-0.55651  0.2  0.2		4.1705503158		-1.0
	16500.00000000	2.63065		-0.97915  0.2  0.2		4.1705503158		-1.0
	16530.00000000	2.70796		-1.36595  0.2  0.2		4.1705503158		-1.0
	16560.00000000	2.72709		-1.13227  0.2  0.2		4.1705503158		-1.0
	16590.00000000	2.80331		-0.84156  0.2  0.2		4.1705503158		-1.0
	16620.00000000	3.15658		-0.89868  0.2  0.2		4.1705503158		-1.0
	16650.00000000	3.35917		-0.98171  0.2  0.2		4.1705503158		-1.0
	16680.00000000	3.10376		-1.07447  0.2  0.2		4.1705503158		-1.0
	16710.00000000	3.59161		-1.26055  0.2  0.2		4.1705503158		-1.0
	16740.00000000	3.42712		-1.31755  0.2  0.2		4.1705503158		-1.0
	16770.00000000	3.31102		-1.27026  0.2  0.2		4.1705503158		-1.0
	16800.00000000	3.10484		-1.30224  0.2  0.2		4.1705503158		-1.0
	16830.00000000	2.63258		-1.22201  0.2  0.2		4.1705503158		-1.0
	16860.00000000	2.62103		-1.17286  0.2  0.2		4.1705503158		-1.0
	16890.00000000	2.98432		-1.3218  0.2  0.2		4.1705503158		-1.0
	16920.00000000	3.12651		-1.63842  0.2  0.2		4.1705503158		-1.0
	16950.00000000	3.42095		-1.60055  0.2  0.2		4.1705503158		-1.0
	16980.00000000	3.30823		-1.51004  0.2  0.2		4.1705503158		-1.0
	17010.00000000	3.9425		-1.52021  0.2  0.2		4.1705503158		-1.0
	17040.00000000	3.61417		-1.70077  0.2  0.2		4.1705503158		-1.0
	17070.00000000	3.51462		-1.82065  0.2  0.2		4.1705503158		-1.0
	17100.00000000	3.42761		-2.09757  0.2  0.2		4.1705503158		-1.0
	17130.00000000	3.52996		-2.12527  0.2  0.2		4.1705503158		-1.0
	17160.00000000	3.38197		-2.15851  0.2  0.2		4.1705503158		-1.0
	17190.00000000	3.58286		-2.09731  0.2  0.2		4.1705503158		-1.0
	17220.00000000	3.78291		-2.09609  0.2  0.2		4.1705503158		-1.0
	17250.00000000	3.12651		-1.99953  0.2  0.2		4.1705503158		-1.0
	17280.00000000	2.82937		-2.19076  0.2  0.2		4.1705503158		-1.0
	17310.00000000	3.04752		-2.41438  0.2  0.2		4.1705503158		-1.0
	17340.00000000	3.4916		-2.3071  0.2  0.2		4.1705503158		-1.0
	17370.00000000	3.43538		-2.42854  0.2  0.2		4.1705503158		-1.0
	17400.00000000	3.667		-2.59521  0.2  0.2		4.1705503158		-1.0
	17430.00000000	3.57017		-2.41581  0.2  0.2		4.1705503158		-1.0
	17460.00000000	3.12824		-2.47904  0.2  0.2		4.1705503158		-1.0
	17490.00000000	3.27643		-2.66402  0.2  0.2		4.1705503158		-1.0
	17520.00000000	3.02832		-2.68528  0.2  0.2		4.1705503158		-1.0
	17550.00000000	2.62987		-2.61426  0.2  0.2		4.1705503158		-1.0
	17580.00000000	2.63029		-2.57347  0.2  0.2		4.1705503158		-1.0
	17610.00000000	2.63889		-2.41286  0.2  0.2		4.1705503158		-1.0
	17640.00000000	2.79966		-2.36268  0.2  0.2		4.1705503158		-1.0
	17670.00000000	2.82736		-2.4877  0.2  0.2		4.1705503158		-1.0
	17700.00000000	2.6772		-2.5699  0.2  0.2		4.1705503158		-1.0
	17730.00000000	2.73935		-2.61123  0.2  0.2		4.1705503158		-1.0
	17760.00000000	2.69537		-2.72418  0.2  0.2		4.1705503158		-1.0
	17790.00000000	2.66756		-2.98838  0.2  0.2		4.1705503158		-1.0
	17820.00000000	2.66209		-3.04873  0.2  0.2		4.1705503158		-1.0
	17850.00000000	2.73298		-2.72616  0.2  0.2		4.1705503158		-1.0
	17880.00000000	2.76573		-2.81698  0.2  0.2		4.1705503158		-1.0
	17910.00000000	2.73285		-3.00731  0.2  0.2		4.1705503158		-1.0
	17940.00000000	3.23327		-2.84588  0.2  0.2		4.1705503158		-1.0
	17970.00000000	3.28976		-2.6199  0.2  0.2		4.1705503158		-1.0
	18000.00000000	3.21984		-2.78108  0.2  0.2		4.1705503158		-1.0
	18030.00000000	2.99248		-3.00645  0.2  0.2		4.1705503158		-1.0
	18060.00000000	3.09921		-2.97543  0.2  0.2		4.1705503158		-1.0
	18090.00000000	3.25913		-2.90568  0.2  0.2		4.1705503158		-1.0
	18120.00000000	2.89909		-2.82227  0.2  0.2		4.1705503158		-1.0
	18150.00000000	3.23811		-2.79106  0.2  0.2		4.1705503158		-1.0
	18180.00000000	2.90208		-2.77174  0.2  0.2		4.1705503158		-1.0
	18210.00000000	2.68425		-2.72153  0.2  0.2		4.1705503158		-1.0
	18240.00000000	2.61722		-2.44983  0.2  0.2		4.1705503158		-1.0
	18270.00000000	2.71022		-2.0512  0.2  0.2		4.1705503158		-1.0
	18300.00000000	2.70608		-1.82217  0.2  0.2		4.1705503158		-1.0
	18330.00000000	3.11766		-1.81227  0.2  0.2		4.1705503158		-1.0
	18360.00000000	3.0744		-1.85625  0.2  0.2		4.1705503158		-1.0
	18390.00000000	3.46749		-1.85959  0.2  0.2		4.1705503158		-1.0
	18420.00000000	3.61114		-1.88569  0.2  0.2		4.1705503158		-1.0
	18450.00000000	3.41459		-1.95126  0.2  0.2		4.1705503158		-1.0
	18480.00000000	2.68928		-2.0067  0.2  0.2		4.1705503158		-1.0
	18510.00000000	2.73304		-2.25942  0.2  0.2		4.1705503158		-1.0
	18540.00000000	2.83835		-2.24877  0.2  0.2		4.1705503158		-1.0
	18570.00000000	3.69045		-2.38661  0.2  0.2		4.1705503158		-1.0
	18600.00000000	3.57328		-2.24762  0.2  0.2		4.1705503158		-1.0
	18630.00000000	3.16652		-2.32975  0.2  0.2		4.1705503158		-1.0
	18660.00000000	3.14067		-2.37791  0.2  0.2		4.1705503158		-1.0
	18690.00000000	3.22534		-2.02795  0.2  0.2		4.1705503158		-1.0
	18720.00000000	2.97971		-1.87146  0.2  0.2		4.1705503158		-1.0
	18750.00000000	2.69426		-1.89554  0.2  0.2		4.1705503158		-1.0
	18780.00000000	2.62668		-1.90972  0.2  0.2		4.1705503158		-1.0
	18810.00000000	2.66092		-1.54739  0.2  0.2		4.1705503158		-1.0
	18840.00000000	2.63372		-1.57196  0.2  0.2		4.1705503158		-1.0
	18870.00000000	2.7474		-1.50407  0.2  0.2		4.1705503158		-1.0
	18900.00000000	2.68246		-1.48403  0.2  0.2		4.1705503158		-1.0
	18930.00000000	2.66781		-1.70717  0.2  0.2		4.1705503158		-1.0
	18960.00000000	2.85907		-1.63926  0.2  0.2		4.1705503158		-1.0
	18990.00000000	3.4332		-1.57955  0.2  0.2		4.1705503158		-1.0
	19020.00000000	3.75754		-1.71223  0.2  0.2		4.1705503158		-1.0
	19050.00000000	3.56936		-1.45979  0.2  0.2		4.1705503158		-1.0
	19080.00000000	3.62012		-1.19114  0.2  0.2		4.1705503158		-1.0
	19110.00000000	3.72304		-1.08052  0.2  0.2		4.1705503158		-1.0
	19140.00000000	3.69698		-0.9958  0.2  0.2		4.1705503158		-1.0
	19170.00000000	3.1607		-0.81642  0.2  0.2		4.1705503158		-1.0
	19200.00000000	2.57471		-0.88383  0.2  0.2		4.1705503158		-1.0
	19230.00000000	2.69158		-1.06391  0.2  0.2		4.1705503158		-1.0
	19260.00000000	2.91381		-1.08509  0.2  0.2		4.1705503158		-1.0
	19290.00000000	3.67106		-1.02641  0.2  0.2		4.1705503158		-1.0
	19320.00000000	4.13015		-1.16402  0.2  0.2		4.1705503158		-1.0
	19350.00000000	3.35244		-0.99058  0.2  0.2		4.1705503158		-1.0
	19380.00000000	3.19356		-1.10419  0.2  0.2		4.1705503158		-1.0
	19410.00000000	3.33844		-1.37443  0.2  0.2		4.1705503158		-1.0
	19440.00000000	3.13695		-1.59439  0.2  0.2		4.1705503158		-1.0
	19470.00000000	3.33136		-1.58584  0.2  0.2		4.1705503158		-1.0
	19500.00000000	4.0388		-1.66462  0.2  0.2		4.1705503158		-1.0
	19530.00000000	3.99973		-1.46306  0.2  0.2		4.1705503158		-1.0
	19560.00000000	3.67439		-1.46513  0.2  0.2		4.1705503158		-1.0
	19590.00000000	3.65443		-1.52305  0.2  0.2		4.1705503158		-1.0
	19620.00000000	3.61553		-1.56845  0.2  0.2		4.1705503158		-1.0
	19650.00000000	3.79707		-1.68882  0.2  0.2		4.1705503158		-1.0
	19680.00000000	3.57036		-1.74363  0.2  0.2		4.1705503158		-1.0
	19710.00000000	3.51727		-1.80075  0.2  0.2		4.1705503158		-1.0
	19740.00000000	2.75735		-1.74541  0.2  0.2		4.1705503158		-1.0
	19770.00000000	2.91102		-1.7462  0.2  0.2		4.1705503158		-1.0
	19800.00000000	3.45557		-1.45145  0.2  0.2		4.1705503158		-1.0
	19830.00000000	3.98643		-1.3128  0.2  0.2		4.1705503158		-1.0
	19860.00000000	3.3844		-1.08296  0.2  0.2		4.1705503158		-1.0
	19890.00000000	3.9513		-0.77344  0.2  0.2		4.1705503158		-1.0
	19920.00000000	3.59531		-0.65206  0.2  0.2		4.1705503158		-1.0
	19950.00000000	3.02461		-0.48366  0.2  0.2		4.1705503158		-1.0
	19980.00000000	3.22994		-0.14159  0.2  0.2		4.1705503158		-1.0
	20010.00000000	3.75417		-0.11156  0.2  0.2		4.1705503158		-1.0
	20040.00000000	3.37851		-0.07411  0.2  0.2		4.1705503158		-1.0
	20070.00000000	3.73561		-0.10773  0.2  0.2		4.1705503158		-1.0
	20100.00000000	3.48211		-0.20032  0.2  0.2		4.1705503158		-1.0
	20130.00000000	3.69723		-0.28813  0.2  0.2		4.1705503158		-1.0
	20160.00000000	3.7056		-0.47402  0.2  0.2		4.1705503158		-1.0
	20190.00000000	3.68351		-0.62155  0.2  0.2		4.1705503158		-1.0
	20220.00000000	3.56909		-0.60561  0.2  0.2		4.1705503158		-1.0
	20250.00000000	3.50972		-0.48796  0.2  0.2		4.1705503158		-1.0
	20280.00000000	2.62237		-0.46868  0.2  0.2		4.1705503158		-1.0
	20310.00000000	2.92697		-0.46365  0.2  0.2		4.1705503158		-1.0
	20340.00000000	3.39393		-0.17052  0.2  0.2		4.1705503158		-1.0
	20370.00000000	3.67214		0.09896  0.2  0.2		4.1705503158		-1.0
	20400.00000000	3.16474		0.27332  0.2  0.2		4.1705503158		-1.0
	20430.00000000	2.55665		0.29131  0.2  0.2		4.1705503158		-1.0
	20460.00000000	2.69136		0.38243  0.2  0.2		4.1705503158		-1.0
	20490.00000000	2.66834		0.35566  0.2  0.2		4.1705503158		-1.0
	20520.00000000	2.73		0.49638  0.2  0.2		4.1705503158		-1.0
	20550.00000000	2.73453		0.56363  0.2  0.2		4.1705503158		-1.0
	20580.00000000	2.67133		0.98635  0.2  0.2		4.1705503158		-1.0
	20610.00000000	2.70985		1.04772  0.2  0.2		4.1705503158		-1.0
	20640.00000000	2.65041		0.88876  0.2  0.2		4.1705503158		-1.0
	20670.00000000	2.59107		0.95166  0.2  0.2		4.1705503158		-1.0
	20700.00000000	3.2878		0.8408  0.2  0.2		4.1705503158		-1.0
	20729.99999999	2.83509		0.82119  0.2  0.2		4.1705503158		-1.0
	20759.99999999	3.04132		0.88798  0.2  0.2		4.1705503158		-1.0
	20789.99999999	3.12468		1.07127  0.2  0.2		4.1705503158		-1.0
	20819.99999999	2.90084		1.28184  0.2  0.2		4.1705503158		-1.0
	20849.99999999	2.83473		1.46963  0.2  0.2		4.1705503158		-1.0
	20879.99999999	2.72217		1.58092  0.2  0.2		4.1705503158		-1.0
	20909.99999999	2.59731		1.60253  0.2  0.2		4.1705503158		-1.0
	20939.99999999	2.61314		1.66279  0.2  0.2		4.1705503158		-1.0
	20969.99999999	2.65633		1.792  0.2  0.2		4.1705503158		-1.0
	20999.99999999	3.00228		1.71289  0.2  0.2		4.1705503158		-1.0
	21029.99999999	3.33149		1.76275  0.2  0.2		4.1705503158		-1.0
	21059.99999999	3.67342		1.85229  0.2  0.2		4.1705503158		-1.0
	21089.99999999	3.42287		1.97518  0.2  0.2		4.1705503158		-1.0
	21119.99999999	3.19718		1.69347  0.2  0.2		4.1705503158		-1.0
	21149.99999999	3.29703		1.73083  0.2  0.2		4.1705503158		-1.0
	21179.99999999	3.48925		1.73965  0.2  0.2		4.1705503158		-1.0
	21209.99999999	2.86481		1.80365  0.2  0.2		4.1705503158		-1.0
	21239.99999999	2.69381		1.80689  0.2  0.2		4.1705503158		-1.0
	21269.99999999	2.66451		1.89451  0.2  0.2		4.1705503158		-1.0
	21299.99999999	2.69756		2.04565  0.2  0.2		4.1705503158		-1.0
	21329.99999999	2.77392		2.04993  0.2  0.2		4.1705503158		-1.0
	21359.99999999	2.77987		2.14877  0.2  0.2		4.1705503158		-1.0
	21389.99999999	2.69102		2.08018  0.2  0.2		4.1705503158		-1.0
	21419.99999999	2.69173		2.04226  0.2  0.2		4.1705503158		-1.0
	21449.99999999	2.65036		1.93004  0.2  0.2		4.1705503158		-1.0
	21479.99999999	2.65105		1.90395  0.2  0.2		4.1705503158		-1.0
	21509.99999999	2.69355		1.76683  0.2  0.2		4.1705503158		-1.0
	21539.99999999	2.61819		1.27473  0.2  0.2		4.1705503158		-1.0
	21569.99999999	2.62909		1.36035  0.2  0.2		4.1705503158		-1.0
	21599.99999999	2.6226		1.48509  0.2  0.2		4.1705503158		-1.0
	21629.99999999	2.64022		1.46615  0.2  0.2		4.1705503158		-1.0
	21659.99999999	2.92553		1.45094  0.2  0.2		4.1705503158		-1.0
	21689.99999999	3.80084		1.60059  0.2  0.2		4.1705503158		-1.0
	21719.99999999	3.03007		1.75515  0.2  0.2		4.1705503158		-1.0
	21749.99999999	3.39489		1.95353  0.2  0.2		4.1705503158		-1.0
	21779.99999999	3.24561		2.01446  0.2  0.2		4.1705503158		-1.0
	21809.99999999	3.00239		1.99598  0.2  0.2		4.1705503158		-1.0
	21839.99999999	3.52938		1.91728  0.2  0.2		4.1705503158		-1.0
	21869.99999999	3.7013		1.95397  0.2  0.2		4.1705503158		-1.0
	21899.99999999	3.15133		2.13324  0.2  0.2		4.1705503158		-1.0
	21929.99999999	3.19278		2.23805  0.2  0.2		4.1705503158		-1.0
	21959.99999999	3.72031		2.22894  0.2  0.2		4.1705503158		-1.0
	21989.99999999	3.62665		2.19756  0.2  0.2		4.1705503158		-1.0
	22019.99999999	3.48131		2.32094  0.2  0.2		4.1705503158		-1.0
	22049.99999999	3.52483		2.46069  0.2  0.2		4.1705503158		-1.0
	22079.99999999	3.06984		2.57733  0.2  0.2		4.1705503158		-1.0
	22109.99999999	3.46597		2.60247  0.2  0.2		4.1705503158		-1.0
	22139.99999999	4.21437		2.54091  0.2  0.2		4.1705503158		-1.0
	22169.99999999	4.51721		2.38574  0.2  0.2		4.1705503158		-1.0
	22199.99999999	4.9336		2.2331  0.2  0.2		4.1705503158		-1.0
	22229.99999999	5.58316		2.27186  0.2  0.2		4.1705503158		-1.0
	22259.99999999	6.24942		2.12772  0.2  0.2		4.1705503158		-1.0
	22289.99999999	6.76019		2.19423  0.2  0.2		4.1705503158		-1.0
	22319.99999999	7.14008		2.20324  0.2  0.2		4.1705503158		-1.0
	22349.99999999	7.82958		2.24595  0.2  0.2		4.1705503158		-1.0
	22379.99999999	8.34199		2.32124  0.2  0.2		4.1705503158		-1.0
	22409.99999999	8.95014		2.28341  0.2  0.2		4.1705503158		-1.0
	22439.99999999	9.66719		2.25835  0.2  0.2		4.1705503158		-1.0
	22469.99999999	9.90227		2.42273  0.2  0.2		4.1705503158		-1.0
	22499.99999999	10.47496		2.27193  0.2  0.2		4.1705503158		-1.0
	22529.99999999	10.94808		2.22787  0.2  0.2		4.1705503158		-1.0
	22559.99999999	10.63745		2.37393  0.2  0.2		4.1705503158		-1.0
	22589.99999999	10.26044		2.24443  0.2  0.2		4.1705503158		-1.0
	22619.99999999	9.99902		1.86782  0.2  0.2		4.1705503158		-1.0
	22649.99999999	9.785		1.85663  0.2  0.2		4.1705503158		-1.0
	22679.99999999	9.29796		1.46671  0.2  0.2		4.1705503158		-1.0
	22709.99999999	8.74099		1.41433  0.2  0.2		4.1705503158		-1.0
	22739.99999999	7.97802		1.2734  0.2  0.2		4.1705503158		-1.0
	22769.99999999	7.53576		1.01883  0.2  0.2		4.1705503158		-1.0
	22799.99999999	7.17469		1.11093  0.2  0.2		4.1705503158		-1.0
	22829.99999999	6.44212		1.06574  0.2  0.2		4.1705503158		-1.0
	22859.99999999	5.9906		1.01816  0.2  0.2		4.1705503158		-1.0
	22889.99999999	5.76289		1.24485  0.2  0.2		4.1705503158		-1.0
	22919.99999999	5.71665		1.31223  0.2  0.2		4.1705503158		-1.0
	22949.99999999	6.05204		1.28489  0.2  0.2		4.1705503158		-1.0
	22979.99999999	6.7029		1.36848  0.2  0.2		4.1705503158		-1.0
	23009.99999999	7.59077		1.4568  0.2  0.2		4.1705503158		-1.0
	23039.99999999	7.5329		1.53706  0.2  0.2		4.1705503158		-1.0
	23069.99999999	7.10069		1.60534  0.2  0.2		4.1705503158		-1.0
	23099.99999999	7.05024		1.89834  0.2  0.2		4.1705503158		-1.0
	23129.99999999	7.54856		1.97539  0.2  0.2		4.1705503158		-1.0
	23159.99999999	8.3652		1.87728  0.2  0.2		4.1705503158		-1.0
	23189.99999999	8.7262		1.78147  0.2  0.2		4.1705503158		-1.0
	23219.99999999	9.15662		1.72966  0.2  0.2		4.1705503158		-1.0
	23249.99999999	9.69333		1.60757  0.2  0.2		4.1705503158		-1.0
	23279.99999999	9.59256		1.78393  0.2  0.2		4.1705503158		-1.0
	23309.99999999	9.28648		1.94781  0.2  0.2		4.1705503158		-1.0
	23339.99999999	8.81144		2.00127  0.2  0.2		4.1705503158		-1.0
	23369.99999999	8.2997		2.10806  0.2  0.2		4.1705503158		-1.0
	23399.99999999	8.5249		2.01778  0.2  0.2		4.1705503158		-1.0
	23429.99999999	8.42346		2.03974  0.2  0.2		4.1705503158		-1.0
	23459.99999999	8.05832		1.96862  0.2  0.2		4.1705503158		-1.0
	23489.99999999	7.35064		2.16193  0.2  0.2		4.1705503158		-1.0
	23519.99999999	7.12949		2.44991  0.2  0.2		4.1705503158		-1.0
	23549.99999999	7.05794		2.58171  0.2  0.2		4.1705503158		-1.0
	23579.99999999	7.00195		2.70281  0.2  0.2		4.1705503158		-1.0
	23609.99999999	6.4178		2.68583  0.2  0.2		4.1705503158		-1.0
	23639.99999999	6.01643		2.59243  0.2  0.2		4.1705503158		-1.0
	23669.99999999	5.70431		2.33458  0.2  0.2		4.1705503158		-1.0
	23699.99999999	5.95406		1.85486  0.2  0.2		4.1705503158		-1.0
	23729.99999999	6.31409		1.70479  0.2  0.2		4.1705503158		-1.0
	23759.99999999	6.61213		1.73366  0.2  0.2		4.1705503158		-1.0
	23789.99999999	6.67297		1.78421  0.2  0.2		4.1705503158		-1.0
	23819.99999999	6.43832		2.24148  0.2  0.2		4.1705503158		-1.0
	23849.99999999	6.55611		2.56388  0.2  0.2		4.1705503158		-1.0
	23879.99999999	7.17949		2.7371  0.2  0.2		4.1705503158		-1.0
	23909.99999999	8.03152		2.80441  0.2  0.2		4.1705503158		-1.0
	23939.99999999	8.67586		2.8095  0.2  0.2		4.1705503158		-1.0
	23969.99999999	9.30547		2.6048  0.2  0.2		4.1705503158		-1.0
	23999.99999999	9.5869		2.47962  0.2  0.2		4.1705503158		-1.0
	24029.99999999	9.40375		2.50707  0.2  0.2		4.1705503158		-1.0
	24059.99999999	8.97854		2.32626  0.2  0.2		4.1705503158		-1.0
	24089.99999999	8.97478		2.07376  0.2  0.2		4.1705503158		-1.0
	24119.99999999	9.14194		1.80581  0.2  0.2		4.1705503158		-1.0
	24149.99999999	9.03109		1.5943  0.2  0.2		4.1705503158		-1.0
	24179.99999999	9.09073		1.3377  0.2  0.2		4.1705503158		-1.0
	24209.99999999	8.74312		1.17  0.2  0.2		4.1705503158		-1.0
	24239.99999999	8.39513		1.32314  0.2  0.2		4.1705503158		-1.0
	24269.99999999	7.80962		1.22974  0.2  0.2		4.1705503158		-1.0
	24299.99999999	7.56679		1.30692  0.2  0.2		4.1705503158		-1.0
	24329.99999999	7.1543		1.15642  0.2  0.2		4.1705503158		-1.0
	24359.99999999	6.80094		1.02849  0.2  0.2		4.1705503158		-1.0
	24389.99999999	6.67989		0.84914  0.2  0.2		4.1705503158		-1.0
	24419.99999999	6.60685		1.00417  0.2  0.2		4.1705503158		-1.0
	24449.99999999	6.41268		1.16562  0.2  0.2		4.1705503158		-1.0
	24479.99999999	5.77164		0.92848  0.2  0.2		4.1705503158		-1.0
	24509.99999999	5.51873		0.84334  0.2  0.2		4.1705503158		-1.0
	24539.99999999	5.0366		0.88579  0.2  0.2		4.1705503158		-1.0
	24569.99999999	4.43763		0.95226  0.2  0.2		4.1705503158		-1.0
	24599.99999999	3.32665		1.005  0.2  0.2		4.1705503158		-1.0
	24629.99999999	3.68908		1.00269  0.2  0.2		4.1705503158		-1.0
	24659.99999999	3.79692		1.00508  0.2  0.2		4.1705503158		-1.0
	24689.99999999	3.26995		1.17288  0.2  0.2		4.1705503158		-1.0
	24719.99999999	3.22564		1.28835  0.2  0.2		4.1705503158		-1.0
	24749.99999999	3.27652		1.15311  0.2  0.2		4.1705503158		-1.0
	24779.99999999	3.78096		1.02661  0.2  0.2		4.1705503158		-1.0
	24809.99999999	3.71843		1.06931  0.2  0.2		4.1705503158		-1.0
	24839.99999999	2.92325		0.99329  0.2  0.2		4.1705503158		-1.0
	24869.99999999	3.40036		0.78997  0.2  0.2		4.1705503158		-1.0
	24899.99999999	3.77968		0.9673  0.2  0.2		4.1705503158		-1.0
	24929.99999999	3.43464		0.8521  0.2  0.2		4.1705503158		-1.0
	24959.99999999	3.8463		0.73097  0.2  0.2		4.1705503158		-1.0
	24989.99999999	3.69471		0.60676  0.2  0.2		4.1705503158		-1.0
	25019.99999999	3.22253		0.5529  0.2  0.2		4.1705503158		-1.0
	25049.99999999	3.13389		0.9046  0.2  0.2		4.1705503158		-1.0
	25079.99999999	3.00662		1.00798  0.2  0.2		4.1705503158		-1.0
	25109.99999999	2.99675		1.03723  0.2  0.2		4.1705503158		-1.0
	25139.99999999	3.27278		1.14017  0.2  0.2		4.1705503158		-1.0
	25169.99999999	3.68517		1.3889  0.2  0.2		4.1705503158		-1.0
	25199.99999999	3.55343		1.17397  0.2  0.2		4.1705503158		-1.0
	25229.99999999	3.68509		0.83101  0.2  0.2		4.1705503158		-1.0
	25259.99999999	3.62612		0.68876  0.2  0.2		4.1705503158		-1.0
	25289.99999999	4.0966		0.38597  0.2  0.2		4.1705503158		-1.0
	25319.99999999	3.36169		0.30079  0.2  0.2		4.1705503158		-1.0
	25349.99999999	3.33615		0.19617  0.2  0.2		4.1705503158		-1.0
	25379.99999999	3.34984		0.44955  0.2  0.2		4.1705503158		-1.0
	25409.99999999	4.21548		0.73671  0.2  0.2		4.1705503158		-1.0
	25439.99999999	3.92843		0.76377  0.2  0.2		4.1705503158		-1.0
	25469.99999999	3.24631		0.83151  0.2  0.2		4.1705503158		-1.0
	25499.99999999	2.79322		0.82533  0.2  0.2		4.1705503158		-1.0
	25529.99999999	2.67137		0.69317  0.2  0.2		4.1705503158		-1.0
	25559.99999999	2.63193		1.04029  0.2  0.2		4.1705503158		-1.0
	25589.99999999	2.61403		1.07851  0.2  0.2		4.1705503158		-1.0
	25619.99999999	2.72929		1.04887  0.2  0.2		4.1705503158		-1.0
	25649.99999999	2.69412		0.86899  0.2  0.2		4.1705503158		-1.0
	25679.99999999	2.82864		0.5623  0.2  0.2		4.1705503158		-1.0
	25709.99999999	3.42963		0.50417  0.2  0.2		4.1705503158		-1.0
	25739.99999999	3.93339		0.40069  0.2  0.2		4.1705503158		-1.0
	25769.99999999	2.98833		0.31353  0.2  0.2		4.1705503158		-1.0
	25799.99999999	3.35554		0.12748  0.2  0.2		4.1705503158		-1.0
	25829.99999999	3.74745		0.29986  0.2  0.2		4.1705503158		-1.0
	25859.99999999	3.69366		0.38305  0.2  0.2		4.1705503158		-1.0
	25889.99999999	3.46221		0.07826  0.2  0.2		4.1705503158		-1.0
	25919.99999999	3.02702		-0.0095  0.2  0.2		4.1705503158		-1.0
	25949.99999999	2.8714		-0.134  0.2  0.2		4.1705503158		-1.0
	25979.99999999	3.16065		-0.10061  0.2  0.2		4.1705503158		-1.0
	26009.99999999	2.5266		-0.25589  0.2  0.2		4.1705503158		-1.0
	26039.99999999	3.2827		-0.23728  0.2  0.2		4.1705503158		-1.0
	26069.99999999	3.12911		-0.22539  0.2  0.2		4.1705503158		-1.0
	26099.99999999	2.81827		-0.2229  0.2  0.2		4.1705503158		-1.0
	26129.99999999	2.75952		-0.00575  0.2  0.2		4.1705503158		-1.0
	26159.99999999	2.73553		0.0931  0.2  0.2		4.1705503158		-1.0
	26189.99999999	2.77438		0.1795  0.2  0.2		4.1705503158		-1.0
	26219.99999999	2.6774		0.08616  0.2  0.2		4.1705503158		-1.0
	26249.99999999	2.58766		-0.07541  0.2  0.2		4.1705503158		-1.0
	26279.99999999	2.63142		-0.29598  0.2  0.2		4.1705503158		-1.0
	26309.99999999	2.57982		-0.6465  0.2  0.2		4.1705503158		-1.0
	26339.99999999	2.60592		-0.84067  0.2  0.2		4.1705503158		-1.0
	26369.99999999	2.63021		-0.73195  0.2  0.2		4.1705503158		-1.0
	26399.99999999	2.54031		-0.79853  0.2  0.2		4.1705503158		-1.0
	26429.99999999	2.68759		-0.86723  0.2  0.2		4.1705503158		-1.0
	26459.99999999	2.66357		-1.12889  0.2  0.2		4.1705503158		-1.0
	26489.99999999	2.57098		-1.27359  0.2  0.2		4.1705503158		-1.0
	26519.99999999	2.58452		-1.14434  0.2  0.2		4.1705503158		-1.0
	26549.99999999	2.50812		-1.16965  0.2  0.2		4.1705503158		-1.0
	26579.99999999	2.59793		-1.19293  0.2  0.2		4.1705503158		-1.0
	26609.99999999	2.56839		-1.0936  0.2  0.2		4.1705503158		-1.0
	26639.99999999	2.64744		-1.08843  0.2  0.2		4.1705503158		-1.0
	26669.99999999	3.07695		-1.09929  0.2  0.2		4.1705503158		-1.0
	26699.99999999	2.74045		-1.37078  0.2  0.2		4.1705503158		-1.0
	26729.99999999	2.57802		-1.67054  0.2  0.2		4.1705503158		-1.0
	26759.99999999	2.65144		-1.7657  0.2  0.2		4.1705503158		-1.0
	26789.99999999	2.58237		-1.95987  0.2  0.2		4.1705503158		-1.0
	26819.99999999	2.61885		-2.15531  0.2  0.2		4.1705503158		-1.0
	26849.99999999	2.5911		-2.39463  0.2  0.2		4.1705503158		-1.0
	26879.99999999	2.9839		-2.34975  0.2  0.2		4.1705503158		-1.0
	26909.99999999	3.3151		-2.13685  0.2  0.2		4.1705503158		-1.0
	26939.99999999	3.36592		-1.98673  0.2  0.2		4.1705503158		-1.0
	26969.99999999	3.76845		-2.28422  0.2  0.2		4.1705503158		-1.0
	26999.99999999	3.3977		-2.52721  0.2  0.2		4.1705503158		-1.0
	27029.99999999	3.48795		-2.42292  0.2  0.2		4.1705503158		-1.0
	27059.99999999	3.02885		-2.28039  0.2  0.2		4.1705503158		-1.0
	27089.99999999	3.15395		-2.05168  0.2  0.2		4.1705503158		-1.0
	27119.99999999	2.97919		-2.17283  0.2  0.2		4.1705503158		-1.0
	27149.99999999	3.38163		-2.45271  0.2  0.2		4.1705503158		-1.0
	27179.99999999	3.88608		-2.67714  0.2  0.2		4.1705503158		-1.0
	27209.99999999	3.70073		-2.54039  0.2  0.2		4.1705503158		-1.0
	27239.99999998	3.99755		-2.40037  0.2  0.2		4.1705503158		-1.0
	27269.99999998	3.72556		-2.62182  0.2  0.2		4.1705503158		-1.0
	27299.99999998	3.75349		-2.79837  0.2  0.2		4.1705503158		-1.0
	27329.99999998	3.83493		-2.80299  0.2  0.2		4.1705503158		-1.0
