	30.00000000	2.90702		1.13528  0.2  0.2		4.1705503158		-1.0
	60.00000000	2.86579		1.12399  0.2  0.2		4.1705503158		-1.0
	90.00000000	2.90598		1.0904  0.2  0.2		4.1705503158		-1.0
	120.00000000	3.06042		1.02317  0.2  0.2		4.1705503158		-1.0
	150.00000000	2.92451		1.17826  0.2  0.2		4.1705503158		-1.0
	180.00000000	2.87404		1.46534  0.2  0.2		4.1705503158		-1.0
	210.00000000	3.00471		1.54259  0.2  0.2		4.1705503158		-1.0
	240.00000000	3.03358		1.67063  0.2  0.2		4.1705503158		-1.0
	270.00000000	2.89689		1.84406  0.2  0.2		4.1705503158		-1.0
	300.00000000	2.95722		1.81818  0.2  0.2		4.1705503158		-1.0
	330.00000000	2.99477		1.78537  0.2  0.2		4.1705503158		-1.0
	360.00000000	2.86079		1.91914  0.2  0.2		4.1705503158		-1.0
	390.00000000	2.90466		2.15616  0.2  0.2		4.1705503158		-1.0
	420.00000000	3.11755		2.31551  0.2  0.2		4.1705503158		-1.0
	450.00000000	3.09806		2.3152  0.2  0.2		4.1705503158		-1.0
	480.00000000	2.83131		2.30871  0.2  0.2		4.1705503158		-1.0
	510.00000000	2.84695		2.2869  0.2  0.2		4.1705503158		-1.0
	540.00000000	2.98773		2.14101  0.2  0.2		4.1705503158		-1.0
	570.00000000	3.01595		1.86955  0.2  0.2		4.1705503158		-1.0
	600.00000000	3.16458		1.66747  0.2  0.2		4.1705503158		-1.0
	630.00000000	2.8449		1.44506  0.2  0.2		4.1705503158		-1.0
	660.00000000	2.94911		1.44821  0.2  0.2		4.1705503158		-1.0
	690.00000000	3.00913		1.5626  0.2  0.2		4.1705503158		-1.0
	720.00000000	2.70279		1.61494  0.2  0.2		4.1705503158		-1.0
	750.00000000	3.01561		1.46886  0.2  0.2		4.1705503158		-1.0
	780.00000000	2.80695		1.27418  0.2  0.2		4.1705503158		-1.0
	810.00000000	3.16094		1.27442  0.2  0.2		4.1705503158		-1.0
	840.00000000	3.00566		1.22512  0.2  0.2		4.1705503158		-1.0
	870.00000000	2.8448		0.7513  0.2  0.2		4.1705503158		-1.0
	900.00000000	2.89256		0.56231  0.2  0.2		4.1705503158		-1.0
	930.00000000	2.98136		0.58819  0.2  0.2		4.1705503158		-1.0
	960.00000000	2.97171		0.25032  0.2  0.2		4.1705503158		-1.0
	990.00000000	2.9589		-0.01548  0.2  0.2		4.1705503158		-1.0
	1020.00000000	2.98822		-0.30251  0.2  0.2		4.1705503158		-1.0
	1050.00000000	2.8643		-0.68703  0.2  0.2		4.1705503158		-1.0
	1080.00000000	2.81781		-0.99886  0.2  0.2		4.1705503158		-1.0
	1110.00000000	2.83638		-1.33768  0.2  0.2		4.1705503158		-1.0
	1140.00000000	2.97927		-1.13038  0.2  0.2		4.1705503158		-1.0
	1170.00000000	3.02111		-1.01716  0.2  0.2		4.1705503158		-1.0
	1200.00000000	2.96018		-0.96882  0.2  0.2		4.1705503158		-1.0
	1230.00000000	2.90812		-1.08805  0.2  0.2		4.1705503158		-1.0
	1260.00000000	2.94895		-1.22096  0.2  0.2		4.1705503158		-1.0
	1290.00000000	2.81027		-1.28806  0.2  0.2		4.1705503158		-1.0
	1320.00000000	3.12058		-1.34054  0.2  0.2		4.1705503158		-1.0
	1350.00000000	2.93517		-1.57092  0.2  0.2		4.1705503158		-1.0
	1380.00000000	2.95642		-1.79999  0.2  0.2		4.1705503158		-1.0
	1410.00000000	2.82954		-1.81471  0.2  0.2		4.1705503158		-1.0
	1440.00000000	2.99962		-1.85121  0.2  0.2		4.1705503158		-1.0
	1470.00000000	2.88598		-2.00688  0.2  0.2		4.1705503158		-1.0
	1500.00000000	2.89031		-2.02486  0.2  0.2		4.1705503158		-1.0
	1530.00000000	3.05594		-2.08038  0.2  0.2		4.1705503158		-1.0
	1560.00000000	3.07373		-2.35561  0.2  0.2		4.1705503158		-1.0
	1590.00000000	2.94566		-2.47828  0.2  0.2		4.1705503158		-1.0
	1620.00000000	2.807		-2.47068  0.2  0.2		4.1705503158		-1.0
	1650.00000000	2.92207		-2.53594  0.2  0.2		4.1705503158		-1.0
	1680.00000000	3.08515		-2.84082  0.2  0.2		4.1705503158		-1.0
	1710.00000000	2.97601		-2.85589  0.2  0.2		4.1705503158		-1.0
	1740.00000000	2.97616		-2.94187  0.2  0.2		4.1705503158		-1.0
	1770.00000000	2.89346		3.02289  0.2  0.2		4.1705503158		-1.0
	1800.00000000	2.87998		2.94214  0.2  0.2		4.1705503158		-1.0
	1830.00000000	2.92813		3.01471  0.2  0.2		4.1705503158		-1.0
	1860.00000000	3.03441		2.99968  0.2  0.2		4.1705503158		-1.0
	1890.00000000	2.91429		2.92554  0.2  0.2		4.1705503158		-1.0
	1920.00000000	2.73947		3.00811  0.2  0.2		4.1705503158		-1.0
	1950.00000000	3.12521		2.78245  0.2  0.2		4.1705503158		-1.0
	1980.00000000	3.09342		2.61956  0.2  0.2		4.1705503158		-1.0
	2010.00000000	2.98814		2.73296  0.2  0.2		4.1705503158		-1.0
	2040.00000000	2.8894		2.73004  0.2  0.2		4.1705503158		-1.0
	2070.00000000	2.82667		2.96657  0.2  0.2		4.1705503158		-1.0
	2100.00000000	3.13451		2.66737  0.2  0.2		4.1705503158		-1.0
	2130.00000000	2.73892		2.54166  0.2  0.2		4.1705503158		-1.0
	2160.00000000	2.70113		2.60857  0.2  0.2		4.1705503158		-1.0
	2190.00000000	3.18535		2.73196  0.2  0.2		4.1705503158		-1.0
	2220.00000000	2.8798		2.81097  0.2  0.2		4.1705503158		-1.0
	2250.00000000	3.20121		2.83242  0.2  0.2		4.1705503158		-1.0
	2280.00000000	2.99656		-3.1356  0.2  0.2		4.1705503158		-1.0
	2310.00000000	2.76602		-2.93455  0.2  0.2		4.1705503158		-1.0
	2340.00000000	3.03778		-2.70518  0.2  0.2		4.1705503158		-1.0
	2370.00000000	2.85529		-2.91007  0.2  0.2		4.1705503158		-1.0
	2400.00000000	2.78448		-2.88992  0.2  0.2		4.1705503158		-1.0
	2430.00000000	2.90376		-2.74342  0.2  0.2		4.1705503158		-1.0
	2460.00000000	2.98996		-2.44633  0.2  0.2		4.1705503158		-1.0
	2490.00000000	2.74068		-2.2206  0.2  0.2		4.1705503158		-1.0
	2520.00000000	2.99352		-2.2046  0.2  0.2		4.1705503158		-1.0
	2550.00000000	2.99403		-2.20655  0.2  0.2		4.1705503158		-1.0
	2580.00000000	3.05908		-2.26332  0.2  0.2		4.1705503158		-1.0
	2610.00000000	2.92695		-2.23725  0.2  0.2		4.1705503158		-1.0
	2640.00000000	2.85285		-2.33463  0.2  0.2		4.1705503158		-1.0
	2670.00000000	2.85822		-2.43681  0.2  0.2		4.1705503158		-1.0
	2700.00000000	2.80955		-2.47719  0.2  0.2		4.1705503158		-1.0
	2730.00000000	2.80859		-2.51319  0.2  0.2		4.1705503158		-1.0
	2760.00000000	2.78277		-2.53811  0.2  0.2		4.1705503158		-1.0
	2790.00000000	2.79026		-2.71476  0.2  0.2		4.1705503158		-1.0
	2820.00000000	3.08552		-2.88678  0.2  0.2		4.1705503158		-1.0
	2850.00000000	3.08631		-2.89771  0.2  0.2		4.1705503158		-1.0
	2880.00000000	3.07393		-2.93091  0.2  0.2		4.1705503158		-1.0
	2910.00000000	2.77817		-2.99013  0.2  0.2		4.1705503158		-1.0
	2940.00000000	3.26299		-3.01841  0.2  0.2		4.1705503158		-1.0
	2970.00000000	3.08811		-3.02766  0.2  0.2		4.1705503158		-1.0
	3000.00000000	3.36489		-2.96057  0.2  0.2		4.1705503158		-1.0
	3030.00000000	3.20777		-3.04563  0.2  0.2		4.1705503158		-1.0
	3060.00000000	3.31459		-3.08315  0.2  0.2		4.1705503158		-1.0
	3090.00000000	3.06669		3.08008  0.2  0.2		4.1705503158		-1.0
	3120.00000000	2.73796		2.84518  0.2  0.2		4.1705503158		-1.0
	3150.00000000	2.98561		2.84133  0.2  0.2		4.1705503158		-1.0
	3180.00000000	2.92121		2.72271  0.2  0.2		4.1705503158		-1.0
	3210.00000000	2.97489		2.50774  0.2  0.2		4.1705503158		-1.0
	3240.00000000	2.91513		2.49573  0.2  0.2		4.1705503158		-1.0
	3270.00000000	2.9849		2.69543  0.2  0.2		4.1705503158		-1.0
	3300.00000000	2.83927		2.85746  0.2  0.2		4.1705503158		-1.0
	3330.00000000	2.82709		-3.13357  0.2  0.2		4.1705503158		-1.0
	3360.00000000	2.79631		-3.07712  0.2  0.2		4.1705503158		-1.0
	3390.00000000	2.9579		-3.10714  0.2  0.2		4.1705503158		-1.0
	3420.00000000	2.85252		-3.07396  0.2  0.2		4.1705503158		-1.0
	3450.00000000	2.69952		-3.092  0.2  0.2		4.1705503158		-1.0
	3480.00000000	2.65884		-2.99627  0.2  0.2		4.1705503158		-1.0
	3510.00000000	3.25661		-2.99278  0.2  0.2		4.1705503158		-1.0
	3540.00000000	3.31139		3.10027  0.2  0.2		4.1705503158		-1.0
	3570.00000000	3.23619		2.82622  0.2  0.2		4.1705503158		-1.0
	3600.00000000	2.73872		2.47103  0.2  0.2		4.1705503158		-1.0
	3630.00000000	3.14992		2.24887  0.2  0.2		4.1705503158		-1.0
	3660.00000000	2.80473		2.03262  0.2  0.2		4.1705503158		-1.0
	3690.00000000	3.11179		1.92748  0.2  0.2		4.1705503158		-1.0
	3720.00000000	2.71502		1.90179  0.2  0.2		4.1705503158		-1.0
	3750.00000000	3.24189		1.97474  0.2  0.2		4.1705503158		-1.0
	3780.00000000	2.84241		2.05674  0.2  0.2		4.1705503158		-1.0
	3810.00000000	2.98546		2.32705  0.2  0.2		4.1705503158		-1.0
	3840.00000000	3.24776		2.18592  0.2  0.2		4.1705503158		-1.0
	3870.00000000	2.99547		2.02372  0.2  0.2		4.1705503158		-1.0
	3900.00000000	2.77805		1.9936  0.2  0.2		4.1705503158		-1.0
	3930.00000000	3.21573		1.90801  0.2  0.2		4.1705503158		-1.0
	3960.00000000	3.26341		1.68281  0.2  0.2		4.1705503158		-1.0
	3990.00000000	3.17486		1.40677  0.2  0.2		4.1705503158		-1.0
	4020.00000000	3.10981		1.46485  0.2  0.2		4.1705503158		-1.0
	4050.00000000	3.27705		1.5737  0.2  0.2		4.1705503158		-1.0
	4080.00000000	3.05787		1.40941  0.2  0.2		4.1705503158		-1.0
	4110.00000000	2.77963		1.31632  0.2  0.2		4.1705503158		-1.0
	4140.00000000	2.82999		1.20874  0.2  0.2		4.1705503158		-1.0
	4170.00000000	3.06021		0.95683  0.2  0.2		4.1705503158		-1.0
	4200.00000000	2.82549		0.75276  0.2  0.2		4.1705503158		-1.0
	4230.00000000	3.16873		0.8698  0.2  0.2		4.1705503158		-1.0
	4260.00000000	2.82987		0.78422  0.2  0.2		4.1705503158		-1.0
	4290.00000000	2.96604		0.74825  0.2  0.2		4.1705503158		-1.0
	4320.00000000	2.94774		0.79554  0.2  0.2		4.1705503158		-1.0
	4350.00000000	3.12178		0.82008  0.2  0.2		4.1705503158		-1.0
	4380.00000000	3.19638		0.98497  0.2  0.2		4.1705503158		-1.0
	4410.00000000	3.22775		1.10202  0.2  0.2		4.1705503158		-1.0
	4440.00000000	3.08369		1.36337  0.2  0.2		4.1705503158		-1.0
	4470.00000000	2.63747		1.32185  0.2  0.2		4.1705503158		-1.0
	4500.00000000	2.72439		1.49021  0.2  0.2		4.1705503158		-1.0
	4530.00000000	2.87384		1.59968  0.2  0.2		4.1705503158		-1.0
	4560.00000000	2.8248		1.65553  0.2  0.2		4.1705503158		-1.0
	4590.00000000	2.75146		1.59555  0.2  0.2		4.1705503158		-1.0
	4620.00000000	2.68043		1.48851  0.2  0.2		4.1705503158		-1.0
	4650.00000000	2.96776		1.16013  0.2  0.2		4.1705503158		-1.0
	4680.00000000	2.7043		0.94924  0.2  0.2		4.1705503158		-1.0
	4710.00000000	3.11274		0.80706  0.2  0.2		4.1705503158		-1.0
	4740.00000000	2.8951		0.44084  0.2  0.2		4.1705503158		-1.0
	4770.00000000	3.00288		0.1338  0.2  0.2		4.1705503158		-1.0
	4800.00000000	2.94795		-0.2034  0.2  0.2		4.1705503158		-1.0
	4830.00000000	2.85949		-0.64036  0.2  0.2		4.1705503158		-1.0
	4860.00000000	3.04811		-1.02134  0.2  0.2		4.1705503158		-1.0
	4890.00000000	2.9395		-0.78155  0.2  0.2		4.1705503158		-1.0
	4920.00000000	2.87186		-0.67735  0.2  0.2		4.1705503158		-1.0
	4950.00000000	3.00758		-0.49461  0.2  0.2		4.1705503158		-1.0
	4980.00000000	2.95501		-0.36161  0.2  0.2		4.1705503158		-1.0
	5010.00000000	2.74674		-0.59509  0.2  0.2		4.1705503158		-1.0
	5040.00000000	3.088		-0.90205  0.2  0.2		4.1705503158		-1.0
	5070.00000000	2.83497		-1.14692  0.2  0.2		4.1705503158		-1.0
	5100.00000000	2.75885		-1.17637  0.2  0.2		4.1705503158		-1.0
	5130.00000000	2.7276		-1.25576  0.2  0.2		4.1705503158		-1.0
	5160.00000000	2.99814		-1.5111  0.2  0.2		4.1705503158		-1.0
	5190.00000000	2.95953		-1.53049  0.2  0.2		4.1705503158		-1.0
	5220.00000000	3.06406		-1.36407  0.2  0.2		4.1705503158		-1.0
	5250.00000000	2.84052		-1.64408  0.2  0.2		4.1705503158		-1.0
	5280.00000000	3.3274		-1.81764  0.2  0.2		4.1705503158		-1.0
	5310.00000000	2.83473		-1.895  0.2  0.2		4.1705503158		-1.0
	5340.00000000	3.11928		-1.93573  0.2  0.2		4.1705503158		-1.0
	5370.00000000	3.03321		-1.80161  0.2  0.2		4.1705503158		-1.0
	5400.00000000	2.85928		-1.62463  0.2  0.2		4.1705503158		-1.0
	5430.00000000	2.83323		-1.61717  0.2  0.2		4.1705503158		-1.0
	5460.00000000	3.16922		-1.61524  0.2  0.2		4.1705503158		-1.0
	5490.00000000	2.91031		-1.5449  0.2  0.2		4.1705503158		-1.0
	5520.00000000	3.06285		-1.5193  0.2  0.2		4.1705503158		-1.0
	5550.00000000	3.20715		-1.38096  0.2  0.2		4.1705503158		-1.0
	5580.00000000	3.23592		-1.01491  0.2  0.2		4.1705503158		-1.0
	5610.00000000	2.80966		-0.71019  0.2  0.2		4.1705503158		-1.0
	5640.00000000	3.03141		-0.35675  0.2  0.2		4.1705503158		-1.0
	5670.00000000	2.87599		-0.3552  0.2  0.2		4.1705503158		-1.0
	5700.00000000	2.86499		0.00062  0.2  0.2		4.1705503158		-1.0
	5730.00000000	2.84994		0.33049  0.2  0.2		4.1705503158		-1.0
	5760.00000000	2.92794		0.55674  0.2  0.2		4.1705503158		-1.0
	5790.00000000	2.908		0.41478  0.2  0.2		4.1705503158		-1.0
	5820.00000000	3.06419		0.14396  0.2  0.2		4.1705503158		-1.0
	5850.00000000	3.07771		0.01727  0.2  0.2		4.1705503158		-1.0
	5880.00000000	2.77833		0.18763  0.2  0.2		4.1705503158		-1.0
	5910.00000000	3.11167		-0.11451  0.2  0.2		4.1705503158		-1.0
	5940.00000000	2.70514		-0.09043  0.2  0.2		4.1705503158		-1.0
	5970.00000000	2.78045		-0.10521  0.2  0.2		4.1705503158		-1.0
	6000.00000000	2.97866		-0.25532  0.2  0.2		4.1705503158		-1.0
	6030.00000000	2.7328		-0.61301  0.2  0.2		4.1705503158		-1.0
	6060.00000000	3.10235		-0.8592  0.2  0.2		4.1705503158		-1.0
	6090.00000000	2.67361		-1.06515  0.2  0.2		4.1705503158		-1.0
	6120.00000000	3.06328		-0.73535  0.2  0.2		4.1705503158		-1.0
	6150.00000000	3.08558		-0.45458  0.2  0.2		4.1705503158		-1.0
	6180.00000000	2.98638		-0.44808  0.2  0.2		4.1705503158		-1.0
	6210.00000000	2.86278		-0.70049  0.2  0.2		4.1705503158		-1.0
	6240.00000000	2.88581		-1.04313  0.2  0.2		4.1705503158		-1.0
	6270.00000000	2.75517		-1.26716  0.2  0.2		4.1705503158		-1.0
	6300.00000000	3.05514		-1.37969  0.2  0.2		4.1705503158		-1.0
	6330.00000000	3.22532		-1.32237  0.2  0.2		4.1705503158		-1.0
	6360.00000000	2.84972		-1.0921  0.2  0.2		4.1705503158		-1.0
	6390.00000000	2.97102		-1.13303  0.2  0.2		4.1705503158		-1.0
	6420.00000000	3.33941		-1.08464  0.2  0.2		4.1705503158		-1.0
	6450.00000000	3.18706		-1.40986  0.2  0.2		4.1705503158		-1.0
	6480.00000000	3.15606		-1.25259  0.2  0.2		4.1705503158		-1.0
	6510.00000000	3.33299		-0.91211  0.2  0.2		4.1705503158		-1.0
	6540.00000000	2.89302		-0.73959  0.2  0.2		4.1705503158		-1.0
	6570.00000000	3.39614		-0.72161  0.2  0.2		4.1705503158		-1.0
	6600.00000000	3.11429		-0.78838  0.2  0.2		4.1705503158		-1.0
	6630.00000000	3.1859		-0.55055  0.2  0.2		4.1705503158		-1.0
	6660.00000000	3.24455		-0.07712  0.2  0.2		4.1705503158		-1.0
	6690.00000000	2.87267		0.51462  0.2  0.2		4.1705503158		-1.0
	6720.00000000	2.75836		0.90899  0.2  0.2		4.1705503158		-1.0
	6750.00000000	2.71221		0.98447  0.2  0.2		4.1705503158		-1.0
	6780.00000000	2.96166		0.86304  0.2  0.2		4.1705503158		-1.0
	6810.00000000	2.92922		0.4275  0.2  0.2		4.1705503158		-1.0
	6840.00000000	2.88089		0.16677  0.2  0.2		4.1705503158		-1.0
	6870.00000000	3.29904		0.20939  0.2  0.2		4.1705503158		-1.0
	6900.00000000	2.80804		0.5099  0.2  0.2		4.1705503158		-1.0
	6930.00000000	2.71361		0.80705  0.2  0.2		4.1705503158		-1.0
	6960.00000000	3.00951		1.0053  0.2  0.2		4.1705503158		-1.0
	6990.00000000	3.25592		1.12601  0.2  0.2		4.1705503158		-1.0
	7020.00000000	3.42994		1.11963  0.2  0.2		4.1705503158		-1.0
	7050.00000000	3.18593		1.04493  0.2  0.2		4.1705503158		-1.0
	7080.00000000	3.34006		1.323  0.2  0.2		4.1705503158		-1.0
	7110.00000000	3.38989		1.31691  0.2  0.2		4.1705503158		-1.0
	7140.00000000	3.44433		1.40226  0.2  0.2		4.1705503158		-1.0
	7170.00000000	3.25412		1.58013  0.2  0.2		4.1705503158		-1.0
	7200.00000000	3.67089		1.35208  0.2  0.2		4.1705503158		-1.0
	7230.00000000	2.95916		1.32927  0.2  0.2		4.1705503158		-1.0
	7260.00000000	2.93806		1.23884  0.2  0.2		4.1705503158		-1.0
	7290.00000000	2.74536		1.18028  0.2  0.2		4.1705503158		-1.0
	7320.00000000	2.81406		1.06447  0.2  0.2		4.1705503158		-1.0
	7350.00000000	2.99383		0.95881  0.2  0.2		4.1705503158		-1.0
	7380.00000000	3.35004		0.91263  0.2  0.2		4.1705503158		-1.0
	7410.00000000	3.31293		0.65726  0.2  0.2		4.1705503158		-1.0
	7440.00000000	3.05622		0.31703  0.2  0.2		4.1705503158		-1.0
	7470.00000000	3.07211		0.42725  0.2  0.2		4.1705503158		-1.0
	7500.00000000	3.24263		0.55288  0.2  0.2		4.1705503158		-1.0
	7530.00000000	2.81634		0.76412  0.2  0.2		4.1705503158		-1.0
	7560.00000000	2.78699		0.55215  0.2  0.2		4.1705503158		-1.0
	7590.00000000	2.76453		0.34081  0.2  0.2		4.1705503158		-1.0
	7620.00000000	2.79823		0.07788  0.2  0.2		4.1705503158		-1.0
	7650.00000000	2.76062		-0.35477  0.2  0.2		4.1705503158		-1.0
	7680.00000000	2.78545		-0.5122  0.2  0.2		4.1705503158		-1.0
	7710.00000000	2.74745		-0.47753  0.2  0.2		4.1705503158		-1.0
	7740.00000000	2.84319		-0.32162  0.2  0.2		4.1705503158		-1.0
	7770.00000000	2.7336		-0.05877  0.2  0.2		4.1705503158		-1.0
	7800.00000000	3.32817		0.10656  0.2  0.2		4.1705503158		-1.0
	7830.00000000	3.14927		0.36686  0.2  0.2		4.1705503158		-1.0
	7860.00000000	3.28158		0.38762  0.2  0.2		4.1705503158		-1.0
	7890.00000000	3.36696		0.5642  0.2  0.2		4.1705503158		-1.0
	7920.00000000	3.18863		0.4983  0.2  0.2		4.1705503158		-1.0
	7950.00000000	3.15773		0.51717  0.2  0.2		4.1705503158		-1.0
	7980.00000000	2.96246		0.28355  0.2  0.2		4.1705503158		-1.0
	8010.00000000	2.80154		0.14016  0.2  0.2		4.1705503158		-1.0
	8040.00000000	3.20931		-0.27236  0.2  0.2		4.1705503158		-1.0
	8070.00000000	3.1076		-0.53463  0.2  0.2		4.1705503158		-1.0
	8100.00000000	3.21453		-0.538  0.2  0.2		4.1705503158		-1.0
	8130.00000000	3.29848		-0.15501  0.2  0.2		4.1705503158		-1.0
	8160.00000000	3.14662		0.03993  0.2  0.2		4.1705503158		-1.0
	8190.00000000	2.71414		-0.10157  0.2  0.2		4.1705503158		-1.0
	8220.00000000	2.78375		0.00257  0.2  0.2		4.1705503158		-1.0
	8250.00000000	2.75046		0.21956  0.2  0.2		4.1705503158		-1.0
	8280.00000000	2.68966		0.59127  0.2  0.2		4.1705503158		-1.0
	8310.00000000	2.66949		0.80133  0.2  0.2		4.1705503158		-1.0
	8340.00000000	2.70527		0.87138  0.2  0.2		4.1705503158		-1.0
	8370.00000000	2.77911		0.90344  0.2  0.2		4.1705503158		-1.0
	8400.00000000	2.6495		1.04307  0.2  0.2		4.1705503158		-1.0
	8430.00000000	2.67144		1.2719  0.2  0.2		4.1705503158		-1.0
	8460.00000000	2.94639		1.37162  0.2  0.2		4.1705503158		-1.0
	8490.00000000	3.58602		1.26209  0.2  0.2		4.1705503158		-1.0
	8520.00000000	3.31165		1.14838  0.2  0.2		4.1705503158		-1.0
	8550.00000000	3.43278		0.98129  0.2  0.2		4.1705503158		-1.0
	8580.00000000	3.39509		0.77952  0.2  0.2		4.1705503158		-1.0
	8610.00000000	3.30492		0.55491  0.2  0.2		4.1705503158		-1.0
	8640.00000000	3.43121		0.52037  0.2  0.2		4.1705503158		-1.0
	8670.00000000	3.27312		0.58707  0.2  0.2		4.1705503158		-1.0
	8700.00000000	3.33048		0.80132  0.2  0.2		4.1705503158		-1.0
	8730.00000000	3.43411		0.85721  0.2  0.2		4.1705503158		-1.0
	8760.00000000	2.95771		0.79831  0.2  0.2		4.1705503158		-1.0
	8790.00000000	3.07274		0.59599  0.2  0.2		4.1705503158		-1.0
	8820.00000000	3.4573		0.55967  0.2  0.2		4.1705503158		-1.0
	8850.00000000	3.54423		0.51668  0.2  0.2		4.1705503158		-1.0
	8880.00000000	3.69267		0.72735  0.2  0.2		4.1705503158		-1.0
	8910.00000000	3.44801		0.72479  0.2  0.2		4.1705503158		-1.0
	8940.00000000	2.7144		0.67218  0.2  0.2		4.1705503158		-1.0
	8970.00000000	2.64697		0.51278  0.2  0.2		4.1705503158		-1.0
	9000.00000000	2.70211		0.24801  0.2  0.2		4.1705503158		-1.0
	9030.00000000	2.84592		0.24845  0.2  0.2		4.1705503158		-1.0
	9060.00000000	2.73865		0.25025  0.2  0.2		4.1705503158		-1.0
	9090.00000000	2.72108		0.16689  0.2  0.2		4.1705503158		-1.0
	9120.00000000	2.91291		-0.20909  0.2  0.2		4.1705503158		-1.0
	9150.00000000	2.79592		-0.64557  0.2  0.2		4.1705503158		-1.0
	9180.00000000	2.91642		-1.10317  0.2  0.2		4.1705503158		-1.0
	9210.00000000	2.75219		-1.48716  0.2  0.2		4.1705503158		-1.0
	9240.00000000	2.72989		-1.4987  0.2  0.2		4.1705503158		-1.0
	9270.00000000	2.77636		-1.35375  0.2  0.2		4.1705503158		-1.0
	9300.00000000	2.7364		-1.23209  0.2  0.2		4.1705503158		-1.0
	9330.00000000	2.70645		-0.83236  0.2  0.2		4.1705503158		-1.0
	9360.00000000	2.69312		-0.73737  0.2  0.2		4.1705503158		-1.0
	9390.00000000	2.63436		-0.95822  0.2  0.2		4.1705503158		-1.0
	9420.00000000	2.67478		-0.94273  0.2  0.2		4.1705503158		-1.0
	9450.00000000	2.6491		-0.76107  0.2  0.2		4.1705503158		-1.0
	9480.00000000	2.90648		-0.85108  0.2  0.2		4.1705503158		-1.0
	9510.00000000	3.30375		-1.02097  0.2  0.2		4.1705503158		-1.0
	9540.00000000	3.13594		-1.16066  0.2  0.2		4.1705503158		-1.0
	9570.00000000	3.19202		-1.39598  0.2  0.2		4.1705503158		-1.0
	9600.00000000	2.9759		-1.719  0.2  0.2		4.1705503158		-1.0
	9630.00000000	2.83981		-1.84737  0.2  0.2		4.1705503158		-1.0
	9660.00000000	2.84164		-1.79353  0.2  0.2		4.1705503158		-1.0
	9690.00000000	2.70599		-1.96703  0.2  0.2		4.1705503158		-1.0
	9720.00000000	2.83852		-2.21468  0.2  0.2		4.1705503158		-1.0
	9750.00000000	2.78017		-2.1479  0.2  0.2		4.1705503158		-1.0
	9780.00000000	2.75586		-1.92706  0.2  0.2		4.1705503158		-1.0
	9810.00000000	2.75794		-1.82936  0.2  0.2		4.1705503158		-1.0
	9840.00000000	2.76378		-1.7903  0.2  0.2		4.1705503158		-1.0
	9870.00000000	2.69698		-1.66169  0.2  0.2		4.1705503158		-1.0
	9900.00000000	2.63329		-1.57955  0.2  0.2		4.1705503158		-1.0
	9930.00000000	3.32163		-1.69197  0.2  0.2		4.1705503158		-1.0
	9960.00000000	3.26535		-1.7988  0.2  0.2		4.1705503158		-1.0
	9990.00000000	3.20369		-1.82297  0.2  0.2		4.1705503158		-1.0
	10020.00000000	3.16788		-2.1364  0.2  0.2		4.1705503158		-1.0
	10050.00000000	3.26096		-2.28663  0.2  0.2		4.1705503158		-1.0
	10080.00000000	3.28742		-2.30364  0.2  0.2		4.1705503158		-1.0
	10110.00000000	3.30043		-2.15813  0.2  0.2		4.1705503158		-1.0
	10140.00000000	3.22257		-2.06039  0.2  0.2		4.1705503158		-1.0
	10170.00000000	3.25006		-2.20954  0.2  0.2		4.1705503158		-1.0
	10200.00000000	3.26619		-2.03569  0.2  0.2		4.1705503158		-1.0
	10230.00000000	3.25856		-1.72595  0.2  0.2		4.1705503158		-1.0
	10260.00000000	3.2886		-1.55583  0.2  0.2		4.1705503158		-1.0
	10290.00000000	3.3247		-1.68987  0.2  0.2		4.1705503158		-1.0
	10320.00000000	2.61516		-1.69374  0.2  0.2		4.1705503158		-1.0
	10350.00000000	3.24002		-1.68343  0.2  0.2		4.1705503158		-1.0
	10380.00000000	3.5847		-1.39581  0.2  0.2		4.1705503158		-1.0
	10410.00000000	3.24693		-1.04077  0.2  0.2		4.1705503158		-1.0
	10440.00000000	3.16339		-0.91971  0.2  0.2		4.1705503158		-1.0
	10470.00000000	3.36765		-0.66088  0.2  0.2		4.1705503158		-1.0
	10500.00000000	3.3882		-0.63621  0.2  0.2		4.1705503158		-1.0
	10530.00000000	3.29128		-0.762  0.2  0.2		4.1705503158		-1.0
	10560.00000000	3.59967		-0.94516  0.2  0.2		4.1705503158		-1.0
	10590.00000000	3.3903		-0.92291  0.2  0.2		4.1705503158		-1.0
	10620.00000000	3.48622		-0.83915  0.2  0.2		4.1705503158		-1.0
	10650.00000000	3.15913		-0.55736  0.2  0.2		4.1705503158		-1.0
	10680.00000000	3.38692		-0.40457  0.2  0.2		4.1705503158		-1.0
	10710.00000000	3.31226		-0.34819  0.2  0.2		4.1705503158		-1.0
	10740.00000000	3.08607		-0.23566  0.2  0.2		4.1705503158		-1.0
	10770.00000000	2.65198		-0.36729  0.2  0.2		4.1705503158		-1.0
	10800.00000000	3.23691		-0.50892  0.2  0.2		4.1705503158		-1.0
	10830.00000001	3.3584		-0.12682  0.2  0.2		4.1705503158		-1.0
	10860.00000001	3.21933		0.17283  0.2  0.2		4.1705503158		-1.0
	10890.00000001	3.29533		0.14319  0.2  0.2		4.1705503158		-1.0
	10920.00000001	3.39028		0.06697  0.2  0.2		4.1705503158		-1.0
	10950.00000001	3.3716		-0.25339  0.2  0.2		4.1705503158		-1.0
	10980.00000001	3.23364		-0.35458  0.2  0.2		4.1705503158		-1.0
	11010.00000001	3.44086		-0.18185  0.2  0.2		4.1705503158		-1.0
	11040.00000001	3.53321		-0.08268  0.2  0.2		4.1705503158		-1.0
	11070.00000001	3.06354		-0.03027  0.2  0.2		4.1705503158		-1.0
	11100.00000001	2.65782		-0.0429  0.2  0.2		4.1705503158		-1.0
	11130.00000001	2.69925		-0.43059  0.2  0.2		4.1705503158		-1.0
	11160.00000001	2.84568		-0.73653  0.2  0.2		4.1705503158		-1.0
	11190.00000001	2.83941		-0.97412  0.2  0.2		4.1705503158		-1.0
	11220.00000001	2.68668		-1.20322  0.2  0.2		4.1705503158		-1.0
	11250.00000001	2.68643		-1.49636  0.2  0.2		4.1705503158		-1.0
	11280.00000001	2.67813		-1.40205  0.2  0.2		4.1705503158		-1.0
	11310.00000001	2.85279		-1.54176  0.2  0.2		4.1705503158		-1.0
	11340.00000001	3.56498		-1.68087  0.2  0.2		4.1705503158		-1.0
	11370.00000001	3.33169		-1.44064  0.2  0.2		4.1705503158		-1.0
	11400.00000001	3.45397		-1.10877  0.2  0.2		4.1705503158		-1.0
	11430.00000001	3.22943		-1.22492  0.2  0.2		4.1705503158		-1.0
	11460.00000001	3.52827		-1.38944  0.2  0.2		4.1705503158		-1.0
	11490.00000001	3.2054		-1.26677  0.2  0.2		4.1705503158		-1.0
	11520.00000001	3.54397		-1.19872  0.2  0.2		4.1705503158		-1.0
	11550.00000001	3.47502		-1.16267  0.2  0.2		4.1705503158		-1.0
	11580.00000001	3.28674		-1.28793  0.2  0.2		4.1705503158		-1.0
	11610.00000001	2.58213		-1.32124  0.2  0.2		4.1705503158		-1.0
	11640.00000001	3.06355		-1.46568  0.2  0.2		4.1705503158		-1.0
	11670.00000001	2.64338		-1.37867  0.2  0.2		4.1705503158		-1.0
	11700.00000001	2.84181		-1.26264  0.2  0.2		4.1705503158		-1.0
	11730.00000001	2.87766		-0.97714  0.2  0.2		4.1705503158		-1.0
	11760.00000001	3.33835		-0.90435  0.2  0.2		4.1705503158		-1.0
	11790.00000001	3.55692		-0.66323  0.2  0.2		4.1705503158		-1.0
	11820.00000001	3.33432		-0.58664  0.2  0.2		4.1705503158		-1.0
	11850.00000001	3.05425		-0.57514  0.2  0.2		4.1705503158		-1.0
	11880.00000001	3.23098		-0.66804  0.2  0.2		4.1705503158		-1.0
	11910.00000001	3.79212		-0.72533  0.2  0.2		4.1705503158		-1.0
	11940.00000001	3.42469		-0.6765  0.2  0.2		4.1705503158		-1.0
	11970.00000001	3.72101		-0.81317  0.2  0.2		4.1705503158		-1.0
	12000.00000001	2.90656		-0.87437  0.2  0.2		4.1705503158		-1.0
	12030.00000001	2.75586		-0.90407  0.2  0.2		4.1705503158		-1.0
	12060.00000001	2.66442		-1.00492  0.2  0.2		4.1705503158		-1.0
	12090.00000001	2.58695		-0.91344  0.2  0.2		4.1705503158		-1.0
	12120.00000001	2.72864		-0.8108  0.2  0.2		4.1705503158		-1.0
	12150.00000001	2.78745		-0.5055  0.2  0.2		4.1705503158		-1.0
	12180.00000001	2.75406		-0.13179  0.2  0.2		4.1705503158		-1.0
	12210.00000001	2.83948		-0.26486  0.2  0.2		4.1705503158		-1.0
	12240.00000001	2.92417		-0.26995  0.2  0.2		4.1705503158		-1.0
	12270.00000001	3.10631		-0.12011  0.2  0.2		4.1705503158		-1.0
	12300.00000001	3.20532		0.15899  0.2  0.2		4.1705503158		-1.0
	12330.00000001	3.18749		0.2907  0.2  0.2		4.1705503158		-1.0
	12360.00000001	3.17182		0.28804  0.2  0.2		4.1705503158		-1.0
	12390.00000001	2.64302		0.23653  0.2  0.2		4.1705503158		-1.0
	12420.00000001	3.08411		0.20048  0.2  0.2		4.1705503158		-1.0
	12450.00000001	2.96085		0.15768  0.2  0.2		4.1705503158		-1.0
	12480.00000001	2.71605		0.41109  0.2  0.2		4.1705503158		-1.0
	12510.00000001	2.67911		0.96713  0.2  0.2		4.1705503158		-1.0
	12540.00000001	2.7466		1.27414  0.2  0.2		4.1705503158		-1.0
	12570.00000001	2.90248		1.25922  0.2  0.2		4.1705503158		-1.0
	12505.00000001	2.6958		0.89258  0.2  0.2		4.1705503158		-1.0
	12535.00000001	2.78634		1.20784  0.2  0.2		4.1705503158		-1.0
	12565.00000001	2.88773		1.2883  0.2  0.2		4.1705503158		-1.0
	12595.00000001	2.69673		1.24869  0.2  0.2		4.1705503158		-1.0
	12625.00000001	2.89647		0.97903  0.2  0.2		4.1705503158		-1.0
	12655.00000001	2.77417		0.86992  0.2  0.2		4.1705503158		-1.0
	12685.00000001	2.79955		0.9301  0.2  0.2		4.1705503158		-1.0
	12715.00000001	2.71381		1.23539  0.2  0.2		4.1705503158		-1.0
	12745.00000001	2.67862		1.47378  0.2  0.2		4.1705503158		-1.0
	12775.00000001	2.81527		1.79246  0.2  0.2		4.1705503158		-1.0
	12805.00000001	2.78812		1.78877  0.2  0.2		4.1705503158		-1.0
	12835.00000001	2.76255		1.91821  0.2  0.2		4.1705503158		-1.0
	12865.00000001	2.82379		2.08331  0.2  0.2		4.1705503158		-1.0
	12895.00000001	3.34589		2.32594  0.2  0.2		4.1705503158		-1.0
	12925.00000001	2.89051		2.394  0.2  0.2		4.1705503158		-1.0
	12955.00000001	2.97914		2.30165  0.2  0.2		4.1705503158		-1.0
	12985.00000001	3.03329		2.42931  0.2  0.2		4.1705503158		-1.0
	13015.00000001	2.80087		2.56244  0.2  0.2		4.1705503158		-1.0
	13045.00000001	2.6732		2.42489  0.2  0.2		4.1705503158		-1.0
	13075.00000001	3.40075		2.32245  0.2  0.2		4.1705503158		-1.0
	13105.00000001	2.96671		2.44606  0.2  0.2		4.1705503158		-1.0
	13135.00000001	2.75018		2.59413  0.2  0.2		4.1705503158		-1.0
	13165.00000001	2.76703		2.70264  0.2  0.2		4.1705503158		-1.0
	13195.00000001	2.74764		2.80402  0.2  0.2		4.1705503158		-1.0
	13225.00000001	2.84151		2.83768  0.2  0.2		4.1705503158		-1.0
	13255.00000001	2.85376		2.74009  0.2  0.2		4.1705503158		-1.0
	13285.00000001	3.50732		2.66328  0.2  0.2		4.1705503158		-1.0
	13315.00000001	2.99883		2.56828  0.2  0.2		4.1705503158		-1.0
	13345.00000001	3.37031		2.51205  0.2  0.2		4.1705503158		-1.0
	13375.00000001	3.49282		2.73903  0.2  0.2		4.1705503158		-1.0
	13405.00000001	3.26387		2.93091  0.2  0.2		4.1705503158		-1.0
	13435.00000001	3.227		3.04415  0.2  0.2		4.1705503158		-1.0
	13465.00000001	2.78953		3.09301  0.2  0.2		4.1705503158		-1.0
	13495.00000001	3.071		3.06114  0.2  0.2		4.1705503158		-1.0
	13525.00000001	3.44797		-3.12286  0.2  0.2		4.1705503158		-1.0
	13555.00000001	3.13979		-2.80289  0.2  0.2		4.1705503158		-1.0
	13585.00000001	3.30423		-2.61121  0.2  0.2		4.1705503158		-1.0
	13615.00000001	3.1968		-2.68359  0.2  0.2		4.1705503158		-1.0
	13645.00000001	3.32238		-2.71774  0.2  0.2		4.1705503158		-1.0
	13675.00000001	3.16468		-2.692  0.2  0.2		4.1705503158		-1.0
	13705.00000001	3.42285		-2.66246  0.2  0.2		4.1705503158		-1.0
	13735.00000001	3.35637		-2.81201  0.2  0.2		4.1705503158		-1.0
	13765.00000001	3.37144		-2.73166  0.2  0.2		4.1705503158		-1.0
	13795.00000001	2.77622		-2.65172  0.2  0.2		4.1705503158		-1.0
	13825.00000001	2.65622		-2.58636  0.2  0.2		4.1705503158		-1.0
	13855.00000001	2.77595		-2.66141  0.2  0.2		4.1705503158		-1.0
	13885.00000001	2.79929		-2.64033  0.2  0.2		4.1705503158		-1.0
	13915.00000001	2.80446		-2.67727  0.2  0.2		4.1705503158		-1.0
	13945.00000001	2.80811		-2.61923  0.2  0.2		4.1705503158		-1.0
	13975.00000001	3.47846		-2.51974  0.2  0.2		4.1705503158		-1.0
	14005.00000001	3.12006		-2.38683  0.2  0.2		4.1705503158		-1.0
	14035.00000001	3.4366		-2.47915  0.2  0.2		4.1705503158		-1.0
	14065.00000001	3.00578		-2.51894  0.2  0.2		4.1705503158		-1.0
	14095.00000001	2.68266		-2.60729  0.2  0.2		4.1705503158		-1.0
	14125.00000001	2.62237		-2.85162  0.2  0.2		4.1705503158		-1.0
	14155.00000001	2.96951		-2.90738  0.2  0.2		4.1705503158		-1.0
	14185.00000001	2.84631		-3.03764  0.2  0.2		4.1705503158		-1.0
	14215.00000001	2.66127		-2.97683  0.2  0.2		4.1705503158		-1.0
	14245.00000000	2.68469		-3.10211  0.2  0.2		4.1705503158		-1.0
	14275.00000000	2.69607		-3.01732  0.2  0.2		4.1705503158		-1.0
	14305.00000000	2.6731		-2.99197  0.2  0.2		4.1705503158		-1.0
	14335.00000000	2.60009		3.01599  0.2  0.2		4.1705503158		-1.0
	14365.00000000	2.73465		2.84601  0.2  0.2		4.1705503158		-1.0
	14395.00000000	2.84057		2.89171  0.2  0.2		4.1705503158		-1.0
	14425.00000000	3.47826		2.97995  0.2  0.2		4.1705503158		-1.0
	14455.00000000	3.24095		3.00452  0.2  0.2		4.1705503158		-1.0
	14485.00000000	3.56024		2.93176  0.2  0.2		4.1705503158		-1.0
	14515.00000000	3.42958		2.81795  0.2  0.2		4.1705503158		-1.0
	14545.00000000	3.25977		2.82418  0.2  0.2		4.1705503158		-1.0
	14575.00000000	3.62485		2.71236  0.2  0.2		4.1705503158		-1.0
	14605.00000000	3.14524		2.68926  0.2  0.2		4.1705503158		-1.0
	14635.00000000	3.59047		2.61152  0.2  0.2		4.1705503158		-1.0
	14665.00000000	3.32649		2.5139  0.2  0.2		4.1705503158		-1.0
	14695.00000000	3.46335		2.57457  0.2  0.2		4.1705503158		-1.0
	14725.00000000	3.08139		2.55165  0.2  0.2		4.1705503158		-1.0
	14755.00000000	3.50131		2.36527  0.2  0.2		4.1705503158		-1.0
	14785.00000000	3.2833		2.40395  0.2  0.2		4.1705503158		-1.0
	14815.00000000	3.283		2.192  0.2  0.2		4.1705503158		-1.0
	14845.00000000	3.43845		2.04163  0.2  0.2		4.1705503158		-1.0
	14875.00000000	3.08402		2.25391  0.2  0.2		4.1705503158		-1.0
	14905.00000000	2.76277		2.25466  0.2  0.2		4.1705503158		-1.0
	14935.00000000	2.819		2.24888  0.2  0.2		4.1705503158		-1.0
	14965.00000000	2.81111		2.09594  0.2  0.2		4.1705503158		-1.0
	14995.00000000	2.74591		1.94911  0.2  0.2		4.1705503158		-1.0
	15025.00000000	3.28142		2.04932  0.2  0.2		4.1705503158		-1.0
	15055.00000000	3.3572		2.10628  0.2  0.2		4.1705503158		-1.0
	15085.00000000	3.40143		1.9714  0.2  0.2		4.1705503158		-1.0
	15115.00000000	3.26765		1.89146  0.2  0.2		4.1705503158		-1.0
	15145.00000000	3.37503		1.73584  0.2  0.2		4.1705503158		-1.0
	15175.00000000	3.31581		1.77271  0.2  0.2		4.1705503158		-1.0
	15205.00000000	3.43088		1.93316  0.2  0.2		4.1705503158		-1.0
	15235.00000000	3.21506		2.01161  0.2  0.2		4.1705503158		-1.0
	15265.00000000	2.80125		1.89361  0.2  0.2		4.1705503158		-1.0
	15295.00000000	2.80143		1.88825  0.2  0.2		4.1705503158		-1.0
	15325.00000000	2.72435		2.04449  0.2  0.2		4.1705503158		-1.0
	15355.00000000	2.70545		2.2671  0.2  0.2		4.1705503158		-1.0
	15385.00000000	3.11114		2.3325  0.2  0.2		4.1705503158		-1.0
	15415.00000000	3.79297		2.30122  0.2  0.2		4.1705503158		-1.0
	15445.00000000	3.26648		2.12933  0.2  0.2		4.1705503158		-1.0
	15475.00000000	3.01765		1.89196  0.2  0.2		4.1705503158		-1.0
	15505.00000000	3.46451		2.06483  0.2  0.2		4.1705503158		-1.0
	15535.00000000	3.54384		2.13653  0.2  0.2		4.1705503158		-1.0
	15565.00000000	3.30118		2.17679  0.2  0.2		4.1705503158		-1.0
	15595.00000000	3.75438		2.09593  0.2  0.2		4.1705503158		-1.0
	15625.00000000	3.61573		1.97914  0.2  0.2		4.1705503158		-1.0
	15655.00000000	3.35519		1.69176  0.2  0.2		4.1705503158		-1.0
	15685.00000000	3.4654		1.47668  0.2  0.2		4.1705503158		-1.0
	15715.00000000	3.26681		1.67864  0.2  0.2		4.1705503158		-1.0
	15745.00000000	3.88157		1.64128  0.2  0.2		4.1705503158		-1.0
	15775.00000000	3.27429		1.66044  0.2  0.2		4.1705503158		-1.0
	15805.00000000	3.09094		1.44934  0.2  0.2		4.1705503158		-1.0
	15835.00000000	3.78578		1.4145  0.2  0.2		4.1705503158		-1.0
	15865.00000000	3.00502		1.52581  0.2  0.2		4.1705503158		-1.0
	15895.00000000	2.75259		1.77686  0.2  0.2		4.1705503158		-1.0
	15925.00000000	2.5896		1.64001  0.2  0.2		4.1705503158		-1.0
	15955.00000000	2.60077		1.40533  0.2  0.2		4.1705503158		-1.0
	15985.00000000	2.69458		1.53363  0.2  0.2		4.1705503158		-1.0
	16015.00000000	3.04896		1.50236  0.2  0.2		4.1705503158		-1.0
	16045.00000000	3.57962		1.53959  0.2  0.2		4.1705503158		-1.0
	16075.00000000	3.63883		1.71484  0.2  0.2		4.1705503158		-1.0
	16105.00000000	3.45844		1.59292  0.2  0.2		4.1705503158		-1.0
	16135.00000000	3.35195		1.24622  0.2  0.2		4.1705503158		-1.0
	16165.00000000	3.12915		0.98143  0.2  0.2		4.1705503158		-1.0
	16195.00000000	3.51669		1.1268  0.2  0.2		4.1705503158		-1.0
	16225.00000000	3.65574		1.19516  0.2  0.2		4.1705503158		-1.0
	16255.00000000	3.53723		1.26699  0.2  0.2		4.1705503158		-1.0
	16285.00000000	3.20576		1.47681  0.2  0.2		4.1705503158		-1.0
	16315.00000000	2.58211		1.52381  0.2  0.2		4.1705503158		-1.0
	16345.00000000	2.81418		1.57131  0.2  0.2		4.1705503158		-1.0
	16375.00000000	2.67956		1.7421  0.2  0.2		4.1705503158		-1.0
	16405.00000000	2.67984		1.96993  0.2  0.2		4.1705503158		-1.0
	16435.00000000	2.75008		2.1041  0.2  0.2		4.1705503158		-1.0
	16465.00000000	2.76498		2.1852  0.2  0.2		4.1705503158		-1.0
	16495.00000000	2.70083		2.37944  0.2  0.2		4.1705503158		-1.0
	16525.00000000	2.6881		2.50256  0.2  0.2		4.1705503158		-1.0
	16555.00000000	2.7974		2.45012  0.2  0.2		4.1705503158		-1.0
	16585.00000000	2.72546		2.48517  0.2  0.2		4.1705503158		-1.0
	16615.00000000	2.67673		2.65977  0.2  0.2		4.1705503158		-1.0
	16645.00000000	2.73562		2.79455  0.2  0.2		4.1705503158		-1.0
	16675.00000000	2.65519		3.01201  0.2  0.2		4.1705503158		-1.0
	16705.00000000	2.69801		3.0304  0.2  0.2		4.1705503158		-1.0
	16735.00000000	2.63498		2.94938  0.2  0.2		4.1705503158		-1.0
	16765.00000000	2.67431		2.91431  0.2  0.2		4.1705503158		-1.0
	16795.00000000	2.78338		2.89003  0.2  0.2		4.1705503158		-1.0
	16825.00000000	2.72665		2.58261  0.2  0.2		4.1705503158		-1.0
	16855.00000000	3.11308		2.46541  0.2  0.2		4.1705503158		-1.0
	16885.00000000	3.45942		2.55402  0.2  0.2		4.1705503158		-1.0
	16915.00000000	3.32442		2.87536  0.2  0.2		4.1705503158		-1.0
	16945.00000000	3.57012		3.1225  0.2  0.2		4.1705503158		-1.0
	16975.00000000	3.24777		-2.9483  0.2  0.2		4.1705503158		-1.0
	17005.00000000	3.75633		-3.01127  0.2  0.2		4.1705503158		-1.0
	17035.00000000	3.23672		-2.8208  0.2  0.2		4.1705503158		-1.0
	17065.00000000	3.62344		-2.8046  0.2  0.2		4.1705503158		-1.0
	17095.00000000	3.16594		-2.84396  0.2  0.2		4.1705503158		-1.0
	17125.00000000	2.77799		-2.86417  0.2  0.2		4.1705503158		-1.0
	17155.00000000	3.01264		-2.80924  0.2  0.2		4.1705503158		-1.0
	17185.00000000	2.79807		-2.73722  0.2  0.2		4.1705503158		-1.0
	17215.00000000	2.90484		-2.61077  0.2  0.2		4.1705503158		-1.0
	17245.00000000	3.5958		-2.36095  0.2  0.2		4.1705503158		-1.0
	17275.00000000	2.86993		-2.30896  0.2  0.2		4.1705503158		-1.0
	17305.00000000	3.15137		-2.2742  0.2  0.2		4.1705503158		-1.0
	17335.00000000	3.31792		-2.34397  0.2  0.2		4.1705503158		-1.0
	17365.00000000	2.96821		-2.42569  0.2  0.2		4.1705503158		-1.0
	17395.00000000	3.05829		-2.23568  0.2  0.2		4.1705503158		-1.0
	17425.00000000	2.60748		-2.0685  0.2  0.2		4.1705503158		-1.0
	17455.00000000	2.95836		-1.97098  0.2  0.2		4.1705503158		-1.0
	17485.00000000	3.20641		-1.87718  0.2  0.2		4.1705503158		-1.0
	17515.00000000	3.40623		-1.87706  0.2  0.2		4.1705503158		-1.0
	17545.00000000	3.54365		-1.90109  0.2  0.2		4.1705503158		-1.0
	17575.00000000	3.52599		-1.91624  0.2  0.2		4.1705503158		-1.0
	17605.00000000	3.50961		-1.93274  0.2  0.2		4.1705503158		-1.0
	17635.00000000	3.60224		-2.17019  0.2  0.2		4.1705503158		-1.0
	17665.00000000	3.32518		-2.36329  0.2  0.2		4.1705503158		-1.0
	17695.00000000	3.55483		-2.53591  0.2  0.2		4.1705503158		-1.0
	17725.00000000	3.56258		-2.29096  0.2  0.2		4.1705503158		-1.0
	17755.00000000	3.73599		-2.13385  0.2  0.2		4.1705503158		-1.0
	17785.00000000	3.50045		-2.11252  0.2  0.2		4.1705503158		-1.0
	17815.00000000	2.75162		-2.12549  0.2  0.2		4.1705503158		-1.0
	17845.00000000	2.78913		-2.22828  0.2  0.2		4.1705503158		-1.0
	17875.00000000	2.81221		-2.28977  0.2  0.2		4.1705503158		-1.0
	17905.00000000	2.92709		-2.11751  0.2  0.2		4.1705503158		-1.0
	17935.00000000	3.14556		-2.07103  0.2  0.2		4.1705503158		-1.0
	17965.00000000	2.60794		-2.18785  0.2  0.2		4.1705503158		-1.0
	17995.00000000	2.74298		-2.07121  0.2  0.2		4.1705503158		-1.0
	18025.00000000	3.14541		-1.91225  0.2  0.2		4.1705503158		-1.0
	18055.00000000	3.48245		-1.87019  0.2  0.2		4.1705503158		-1.0
	18085.00000000	3.56745		-1.91668  0.2  0.2		4.1705503158		-1.0
	18115.00000000	3.42772		-1.93066  0.2  0.2		4.1705503158		-1.0
	18145.00000000	3.76801		-1.69909  0.2  0.2		4.1705503158		-1.0
	18175.00000000	3.3581		-1.49313  0.2  0.2		4.1705503158		-1.0
	18205.00000000	3.70164		-1.53275  0.2  0.2		4.1705503158		-1.0
	18235.00000000	3.65536		-1.55069  0.2  0.2		4.1705503158		-1.0
	18265.00000000	3.13042		-1.49434  0.2  0.2		4.1705503158		-1.0
	18295.00000000	2.78601		-1.49495  0.2  0.2		4.1705503158		-1.0
	18325.00000000	2.99124		-1.5767  0.2  0.2		4.1705503158		-1.0
	18355.00000000	2.77018		-1.53996  0.2  0.2		4.1705503158		-1.0
	18385.00000000	2.85361		-1.23313  0.2  0.2		4.1705503158		-1.0
	18415.00000000	2.55089		-1.13562  0.2  0.2		4.1705503158		-1.0
	18445.00000000	2.73673		-1.38453  0.2  0.2		4.1705503158		-1.0
	18475.00000000	2.89928		-1.73587  0.2  0.2		4.1705503158		-1.0
	18505.00000000	3.05098		-1.75943  0.2  0.2		4.1705503158		-1.0
	18535.00000000	2.67097		-1.72183  0.2  0.2		4.1705503158		-1.0
	18565.00000000	2.6988		-1.75081  0.2  0.2		4.1705503158		-1.0
	18595.00000000	2.67432		-2.02163  0.2  0.2		4.1705503158		-1.0
	18625.00000000	2.69051		-2.01721  0.2  0.2		4.1705503158		-1.0
	18655.00000000	2.73686		-2.03955  0.2  0.2		4.1705503158		-1.0
	18685.00000000	2.61841		-2.22172  0.2  0.2		4.1705503158		-1.0
	18715.00000000	2.6065		-2.35099  0.2  0.2		4.1705503158		-1.0
	18745.00000000	2.65808		-2.41286  0.2  0.2		4.1705503158		-1.0
	18775.00000000	2.60858		-2.59094  0.2  0.2		4.1705503158		-1.0
	18805.00000000	2.61751		-2.42265  0.2  0.2		4.1705503158		-1.0
	18835.00000000	2.74065		-2.24118  0.2  0.2		4.1705503158		-1.0
	18865.00000000	3.10129		-2.30507  0.2  0.2		4.1705503158		-1.0
	18895.00000000	3.92758		-2.41189  0.2  0.2		4.1705503158		-1.0
	18925.00000000	3.40097		-2.35203  0.2  0.2		4.1705503158		-1.0
	18955.00000000	3.46952		-2.53424  0.2  0.2		4.1705503158		-1.0
	18985.00000000	3.62906		-2.64879  0.2  0.2		4.1705503158		-1.0
	19015.00000000	3.55267		-2.60438  0.2  0.2		4.1705503158		-1.0
	19045.00000000	3.49633		-2.76505  0.2  0.2		4.1705503158		-1.0
	19075.00000000	3.83282		-2.68958  0.2  0.2		4.1705503158		-1.0
	19105.00000000	3.67917		-2.56493  0.2  0.2		4.1705503158		-1.0
	19135.00000000	3.1167		-2.59717  0.2  0.2		4.1705503158		-1.0
	19165.00000000	3.14409		-2.76051  0.2  0.2		4.1705503158		-1.0
	19195.00000000	3.61013		-2.8496  0.2  0.2		4.1705503158		-1.0
	19225.00000000	3.5049		-2.93489  0.2  0.2		4.1705503158		-1.0
	19255.00000000	3.62613		-2.94871  0.2  0.2		4.1705503158		-1.0
	19285.00000000	3.66862		-2.96765  0.2  0.2		4.1705503158		-1.0
	19315.00000000	3.44589		-2.841  0.2  0.2		4.1705503158		-1.0
	19345.00000000	3.06146		-2.70106  0.2  0.2		4.1705503158		-1.0
	19375.00000000	3.09376		-2.73108  0.2  0.2		4.1705503158		-1.0
	19405.00000000	3.44833		-2.49032  0.2  0.2		4.1705503158		-1.0
	19435.00000000	4.05011		-2.24312  0.2  0.2		4.1705503158		-1.0
	19465.00000000	3.85847		-2.25868  0.2  0.2		4.1705503158		-1.0
	19495.00000000	3.17712		-2.38542  0.2  0.2		4.1705503158		-1.0
	19525.00000000	3.15547		-2.4512  0.2  0.2		4.1705503158		-1.0
	19555.00000000	3.83222		-2.4274  0.2  0.2		4.1705503158		-1.0
	19585.00000000	4.31617		-2.50938  0.2  0.2		4.1705503158		-1.0
	19615.00000000	3.62129		-2.34719  0.2  0.2		4.1705503158		-1.0
	19645.00000000	3.95591		-2.07847  0.2  0.2		4.1705503158		-1.0
	19675.00000000	3.72404		-2.14362  0.2  0.2		4.1705503158		-1.0
	19705.00000000	3.81908		-2.34661  0.2  0.2		4.1705503158		-1.0
	19735.00000000	4.17737		-2.20948  0.2  0.2		4.1705503158		-1.0
	19765.00000000	4.42179		-2.11612  0.2  0.2		4.1705503158		-1.0
	19795.00000000	4.67105		-1.85884  0.2  0.2		4.1705503158		-1.0
	19825.00000000	4.85488		-1.85007  0.2  0.2		4.1705503158		-1.0
	19855.00000000	5.58923		-1.71172  0.2  0.2		4.1705503158		-1.0
	19885.00000000	6.47577		-1.89932  0.2  0.2		4.1705503158		-1.0
	19915.00000000	6.91367		-2.05823  0.2  0.2		4.1705503158		-1.0
	19945.00000000	7.45154		-2.01756  0.2  0.2		4.1705503158		-1.0
	19975.00000000	7.69214		-2.09014  0.2  0.2		4.1705503158		-1.0
	20005.00000000	7.94025		-2.06292  0.2  0.2		4.1705503158		-1.0
	20035.00000000	8.44267		-1.94319  0.2  0.2		4.1705503158		-1.0
	20065.00000000	8.05849		-1.85921  0.2  0.2		4.1705503158		-1.0
	20095.00000000	7.55198		-1.96989  0.2  0.2		4.1705503158		-1.0
	20125.00000000	6.98526		-2.09093  0.2  0.2		4.1705503158		-1.0
	20155.00000000	6.22302		-1.96298  0.2  0.2		4.1705503158		-1.0
	20185.00000000	5.65		-2.04553  0.2  0.2		4.1705503158		-1.0
	20215.00000000	5.52597		-2.1794  0.2  0.2		4.1705503158		-1.0
	20245.00000000	5.23801		-2.2459  0.2  0.2		4.1705503158		-1.0
	20275.00000000	5.01681		-2.32158  0.2  0.2		4.1705503158		-1.0
	20305.00000000	4.41686		-2.34561  0.2  0.2		4.1705503158		-1.0
	20335.00000000	5.12953		-2.61587  0.2  0.2		4.1705503158		-1.0
	20365.00000000	5.92142		-2.81369  0.2  0.2		4.1705503158		-1.0
	20395.00000000	6.39367		-2.74794  0.2  0.2		4.1705503158		-1.0
	20425.00000000	6.9004		-2.83175  0.2  0.2		4.1705503158		-1.0
	20455.00000000	7.3473		-2.84859  0.2  0.2		4.1705503158		-1.0
	20485.00000000	7.68082		-3.00667  0.2  0.2		4.1705503158		-1.0
	20515.00000000	8.24532		-3.13791  0.2  0.2		4.1705503158		-1.0
	20545.00000000	8.07137		3.07623  0.2  0.2		4.1705503158		-1.0
	20575.00000000	7.65206		-3.00649  0.2  0.2		4.1705503158		-1.0
	20605.00000000	6.81946		-2.87938  0.2  0.2		4.1705503158		-1.0
	20635.00000000	6.3631		-2.72123  0.2  0.2		4.1705503158		-1.0
	20665.00000000	6.25105		-2.44656  0.2  0.2		4.1705503158		-1.0
	20695.00000000	6.05328		-2.25021  0.2  0.2		4.1705503158		-1.0
	20724.99999999	6.27501		-2.35307  0.2  0.2		4.1705503158		-1.0
	20754.99999999	7.15407		-2.51869  0.2  0.2		4.1705503158		-1.0
	20784.99999999	7.93283		-2.72288  0.2  0.2		4.1705503158		-1.0
	20814.99999999	8.61475		-2.71139  0.2  0.2		4.1705503158		-1.0
	20844.99999999	9.24878		-2.83986  0.2  0.2		4.1705503158		-1.0
	20874.99999999	9.92709		-2.90452  0.2  0.2		4.1705503158		-1.0
	20904.99999999	10.01657		3.12869  0.2  0.2		4.1705503158		-1.0
	20934.99999999	9.84954		2.99053  0.2  0.2		4.1705503158		-1.0
	20964.99999999	9.33124		-3.06298  0.2  0.2		4.1705503158		-1.0
	20994.99999999	8.51207		-3.07819  0.2  0.2		4.1705503158		-1.0
	21024.99999999	8.32807		-2.96596  0.2  0.2		4.1705503158		-1.0
	21054.99999999	8.13818		-2.62397  0.2  0.2		4.1705503158		-1.0
	21084.99999999	7.7956		-2.3744  0.2  0.2		4.1705503158		-1.0
	21114.99999999	6.95717		-2.19049  0.2  0.2		4.1705503158		-1.0
	21144.99999999	6.78142		-2.60905  0.2  0.2		4.1705503158		-1.0
	21174.99999999	6.86059		-2.69458  0.2  0.2		4.1705503158		-1.0
	21204.99999999	7.35393		-2.88455  0.2  0.2		4.1705503158		-1.0
	21234.99999999	8.01767		-2.97987  0.2  0.2		4.1705503158		-1.0
	21264.99999999	8.56578		-2.92078  0.2  0.2		4.1705503158		-1.0
	21294.99999999	9.28553		-2.9926  0.2  0.2		4.1705503158		-1.0
	21324.99999999	9.83387		-3.10951  0.2  0.2		4.1705503158		-1.0
	21354.99999999	10.37332		-3.10364  0.2  0.2		4.1705503158		-1.0
	21384.99999999	11.05951		-3.08039  0.2  0.2		4.1705503158		-1.0
	21414.99999999	11.6545		2.94631  0.2  0.2		4.1705503158		-1.0
	21444.99999999	11.4703		2.66625  0.2  0.2		4.1705503158		-1.0
	21474.99999999	11.2203		2.6851  0.2  0.2		4.1705503158		-1.0
	21504.99999999	10.77687		2.94283  0.2  0.2		4.1705503158		-1.0
	21534.99999999	10.35432		-2.91397  0.2  0.2		4.1705503158		-1.0
	21564.99999999	10.15862		-2.47599  0.2  0.2		4.1705503158		-1.0
	21594.99999999	10.46473		-2.43854  0.2  0.2		4.1705503158		-1.0
	21624.99999999	10.7018		-2.14291  0.2  0.2		4.1705503158		-1.0
	21654.99999999	11.32241		-2.08987  0.2  0.2		4.1705503158		-1.0
	21684.99999999	12.07374		-2.24086  0.2  0.2		4.1705503158		-1.0
	21714.99999999	11.92211		-2.41198  0.2  0.2		4.1705503158		-1.0
	21744.99999999	11.60471		-2.28007  0.2  0.2		4.1705503158		-1.0
	21774.99999999	10.94021		-2.64277  0.2  0.2		4.1705503158		-1.0
	21804.99999999	10.39811		-3.06118  0.2  0.2		4.1705503158		-1.0
	21834.99999999	10.14627		-2.82172  0.2  0.2		4.1705503158		-1.0
	21864.99999999	10.31238		-2.46959  0.2  0.2		4.1705503158		-1.0
	21894.99999999	9.93243		-2.36696  0.2  0.2		4.1705503158		-1.0
	21924.99999999	9.48346		-2.09542  0.2  0.2		4.1705503158		-1.0
	21954.99999999	9.46242		-1.43618  0.2  0.2		4.1705503158		-1.0
	21984.99999999	9.44987		-1.46538  0.2  0.2		4.1705503158		-1.0
	22014.99999999	8.96676		-1.65145  0.2  0.2		4.1705503158		-1.0
	22044.99999999	8.34326		-1.88823  0.2  0.2		4.1705503158		-1.0
	22074.99999999	7.76112		-1.97415  0.2  0.2		4.1705503158		-1.0
	22104.99999999	7.69509		-1.47697  0.2  0.2		4.1705503158		-1.0
	22134.99999999	7.84446		-1.25862  0.2  0.2		4.1705503158		-1.0
	22164.99999999	8.36766		-1.09987  0.2  0.2		4.1705503158		-1.0
	22194.99999999	9.14151		-0.99579  0.2  0.2		4.1705503158		-1.0
	22224.99999999	9.58086		-0.85235  0.2  0.2		4.1705503158		-1.0
	22254.99999999	10.25598		-0.69929  0.2  0.2		4.1705503158		-1.0
	22284.99999999	10.86143		-0.89333  0.2  0.2		4.1705503158		-1.0
	22314.99999999	11.27182		-1.00167  0.2  0.2		4.1705503158		-1.0
	22344.99999999	11.40908		-1.25499  0.2  0.2		4.1705503158		-1.0
	22374.99999999	11.31954		-1.61405  0.2  0.2		4.1705503158		-1.0
	22404.99999999	11.26403		-1.95672  0.2  0.2		4.1705503158		-1.0
	22434.99999999	10.95486		-1.91496  0.2  0.2		4.1705503158		-1.0
	22464.99999999	10.91725		-1.88125  0.2  0.2		4.1705503158		-1.0
	22494.99999999	10.17222		-1.96338  0.2  0.2		4.1705503158		-1.0
	22524.99999999	9.39673		-1.73022  0.2  0.2		4.1705503158		-1.0
	22554.99999999	9.03657		-1.87797  0.2  0.2		4.1705503158		-1.0
	22584.99999999	8.54091		-2.22104  0.2  0.2		4.1705503158		-1.0
	22614.99999999	8.55619		-2.55058  0.2  0.2		4.1705503158		-1.0
	22644.99999999	9.21913		-2.58434  0.2  0.2		4.1705503158		-1.0
	22674.99999999	9.50617		-2.35068  0.2  0.2		4.1705503158		-1.0
	22704.99999999	9.5844		-2.60394  0.2  0.2		4.1705503158		-1.0
	22734.99999999	9.77528		-2.70379  0.2  0.2		4.1705503158		-1.0
	22764.99999999	9.65926		-2.70414  0.2  0.2		4.1705503158		-1.0
	22794.99999999	9.63209		-3.01236  0.2  0.2		4.1705503158		-1.0
	22824.99999999	9.55879		3.10279  0.2  0.2		4.1705503158		-1.0
	22854.99999999	8.9605		2.80551  0.2  0.2		4.1705503158		-1.0
	22884.99999999	8.70608		2.84956  0.2  0.2		4.1705503158		-1.0
	22914.99999999	8.95365		3.07477  0.2  0.2		4.1705503158		-1.0
	22944.99999999	8.67005		-3.127  0.2  0.2		4.1705503158		-1.0
	22974.99999999	8.42484		2.81365  0.2  0.2		4.1705503158		-1.0
	23004.99999999	7.9115		2.53962  0.2  0.2		4.1705503158		-1.0
	23034.99999999	7.31971		2.89605  0.2  0.2		4.1705503158		-1.0
	23064.99999999	6.89823		2.79022  0.2  0.2		4.1705503158		-1.0
	23094.99999999	6.76757		2.15237  0.2  0.2		4.1705503158		-1.0
	23124.99999999	6.41425		1.7297  0.2  0.2		4.1705503158		-1.0
	23154.99999999	5.90712		1.89452  0.2  0.2		4.1705503158		-1.0
	23184.99999999	5.40941		1.11523  0.2  0.2		4.1705503158		-1.0
	23214.99999999	5.33913		1.44755  0.2  0.2		4.1705503158		-1.0
	23244.99999999	5.45458		2.12081  0.2  0.2		4.1705503158		-1.0
	23274.99999999	6.16526		2.61294  0.2  0.2		4.1705503158		-1.0
	23304.99999999	6.94275		2.47157  0.2  0.2		4.1705503158		-1.0
	23334.99999999	6.96891		2.83369  0.2  0.2		4.1705503158		-1.0
	23364.99999999	7.18048		3.02245  0.2  0.2		4.1705503158		-1.0
	23394.99999999	7.47693		2.61347  0.2  0.2		4.1705503158		-1.0
	23424.99999999	7.45159		2.04335  0.2  0.2		4.1705503158		-1.0
	23454.99999999	7.38593		1.20168  0.2  0.2		4.1705503158		-1.0
	23484.99999999	7.06387		1.04943  0.2  0.2		4.1705503158		-1.0
	23514.99999999	6.97874		-0.53315  0.2  0.2		4.1705503158		-1.0
	23544.99999999	6.63446		-1.18246  0.2  0.2		4.1705503158		-1.0
	23574.99999999	6.45253		-1.10345  0.2  0.2		4.1705503158		-1.0
	23604.99999999	5.8052		-0.67087  0.2  0.2		4.1705503158		-1.0
	23634.99999999	5.57521		-1.02706  0.2  0.2		4.1705503158		-1.0
	23664.99999999	5.84528		-1.81717  0.2  0.2		4.1705503158		-1.0
	23694.99999999	6.29759		-1.09705  0.2  0.2		4.1705503158		-1.0
	23724.99999999	5.82802		-0.99746  0.2  0.2		4.1705503158		-1.0
	23754.99999999	5.50622		-0.62043  0.2  0.2		4.1705503158		-1.0
	23784.99999999	5.41389		-0.19502  0.2  0.2		4.1705503158		-1.0
	23814.99999999	5.50324		0.34035  0.2  0.2		4.1705503158		-1.0
	23844.99999999	5.78132		0.85824  0.2  0.2		4.1705503158		-1.0
	23874.99999999	6.78886		0.91392  0.2  0.2		4.1705503158		-1.0
	23904.99999999	6.87689		0.83226  0.2  0.2		4.1705503158		-1.0
	23934.99999999	7.1053		0.58209  0.2  0.2		4.1705503158		-1.0
	23964.99999999	7.8701		0.16891  0.2  0.2		4.1705503158		-1.0
	23994.99999999	8.76067		0.11247  0.2  0.2		4.1705503158		-1.0
	24024.99999999	9.35818		-0.05444  0.2  0.2		4.1705503158		-1.0
	24054.99999999	9.98633		0.06672  0.2  0.2		4.1705503158		-1.0
	24084.99999999	10.15317		0.12553  0.2  0.2		4.1705503158		-1.0
	24114.99999999	10.498		0.44617  0.2  0.2		4.1705503158		-1.0
	24144.99999999	10.82046		0.81293  0.2  0.2		4.1705503158		-1.0
	24174.99999999	11.08165		1.27247  0.2  0.2		4.1705503158		-1.0
	24204.99999999	10.78626		1.44421  0.2  0.2		4.1705503158		-1.0
	24234.99999999	10.31388		1.49888  0.2  0.2		4.1705503158		-1.0
	24264.99999999	10.23314		1.31252  0.2  0.2		4.1705503158		-1.0
	24294.99999999	9.9055		0.89939  0.2  0.2		4.1705503158		-1.0
	24324.99999999	9.62413		0.54875  0.2  0.2		4.1705503158		-1.0
	24354.99999999	9.4845		0.5695  0.2  0.2		4.1705503158		-1.0
	24384.99999999	8.72776		0.5251  0.2  0.2		4.1705503158		-1.0
	24414.99999999	8.47044		1.02128  0.2  0.2		4.1705503158		-1.0
	24444.99999999	8.21645		1.31182  0.2  0.2		4.1705503158		-1.0
	24474.99999999	7.70568		2.06501  0.2  0.2		4.1705503158		-1.0
	24504.99999999	7.47998		2.02033  0.2  0.2		4.1705503158		-1.0
	24534.99999999	7.03433		1.80316  0.2  0.2		4.1705503158		-1.0
	24564.99999999	6.79351		1.51316  0.2  0.2		4.1705503158		-1.0
	24594.99999999	6.41693		0.73511  0.2  0.2		4.1705503158		-1.0
	24624.99999999	6.2782		0.4389  0.2  0.2		4.1705503158		-1.0
	24654.99999999	6.19089		-0.18925  0.2  0.2		4.1705503158		-1.0
	24684.99999999	6.62376		-0.45967  0.2  0.2		4.1705503158		-1.0
	24714.99999999	7.11014		-0.43014  0.2  0.2		4.1705503158		-1.0
	24744.99999999	7.73119		-0.35451  0.2  0.2		4.1705503158		-1.0
	24774.99999999	7.78971		-0.33559  0.2  0.2		4.1705503158		-1.0
	24804.99999999	8.67246		-0.46702  0.2  0.2		4.1705503158		-1.0
	24834.99999999	9.21591		-0.31473  0.2  0.2		4.1705503158		-1.0
	24864.99999999	9.75605		-0.3948  0.2  0.2		4.1705503158		-1.0
	24894.99999999	9.5904		-0.49324  0.2  0.2		4.1705503158		-1.0
	24924.99999999	9.13084		-0.42304  0.2  0.2		4.1705503158		-1.0
	24954.99999999	8.66555		-0.32195  0.2  0.2		4.1705503158		-1.0
	24984.99999999	8.3127		-0.21128  0.2  0.2		4.1705503158		-1.0
	25014.99999999	7.66326		-0.13554  0.2  0.2		4.1705503158		-1.0
	25044.99999999	7.47301		0.48117  0.2  0.2		4.1705503158		-1.0
	25074.99999999	7.44335		1.11742  0.2  0.2		4.1705503158		-1.0
	25104.99999999	7.87075		1.0214  0.2  0.2		4.1705503158		-1.0
	25134.99999999	8.03017		0.69674  0.2  0.2		4.1705503158		-1.0
	25164.99999999	8.17326		0.0777  0.2  0.2		4.1705503158		-1.0
	25194.99999999	8.47118		-0.64661  0.2  0.2		4.1705503158		-1.0
	25224.99999999	8.23485		-0.96901  0.2  0.2		4.1705503158		-1.0
	25254.99999999	8.38083		-1.24056  0.2  0.2		4.1705503158		-1.0
	25284.99999999	8.36722		-1.33982  0.2  0.2		4.1705503158		-1.0
	25314.99999999	8.76154		-1.28996  0.2  0.2		4.1705503158		-1.0
	25344.99999999	9.30251		-1.21025  0.2  0.2		4.1705503158		-1.0
	25374.99999999	9.76808		-1.12265  0.2  0.2		4.1705503158		-1.0
	25404.99999999	10.18388		-1.30349  0.2  0.2		4.1705503158		-1.0
	25434.99999999	10.37638		-1.339  0.2  0.2		4.1705503158		-1.0
	25464.99999999	10.23112		-1.04827  0.2  0.2		4.1705503158		-1.0
	25494.99999999	9.77652		-0.96567  0.2  0.2		4.1705503158		-1.0
	25524.99999999	9.51148		-0.83708  0.2  0.2		4.1705503158		-1.0
	25554.99999999	8.79172		-0.79485  0.2  0.2		4.1705503158		-1.0
	25584.99999999	8.47505		-0.98426  0.2  0.2		4.1705503158		-1.0
	25614.99999999	8.08942		-1.16643  0.2  0.2		4.1705503158		-1.0
	25644.99999999	7.75667		-0.79702  0.2  0.2		4.1705503158		-1.0
	25674.99999999	7.26365		-0.90506  0.2  0.2		4.1705503158		-1.0
	25704.99999999	6.97089		-0.91439  0.2  0.2		4.1705503158		-1.0
	25734.99999999	6.60888		-0.74204  0.2  0.2		4.1705503158		-1.0
	25764.99999999	5.87694		-0.25083  0.2  0.2		4.1705503158		-1.0
	25794.99999999	5.4658		0.14343  0.2  0.2		4.1705503158		-1.0
	25824.99999999	4.93242		-0.09915  0.2  0.2		4.1705503158		-1.0
	25854.99999999	5.27933		-0.18125  0.2  0.2		4.1705503158		-1.0
	25884.99999999	5.78756		-0.02108  0.2  0.2		4.1705503158		-1.0
	25914.99999999	6.43482		0.1682  0.2  0.2		4.1705503158		-1.0
	25944.99999999	7.03645		0.18331  0.2  0.2		4.1705503158		-1.0
	25974.99999999	7.58054		0.15929  0.2  0.2		4.1705503158		-1.0
	26004.99999999	8.3237		0.19048  0.2  0.2		4.1705503158		-1.0
	26034.99999999	9.28034		0.2644  0.2  0.2		4.1705503158		-1.0
	26064.99999999	9.74603		0.16388  0.2  0.2		4.1705503158		-1.0
	26094.99999999	9.77694		0.16344  0.2  0.2		4.1705503158		-1.0
	26124.99999999	9.57413		0.05151  0.2  0.2		4.1705503158		-1.0
	26154.99999999	8.78124		-0.091  0.2  0.2		4.1705503158		-1.0
	26184.99999999	8.11691		-0.23302  0.2  0.2		4.1705503158		-1.0
	26214.99999999	7.81905		-0.6573  0.2  0.2		4.1705503158		-1.0
	26244.99999999	7.37339		-1.06733  0.2  0.2		4.1705503158		-1.0
	26274.99999999	7.31104		-0.80579  0.2  0.2		4.1705503158		-1.0
	26304.99999999	7.1617		-0.09041  0.2  0.2		4.1705503158		-1.0
	26334.99999999	7.46999		0.00864  0.2  0.2		4.1705503158		-1.0
	26364.99999999	7.75369		-0.30774  0.2  0.2		4.1705503158		-1.0
	26394.99999999	7.7765		-0.50668  0.2  0.2		4.1705503158		-1.0
	26424.99999999	8.03051		-0.95686  0.2  0.2		4.1705503158		-1.0
	26454.99999999	7.90781		-1.18897  0.2  0.2		4.1705503158		-1.0
	26484.99999999	7.71976		-1.61718  0.2  0.2		4.1705503158		-1.0
	26514.99999999	7.06708		-1.4622  0.2  0.2		4.1705503158		-1.0
	26544.99999999	6.64561		-1.31798  0.2  0.2		4.1705503158		-1.0
	26574.99999999	6.79592		-1.79893  0.2  0.2		4.1705503158		-1.0
	26604.99999999	7.02058		-1.48827  0.2  0.2		4.1705503158		-1.0
	26634.99999999	7.53899		-1.26479  0.2  0.2		4.1705503158		-1.0
	26664.99999999	7.43169		-1.44445  0.2  0.2		4.1705503158		-1.0
	26694.99999999	6.85613		-1.3128  0.2  0.2		4.1705503158		-1.0
	26724.99999999	6.22253		-1.53579  0.2  0.2		4.1705503158		-1.0
	26754.99999999	5.86397		-1.80936  0.2  0.2		4.1705503158		-1.0
	26784.99999999	5.94625		-1.85195  0.2  0.2		4.1705503158		-1.0
	26814.99999999	6.43896		-1.73148  0.2  0.2		4.1705503158		-1.0
	26844.99999999	7.29326		-1.78881  0.2  0.2		4.1705503158		-1.0
	26874.99999999	8.03901		-1.95737  0.2  0.2		4.1705503158		-1.0
	26904.99999999	9.00394		-2.07294  0.2  0.2		4.1705503158		-1.0
	26934.99999999	9.90141		-1.83924  0.2  0.2		4.1705503158		-1.0
	26964.99999999	10.28966		-1.84317  0.2  0.2		4.1705503158		-1.0
	26994.99999999	10.46991		-1.97401  0.2  0.2		4.1705503158		-1.0
	27024.99999999	10.3702		-1.9798  0.2  0.2		4.1705503158		-1.0
	27054.99999999	10.20396		-2.21245  0.2  0.2		4.1705503158		-1.0
	27084.99999999	9.56739		-2.16047  0.2  0.2		4.1705503158		-1.0
	27114.99999999	8.97235		-2.16561  0.2  0.2		4.1705503158		-1.0
	27144.99999999	8.22165		-2.21169  0.2  0.2		4.1705503158		-1.0
	27174.99999999	7.49387		-2.32064  0.2  0.2		4.1705503158		-1.0
	27204.99999999	6.6155		-2.22814  0.2  0.2		4.1705503158		-1.0
	27234.99999998	5.94135		-2.19629  0.2  0.2		4.1705503158		-1.0
	27264.99999998	5.66124		-2.23735  0.2  0.2		4.1705503158		-1.0
	27294.99999998	5.73713		-2.38656  0.2  0.2		4.1705503158		-1.0
	27324.99999998	6.18841		-2.38441  0.2  0.2		4.1705503158		-1.0
	27354.99999998	6.62041		-2.52536  0.2  0.2		4.1705503158		-1.0
	27384.99999998	7.22316		-2.63689  0.2  0.2		4.1705503158		-1.0
	27414.99999998	8.09549		-2.5524  0.2  0.2		4.1705503158		-1.0
	27444.99999998	8.60943		-2.32054  0.2  0.2		4.1705503158		-1.0
	27474.99999998	9.43771		-2.31044  0.2  0.2		4.1705503158		-1.0
	27504.99999998	9.98426		-2.2569  0.2  0.2		4.1705503158		-1.0
	27534.99999998	9.69735		-2.36634  0.2  0.2		4.1705503158		-1.0
	27564.99999998	9.03609		-2.47956  0.2  0.2		4.1705503158		-1.0
	27594.99999998	8.10742		-2.34955  0.2  0.2		4.1705503158		-1.0
	27624.99999998	7.47342		-2.37995  0.2  0.2		4.1705503158		-1.0
	27654.99999998	6.75574		-2.44326  0.2  0.2		4.1705503158		-1.0
	27684.99999998	6.93095		-2.4883  0.2  0.2		4.1705503158		-1.0
	27714.99999998	7.50304		-2.60817  0.2  0.2		4.1705503158		-1.0
	27744.99999998	7.80264		-2.6768  0.2  0.2		4.1705503158		-1.0
	27774.99999998	7.66557		-2.57731  0.2  0.2		4.1705503158		-1.0
