	30.00000000	2.91519		1.00745  0.2  0.2		4.1705503158		-1.0
	60.00000000	2.96635		1.17887  0.2  0.2		4.1705503158		-1.0
	90.00000000	2.94109		1.39322  0.2  0.2		4.1705503158		-1.0
	120.00000000	2.99985		1.33094  0.2  0.2		4.1705503158		-1.0
	150.00000000	2.88319		1.24019  0.2  0.2		4.1705503158		-1.0
	180.00000000	2.98891		1.2191  0.2  0.2		4.1705503158		-1.0
	210.00000000	2.96015		1.30208  0.2  0.2		4.1705503158		-1.0
	240.00000000	2.7218		1.23311  0.2  0.2		4.1705503158		-1.0
	270.00000000	3.29847		1.38892  0.2  0.2		4.1705503158		-1.0
	300.00000000	2.89077		1.56613  0.2  0.2		4.1705503158		-1.0
	330.00000000	2.92475		1.63712  0.2  0.2		4.1705503158		-1.0
	360.00000000	3.02481		1.71825  0.2  0.2		4.1705503158		-1.0
	390.00000000	3.08978		1.84393  0.2  0.2		4.1705503158		-1.0
	420.00000000	2.80281		1.95808  0.2  0.2		4.1705503158		-1.0
	450.00000000	2.9125		2.14688  0.2  0.2		4.1705503158		-1.0
	480.00000000	3.20364		2.15493  0.2  0.2		4.1705503158		-1.0
	510.00000000	2.99456		2.16474  0.2  0.2		4.1705503158		-1.0
	540.00000000	2.79894		2.01348  0.2  0.2		4.1705503158		-1.0
	570.00000000	3.12928		1.80166  0.2  0.2		4.1705503158		-1.0
	600.00000000	2.72796		1.66787  0.2  0.2		4.1705503158		-1.0
	630.00000000	2.88104		1.69326  0.2  0.2		4.1705503158		-1.0
	660.00000000	2.91464		1.6384  0.2  0.2		4.1705503158		-1.0
	690.00000000	2.95378		1.84064  0.2  0.2		4.1705503158		-1.0
	720.00000000	2.84139		2.00951  0.2  0.2		4.1705503158		-1.0
	750.00000000	2.91882		2.45871  0.2  0.2		4.1705503158		-1.0
	780.00000000	2.91395		2.70671  0.2  0.2		4.1705503158		-1.0
	810.00000000	2.95609		2.79195  0.2  0.2		4.1705503158		-1.0
	840.00000000	2.85428		2.85058  0.2  0.2		4.1705503158		-1.0
	870.00000000	2.87923		2.91453  0.2  0.2		4.1705503158		-1.0
	900.00000000	2.99855		2.95988  0.2  0.2		4.1705503158		-1.0
	930.00000000	2.87349		2.81382  0.2  0.2		4.1705503158		-1.0
	960.00000000	2.92805		2.49998  0.2  0.2		4.1705503158		-1.0
	990.00000000	2.86466		2.34067  0.2  0.2		4.1705503158		-1.0
	1020.00000000	3.04829		2.34272  0.2  0.2		4.1705503158		-1.0
	1050.00000000	2.91576		2.5804  0.2  0.2		4.1705503158		-1.0
	1080.00000000	2.79708		2.9392  0.2  0.2		4.1705503158		-1.0
	1110.00000000	2.87735		-2.91669  0.2  0.2		4.1705503158		-1.0
	1140.00000000	2.95824		-2.92541  0.2  0.2		4.1705503158		-1.0
	1170.00000000	3.00169		-2.7286  0.2  0.2		4.1705503158		-1.0
	1200.00000000	2.84796		-2.85564  0.2  0.2		4.1705503158		-1.0
	1230.00000000	2.84387		-3.09481  0.2  0.2		4.1705503158		-1.0
	1260.00000000	2.97238		-3.13654  0.2  0.2		4.1705503158		-1.0
	1290.00000000	2.83639		2.93302  0.2  0.2		4.1705503158		-1.0
	1320.00000000	3.17505		3.0511  0.2  0.2		4.1705503158		-1.0
	1350.00000000	3.09285		-3.08  0.2  0.2		4.1705503158		-1.0
	1380.00000000	2.73267		-3.04972  0.2  0.2		4.1705503158		-1.0
	1410.00000000	3.02803		-2.91984  0.2  0.2		4.1705503158		-1.0
	1440.00000000	2.79662		-2.66525  0.2  0.2		4.1705503158		-1.0
	1470.00000000	2.83755		-2.47847  0.2  0.2		4.1705503158		-1.0
	1500.00000000	2.90795		-2.40299  0.2  0.2		4.1705503158		-1.0
	1530.00000000	3.01481		-2.51424  0.2  0.2		4.1705503158		-1.0
	1560.00000000	2.9046		-2.64003  0.2  0.2		4.1705503158		-1.0
	1590.00000000	3.02671		-2.39727  0.2  0.2		4.1705503158		-1.0
	1620.00000000	2.98841		-2.05147  0.2  0.2		4.1705503158		-1.0
	1650.00000000	2.87087		-1.77643  0.2  0.2		4.1705503158		-1.0
	1680.00000000	2.74904		-1.67991  0.2  0.2		4.1705503158		-1.0
	1710.00000000	2.85278		-1.43597  0.2  0.2		4.1705503158		-1.0
	1740.00000000	2.96851		-1.20457  0.2  0.2		4.1705503158		-1.0
	1770.00000000	3.02423		-0.95048  0.2  0.2		4.1705503158		-1.0
	1800.00000000	2.98097		-0.86928  0.2  0.2		4.1705503158		-1.0
	1830.00000000	2.80786		-0.84938  0.2  0.2		4.1705503158		-1.0
	1860.00000000	2.82807		-0.75646  0.2  0.2		4.1705503158		-1.0
	1890.00000000	3.0023		-0.93346  0.2  0.2		4.1705503158		-1.0
	1920.00000000	3.00648		-1.30484  0.2  0.2		4.1705503158		-1.0
	1950.00000000	2.91513		-1.42703  0.2  0.2		4.1705503158		-1.0
	1980.00000000	2.91472		-1.0906  0.2  0.2		4.1705503158		-1.0
	2010.00000000	2.94871		-0.8767  0.2  0.2		4.1705503158		-1.0
	2040.00000000	2.82724		-0.54964  0.2  0.2		4.1705503158		-1.0
	2070.00000000	2.87453		-0.01075  0.2  0.2		4.1705503158		-1.0
	2100.00000000	3.05512		-0.17736  0.2  0.2		4.1705503158		-1.0
	2130.00000000	3.00726		-0.47921  0.2  0.2		4.1705503158		-1.0
	2160.00000000	2.80386		-0.41261  0.2  0.2		4.1705503158		-1.0
	2190.00000000	2.96265		-0.12389  0.2  0.2		4.1705503158		-1.0
	2220.00000000	2.89582		0.20866  0.2  0.2		4.1705503158		-1.0
	2250.00000000	2.93355		0.70503  0.2  0.2		4.1705503158		-1.0
	2280.00000000	2.95413		0.81275  0.2  0.2		4.1705503158		-1.0
	2310.00000000	3.02266		0.79224  0.2  0.2		4.1705503158		-1.0
	2340.00000000	2.80612		0.86561  0.2  0.2		4.1705503158		-1.0
	2370.00000000	2.87296		0.81745  0.2  0.2		4.1705503158		-1.0
	2400.00000000	3.00211		0.58177  0.2  0.2		4.1705503158		-1.0
	2430.00000000	2.98806		0.29559  0.2  0.2		4.1705503158		-1.0
	2460.00000000	2.8848		0.16445  0.2  0.2		4.1705503158		-1.0
	2490.00000000	2.94613		0.26903  0.2  0.2		4.1705503158		-1.0
	2520.00000000	2.91171		0.54075  0.2  0.2		4.1705503158		-1.0
	2550.00000000	3.03121		0.52114  0.2  0.2		4.1705503158		-1.0
	2580.00000000	2.85166		0.66404  0.2  0.2		4.1705503158		-1.0
	2610.00000000	2.84401		0.93263  0.2  0.2		4.1705503158		-1.0
	2640.00000000	2.74095		1.07299  0.2  0.2		4.1705503158		-1.0
	2670.00000000	3.02058		1.12131  0.2  0.2		4.1705503158		-1.0
	2700.00000000	2.69047		1.13434  0.2  0.2		4.1705503158		-1.0
	2730.00000000	2.92033		0.76741  0.2  0.2		4.1705503158		-1.0
	2760.00000000	2.82877		0.44862  0.2  0.2		4.1705503158		-1.0
	2790.00000000	3.01412		-0.07252  0.2  0.2		4.1705503158		-1.0
	2820.00000000	2.93086		-0.40464  0.2  0.2		4.1705503158		-1.0
	2850.00000000	3.17725		-0.56199  0.2  0.2		4.1705503158		-1.0
	2880.00000000	2.91307		-0.3546  0.2  0.2		4.1705503158		-1.0
	2910.00000000	3.0452		-0.449  0.2  0.2		4.1705503158		-1.0
	2940.00000000	3.12517		-0.87251  0.2  0.2		4.1705503158		-1.0
	2970.00000000	2.95644		-1.15953  0.2  0.2		4.1705503158		-1.0
	3000.00000000	2.98062		-1.06051  0.2  0.2		4.1705503158		-1.0
	3030.00000000	2.94287		-0.76268  0.2  0.2		4.1705503158		-1.0
	3060.00000000	3.22124		-0.67459  0.2  0.2		4.1705503158		-1.0
	3090.00000000	3.14659		-0.72254  0.2  0.2		4.1705503158		-1.0
	3120.00000000	2.73388		-0.77219  0.2  0.2		4.1705503158		-1.0
	3150.00000000	2.75689		-1.09934  0.2  0.2		4.1705503158		-1.0
	3180.00000000	3.09373		-1.3998  0.2  0.2		4.1705503158		-1.0
	3210.00000000	2.87482		-1.52109  0.2  0.2		4.1705503158		-1.0
	3240.00000000	3.0144		-1.5695  0.2  0.2		4.1705503158		-1.0
	3270.00000000	2.9566		-1.70884  0.2  0.2		4.1705503158		-1.0
	3300.00000000	2.99534		-1.69367  0.2  0.2		4.1705503158		-1.0
	3330.00000000	2.99637		-1.78487  0.2  0.2		4.1705503158		-1.0
	3360.00000000	2.90612		-2.0756  0.2  0.2		4.1705503158		-1.0
	3390.00000000	3.00337		-2.13795  0.2  0.2		4.1705503158		-1.0
	3420.00000000	2.96475		-2.16099  0.2  0.2		4.1705503158		-1.0
	3450.00000000	2.89721		-2.07896  0.2  0.2		4.1705503158		-1.0
	3480.00000000	2.92719		-2.00744  0.2  0.2		4.1705503158		-1.0
	3510.00000000	2.8383		-1.92768  0.2  0.2		4.1705503158		-1.0
	3540.00000000	3.15953		-1.72764  0.2  0.2		4.1705503158		-1.0
	3570.00000000	2.99918		-1.70159  0.2  0.2		4.1705503158		-1.0
	3600.00000000	2.90655		-1.61941  0.2  0.2		4.1705503158		-1.0
	3630.00000000	3.45699		-1.53278  0.2  0.2		4.1705503158		-1.0
	3660.00000000	2.90167		-1.48582  0.2  0.2		4.1705503158		-1.0
	3690.00000000	2.87715		-1.2617  0.2  0.2		4.1705503158		-1.0
	3720.00000000	2.96885		-1.21774  0.2  0.2		4.1705503158		-1.0
	3750.00000000	3.29027		-1.23536  0.2  0.2		4.1705503158		-1.0
	3780.00000000	3.30393		-1.21379  0.2  0.2		4.1705503158		-1.0
	3810.00000000	3.10926		-1.18282  0.2  0.2		4.1705503158		-1.0
	3840.00000000	2.76264		-1.26252  0.2  0.2		4.1705503158		-1.0
	3870.00000000	2.67444		-1.15311  0.2  0.2		4.1705503158		-1.0
	3900.00000000	2.77151		-0.81231  0.2  0.2		4.1705503158		-1.0
	3930.00000000	2.88897		-0.39258  0.2  0.2		4.1705503158		-1.0
	3960.00000000	2.83596		0.03415  0.2  0.2		4.1705503158		-1.0
	3990.00000000	3.04313		0.08701  0.2  0.2		4.1705503158		-1.0
	4020.00000000	2.93182		-0.11081  0.2  0.2		4.1705503158		-1.0
	4050.00000000	2.79227		-0.43712  0.2  0.2		4.1705503158		-1.0
	4080.00000000	3.22132		-0.7215  0.2  0.2		4.1705503158		-1.0
	4110.00000000	3.08214		-0.70488  0.2  0.2		4.1705503158		-1.0
	4140.00000000	2.92434		-0.49166  0.2  0.2		4.1705503158		-1.0
	4170.00000000	2.75198		-0.29909  0.2  0.2		4.1705503158		-1.0
	4200.00000000	2.77017		-0.16306  0.2  0.2		4.1705503158		-1.0
	4230.00000000	2.92175		-0.03574  0.2  0.2		4.1705503158		-1.0
	4260.00000000	3.31484		-0.24377  0.2  0.2		4.1705503158		-1.0
	4290.00000000	3.10912		-0.38979  0.2  0.2		4.1705503158		-1.0
	4320.00000000	3.18593		-0.36381  0.2  0.2		4.1705503158		-1.0
	4350.00000000	3.28724		-0.31648  0.2  0.2		4.1705503158		-1.0
	4380.00000000	3.10049		0.14382  0.2  0.2		4.1705503158		-1.0
	4410.00000000	3.02142		0.63824  0.2  0.2		4.1705503158		-1.0
	4440.00000000	2.79834		0.98648  0.2  0.2		4.1705503158		-1.0
	4470.00000000	3.17254		1.03736  0.2  0.2		4.1705503158		-1.0
	4500.00000000	2.74006		0.95423  0.2  0.2		4.1705503158		-1.0
	4530.00000000	2.89924		0.8032  0.2  0.2		4.1705503158		-1.0
	4560.00000000	3.12108		0.68684  0.2  0.2		4.1705503158		-1.0
	4590.00000000	3.2502		0.50323  0.2  0.2		4.1705503158		-1.0
	4620.00000000	3.04794		0.18655  0.2  0.2		4.1705503158		-1.0
	4650.00000000	3.25783		0.22079  0.2  0.2		4.1705503158		-1.0
	4680.00000000	2.85424		0.38537  0.2  0.2		4.1705503158		-1.0
	4710.00000000	3.14851		0.55195  0.2  0.2		4.1705503158		-1.0
	4740.00000000	2.66712		0.53812  0.2  0.2		4.1705503158		-1.0
	4770.00000000	2.78321		0.43872  0.2  0.2		4.1705503158		-1.0
	4800.00000000	3.19058		0.25707  0.2  0.2		4.1705503158		-1.0
	4830.00000000	2.92932		0.2289  0.2  0.2		4.1705503158		-1.0
	4860.00000000	2.80763		0.4982  0.2  0.2		4.1705503158		-1.0
	4890.00000000	2.69488		0.75496  0.2  0.2		4.1705503158		-1.0
	4920.00000000	2.73379		0.72337  0.2  0.2		4.1705503158		-1.0
	4950.00000000	2.81754		0.7005  0.2  0.2		4.1705503158		-1.0
	4980.00000000	3.27672		1.04445  0.2  0.2		4.1705503158		-1.0
	5010.00000000	3.01865		1.26171  0.2  0.2		4.1705503158		-1.0
	5040.00000000	3.14503		1.55178  0.2  0.2		4.1705503158		-1.0
	5070.00000000	2.82594		1.33155  0.2  0.2		4.1705503158		-1.0
	5100.00000000	2.72976		1.49922  0.2  0.2		4.1705503158		-1.0
	5130.00000000	2.75707		1.5611  0.2  0.2		4.1705503158		-1.0
	5160.00000000	2.80592		1.44993  0.2  0.2		4.1705503158		-1.0
	5190.00000000	3.08468		1.41039  0.2  0.2		4.1705503158		-1.0
	5220.00000000	2.82136		1.50135  0.2  0.2		4.1705503158		-1.0
	5250.00000000	2.83126		1.96516  0.2  0.2		4.1705503158		-1.0
	5280.00000000	2.79471		2.28168  0.2  0.2		4.1705503158		-1.0
	5310.00000000	2.99335		2.32035  0.2  0.2		4.1705503158		-1.0
	5340.00000000	2.79972		1.9845  0.2  0.2		4.1705503158		-1.0
	5370.00000000	3.05189		1.84192  0.2  0.2		4.1705503158		-1.0
	5400.00000000	3.07417		1.74475  0.2  0.2		4.1705503158		-1.0
	5430.00000000	3.21484		1.67543  0.2  0.2		4.1705503158		-1.0
	5460.00000000	3.25975		1.45034  0.2  0.2		4.1705503158		-1.0
	5490.00000000	3.13212		1.08412  0.2  0.2		4.1705503158		-1.0
	5520.00000000	3.33839		0.84974  0.2  0.2		4.1705503158		-1.0
	5550.00000000	3.14506		0.88742  0.2  0.2		4.1705503158		-1.0
	5580.00000000	3.13187		1.15618  0.2  0.2		4.1705503158		-1.0
	5610.00000000	2.83307		1.19421  0.2  0.2		4.1705503158		-1.0
	5640.00000000	2.78714		1.15121  0.2  0.2		4.1705503158		-1.0
	5670.00000000	2.78812		1.08102  0.2  0.2		4.1705503158		-1.0
	5700.00000000	2.82623		0.66563  0.2  0.2		4.1705503158		-1.0
	5730.00000000	2.93721		0.31269  0.2  0.2		4.1705503158		-1.0
	5760.00000000	2.82594		0.18952  0.2  0.2		4.1705503158		-1.0
	5790.00000000	2.72438		0.08444  0.2  0.2		4.1705503158		-1.0
	5820.00000000	2.69713		0.17022  0.2  0.2		4.1705503158		-1.0
	5850.00000000	2.7563		-0.0984  0.2  0.2		4.1705503158		-1.0
	5880.00000000	2.8363		-0.31181  0.2  0.2		4.1705503158		-1.0
	5910.00000000	3.12274		-0.34372  0.2  0.2		4.1705503158		-1.0
	5940.00000000	3.40647		-0.59278  0.2  0.2		4.1705503158		-1.0
	5970.00000000	2.68538		-0.93889  0.2  0.2		4.1705503158		-1.0
	6000.00000000	2.78496		-1.1514  0.2  0.2		4.1705503158		-1.0
	6030.00000000	2.72046		-1.13171  0.2  0.2		4.1705503158		-1.0
	6060.00000000	2.95109		-1.25635  0.2  0.2		4.1705503158		-1.0
	6090.00000000	3.25644		-1.48733  0.2  0.2		4.1705503158		-1.0
	6120.00000000	2.70689		-1.52892  0.2  0.2		4.1705503158		-1.0
	6150.00000000	3.05683		-1.42262  0.2  0.2		4.1705503158		-1.0
	6180.00000000	3.08287		-1.34276  0.2  0.2		4.1705503158		-1.0
	6210.00000000	3.23012		-1.33195  0.2  0.2		4.1705503158		-1.0
	6240.00000000	3.21733		-1.4863  0.2  0.2		4.1705503158		-1.0
	6270.00000000	3.34173		-1.84611  0.2  0.2		4.1705503158		-1.0
	6300.00000000	3.03196		-1.92479  0.2  0.2		4.1705503158		-1.0
	6330.00000000	3.16229		-1.94188  0.2  0.2		4.1705503158		-1.0
	6360.00000000	2.97775		-2.13509  0.2  0.2		4.1705503158		-1.0
	6390.00000000	3.06107		-2.21652  0.2  0.2		4.1705503158		-1.0
	6420.00000000	2.87597		-2.27131  0.2  0.2		4.1705503158		-1.0
	6450.00000000	2.81619		-2.27356  0.2  0.2		4.1705503158		-1.0
	6480.00000000	2.79132		-2.35191  0.2  0.2		4.1705503158		-1.0
	6510.00000000	2.78369		-2.64276  0.2  0.2		4.1705503158		-1.0
	6540.00000000	3.19938		-2.77356  0.2  0.2		4.1705503158		-1.0
	6570.00000000	2.82063		-2.99148  0.2  0.2		4.1705503158		-1.0
	6600.00000000	3.00456		-3.03403  0.2  0.2		4.1705503158		-1.0
	6630.00000000	2.87461		-3.111  0.2  0.2		4.1705503158		-1.0
	6660.00000000	3.17354		3.09652  0.2  0.2		4.1705503158		-1.0
	6690.00000000	3.01713		2.9328  0.2  0.2		4.1705503158		-1.0
	6720.00000000	3.22124		2.82092  0.2  0.2		4.1705503158		-1.0
	6750.00000000	2.92656		2.97329  0.2  0.2		4.1705503158		-1.0
	6780.00000000	2.81424		3.08939  0.2  0.2		4.1705503158		-1.0
	6810.00000000	2.66564		3.09115  0.2  0.2		4.1705503158		-1.0
	6840.00000000	2.80925		2.95212  0.2  0.2		4.1705503158		-1.0
	6870.00000000	3.03047		2.63539  0.2  0.2		4.1705503158		-1.0
	6900.00000000	2.90925		2.47755  0.2  0.2		4.1705503158		-1.0
	6930.00000000	3.08633		2.5341  0.2  0.2		4.1705503158		-1.0
	6960.00000000	3.07728		2.7792  0.2  0.2		4.1705503158		-1.0
	6990.00000000	2.65838		2.66588  0.2  0.2		4.1705503158		-1.0
	7020.00000000	3.29375		2.47342  0.2  0.2		4.1705503158		-1.0
	7050.00000000	2.81644		2.45405  0.2  0.2		4.1705503158		-1.0
	7080.00000000	2.77242		2.5595  0.2  0.2		4.1705503158		-1.0
	7110.00000000	2.91431		2.50574  0.2  0.2		4.1705503158		-1.0
	7140.00000000	3.07839		2.17186  0.2  0.2		4.1705503158		-1.0
	7170.00000000	3.27685		2.14308  0.2  0.2		4.1705503158		-1.0
	7200.00000000	3.22907		2.46946  0.2  0.2		4.1705503158		-1.0
	7230.00000000	3.13699		2.72519  0.2  0.2		4.1705503158		-1.0
	7260.00000000	3.26508		2.78145  0.2  0.2		4.1705503158		-1.0
	7290.00000000	3.33256		2.70787  0.2  0.2		4.1705503158		-1.0
	7320.00000000	3.26557		2.7877  0.2  0.2		4.1705503158		-1.0
	7350.00000000	3.25482		3.01513  0.2  0.2		4.1705503158		-1.0
	7380.00000000	3.24595		-3.09066  0.2  0.2		4.1705503158		-1.0
	7410.00000000	3.18208		-2.85456  0.2  0.2		4.1705503158		-1.0
	7440.00000000	3.16394		-2.72612  0.2  0.2		4.1705503158		-1.0
	7470.00000000	3.02587		-2.59416  0.2  0.2		4.1705503158		-1.0
	7500.00000000	2.82429		-2.65532  0.2  0.2		4.1705503158		-1.0
	7530.00000000	2.8753		-2.7721  0.2  0.2		4.1705503158		-1.0
	7560.00000000	2.81413		-2.83792  0.2  0.2		4.1705503158		-1.0
	7590.00000000	2.78501		-2.81642  0.2  0.2		4.1705503158		-1.0
	7620.00000000	3.27168		-2.78017  0.2  0.2		4.1705503158		-1.0
	7650.00000000	3.1269		-2.88671  0.2  0.2		4.1705503158		-1.0
	7680.00000000	3.3855		-2.82407  0.2  0.2		4.1705503158		-1.0
	7710.00000000	3.21372		-2.8397  0.2  0.2		4.1705503158		-1.0
	7740.00000000	3.26127		-3.0469  0.2  0.2		4.1705503158		-1.0
	7770.00000000	2.85513		2.98164  0.2  0.2		4.1705503158		-1.0
	7800.00000000	2.78457		2.67228  0.2  0.2		4.1705503158		-1.0
	7830.00000000	2.82867		2.69847  0.2  0.2		4.1705503158		-1.0
	7860.00000000	2.76414		2.85118  0.2  0.2		4.1705503158		-1.0
	7890.00000000	2.78247		2.95984  0.2  0.2		4.1705503158		-1.0
	7920.00000000	2.77336		2.94403  0.2  0.2		4.1705503158		-1.0
	7950.00000000	2.78885		3.02203  0.2  0.2		4.1705503158		-1.0
	7980.00000000	2.78783		-3.10706  0.2  0.2		4.1705503158		-1.0
	8010.00000000	2.92317		-2.9439  0.2  0.2		4.1705503158		-1.0
	8040.00000000	3.45224		-2.71188  0.2  0.2		4.1705503158		-1.0
	8070.00000000	3.05328		-2.46735  0.2  0.2		4.1705503158		-1.0
	8100.00000000	3.41942		-2.45908  0.2  0.2		4.1705503158		-1.0
	8130.00000000	3.0853		-2.46461  0.2  0.2		4.1705503158		-1.0
	8160.00000000	3.30222		-2.52396  0.2  0.2		4.1705503158		-1.0
	8190.00000000	2.72685		-2.42887  0.2  0.2		4.1705503158		-1.0
	8220.00000000	2.98272		-2.39631  0.2  0.2		4.1705503158		-1.0
	8250.00000000	3.42025		-2.40042  0.2  0.2		4.1705503158		-1.0
	8280.00000000	3.36417		-2.32589  0.2  0.2		4.1705503158		-1.0
	8310.00000000	3.1593		-2.32118  0.2  0.2		4.1705503158		-1.0
	8340.00000000	3.26223		-2.06507  0.2  0.2		4.1705503158		-1.0
	8370.00000000	3.39773		-2.06362  0.2  0.2		4.1705503158		-1.0
	8400.00000000	3.15246		-1.96204  0.2  0.2		4.1705503158		-1.0
	8430.00000000	3.31757		-1.73733  0.2  0.2		4.1705503158		-1.0
	8460.00000000	3.1349		-1.65083  0.2  0.2		4.1705503158		-1.0
	8490.00000000	2.76706		-1.62989  0.2  0.2		4.1705503158		-1.0
	8520.00000000	2.7698		-1.75899  0.2  0.2		4.1705503158		-1.0
	8550.00000000	2.75678		-1.6969  0.2  0.2		4.1705503158		-1.0
	8580.00000000	2.76972		-1.86623  0.2  0.2		4.1705503158		-1.0
	8610.00000000	2.83247		-2.069  0.2  0.2		4.1705503158		-1.0
	8640.00000000	2.76654		-2.03976  0.2  0.2		4.1705503158		-1.0
	8670.00000000	2.97109		-1.94953  0.2  0.2		4.1705503158		-1.0
	8700.00000000	3.58531		-1.94675  0.2  0.2		4.1705503158		-1.0
	8730.00000000	3.28198		-1.84924  0.2  0.2		4.1705503158		-1.0
	8760.00000000	3.35556		-1.74559  0.2  0.2		4.1705503158		-1.0
	8790.00000000	3.42206		-1.58955  0.2  0.2		4.1705503158		-1.0
	8820.00000000	3.04139		-1.72455  0.2  0.2		4.1705503158		-1.0
	8850.00000000	3.10222		-1.99182  0.2  0.2		4.1705503158		-1.0
	8880.00000000	3.38408		-2.07086  0.2  0.2		4.1705503158		-1.0
	8910.00000000	3.17253		-2.1871  0.2  0.2		4.1705503158		-1.0
	8940.00000000	3.18568		-2.06906  0.2  0.2		4.1705503158		-1.0
	8970.00000000	3.28567		-2.13335  0.2  0.2		4.1705503158		-1.0
	9000.00000000	3.35582		-2.20563  0.2  0.2		4.1705503158		-1.0
	9030.00000000	3.1677		-2.3595  0.2  0.2		4.1705503158		-1.0
	9060.00000000	2.67959		-2.53182  0.2  0.2		4.1705503158		-1.0
	9090.00000000	2.7226		-2.62659  0.2  0.2		4.1705503158		-1.0
	9120.00000000	2.74761		-2.3164  0.2  0.2		4.1705503158		-1.0
	9150.00000000	2.8017		-2.09612  0.2  0.2		4.1705503158		-1.0
	9180.00000000	2.57464		-2.05104  0.2  0.2		4.1705503158		-1.0
	9210.00000000	2.77538		-2.08464  0.2  0.2		4.1705503158		-1.0
	9240.00000000	2.66623		-2.18101  0.2  0.2		4.1705503158		-1.0
	9270.00000000	2.6475		-2.23142  0.2  0.2		4.1705503158		-1.0
	9300.00000000	2.74614		-2.43821  0.2  0.2		4.1705503158		-1.0
	9330.00000000	2.65782		-2.75064  0.2  0.2		4.1705503158		-1.0
	9360.00000000	2.59082		-2.96654  0.2  0.2		4.1705503158		-1.0
	9390.00000000	2.63471		-2.90832  0.2  0.2		4.1705503158		-1.0
	9420.00000000	2.70518		-2.65061  0.2  0.2		4.1705503158		-1.0
	9450.00000000	2.79775		-2.46042  0.2  0.2		4.1705503158		-1.0
	9480.00000000	2.86623		-2.66903  0.2  0.2		4.1705503158		-1.0
	9510.00000000	3.16322		-2.63927  0.2  0.2		4.1705503158		-1.0
	9540.00000000	3.14825		-2.64351  0.2  0.2		4.1705503158		-1.0
	9570.00000000	3.05517		-2.80245  0.2  0.2		4.1705503158		-1.0
	9600.00000000	2.71329		-2.91761  0.2  0.2		4.1705503158		-1.0
	9630.00000000	2.66374		-2.8979  0.2  0.2		4.1705503158		-1.0
	9660.00000000	2.7368		-3.043  0.2  0.2		4.1705503158		-1.0
	9690.00000000	3.14681		-3.04941  0.2  0.2		4.1705503158		-1.0
	9720.00000000	3.29357		-2.99501  0.2  0.2		4.1705503158		-1.0
	9750.00000000	3.41319		-3.07853  0.2  0.2		4.1705503158		-1.0
	9780.00000000	3.53539		-3.10839  0.2  0.2		4.1705503158		-1.0
	9810.00000000	3.31028		3.03973  0.2  0.2		4.1705503158		-1.0
	9840.00000000	3.4622		3.00308  0.2  0.2		4.1705503158		-1.0
	9870.00000000	3.20645		-3.08642  0.2  0.2		4.1705503158		-1.0
	9900.00000000	3.61901		-3.06236  0.2  0.2		4.1705503158		-1.0
	9930.00000000	3.33355		2.977  0.2  0.2		4.1705503158		-1.0
	9960.00000000	3.30613		2.83614  0.2  0.2		4.1705503158		-1.0
	9990.00000000	3.36391		2.60242  0.2  0.2		4.1705503158		-1.0
	10020.00000000	2.78049		2.48089  0.2  0.2		4.1705503158		-1.0
	10050.00000000	2.9858		2.24106  0.2  0.2		4.1705503158		-1.0
	10080.00000000	3.25803		2.09546  0.2  0.2		4.1705503158		-1.0
	10110.00000000	3.01864		2.13551  0.2  0.2		4.1705503158		-1.0
	10140.00000000	2.89424		2.17881  0.2  0.2		4.1705503158		-1.0
	10170.00000000	2.74718		2.08743  0.2  0.2		4.1705503158		-1.0
	10200.00000000	3.2573		1.84903  0.2  0.2		4.1705503158		-1.0
	10230.00000000	3.27156		1.59908  0.2  0.2		4.1705503158		-1.0
	10260.00000000	3.18498		1.40639  0.2  0.2		4.1705503158		-1.0
	10290.00000000	3.14289		1.29282  0.2  0.2		4.1705503158		-1.0
	10320.00000000	3.21027		1.1241  0.2  0.2		4.1705503158		-1.0
	10350.00000000	3.55406		1.06445  0.2  0.2		4.1705503158		-1.0
	10380.00000000	3.23361		1.02284  0.2  0.2		4.1705503158		-1.0
	10410.00000000	3.27818		1.14026  0.2  0.2		4.1705503158		-1.0
	10440.00000000	3.38855		1.37382  0.2  0.2		4.1705503158		-1.0
	10470.00000000	3.24189		1.54741  0.2  0.2		4.1705503158		-1.0
	10500.00000000	3.3917		1.56734  0.2  0.2		4.1705503158		-1.0
	10530.00000000	3.48424		1.54812  0.2  0.2		4.1705503158		-1.0
	10560.00000000	3.20354		1.6289  0.2  0.2		4.1705503158		-1.0
	10590.00000000	2.8387		1.60906  0.2  0.2		4.1705503158		-1.0
	10620.00000000	2.74004		1.56364  0.2  0.2		4.1705503158		-1.0
	10650.00000000	2.6345		1.48299  0.2  0.2		4.1705503158		-1.0
	10680.00000000	2.85201		1.5035  0.2  0.2		4.1705503158		-1.0
	10710.00000000	2.79191		1.71074  0.2  0.2		4.1705503158		-1.0
	10740.00000000	2.78969		1.71992  0.2  0.2		4.1705503158		-1.0
	10770.00000000	2.79983		1.95538  0.2  0.2		4.1705503158		-1.0
	10800.00000000	2.77019		1.98275  0.2  0.2		4.1705503158		-1.0
	10830.00000001	2.75962		1.93169  0.2  0.2		4.1705503158		-1.0
	10860.00000001	2.73007		2.09819  0.2  0.2		4.1705503158		-1.0
	10890.00000001	2.70603		2.336  0.2  0.2		4.1705503158		-1.0
	10920.00000001	2.63583		2.43208  0.2  0.2		4.1705503158		-1.0
	10950.00000001	3.4674		2.3519  0.2  0.2		4.1705503158		-1.0
	10980.00000001	2.97612		2.09221  0.2  0.2		4.1705503158		-1.0
	11010.00000001	3.30807		2.1344  0.2  0.2		4.1705503158		-1.0
	11040.00000001	3.1709		2.1209  0.2  0.2		4.1705503158		-1.0
	11070.00000001	3.24573		2.263  0.2  0.2		4.1705503158		-1.0
	11100.00000001	3.25937		2.43849  0.2  0.2		4.1705503158		-1.0
	11130.00000001	2.92047		2.20951  0.2  0.2		4.1705503158		-1.0
	11160.00000001	2.74005		2.02492  0.2  0.2		4.1705503158		-1.0
	11190.00000001	3.13581		1.72004  0.2  0.2		4.1705503158		-1.0
	11220.00000001	3.49556		1.42959  0.2  0.2		4.1705503158		-1.0
	11250.00000001	3.36242		1.21602  0.2  0.2		4.1705503158		-1.0
	11280.00000001	3.41825		1.01593  0.2  0.2		4.1705503158		-1.0
	11310.00000001	3.42881		0.84712  0.2  0.2		4.1705503158		-1.0
	11340.00000001	3.38727		0.5097  0.2  0.2		4.1705503158		-1.0
	11370.00000001	3.4856		0.49907  0.2  0.2		4.1705503158		-1.0
	11400.00000001	3.2178		0.59816  0.2  0.2		4.1705503158		-1.0
	11430.00000001	3.22632		0.41971  0.2  0.2		4.1705503158		-1.0
	11460.00000001	3.31101		0.37261  0.2  0.2		4.1705503158		-1.0
	11490.00000001	3.19577		0.42535  0.2  0.2		4.1705503158		-1.0
	11520.00000001	3.35604		0.62316  0.2  0.2		4.1705503158		-1.0
	11550.00000001	3.31127		0.78163  0.2  0.2		4.1705503158		-1.0
	11580.00000001	3.19676		0.81608  0.2  0.2		4.1705503158		-1.0
	11610.00000001	3.20428		0.92924  0.2  0.2		4.1705503158		-1.0
	11640.00000001	3.02998		0.74177  0.2  0.2		4.1705503158		-1.0
	11670.00000001	2.77536		0.79944  0.2  0.2		4.1705503158		-1.0
	11700.00000001	2.63916		1.00273  0.2  0.2		4.1705503158		-1.0
	11730.00000001	2.65705		1.14296  0.2  0.2		4.1705503158		-1.0
	11760.00000001	3.11556		0.97497  0.2  0.2		4.1705503158		-1.0
	11790.00000001	3.64426		0.77481  0.2  0.2		4.1705503158		-1.0
	11820.00000001	3.33995		0.91281  0.2  0.2		4.1705503158		-1.0
	11850.00000001	3.65693		0.77913  0.2  0.2		4.1705503158		-1.0
	11880.00000001	3.39159		0.88536  0.2  0.2		4.1705503158		-1.0
	11910.00000001	3.23696		0.84866  0.2  0.2		4.1705503158		-1.0
	11940.00000001	3.49063		0.68325  0.2  0.2		4.1705503158		-1.0
	11970.00000001	3.67053		0.45182  0.2  0.2		4.1705503158		-1.0
	12000.00000001	2.61682		0.30732  0.2  0.2		4.1705503158		-1.0
	12030.00000001	3.08349		0.17908  0.2  0.2		4.1705503158		-1.0
	12060.00000001	3.29437		-0.05814  0.2  0.2		4.1705503158		-1.0
	12090.00000001	3.13326		-0.31648  0.2  0.2		4.1705503158		-1.0
	12120.00000001	3.30847		-0.45957  0.2  0.2		4.1705503158		-1.0
	12150.00000001	2.59665		-0.67853  0.2  0.2		4.1705503158		-1.0
	12180.00000001	3.11572		-0.9501  0.2  0.2		4.1705503158		-1.0
	12210.00000001	2.73908		-0.79865  0.2  0.2		4.1705503158		-1.0
	12240.00000001	2.62189		-0.462  0.2  0.2		4.1705503158		-1.0
	12270.00000001	2.80937		-0.17956  0.2  0.2		4.1705503158		-1.0
	12300.00000001	2.84392		-0.13352  0.2  0.2		4.1705503158		-1.0
	12330.00000001	2.6896		-0.21908  0.2  0.2		4.1705503158		-1.0
	12360.00000001	3.02985		-0.51052  0.2  0.2		4.1705503158		-1.0
	12390.00000001	2.78306		-0.85466  0.2  0.2		4.1705503158		-1.0
	12420.00000001	3.26898		-0.98826  0.2  0.2		4.1705503158		-1.0
	12450.00000001	3.26011		-0.88216  0.2  0.2		4.1705503158		-1.0
	12480.00000001	3.32472		-0.75235  0.2  0.2		4.1705503158		-1.0
	12510.00000001	3.41837		-0.70892  0.2  0.2		4.1705503158		-1.0
	12540.00000001	3.16502		-0.97123  0.2  0.2		4.1705503158		-1.0
	12570.00000001	3.06083		-1.20372  0.2  0.2		4.1705503158		-1.0
	12600.00000001	2.58061		-1.17984  0.2  0.2		4.1705503158		-1.0
	12630.00000001	3.02836		-1.19155  0.2  0.2		4.1705503158		-1.0
	12660.00000001	2.709		-1.19305  0.2  0.2		4.1705503158		-1.0
	12690.00000001	2.75072		-1.33794  0.2  0.2		4.1705503158		-1.0
	12720.00000001	2.67646		-1.63775  0.2  0.2		4.1705503158		-1.0
	12750.00000001	2.67526		-1.47436  0.2  0.2		4.1705503158		-1.0
	12780.00000001	2.75077		-1.4764  0.2  0.2		4.1705503158		-1.0
	12810.00000001	2.71846		-1.53705  0.2  0.2		4.1705503158		-1.0
	12840.00000001	2.69575		-1.39998  0.2  0.2		4.1705503158		-1.0
	12870.00000001	2.76341		-1.10984  0.2  0.2		4.1705503158		-1.0
	12900.00000001	2.76452		-0.49507  0.2  0.2		4.1705503158		-1.0
	12930.00000001	2.77115		-0.66274  0.2  0.2		4.1705503158		-1.0
	12960.00000001	2.70366		-0.80391  0.2  0.2		4.1705503158		-1.0
	12990.00000001	2.89183		-0.68327  0.2  0.2		4.1705503158		-1.0
	13020.00000001	2.72094		-0.61712  0.2  0.2		4.1705503158		-1.0
	13050.00000001	2.81118		-0.73224  0.2  0.2		4.1705503158		-1.0
	13080.00000001	3.00273		-0.72368  0.2  0.2		4.1705503158		-1.0
	13110.00000001	3.45296		-0.7904  0.2  0.2		4.1705503158		-1.0
	13140.00000001	3.45709		-1.12526  0.2  0.2		4.1705503158		-1.0
	13170.00000001	3.29711		-1.16715  0.2  0.2		4.1705503158		-1.0
	13200.00000001	3.46899		-1.06136  0.2  0.2		4.1705503158		-1.0
	13230.00000001	3.27724		-0.98892  0.2  0.2		4.1705503158		-1.0
	13260.00000001	3.57676		-0.88635  0.2  0.2		4.1705503158		-1.0
	13290.00000001	3.24927		-0.87897  0.2  0.2		4.1705503158		-1.0
	13320.00000001	3.64037		-1.05761  0.2  0.2		4.1705503158		-1.0
	13350.00000001	3.25409		-1.15954  0.2  0.2		4.1705503158		-1.0
	13380.00000001	3.61913		-1.36877  0.2  0.2		4.1705503158		-1.0
	13410.00000001	3.22763		-1.38637  0.2  0.2		4.1705503158		-1.0
	13440.00000001	3.50857		-1.36242  0.2  0.2		4.1705503158		-1.0
	13470.00000001	3.44403		-1.347  0.2  0.2		4.1705503158		-1.0
	13500.00000001	3.36837		-1.50532  0.2  0.2		4.1705503158		-1.0
	13530.00000001	3.18431		-1.53134  0.2  0.2		4.1705503158		-1.0
	13560.00000001	3.20404		-1.52152  0.2  0.2		4.1705503158		-1.0
	13590.00000001	3.71931		-1.54352  0.2  0.2		4.1705503158		-1.0
	13620.00000001	3.46129		-1.64597  0.2  0.2		4.1705503158		-1.0
	13650.00000001	3.62725		-1.79367  0.2  0.2		4.1705503158		-1.0
	13680.00000001	3.41913		-1.77051  0.2  0.2		4.1705503158		-1.0
	13710.00000001	3.27967		-1.66536  0.2  0.2		4.1705503158		-1.0
	13740.00000001	2.69696		-1.73045  0.2  0.2		4.1705503158		-1.0
	13770.00000001	2.95392		-1.55845  0.2  0.2		4.1705503158		-1.0
	13800.00000001	2.67441		-1.34932  0.2  0.2		4.1705503158		-1.0
	13830.00000001	2.6547		-1.12458  0.2  0.2		4.1705503158		-1.0
	13860.00000001	2.97068		-1.00607  0.2  0.2		4.1705503158		-1.0
	13890.00000001	2.68315		-0.8051  0.2  0.2		4.1705503158		-1.0
	13920.00000001	2.6979		-0.69012  0.2  0.2		4.1705503158		-1.0
	13950.00000001	2.81713		-0.59678  0.2  0.2		4.1705503158		-1.0
	13980.00000001	2.91881		-0.18861  0.2  0.2		4.1705503158		-1.0
	14010.00000001	2.66786		-0.03193  0.2  0.2		4.1705503158		-1.0
	14040.00000001	2.70314		0.05594  0.2  0.2		4.1705503158		-1.0
	14070.00000001	2.7841		0.35297  0.2  0.2		4.1705503158		-1.0
	14100.00000001	2.75933		0.58249  0.2  0.2		4.1705503158		-1.0
	14130.00000001	2.67502		0.49807  0.2  0.2		4.1705503158		-1.0
	14160.00000001	2.67507		0.42588  0.2  0.2		4.1705503158		-1.0
	14190.00000001	2.67198		0.84939  0.2  0.2		4.1705503158		-1.0
	14220.00000001	2.66526		1.28331  0.2  0.2		4.1705503158		-1.0
	14250.00000000	2.68578		1.44526  0.2  0.2		4.1705503158		-1.0
	14280.00000000	2.7603		1.20481  0.2  0.2		4.1705503158		-1.0
	14310.00000000	2.79664		0.71022  0.2  0.2		4.1705503158		-1.0
	14340.00000000	2.86665		0.60472  0.2  0.2		4.1705503158		-1.0
	14370.00000000	3.3693		0.33684  0.2  0.2		4.1705503158		-1.0
	14400.00000000	3.30631		-0.04641  0.2  0.2		4.1705503158		-1.0
	14430.00000000	3.4558		0.04009  0.2  0.2		4.1705503158		-1.0
	14460.00000000	3.30611		0.13884  0.2  0.2		4.1705503158		-1.0
	14490.00000000	3.32748		0.0038  0.2  0.2		4.1705503158		-1.0
	14520.00000000	3.23427		0.03073  0.2  0.2		4.1705503158		-1.0
	14550.00000000	3.31903		0.03911  0.2  0.2		4.1705503158		-1.0
	14580.00000000	3.2372		-0.19159  0.2  0.2		4.1705503158		-1.0
	14610.00000000	3.5383		-0.39225  0.2  0.2		4.1705503158		-1.0
	14640.00000000	3.22733		-0.28421  0.2  0.2		4.1705503158		-1.0
	14670.00000000	3.45742		-0.29581  0.2  0.2		4.1705503158		-1.0
	14700.00000000	3.20646		-0.22353  0.2  0.2		4.1705503158		-1.0
	14730.00000000	3.14579		0.11476  0.2  0.2		4.1705503158		-1.0
	14760.00000000	3.25919		0.36284  0.2  0.2		4.1705503158		-1.0
	14790.00000000	3.34657		0.56337  0.2  0.2		4.1705503158		-1.0
	14820.00000000	2.78758		0.30023  0.2  0.2		4.1705503158		-1.0
	14850.00000000	2.73248		0.15759  0.2  0.2		4.1705503158		-1.0
	14880.00000000	2.73883		0.12709  0.2  0.2		4.1705503158		-1.0
	14910.00000000	3.03881		0.24786  0.2  0.2		4.1705503158		-1.0
	14940.00000000	3.64709		0.46312  0.2  0.2		4.1705503158		-1.0
	14970.00000000	3.45215		0.33628  0.2  0.2		4.1705503158		-1.0
	15000.00000000	3.52975		0.078  0.2  0.2		4.1705503158		-1.0
	15030.00000000	3.48892		-0.05922  0.2  0.2		4.1705503158		-1.0
	15060.00000000	3.66716		-0.06506  0.2  0.2		4.1705503158		-1.0
	15090.00000000	3.53283		-0.23665  0.2  0.2		4.1705503158		-1.0
	15120.00000000	3.58986		-0.43927  0.2  0.2		4.1705503158		-1.0
	15150.00000000	3.1744		-0.6137  0.2  0.2		4.1705503158		-1.0
	15180.00000000	3.54388		-0.60607  0.2  0.2		4.1705503158		-1.0
	15210.00000000	3.33619		-0.56134  0.2  0.2		4.1705503158		-1.0
	15240.00000000	3.12896		-0.58212  0.2  0.2		4.1705503158		-1.0
	15270.00000000	3.57623		-0.5011  0.2  0.2		4.1705503158		-1.0
	15300.00000000	3.56325		-0.29298  0.2  0.2		4.1705503158		-1.0
	15330.00000000	2.74071		-0.30541  0.2  0.2		4.1705503158		-1.0
	15360.00000000	2.65987		-0.40114  0.2  0.2		4.1705503158		-1.0
	15390.00000000	2.75952		-0.61271  0.2  0.2		4.1705503158		-1.0
	15420.00000000	2.78712		-0.42072  0.2  0.2		4.1705503158		-1.0
	15450.00000000	2.78561		-0.25547  0.2  0.2		4.1705503158		-1.0
	15480.00000000	3.16036		-0.09538  0.2  0.2		4.1705503158		-1.0
	15510.00000000	2.66829		-0.07494  0.2  0.2		4.1705503158		-1.0
	15540.00000000	2.74452		-0.1454  0.2  0.2		4.1705503158		-1.0
	15570.00000000	2.69561		-0.03119  0.2  0.2		4.1705503158		-1.0
	15600.00000000	2.707		0.09052  0.2  0.2		4.1705503158		-1.0
	15630.00000000	2.62574		0.39914  0.2  0.2		4.1705503158		-1.0
	15660.00000000	2.57379		0.73652  0.2  0.2		4.1705503158		-1.0
	15690.00000000	2.74858		1.24078  0.2  0.2		4.1705503158		-1.0
	15720.00000000	2.78461		1.44292  0.2  0.2		4.1705503158		-1.0
	15750.00000000	2.76005		1.76223  0.2  0.2		4.1705503158		-1.0
	15780.00000000	2.66036		1.76025  0.2  0.2		4.1705503158		-1.0
	15810.00000000	2.77248		1.721  0.2  0.2		4.1705503158		-1.0
	15840.00000000	2.6833		1.68054  0.2  0.2		4.1705503158		-1.0
	15870.00000000	2.66986		1.53221  0.2  0.2		4.1705503158		-1.0
	15900.00000000	2.64451		1.41332  0.2  0.2		4.1705503158		-1.0
	15930.00000000	3.03729		1.18324  0.2  0.2		4.1705503158		-1.0
	15960.00000000	3.66602		1.20137  0.2  0.2		4.1705503158		-1.0
	15990.00000000	3.32403		1.33601  0.2  0.2		4.1705503158		-1.0
	16020.00000000	3.53744		1.49767  0.2  0.2		4.1705503158		-1.0
	16050.00000000	3.36841		1.77863  0.2  0.2		4.1705503158		-1.0
	16080.00000000	3.33299		2.05028  0.2  0.2		4.1705503158		-1.0
	16110.00000000	3.36187		2.00742  0.2  0.2		4.1705503158		-1.0
	16140.00000000	3.30884		1.81553  0.2  0.2		4.1705503158		-1.0
	16170.00000000	3.67248		1.4763  0.2  0.2		4.1705503158		-1.0
	16200.00000000	3.62719		1.12478  0.2  0.2		4.1705503158		-1.0
	16230.00000000	3.444		1.16407  0.2  0.2		4.1705503158		-1.0
	16260.00000000	3.41296		1.34715  0.2  0.2		4.1705503158		-1.0
	16290.00000000	3.10751		1.75622  0.2  0.2		4.1705503158		-1.0
	16320.00000000	3.48974		2.13629  0.2  0.2		4.1705503158		-1.0
	16350.00000000	3.31727		2.13204  0.2  0.2		4.1705503158		-1.0
	16380.00000000	3.27493		1.9188  0.2  0.2		4.1705503158		-1.0
	16410.00000000	3.64581		1.68226  0.2  0.2		4.1705503158		-1.0
	16440.00000000	3.58002		1.72561  0.2  0.2		4.1705503158		-1.0
	16470.00000000	3.63235		2.01713  0.2  0.2		4.1705503158		-1.0
	16500.00000000	3.46788		2.08542  0.2  0.2		4.1705503158		-1.0
	16530.00000000	3.13057		1.96019  0.2  0.2		4.1705503158		-1.0
	16560.00000000	3.32581		1.84768  0.2  0.2		4.1705503158		-1.0
	16590.00000000	3.81882		1.68244  0.2  0.2		4.1705503158		-1.0
	16620.00000000	3.44822		1.61615  0.2  0.2		4.1705503158		-1.0
	16650.00000000	3.68549		1.69396  0.2  0.2		4.1705503158		-1.0
	16680.00000000	3.77934		1.6414  0.2  0.2		4.1705503158		-1.0
	16710.00000000	3.3417		1.72778  0.2  0.2		4.1705503158		-1.0
	16740.00000000	3.10099		1.86825  0.2  0.2		4.1705503158		-1.0
	16770.00000000	2.798		1.82365  0.2  0.2		4.1705503158		-1.0
	16800.00000000	3.1686		1.86005  0.2  0.2		4.1705503158		-1.0
	16830.00000000	2.84887		1.89975  0.2  0.2		4.1705503158		-1.0
	16860.00000000	2.7835		1.92299  0.2  0.2		4.1705503158		-1.0
	16890.00000000	2.69321		2.0991  0.2  0.2		4.1705503158		-1.0
	16920.00000000	2.68788		2.61613  0.2  0.2		4.1705503158		-1.0
	16950.00000000	2.63895		2.79477  0.2  0.2		4.1705503158		-1.0
	16980.00000000	2.74457		2.8525  0.2  0.2		4.1705503158		-1.0
	17010.00000000	2.79047		2.4794  0.2  0.2		4.1705503158		-1.0
	17040.00000000	2.69818		2.36312  0.2  0.2		4.1705503158		-1.0
	17070.00000000	2.62682		2.52023  0.2  0.2		4.1705503158		-1.0
	17100.00000000	3.04921		2.65708  0.2  0.2		4.1705503158		-1.0
	17130.00000000	3.40515		2.68087  0.2  0.2		4.1705503158		-1.0
	17160.00000000	3.43949		2.70386  0.2  0.2		4.1705503158		-1.0
	17190.00000000	3.66194		2.72014  0.2  0.2		4.1705503158		-1.0
	17220.00000000	3.5438		2.73515  0.2  0.2		4.1705503158		-1.0
	17250.00000000	3.09673		2.71433  0.2  0.2		4.1705503158		-1.0
	17280.00000000	3.29452		2.72713  0.2  0.2		4.1705503158		-1.0
	17310.00000000	3.98975		2.88586  0.2  0.2		4.1705503158		-1.0
	17340.00000000	3.34714		2.91285  0.2  0.2		4.1705503158		-1.0
	17370.00000000	3.21249		3.06722  0.2  0.2		4.1705503158		-1.0
	17400.00000000	3.50379		2.95752  0.2  0.2		4.1705503158		-1.0
	17430.00000000	3.69189		2.91779  0.2  0.2		4.1705503158		-1.0
	17460.00000000	3.50832		2.75616  0.2  0.2		4.1705503158		-1.0
	17490.00000000	3.66406		2.56884  0.2  0.2		4.1705503158		-1.0
	17520.00000000	3.25756		2.4938  0.2  0.2		4.1705503158		-1.0
	17550.00000000	3.10827		2.59709  0.2  0.2		4.1705503158		-1.0
	17580.00000000	3.23901		2.7364  0.2  0.2		4.1705503158		-1.0
	17610.00000000	2.85317		2.68835  0.2  0.2		4.1705503158		-1.0
	17640.00000000	2.75674		2.50625  0.2  0.2		4.1705503158		-1.0
	17670.00000000	2.69583		2.38321  0.2  0.2		4.1705503158		-1.0
	17700.00000000	2.71151		2.49358  0.2  0.2		4.1705503158		-1.0
	17730.00000000	2.67626		2.58501  0.2  0.2		4.1705503158		-1.0
	17760.00000000	2.67067		2.66066  0.2  0.2		4.1705503158		-1.0
	17790.00000000	2.63129		2.89448  0.2  0.2		4.1705503158		-1.0
	17820.00000000	2.69863		3.03709  0.2  0.2		4.1705503158		-1.0
	17850.00000000	2.64722		-3.12339  0.2  0.2		4.1705503158		-1.0
	17880.00000000	2.6286		-3.00674  0.2  0.2		4.1705503158		-1.0
	17910.00000000	2.96501		-2.9849  0.2  0.2		4.1705503158		-1.0
	17940.00000000	3.40801		-2.96268  0.2  0.2		4.1705503158		-1.0
	17970.00000000	3.4281		-2.83647  0.2  0.2		4.1705503158		-1.0
	18000.00000000	3.31773		-2.7593  0.2  0.2		4.1705503158		-1.0
	18030.00000000	3.6921		-2.76177  0.2  0.2		4.1705503158		-1.0
	18060.00000000	3.58107		-2.68454  0.2  0.2		4.1705503158		-1.0
	18090.00000000	3.54745		-2.47273  0.2  0.2		4.1705503158		-1.0
	18120.00000000	3.51054		-2.56178  0.2  0.2		4.1705503158		-1.0
	18150.00000000	3.08614		-2.52278  0.2  0.2		4.1705503158		-1.0
	18180.00000000	3.47084		-2.48815  0.2  0.2		4.1705503158		-1.0
	18210.00000000	3.61927		-2.47972  0.2  0.2		4.1705503158		-1.0
	18240.00000000	3.00936		-2.63201  0.2  0.2		4.1705503158		-1.0
	18270.00000000	2.69821		-2.62634  0.2  0.2		4.1705503158		-1.0
	18300.00000000	3.32768		-2.69661  0.2  0.2		4.1705503158		-1.0
	18330.00000000	3.62698		-2.63406  0.2  0.2		4.1705503158		-1.0
	18360.00000000	3.59167		-2.47421  0.2  0.2		4.1705503158		-1.0
	18390.00000000	3.12538		-2.27299  0.2  0.2		4.1705503158		-1.0
	18420.00000000	2.61221		-2.32539  0.2  0.2		4.1705503158		-1.0
	18450.00000000	2.98833		-2.39093  0.2  0.2		4.1705503158		-1.0
	18480.00000000	3.5626		-2.32981  0.2  0.2		4.1705503158		-1.0
	18510.00000000	3.75034		-2.25122  0.2  0.2		4.1705503158		-1.0
	18540.00000000	3.28649		-2.16704  0.2  0.2		4.1705503158		-1.0
	18570.00000000	3.67709		-2.17581  0.2  0.2		4.1705503158		-1.0
	18600.00000000	3.53005		-2.22065  0.2  0.2		4.1705503158		-1.0
	18630.00000000	3.32654		-2.27431  0.2  0.2		4.1705503158		-1.0
	18660.00000000	3.50525		-2.0931  0.2  0.2		4.1705503158		-1.0
	18690.00000000	3.75782		-1.93856  0.2  0.2		4.1705503158		-1.0
	18720.00000000	3.30041		-1.92321  0.2  0.2		4.1705503158		-1.0
	18750.00000000	2.76151		-1.93368  0.2  0.2		4.1705503158		-1.0
	18780.00000000	2.65332		-1.97301  0.2  0.2		4.1705503158		-1.0
	18810.00000000	2.62335		-1.81725  0.2  0.2		4.1705503158		-1.0
	18840.00000000	2.89372		-1.59129  0.2  0.2		4.1705503158		-1.0
	18870.00000000	3.18099		-1.65316  0.2  0.2		4.1705503158		-1.0
	18900.00000000	3.41148		-1.65413  0.2  0.2		4.1705503158		-1.0
	18930.00000000	3.80877		-1.77335  0.2  0.2		4.1705503158		-1.0
	18960.00000000	3.446		-1.66006  0.2  0.2		4.1705503158		-1.0
	18990.00000000	3.8129		-1.5988  0.2  0.2		4.1705503158		-1.0
	19020.00000000	3.68719		-1.92082  0.2  0.2		4.1705503158		-1.0
	19050.00000000	3.82042		-2.15851  0.2  0.2		4.1705503158		-1.0
	19080.00000000	3.9921		-1.96364  0.2  0.2		4.1705503158		-1.0
	19110.00000000	3.35045		-1.79664  0.2  0.2		4.1705503158		-1.0
	19140.00000000	2.64113		-1.82347  0.2  0.2		4.1705503158		-1.0
	19170.00000000	3.14939		-1.92456  0.2  0.2		4.1705503158		-1.0
	19200.00000000	2.81426		-1.94654  0.2  0.2		4.1705503158		-1.0
	19230.00000000	3.24458		-1.79688  0.2  0.2		4.1705503158		-1.0
	19260.00000000	2.6952		-1.68085  0.2  0.2		4.1705503158		-1.0
	19290.00000000	2.89715		-1.69788  0.2  0.2		4.1705503158		-1.0
	19320.00000000	2.64292		-1.59673  0.2  0.2		4.1705503158		-1.0
	19350.00000000	2.62312		-1.41019  0.2  0.2		4.1705503158		-1.0
	19380.00000000	2.62279		-1.22002  0.2  0.2		4.1705503158		-1.0
	19410.00000000	2.65321		-1.12374  0.2  0.2		4.1705503158		-1.0
	19440.00000000	2.72594		-1.16028  0.2  0.2		4.1705503158		-1.0
	19470.00000000	2.64901		-0.99418  0.2  0.2		4.1705503158		-1.0
	19500.00000000	2.71674		-0.98907  0.2  0.2		4.1705503158		-1.0
	19530.00000000	2.60011		-0.99374  0.2  0.2		4.1705503158		-1.0
	19560.00000000	2.74455		-0.8948  0.2  0.2		4.1705503158		-1.0
	19590.00000000	2.80444		-0.98005  0.2  0.2		4.1705503158		-1.0
	19620.00000000	3.87369		-1.13633  0.2  0.2		4.1705503158		-1.0
	19650.00000000	3.49759		-1.32983  0.2  0.2		4.1705503158		-1.0
	19680.00000000	3.78335		-1.45472  0.2  0.2		4.1705503158		-1.0
	19710.00000000	3.59194		-1.45703  0.2  0.2		4.1705503158		-1.0
	19740.00000000	3.85481		-1.16054  0.2  0.2		4.1705503158		-1.0
	19770.00000000	3.30166		-1.05632  0.2  0.2		4.1705503158		-1.0
	19800.00000000	3.02466		-1.21265  0.2  0.2		4.1705503158		-1.0
	19830.00000000	3.63949		-1.17262  0.2  0.2		4.1705503158		-1.0
	19860.00000000	3.06472		-1.0604  0.2  0.2		4.1705503158		-1.0
	19890.00000000	3.71985		-0.97018  0.2  0.2		4.1705503158		-1.0
	19920.00000000	3.21674		-1.25138  0.2  0.2		4.1705503158		-1.0
	19950.00000000	3.49826		-1.37548  0.2  0.2		4.1705503158		-1.0
	19980.00000000	3.55747		-1.17997  0.2  0.2		4.1705503158		-1.0
	20010.00000000	3.4166		-1.06089  0.2  0.2		4.1705503158		-1.0
	20040.00000000	3.61586		-1.15632  0.2  0.2		4.1705503158		-1.0
	20070.00000000	3.78532		-1.21735  0.2  0.2		4.1705503158		-1.0
	20100.00000000	4.11447		-1.26779  0.2  0.2		4.1705503158		-1.0
	20130.00000000	3.84706		-1.26792  0.2  0.2		4.1705503158		-1.0
	20160.00000000	4.1047		-1.30726  0.2  0.2		4.1705503158		-1.0
	20190.00000000	4.31089		-1.32307  0.2  0.2		4.1705503158		-1.0
	20220.00000000	4.57109		-1.23793  0.2  0.2		4.1705503158		-1.0
	20250.00000000	4.7091		-1.20229  0.2  0.2		4.1705503158		-1.0
	20280.00000000	5.35781		-1.27179  0.2  0.2		4.1705503158		-1.0
	20310.00000000	5.84685		-1.24591  0.2  0.2		4.1705503158		-1.0
	20340.00000000	5.78294		-1.02007  0.2  0.2		4.1705503158		-1.0
	20370.00000000	5.1032		-1.24581  0.2  0.2		4.1705503158		-1.0
	20400.00000000	4.74473		-1.38938  0.2  0.2		4.1705503158		-1.0
	20430.00000000	4.87491		-1.64252  0.2  0.2		4.1705503158		-1.0
	20460.00000000	5.44953		-1.78777  0.2  0.2		4.1705503158		-1.0
	20490.00000000	6.21667		-1.67608  0.2  0.2		4.1705503158		-1.0
	20520.00000000	6.96476		-1.58394  0.2  0.2		4.1705503158		-1.0
	20550.00000000	7.12496		-1.78779  0.2  0.2		4.1705503158		-1.0
	20580.00000000	7.1691		-1.9485  0.2  0.2		4.1705503158		-1.0
	20610.00000000	7.41795		-2.06785  0.2  0.2		4.1705503158		-1.0
	20640.00000000	7.87652		-2.11238  0.2  0.2		4.1705503158		-1.0
	20670.00000000	8.38848		-2.31566  0.2  0.2		4.1705503158		-1.0
	20700.00000000	8.76578		-2.4965  0.2  0.2		4.1705503158		-1.0
	20729.99999999	9.5217		-2.37904  0.2  0.2		4.1705503158		-1.0
	20759.99999999	10.22799		-2.44756  0.2  0.2		4.1705503158		-1.0
	20789.99999999	10.88686		-2.40689  0.2  0.2		4.1705503158		-1.0
	20819.99999999	11.11118		-2.59221  0.2  0.2		4.1705503158		-1.0
	20849.99999999	11.28813		-2.50307  0.2  0.2		4.1705503158		-1.0
	20879.99999999	11.72766		-2.38256  0.2  0.2		4.1705503158		-1.0
	20909.99999999	11.79551		-2.41756  0.2  0.2		4.1705503158		-1.0
	20939.99999999	11.94316		-1.98819  0.2  0.2		4.1705503158		-1.0
	20969.99999999	12.00427		-1.76167  0.2  0.2		4.1705503158		-1.0
	20999.99999999	12.0412		-1.90364  0.2  0.2		4.1705503158		-1.0
	21029.99999999	11.40468		-1.67044  0.2  0.2		4.1705503158		-1.0
	21059.99999999	10.5423		-1.69282  0.2  0.2		4.1705503158		-1.0
	21089.99999999	9.82587		-1.58046  0.2  0.2		4.1705503158		-1.0
	21119.99999999	9.10315		-1.63432  0.2  0.2		4.1705503158		-1.0
	21149.99999999	8.44399		-1.70652  0.2  0.2		4.1705503158		-1.0
	21179.99999999	7.77622		-1.79314  0.2  0.2		4.1705503158		-1.0
	21209.99999999	7.4392		-1.92632  0.2  0.2		4.1705503158		-1.0
	21239.99999999	7.31837		-1.88216  0.2  0.2		4.1705503158		-1.0
	21269.99999999	7.35729		-1.77748  0.2  0.2		4.1705503158		-1.0
	21299.99999999	7.70164		-1.62927  0.2  0.2		4.1705503158		-1.0
	21329.99999999	8.09084		-1.57659  0.2  0.2		4.1705503158		-1.0
	21359.99999999	8.61302		-1.64257  0.2  0.2		4.1705503158		-1.0
	21389.99999999	9.04651		-1.6691  0.2  0.2		4.1705503158		-1.0
	21419.99999999	9.05461		-1.95174  0.2  0.2		4.1705503158		-1.0
	21449.99999999	9.53799		-1.98491  0.2  0.2		4.1705503158		-1.0
	21479.99999999	9.91852		-2.0229  0.2  0.2		4.1705503158		-1.0
	21509.99999999	10.29835		-2.10827  0.2  0.2		4.1705503158		-1.0
	21539.99999999	11.18154		-2.14269  0.2  0.2		4.1705503158		-1.0
	21569.99999999	11.26356		-2.01346  0.2  0.2		4.1705503158		-1.0
	21599.99999999	10.92177		-1.87352  0.2  0.2		4.1705503158		-1.0
	21629.99999999	10.45777		-1.7841  0.2  0.2		4.1705503158		-1.0
	21659.99999999	9.96418		-1.83338  0.2  0.2		4.1705503158		-1.0
	21689.99999999	9.62906		-1.57573  0.2  0.2		4.1705503158		-1.0
	21719.99999999	9.09305		-1.54545  0.2  0.2		4.1705503158		-1.0
	21749.99999999	8.71614		-1.4792  0.2  0.2		4.1705503158		-1.0
	21779.99999999	7.86265		-1.64228  0.2  0.2		4.1705503158		-1.0
	21809.99999999	7.63468		-1.65902  0.2  0.2		4.1705503158		-1.0
	21839.99999999	7.87908		-1.47042  0.2  0.2		4.1705503158		-1.0
	21869.99999999	8.45884		-1.51121  0.2  0.2		4.1705503158		-1.0
	21899.99999999	8.87776		-1.57502  0.2  0.2		4.1705503158		-1.0
	21929.99999999	8.82615		-1.59299  0.2  0.2		4.1705503158		-1.0
	21959.99999999	8.52232		-1.58915  0.2  0.2		4.1705503158		-1.0
	21989.99999999	7.83741		-1.48125  0.2  0.2		4.1705503158		-1.0
	22019.99999999	7.84414		-1.36352  0.2  0.2		4.1705503158		-1.0
	22049.99999999	8.04967		-1.24415  0.2  0.2		4.1705503158		-1.0
	22079.99999999	8.75716		-1.28219  0.2  0.2		4.1705503158		-1.0
	22109.99999999	9.21526		-1.07831  0.2  0.2		4.1705503158		-1.0
	22139.99999999	9.68793		-1.03413  0.2  0.2		4.1705503158		-1.0
	22169.99999999	10.15733		-1.23445  0.2  0.2		4.1705503158		-1.0
	22199.99999999	10.5059		-1.36696  0.2  0.2		4.1705503158		-1.0
	22229.99999999	11.11709		-1.47139  0.2  0.2		4.1705503158		-1.0
	22259.99999999	11.74748		-1.43549  0.2  0.2		4.1705503158		-1.0
	22289.99999999	12.01274		-1.35479  0.2  0.2		4.1705503158		-1.0
	22319.99999999	11.66078		-1.35916  0.2  0.2		4.1705503158		-1.0
	22349.99999999	11.0609		-1.50416  0.2  0.2		4.1705503158		-1.0
	22379.99999999	10.65084		-1.67439  0.2  0.2		4.1705503158		-1.0
	22409.99999999	10.37971		-1.98604  0.2  0.2		4.1705503158		-1.0
	22439.99999999	10.09482		-2.26358  0.2  0.2		4.1705503158		-1.0
	22469.99999999	9.8509		-2.74221  0.2  0.2		4.1705503158		-1.0
	22499.99999999	9.63908		-2.46593  0.2  0.2		4.1705503158		-1.0
	22529.99999999	9.68187		-2.21283  0.2  0.2		4.1705503158		-1.0
	22559.99999999	9.76983		-2.13934  0.2  0.2		4.1705503158		-1.0
	22589.99999999	9.72008		-1.88587  0.2  0.2		4.1705503158		-1.0
	22619.99999999	9.47855		-1.68295  0.2  0.2		4.1705503158		-1.0
	22649.99999999	9.23969		-1.40614  0.2  0.2		4.1705503158		-1.0
	22679.99999999	9.51265		-1.25481  0.2  0.2		4.1705503158		-1.0
	22709.99999999	9.94744		-1.17959  0.2  0.2		4.1705503158		-1.0
	22739.99999999	10.4911		-1.07549  0.2  0.2		4.1705503158		-1.0
	22769.99999999	10.69617		-1.13623  0.2  0.2		4.1705503158		-1.0
	22799.99999999	11.3088		-1.33714  0.2  0.2		4.1705503158		-1.0
	22829.99999999	11.81755		-1.20605  0.2  0.2		4.1705503158		-1.0
	22859.99999999	11.98377		-1.21117  0.2  0.2		4.1705503158		-1.0
	22889.99999999	12.04207		-1.09281  0.2  0.2		4.1705503158		-1.0
	22919.99999999	11.80228		-0.80489  0.2  0.2		4.1705503158		-1.0
	22949.99999999	11.365		-0.8254  0.2  0.2		4.1705503158		-1.0
	22979.99999999	10.88061		-0.8217  0.2  0.2		4.1705503158		-1.0
	23009.99999999	10.21859		-0.72968  0.2  0.2		4.1705503158		-1.0
	23039.99999999	9.91494		-1.03781  0.2  0.2		4.1705503158		-1.0
	23069.99999999	9.42029		-1.10239  0.2  0.2		4.1705503158		-1.0
	23099.99999999	9.16241		-0.91141  0.2  0.2		4.1705503158		-1.0
	23129.99999999	8.44144		-0.91092  0.2  0.2		4.1705503158		-1.0
	23159.99999999	7.50095		-1.00951  0.2  0.2		4.1705503158		-1.0
	23189.99999999	6.93267		-1.12016  0.2  0.2		4.1705503158		-1.0
	23219.99999999	6.36783		-1.13571  0.2  0.2		4.1705503158		-1.0
	23249.99999999	5.9289		-1.24365  0.2  0.2		4.1705503158		-1.0
	23279.99999999	6.02341		-1.2207  0.2  0.2		4.1705503158		-1.0
	23309.99999999	6.4253		-1.2734  0.2  0.2		4.1705503158		-1.0
	23339.99999999	6.98748		-1.25251  0.2  0.2		4.1705503158		-1.0
	23369.99999999	7.5486		-1.20875  0.2  0.2		4.1705503158		-1.0
	23399.99999999	7.84864		-1.28036  0.2  0.2		4.1705503158		-1.0
	23429.99999999	8.22198		-1.02224  0.2  0.2		4.1705503158		-1.0
	23459.99999999	8.47121		-0.98466  0.2  0.2		4.1705503158		-1.0
	23489.99999999	9.03205		-1.03943  0.2  0.2		4.1705503158		-1.0
	23519.99999999	9.62889		-1.13192  0.2  0.2		4.1705503158		-1.0
	23549.99999999	10.07183		-1.03412  0.2  0.2		4.1705503158		-1.0
	23579.99999999	10.28684		-0.83162  0.2  0.2		4.1705503158		-1.0
	23609.99999999	10.8809		-0.65457  0.2  0.2		4.1705503158		-1.0
	23639.99999999	11.42347		-0.72151  0.2  0.2		4.1705503158		-1.0
	23669.99999999	12.07954		-0.89493  0.2  0.2		4.1705503158		-1.0
	23699.99999999	12.03142		-0.78314  0.2  0.2		4.1705503158		-1.0
	23729.99999999	11.67708		-0.91359  0.2  0.2		4.1705503158		-1.0
	23759.99999999	11.39631		-0.61419  0.2  0.2		4.1705503158		-1.0
	23789.99999999	11.08377		-0.37653  0.2  0.2		4.1705503158		-1.0
	23819.99999999	10.68629		-0.15451  0.2  0.2		4.1705503158		-1.0
	23849.99999999	10.19085		-0.18519  0.2  0.2		4.1705503158		-1.0
	23879.99999999	9.69522		-0.18174  0.2  0.2		4.1705503158		-1.0
	23909.99999999	9.36674		0.01361  0.2  0.2		4.1705503158		-1.0
	23939.99999999	8.6713		-0.22295  0.2  0.2		4.1705503158		-1.0
	23969.99999999	8.26568		-0.21908  0.2  0.2		4.1705503158		-1.0
	23999.99999999	7.94515		-0.20307  0.2  0.2		4.1705503158		-1.0
	24029.99999999	7.72552		-0.47349  0.2  0.2		4.1705503158		-1.0
	24059.99999999	7.80497		-0.39616  0.2  0.2		4.1705503158		-1.0
	24089.99999999	8.29847		-0.45676  0.2  0.2		4.1705503158		-1.0
	24119.99999999	8.79189		-0.59469  0.2  0.2		4.1705503158		-1.0
	24149.99999999	9.25359		-0.57474  0.2  0.2		4.1705503158		-1.0
	24179.99999999	9.46082		-0.57624  0.2  0.2		4.1705503158		-1.0
	24209.99999999	9.81192		-0.45595  0.2  0.2		4.1705503158		-1.0
	24239.99999999	10.18932		-0.24925  0.2  0.2		4.1705503158		-1.0
	24269.99999999	10.53602		-0.4498  0.2  0.2		4.1705503158		-1.0
	24299.99999999	10.35002		-0.51468  0.2  0.2		4.1705503158		-1.0
	24329.99999999	10.42101		-0.45399  0.2  0.2		4.1705503158		-1.0
	24359.99999999	10.96967		-0.56459  0.2  0.2		4.1705503158		-1.0
	24389.99999999	11.295		-0.60556  0.2  0.2		4.1705503158		-1.0
	24419.99999999	11.12377		-0.77021  0.2  0.2		4.1705503158		-1.0
	24449.99999999	10.55736		-0.43042  0.2  0.2		4.1705503158		-1.0
	24479.99999999	10.48868		-0.26073  0.2  0.2		4.1705503158		-1.0
	24509.99999999	10.85518		-0.28857  0.2  0.2		4.1705503158		-1.0
	24539.99999999	11.54296		-0.31564  0.2  0.2		4.1705503158		-1.0
	24569.99999999	12.13363		-0.24519  0.2  0.2		4.1705503158		-1.0
	24599.99999999	11.51349		-0.27412  0.2  0.2		4.1705503158		-1.0
	24629.99999999	11.309		-0.23612  0.2  0.2		4.1705503158		-1.0
	24659.99999999	10.68205		-0.19089  0.2  0.2		4.1705503158		-1.0
	24689.99999999	9.79323		-0.21173  0.2  0.2		4.1705503158		-1.0
	24719.99999999	8.92648		-0.38232  0.2  0.2		4.1705503158		-1.0
	24749.99999999	8.89319		-0.14897  0.2  0.2		4.1705503158		-1.0
	24779.99999999	8.87295		-0.03254  0.2  0.2		4.1705503158		-1.0
	24809.99999999	8.60019		-0.11866  0.2  0.2		4.1705503158		-1.0
	24839.99999999	8.79479		-0.0862  0.2  0.2		4.1705503158		-1.0
	24869.99999999	9.06351		0.13797  0.2  0.2		4.1705503158		-1.0
	24899.99999999	9.39556		-0.1864  0.2  0.2		4.1705503158		-1.0
	24929.99999999	9.4743		-0.47874  0.2  0.2		4.1705503158		-1.0
	24959.99999999	9.98212		-0.42145  0.2  0.2		4.1705503158		-1.0
	24989.99999999	10.19811		-0.45497  0.2  0.2		4.1705503158		-1.0
	25019.99999999	9.65957		-0.40068  0.2  0.2		4.1705503158		-1.0
	25049.99999999	8.86249		-0.51865  0.2  0.2		4.1705503158		-1.0
	25079.99999999	8.48462		-0.38218  0.2  0.2		4.1705503158		-1.0
	25109.99999999	8.04313		-0.42803  0.2  0.2		4.1705503158		-1.0
	25139.99999999	7.8805		-0.56641  0.2  0.2		4.1705503158		-1.0
	25169.99999999	7.17637		-0.5948  0.2  0.2		4.1705503158		-1.0
	25199.99999999	6.48609		-0.53078  0.2  0.2		4.1705503158		-1.0
	25229.99999999	5.64771		-0.37009  0.2  0.2		4.1705503158		-1.0
	25259.99999999	5.13982		-0.11167  0.2  0.2		4.1705503158		-1.0
	25289.99999999	4.73012		-0.30309  0.2  0.2		4.1705503158		-1.0
	25319.99999999	4.39012		-0.45107  0.2  0.2		4.1705503158		-1.0
	25349.99999999	3.38037		-0.54544  0.2  0.2		4.1705503158		-1.0
	25379.99999999	3.66521		-0.54125  0.2  0.2		4.1705503158		-1.0
	25409.99999999	3.75565		-0.51379  0.2  0.2		4.1705503158		-1.0
	25439.99999999	3.81601		-0.71136  0.2  0.2		4.1705503158		-1.0
	25469.99999999	3.51601		-0.92939  0.2  0.2		4.1705503158		-1.0
	25499.99999999	3.15698		-0.80128  0.2  0.2		4.1705503158		-1.0
	25529.99999999	3.43384		-0.6264  0.2  0.2		4.1705503158		-1.0
	25559.99999999	3.82969		-0.75083  0.2  0.2		4.1705503158		-1.0
	25589.99999999	4.101		-0.66075  0.2  0.2		4.1705503158		-1.0
	25619.99999999	3.71483		-0.63776  0.2  0.2		4.1705503158		-1.0
	25649.99999999	3.07209		-0.79159  0.2  0.2		4.1705503158		-1.0
	25679.99999999	3.25683		-0.63613  0.2  0.2		4.1705503158		-1.0
	25709.99999999	3.88231		-0.6885  0.2  0.2		4.1705503158		-1.0
	25739.99999999	4.25929		-0.83986  0.2  0.2		4.1705503158		-1.0
	25769.99999999	4.516		-0.74829  0.2  0.2		4.1705503158		-1.0
	25799.99999999	5.09615		-0.64834  0.2  0.2		4.1705503158		-1.0
	25829.99999999	5.40033		-0.5986  0.2  0.2		4.1705503158		-1.0
	25859.99999999	5.53436		-0.86596  0.2  0.2		4.1705503158		-1.0
	25889.99999999	5.56288		-0.92788  0.2  0.2		4.1705503158		-1.0
	25919.99999999	5.16332		-0.7183  0.2  0.2		4.1705503158		-1.0
	25949.99999999	4.66321		-0.70005  0.2  0.2		4.1705503158		-1.0
	25979.99999999	4.18617		-0.95574  0.2  0.2		4.1705503158		-1.0
	26009.99999999	3.80296		-1.10259  0.2  0.2		4.1705503158		-1.0
	26039.99999999	3.83669		-0.81418  0.2  0.2		4.1705503158		-1.0
	26069.99999999	3.23093		-0.79636  0.2  0.2		4.1705503158		-1.0
	26099.99999999	2.82905		-0.96811  0.2  0.2		4.1705503158		-1.0
	26129.99999999	3.2987		-0.98032  0.2  0.2		4.1705503158		-1.0
	26159.99999999	3.9885		-0.89119  0.2  0.2		4.1705503158		-1.0
	26189.99999999	4.43307		-0.83766  0.2  0.2		4.1705503158		-1.0
	26219.99999999	4.71817		-0.58687  0.2  0.2		4.1705503158		-1.0
	26249.99999999	4.94164		-0.6866  0.2  0.2		4.1705503158		-1.0
	26279.99999999	5.20975		-0.72426  0.2  0.2		4.1705503158		-1.0
	26309.99999999	5.96977		-0.74774  0.2  0.2		4.1705503158		-1.0
	26339.99999999	6.74389		-0.7477  0.2  0.2		4.1705503158		-1.0
	26369.99999999	7.41384		-0.86162  0.2  0.2		4.1705503158		-1.0
	26399.99999999	7.71744		-0.70037  0.2  0.2		4.1705503158		-1.0
	26429.99999999	7.77705		-0.60603  0.2  0.2		4.1705503158		-1.0
	26459.99999999	8.17488		-0.59986  0.2  0.2		4.1705503158		-1.0
	26489.99999999	8.57013		-0.77723  0.2  0.2		4.1705503158		-1.0
	26519.99999999	9.00938		-1.01256  0.2  0.2		4.1705503158		-1.0
	26549.99999999	8.45823		-0.81439  0.2  0.2		4.1705503158		-1.0
	26579.99999999	7.80402		-0.79061  0.2  0.2		4.1705503158		-1.0
	26609.99999999	7.67365		-0.98134  0.2  0.2		4.1705503158		-1.0
	26639.99999999	7.65575		-0.97504  0.2  0.2		4.1705503158		-1.0
	26669.99999999	8.02307		-0.81047  0.2  0.2		4.1705503158		-1.0
	26699.99999999	8.50575		-0.90879  0.2  0.2		4.1705503158		-1.0
	26729.99999999	8.84464		-0.91748  0.2  0.2		4.1705503158		-1.0
	26759.99999999	9.48224		-0.93675  0.2  0.2		4.1705503158		-1.0
	26789.99999999	9.94659		-0.8403  0.2  0.2		4.1705503158		-1.0
	26819.99999999	10.11718		-0.8043  0.2  0.2		4.1705503158		-1.0
	26849.99999999	9.75803		-0.73402  0.2  0.2		4.1705503158		-1.0
	26879.99999999	8.80748		-0.74364  0.2  0.2		4.1705503158		-1.0
	26909.99999999	8.07797		-0.72507  0.2  0.2		4.1705503158		-1.0
	26939.99999999	7.26437		-0.62132  0.2  0.2		4.1705503158		-1.0
	26969.99999999	6.48197		-0.72328  0.2  0.2		4.1705503158		-1.0
	26999.99999999	6.09673		-0.80245  0.2  0.2		4.1705503158		-1.0
	27029.99999999	6.36659		-0.80642  0.2  0.2		4.1705503158		-1.0
	27059.99999999	6.65877		-0.90429  0.2  0.2		4.1705503158		-1.0
	27089.99999999	7.3848		-1.06404  0.2  0.2		4.1705503158		-1.0
	27119.99999999	7.08335		-1.02063  0.2  0.2		4.1705503158		-1.0
	27149.99999999	7.17744		-0.8594  0.2  0.2		4.1705503158		-1.0
	27179.99999999	6.71831		-0.80154  0.2  0.2		4.1705503158		-1.0
	27209.99999999	7.07774		-0.74421  0.2  0.2		4.1705503158		-1.0
