	45.00000000	4.64176		-0.02188  0.2  0.2		2.0852751579		-1.0
	90.00000000	4.94797		-0.29749  0.2  0.2		2.0852751579		-1.0
	135.00000000	4.29616		-0.52684  0.2  0.2		2.0852751579		-1.0
	180.00000000	4.25588		-0.43658  0.2  0.2		2.0852751579		-1.0
	225.00000000	3.93621		-0.05754  0.2  0.2		2.0852751579		-1.0
	270.00000000	3.87112		-0.07039  0.2  0.2		2.0852751579		-1.0
	315.00000000	4.52555		0.01291  0.2  0.2		2.0852751579		-1.0
	360.00000000	3.73078		0.02819  0.2  0.2		2.0852751579		-1.0
	405.00000000	4.21523		0.422  0.2  0.2		2.0852751579		-1.0
	450.00000000	3.85321		-0.024  0.2  0.2		2.0852751579		-1.0
	495.00000000	5.09045		0.29563  0.2  0.2		2.0852751579		-1.0
	540.00000000	4.78822		0.1177  0.2  0.2		2.0852751579		-1.0
	585.00000000	4.98926		0.13757  0.2  0.2		2.0852751579		-1.0
	630.00000000	4.84059		0.03672  0.2  0.2		2.0852751579		-1.0
	675.00000000	5.74886		0.21255  0.2  0.2		2.0852751579		-1.0
	720.00000000	5.27915		0.41934  0.2  0.2		2.0852751579		-1.0
	765.00000000	4.39798		0.6445  0.2  0.2		2.0852751579		-1.0
	810.00000000	4.65974		0.83331  0.2  0.2		2.0852751579		-1.0
	855.00000000	4.82983		0.94328  0.2  0.2		2.0852751579		-1.0
	900.00000000	4.26221		1.0084  0.2  0.2		2.0852751579		-1.0
	945.00000000	4.5496		0.73485  0.2  0.2		2.0852751579		-1.0
	990.00000000	4.18119		0.83004  0.2  0.2		2.0852751579		-1.0
	1035.00000000	4.93384		0.74396  0.2  0.2		2.0852751579		-1.0
	1080.00000000	4.99311		0.42602  0.2  0.2		2.0852751579		-1.0
	1125.00000000	5.76547		-0.0866  0.2  0.2		2.0852751579		-1.0
	1170.00000000	6.36665		-0.24276  0.2  0.2		2.0852751579		-1.0
	1215.00000000	6.27541		0.09951  0.2  0.2		2.0852751579		-1.0
	1260.00000000	5.39588		0.08908  0.2  0.2		2.0852751579		-1.0
	1305.00000000	5.39802		-0.01692  0.2  0.2		2.0852751579		-1.0
	1350.00000000	5.37193		0.08587  0.2  0.2		2.0852751579		-1.0
	1395.00000000	5.65471		0.03684  0.2  0.2		2.0852751579		-1.0
	1440.00000000	5.19137		-0.15873  0.2  0.2		2.0852751579		-1.0
	1485.00000000	4.39788		0.08857  0.2  0.2		2.0852751579		-1.0
	1530.00000000	3.92112		0.46075  0.2  0.2		2.0852751579		-1.0
	1575.00000000	3.92663		0.47321  0.2  0.2		2.0852751579		-1.0
	1620.00000000	3.75441		0.22742  0.2  0.2		2.0852751579		-1.0
	1665.00000000	3.80416		0.59295  0.2  0.2		2.0852751579		-1.0
	1710.00000000	3.66687		0.85803  0.2  0.2		2.0852751579		-1.0
	1755.00000000	3.95784		0.83784  0.2  0.2		2.0852751579		-1.0
	1800.00000000	4.03799		0.93677  0.2  0.2		2.0852751579		-1.0
	1845.00000000	3.84363		0.95496  0.2  0.2		2.0852751579		-1.0
	1890.00000000	3.75001		0.99668  0.2  0.2		2.0852751579		-1.0
	1935.00000000	4.29359		0.33092  0.2  0.2		2.0852751579		-1.0
	1980.00000000	6.04352		0.4485  0.2  0.2		2.0852751579		-1.0
	2025.00000000	6.17071		0.44536  0.2  0.2		2.0852751579		-1.0
	2070.00000000	4.71824		0.60377  0.2  0.2		2.0852751579		-1.0
	2115.00000000	4.02617		0.92163  0.2  0.2		2.0852751579		-1.0
	2160.00000000	4.52867		0.66524  0.2  0.2		2.0852751579		-1.0
	2205.00000000	5.27882		0.86957  0.2  0.2		2.0852751579		-1.0
	2250.00000000	4.89126		0.86374  0.2  0.2		2.0852751579		-1.0
	2295.00000000	3.53464		0.70987  0.2  0.2		2.0852751579		-1.0
	2340.00000000	3.08292		0.9565  0.2  0.2		2.0852751579		-1.0
	2385.00000000	2.98438		1.13356  0.2  0.2		2.0852751579		-1.0
	2430.00000000	3.1797		0.19854  0.2  0.2		2.0852751579		-1.0
	2475.00000000	3.42588		0.89041  0.2  0.2		2.0852751579		-1.0
	2520.00000000	3.27485		0.88698  0.2  0.2		2.0852751579		-1.0
	2565.00000000	2.45245		0.9406  0.2  0.2		2.0852751579		-1.0
	2610.00000000	2.08123		0.54955  0.2  0.2		2.0852751579		-1.0
	2655.00000000	2.1316		0.13616  0.2  0.2		2.0852751579		-1.0
	2700.00000000	2.1787		0.7393  0.2  0.2		2.0852751579		-1.0
	2745.00000000	2.14172		0.54556  0.2  0.2		2.0852751579		-1.0
	2790.00000000	1.99135		0.51914  0.2  0.2		2.0852751579		-1.0
	2835.00000000	1.92285		0.01866  0.2  0.2		2.0852751579		-1.0
	2880.00000000	2.04853		0.20702  0.2  0.2		2.0852751579		-1.0
	2925.00000000	2.14055		0.90779  0.2  0.2		2.0852751579		-1.0
	2970.00000000	2.24414		0.46852  0.2  0.2		2.0852751579		-1.0
	3015.00000000	2.0416		0.24318  0.2  0.2		2.0852751579		-1.0
	3060.00000000	2.05219		-0.42895  0.2  0.2		2.0852751579		-1.0
	3105.00000000	2.01533		-0.8094  0.2  0.2		2.0852751579		-1.0
	3150.00000000	2.02391		-0.24383  0.2  0.2		2.0852751579		-1.0
	3195.00000000	1.88147		-0.404  0.2  0.2		2.0852751579		-1.0
	3240.00000000	2.1388		-0.36794  0.2  0.2		2.0852751579		-1.0
	3285.00000000	2.33755		-0.17023  0.2  0.2		2.0852751579		-1.0
	3330.00000000	2.12807		0.17571  0.2  0.2		2.0852751579		-1.0
	3375.00000000	1.86623		-0.20915  0.2  0.2		2.0852751579		-1.0
	3420.00000000	2.1336		-0.58518  0.2  0.2		2.0852751579		-1.0
	3465.00000000	2.28423		-0.85015  0.2  0.2		2.0852751579		-1.0
	3510.00000000	2.28998		-0.87418  0.2  0.2		2.0852751579		-1.0
	3555.00000000	2.13239		-0.36359  0.2  0.2		2.0852751579		-1.0
	3600.00000000	1.86321		-0.51899  0.2  0.2		2.0852751579		-1.0
	3645.00000000	1.90223		-0.99904  0.2  0.2		2.0852751579		-1.0
	3690.00000000	2.14333		-0.99495  0.2  0.2		2.0852751579		-1.0
	3735.00000000	2.27822		-0.84853  0.2  0.2		2.0852751579		-1.0
	3780.00000000	2.25646		-0.6166  0.2  0.2		2.0852751579		-1.0
	3825.00000000	2.26719		-0.94493  0.2  0.2		2.0852751579		-1.0
	3870.00000000	2.18172		-0.82535  0.2  0.2		2.0852751579		-1.0
	3915.00000000	1.88164		-0.76818  0.2  0.2		2.0852751579		-1.0
	3960.00000000	2.21312		-0.46375  0.2  0.2		2.0852751579		-1.0
	4005.00000000	2.15302		-0.69552  0.2  0.2		2.0852751579		-1.0
	4050.00000000	2.06281		-0.58007  0.2  0.2		2.0852751579		-1.0
	4095.00000000	2.09231		-0.56027  0.2  0.2		2.0852751579		-1.0
	4140.00000000	2.12521		-0.83909  0.2  0.2		2.0852751579		-1.0
	4185.00000000	2.08326		-0.87176  0.2  0.2		2.0852751579		-1.0
	4230.00000000	2.24918		-0.34294  0.2  0.2		2.0852751579		-1.0
	4275.00000000	1.96126		-0.36063  0.2  0.2		2.0852751579		-1.0
	4320.00000000	2.35257		-0.01683  0.2  0.2		2.0852751579		-1.0
	4365.00000000	2.01665		-0.34369  0.2  0.2		2.0852751579		-1.0
	4410.00000000	2.12467		0.54944  0.2  0.2		2.0852751579		-1.0
	4455.00000000	1.94135		0.9885  0.2  0.2		2.0852751579		-1.0
	4500.00000000	2.23623		1.2025  0.2  0.2		2.0852751579		-1.0
	4545.00000000	2.24846		1.36844  0.2  0.2		2.0852751579		-1.0
	4590.00000000	2.28216		1.52294  0.2  0.2		2.0852751579		-1.0
	4635.00000000	2.27271		1.30942  0.2  0.2		2.0852751579		-1.0
	4680.00000000	2.23264		1.0622  0.2  0.2		2.0852751579		-1.0
	4725.00000000	2.19002		0.96815  0.2  0.2		2.0852751579		-1.0
	4770.00000000	2.06894		1.07619  0.2  0.2		2.0852751579		-1.0
	4815.00000000	2.1431		1.36395  0.2  0.2		2.0852751579		-1.0
	4860.00000000	2.21654		1.46893  0.2  0.2		2.0852751579		-1.0
	4905.00000000	2.21459		1.53624  0.2  0.2		2.0852751579		-1.0
	4950.00000000	2.14982		1.44055  0.2  0.2		2.0852751579		-1.0
	4995.00000000	2.18712		0.80233  0.2  0.2		2.0852751579		-1.0
	5040.00000000	2.18807		0.95727  0.2  0.2		2.0852751579		-1.0
	5085.00000000	1.8765		0.91113  0.2  0.2		2.0852751579		-1.0
	5130.00000000	2.17814		0.52254  0.2  0.2		2.0852751579		-1.0
	5175.00000000	2.07409		0.78647  0.2  0.2		2.0852751579		-1.0
	5220.00000000	1.94968		0.89056  0.2  0.2		2.0852751579		-1.0
	5265.00000000	2.17429		0.83289  0.2  0.2		2.0852751579		-1.0
	5310.00000000	2.00735		1.19803  0.2  0.2		2.0852751579		-1.0
	5355.00000000	1.98251		0.9767  0.2  0.2		2.0852751579		-1.0
	5400.00000000	2.23355		1.50075  0.2  0.2		2.0852751579		-1.0
	5445.00000000	2.25354		1.88203  0.2  0.2		2.0852751579		-1.0
	5490.00000000	2.22145		2.24789  0.2  0.2		2.0852751579		-1.0
	5535.00000000	2.18931		2.05272  0.2  0.2		2.0852751579		-1.0
	5580.00000000	2.16453		2.30208  0.2  0.2		2.0852751579		-1.0
	5625.00000000	2.15504		2.74381  0.2  0.2		2.0852751579		-1.0
	5670.00000000	2.09695		3.0498  0.2  0.2		2.0852751579		-1.0
	5715.00000000	2.03923		-2.54326  0.2  0.2		2.0852751579		-1.0
	5760.00000000	2.03132		-2.36524  0.2  0.2		2.0852751579		-1.0
	5805.00000000	2.09385		-2.16589  0.2  0.2		2.0852751579		-1.0
	5850.00000000	2.17801		-2.3337  0.2  0.2		2.0852751579		-1.0
	5895.00000000	2.23122		-1.99994  0.2  0.2		2.0852751579		-1.0
	5940.00000000	2.22222		-2.25841  0.2  0.2		2.0852751579		-1.0
	5985.00000000	2.19289		-1.95057  0.2  0.2		2.0852751579		-1.0
	6030.00000000	2.22218		-1.76837  0.2  0.2		2.0852751579		-1.0
	6075.00000000	2.21333		-2.15281  0.2  0.2		2.0852751579		-1.0
	6120.00000000	2.17721		-2.87076  0.2  0.2		2.0852751579		-1.0
	6165.00000000	2.1768		3.07273  0.2  0.2		2.0852751579		-1.0
	6210.00000000	2.1171		2.82661  0.2  0.2		2.0852751579		-1.0
	6255.00000000	2.09063		-2.92505  0.2  0.2		2.0852751579		-1.0
	6300.00000000	2.02366		-2.96064  0.2  0.2		2.0852751579		-1.0
	6345.00000000	1.97695		-2.78757  0.2  0.2		2.0852751579		-1.0
	6390.00000000	2.02127		-3.06751  0.2  0.2		2.0852751579		-1.0
	6435.00000000	2.14547		-2.68611  0.2  0.2		2.0852751579		-1.0
	6480.00000000	1.95291		-3.00175  0.2  0.2		2.0852751579		-1.0
	6525.00000000	2.08967		3.04146  0.2  0.2		2.0852751579		-1.0
	6570.00000000	2.13991		2.51712  0.2  0.2		2.0852751579		-1.0
	6615.00000000	2.19334		2.48591  0.2  0.2		2.0852751579		-1.0
	6660.00000000	2.24259		2.51708  0.2  0.2		2.0852751579		-1.0
	6705.00000000	2.23836		2.18591  0.2  0.2		2.0852751579		-1.0
	6750.00000000	2.23261		1.89653  0.2  0.2		2.0852751579		-1.0
	6795.00000000	2.16939		1.9173  0.2  0.2		2.0852751579		-1.0
	6840.00000000	2.1856		2.71841  0.2  0.2		2.0852751579		-1.0
	6885.00000000	2.00229		-3.11678  0.2  0.2		2.0852751579		-1.0
	6930.00000000	2.20161		-2.81212  0.2  0.2		2.0852751579		-1.0
	6975.00000000	2.05576		2.9028  0.2  0.2		2.0852751579		-1.0
	7020.00000000	1.96282		2.43149  0.2  0.2		2.0852751579		-1.0
	7065.00000000	2.12723		2.02059  0.2  0.2		2.0852751579		-1.0
	7110.00000000	2.164		1.73579  0.2  0.2		2.0852751579		-1.0
	7155.00000000	2.10499		1.82501  0.2  0.2		2.0852751579		-1.0
	7200.00000000	2.06249		1.97191  0.2  0.2		2.0852751579		-1.0
	7245.00000000	2.12539		2.12358  0.2  0.2		2.0852751579		-1.0
	7290.00000000	2.11403		2.18816  0.2  0.2		2.0852751579		-1.0
	7335.00000000	2.02156		2.14331  0.2  0.2		2.0852751579		-1.0
	7380.00000000	2.05497		2.33569  0.2  0.2		2.0852751579		-1.0
	7425.00000000	1.99485		2.91973  0.2  0.2		2.0852751579		-1.0
	7470.00000000	2.07616		-2.32557  0.2  0.2		2.0852751579		-1.0
	7515.00000000	1.99141		-1.922  0.2  0.2		2.0852751579		-1.0
	7560.00000000	1.9132		-1.60745  0.2  0.2		2.0852751579		-1.0
	7605.00000000	1.91229		-1.40708  0.2  0.2		2.0852751579		-1.0
	7650.00000000	1.97154		-1.52577  0.2  0.2		2.0852751579		-1.0
	7695.00000000	2.1122		-2.01259  0.2  0.2		2.0852751579		-1.0
	7740.00000000	2.13848		-2.34934  0.2  0.2		2.0852751579		-1.0
	7785.00000000	1.93587		-2.64013  0.2  0.2		2.0852751579		-1.0
	7830.00000000	1.93837		-2.95503  0.2  0.2		2.0852751579		-1.0
	7875.00000000	2.15308		-2.83375  0.2  0.2		2.0852751579		-1.0
	7920.00000000	2.05085		-2.62986  0.2  0.2		2.0852751579		-1.0
	7965.00000000	2.23433		-2.26357  0.2  0.2		2.0852751579		-1.0
	8010.00000000	2.00952		-2.52877  0.2  0.2		2.0852751579		-1.0
	8055.00000000	2.04436		-1.91455  0.2  0.2		2.0852751579		-1.0
	8100.00000000	2.24953		-1.59094  0.2  0.2		2.0852751579		-1.0
	8145.00000000	2.03449		-1.60346  0.2  0.2		2.0852751579		-1.0
	8190.00000000	1.92885		-1.6028  0.2  0.2		2.0852751579		-1.0
	8235.00000000	2.25587		-1.62954  0.2  0.2		2.0852751579		-1.0
	8280.00000000	2.26545		-1.35978  0.2  0.2		2.0852751579		-1.0
	8325.00000000	2.03535		-1.21962  0.2  0.2		2.0852751579		-1.0
	8370.00000000	1.92338		-1.20696  0.2  0.2		2.0852751579		-1.0
	8415.00000000	2.20304		-1.35794  0.2  0.2		2.0852751579		-1.0
	8460.00000000	2.12182		-1.33937  0.2  0.2		2.0852751579		-1.0
	8505.00000000	2.03896		-1.22483  0.2  0.2		2.0852751579		-1.0
	8550.00000000	2.19348		-1.49037  0.2  0.2		2.0852751579		-1.0
	8595.00000000	1.99714		-1.22707  0.2  0.2		2.0852751579		-1.0
	8640.00000000	2.09483		-1.30714  0.2  0.2		2.0852751579		-1.0
	8685.00000000	2.15503		-1.19109  0.2  0.2		2.0852751579		-1.0
	8730.00000000	2.00769		-0.97785  0.2  0.2		2.0852751579		-1.0
	8775.00000000	2.05416		-0.86203  0.2  0.2		2.0852751579		-1.0
	8820.00000000	1.98565		-1.33112  0.2  0.2		2.0852751579		-1.0
	8865.00000000	2.04535		-1.79262  0.2  0.2		2.0852751579		-1.0
	8910.00000000	2.11129		-2.15338  0.2  0.2		2.0852751579		-1.0
	8955.00000000	1.93703		-2.08025  0.2  0.2		2.0852751579		-1.0
	9000.00000000	2.10135		-2.11439  0.2  0.2		2.0852751579		-1.0
	9045.00000000	2.04714		-2.07279  0.2  0.2		2.0852751579		-1.0
	9090.00000000	2.0175		-1.89966  0.2  0.2		2.0852751579		-1.0
	9135.00000000	2.07759		-1.351  0.2  0.2		2.0852751579		-1.0
	9180.00000000	2.09759		-1.00986  0.2  0.2		2.0852751579		-1.0
	9225.00000000	1.96376		-1.01233  0.2  0.2		2.0852751579		-1.0
	9270.00000000	1.99179		-0.8081  0.2  0.2		2.0852751579		-1.0
	9315.00000000	2.00258		-0.49051  0.2  0.2		2.0852751579		-1.0
	9360.00000000	2.01883		-0.23563  0.2  0.2		2.0852751579		-1.0
	9405.00000000	1.99492		-0.01668  0.2  0.2		2.0852751579		-1.0
	9450.00000000	2.11298		0.11396  0.2  0.2		2.0852751579		-1.0
	9495.00000000	2.0708		0.05076  0.2  0.2		2.0852751579		-1.0
	9540.00000000	2.06944		0.07788  0.2  0.2		2.0852751579		-1.0
	9585.00000000	2.12376		0.10748  0.2  0.2		2.0852751579		-1.0
	9630.00000000	2.14353		0.1338  0.2  0.2		2.0852751579		-1.0
	9675.00000000	2.02986		0.29141  0.2  0.2		2.0852751579		-1.0
	9720.00000000	1.92875		0.56723  0.2  0.2		2.0852751579		-1.0
	9765.00000000	2.15982		1.27812  0.2  0.2		2.0852751579		-1.0
	9810.00000000	2.14152		1.40794  0.2  0.2		2.0852751579		-1.0
	9855.00000000	2.17388		1.57842  0.2  0.2		2.0852751579		-1.0
	9900.00000000	2.1199		1.72311  0.2  0.2		2.0852751579		-1.0
	9945.00000000	1.93121		2.45779  0.2  0.2		2.0852751579		-1.0
	9990.00000000	2.11153		2.92609  0.2  0.2		2.0852751579		-1.0
