	45.00000000	8.70977		-0.87332  0.2  0.2		2.0852751579		-1.0
	90.00000000	9.50284		-0.88507  0.2  0.2		2.0852751579		-1.0
	135.00000000	9.24478		-0.90141  0.2  0.2		2.0852751579		-1.0
	180.00000000	8.98353		-0.82791  0.2  0.2		2.0852751579		-1.0
	225.00000000	8.70694		-1.12001  0.2  0.2		2.0852751579		-1.0
	270.00000000	8.41463		-1.0568  0.2  0.2		2.0852751579		-1.0
	315.00000000	8.63167		-1.04591  0.2  0.2		2.0852751579		-1.0
	360.00000000	8.65627		-1.05646  0.2  0.2		2.0852751579		-1.0
	405.00000000	8.37253		-1.1209  0.2  0.2		2.0852751579		-1.0
	450.00000000	8.49993		-0.95658  0.2  0.2		2.0852751579		-1.0
	495.00000000	9.11302		-1.35081  0.2  0.2		2.0852751579		-1.0
	540.00000000	8.80733		-1.17066  0.2  0.2		2.0852751579		-1.0
	585.00000000	7.63819		-1.14371  0.2  0.2		2.0852751579		-1.0
	630.00000000	8.50789		-1.04921  0.2  0.2		2.0852751579		-1.0
	675.00000000	9.08761		-0.31704  0.2  0.2		2.0852751579		-1.0
	720.00000000	8.72753		-1.76736  0.2  0.2		2.0852751579		-1.0
	765.00000000	8.84767		-1.1851  0.2  0.2		2.0852751579		-1.0
	810.00000000	9.05693		-1.41419  0.2  0.2		2.0852751579		-1.0
	855.00000000	8.90794		-1.57552  0.2  0.2		2.0852751579		-1.0
	900.00000000	8.7108		-1.3912  0.2  0.2		2.0852751579		-1.0
	945.00000000	8.10981		-1.31528  0.2  0.2		2.0852751579		-1.0
	990.00000000	8.46939		-1.36509  0.2  0.2		2.0852751579		-1.0
	1035.00000000	8.3953		-0.98819  0.2  0.2		2.0852751579		-1.0
	1080.00000000	7.70514		-1.12331  0.2  0.2		2.0852751579		-1.0
	1125.00000000	7.95045		-1.18211  0.2  0.2		2.0852751579		-1.0
	1170.00000000	8.34236		-1.26857  0.2  0.2		2.0852751579		-1.0
	1215.00000000	8.14606		-1.12036  0.2  0.2		2.0852751579		-1.0
	1260.00000000	8.96032		-0.80032  0.2  0.2		2.0852751579		-1.0
	1305.00000000	9.4433		-0.98987  0.2  0.2		2.0852751579		-1.0
	1350.00000000	8.94708		-1.0206  0.2  0.2		2.0852751579		-1.0
	1395.00000000	9.48042		-1.40584  0.2  0.2		2.0852751579		-1.0
	1440.00000000	8.89711		-0.99583  0.2  0.2		2.0852751579		-1.0
	1485.00000000	9.41063		-1.10308  0.2  0.2		2.0852751579		-1.0
	1530.00000000	8.86183		-1.05504  0.2  0.2		2.0852751579		-1.0
	1575.00000000	8.86196		-1.2481  0.2  0.2		2.0852751579		-1.0
	1620.00000000	9.21349		-0.57143  0.2  0.2		2.0852751579		-1.0
	1665.00000000	9.30908		-0.47642  0.2  0.2		2.0852751579		-1.0
	1710.00000000	9.56749		-0.74253  0.2  0.2		2.0852751579		-1.0
	1755.00000000	8.99937		-0.64218  0.2  0.2		2.0852751579		-1.0
	1800.00000000	8.2387		-0.96041  0.2  0.2		2.0852751579		-1.0
	1845.00000000	7.72098		-1.00522  0.2  0.2		2.0852751579		-1.0
	1890.00000000	8.01914		-0.95326  0.2  0.2		2.0852751579		-1.0
	1935.00000000	7.04099		-1.21259  0.2  0.2		2.0852751579		-1.0
	1980.00000000	7.48975		-1.05352  0.2  0.2		2.0852751579		-1.0
	2025.00000000	7.00639		-1.0804  0.2  0.2		2.0852751579		-1.0
	2070.00000000	8.1148		-0.73946  0.2  0.2		2.0852751579		-1.0
	2115.00000000	8.6015		-0.78206  0.2  0.2		2.0852751579		-1.0
	2160.00000000	9.29098		-0.75087  0.2  0.2		2.0852751579		-1.0
	2205.00000000	9.38145		-0.58342  0.2  0.2		2.0852751579		-1.0
	2250.00000000	9.51388		-0.43731  0.2  0.2		2.0852751579		-1.0
	2295.00000000	9.68181		-0.44644  0.2  0.2		2.0852751579		-1.0
	2340.00000000	9.6247		-0.52063  0.2  0.2		2.0852751579		-1.0
	2385.00000000	9.92547		-0.59936  0.2  0.2		2.0852751579		-1.0
	2430.00000000	9.71153		-0.44707  0.2  0.2		2.0852751579		-1.0
	2475.00000000	9.79296		-0.74814  0.2  0.2		2.0852751579		-1.0
	2520.00000000	9.89989		-0.88292  0.2  0.2		2.0852751579		-1.0
	2565.00000000	8.91033		-0.66652  0.2  0.2		2.0852751579		-1.0
	2610.00000000	8.28269		-0.75065  0.2  0.2		2.0852751579		-1.0
	2655.00000000	9.31906		-0.74449  0.2  0.2		2.0852751579		-1.0
	2700.00000000	9.38153		-0.98398  0.2  0.2		2.0852751579		-1.0
	2745.00000000	8.59065		-0.88182  0.2  0.2		2.0852751579		-1.0
	2790.00000000	9.21323		-0.97102  0.2  0.2		2.0852751579		-1.0
	2835.00000000	9.01489		-0.85418  0.2  0.2		2.0852751579		-1.0
	2880.00000000	8.63627		-0.62717  0.2  0.2		2.0852751579		-1.0
	2925.00000000	8.83949		-0.91821  0.2  0.2		2.0852751579		-1.0
	2970.00000000	9.62333		-0.55994  0.2  0.2		2.0852751579		-1.0
	3015.00000000	9.65379		-1.0868  0.2  0.2		2.0852751579		-1.0
	3060.00000000	9.14345		-1.00305  0.2  0.2		2.0852751579		-1.0
	3105.00000000	9.28121		-1.26216  0.2  0.2		2.0852751579		-1.0
	3150.00000000	9.34088		-1.30126  0.2  0.2		2.0852751579		-1.0
	3195.00000000	9.4556		-0.9028  0.2  0.2		2.0852751579		-1.0
	3240.00000000	9.24414		-1.41295  0.2  0.2		2.0852751579		-1.0
	3285.00000000	9.52769		-0.93628  0.2  0.2		2.0852751579		-1.0
	3330.00000000	9.75943		-0.88149  0.2  0.2		2.0852751579		-1.0
	3375.00000000	9.69934		-1.16875  0.2  0.2		2.0852751579		-1.0
	3420.00000000	8.89211		-0.56944  0.2  0.2		2.0852751579		-1.0
	3465.00000000	8.3246		-0.85158  0.2  0.2		2.0852751579		-1.0
	3510.00000000	8.74833		-0.71554  0.2  0.2		2.0852751579		-1.0
	3555.00000000	8.43477		-0.65975  0.2  0.2		2.0852751579		-1.0
	3600.00000000	8.94789		-0.77713  0.2  0.2		2.0852751579		-1.0
	3645.00000000	9.30122		-0.81845  0.2  0.2		2.0852751579		-1.0
	3690.00000000	8.4251		-0.71496  0.2  0.2		2.0852751579		-1.0
	3735.00000000	8.13149		-1.10925  0.2  0.2		2.0852751579		-1.0
	3780.00000000	8.21406		-1.04575  0.2  0.2		2.0852751579		-1.0
	3825.00000000	7.67275		-1.06643  0.2  0.2		2.0852751579		-1.0
	3870.00000000	8.43841		-1.26169  0.2  0.2		2.0852751579		-1.0
	3915.00000000	7.991		-1.10695  0.2  0.2		2.0852751579		-1.0
	3960.00000000	8.19658		-1.00199  0.2  0.2		2.0852751579		-1.0
	4005.00000000	9.16612		-1.22769  0.2  0.2		2.0852751579		-1.0
	4050.00000000	9.31288		-0.83384  0.2  0.2		2.0852751579		-1.0
	4095.00000000	9.70523		-1.01778  0.2  0.2		2.0852751579		-1.0
	4140.00000000	9.11353		-1.20905  0.2  0.2		2.0852751579		-1.0
	4185.00000000	9.03951		-1.09452  0.2  0.2		2.0852751579		-1.0
	4230.00000000	8.98874		-1.19446  0.2  0.2		2.0852751579		-1.0
	4275.00000000	8.61041		-1.26183  0.2  0.2		2.0852751579		-1.0
	4320.00000000	9.01738		-1.32303  0.2  0.2		2.0852751579		-1.0
	4365.00000000	9.869		-1.30288  0.2  0.2		2.0852751579		-1.0
	4410.00000000	9.6011		-1.05993  0.2  0.2		2.0852751579		-1.0
	4455.00000000	9.92454		-0.93679  0.2  0.2		2.0852751579		-1.0
	4500.00000000	9.84552		-0.66649  0.2  0.2		2.0852751579		-1.0
	4545.00000000	10.49128		-0.71029  0.2  0.2		2.0852751579		-1.0
	4590.00000000	10.17989		-0.42556  0.2  0.2		2.0852751579		-1.0
	4635.00000000	10.27664		-0.39301  0.2  0.2		2.0852751579		-1.0
	4680.00000000	9.925		-0.42215  0.2  0.2		2.0852751579		-1.0
	4725.00000000	10.19422		-0.40404  0.2  0.2		2.0852751579		-1.0
	4770.00000000	10.3844		-0.3664  0.2  0.2		2.0852751579		-1.0
	4815.00000000	10.32963		-0.47655  0.2  0.2		2.0852751579		-1.0
	4860.00000000	10.16318		-0.75968  0.2  0.2		2.0852751579		-1.0
	4905.00000000	10.11665		-0.81944  0.2  0.2		2.0852751579		-1.0
	4950.00000000	10.63775		-0.95849  0.2  0.2		2.0852751579		-1.0
	4995.00000000	10.80716		-0.53822  0.2  0.2		2.0852751579		-1.0
	5040.00000000	10.72512		-0.44981  0.2  0.2		2.0852751579		-1.0
	5085.00000000	10.5881		-0.47507  0.2  0.2		2.0852751579		-1.0
	5130.00000000	10.44851		-0.42767  0.2  0.2		2.0852751579		-1.0
	5175.00000000	10.99968		-0.65633  0.2  0.2		2.0852751579		-1.0
	5220.00000000	10.45656		-0.68876  0.2  0.2		2.0852751579		-1.0
	5265.00000000	10.71064		-0.40513  0.2  0.2		2.0852751579		-1.0
	5310.00000000	10.80178		-0.21488  0.2  0.2		2.0852751579		-1.0
	5355.00000000	10.86919		-0.47696  0.2  0.2		2.0852751579		-1.0
	5400.00000000	10.73904		-0.23132  0.2  0.2		2.0852751579		-1.0
	5445.00000000	11.25125		-0.34224  0.2  0.2		2.0852751579		-1.0
	5490.00000000	11.22515		-0.16046  0.2  0.2		2.0852751579		-1.0
	5535.00000000	11.14524		-0.15378  0.2  0.2		2.0852751579		-1.0
	5580.00000000	11.31644		-0.08904  0.2  0.2		2.0852751579		-1.0
	5625.00000000	11.12863		-0.24692  0.2  0.2		2.0852751579		-1.0
	5670.00000000	11.48879		-0.53597  0.2  0.2		2.0852751579		-1.0
	5715.00000000	11.12622		-0.19794  0.2  0.2		2.0852751579		-1.0
	5760.00000000	11.17242		-0.01591  0.2  0.2		2.0852751579		-1.0
	5805.00000000	11.53363		-0.08422  0.2  0.2		2.0852751579		-1.0
	5850.00000000	10.92636		-0.10329  0.2  0.2		2.0852751579		-1.0
	5895.00000000	11.42696		-0.05822  0.2  0.2		2.0852751579		-1.0
	5940.00000000	11.39931		-0.17802  0.2  0.2		2.0852751579		-1.0
	5985.00000000	11.17903		-0.27455  0.2  0.2		2.0852751579		-1.0
	6030.00000000	11.14905		-0.13771  0.2  0.2		2.0852751579		-1.0
	6075.00000000	10.77022		-0.40088  0.2  0.2		2.0852751579		-1.0
	6120.00000000	10.82266		-0.53598  0.2  0.2		2.0852751579		-1.0
	6165.00000000	10.87457		-0.54929  0.2  0.2		2.0852751579		-1.0
	6210.00000000	10.92022		-0.68465  0.2  0.2		2.0852751579		-1.0
	6255.00000000	11.01366		-0.50372  0.2  0.2		2.0852751579		-1.0
	6300.00000000	11.44972		-0.39247  0.2  0.2		2.0852751579		-1.0
	6345.00000000	11.55739		-0.1374  0.2  0.2		2.0852751579		-1.0
	6390.00000000	11.73593		-0.15338  0.2  0.2		2.0852751579		-1.0
	6435.00000000	11.73138		-0.25363  0.2  0.2		2.0852751579		-1.0
	6480.00000000	10.80087		-0.37085  0.2  0.2		2.0852751579		-1.0
	6525.00000000	10.56903		-0.04872  0.2  0.2		2.0852751579		-1.0
	6570.00000000	11.13036		0.4368  0.2  0.2		2.0852751579		-1.0
	6615.00000000	11.10894		0.45697  0.2  0.2		2.0852751579		-1.0
	6660.00000000	10.8682		0.15343  0.2  0.2		2.0852751579		-1.0
	6705.00000000	11.44288		0.04888  0.2  0.2		2.0852751579		-1.0
	6750.00000000	11.35523		0.1651  0.2  0.2		2.0852751579		-1.0
	6795.00000000	11.02057		0.22655  0.2  0.2		2.0852751579		-1.0
	6840.00000000	11.07057		0.48329  0.2  0.2		2.0852751579		-1.0
	6885.00000000	11.47098		0.41592  0.2  0.2		2.0852751579		-1.0
	6930.00000000	11.00552		0.35521  0.2  0.2		2.0852751579		-1.0
	6975.00000000	10.79418		0.58575  0.2  0.2		2.0852751579		-1.0
	7020.00000000	10.67489		0.53445  0.2  0.2		2.0852751579		-1.0
	7065.00000000	10.41265		0.42424  0.2  0.2		2.0852751579		-1.0
	7110.00000000	10.38419		0.63125  0.2  0.2		2.0852751579		-1.0
	7155.00000000	10.00903		0.63249  0.2  0.2		2.0852751579		-1.0
	7200.00000000	10.45846		0.53673  0.2  0.2		2.0852751579		-1.0
	7245.00000000	9.79874		0.53353  0.2  0.2		2.0852751579		-1.0
	7290.00000000	9.2819		0.45983  0.2  0.2		2.0852751579		-1.0
	7335.00000000	9.36679		0.65363  0.2  0.2		2.0852751579		-1.0
	7380.00000000	9.67567		0.55372  0.2  0.2		2.0852751579		-1.0
	7425.00000000	9.47152		0.21276  0.2  0.2		2.0852751579		-1.0
	7470.00000000	10.25492		0.25  0.2  0.2		2.0852751579		-1.0
	7515.00000000	9.24808		0.40328  0.2  0.2		2.0852751579		-1.0
	7560.00000000	9.81626		0.21273  0.2  0.2		2.0852751579		-1.0
	7605.00000000	9.8513		0.3467  0.2  0.2		2.0852751579		-1.0
	7650.00000000	9.88765		0.12124  0.2  0.2		2.0852751579		-1.0
	7695.00000000	9.82715		0.37301  0.2  0.2		2.0852751579		-1.0
	7740.00000000	10.24245		0.41072  0.2  0.2		2.0852751579		-1.0
	7785.00000000	9.77354		0.27906  0.2  0.2		2.0852751579		-1.0
	7830.00000000	9.75944		0.42736  0.2  0.2		2.0852751579		-1.0
	7875.00000000	9.97655		0.55922  0.2  0.2		2.0852751579		-1.0
	7920.00000000	10.46434		0.30432  0.2  0.2		2.0852751579		-1.0
	7965.00000000	10.34326		0.39781  0.2  0.2		2.0852751579		-1.0
	8010.00000000	9.9029		0.55353  0.2  0.2		2.0852751579		-1.0
	8055.00000000	10.16762		0.49272  0.2  0.2		2.0852751579		-1.0
	8100.00000000	10.52456		0.38232  0.2  0.2		2.0852751579		-1.0
	8145.00000000	9.85798		0.4029  0.2  0.2		2.0852751579		-1.0
	8190.00000000	9.61321		0.53029  0.2  0.2		2.0852751579		-1.0
	8235.00000000	10.05688		0.39556  0.2  0.2		2.0852751579		-1.0
	8280.00000000	10.95432		0.29496  0.2  0.2		2.0852751579		-1.0
	8325.00000000	10.39922		0.31833  0.2  0.2		2.0852751579		-1.0
	8370.00000000	8.86822		0.40779  0.2  0.2		2.0852751579		-1.0
	8415.00000000	9.13908		0.50777  0.2  0.2		2.0852751579		-1.0
	8460.00000000	9.2547		0.35555  0.2  0.2		2.0852751579		-1.0
	8505.00000000	9.45434		0.28945  0.2  0.2		2.0852751579		-1.0
	8550.00000000	9.47554		0.59309  0.2  0.2		2.0852751579		-1.0
	8595.00000000	9.08845		0.61027  0.2  0.2		2.0852751579		-1.0
	8640.00000000	9.04412		0.47502  0.2  0.2		2.0852751579		-1.0
	8685.00000000	9.40024		0.6048  0.2  0.2		2.0852751579		-1.0
	8730.00000000	9.71421		0.564  0.2  0.2		2.0852751579		-1.0
	8775.00000000	10.16948		0.70467  0.2  0.2		2.0852751579		-1.0
	8820.00000000	10.65339		0.6974  0.2  0.2		2.0852751579		-1.0
	8865.00000000	9.63143		0.76199  0.2  0.2		2.0852751579		-1.0
	8910.00000000	10.28981		0.7129  0.2  0.2		2.0852751579		-1.0
	8955.00000000	9.97092		0.8628  0.2  0.2		2.0852751579		-1.0
	9000.00000000	9.50142		0.79859  0.2  0.2		2.0852751579		-1.0
	9045.00000000	9.41936		0.78553  0.2  0.2		2.0852751579		-1.0
	9090.00000000	9.55069		0.90789  0.2  0.2		2.0852751579		-1.0
	9135.00000000	8.96473		0.89649  0.2  0.2		2.0852751579		-1.0
	9180.00000000	9.26918		0.94186  0.2  0.2		2.0852751579		-1.0
	9225.00000000	9.31546		1.07045  0.2  0.2		2.0852751579		-1.0
	9270.00000000	8.84941		1.04144  0.2  0.2		2.0852751579		-1.0
	9315.00000000	9.80429		1.054  0.2  0.2		2.0852751579		-1.0
	9360.00000000	9.40436		0.99165  0.2  0.2		2.0852751579		-1.0
	9405.00000000	8.7983		0.92102  0.2  0.2		2.0852751579		-1.0
	9450.00000000	8.31209		1.04301  0.2  0.2		2.0852751579		-1.0
	9495.00000000	8.22342		0.91573  0.2  0.2		2.0852751579		-1.0
	9540.00000000	9.08454		0.98499  0.2  0.2		2.0852751579		-1.0
	9585.00000000	9.84914		0.91246  0.2  0.2		2.0852751579		-1.0
	9630.00000000	8.70187		0.91067  0.2  0.2		2.0852751579		-1.0
	9675.00000000	8.99336		0.77419  0.2  0.2		2.0852751579		-1.0
	9720.00000000	8.67431		0.78824  0.2  0.2		2.0852751579		-1.0
	9765.00000000	8.45515		0.77259  0.2  0.2		2.0852751579		-1.0
	9810.00000000	8.47989		0.84327  0.2  0.2		2.0852751579		-1.0
	9855.00000000	8.18432		0.80168  0.2  0.2		2.0852751579		-1.0
	9900.00000000	7.58888		0.95344  0.2  0.2		2.0852751579		-1.0
	9945.00000000	7.93865		1.19423  0.2  0.2		2.0852751579		-1.0
	9990.00000000	7.79946		1.0963  0.2  0.2		2.0852751579		-1.0
