	45.00000000	6.63955		-0.86985  0.2  0.2		2.0852751579		-1.0
	90.00000000	6.75379		-0.88475  0.2  0.2		2.0852751579		-1.0
	135.00000000	6.85719		-0.72832  0.2  0.2		2.0852751579		-1.0
	180.00000000	7.36811		-0.76203  0.2  0.2		2.0852751579		-1.0
	225.00000000	6.87726		-0.66691  0.2  0.2		2.0852751579		-1.0
	270.00000000	6.35784		-0.95659  0.2  0.2		2.0852751579		-1.0
	315.00000000	6.32371		-0.61257  0.2  0.2		2.0852751579		-1.0
	360.00000000	5.87799		-0.75809  0.2  0.2		2.0852751579		-1.0
	405.00000000	5.25266		-0.85033  0.2  0.2		2.0852751579		-1.0
	450.00000000	5.02154		-0.89678  0.2  0.2		2.0852751579		-1.0
	495.00000000	4.98641		-0.61914  0.2  0.2		2.0852751579		-1.0
	540.00000000	5.22567		-0.71622  0.2  0.2		2.0852751579		-1.0
	585.00000000	5.70674		-0.79703  0.2  0.2		2.0852751579		-1.0
	630.00000000	5.73053		-0.8241  0.2  0.2		2.0852751579		-1.0
	675.00000000	5.95789		-0.8919  0.2  0.2		2.0852751579		-1.0
	720.00000000	5.86379		-0.73546  0.2  0.2		2.0852751579		-1.0
	765.00000000	5.91266		-0.53239  0.2  0.2		2.0852751579		-1.0
	810.00000000	6.24551		-0.5783  0.2  0.2		2.0852751579		-1.0
	855.00000000	6.17001		-0.63235  0.2  0.2		2.0852751579		-1.0
	900.00000000	6.54474		-0.84678  0.2  0.2		2.0852751579		-1.0
	945.00000000	6.76586		-0.76198  0.2  0.2		2.0852751579		-1.0
	990.00000000	6.79156		-0.49892  0.2  0.2		2.0852751579		-1.0
	1035.00000000	7.30367		-0.82656  0.2  0.2		2.0852751579		-1.0
	1080.00000000	7.43297		-0.64736  0.2  0.2		2.0852751579		-1.0
	1125.00000000	7.12942		-0.65253  0.2  0.2		2.0852751579		-1.0
	1170.00000000	7.49013		-0.72744  0.2  0.2		2.0852751579		-1.0
	1215.00000000	7.69252		-0.88516  0.2  0.2		2.0852751579		-1.0
	1260.00000000	7.05359		-0.77847  0.2  0.2		2.0852751579		-1.0
	1305.00000000	6.99636		-0.83139  0.2  0.2		2.0852751579		-1.0
	1350.00000000	7.44917		-0.96524  0.2  0.2		2.0852751579		-1.0
	1395.00000000	7.3431		-0.93708  0.2  0.2		2.0852751579		-1.0
	1440.00000000	7.80083		-1.01343  0.2  0.2		2.0852751579		-1.0
	1485.00000000	8.32448		-0.91731  0.2  0.2		2.0852751579		-1.0
	1530.00000000	8.07727		-1.06413  0.2  0.2		2.0852751579		-1.0
	1575.00000000	7.96794		-0.89949  0.2  0.2		2.0852751579		-1.0
	1620.00000000	7.61987		-1.06731  0.2  0.2		2.0852751579		-1.0
	1665.00000000	6.7126		-0.98179  0.2  0.2		2.0852751579		-1.0
	1710.00000000	6.45382		-1.02255  0.2  0.2		2.0852751579		-1.0
	1755.00000000	5.72085		-0.82403  0.2  0.2		2.0852751579		-1.0
	1800.00000000	5.46047		-0.82109  0.2  0.2		2.0852751579		-1.0
	1845.00000000	5.41571		-0.68805  0.2  0.2		2.0852751579		-1.0
	1890.00000000	5.51026		-0.35432  0.2  0.2		2.0852751579		-1.0
	1935.00000000	5.50795		-0.31719  0.2  0.2		2.0852751579		-1.0
	1980.00000000	5.17271		-0.38165  0.2  0.2		2.0852751579		-1.0
	2025.00000000	5.20393		-0.22811  0.2  0.2		2.0852751579		-1.0
	2070.00000000	5.06656		-0.38747  0.2  0.2		2.0852751579		-1.0
	2115.00000000	5.50088		0.20792  0.2  0.2		2.0852751579		-1.0
	2160.00000000	5.48946		0.2631  0.2  0.2		2.0852751579		-1.0
	2205.00000000	4.99243		0.1851  0.2  0.2		2.0852751579		-1.0
	2250.00000000	4.95672		0.18805  0.2  0.2		2.0852751579		-1.0
	2295.00000000	5.12057		0.51047  0.2  0.2		2.0852751579		-1.0
	2340.00000000	5.25591		0.13296  0.2  0.2		2.0852751579		-1.0
	2385.00000000	5.47199		-0.09376  0.2  0.2		2.0852751579		-1.0
	2430.00000000	6.01627		0.71951  0.2  0.2		2.0852751579		-1.0
	2475.00000000	6.18601		-0.13418  0.2  0.2		2.0852751579		-1.0
	2520.00000000	6.6774		0.07977  0.2  0.2		2.0852751579		-1.0
	2565.00000000	5.82551		0.38666  0.2  0.2		2.0852751579		-1.0
	2610.00000000	6.06661		0.31584  0.2  0.2		2.0852751579		-1.0
	2655.00000000	6.79431		0.09477  0.2  0.2		2.0852751579		-1.0
	2700.00000000	6.46141		0.52918  0.2  0.2		2.0852751579		-1.0
	2745.00000000	6.03603		0.86618  0.2  0.2		2.0852751579		-1.0
	2790.00000000	5.38765		0.47988  0.2  0.2		2.0852751579		-1.0
	2835.00000000	6.14461		0.71734  0.2  0.2		2.0852751579		-1.0
	2880.00000000	5.72725		0.3054  0.2  0.2		2.0852751579		-1.0
	2925.00000000	6.29176		0.53405  0.2  0.2		2.0852751579		-1.0
	2970.00000000	5.78718		-0.27665  0.2  0.2		2.0852751579		-1.0
	3015.00000000	6.43669		-0.19783  0.2  0.2		2.0852751579		-1.0
	3060.00000000	6.82944		-0.1085  0.2  0.2		2.0852751579		-1.0
	3105.00000000	6.51601		-0.20404  0.2  0.2		2.0852751579		-1.0
	3150.00000000	6.26909		0.01184  0.2  0.2		2.0852751579		-1.0
	3195.00000000	6.84118		0.05256  0.2  0.2		2.0852751579		-1.0
	3240.00000000	6.85675		0.1285  0.2  0.2		2.0852751579		-1.0
	3285.00000000	7.66902		0.21291  0.2  0.2		2.0852751579		-1.0
	3330.00000000	7.53871		0.13065  0.2  0.2		2.0852751579		-1.0
	3375.00000000	7.5106		0.14595  0.2  0.2		2.0852751579		-1.0
	3420.00000000	7.64357		-0.19007  0.2  0.2		2.0852751579		-1.0
	3465.00000000	8.24951		-0.24355  0.2  0.2		2.0852751579		-1.0
	3510.00000000	8.11139		-0.09528  0.2  0.2		2.0852751579		-1.0
	3555.00000000	7.9533		-0.25376  0.2  0.2		2.0852751579		-1.0
	3600.00000000	8.10468		-0.13407  0.2  0.2		2.0852751579		-1.0
	3645.00000000	8.0452		-0.23961  0.2  0.2		2.0852751579		-1.0
	3690.00000000	7.98314		-0.28264  0.2  0.2		2.0852751579		-1.0
	3735.00000000	7.26188		-0.04209  0.2  0.2		2.0852751579		-1.0
	3780.00000000	7.39788		-0.21276  0.2  0.2		2.0852751579		-1.0
	3825.00000000	7.75922		0.10373  0.2  0.2		2.0852751579		-1.0
	3870.00000000	7.51524		0.07259  0.2  0.2		2.0852751579		-1.0
	3915.00000000	7.75705		-0.02019  0.2  0.2		2.0852751579		-1.0
	3960.00000000	7.10645		0.27748  0.2  0.2		2.0852751579		-1.0
	4005.00000000	6.65817		0.56465  0.2  0.2		2.0852751579		-1.0
	4050.00000000	7.41281		0.6294  0.2  0.2		2.0852751579		-1.0
	4095.00000000	6.87888		0.66503  0.2  0.2		2.0852751579		-1.0
	4140.00000000	6.90444		0.80503  0.2  0.2		2.0852751579		-1.0
	4185.00000000	7.24394		0.98031  0.2  0.2		2.0852751579		-1.0
	4230.00000000	6.12178		0.93073  0.2  0.2		2.0852751579		-1.0
	4275.00000000	6.29058		1.01748  0.2  0.2		2.0852751579		-1.0
	4320.00000000	6.47891		0.96523  0.2  0.2		2.0852751579		-1.0
	4365.00000000	5.91852		0.85549  0.2  0.2		2.0852751579		-1.0
	4410.00000000	5.64451		0.98366  0.2  0.2		2.0852751579		-1.0
	4455.00000000	4.77839		1.07792  0.2  0.2		2.0852751579		-1.0
	4500.00000000	5.11589		0.98964  0.2  0.2		2.0852751579		-1.0
	4545.00000000	5.3884		1.12669  0.2  0.2		2.0852751579		-1.0
	4590.00000000	5.64112		1.12376  0.2  0.2		2.0852751579		-1.0
	4635.00000000	5.01455		0.91093  0.2  0.2		2.0852751579		-1.0
	4680.00000000	5.26979		1.12369  0.2  0.2		2.0852751579		-1.0
	4725.00000000	5.68499		1.13624  0.2  0.2		2.0852751579		-1.0
	4770.00000000	5.25844		0.91015  0.2  0.2		2.0852751579		-1.0
	4815.00000000	4.42343		1.01964  0.2  0.2		2.0852751579		-1.0
	4860.00000000	4.2206		0.76979  0.2  0.2		2.0852751579		-1.0
	4905.00000000	4.89738		0.82536  0.2  0.2		2.0852751579		-1.0
	4950.00000000	4.47038		0.23063  0.2  0.2		2.0852751579		-1.0
	4995.00000000	4.64473		0.41117  0.2  0.2		2.0852751579		-1.0
	5040.00000000	4.99784		0.02561  0.2  0.2		2.0852751579		-1.0
	5085.00000000	3.9919		0.01153  0.2  0.2		2.0852751579		-1.0
	5130.00000000	4.40139		0.09561  0.2  0.2		2.0852751579		-1.0
	5175.00000000	4.02183		0.16739  0.2  0.2		2.0852751579		-1.0
	5220.00000000	3.74493		0.65493  0.2  0.2		2.0852751579		-1.0
	5265.00000000	3.89539		0.63103  0.2  0.2		2.0852751579		-1.0
	5310.00000000	3.69506		0.77251  0.2  0.2		2.0852751579		-1.0
	5355.00000000	4.18832		0.88062  0.2  0.2		2.0852751579		-1.0
	5400.00000000	4.09424		1.14112  0.2  0.2		2.0852751579		-1.0
	5445.00000000	3.99328		0.63317  0.2  0.2		2.0852751579		-1.0
	5490.00000000	4.13955		0.48056  0.2  0.2		2.0852751579		-1.0
	5535.00000000	3.4852		0.47408  0.2  0.2		2.0852751579		-1.0
	5580.00000000	3.61793		-0.05635  0.2  0.2		2.0852751579		-1.0
	5625.00000000	2.91485		0.50873  0.2  0.2		2.0852751579		-1.0
	5670.00000000	1.98649		0.39702  0.2  0.2		2.0852751579		-1.0
	5715.00000000	2.01949		-0.56647  0.2  0.2		2.0852751579		-1.0
	5760.00000000	2.09184		-0.42755  0.2  0.2		2.0852751579		-1.0
	5805.00000000	1.96315		-0.97991  0.2  0.2		2.0852751579		-1.0
	5850.00000000	1.97977		-1.10957  0.2  0.2		2.0852751579		-1.0
	5895.00000000	1.95072		-1.12625  0.2  0.2		2.0852751579		-1.0
	5940.00000000	2.0516		-0.85805  0.2  0.2		2.0852751579		-1.0
	5985.00000000	2.03417		-1.42046  0.2  0.2		2.0852751579		-1.0
	6030.00000000	2.12542		-1.14863  0.2  0.2		2.0852751579		-1.0
	6075.00000000	2.15475		-1.11608  0.2  0.2		2.0852751579		-1.0
	6120.00000000	1.97175		-0.74565  0.2  0.2		2.0852751579		-1.0
	6165.00000000	2.11968		-0.82664  0.2  0.2		2.0852751579		-1.0
	6210.00000000	2.27487		-0.17658  0.2  0.2		2.0852751579		-1.0
	6255.00000000	2.03435		-0.75252  0.2  0.2		2.0852751579		-1.0
	6300.00000000	1.9864		-1.12059  0.2  0.2		2.0852751579		-1.0
	6345.00000000	2.35197		-1.21874  0.2  0.2		2.0852751579		-1.0
	6390.00000000	2.04153		-0.66762  0.2  0.2		2.0852751579		-1.0
	6435.00000000	2.13878		-1.20897  0.2  0.2		2.0852751579		-1.0
	6480.00000000	1.97976		-0.86807  0.2  0.2		2.0852751579		-1.0
	6525.00000000	2.32191		-0.98225  0.2  0.2		2.0852751579		-1.0
	6570.00000000	1.867		-1.03735  0.2  0.2		2.0852751579		-1.0
	6615.00000000	2.30644		-0.75589  0.2  0.2		2.0852751579		-1.0
	6660.00000000	2.10382		-0.84913  0.2  0.2		2.0852751579		-1.0
	6705.00000000	1.89363		-0.77576  0.2  0.2		2.0852751579		-1.0
	6750.00000000	2.25248		-0.61807  0.2  0.2		2.0852751579		-1.0
	6795.00000000	1.98371		-0.7379  0.2  0.2		2.0852751579		-1.0
	6840.00000000	2.21507		-0.42307  0.2  0.2		2.0852751579		-1.0
	6885.00000000	2.25368		-0.18298  0.2  0.2		2.0852751579		-1.0
	6930.00000000	2.04303		-0.20906  0.2  0.2		2.0852751579		-1.0
	6975.00000000	1.95688		0.26648  0.2  0.2		2.0852751579		-1.0
	7020.00000000	1.97775		0.27792  0.2  0.2		2.0852751579		-1.0
	7065.00000000	1.9788		0.75532  0.2  0.2		2.0852751579		-1.0
	7110.00000000	2.004		0.61758  0.2  0.2		2.0852751579		-1.0
	7155.00000000	2.07281		0.45906  0.2  0.2		2.0852751579		-1.0
	7200.00000000	2.29364		0.45743  0.2  0.2		2.0852751579		-1.0
	7245.00000000	2.3527		0.93074  0.2  0.2		2.0852751579		-1.0
	7290.00000000	2.34134		1.12531  0.2  0.2		2.0852751579		-1.0
	7335.00000000	2.34074		1.49121  0.2  0.2		2.0852751579		-1.0
	7380.00000000	2.33338		1.38731  0.2  0.2		2.0852751579		-1.0
	7425.00000000	2.2437		1.03837  0.2  0.2		2.0852751579		-1.0
	7470.00000000	2.14053		1.10732  0.2  0.2		2.0852751579		-1.0
	7515.00000000	2.08115		1.13166  0.2  0.2		2.0852751579		-1.0
	7560.00000000	2.20782		0.87135  0.2  0.2		2.0852751579		-1.0
	7605.00000000	2.31693		0.69983  0.2  0.2		2.0852751579		-1.0
	7650.00000000	2.09429		0.85164  0.2  0.2		2.0852751579		-1.0
	7695.00000000	1.92799		0.22938  0.2  0.2		2.0852751579		-1.0
	7740.00000000	2.23658		0.18701  0.2  0.2		2.0852751579		-1.0
	7785.00000000	2.21145		0.00271  0.2  0.2		2.0852751579		-1.0
	7830.00000000	1.99508		0.27782  0.2  0.2		2.0852751579		-1.0
	7875.00000000	2.13493		-0.15631  0.2  0.2		2.0852751579		-1.0
	7920.00000000	2.11069		0.39702  0.2  0.2		2.0852751579		-1.0
	7965.00000000	1.88812		0.577  0.2  0.2		2.0852751579		-1.0
	8010.00000000	2.28656		0.21718  0.2  0.2		2.0852751579		-1.0
	8055.00000000	2.14262		0.09388  0.2  0.2		2.0852751579		-1.0
	8100.00000000	1.99492		0.15091  0.2  0.2		2.0852751579		-1.0
	8145.00000000	2.2879		0.05363  0.2  0.2		2.0852751579		-1.0
	8190.00000000	1.82764		-0.01755  0.2  0.2		2.0852751579		-1.0
	8235.00000000	2.20621		-0.04524  0.2  0.2		2.0852751579		-1.0
	8280.00000000	2.31801		0.08046  0.2  0.2		2.0852751579		-1.0
	8325.00000000	1.96432		-0.05683  0.2  0.2		2.0852751579		-1.0
	8370.00000000	2.1126		-0.52423  0.2  0.2		2.0852751579		-1.0
	8415.00000000	2.20518		-0.11835  0.2  0.2		2.0852751579		-1.0
	8460.00000000	2.03869		0.60127  0.2  0.2		2.0852751579		-1.0
	8505.00000000	2.11383		0.74858  0.2  0.2		2.0852751579		-1.0
	8550.00000000	2.20201		1.38986  0.2  0.2		2.0852751579		-1.0
	8595.00000000	2.08908		1.48014  0.2  0.2		2.0852751579		-1.0
	8640.00000000	2.08907		0.94  0.2  0.2		2.0852751579		-1.0
	8685.00000000	2.0147		1.37924  0.2  0.2		2.0852751579		-1.0
	8730.00000000	2.00792		1.4201  0.2  0.2		2.0852751579		-1.0
	8775.00000000	2.04826		1.47008  0.2  0.2		2.0852751579		-1.0
	8820.00000000	2.08445		1.55733  0.2  0.2		2.0852751579		-1.0
	8865.00000000	2.16249		1.65631  0.2  0.2		2.0852751579		-1.0
	8910.00000000	2.00783		1.66977  0.2  0.2		2.0852751579		-1.0
	8955.00000000	2.02514		1.81697  0.2  0.2		2.0852751579		-1.0
	9000.00000000	2.05004		2.24867  0.2  0.2		2.0852751579		-1.0
	9045.00000000	1.99748		3.09934  0.2  0.2		2.0852751579		-1.0
	9090.00000000	1.96491		3.13903  0.2  0.2		2.0852751579		-1.0
	9135.00000000	1.95154		-2.85963  0.2  0.2		2.0852751579		-1.0
	9180.00000000	1.98679		-2.49627  0.2  0.2		2.0852751579		-1.0
	9225.00000000	1.96913		-2.22195  0.2  0.2		2.0852751579		-1.0
	9270.00000000	1.96605		-2.29267  0.2  0.2		2.0852751579		-1.0
	9315.00000000	2.00984		-1.72603  0.2  0.2		2.0852751579		-1.0
	9360.00000000	2.07378		-1.67884  0.2  0.2		2.0852751579		-1.0
	9405.00000000	2.21449		-1.72277  0.2  0.2		2.0852751579		-1.0
	9450.00000000	2.20519		-1.81377  0.2  0.2		2.0852751579		-1.0
	9495.00000000	2.09489		-2.22165  0.2  0.2		2.0852751579		-1.0
	9540.00000000	2.08111		-2.83865  0.2  0.2		2.0852751579		-1.0
	9585.00000000	1.96226		3.13368  0.2  0.2		2.0852751579		-1.0
	9630.00000000	1.93449		2.82091  0.2  0.2		2.0852751579		-1.0
	9675.00000000	1.9392		2.46586  0.2  0.2		2.0852751579		-1.0
	9720.00000000	1.94549		2.86334  0.2  0.2		2.0852751579		-1.0
	9765.00000000	2.09585		2.73015  0.2  0.2		2.0852751579		-1.0
	9810.00000000	2.30095		2.6373  0.2  0.2		2.0852751579		-1.0
	9855.00000000	2.32707		2.19646  0.2  0.2		2.0852751579		-1.0
	9900.00000000	2.28151		2.21408  0.2  0.2		2.0852751579		-1.0
	9945.00000000	2.2511		2.0911  0.2  0.2		2.0852751579		-1.0
	9990.00000000	2.13098		1.90449  0.2  0.2		2.0852751579		-1.0
