	45.00000000	4.61027		0.26072  0.2  0.2		2.0852751579		-1.0
	90.00000000	4.37272		0.21379  0.2  0.2		2.0852751579		-1.0
	135.00000000	4.79211		0.28718  0.2  0.2		2.0852751579		-1.0
	180.00000000	4.13021		0.10127  0.2  0.2		2.0852751579		-1.0
	225.00000000	4.10294		0.5021  0.2  0.2		2.0852751579		-1.0
	270.00000000	4.07675		0.49142  0.2  0.2		2.0852751579		-1.0
	315.00000000	4.19054		0.35869  0.2  0.2		2.0852751579		-1.0
	360.00000000	4.53642		0.42314  0.2  0.2		2.0852751579		-1.0
	405.00000000	5.13041		0.39245  0.2  0.2		2.0852751579		-1.0
	450.00000000	5.43624		0.5923  0.2  0.2		2.0852751579		-1.0
	495.00000000	4.80147		0.40533  0.2  0.2		2.0852751579		-1.0
	540.00000000	4.40424		0.10628  0.2  0.2		2.0852751579		-1.0
	585.00000000	4.76659		0.061  0.2  0.2		2.0852751579		-1.0
	630.00000000	5.42919		0.25721  0.2  0.2		2.0852751579		-1.0
	675.00000000	5.89719		-0.11552  0.2  0.2		2.0852751579		-1.0
	720.00000000	4.94756		-0.39641  0.2  0.2		2.0852751579		-1.0
	765.00000000	5.28427		-0.24038  0.2  0.2		2.0852751579		-1.0
	810.00000000	5.28987		-0.03837  0.2  0.2		2.0852751579		-1.0
	855.00000000	5.46034		-0.29076  0.2  0.2		2.0852751579		-1.0
	900.00000000	5.25261		-0.19331  0.2  0.2		2.0852751579		-1.0
	945.00000000	5.7165		0.18348  0.2  0.2		2.0852751579		-1.0
	990.00000000	5.38933		0.26459  0.2  0.2		2.0852751579		-1.0
	1035.00000000	5.14856		0.05087  0.2  0.2		2.0852751579		-1.0
	1080.00000000	4.8458		0.03405  0.2  0.2		2.0852751579		-1.0
	1125.00000000	4.26334		-0.04519  0.2  0.2		2.0852751579		-1.0
	1170.00000000	3.8599		-0.34557  0.2  0.2		2.0852751579		-1.0
	1215.00000000	4.70339		-0.62708  0.2  0.2		2.0852751579		-1.0
	1260.00000000	5.17491		-0.39438  0.2  0.2		2.0852751579		-1.0
	1305.00000000	6.01944		-0.21835  0.2  0.2		2.0852751579		-1.0
	1350.00000000	6.1531		-0.5856  0.2  0.2		2.0852751579		-1.0
	1395.00000000	6.60977		-0.28973  0.2  0.2		2.0852751579		-1.0
	1440.00000000	5.38711		-0.55572  0.2  0.2		2.0852751579		-1.0
	1485.00000000	5.19667		-0.35641  0.2  0.2		2.0852751579		-1.0
	1530.00000000	4.26732		-0.3022  0.2  0.2		2.0852751579		-1.0
	1575.00000000	4.44225		0.1063  0.2  0.2		2.0852751579		-1.0
	1620.00000000	4.23297		0.28586  0.2  0.2		2.0852751579		-1.0
	1665.00000000	3.51252		-0.13428  0.2  0.2		2.0852751579		-1.0
	1710.00000000	3.76935		-0.16638  0.2  0.2		2.0852751579		-1.0
	1755.00000000	2.67303		0.42038  0.2  0.2		2.0852751579		-1.0
	1800.00000000	3.10048		-0.19789  0.2  0.2		2.0852751579		-1.0
	1845.00000000	3.47785		-0.51635  0.2  0.2		2.0852751579		-1.0
	1890.00000000	3.84799		-0.67446  0.2  0.2		2.0852751579		-1.0
	1935.00000000	5.15215		-0.77504  0.2  0.2		2.0852751579		-1.0
	1980.00000000	5.53714		-0.72736  0.2  0.2		2.0852751579		-1.0
	2025.00000000	4.62587		-0.6443  0.2  0.2		2.0852751579		-1.0
	2070.00000000	3.26267		-0.28514  0.2  0.2		2.0852751579		-1.0
	2115.00000000	3.59853		-0.00239  0.2  0.2		2.0852751579		-1.0
	2160.00000000	4.58032		-0.02855  0.2  0.2		2.0852751579		-1.0
	2205.00000000	4.53534		-0.1341  0.2  0.2		2.0852751579		-1.0
	2250.00000000	4.25764		-0.25552  0.2  0.2		2.0852751579		-1.0
	2295.00000000	4.43864		-0.33344  0.2  0.2		2.0852751579		-1.0
	2340.00000000	4.16031		-0.74036  0.2  0.2		2.0852751579		-1.0
	2385.00000000	4.39734		-0.66842  0.2  0.2		2.0852751579		-1.0
	2430.00000000	4.69952		-0.62457  0.2  0.2		2.0852751579		-1.0
	2475.00000000	4.83245		-0.64379  0.2  0.2		2.0852751579		-1.0
	2520.00000000	5.53753		-0.79145  0.2  0.2		2.0852751579		-1.0
	2565.00000000	6.23217		-0.89352  0.2  0.2		2.0852751579		-1.0
	2610.00000000	6.85406		-0.88369  0.2  0.2		2.0852751579		-1.0
	2655.00000000	6.6672		-0.68343  0.2  0.2		2.0852751579		-1.0
	2700.00000000	6.9369		-0.80647  0.2  0.2		2.0852751579		-1.0
	2745.00000000	6.65923		-0.86329  0.2  0.2		2.0852751579		-1.0
	2790.00000000	5.84763		-0.66126  0.2  0.2		2.0852751579		-1.0
	2835.00000000	5.0519		-0.92103  0.2  0.2		2.0852751579		-1.0
	2880.00000000	3.62234		-0.88169  0.2  0.2		2.0852751579		-1.0
	2925.00000000	3.09274		0.306  0.2  0.2		2.0852751579		-1.0
	2970.00000000	3.10845		1.16356  0.2  0.2		2.0852751579		-1.0
	3015.00000000	3.60417		0.44521  0.2  0.2		2.0852751579		-1.0
	3060.00000000	3.77175		0.1835  0.2  0.2		2.0852751579		-1.0
	3105.00000000	4.00367		0.28805  0.2  0.2		2.0852751579		-1.0
	3150.00000000	4.37808		-0.66593  0.2  0.2		2.0852751579		-1.0
	3195.00000000	4.55152		-0.63224  0.2  0.2		2.0852751579		-1.0
	3240.00000000	4.35254		-0.29095  0.2  0.2		2.0852751579		-1.0
	3285.00000000	3.98849		-0.82464  0.2  0.2		2.0852751579		-1.0
	3330.00000000	3.82146		-0.69569  0.2  0.2		2.0852751579		-1.0
	3375.00000000	2.90278		0.10432  0.2  0.2		2.0852751579		-1.0
	3420.00000000	1.85996		-0.26579  0.2  0.2		2.0852751579		-1.0
	3465.00000000	1.89357		-0.82431  0.2  0.2		2.0852751579		-1.0
	3510.00000000	2.01051		-0.73817  0.2  0.2		2.0852751579		-1.0
	3555.00000000	2.18518		-0.37963  0.2  0.2		2.0852751579		-1.0
	3600.00000000	2.20629		-0.38769  0.2  0.2		2.0852751579		-1.0
	3645.00000000	2.32425		-0.67753  0.2  0.2		2.0852751579		-1.0
	3690.00000000	2.35599		-0.92737  0.2  0.2		2.0852751579		-1.0
	3735.00000000	2.34589		-0.95083  0.2  0.2		2.0852751579		-1.0
	3780.00000000	2.28797		-0.43189  0.2  0.2		2.0852751579		-1.0
	3825.00000000	2.00664		-0.14744  0.2  0.2		2.0852751579		-1.0
	3870.00000000	1.84604		0.38095  0.2  0.2		2.0852751579		-1.0
	3915.00000000	1.85578		0.33825  0.2  0.2		2.0852751579		-1.0
	3960.00000000	1.8862		1.13587  0.2  0.2		2.0852751579		-1.0
	4005.00000000	1.87968		0.91143  0.2  0.2		2.0852751579		-1.0
	4050.00000000	1.89183		0.49177  0.2  0.2		2.0852751579		-1.0
	4095.00000000	1.99975		0.0373  0.2  0.2		2.0852751579		-1.0
	4140.00000000	2.1281		0.28263  0.2  0.2		2.0852751579		-1.0
	4185.00000000	2.22606		0.59477  0.2  0.2		2.0852751579		-1.0
	4230.00000000	2.27475		0.61814  0.2  0.2		2.0852751579		-1.0
	4275.00000000	2.29545		0.56153  0.2  0.2		2.0852751579		-1.0
	4320.00000000	2.22169		0.01248  0.2  0.2		2.0852751579		-1.0
	4365.00000000	2.01252		-0.01991  0.2  0.2		2.0852751579		-1.0
	4410.00000000	1.9573		0.01429  0.2  0.2		2.0852751579		-1.0
	4455.00000000	2.33591		0.43674  0.2  0.2		2.0852751579		-1.0
	4500.00000000	2.36441		0.99735  0.2  0.2		2.0852751579		-1.0
	4545.00000000	2.34362		0.20938  0.2  0.2		2.0852751579		-1.0
	4590.00000000	2.05338		-0.47657  0.2  0.2		2.0852751579		-1.0
	4635.00000000	1.90027		-0.60236  0.2  0.2		2.0852751579		-1.0
	4680.00000000	1.85747		-1.15631  0.2  0.2		2.0852751579		-1.0
	4725.00000000	1.88968		-0.92442  0.2  0.2		2.0852751579		-1.0
	4770.00000000	1.86371		-0.73513  0.2  0.2		2.0852751579		-1.0
	4815.00000000	2.2488		-0.59856  0.2  0.2		2.0852751579		-1.0
	4860.00000000	2.39479		-1.11828  0.2  0.2		2.0852751579		-1.0
	4905.00000000	2.36348		-1.04034  0.2  0.2		2.0852751579		-1.0
	4950.00000000	2.3613		-1.02956  0.2  0.2		2.0852751579		-1.0
	4995.00000000	2.35214		-1.00724  0.2  0.2		2.0852751579		-1.0
	5040.00000000	2.34866		-0.86749  0.2  0.2		2.0852751579		-1.0
	5085.00000000	2.26948		-1.23168  0.2  0.2		2.0852751579		-1.0
	5130.00000000	1.96587		-1.10703  0.2  0.2		2.0852751579		-1.0
	5175.00000000	1.87776		-1.04148  0.2  0.2		2.0852751579		-1.0
	5220.00000000	2.04228		-1.10153  0.2  0.2		2.0852751579		-1.0
	5265.00000000	2.20208		-1.06252  0.2  0.2		2.0852751579		-1.0
	5310.00000000	2.20156		-1.3157  0.2  0.2		2.0852751579		-1.0
	5355.00000000	2.1401		-1.45007  0.2  0.2		2.0852751579		-1.0
	5400.00000000	1.99125		-1.40872  0.2  0.2		2.0852751579		-1.0
	5445.00000000	1.93143		-1.23212  0.2  0.2		2.0852751579		-1.0
	5490.00000000	1.95148		-1.27553  0.2  0.2		2.0852751579		-1.0
	5535.00000000	1.97242		-1.26182  0.2  0.2		2.0852751579		-1.0
	5580.00000000	2.00591		-0.68182  0.2  0.2		2.0852751579		-1.0
	5625.00000000	1.99035		-0.57387  0.2  0.2		2.0852751579		-1.0
	5670.00000000	2.04426		-1.12619  0.2  0.2		2.0852751579		-1.0
	5715.00000000	2.20185		-0.59679  0.2  0.2		2.0852751579		-1.0
	5760.00000000	2.01366		-0.17672  0.2  0.2		2.0852751579		-1.0
	5805.00000000	2.05996		-0.32444  0.2  0.2		2.0852751579		-1.0
	5850.00000000	1.99615		-0.30259  0.2  0.2		2.0852751579		-1.0
	5895.00000000	2.23815		-0.0882  0.2  0.2		2.0852751579		-1.0
	5940.00000000	1.97691		-0.62844  0.2  0.2		2.0852751579		-1.0
	5985.00000000	2.24067		0.31613  0.2  0.2		2.0852751579		-1.0
	6030.00000000	2.18404		0.16176  0.2  0.2		2.0852751579		-1.0
	6075.00000000	1.99383		0.33204  0.2  0.2		2.0852751579		-1.0
	6120.00000000	1.90669		0.41021  0.2  0.2		2.0852751579		-1.0
	6165.00000000	1.95533		0.67475  0.2  0.2		2.0852751579		-1.0
	6210.00000000	1.96818		0.80727  0.2  0.2		2.0852751579		-1.0
	6255.00000000	1.94082		0.74561  0.2  0.2		2.0852751579		-1.0
	6300.00000000	1.96807		0.58834  0.2  0.2		2.0852751579		-1.0
	6345.00000000	2.21763		0.89533  0.2  0.2		2.0852751579		-1.0
	6390.00000000	2.21759		1.03712  0.2  0.2		2.0852751579		-1.0
	6435.00000000	2.26671		1.10925  0.2  0.2		2.0852751579		-1.0
	6480.00000000	2.21109		0.83177  0.2  0.2		2.0852751579		-1.0
	6525.00000000	1.87332		0.49796  0.2  0.2		2.0852751579		-1.0
	6570.00000000	2.29748		0.16847  0.2  0.2		2.0852751579		-1.0
	6615.00000000	2.01711		0.39917  0.2  0.2		2.0852751579		-1.0
	6660.00000000	2.11577		0.59253  0.2  0.2		2.0852751579		-1.0
	6705.00000000	2.2618		1.20215  0.2  0.2		2.0852751579		-1.0
	6750.00000000	2.19677		1.29988  0.2  0.2		2.0852751579		-1.0
	6795.00000000	2.09424		1.14714  0.2  0.2		2.0852751579		-1.0
	6840.00000000	2.00791		1.48171  0.2  0.2		2.0852751579		-1.0
	6885.00000000	2.17825		0.85177  0.2  0.2		2.0852751579		-1.0
	6930.00000000	2.06881		1.01811  0.2  0.2		2.0852751579		-1.0
	6975.00000000	2.12439		0.52174  0.2  0.2		2.0852751579		-1.0
	7020.00000000	1.9495		0.26348  0.2  0.2		2.0852751579		-1.0
	7065.00000000	2.27561		0.97422  0.2  0.2		2.0852751579		-1.0
	7110.00000000	1.94121		0.63356  0.2  0.2		2.0852751579		-1.0
	7155.00000000	1.99648		0.06658  0.2  0.2		2.0852751579		-1.0
	7200.00000000	2.28167		0.5401  0.2  0.2		2.0852751579		-1.0
	7245.00000000	2.07035		0.81619  0.2  0.2		2.0852751579		-1.0
	7290.00000000	1.97933		0.75309  0.2  0.2		2.0852751579		-1.0
	7335.00000000	2.1057		1.38559  0.2  0.2		2.0852751579		-1.0
	7380.00000000	2.24287		1.47726  0.2  0.2		2.0852751579		-1.0
	7425.00000000	2.19375		1.5319  0.2  0.2		2.0852751579		-1.0
	7470.00000000	2.10052		1.38923  0.2  0.2		2.0852751579		-1.0
	7515.00000000	1.89615		1.31549  0.2  0.2		2.0852751579		-1.0
	7560.00000000	2.0225		1.69785  0.2  0.2		2.0852751579		-1.0
	7605.00000000	2.10221		1.99661  0.2  0.2		2.0852751579		-1.0
	7650.00000000	2.02487		2.55251  0.2  0.2		2.0852751579		-1.0
	7695.00000000	2.10022		2.72673  0.2  0.2		2.0852751579		-1.0
	7740.00000000	2.20293		2.45717  0.2  0.2		2.0852751579		-1.0
	7785.00000000	2.29301		2.74622  0.2  0.2		2.0852751579		-1.0
	7830.00000000	2.25566		-3.07735  0.2  0.2		2.0852751579		-1.0
	7875.00000000	2.25547		2.62639  0.2  0.2		2.0852751579		-1.0
	7920.00000000	2.20891		2.88356  0.2  0.2		2.0852751579		-1.0
	7965.00000000	2.22678		3.07482  0.2  0.2		2.0852751579		-1.0
	8010.00000000	2.22671		-2.81319  0.2  0.2		2.0852751579		-1.0
	8055.00000000	2.2358		-2.14337  0.2  0.2		2.0852751579		-1.0
	8100.00000000	2.261		-2.48468  0.2  0.2		2.0852751579		-1.0
	8145.00000000	2.24362		-2.5971  0.2  0.2		2.0852751579		-1.0
	8190.00000000	2.27755		-2.7814  0.2  0.2		2.0852751579		-1.0
	8235.00000000	2.28621		-2.56285  0.2  0.2		2.0852751579		-1.0
	8280.00000000	2.31639		-2.40648  0.2  0.2		2.0852751579		-1.0
	8325.00000000	2.30595		-1.8977  0.2  0.2		2.0852751579		-1.0
	8370.00000000	2.29719		-1.7871  0.2  0.2		2.0852751579		-1.0
	8415.00000000	2.26		-2.28584  0.2  0.2		2.0852751579		-1.0
	8460.00000000	2.24901		-1.83636  0.2  0.2		2.0852751579		-1.0
	8505.00000000	2.20383		-1.58584  0.2  0.2		2.0852751579		-1.0
	8550.00000000	2.03222		-1.88004  0.2  0.2		2.0852751579		-1.0
	8595.00000000	2.05609		-2.14132  0.2  0.2		2.0852751579		-1.0
	8640.00000000	2.08246		-2.68632  0.2  0.2		2.0852751579		-1.0
	8685.00000000	2.03698		3.01532  0.2  0.2		2.0852751579		-1.0
	8730.00000000	2.03318		2.20063  0.2  0.2		2.0852751579		-1.0
	8775.00000000	2.03477		1.679  0.2  0.2		2.0852751579		-1.0
	8820.00000000	2.16102		1.56374  0.2  0.2		2.0852751579		-1.0
	8865.00000000	1.96868		1.51556  0.2  0.2		2.0852751579		-1.0
	8910.00000000	2.12555		1.77596  0.2  0.2		2.0852751579		-1.0
	8955.00000000	2.05702		1.91194  0.2  0.2		2.0852751579		-1.0
	9000.00000000	2.07438		2.11536  0.2  0.2		2.0852751579		-1.0
	9045.00000000	2.02833		1.77493  0.2  0.2		2.0852751579		-1.0
	9090.00000000	2.12955		1.84924  0.2  0.2		2.0852751579		-1.0
	9135.00000000	2.00412		2.21394  0.2  0.2		2.0852751579		-1.0
	9180.00000000	2.08035		2.99734  0.2  0.2		2.0852751579		-1.0
	9225.00000000	1.99717		-2.74598  0.2  0.2		2.0852751579		-1.0
	9270.00000000	1.94425		-2.46121  0.2  0.2		2.0852751579		-1.0
	9315.00000000	2.00847		-2.18928  0.2  0.2		2.0852751579		-1.0
	9360.00000000	2.02703		-1.61297  0.2  0.2		2.0852751579		-1.0
	9405.00000000	2.05181		-1.5395  0.2  0.2		2.0852751579		-1.0
	9450.00000000	2.02862		-1.36013  0.2  0.2		2.0852751579		-1.0
	9495.00000000	2.03217		-1.10318  0.2  0.2		2.0852751579		-1.0
	9540.00000000	2.07536		-0.99761  0.2  0.2		2.0852751579		-1.0
	9585.00000000	2.03925		-0.7535  0.2  0.2		2.0852751579		-1.0
	9630.00000000	2.16097		-0.66633  0.2  0.2		2.0852751579		-1.0
	9675.00000000	2.0548		-0.93327  0.2  0.2		2.0852751579		-1.0
	9720.00000000	2.0688		-1.31851  0.2  0.2		2.0852751579		-1.0
	9765.00000000	2.11416		-0.83317  0.2  0.2		2.0852751579		-1.0
	9810.00000000	1.94495		-1.71656  0.2  0.2		2.0852751579		-1.0
	9855.00000000	2.13267		-1.93119  0.2  0.2		2.0852751579		-1.0
	9900.00000000	1.95833		-1.65408  0.2  0.2		2.0852751579		-1.0
	9945.00000000	2.01694		-2.03026  0.2  0.2		2.0852751579		-1.0
	9990.00000000	2.07991		-2.23329  0.2  0.2		2.0852751579		-1.0
