	0.00000000		7.39470		0.01762
	5.00000000		7.70858		0.02077
	10.00000000		7.81933		0.02340
	15.00000000		7.54776		0.03553
	20.00000000		7.35574		0.01090
	25.00000000		7.35872		-0.05479
	30.00000000		7.77029		-0.09542
	35.00000000		7.98043		-0.04308
	40.00000000		7.78316		0.04636
	45.00000000		7.26252		0.03394
	50.00000000		7.21551		-0.15906
	55.00000000		7.54045		-0.32127
	60.00000000		7.97336		-0.28106
	65.00000000		8.12598		-0.08570
	70.00000000		7.75041		-0.02693
	75.00000000		7.40091		-0.25048
	80.00000000		7.31473		-0.54530
	85.00000000		7.61735		-0.57281
	90.00000000		7.62451		-0.36576
	95.00000000		7.50450		-0.14243
	100.00000000		7.27317		-0.11113
	105.00000000		7.24332		-0.33278
	110.00000000		7.50803		-0.55305
	115.00000000		7.74381		-0.58026
	120.00000000		7.87137		-0.45083
	125.00000000		7.87372		-0.30141
	130.00000000		7.90454		-0.29857
	135.00000000		7.78167		-0.44112
	140.00000000		7.66857		-0.57883
	145.00000000		7.45479		-0.61064
	150.00000000		7.40795		-0.50285
	155.00000000		7.58053		-0.33973
	160.00000000		7.75933		-0.34322
	165.00000000		7.85997		-0.49830
	170.00000000		7.81595		-0.63460
	175.00000000		7.76536		-0.63419
	180.00000000		7.66082		-0.50233
	185.00000000		7.86380		-0.39101
	190.00000000		8.14622		-0.42228
	195.00000000		8.20534		-0.54920
	200.00000000		7.99726		-0.64502
	205.00000000		7.78708		-0.65783
	210.00000000		7.83995		-0.57722
	215.00000000		8.03222		-0.52357
	220.00000000		8.23846		-0.52795
	225.00000000		8.15585		-0.54388
	230.00000000		8.02004		-0.54910
	235.00000000		7.96556		-0.52942
	240.00000000		8.13442		-0.51269
	245.00000000		8.39233		-0.53098
	250.00000000		8.41793		-0.55633
	255.00000000		8.27137		-0.56539
	260.00000000		8.14157		-0.57173
	265.00000000		8.28944		-0.56969
	270.00000000		8.47121		-0.58662
	275.00000000		8.50415		-0.59193
	280.00000000		8.30565		-0.54762
	285.00000000		8.15026		-0.47578
	290.00000000		8.19060		-0.41181
	295.00000000		8.33223		-0.47679
	300.00000000		8.43331		-0.64230
	305.00000000		8.31411		-0.77581
	310.00000000		8.09360		-0.78294
	315.00000000		7.96997		-0.68642
	320.00000000		8.15948		-0.67919
	325.00000000		8.40091		-0.82746
	330.00000000		8.36892		-0.91330
	335.00000000		8.07392		-0.86390
	340.00000000		7.90073		-0.72465
	345.00000000		8.02064		-0.55389
	350.00000000		8.17108		-0.58245
	355.00000000		8.12484		-0.72888
	360.00000000		7.91868		-0.80420
	365.00000000		7.76092		-0.71841
	370.00000000		7.71163		-0.51948
	375.00000000		7.87229		-0.44784
	380.00000000		7.92313		-0.56264
	385.00000000		7.70155		-0.65322
	390.00000000		7.31854		-0.69286
	395.00000000		7.10331		-0.64050
	400.00000000		7.42069		-0.51606
	405.00000000		7.55870		-0.48130
	410.00000000		7.35420		-0.43851
	415.00000000		6.89196		-0.41539
	420.00000000		7.00778		-0.39164
	425.00000000		7.19432		-0.39644
	430.00000000		7.33386		-0.41718
	435.00000000		6.99245		-0.39739
	440.00000000		6.72828		-0.34549
	445.00000000		6.90386		-0.29101
	450.00000000		6.98855		-0.30687
	455.00000000		7.15794		-0.35772
	460.00000000		6.87366		-0.37124
	465.00000000		6.88685		-0.24921
	470.00000000		6.86440		-0.07820
	475.00000000		7.05403		-0.03237
	480.00000000		6.98878		-0.13312
	485.00000000		6.86964		-0.20250
	490.00000000		7.00833		-0.19348
	495.00000000		7.25605		-0.14516
	500.00000000		7.89077		-0.13394
	505.00000000		8.03398		-0.13947
	510.00000000		7.72780		-0.11466
	515.00000000		7.36452		-0.02555
	520.00000000		7.85278		0.05346
	525.00000000		8.47235		-0.00047
	530.00000000		8.74214		-0.24686
	535.00000000		8.50411		-0.41441
	540.00000000		8.05925		-0.41257
	545.00000000		7.86207		-0.27575
	550.00000000		8.23631		-0.21067
	555.00000000		8.61136		-0.32928
	560.00000000		8.58975		-0.44424
	565.00000000		8.38861		-0.43198
	570.00000000		8.38458		-0.30563
	575.00000000		8.77464		-0.17805
	580.00000000		8.93305		-0.21204
	585.00000000		8.73004		-0.34500
	590.00000000		8.41069		-0.41408
	595.00000000		8.41965		-0.34905
	600.00000000		8.57869		-0.24453
	605.00000000		8.77613		-0.25354
	610.00000000		8.78795		-0.35536
	615.00000000		8.60485		-0.41461
	620.00000000		8.30954		-0.38936
	625.00000000		8.13646		-0.33144
	630.00000000		8.17501		-0.30925
	635.00000000		8.26738		-0.35323
	640.00000000		8.54524		-0.40372
	645.00000000		8.75407		-0.39625
	650.00000000		8.82196		-0.31097
	655.00000000		8.74966		-0.18860
	660.00000000		8.62048		-0.17325
	665.00000000		8.52036		-0.26808
	670.00000000		8.59315		-0.36219
	675.00000000		8.77113		-0.38888
	680.00000000		8.81476		-0.36097
	685.00000000		8.75743		-0.32203
	690.00000000		8.62275		-0.34050
	695.00000000		8.65978		-0.36449
	700.00000000		8.67664		-0.28964
	705.00000000		8.79474		-0.11738
	710.00000000		8.87774		0.03178
	715.00000000		8.91235		-0.03148
	720.00000000		8.98726		-0.21071
	725.00000000		9.09463		-0.31237
	730.00000000		9.12435		-0.27936
	735.00000000		9.02513		-0.15867
	740.00000000		8.93627		-0.02569
	745.00000000		8.79918		-0.01157
	750.00000000		8.88152		-0.12250
	755.00000000		9.07195		-0.23081
	760.00000000		9.26755		-0.24937
	765.00000000		9.25915		-0.18807
	770.00000000		9.02056		-0.13885
	775.00000000		8.67849		-0.11799
	780.00000000		8.47574		-0.14877
	785.00000000		8.61744		-0.18924
	790.00000000		8.65977		-0.21974
	795.00000000		8.64664		-0.20270
	800.00000000		8.47798		-0.18090
	805.00000000		8.37788		-0.18101
	810.00000000		8.24623		-0.18801
	815.00000000		8.08821		-0.16137
	820.00000000		7.79022		-0.09363
	825.00000000		7.64286		-0.06010
	830.00000000		7.80186		-0.06005
	835.00000000		7.86624		-0.07625
	840.00000000		7.84222		-0.06279
	845.00000000		7.47907		-0.04162
	850.00000000		7.40380		-0.01009
	855.00000000		7.33374		0.03715
	860.00000000		7.60058		0.09771
	865.00000000		7.62789		0.11011
	870.00000000		7.56544		0.05288
	875.00000000		7.44131		-0.03264
	880.00000000		7.42633		-0.06414
	885.00000000		7.64459		-0.01645
	890.00000000		7.60725		0.05869
	895.00000000		7.46801		0.08624
	900.00000000		7.14012		0.01130
	905.00000000		7.13034		-0.14612
	910.00000000		7.23768		-0.30280
	915.00000000		7.75814		-0.30992
	920.00000000		8.14609		-0.17867
	925.00000000		8.07621		-0.06808
	930.00000000		7.72688		-0.09589
	935.00000000		7.63569		-0.24788
	940.00000000		8.15720		-0.32645
	945.00000000		8.65146		-0.27260
	950.00000000		8.84839		-0.15797
	955.00000000		8.79564		-0.12770
	960.00000000		8.79574		-0.23516
	965.00000000		8.91753		-0.35943
	970.00000000		9.17558		-0.38079
	975.00000000		9.31367		-0.31388
	980.00000000		9.25653		-0.27844
	985.00000000		9.18561		-0.34837
	990.00000000		9.22310		-0.42761
	995.00000000		9.32580		-0.46135
	1000.00000000		9.27618		-0.42451
	1005.00000000		8.95352		-0.34955
	1010.00000000		8.67654		-0.32869
	1015.00000000		8.76526		-0.37801
	1020.00000000		9.09762		-0.49250
	1025.00000000		9.23420		-0.57443
	1030.00000000		9.00802		-0.52584
	1035.00000000		8.64772		-0.43402
	1040.00000000		8.42095		-0.33831
	1045.00000000		8.46338		-0.29945
	1050.00000000		8.77708		-0.33086
	1055.00000000		8.93230		-0.38790
	1060.00000000		8.85532		-0.38755
	1065.00000000		8.75797		-0.32772
	1070.00000000		8.90619		-0.27059
	1075.00000000		9.11118		-0.27928
	1080.00000000		9.04099		-0.37342
	1085.00000000		8.66858		-0.45339
	1090.00000000		8.27390		-0.44611
	1095.00000000		8.44570		-0.34079
	1100.00000000		8.79750		-0.32040
	1105.00000000		8.99325		-0.41970
	1110.00000000		8.86573		-0.53039
	1115.00000000		8.49294		-0.55957
	1120.00000000		8.14134		-0.51543
	1125.00000000		8.40991		-0.45830
	1130.00000000		8.99142		-0.47653
	1135.00000000		9.20691		-0.53907
	1140.00000000		8.89795		-0.53972
	1145.00000000		8.61559		-0.51713
	1150.00000000		8.71182		-0.46539
	1155.00000000		9.05726		-0.46297
	1160.00000000		9.33984		-0.49929
	1165.00000000		9.49183		-0.50009
	1170.00000000		9.55349		-0.46322
	1175.00000000		9.76358		-0.44449
	1180.00000000		9.99865		-0.46243
	1185.00000000		10.01353		-0.45970
	1190.00000000		9.85912		-0.40909
	1195.00000000		9.72704		-0.34258
	1200.00000000		9.90733		-0.32212
	1205.00000000		10.17311		-0.36613
	1210.00000000		10.32645		-0.43317
	1215.00000000		9.93851		-0.41640
	1220.00000000		9.44300		-0.38960
	1225.00000000		9.38198		-0.35541
	1230.00000000		9.73552		-0.36289
	1235.00000000		9.97063		-0.42685
	1240.00000000		9.89375		-0.46105
	1245.00000000		9.70257		-0.44569
	1250.00000000		9.54397		-0.39645
	1255.00000000		9.73996		-0.36206
	1260.00000000		9.97940		-0.38273
	1265.00000000		10.11324		-0.42165
	1270.00000000		10.01560		-0.40328
	1275.00000000		9.89997		-0.35794
	1280.00000000		9.90527		-0.31137
	1285.00000000		10.05645		-0.31063
	1290.00000000		10.14961		-0.33592
	1295.00000000		9.92394		-0.34485
	1300.00000000		9.52107		-0.33860
	1305.00000000		9.22937		-0.32846
	1310.00000000		9.32930		-0.34688
	1315.00000000		9.74407		-0.38716
	1320.00000000		9.95234		-0.44316
	1325.00000000		9.56657		-0.44736
	1330.00000000		9.02715		-0.46437
	1335.00000000		8.89865		-0.49663
	1340.00000000		9.19146		-0.53609
	1345.00000000		9.48474		-0.58776
	1350.00000000		9.51120		-0.60019
	1355.00000000		9.17754		-0.60082
	1360.00000000		8.84530		-0.62526
	1365.00000000		8.96118		-0.64102
	1370.00000000		9.32365		-0.64409
	1375.00000000		9.53879		-0.61903
	1380.00000000		9.40979		-0.56983
	1385.00000000		9.25154		-0.52579
	1390.00000000		9.25278		-0.49017
	1395.00000000		9.43533		-0.47204
	1400.00000000		9.50588		-0.47917
	1405.00000000		9.38503		-0.48454
	1410.00000000		9.11959		-0.49038
	1415.00000000		8.99640		-0.48960
	1420.00000000		9.24448		-0.49163
	1425.00000000		9.62072		-0.53202
	1430.00000000		9.78837		-0.56435
	1435.00000000		9.59302		-0.53218
	1440.00000000		9.37148		-0.46403
	1445.00000000		9.34726		-0.41101
	1450.00000000		9.60394		-0.41468
	1455.00000000		9.92261		-0.49326
	1460.00000000		9.94254		-0.52765
	1465.00000000		9.58763		-0.47865
	1470.00000000		9.34540		-0.42299
	1475.00000000		9.44145		-0.43870
	1480.00000000		9.78614		-0.51983
	1485.00000000		9.95860		-0.55629
	1490.00000000		9.79101		-0.47290
	1495.00000000		9.56778		-0.39304
	1500.00000000		9.61313		-0.39057
	1505.00000000		9.85260		-0.44706
	1510.00000000		9.85932		-0.48697
	1515.00000000		9.78873		-0.47633
	1520.00000000		9.76098		-0.47223
	1525.00000000		10.01374		-0.50350
	1530.00000000		10.28042		-0.62441
	1535.00000000		10.31032		-0.69221
	1540.00000000		9.97272		-0.62696
	1545.00000000		9.49841		-0.54406
	1550.00000000		9.54641		-0.50266
	1555.00000000		10.05235		-0.55871
	1560.00000000		10.38537		-0.62359
	1565.00000000		10.18615		-0.56585
	1570.00000000		9.75730		-0.47698
	1575.00000000		9.55013		-0.42385
	1580.00000000		9.88049		-0.43079
	1585.00000000		10.08560		-0.51372
	1590.00000000		10.04681		-0.51906
	1595.00000000		9.74700		-0.47182
	1600.00000000		9.52919		-0.41953
	1605.00000000		9.79582		-0.41488
	1610.00000000		10.23772		-0.46988
	1615.00000000		10.52967		-0.47971
	1620.00000000		10.34998		-0.40253
	1625.00000000		10.15935		-0.33838
	1630.00000000		10.23854		-0.33957
	1635.00000000		10.57392		-0.40565
	1640.00000000		10.67704		-0.47437
	1645.00000000		10.60532		-0.46072
	1650.00000000		10.45514		-0.42632
	1655.00000000		10.52076		-0.40348
	1660.00000000		10.70562		-0.42136
	1665.00000000		10.72694		-0.43913
	1670.00000000		10.68273		-0.41808
	1675.00000000		10.49893		-0.39095
	1680.00000000		10.57143		-0.39516
	1685.00000000		10.61547		-0.44008
	1690.00000000		10.62641		-0.47938
	1695.00000000		10.32405		-0.48190
	1700.00000000		10.06505		-0.49242
	1705.00000000		10.13420		-0.53713
	1710.00000000		10.44012		-0.61231
	1715.00000000		10.68086		-0.65924
	1720.00000000		10.57504		-0.60454
	1725.00000000		10.48643		-0.55051
	1730.00000000		10.39689		-0.53743
	1735.00000000		10.65696		-0.53973
	1740.00000000		10.87934		-0.54935
	1745.00000000		10.93687		-0.54422
	1750.00000000		10.72160		-0.52268
	1755.00000000		10.44928		-0.54714
	1760.00000000		10.57684		-0.59068
	1765.00000000		10.88625		-0.67015
	1770.00000000		11.05470		-0.73101
	1775.00000000		10.79162		-0.64241
	1780.00000000		10.45904		-0.57103
	1785.00000000		10.31350		-0.53804
	1790.00000000		10.53470		-0.52900
	1795.00000000		10.68932		-0.55961
	1800.00000000		10.73748		-0.56303
	1805.00000000		10.59539		-0.52396
	1810.00000000		10.28133		-0.49819
	1815.00000000		10.18641		-0.50623
	1820.00000000		10.24141		-0.57893
	1825.00000000		10.42284		-0.66479
	1830.00000000		10.42335		-0.67854
	1835.00000000		10.41238		-0.63818
	1840.00000000		10.37338		-0.59661
	1845.00000000		10.43175		-0.58629
	1850.00000000		10.58629		-0.59200
	1855.00000000		10.68895		-0.57067
	1860.00000000		10.85054		-0.52037
	1865.00000000		10.86099		-0.46041
	1870.00000000		10.98337		-0.45789
	1875.00000000		11.02022		-0.50283
	1880.00000000		10.94612		-0.55084
	1885.00000000		10.78288		-0.59398
	1890.00000000		10.57107		-0.57165
	1895.00000000		10.49677		-0.52328
	1900.00000000		10.42537		-0.51290
	1905.00000000		10.22516		-0.51873
	1910.00000000		9.84747		-0.51271
	1915.00000000		9.75847		-0.48149
	1920.00000000		9.93621		-0.44660
	1925.00000000		10.12977		-0.50778
	1930.00000000		10.00525		-0.56796
	1935.00000000		9.60616		-0.60081
	1940.00000000		9.41395		-0.55894
	1945.00000000		9.37375		-0.46311
	1950.00000000		9.36807		-0.46793
	1955.00000000		9.30799		-0.56163
	1960.00000000		9.19003		-0.60231
	1965.00000000		9.10978		-0.52799
	1970.00000000		9.15551		-0.42946
	1975.00000000		9.22916		-0.38479
	1980.00000000		9.17936		-0.43855
	1985.00000000		9.00900		-0.50929
	1990.00000000		8.96684		-0.53629
	1995.00000000		9.16455		-0.54518
	2000.00000000		9.27981		-0.59305
	2005.00000000		9.20420		-0.63958
	2010.00000000		8.93644		-0.60517
	2015.00000000		8.80755		-0.50655
	2020.00000000		8.97494		-0.45733
	2025.00000000		9.20513		-0.51373
	2030.00000000		9.23866		-0.57317
	2035.00000000		9.07349		-0.56015
	2040.00000000		8.92852		-0.44950
	2045.00000000		8.95616		-0.34984
	2050.00000000		8.99998		-0.38052
	2055.00000000		8.88079		-0.52429
	2060.00000000		8.77575		-0.62750
	2065.00000000		8.84375		-0.60701
	2070.00000000		8.97025		-0.49311
	2075.00000000		8.90143		-0.43142
	2080.00000000		8.69727		-0.49698
	2085.00000000		8.70672		-0.54998
	2090.00000000		8.94422		-0.54976
	2095.00000000		9.09468		-0.50788
	2100.00000000		9.00176		-0.47082
	2105.00000000		8.82299		-0.49371
	2110.00000000		8.85109		-0.53622
	2115.00000000		9.08435		-0.52572
	2120.00000000		9.22862		-0.47655
	2125.00000000		9.31733		-0.43173
	2130.00000000		9.37623		-0.44004
	2135.00000000		9.55564		-0.47614
	2140.00000000		9.78944		-0.47287
	2145.00000000		9.90317		-0.44260
	2150.00000000		9.82729		-0.41345
	2155.00000000		9.78887		-0.43526
	2160.00000000		9.94276		-0.47865
	2165.00000000		10.00632		-0.49191
	2170.00000000		9.95588		-0.47220
	2175.00000000		9.70657		-0.45464
	2180.00000000		9.68738		-0.48413
	2185.00000000		9.91191		-0.51654
	2190.00000000		10.03819		-0.51655
	2195.00000000		9.83497		-0.44021
	2200.00000000		9.42939		-0.35577
	2205.00000000		9.32982		-0.34261
	2210.00000000		9.61951		-0.40072
	2215.00000000		10.01968		-0.49577
	2220.00000000		9.90477		-0.49239
	2225.00000000		9.51154		-0.44361
	2230.00000000		9.26839		-0.39289
	2235.00000000		9.33272		-0.36341
	2240.00000000		9.66562		-0.36512
	2245.00000000		10.00005		-0.40014
	2250.00000000		9.94644		-0.39126
	2255.00000000		9.56315		-0.35259
	2260.00000000		9.42626		-0.31916
	2265.00000000		9.61847		-0.28921
	2270.00000000		9.74944		-0.30055
	2275.00000000		9.53153		-0.33667
	2280.00000000		9.39462		-0.40453
	2285.00000000		9.53713		-0.44666
	2290.00000000		9.83354		-0.44838
	2295.00000000		9.76633		-0.37590
	2300.00000000		9.40980		-0.33250
	2305.00000000		9.27369		-0.35083
	2310.00000000		9.45001		-0.38864
	2315.00000000		9.79079		-0.40830
	2320.00000000		9.81700		-0.41303
	2325.00000000		9.62115		-0.43438
	2330.00000000		9.57452		-0.46822
	2335.00000000		9.88295		-0.47996
	2340.00000000		10.12962		-0.44059
	2345.00000000		10.20711		-0.39026
	2350.00000000		10.16656		-0.37692
	2355.00000000		10.15822		-0.41749
	2360.00000000		10.36259		-0.46191
	2365.00000000		10.51857		-0.47668
	2370.00000000		10.70714		-0.46066
	2375.00000000		10.67499		-0.44284
	2380.00000000		10.50793		-0.42064
	2385.00000000		10.13553		-0.40917
	2390.00000000		9.82362		-0.40340
	2395.00000000		9.68301		-0.42044
	2400.00000000		9.78702		-0.46746
	2405.00000000		9.81738		-0.48955
	2410.00000000		9.58642		-0.47072
	2415.00000000		9.37378		-0.43934
	2420.00000000		9.21157		-0.41276
	2425.00000000		9.00921		-0.39552
	2430.00000000		8.78867		-0.40284
	2435.00000000		8.85200		-0.42126
	2440.00000000		9.22812		-0.40759
	2445.00000000		9.62994		-0.39496
	2450.00000000		9.66829		-0.37949
	2455.00000000		9.34140		-0.37425
	2460.00000000		9.02510		-0.38085
	2465.00000000		8.96497		-0.35883
	2470.00000000		9.31459		-0.31419
	2475.00000000		9.95541		-0.32439
	2480.00000000		10.32408		-0.41450
	2485.00000000		10.15898		-0.44829
	2490.00000000		9.87208		-0.43429
	2495.00000000		9.64763		-0.39592
	2500.00000000		9.79295		-0.37237
	2505.00000000		10.04544		-0.39673
	2510.00000000		10.30636		-0.47615
	2515.00000000		10.37949		-0.50989
	2520.00000000		10.15170		-0.49045
	2525.00000000		9.86346		-0.46433
	2530.00000000		9.53597		-0.43498
	2535.00000000		9.61841		-0.43668
	2540.00000000		9.79044		-0.43528
	2545.00000000		9.81128		-0.44348
	2550.00000000		9.61051		-0.45882
	2555.00000000		9.61512		-0.50089
	2560.00000000		9.74580		-0.51192
	2565.00000000		9.68567		-0.44527
	2570.00000000		9.48905		-0.35353
	2575.00000000		9.40769		-0.31572
	2580.00000000		9.59461		-0.34187
	2585.00000000		9.67512		-0.36762
	2590.00000000		9.48204		-0.34851
	2595.00000000		9.25462		-0.28548
	2600.00000000		9.24507		-0.23538
	2605.00000000		9.53912		-0.22848
	2610.00000000		9.79778		-0.27158
	2615.00000000		9.54838		-0.25376
	2620.00000000		9.10047		-0.22221
	2625.00000000		8.97304		-0.21957
	2630.00000000		9.23891		-0.25747
	2635.00000000		9.55632		-0.33106
	2640.00000000		9.42804		-0.33401
	2645.00000000		8.96457		-0.29603
	2650.00000000		8.58743		-0.24394
	2655.00000000		8.66293		-0.22071
	2660.00000000		9.04405		-0.25732
	2665.00000000		9.26146		-0.32667
	2670.00000000		9.18714		-0.33207
	2675.00000000		8.92216		-0.27588
	2680.00000000		8.80228		-0.21420
	2685.00000000		8.93512		-0.16164
	2690.00000000		9.02480		-0.14225
	2695.00000000		8.90277		-0.14668
	2700.00000000		8.75667		-0.15851
	2705.00000000		8.78390		-0.15027
	2710.00000000		8.99475		-0.14776
	2715.00000000		9.10095		-0.15217
	2720.00000000		8.99890		-0.16557
	2725.00000000		8.92429		-0.17277
	2730.00000000		9.05510		-0.15432
	2735.00000000		9.22015		-0.15473
	2740.00000000		9.32353		-0.16902
	2745.00000000		9.42375		-0.19575
	2750.00000000		9.61379		-0.20149
	2755.00000000		9.82126		-0.18418
	2760.00000000		9.86263		-0.14866
	2765.00000000		9.78633		-0.11992
	2770.00000000		9.72549		-0.13194
	2775.00000000		9.81187		-0.18393
	2780.00000000		10.03545		-0.22325
	2785.00000000		10.24009		-0.19814
	2790.00000000		10.31409		-0.16082
	2795.00000000		10.04145		-0.18210
	2800.00000000		9.76665		-0.26762
	2805.00000000		9.67468		-0.32081
	2810.00000000		9.86483		-0.31063
	2815.00000000		10.06327		-0.23178
	2820.00000000		10.14679		-0.17664
	2825.00000000		10.02311		-0.21211
	2830.00000000		9.59930		-0.26972
	2835.00000000		9.38486		-0.28078
	2840.00000000		9.73631		-0.19570
	2845.00000000		10.27741		-0.12077
	2850.00000000		10.54627		-0.14940
	2855.00000000		10.57059		-0.25391
	2860.00000000		10.30194		-0.27863
	2865.00000000		10.15383		-0.23084
	2870.00000000		10.24045		-0.18380
	2875.00000000		10.41459		-0.19143
	2880.00000000		10.46082		-0.25800
	2885.00000000		10.13515		-0.28688
	2890.00000000		9.79105		-0.30121
	2895.00000000		9.64397		-0.32238
	2900.00000000		9.89838		-0.38786
	2905.00000000		10.09282		-0.46361
	2910.00000000		10.15702		-0.47143
	2915.00000000		10.00972		-0.42254
	2920.00000000		9.79664		-0.36575
	2925.00000000		9.71972		-0.37392
	2930.00000000		9.83673		-0.40056
	2935.00000000		10.02298		-0.39783
	2940.00000000		10.11951		-0.33345
	2945.00000000		10.19282		-0.26795
	2950.00000000		10.15571		-0.27101
	2955.00000000		10.13241		-0.35463
	2960.00000000		10.07523		-0.42895
	2965.00000000		10.04364		-0.39845
	2970.00000000		10.02305		-0.31016
	2975.00000000		9.97666		-0.22074
	2980.00000000		9.82798		-0.25612
	2985.00000000		9.44472		-0.36194
	2990.00000000		9.18992		-0.44263
	2995.00000000		9.14031		-0.42988
	3000.00000000		9.24556		-0.38044
	3005.00000000		9.30028		-0.34217
	3010.00000000		9.23457		-0.33200
	3015.00000000		8.97233		-0.34297
	3020.00000000		8.75691		-0.33421
	3025.00000000		8.87114		-0.29967
	3030.00000000		9.25480		-0.19497
	3035.00000000		9.56950		-0.07347
	3040.00000000		9.58581		-0.02847
	3045.00000000		9.38270		-0.10647
	3050.00000000		9.21910		-0.17971
	3055.00000000		9.23181		-0.18616
	3060.00000000		9.44718		-0.12995
	3065.00000000		9.75500		-0.07750
	3070.00000000		9.78158		-0.12594
	3075.00000000		9.46269		-0.20835
	3080.00000000		9.08823		-0.25907
	3085.00000000		8.81591		-0.21767
	3090.00000000		8.85091		-0.14824
	3095.00000000		9.15231		-0.13467
	3100.00000000		9.32147		-0.18858
	3105.00000000		9.22493		-0.24884
	3110.00000000		8.88928		-0.25746
	3115.00000000		8.69638		-0.22835
	3120.00000000		8.76675		-0.17534
	3125.00000000		9.05044		-0.12814
	3130.00000000		9.25629		-0.06751
	3135.00000000		9.17841		-0.05665
	3140.00000000		8.87464		-0.10063
	3145.00000000		8.68598		-0.17667
	3150.00000000		8.73462		-0.22099
	3155.00000000		8.96162		-0.18338
	3160.00000000		9.12514		-0.07434
	3165.00000000		8.91726		0.00679
	3170.00000000		8.49267		-0.05922
	3175.00000000		8.22918		-0.17380
	3180.00000000		8.29599		-0.19197
	3185.00000000		8.49718		-0.03005
	3190.00000000		8.48069		0.15278
	3195.00000000		8.28954		0.12046
	3200.00000000		8.13091		-0.08504
	3205.00000000		8.14766		-0.19491
	3210.00000000		8.19374		-0.06347
	3215.00000000		8.26245		0.16506
	3220.00000000		8.22948		0.27488
	3225.00000000		8.02199		0.15052
	3230.00000000		7.84105		-0.05351
	3235.00000000		7.73034		-0.04981
	3240.00000000		7.84241		0.19163
	3245.00000000		8.04387		0.35940
	3250.00000000		8.18051		0.29119
	3255.00000000		8.08256		0.07135
	3260.00000000		7.88645		-0.05794
	3265.00000000		7.64604		0.05194
	3270.00000000		7.73182		0.26026
	3275.00000000		7.85664		0.35164
	3280.00000000		7.82352		0.22554
	3285.00000000		7.68437		0.04540
	3290.00000000		7.54459		0.02947
	3295.00000000		7.50296		0.25082
	3300.00000000		7.56265		0.43404
	3305.00000000		7.59466		0.41271
	3310.00000000		7.63491		0.26085
	3315.00000000		7.77554		0.23426
	3320.00000000		7.72360		0.39880
	3325.00000000		7.52986		0.52109
	3330.00000000		7.31499		0.44224
	3335.00000000		7.35759		0.25215
	3340.00000000		7.58774		0.18813
	3345.00000000		7.63768		0.27714
	3350.00000000		7.51566		0.37969
	3355.00000000		7.43206		0.33543
	3360.00000000		7.63722		0.16787
	3365.00000000		7.99312		0.03399
	3370.00000000		8.14355		0.06892
	3375.00000000		7.93710		0.18106
	3380.00000000		7.64591		0.21826
	3385.00000000		7.53018		0.15030
	3390.00000000		7.82762		0.05621
	3395.00000000		8.31276		0.02334
	3400.00000000		8.51038		0.10160
	3405.00000000		8.35561		0.23475
	3410.00000000		8.16807		0.26458
	3415.00000000		8.23983		0.18445
	3420.00000000		8.49077		0.09763
	3425.00000000		8.63027		0.11296
	3430.00000000		8.53312		0.18856
	3435.00000000		8.23730		0.17367
	3440.00000000		7.96795		0.02118
	3445.00000000		7.90577		-0.15418
	3450.00000000		7.91146		-0.17832
	3455.00000000		7.80190		-0.05262
	3460.00000000		7.74017		0.06833
	3465.00000000		7.76003		0.02886
	3470.00000000		7.98238		-0.13136
	3475.00000000		8.04413		-0.23836
	3480.00000000		7.74925		-0.15377
	3485.00000000		7.47143		0.01501
	3490.00000000		7.50210		0.07303
	3495.00000000		7.80482		-0.00404
	3500.00000000		8.06437		-0.11177
	3505.00000000		7.95628		-0.11107
	3510.00000000		7.54350		-0.02055
	3515.00000000		7.37431		0.04977
	3520.00000000		7.51747		0.01285
	3525.00000000		7.79635		-0.06033
	3530.00000000		7.73438		-0.04775
	3535.00000000		7.37200		0.07796
	3540.00000000		7.15885		0.21443
	3545.00000000		7.28071		0.19401
	3550.00000000		7.64294		0.05858
	3555.00000000		7.90416		-0.01080
	3560.00000000		7.85782		0.08729
	3565.00000000		7.47948		0.23333
	3570.00000000		7.16976		0.24446
	3575.00000000		7.08429		0.06340
	3580.00000000		7.24521		-0.11022
	3585.00000000		7.35566		-0.09492
	3590.00000000		7.36656		0.11137
	3595.00000000		7.33941		0.34144
	3600.00000000		7.30703		0.32484
	3605.00000000		7.30169		0.10758
	3610.00000000		7.28527		-0.03491
	3615.00000000		7.14597		0.10156
	3620.00000000		6.92462		0.38441
	3625.00000000		6.94890		0.50560
	3630.00000000		7.01850		0.35461
	3635.00000000		7.06126		0.12638
	3640.00000000		6.89385		0.08387
	3645.00000000		6.87439		0.27568
	3650.00000000		7.30653		0.50409
	3655.00000000		7.83057		0.52481
	3660.00000000		7.99063		0.28794
	3665.00000000		7.91574		0.05073
	3670.00000000		7.84706		0.12069
	3675.00000000		8.03670		0.36736
	3680.00000000		8.22773		0.48409
	3685.00000000		8.30162		0.40956
	3690.00000000		8.21685		0.26278
	3695.00000000		8.14367		0.19685
	3700.00000000		8.29873		0.28275
	3705.00000000		8.46164		0.40677
	3710.00000000		8.50136		0.38905
	3715.00000000		8.16253		0.20709
	3720.00000000		7.86885		0.07792
	3725.00000000		7.98832		0.12892
	3730.00000000		8.44122		0.26984
	3735.00000000		8.67207		0.36316
	3740.00000000		8.59847		0.33630
	3745.00000000		8.31461		0.29037
	3750.00000000		8.12179		0.30363
	3755.00000000		8.23535		0.38455
	3760.00000000		8.48114		0.45016
	3765.00000000		8.68617		0.42670
	3770.00000000		8.40478		0.32372
	3775.00000000		8.08372		0.30561
	3780.00000000		7.87344		0.41802
	3785.00000000		8.00488		0.51900
	3790.00000000		8.15271		0.52145
	3795.00000000		8.22795		0.43204
	3800.00000000		8.09482		0.40697
	3805.00000000		7.84236		0.47207
	3810.00000000		7.72146		0.54869
	3815.00000000		7.73054		0.54753
	3820.00000000		7.99684		0.47607
	3825.00000000		8.22938		0.44999
	3830.00000000		8.59451		0.51387
	3835.00000000		8.58036		0.56489
	3840.00000000		8.41820		0.56798
	3845.00000000		8.28678		0.52468
	3850.00000000		8.24616		0.42620
	3855.00000000		8.44432		0.43363
	3860.00000000		8.55346		0.54707
	3865.00000000		8.63751		0.59474
	3870.00000000		8.45146		0.53430
	3875.00000000		8.53206		0.43796
	3880.00000000		8.84539		0.41061
	3885.00000000		9.28044		0.48563
	3890.00000000		9.32930		0.51052
	3895.00000000		8.88385		0.45259
	3900.00000000		8.78051		0.39944
	3905.00000000		8.91666		0.39942
	3910.00000000		9.21747		0.45792
	3915.00000000		8.92398		0.47792
	3920.00000000		8.58514		0.44879
	3925.00000000		8.50017		0.42921
	3930.00000000		8.83296		0.46116
	3935.00000000		9.34974		0.51476
	3940.00000000		9.44136		0.53023
	3945.00000000		9.58904		0.52089
	3950.00000000		9.33227		0.49110
	3955.00000000		9.32377		0.45538
	3960.00000000		9.39397		0.52657
	3965.00000000		9.55299		0.62614
	3970.00000000		9.52964		0.61955
	3975.00000000		9.23375		0.54898
	3980.00000000		9.05144		0.43248
	3985.00000000		8.85601		0.39264
	3990.00000000		9.03053		0.46565
	3995.00000000		9.09491		0.50265
	4000.00000000		9.28835		0.46999
	4005.00000000		9.34050		0.40481
	4010.00000000		9.25159		0.34486
	4015.00000000		9.30236		0.36277
	4020.00000000		9.07062		0.43378
	4025.00000000		9.09016		0.43913
	4030.00000000		8.95309		0.37614
	4035.00000000		9.02988		0.28979
	4040.00000000		8.89671		0.29567
	4045.00000000		8.83629		0.38197
	4050.00000000		8.88262		0.42686
	4055.00000000		9.11447		0.39428
	4060.00000000		9.42364		0.36322
	4065.00000000		9.47102		0.40671
	4070.00000000		9.65426		0.48157
	4075.00000000		9.40935		0.51057
	4080.00000000		9.26908		0.46599
	4085.00000000		9.14435		0.40377
	4090.00000000		9.18131		0.37575
	4095.00000000		9.23912		0.42691
	4100.00000000		9.03062		0.48620
	4105.00000000		9.03670		0.47487
	4110.00000000		9.04103		0.38789
	4115.00000000		9.29019		0.31098
	4120.00000000		9.30788		0.34876
	4125.00000000		9.33008		0.42572
	4130.00000000		9.12011		0.44841
	4135.00000000		8.80721		0.40317
	4140.00000000		8.79228		0.35677
	4145.00000000		8.82080		0.38483
	4150.00000000		9.15663		0.46951
	4155.00000000		9.09396		0.50149
	4160.00000000		9.19051		0.49186
	4165.00000000		9.17444		0.45318
	4170.00000000		9.22647		0.42171
	4175.00000000		9.44824		0.43203
	4180.00000000		9.33643		0.45208
	4185.00000000		9.36403		0.43202
	4190.00000000		8.98645		0.38308
	4195.00000000		8.81307		0.34431
	4200.00000000		8.75356		0.37450
	4205.00000000		8.91735		0.44949
	4210.00000000		9.04691		0.46403
	4215.00000000		9.07007		0.44529
	4220.00000000		9.17493		0.40966
	4225.00000000		8.98975		0.41651
	4230.00000000		9.14966		0.45870
	4235.00000000		9.05577		0.49093
	4240.00000000		9.22138		0.47455
	4245.00000000		9.14970		0.43323
	4250.00000000		9.09479		0.42610
	4255.00000000		9.01794		0.45398
	4260.00000000		8.86270		0.49069
	4265.00000000		8.96936		0.48801
	4270.00000000		9.02435		0.45810
	4275.00000000		9.21285		0.42197
	4280.00000000		9.06979		0.43278
	4285.00000000		8.98227		0.45735
	4290.00000000		8.82468		0.46910
	4295.00000000		8.83825		0.44475
	4300.00000000		8.93088		0.42350
	4305.00000000		9.00714		0.44565
	4310.00000000		9.03463		0.47836
	4315.00000000		8.81275		0.49743
	4320.00000000		8.92151		0.48765
	4325.00000000		8.93974		0.47233
	4330.00000000		9.16427		0.45271
	4335.00000000		9.18753		0.45142
	4340.00000000		9.28481		0.45841
	4345.00000000		9.41487		0.48505
	4350.00000000		9.47221		0.50938
	4355.00000000		9.76919		0.50051
	4360.00000000		9.60420		0.47756
	4365.00000000		9.75744		0.45685
	4370.00000000		9.67831		0.45032
	4375.00000000		9.87150		0.44824
	4380.00000000		9.81058		0.45965
	4385.00000000		9.72873		0.48288
	4390.00000000		9.71569		0.52390
	4395.00000000		9.59148		0.56264
	4400.00000000		9.67103		0.57738
	4405.00000000		9.33571		0.55641
	4410.00000000		9.26680		0.54100
	4415.00000000		8.94045		0.56254
	4420.00000000		8.87659		0.58881
	4425.00000000		8.85830		0.60217
	4430.00000000		8.95330		0.59100
	4435.00000000		8.97000		0.56262
	4440.00000000		8.72171		0.53904
	4445.00000000		8.54588		0.55483
	4450.00000000		8.31060		0.56374
	4455.00000000		8.37077		0.56943
	4460.00000000		8.25371		0.58565
	4465.00000000		8.37434		0.56532
	4470.00000000		8.41789		0.53881
	4475.00000000		8.70662		0.52932
	4480.00000000		8.73408		0.53348
	4485.00000000		8.68002		0.52478
	4490.00000000		8.72152		0.52139
	4495.00000000		8.83680		0.51588
	4500.00000000		9.12900		0.54687
	4505.00000000		8.96810		0.58602
	4510.00000000		8.93201		0.59977
	4515.00000000		8.60875		0.59707
	4520.00000000		8.73717		0.59429
	4525.00000000		8.87331		0.60047
	4530.00000000		9.05188		0.60154
	4535.00000000		9.07912		0.61990
	4540.00000000		9.06147		0.63128
	4545.00000000		9.08080		0.64271
	4550.00000000		8.88159		0.66192
	4555.00000000		8.66321		0.67481
	4560.00000000		8.18932		0.67784
	4565.00000000		7.98511		0.69111
	4570.00000000		7.88117		0.71168
	4575.00000000		8.05475		0.74266
	4580.00000000		8.00158		0.76744
	4585.00000000		7.86198		0.76377
	4590.00000000		7.79469		0.76149
	4595.00000000		7.85293		0.75868
	4600.00000000		8.12407		0.75768
	4605.00000000		8.03706		0.73923
	4610.00000000		8.02217		0.72821
	4615.00000000		7.85832		0.73825
	4620.00000000		8.04362		0.75276
	4625.00000000		8.23505		0.75948
	4630.00000000		8.36982		0.75458
	4635.00000000		8.48995		0.73276
	4640.00000000		8.42585		0.71559
	4645.00000000		8.74312		0.73638
	4650.00000000		8.84927		0.80182
	4655.00000000		9.13706		0.86233
	4660.00000000		8.95919		0.87013
	4665.00000000		8.74049		0.83636
	4670.00000000		8.50297		0.80865
	4675.00000000		8.43624		0.81609
	4680.00000000		8.58516		0.86154
	4685.00000000		8.43622		0.92582
	4690.00000000		8.32581		0.94455
	4695.00000000		7.80764		0.91491
	4700.00000000		7.59446		0.87438
	4705.00000000		7.54693		0.87793
	4710.00000000		7.71342		0.92500
	4715.00000000		7.64455		0.93504
	4720.00000000		7.33812		0.91357
	4725.00000000		7.14050		0.89824
	4730.00000000		7.08859		0.93990
	4735.00000000		7.45308		1.02417
	4740.00000000		7.53660		1.07931
	4745.00000000		7.70934		1.06164
	4750.00000000		7.45471		1.00263
	4755.00000000		7.37468		0.98268
	4760.00000000		7.58099		1.05152
	4765.00000000		7.86108		1.15802
	4770.00000000		8.07647		1.20979
	4775.00000000		7.84928		1.20337
	4780.00000000		7.86919		1.16861
	4785.00000000		7.88818		1.17554
	4790.00000000		8.26656		1.20364
	4795.00000000		8.36335		1.23237
	4800.00000000		8.33650		1.23384
	4805.00000000		8.07047		1.18189
	4810.00000000		7.71260		1.14901
	4815.00000000		7.72662		1.16504
	4820.00000000		7.60882		1.18801
	4825.00000000		7.65816		1.18860
	4830.00000000		7.22945		1.14676
	4835.00000000		7.07644		1.10721
	4840.00000000		7.00352		1.13931
	4845.00000000		7.13499		1.19346
	4850.00000000		7.22192		1.24864
	4855.00000000		7.03503		1.27023
	4860.00000000		6.91439		1.24924
	4865.00000000		6.66094		1.24565
	4870.00000000		6.70532		1.25478
	4875.00000000		6.63987		1.26005
	4880.00000000		6.72199		1.21965
	4885.00000000		6.66383		1.17184
	4890.00000000		6.70604		1.15958
	4895.00000000		6.82481		1.16049
	4900.00000000		7.04256		1.12751
	4905.00000000		7.43101		1.09653
	4910.00000000		7.49919		1.08460
	4915.00000000		7.59377		1.04125
	4920.00000000		7.32140		0.99843
	4925.00000000		7.34478		0.98227
	4930.00000000		7.43924		1.00721
	4935.00000000		7.66125		1.06123
	4940.00000000		7.63189		1.07286
	4945.00000000		7.29445		1.02097
	4950.00000000		7.13818		1.01618
	4955.00000000		7.07436		1.03476
	4960.00000000		7.34075		1.07444
	4965.00000000		7.37635		1.11692
	4970.00000000		7.44419		1.12288
	4975.00000000		7.34359		1.10503
	4980.00000000		7.30875		1.05835
	4985.00000000		7.45903		1.02799
	4990.00000000		7.47041		1.00579
	4995.00000000		7.49433		0.98272
	5000.00000000		7.19303		0.94066
	5005.00000000		7.03004		0.90921
	5010.00000000		6.90781		0.87675
	5015.00000000		6.91458		0.85864
	5020.00000000		6.78012		0.85568
	5025.00000000		6.54874		0.85701
	5030.00000000		6.45778		0.87421
	5035.00000000		6.42972		0.87344
	5040.00000000		6.52332		0.90266
	5045.00000000		6.45128		0.96026
	5050.00000000		6.40357		1.01147
	5055.00000000		6.29495		1.00376
	5060.00000000		6.35200		0.96593
	5065.00000000		6.49807		0.96034
	5070.00000000		6.71554		1.02555
	5075.00000000		6.79747		1.06089
	5080.00000000		6.60103		1.04498
	5085.00000000		6.52840		1.01213
	5090.00000000		6.57957		0.98068
	5095.00000000		6.90387		1.02712
	5100.00000000		6.99669		1.07024
	5105.00000000		7.00245		1.06671
	5110.00000000		6.82511		1.02136
	5115.00000000		6.78706		0.97073
	5120.00000000		6.97200		0.99843
	5125.00000000		7.13367		1.11307
	5130.00000000		7.22917		1.17152
	5135.00000000		6.96358		1.16422
	5140.00000000		6.74988		1.13337
	5145.00000000		6.58387		1.09334
	5150.00000000		6.72348		1.11912
	5155.00000000		6.79154		1.16842
	5160.00000000		6.76941		1.19746
	5165.00000000		6.71524		1.17273
	5170.00000000		6.70603		1.12915
	5175.00000000		6.92302		1.08542
	5180.00000000		6.88460		1.06524
	5185.00000000		6.96063		1.05231
	5190.00000000		6.75805		1.03985
	5195.00000000		6.74791		1.04614
	5200.00000000		6.70974		1.05177
	5205.00000000		6.79781		1.06357
	5210.00000000		6.87955		1.05253
	5215.00000000		6.83750		1.03764
	5220.00000000		6.93280		1.03011
	5225.00000000		6.94389		1.06010
	5230.00000000		7.14339		1.10305
	5235.00000000		7.15812		1.16579
	5240.00000000		7.26666		1.21086
	5245.00000000		7.05449		1.17646
	5250.00000000		6.77510		1.10146
	5255.00000000		6.67810		1.08760
	5260.00000000		6.85660		1.11681
	5265.00000000		7.29060		1.14152
	5270.00000000		7.46994		1.20106
	5275.00000000		7.70094		1.19070
	5280.00000000		7.58984		1.12882
	5285.00000000		7.63912		1.08524
	5290.00000000		7.81242		1.07121
	5295.00000000		8.00923		1.10700
	5300.00000000		7.96214		1.08390
	5305.00000000		7.47081		0.99308
	5310.00000000		7.16551		1.00757
	5315.00000000		6.88451		1.07905
	5320.00000000		6.81938		1.09405
	5325.00000000		6.76372		1.06752
	5330.00000000		6.74152		0.99463
	5335.00000000		6.66729		0.97302
	5340.00000000		6.63827		1.00367
	5345.00000000		6.72760		1.02852
	5350.00000000		6.74884		1.03795
	5355.00000000		6.78238		0.99621
	5360.00000000		6.57434		0.95766
	5365.00000000		6.50075		0.97232
	5370.00000000		6.47036		1.01062
	5375.00000000		6.56506		1.00585
	5380.00000000		6.55742		0.96121
	5385.00000000		6.54224		0.90876
	5390.00000000		6.65976		0.92312
	5395.00000000		6.89600		0.98083
	5400.00000000		7.07307		1.02108
	5405.00000000		6.93077		0.98631
	5410.00000000		6.73325		0.91021
	5415.00000000		6.57302		0.90826
	5420.00000000		6.76795		0.97834
	5425.00000000		6.93836		1.05319
	5430.00000000		7.06343		1.06374
	5435.00000000		7.13670		1.02093
	5440.00000000		7.29822		0.97070
	5445.00000000		7.72480		0.95880
	5450.00000000		7.99343		0.99231
	5455.00000000		8.19625		1.01135
	5460.00000000		7.91109		0.96140
	5465.00000000		7.83845		0.92364
	5470.00000000		8.05859		0.95859
	5475.00000000		8.41326		1.05137
	5480.00000000		8.44330		1.11084
	5485.00000000		8.11186		1.06005
	5490.00000000		7.91161		1.00694
	5495.00000000		7.97722		0.99619
	5500.00000000		8.46036		1.02965
	5505.00000000		8.55595		1.11786
	5510.00000000		8.45417		1.16197
	5515.00000000		8.03929		1.11181
	5520.00000000		7.72451		1.04826
	5525.00000000		7.89903		1.00585
	5530.00000000		8.26186		1.02548
	5535.00000000		8.53849		1.07295
	5540.00000000		8.30988		1.01275
	5545.00000000		8.09860		0.93537
	5550.00000000		8.07387		0.90031
	5555.00000000		8.58347		0.91556
	5560.00000000		8.98275		0.98062
	5565.00000000		9.06349		0.99469
	5570.00000000		8.99866		0.88358
	5575.00000000		8.59237		0.82012
	5580.00000000		8.62812		0.82770
	5585.00000000		8.95613		0.88901
	5590.00000000		9.31245		1.01736
	5595.00000000		9.24844		0.97459
	5600.00000000		9.06503		0.81794
	5605.00000000		8.81168		0.74146
	5610.00000000		8.85834		0.75986
	5615.00000000		9.07113		0.85703
	5620.00000000		8.97835		0.91209
	5625.00000000		8.89535		0.81266
	5630.00000000		8.55434		0.72442
	5635.00000000		8.43065		0.69379
	5640.00000000		8.37238		0.73168
	5645.00000000		8.50102		0.83217
	5650.00000000		8.55953		0.87584
	5655.00000000		8.69318		0.85011
	5660.00000000		8.86720		0.79751
	5665.00000000		8.81858		0.79250
	5670.00000000		8.94160		0.85554
	5675.00000000		8.81711		0.91756
	5680.00000000		8.93320		0.90939
	5685.00000000		8.91850		0.87265
	5690.00000000		8.93277		0.83980
	5695.00000000		8.94347		0.86014
	5700.00000000		8.96780		0.90334
	5705.00000000		9.26249		0.92568
	5710.00000000		9.44771		0.92383
	5715.00000000		9.69633		0.87692
	5720.00000000		9.53204		0.80956
	5725.00000000		9.37141		0.76872
	5730.00000000		9.25808		0.78000
	5735.00000000		9.37703		0.80292
	5740.00000000		9.55129		0.81764
	5745.00000000		9.46703		0.80248
	5750.00000000		9.40797		0.78471
	5755.00000000		9.16712		0.77414
	5760.00000000		9.11386		0.74566
	5765.00000000		8.94033		0.70869
	5770.00000000		8.75150		0.65208
	5775.00000000		8.51917		0.61632
	5780.00000000		8.32889		0.63692
	5785.00000000		8.18580		0.67622
	5790.00000000		8.03607		0.66717
	5795.00000000		8.17346		0.63174
	5800.00000000		8.19078		0.57545
	5805.00000000		8.19519		0.52378
	5810.00000000		8.02344		0.53087
	5815.00000000		8.00749		0.57321
	5820.00000000		8.15887		0.60603
	5825.00000000		8.42261		0.62712
	5830.00000000		8.62431		0.65720
	5835.00000000		8.54660		0.66970
	5840.00000000		8.37039		0.68599
	5845.00000000		8.04474		0.71055
	5850.00000000		8.15107		0.73149
	5855.00000000		8.56847		0.74885
	5860.00000000		8.93614		0.78796
	5865.00000000		8.81432		0.77330
	5870.00000000		8.53416		0.75268
	5875.00000000		8.49943		0.75455
	5880.00000000		8.90392		0.75272
	5885.00000000		9.27827		0.80727
	5890.00000000		9.27115		0.84967
	5895.00000000		9.11981		0.81153
	5900.00000000		8.62809		0.77095
	5905.00000000		8.42131		0.75944
	5910.00000000		8.62360		0.75535
	5915.00000000		9.02853		0.80319
	5920.00000000		9.01703		0.81195
	5925.00000000		8.63186		0.76818
	5930.00000000		8.22295		0.75645
	5935.00000000		8.25150		0.75967
	5940.00000000		8.70229		0.80525
	5945.00000000		9.00291		0.84936
	5950.00000000		9.25670		0.82733
	5955.00000000		9.13890		0.75866
	5960.00000000		9.08349		0.69439
	5965.00000000		8.91179		0.65400
	5970.00000000		8.81140		0.64334
	5975.00000000		8.87906		0.63244
	5980.00000000		9.03599		0.61460
	5985.00000000		9.26471		0.60151
	5990.00000000		9.39381		0.61654
	5995.00000000		9.62836		0.60834
	6000.00000000		9.43724		0.54912
	6005.00000000		9.55896		0.52510
	6010.00000000		9.84384		0.52794
	6015.00000000		10.10087		0.54755
	6020.00000000		10.02895		0.51561
	6025.00000000		9.77084		0.48422
	6030.00000000		9.77415		0.49414
	6035.00000000		9.85776		0.52626
	6040.00000000		10.00343		0.54183
	6045.00000000		9.80877		0.52640
	6050.00000000		9.62398		0.50426
	6055.00000000		9.55320		0.49673
	6060.00000000		9.84138		0.51962
	6065.00000000		10.04227		0.51512
	6070.00000000		10.06436		0.49266
	6075.00000000		9.97906		0.47016
	6080.00000000		9.68594		0.46508
	6085.00000000		9.59430		0.46220
	6090.00000000		9.56383		0.45769
	6095.00000000		9.71959		0.45987
	6100.00000000		9.64712		0.45714
	6105.00000000		9.54676		0.44915
	6110.00000000		9.46252		0.41773
	6115.00000000		9.45321		0.37379
	6120.00000000		9.57060		0.34730
	6125.00000000		9.65114		0.37412
	6130.00000000		9.90106		0.42353
	6135.00000000		10.00627		0.46215
	6140.00000000		10.10356		0.43472
	6145.00000000		10.02254		0.37312
	6150.00000000		10.02603		0.34867
	6155.00000000		10.11974		0.37063
	6160.00000000		10.23128		0.40595
	6165.00000000		10.20123		0.39413
	6170.00000000		9.94867		0.35950
	6175.00000000		9.87997		0.34773
	6180.00000000		9.99050		0.37488
	6185.00000000		10.24773		0.41399
	6190.00000000		10.15198		0.43993
	6195.00000000		9.97456		0.43783
	6200.00000000		9.78555		0.44138
	6205.00000000		9.89288		0.45882
	6210.00000000		10.15944		0.47914
	6215.00000000		10.30202		0.49413
	6220.00000000		10.35556		0.47416
	6225.00000000		10.01800		0.45471
	6230.00000000		9.77881		0.44817
	6235.00000000		9.62486		0.47302
	6240.00000000		9.93173		0.50375
	6245.00000000		10.15456		0.52999
	6250.00000000		10.37341		0.54896
	6255.00000000		10.42727		0.52815
	6260.00000000		10.22121		0.47356
	6265.00000000		10.09259		0.42701
	6270.00000000		9.97289		0.38172
	6275.00000000		10.21290		0.35996
	6280.00000000		10.23684		0.38075
	6285.00000000		10.17189		0.39639
	6290.00000000		9.73947		0.38855
	6295.00000000		9.42995		0.31982
	6300.00000000		9.50568		0.23920
	6305.00000000		9.88442		0.17332
	6310.00000000		10.10844		0.12666
	6315.00000000		9.97111		0.10040
	6320.00000000		9.83093		0.07655
	6325.00000000		9.64485		0.06398
	6330.00000000		9.93849		0.05081
	6335.00000000		9.93789		0.06573
	6340.00000000		9.72968		0.06969
	6345.00000000		9.32599		0.07539
	6350.00000000		8.90422		0.09576
	6355.00000000		9.00271		0.12984
	6360.00000000		9.34237		0.15340
	6365.00000000		9.77926		0.14502
	6370.00000000		9.76202		0.11847
	6375.00000000		9.80677		0.12701
	6380.00000000		9.62769		0.16547
	6385.00000000		9.68401		0.19792
	6390.00000000		9.91400		0.21368
	6395.00000000		9.92484		0.19388
	6400.00000000		10.06546		0.20395
	6405.00000000		9.74207		0.24291
	6410.00000000		9.75727		0.29074
	6415.00000000		9.59718		0.31047
	6420.00000000		9.83586		0.28917
	6425.00000000		9.94058		0.28466
	6430.00000000		9.97733		0.32028
	6435.00000000		9.93313		0.35487
	6440.00000000		9.72394		0.32592
	6445.00000000		9.85434		0.25837
	6450.00000000		9.83595		0.22731
	6455.00000000		10.10807		0.25212
	6460.00000000		9.88811		0.27559
	6465.00000000		9.79014		0.26084
	6470.00000000		9.48227		0.19707
	6475.00000000		9.25809		0.13610
	6480.00000000		9.43698		0.11958
	6485.00000000		9.55461		0.12414
	6490.00000000		9.83869		0.13348
	6495.00000000		9.59962		0.10119
	6500.00000000		9.53186		0.05301
	6505.00000000		9.41010		0.01056
	6510.00000000		9.66947		-0.00741
	6515.00000000		9.73982		0.00041
	6520.00000000		9.73288		0.03633
	6525.00000000		9.73728		0.06478
	6530.00000000		9.59992		0.07980
	6535.00000000		9.84285		0.08464
	6540.00000000		9.69978		0.07719
	6545.00000000		9.87309		0.06868
	6550.00000000		9.71879		0.05978
	6555.00000000		9.81703		0.07057
	6560.00000000		9.90310		0.09302
	6565.00000000		9.96774		0.13023
	6570.00000000		10.07634		0.13304
	6575.00000000		9.94452		0.11677
	6580.00000000		10.13398		0.10924
	6585.00000000		10.05986		0.12453
	6590.00000000		10.12935		0.14287
	6595.00000000		9.69114		0.10328
	6600.00000000		9.30894		0.06225
	6605.00000000		9.16678		0.05091
	6610.00000000		9.31513		0.07379
	6615.00000000		9.52380		0.09918
	6620.00000000		9.57018		0.08436
	6625.00000000		9.68059		0.02881
	6630.00000000		9.48868		-0.00773
	6635.00000000		9.72400		-0.02301
	6640.00000000		9.92009		-0.01268
	6645.00000000		10.14769		0.00111
	6650.00000000		10.05446		0.01659
	6655.00000000		9.70600		0.01907
	6660.00000000		9.62045		0.01085
	6665.00000000		9.52476		0.00794
	6670.00000000		9.72633		0.00432
	6675.00000000		9.56629		0.01825
	6680.00000000		9.61611		0.02804
	6685.00000000		9.67798		0.03518
	6690.00000000		9.97668		0.02219
	6695.00000000		10.18260		-0.00192
	6700.00000000		9.98385		0.00089
	6705.00000000		9.93189		0.04732
	6710.00000000		9.60187		0.12543
	6715.00000000		9.78354		0.21191
	6720.00000000		9.64797		0.27283
	6725.00000000		9.73422		0.30249
	6730.00000000		9.61893		0.32388
	6735.00000000		9.56165		0.33690
	6740.00000000		9.79328		0.35945
	6745.00000000		9.75129		0.35938
	6750.00000000		9.99207		0.32947
	6755.00000000		9.70386		0.29967
	6760.00000000		9.73072		0.32284
	6765.00000000		9.65045		0.39431
	6770.00000000		9.83769		0.45582
	6775.00000000		9.88899		0.41765
	6780.00000000		9.69772		0.32954
	6785.00000000		9.66570		0.27431
	6790.00000000		9.50069		0.27437
	6795.00000000		9.77397		0.31282
	6800.00000000		9.55519		0.32863
	6805.00000000		9.59240		0.32726
	6810.00000000		9.38710		0.32012
	6815.00000000		9.50452		0.33622
	6820.00000000		9.51888		0.36502
	6825.00000000		9.54817		0.37449
	6830.00000000		9.68018		0.34909
	6835.00000000		9.55682		0.31336
	6840.00000000		9.75764		0.32221
	6845.00000000		9.71930		0.36017
	6850.00000000		9.97278		0.40222
	6855.00000000		9.76920		0.41862
	6860.00000000		9.70291		0.40350
	6865.00000000		9.40966		0.40426
	6870.00000000		9.22563		0.42986
	6875.00000000		9.41539		0.46430
	6880.00000000		9.68199		0.54115
	6885.00000000		10.03985		0.62154
	6890.00000000		9.88655		0.60192
	6895.00000000		9.66325		0.56805
	6900.00000000		9.28294		0.57379
	6905.00000000		9.38152		0.62806
	6910.00000000		9.66420		0.70401
	6915.00000000		9.59232		0.70913
	6920.00000000		9.52180		0.67701
	6925.00000000		9.22125		0.67567
	6930.00000000		9.52734		0.72147
	6935.00000000		9.70718		0.76665
	6940.00000000		9.96522		0.70309
	6945.00000000		9.94607		0.58400
	6950.00000000		9.72732		0.54151
	6955.00000000		9.71030		0.57950
	6960.00000000		9.73086		0.68447
	6965.00000000		9.93795		0.77002
	6970.00000000		9.73932		0.75057
	6975.00000000		9.67710		0.67092
	6980.00000000		9.31333		0.60938
	6985.00000000		9.28060		0.60403
	6990.00000000		9.19022		0.62309
	6995.00000000		9.04924		0.64122
	7000.00000000		8.91982		0.63213
	7005.00000000		8.72009		0.62186
	7010.00000000		8.86959		0.62799
	7015.00000000		8.86340		0.64414
	7020.00000000		8.90454		0.61464
	7025.00000000		8.57755		0.56865
	7030.00000000		8.53644		0.54916
	7035.00000000		8.63209		0.55277
	7040.00000000		8.82652		0.58116
	7045.00000000		8.60321		0.54838
	7050.00000000		8.36775		0.52180
	7055.00000000		8.51323		0.52723
	7060.00000000		8.86444		0.58308
	7065.00000000		8.88914		0.61744
	7070.00000000		8.62343		0.61247
	7075.00000000		8.48791		0.62694
	7080.00000000		8.69896		0.66298
	7085.00000000		9.02485		0.71756
	7090.00000000		8.99806		0.73913
	7095.00000000		8.80192		0.71280
	7100.00000000		8.30912		0.69212
	7105.00000000		8.10373		0.70037
	7110.00000000		8.30651		0.73874
	7115.00000000		8.60814		0.81510
	7120.00000000		8.61755		0.80796
	7125.00000000		8.25887		0.74713
	7130.00000000		7.92880		0.68315
	7135.00000000		7.93013		0.64328
	7140.00000000		8.17738		0.69126
	7145.00000000		8.27650		0.75531
	7150.00000000		8.26138		0.74651
	7155.00000000		8.10848		0.70560
	7160.00000000		8.01400		0.68538
	7165.00000000		7.97421		0.71612
	7170.00000000		8.01668		0.78360
	7175.00000000		8.01549		0.82296
	7180.00000000		7.96714		0.84057
	7185.00000000		7.88419		0.81586
	7190.00000000		7.74600		0.78143
	7195.00000000		7.68635		0.78828
	7200.00000000		7.73297		0.80216
	7205.00000000		7.93390		0.79218
	7210.00000000		8.05613		0.74589
	7215.00000000		7.96939		0.66691
	7220.00000000		7.64960		0.64640
	7225.00000000		7.38494		0.69397
	7230.00000000		7.50052		0.70690
	7235.00000000		7.78591		0.67955
	7240.00000000		7.83160		0.61534
	7245.00000000		7.58975		0.59426
	7250.00000000		7.39873		0.65425
	7255.00000000		7.54371		0.70766
	7260.00000000		7.84480		0.72860
	7265.00000000		7.97087		0.71373
	7270.00000000		7.74937		0.70238
	7275.00000000		7.29656		0.72887
	7280.00000000		7.01482		0.74836
	7285.00000000		6.97016		0.70231
	7290.00000000		7.00797		0.66174
	7295.00000000		6.94627		0.68785
	7300.00000000		6.83094		0.74694
	7305.00000000		6.77246		0.75202
	7310.00000000		6.79685		0.68688
	7315.00000000		6.78439		0.61895
	7320.00000000		6.64599		0.63153
	7325.00000000		6.47338		0.70926
	7330.00000000		6.36415		0.74223
	7335.00000000		6.31151		0.68707
	7340.00000000		6.22952		0.58213
	7345.00000000		6.05030		0.57382
	7350.00000000		5.91169		0.68685
	7355.00000000		6.07875		0.77963
	7360.00000000		6.33022		0.76919
	7365.00000000		6.39473		0.67652
	7370.00000000		6.25930		0.58949
	7375.00000000		6.08052		0.64380
	7380.00000000		6.10004		0.75727
	7385.00000000		6.28393		0.77296
	7390.00000000		6.49734		0.70384
	7395.00000000		6.53273		0.61527
	7400.00000000		6.41081		0.63864
	7405.00000000		6.32006		0.73736
	7410.00000000		6.45403		0.79936
	7415.00000000		6.70969		0.77969
	7420.00000000		6.76186		0.70116
	7425.00000000		6.56477		0.67310
	7430.00000000		6.40077		0.76421
	7435.00000000		6.32782		0.87862
	7440.00000000		6.26952		0.91811
	7445.00000000		6.19736		0.88068
	7450.00000000		6.16107		0.83583
	7455.00000000		6.19288		0.87866
	7460.00000000		6.23644		0.95220
	7465.00000000		6.20058		0.98057
	7470.00000000		6.09181		0.92699
	7475.00000000		5.95906		0.85181
	7480.00000000		5.85209		0.86032
	7485.00000000		5.87825		0.94817
	7490.00000000		5.99051		1.00280
	7495.00000000		6.03372		0.95047
	7500.00000000		5.89220		0.82343
	7505.00000000		5.74696		0.73942
	7510.00000000		5.86523		0.80532
	7515.00000000		6.15177		0.87982
	7520.00000000		6.38045		0.86352
	7525.00000000		6.42906		0.75148
	7530.00000000		6.33108		0.63632
	7535.00000000		6.21812		0.64031
	7540.00000000		6.18955		0.74091
	7545.00000000		6.25430		0.77498
	7550.00000000		6.30077		0.67040
	7555.00000000		6.22950		0.48347
	7560.00000000		6.08411		0.36897
	7565.00000000		6.02207		0.44845
	7570.00000000		6.05729		0.56489
	7575.00000000		6.13832		0.52600
	7580.00000000		6.28385		0.34964
	7585.00000000		6.49876		0.23666
	7590.00000000		6.64018		0.29065
	7595.00000000		6.61458		0.41346
	7600.00000000		6.52588		0.41680
	7605.00000000		6.46749		0.26515
	7610.00000000		6.52164		0.12219
	7615.00000000		6.55625		0.15084
	7620.00000000		6.61056		0.31013
	7625.00000000		6.64039		0.40066
	7630.00000000		6.57564		0.32521
	7635.00000000		6.53868		0.14034
	7640.00000000		6.52798		0.06460
	7645.00000000		6.58298		0.18187
	7650.00000000		6.65012		0.32430
	7655.00000000		6.66654		0.31845
	7660.00000000		6.59042		0.17708
	7665.00000000		6.52856		0.06375
	7670.00000000		6.50207		0.11016
	7675.00000000		6.57601		0.25722
	7680.00000000		6.71880		0.35916
	7685.00000000		6.74086		0.34103
	7690.00000000		6.63712		0.25656
	7695.00000000		6.55204		0.20837
	7700.00000000		6.58202		0.21020
	7705.00000000		6.64112		0.23084
	7710.00000000		6.65727		0.23170
	7715.00000000		6.64303		0.25239
	7720.00000000		6.68907		0.30853
	7725.00000000		6.83736		0.35924
	7730.00000000		6.95977		0.34087
	7735.00000000		6.89878		0.27596
	7740.00000000		6.75795		0.27109
	7745.00000000		6.80246		0.36012
	7750.00000000		7.06818		0.44900
	7755.00000000		7.23391		0.45670
	7760.00000000		7.13587		0.37413
	7765.00000000		6.92698		0.29000
	7770.00000000		7.00704		0.30750
	7775.00000000		7.41250		0.37009
	7780.00000000		7.77762		0.40645
	7785.00000000		7.74964		0.34102
	7790.00000000		7.36739		0.26693
	7795.00000000		7.05434		0.26379
	7800.00000000		7.06294		0.32226
	7805.00000000		7.22231		0.38384
	7810.00000000		7.14702		0.37676
	7815.00000000		6.85391		0.32814
	7820.00000000		6.70772		0.30295
	7825.00000000		6.79612		0.32354
	7830.00000000		7.01069		0.35735
	7835.00000000		7.08121		0.36715
	7840.00000000		6.93468		0.33773
	7845.00000000		6.84047		0.33319
	7850.00000000		6.90776		0.34506
	7855.00000000		7.04465		0.39137
	7860.00000000		7.01802		0.43570
	7865.00000000		6.85426		0.43852
	7870.00000000		6.78282		0.42971
	7875.00000000		6.89869		0.41546
	7880.00000000		7.11834		0.41972
	7885.00000000		7.15370		0.40627
	7890.00000000		7.00310		0.38218
	7895.00000000		6.91247		0.37523
	7900.00000000		7.01800		0.42508
	7905.00000000		7.25576		0.51864
	7910.00000000		7.32065		0.60217
	7915.00000000		7.10903		0.60090
	7920.00000000		6.89509		0.55279
	7925.00000000		6.87003		0.52081
	7930.00000000		7.03037		0.56695
	7935.00000000		7.28103		0.65554
	7940.00000000		7.40134		0.66689
	7945.00000000		7.35942		0.60046
	7950.00000000		7.42010		0.51350
	7955.00000000		7.71214		0.49991
	7960.00000000		8.05890		0.55254
	7965.00000000		8.20150		0.58781
	7970.00000000		8.05695		0.54482
	7975.00000000		7.73852		0.46324
	7980.00000000		7.54293		0.36899
	7985.00000000		7.52474		0.32357
	7990.00000000		7.50841		0.34955
	7995.00000000		7.44148		0.40316
	8000.00000000		7.41426		0.44289
	8005.00000000		7.47299		0.44700
	8010.00000000		7.51855		0.44516
	8015.00000000		7.52347		0.41412
	8020.00000000		7.55607		0.38142
	8025.00000000		7.64552		0.34199
	8030.00000000		7.69766		0.32854
	8035.00000000		7.62957		0.33889
	8040.00000000		7.47180		0.34038
	8045.00000000		7.38525		0.30561
	8050.00000000		7.47797		0.24424
	8055.00000000		7.63048		0.22996
	8060.00000000		7.64754		0.26330
	8065.00000000		7.56470		0.30672
	8070.00000000		7.58982		0.29020
	8075.00000000		7.80731		0.24844
	8080.00000000		8.16502		0.23218
	8085.00000000		8.37367		0.28291
	8090.00000000		8.29237		0.33995
	8095.00000000		8.03903		0.37752
	8100.00000000		7.84589		0.42614
	8105.00000000		7.85521		0.49411
	8110.00000000		7.89100		0.55746
	8115.00000000		7.77641		0.54920
	8120.00000000		7.51101		0.49888
	8125.00000000		7.25420		0.44330
	8130.00000000		7.23937		0.45063
	8135.00000000		7.40218		0.48974
	8140.00000000		7.40729		0.52355
	8145.00000000		7.23869		0.52527
	8150.00000000		7.15757		0.50881
	8155.00000000		7.19965		0.50016
	8160.00000000		7.17123		0.51635
	8165.00000000		7.05361		0.55620
	8170.00000000		7.01650		0.58942
	8175.00000000		7.16562		0.60819
	8180.00000000		7.39089		0.61743
	8185.00000000		7.43128		0.64763
	8190.00000000		7.31447		0.65982
	8195.00000000		7.30171		0.66633
	8200.00000000		7.53746		0.64322
	8205.00000000		7.70810		0.63412
	8210.00000000		7.60560		0.62355
	8215.00000000		7.28491		0.62597
	8220.00000000		7.02510		0.63025
	8225.00000000		6.98519		0.60788
	8230.00000000		7.07058		0.59238
	8235.00000000		7.07458		0.58486
	8240.00000000		6.83539		0.58711
	8245.00000000		6.49626		0.56381
	8250.00000000		6.36703		0.54456
	8255.00000000		6.47758		0.54948
	8260.00000000		6.59871		0.64552
	8265.00000000		6.62741		0.72889
	8270.00000000		6.57057		0.74202
	8275.00000000		6.53710		0.67336
	8280.00000000		6.60053		0.61926
	8285.00000000		6.65878		0.70020
	8290.00000000		6.67218		0.83709
	8295.00000000		6.60466		0.91029
	8300.00000000		6.54357		0.87054
	8305.00000000		6.56218		0.78855
	8310.00000000		6.60612		0.76710
	8315.00000000		6.61057		0.84879
	8320.00000000		6.60691		0.91598
	8325.00000000		6.62577		0.93820
	8330.00000000		6.62585		0.90057
	8335.00000000		6.59754		0.85426
	8340.00000000		6.44546		0.85393
	8345.00000000		6.21710		0.89701
	8350.00000000		6.01855		0.96475
	8355.00000000		5.90776		0.99748
	8360.00000000		5.86525		1.03191
	8365.00000000		5.80296		1.08403
	8370.00000000		5.67621		1.14440
	8375.00000000		5.54736		1.15774
	8380.00000000		5.52015		1.08286
	8385.00000000		5.65416		0.95992
	8390.00000000		5.79468		0.91872
	8395.00000000		5.79106		0.93550
	8400.00000000		5.62946		0.94059
	8405.00000000		5.48231		0.89315
	8410.00000000		5.48956		0.79603
	8415.00000000		5.70905		0.75165
	8420.00000000		5.92918		0.73120
	8425.00000000		5.88376		0.68549
	8430.00000000		5.65436		0.61885
	8435.00000000		5.50061		0.63957
	8440.00000000		5.60515		0.74531
	8445.00000000		5.75640		0.83213
	8450.00000000		5.77511		0.80284
	8455.00000000		5.55001		0.65065
	8460.00000000		5.36990		0.52416
	8465.00000000		5.27583		0.56098
	8470.00000000		5.31706		0.74000
	8475.00000000		5.43643		0.86823
	8480.00000000		5.41197		0.79598
	8485.00000000		5.41590		0.57802
	8490.00000000		5.38126		0.47973
	8495.00000000		5.37400		0.53900
	8500.00000000		5.18342		0.62188
	8505.00000000		4.99545		0.59791
	8510.00000000		4.93477		0.49282
	8515.00000000		5.09330		0.44869
	8520.00000000		5.30572		0.46935
	8525.00000000		5.38165		0.47432
	8530.00000000		5.39550		0.37013
	8535.00000000		5.44371		0.24720
	8540.00000000		5.65520		0.21930
	8545.00000000		5.79819		0.32389
	8550.00000000		5.79600		0.42493
	8555.00000000		5.55872		0.42058
	8560.00000000		5.36996		0.31668
	8565.00000000		5.38462		0.18415
	8570.00000000		5.54960		0.16326
	8575.00000000		5.66458		0.22966
	8580.00000000		5.61879		0.29619
	8585.00000000		5.57445		0.29918
	8590.00000000		5.58931		0.25873
	8595.00000000		5.76342		0.22800
	8600.00000000		5.82497		0.25177
	8605.00000000		5.86440		0.26795
	8610.00000000		5.89225		0.24964
	8615.00000000		6.06210		0.22329
	8620.00000000		6.21704		0.27917
	8625.00000000		6.21163		0.39877
	8630.00000000		6.17171		0.47631
	8635.00000000		6.19973		0.40335
	8640.00000000		6.44030		0.27061
	8645.00000000		6.61123		0.25699
	8650.00000000		6.63612		0.34696
	8655.00000000		6.45991		0.42800
	8660.00000000		6.23467		0.38583
	8665.00000000		6.14576		0.27984
	8670.00000000		6.24964		0.21874
	8675.00000000		6.29297		0.22510
	8680.00000000		6.11534		0.20146
	8685.00000000		5.97662		0.10435
	8690.00000000		5.98576		0.01822
	8695.00000000		6.10626		0.06048
	8700.00000000		6.11747		0.20325
	8705.00000000		5.87238		0.25175
	8710.00000000		5.51870		0.12841
	8715.00000000		5.48762		-0.10575
	8720.00000000		5.77585		-0.17782
	8725.00000000		6.07713		-0.08984
	8730.00000000		6.13316		0.03255
	8735.00000000		5.79668		-0.00832
	8740.00000000		5.59317		-0.19567
	8745.00000000		5.69035		-0.28779
	8750.00000000		5.98229		-0.18342
	8755.00000000		6.21106		-0.07819
	8760.00000000		6.07742		-0.15466
	8765.00000000		5.90309		-0.33544
	8770.00000000		5.82126		-0.42529
	8775.00000000		5.84222		-0.31678
	8780.00000000		5.84763		-0.12569
	8785.00000000		5.70002		-0.06379
	8790.00000000		5.59842		-0.21272
	8795.00000000		5.75743		-0.38481
	8800.00000000		6.13237		-0.38640
	8805.00000000		6.40597		-0.24743
	8810.00000000		6.27503		-0.11266
	8815.00000000		5.88254		-0.16139
	8820.00000000		5.65797		-0.30538
	8825.00000000		5.59897		-0.34039
	8830.00000000		5.57881		-0.19390
	8835.00000000		5.43975		0.01467
	8840.00000000		5.20261		0.05467
	8845.00000000		5.11565		-0.10562
	8850.00000000		5.13394		-0.24933
	8855.00000000		5.23054		-0.16252
	8860.00000000		5.10379		0.09228
	8865.00000000		4.90830		0.27403
	8870.00000000		4.63847		0.23870
	8875.00000000		4.54951		0.06689
	8880.00000000		4.63651		-0.00012
	8885.00000000		4.75367		0.09483
	8890.00000000		4.71297		0.21060
	8895.00000000		4.48489		0.27425
	8900.00000000		4.45873		0.33083
	8905.00000000		4.44825		0.38680
	8910.00000000		4.67381		0.42023
	8915.00000000		4.71066		0.40320
	8920.00000000		4.75314		0.38654
	8925.00000000		4.73160		0.41520
	8930.00000000		4.82141		0.50669
	8935.00000000		4.91352		0.59000
	8940.00000000		4.87276		0.63928
	8945.00000000		4.73983		0.65161
	8950.00000000		4.64092		0.71044
	8955.00000000		4.82901		0.75339
	8960.00000000		5.02527		0.71167
	8965.00000000		5.26344		0.61064
	8970.00000000		5.13849		0.54624
	8975.00000000		4.93199		0.64802
	8980.00000000		4.79700		0.86834
	8985.00000000		4.90387		0.97080
	8990.00000000		5.01823		0.87266
	8995.00000000		5.05971		0.73653
	9000.00000000		4.98828		0.66838
	9005.00000000		4.78526		0.75837
	9010.00000000		4.68630		0.87680
	9015.00000000		4.61982		0.85245
	9020.00000000		4.76196		0.73922
	9025.00000000		4.81719		0.71422
	9030.00000000		4.71286		0.79768
	9035.00000000		4.51340		0.86374
	9040.00000000		4.45792		0.81245
	9045.00000000		4.58901		0.66581
	9050.00000000		4.73190		0.64777
	9055.00000000		4.66679		0.78621
	9060.00000000		4.41007		0.92620
	9065.00000000		4.26562		0.88112
	9070.00000000		4.27290		0.67267
	9075.00000000		4.61340		0.60369
	9080.00000000		4.83733		0.68665
	9085.00000000		4.92861		0.78839
	9090.00000000		4.89618		0.80135
	9095.00000000		4.86522		0.72118
	9100.00000000		4.89267		0.61992
	9105.00000000		4.96676		0.63167
	9110.00000000		5.17270		0.69054
	9115.00000000		5.22615		0.68484
	9120.00000000		5.04212		0.57543
	9125.00000000		4.64690		0.45325
	9130.00000000		4.27233		0.49518
	9135.00000000		4.10910		0.68287
	9140.00000000		4.30577		0.73691
	9145.00000000		4.60876		0.60766
	9150.00000000		4.59962		0.41645
	9155.00000000		4.41037		0.29954
	9160.00000000		4.31627		0.41376
	9165.00000000		4.54681		0.52203
	9170.00000000		4.66479		0.51130
	9175.00000000		4.47757		0.38182
	9180.00000000		4.14033		0.30719
	9185.00000000		4.16918		0.39617
	9190.00000000		4.46153		0.47214
	9195.00000000		4.82448		0.42595
	9200.00000000		4.90701		0.27200
	9205.00000000		4.75483		0.22306
	9210.00000000		4.57445		0.33691
	9215.00000000		4.46414		0.49835
	9220.00000000		4.57053		0.50964
	9225.00000000		4.62497		0.38528
	9230.00000000		4.75565		0.28568
	9235.00000000		4.78318		0.33894
	9240.00000000		4.86624		0.46632
	9245.00000000		4.90200		0.51709
	9250.00000000		4.93257		0.40104
	9255.00000000		5.01014		0.20170
	9260.00000000		5.09881		0.19425
	9265.00000000		5.21956		0.34202
	9270.00000000		5.15687		0.39539
	9275.00000000		5.05948		0.22277
	9280.00000000		4.98459		0.00816
	9285.00000000		5.10915		0.00515
	9290.00000000		5.20519		0.18061
	9295.00000000		5.33398		0.24835
	9300.00000000		5.24426		0.06865
	9305.00000000		5.24327		-0.16857
	9310.00000000		5.24965		-0.20437
	9315.00000000		5.25162		-0.00417
	9320.00000000		5.42327		0.21204
	9325.00000000		5.34826		0.18687
	9330.00000000		5.28211		-0.10411
	9335.00000000		5.23601		-0.34960
	9340.00000000		5.31801		-0.28406
	9345.00000000		5.30891		-0.03634
	9350.00000000		5.43275		0.08131
	9355.00000000		5.34249		-0.03140
	9360.00000000		5.23539		-0.23753
	9365.00000000		5.07669		-0.36325
	9370.00000000		4.85853		-0.27919
	9375.00000000		4.79307		-0.11142
	9380.00000000		4.67025		-0.15243
	9385.00000000		4.76410		-0.38994
	9390.00000000		4.70086		-0.54371
	9395.00000000		4.62980		-0.45343
	9400.00000000		4.42469		-0.17769
	9405.00000000		4.51269		0.04173
	9410.00000000		4.59625		0.02811
	9415.00000000		4.68932		-0.08282
	9420.00000000		4.67017		-0.12869
	9425.00000000		4.41523		-0.11562
	9430.00000000		4.29394		-0.13687
	9435.00000000		4.21451		-0.15525
	9440.00000000		4.47568		-0.12926
	9445.00000000		4.53159		-0.09550
	9450.00000000		4.39894		-0.07135
	9455.00000000		4.06066		-0.07569
	9460.00000000		4.07133		-0.02252
	9465.00000000		4.31111		0.07911
	9470.00000000		4.56479		0.18532
	9475.00000000		4.62731		0.25660
	9480.00000000		4.29242		0.17105
	9485.00000000		4.36106		-0.10160
	9490.00000000		4.37884		-0.23945
	9495.00000000		4.66187		-0.09031
	9500.00000000		4.85884		0.25189
	9505.00000000		4.82796		0.44838
	9510.00000000		4.62745		0.47382
	9515.00000000		4.34438		0.32082
	9520.00000000		4.45001		0.14909
	9525.00000000		4.42458		0.20380
	9530.00000000		4.49077		0.45318
	9535.00000000		4.25394		0.67431
	9540.00000000		4.14167		0.61705
	9545.00000000		4.03624		0.35667
	9550.00000000		4.03930		0.26322
	9555.00000000		4.12154		0.45367
	9560.00000000		4.17969		0.65272
	9565.00000000		4.58476		0.73021
	9570.00000000		4.62518		0.65046
	9575.00000000		4.69223		0.56663
	9580.00000000		4.43726		0.59940
	9585.00000000		4.24628		0.78655
	9590.00000000		4.26563		0.96697
	9595.00000000		4.08214		0.93356
	9600.00000000		3.95213		0.73799
	9605.00000000		3.44601		0.56577
	9610.00000000		3.23803		0.61377
	9615.00000000		3.02122		0.79823
	9620.00000000		2.89450		0.60518
	9625.00000000		3.20762		0.36304
	9630.00000000		3.40911		0.38906
	9635.00000000		3.23670		0.60228
	9640.00000000		3.13376		0.91231
	9645.00000000		2.87535		0.94279
	9650.00000000		2.56055		0.36966
	9655.00000000		2.41941		0.07158
	9660.00000000		2.27259		0.17626
	9665.00000000		2.11986		0.27089
	9670.00000000		2.14161		-0.02156
	9675.00000000		2.10895		-0.16175
	9680.00000000		2.06903		-0.04639
	9685.00000000		2.12634		0.18260
	9690.00000000		2.03584		0.09500
	9695.00000000		2.10861		-0.31133
	9700.00000000		2.05427		-0.49466
	9705.00000000		2.08841		-0.35421
	9710.00000000		2.07931		-0.07196
	9715.00000000		2.03652		-0.09167
	9720.00000000		2.13712		-0.46984
	9725.00000000		2.03363		-0.81991
	9730.00000000		2.09368		-0.88934
	9735.00000000		2.04019		-0.69519
	9740.00000000		2.06126		-0.48699
	9745.00000000		2.08537		-0.57902
	9750.00000000		2.07876		-0.82380
	9755.00000000		2.09207		-0.91247
	9760.00000000		2.02834		-0.71695
	9765.00000000		2.10480		-0.49490
	9770.00000000		2.03261		-0.45750
	9775.00000000		2.09342		-0.53900
	9780.00000000		2.11851		-0.66633
	9785.00000000		2.02143		-0.70228
	9790.00000000		2.10870		-0.52344
	9795.00000000		2.10019		-0.37071
	9800.00000000		2.04082		-0.28987
	9805.00000000		2.13254		-0.33956
	9810.00000000		2.04561		-0.60105
	9815.00000000		2.08158		-0.82088
	9820.00000000		2.11892		-0.70287
	9825.00000000		2.02541		-0.48542
	9830.00000000		2.09579		-0.31251
	9835.00000000		2.00201		-0.37239
	9840.00000000		2.09329		-0.58214
	9845.00000000		2.04424		-0.70542
	9850.00000000		2.08184		-0.53658
	9855.00000000		2.12491		0.11897
	9860.00000000		2.02982		0.50729
	9865.00000000		2.15251		0.24818
	9870.00000000		2.04371		-0.23766
	9875.00000000		2.07201		-0.42812
	9880.00000000		2.07901		0.08212
	9885.00000000		2.06936		0.33486
	9890.00000000		2.10729		0.17761
	9895.00000000		2.04540		-0.08931
	9900.00000000		2.12056		-0.21642
	9905.00000000		2.01543		0.04391
	9910.00000000		2.10484		0.23266
	9915.00000000		2.06524		0.15437
	9920.00000000		2.06389		0.10353
	9925.00000000		2.15682		0.30561
	9930.00000000		2.04743		0.76836
	9935.00000000		2.12029		0.70773
	9940.00000000		2.10193		0.29370
	9945.00000000		2.05264		0.23689
	9950.00000000		2.11047		0.40631
	9955.00000000		2.04089		0.52796
	9960.00000000		2.10691		0.37483
	9965.00000000		2.08251		0.18488
	9970.00000000		2.07151		0.22737
	9975.00000000		2.10503		0.35097
	9980.00000000		2.01460		0.32267
	9985.00000000		2.13389		0.11724
	9990.00000000		2.05737		-0.08830
	9995.00000000		2.07936		0.21514
	10000.00000000		2.15036		0.68899
