	0.00000000		3.99555		-0.13355
	5.00000000		4.25599		-0.19432
	10.00000000		4.24024		-0.25908
	15.00000000		4.19110		-0.31617
	20.00000000		4.14977		-0.22303
	25.00000000		4.23515		0.02238
	30.00000000		4.30732		0.22922
	35.00000000		4.14419		0.26878
	40.00000000		3.93611		0.13757
	45.00000000		3.81467		0.02791
	50.00000000		3.90215		0.14981
	55.00000000		3.89623		0.38119
	60.00000000		3.71882		0.39299
	65.00000000		3.35383		0.03848
	70.00000000		3.28668		-0.42313
	75.00000000		3.48730		-0.19833
	80.00000000		3.72689		0.23411
	85.00000000		4.14412		0.46652
	90.00000000		3.99081		0.41578
	95.00000000		3.63681		0.21583
	100.00000000		3.43984		0.00751
	105.00000000		3.41264		0.05328
	110.00000000		3.69379		0.22570
	115.00000000		3.73841		0.27746
	120.00000000		3.75364		0.20342
	125.00000000		3.58461		0.06860
	130.00000000		3.58812		0.04495
	135.00000000		3.68880		0.10819
	140.00000000		3.75391		0.21087
	145.00000000		3.93660		0.30345
	150.00000000		3.84225		0.32162
	155.00000000		3.88457		0.22488
	160.00000000		3.85012		0.03431
	165.00000000		4.05303		-0.11167
	170.00000000		4.27228		-0.09899
	175.00000000		4.31857		0.12884
	180.00000000		4.33445		0.43039
	185.00000000		4.06943		0.51697
	190.00000000		3.91365		0.22191
	195.00000000		3.87940		-0.26621
	200.00000000		4.15408		-0.44293
	205.00000000		4.28799		-0.15947
	210.00000000		4.33019		0.16331
	215.00000000		4.15055		0.20622
	220.00000000		3.78442		-0.06971
	225.00000000		3.78174		-0.36719
	230.00000000		3.65450		-0.22156
	235.00000000		3.85494		0.17764
	240.00000000		4.07676		0.35548
	245.00000000		4.05890		0.12012
	250.00000000		4.06265		-0.29260
	255.00000000		3.91087		-0.46533
	260.00000000		3.90410		-0.12411
	265.00000000		3.96476		0.26083
	270.00000000		4.18199		0.24385
	275.00000000		4.18667		-0.09768
	280.00000000		4.08502		-0.27036
	285.00000000		3.92377		-0.09207
	290.00000000		3.93403		0.16119
	295.00000000		4.24675		0.15633
	300.00000000		4.39572		-0.12363
	305.00000000		4.52850		-0.36130
	310.00000000		4.24624		-0.31379
	315.00000000		4.15807		-0.06845
	320.00000000		4.34218		0.00272
	325.00000000		4.72089		-0.14022
	330.00000000		5.06512		-0.26655
	335.00000000		4.87784		-0.19780
	340.00000000		4.68201		-0.02188
	345.00000000		4.57172		0.05002
	350.00000000		4.88205		-0.09686
	355.00000000		5.26582		-0.21994
	360.00000000		5.35715		-0.14403
	365.00000000		5.08408		0.02073
	370.00000000		4.74848		0.01780
	375.00000000		4.69424		-0.18204
	380.00000000		4.73776		-0.27334
	385.00000000		4.82559		-0.06499
	390.00000000		4.68700		0.18575
	395.00000000		4.62034		0.14535
	400.00000000		4.44224		-0.22017
	405.00000000		4.49563		-0.40108
	410.00000000		4.34515		-0.14859
	415.00000000		4.23723		0.31299
	420.00000000		4.28537		0.60349
	425.00000000		4.00662		0.43822
	430.00000000		4.08747		-0.05120
	435.00000000		4.11176		-0.21076
	440.00000000		4.18771		0.04812
	445.00000000		4.19185		0.35568
	450.00000000		4.17184		0.39165
	455.00000000		4.13355		0.07053
	460.00000000		4.11880		-0.12922
	465.00000000		4.26174		0.02822
	470.00000000		4.32205		0.22011
	475.00000000		4.63062		0.19008
	480.00000000		4.74429		0.01354
	485.00000000		4.91014		-0.07376
	490.00000000		4.76365		0.05207
	495.00000000		4.72372		0.22651
	500.00000000		4.71771		0.21446
	505.00000000		4.92503		0.02128
	510.00000000		5.33597		-0.15977
	515.00000000		5.50245		-0.13475
	520.00000000		5.50318		-0.04016
	525.00000000		5.15601		-0.02920
	530.00000000		5.00465		-0.19213
	535.00000000		4.95143		-0.33048
	540.00000000		5.42395		-0.28511
	545.00000000		5.86662		-0.17999
	550.00000000		6.01199		-0.15636
	555.00000000		5.67592		-0.22314
	560.00000000		5.38237		-0.26362
	565.00000000		5.46556		-0.18900
	570.00000000		5.68068		-0.05544
	575.00000000		5.89734		0.00460
	580.00000000		5.70047		-0.07452
	585.00000000		5.60349		-0.21156
	590.00000000		5.65380		-0.23862
	595.00000000		5.96396		-0.16332
	600.00000000		6.06761		-0.03459
	605.00000000		5.82212		0.00812
	610.00000000		5.54834		-0.01467
	615.00000000		5.54123		-0.02953
	620.00000000		6.01876		-0.01104
	625.00000000		6.41424		-0.00741
	630.00000000		6.39378		-0.01112
	635.00000000		5.97904		0.02383
	640.00000000		5.81068		0.06118
	645.00000000		5.85699		0.08792
	650.00000000		6.12623		0.05032
	655.00000000		6.15615		-0.00465
	660.00000000		5.96024		-0.03434
	665.00000000		5.94567		-0.00905
	670.00000000		6.05712		-0.01486
	675.00000000		6.27563		-0.06470
	680.00000000		6.05587		-0.15237
	685.00000000		5.72162		-0.18971
	690.00000000		5.62774		-0.11725
	695.00000000		5.92981		-0.03650
	700.00000000		6.26015		-0.04429
	705.00000000		6.02238		-0.15116
	710.00000000		5.60090		-0.19196
	715.00000000		5.47745		-0.10553
	720.00000000		5.81107		0.05869
	725.00000000		6.09149		0.12481
	730.00000000		5.93431		0.08056
	735.00000000		5.46424		-0.01781
	740.00000000		5.25197		-0.03259
	745.00000000		5.44525		0.05248
	750.00000000		5.93289		0.11365
	755.00000000		6.18183		0.13109
	760.00000000		5.82299		0.13075
	765.00000000		5.34493		0.20230
	770.00000000		5.16320		0.24363
	775.00000000		5.54750		0.16336
	780.00000000		6.11583		0.07233
	785.00000000		6.33307		0.09510
	790.00000000		6.14294		0.17840
	795.00000000		5.88679		0.21896
	800.00000000		5.84704		0.13309
	805.00000000		5.97612		0.01584
	810.00000000		6.09646		-0.01082
	815.00000000		6.02401		0.09712
	820.00000000		6.04733		0.25631
	825.00000000		6.12860		0.30223
	830.00000000		6.20415		0.23280
	835.00000000		6.13560		0.17264
	840.00000000		5.96721		0.26900
	845.00000000		5.89936		0.41847
	850.00000000		5.96484		0.44032
	855.00000000		6.05034		0.28225
	860.00000000		5.90355		0.15919
	865.00000000		5.54002		0.25022
	870.00000000		5.32888		0.46672
	875.00000000		5.41013		0.57097
	880.00000000		5.48209		0.49039
	885.00000000		5.47863		0.39747
	890.00000000		5.34510		0.46926
	895.00000000		5.38657		0.60559
	900.00000000		5.54894		0.61554
	905.00000000		5.59273		0.51908
	910.00000000		5.51657		0.42379
	915.00000000		5.26952		0.49320
	920.00000000		5.15231		0.64110
	925.00000000		5.17403		0.65938
	930.00000000		5.30018		0.52460
	935.00000000		5.36573		0.38065
	940.00000000		5.33245		0.39544
	945.00000000		5.26033		0.53426
	950.00000000		5.24364		0.58048
	955.00000000		5.26119		0.46416
	960.00000000		5.23861		0.29778
	965.00000000		5.24879		0.29232
	970.00000000		5.30085		0.43442
	975.00000000		5.53141		0.50471
	980.00000000		5.78950		0.45254
	985.00000000		5.87231		0.31618
	990.00000000		5.74547		0.24853
	995.00000000		5.67761		0.31432
	1000.00000000		5.83841		0.38026
	1005.00000000		6.10184		0.31857
	1010.00000000		6.27962		0.19960
	1015.00000000		6.09381		0.11329
	1020.00000000		5.77337		0.11092
	1025.00000000		5.67016		0.13877
	1030.00000000		5.86130		0.12337
	1035.00000000		6.10835		0.07469
	1040.00000000		6.06877		0.04831
	1045.00000000		5.71490		0.08962
	1050.00000000		5.43062		0.15926
	1055.00000000		5.47622		0.15900
	1060.00000000		5.71850		0.09725
	1065.00000000		5.86716		0.04962
	1070.00000000		5.69582		0.07041
	1075.00000000		5.45483		0.20012
	1080.00000000		5.41002		0.29661
	1085.00000000		5.58367		0.22770
	1090.00000000		5.71820		0.08130
	1095.00000000		5.53462		0.03149
	1100.00000000		5.20014		0.13606
	1105.00000000		5.00844		0.27239
	1110.00000000		5.05846		0.26110
	1115.00000000		5.12422		0.12273
	1120.00000000		5.12521		0.06006
	1125.00000000		5.02660		0.18680
	1130.00000000		5.08059		0.38821
	1135.00000000		5.09396		0.48628
	1140.00000000		4.89210		0.42996
	1145.00000000		4.54882		0.33828
	1150.00000000		4.36875		0.41903
	1155.00000000		4.42946		0.62184
	1160.00000000		4.58063		0.68852
	1165.00000000		4.63563		0.52475
	1170.00000000		4.46184		0.32802
	1175.00000000		4.43458		0.33183
	1180.00000000		4.45957		0.59492
	1185.00000000		4.71849		0.79833
	1190.00000000		4.74463		0.70627
	1195.00000000		4.57984		0.45206
	1200.00000000		4.47569		0.36842
	1205.00000000		4.52371		0.58280
	1210.00000000		4.78137		0.83675
	1215.00000000		4.70766		0.84586
	1220.00000000		4.42956		0.53602
	1225.00000000		4.39052		0.32177
	1230.00000000		4.61889		0.52782
	1235.00000000		4.99358		0.85523
	1240.00000000		5.17506		0.94556
	1245.00000000		4.89355		0.79180
	1250.00000000		4.78352		0.49037
	1255.00000000		4.82278		0.47094
	1260.00000000		5.01327		0.75553
	1265.00000000		5.17791		0.94068
	1270.00000000		5.14175		0.89308
	1275.00000000		5.09925		0.69667
	1280.00000000		5.00905		0.58353
	1285.00000000		4.96890		0.65399
	1290.00000000		4.81364		0.76309
	1295.00000000		4.75364		0.73853
	1300.00000000		4.71284		0.64350
	1305.00000000		4.74127		0.64143
	1310.00000000		4.63639		0.76866
	1315.00000000		4.39228		0.84149
	1320.00000000		4.25866		0.71479
	1325.00000000		4.21065		0.56101
	1330.00000000		4.40558		0.62743
	1335.00000000		4.32120		0.75641
	1340.00000000		3.99624		0.74445
	1345.00000000		3.66311		0.47695
	1350.00000000		3.69876		0.15732
	1355.00000000		3.98569		0.27136
	1360.00000000		4.20455		0.46916
	1365.00000000		4.14168		0.70091
	1370.00000000		3.83029		0.83859
	1375.00000000		3.84500		0.55338
	1380.00000000		3.90405		0.32616
	1385.00000000		4.23135		0.53089
	1390.00000000		4.37322		0.81359
	1395.00000000		4.17349		0.87073
	1400.00000000		4.05013		0.55243
	1405.00000000		3.96479		0.23102
	1410.00000000		4.16916		0.33878
	1415.00000000		4.13545		0.56783
	1420.00000000		4.06609		0.84309
	1425.00000000		3.95184		0.86824
	1430.00000000		3.97046		0.45590
	1435.00000000		4.18432		0.31678
	1440.00000000		4.22735		0.37535
	1445.00000000		4.12001		0.46303
	1450.00000000		4.09554		0.58741
	1455.00000000		4.30911		0.59454
	1460.00000000		4.58409		0.52642
	1465.00000000		4.72953		0.35808
	1470.00000000		4.56981		0.09521
	1475.00000000		4.48825		-0.04543
	1480.00000000		4.56666		0.05610
	1485.00000000		4.80967		0.23447
	1490.00000000		5.02593		0.33536
	1495.00000000		4.85822		0.34254
	1500.00000000		4.78254		0.16537
	1505.00000000		4.76506		-0.20667
	1510.00000000		5.01715		-0.27210
	1515.00000000		5.03801		-0.04472
	1520.00000000		4.85218		0.20344
	1525.00000000		4.66879		0.31052
	1530.00000000		4.74830		0.07910
	1535.00000000		5.12538		-0.25814
	1540.00000000		5.32667		-0.32830
	1545.00000000		5.10239		-0.17366
	1550.00000000		4.70487		0.05695
	1555.00000000		4.74204		0.04682
	1560.00000000		4.70913		-0.13279
	1565.00000000		4.86920		-0.15229
	1570.00000000		4.61119		-0.01820
	1575.00000000		4.46936		0.04096
	1580.00000000		4.45661		-0.10923
	1585.00000000		4.56370		-0.16726
	1590.00000000		4.72512		-0.01081
	1595.00000000		4.44388		0.15852
	1600.00000000		4.41738		0.17071
	1605.00000000		4.26618		-0.14619
	1610.00000000		4.63693		-0.31897
	1615.00000000		4.72332		-0.14412
	1620.00000000		4.78688		0.12020
	1625.00000000		4.76607		0.26644
	1630.00000000		4.90401		0.18176
	1635.00000000		5.28706		-0.09609
	1640.00000000		5.43485		-0.21805
	1645.00000000		5.49522		-0.09004
	1650.00000000		5.31960		0.13101
	1655.00000000		5.72077		0.12199
	1660.00000000		5.85414		-0.03482
	1665.00000000		6.17089		-0.19178
	1670.00000000		6.05140		-0.26470
	1675.00000000		6.05101		-0.19205
	1680.00000000		6.14173		-0.08390
	1685.00000000		6.31769		-0.12739
	1690.00000000		6.64572		-0.27416
	1695.00000000		6.47617		-0.32440
	1700.00000000		6.24480		-0.24172
	1705.00000000		5.87237		-0.22372
	1710.00000000		6.10901		-0.33155
	1715.00000000		6.36785		-0.48071
	1720.00000000		6.65283		-0.47419
	1725.00000000		6.57925		-0.31150
	1730.00000000		6.51458		-0.22383
	1735.00000000		6.65714		-0.29466
	1740.00000000		6.83485		-0.42978
	1745.00000000		7.00639		-0.47464
	1750.00000000		6.80313		-0.38069
	1755.00000000		6.78380		-0.19636
	1760.00000000		6.66893		-0.12351
	1765.00000000		6.98562		-0.25247
	1770.00000000		7.22701		-0.43923
	1775.00000000		7.28508		-0.43292
	1780.00000000		7.03499		-0.26133
	1785.00000000		6.93709		-0.12729
	1790.00000000		7.12337		-0.15178
	1795.00000000		7.09655		-0.31835
	1800.00000000		7.09653		-0.46481
	1805.00000000		6.79940		-0.46983
	1810.00000000		6.91106		-0.33160
	1815.00000000		6.84981		-0.25726
	1820.00000000		6.92282		-0.35869
	1825.00000000		6.73666		-0.53720
	1830.00000000		6.68950		-0.60110
	1835.00000000		6.76466		-0.56162
	1840.00000000		6.81214		-0.53680
	1845.00000000		6.97838		-0.59264
	1850.00000000		6.77512		-0.65455
	1855.00000000		6.59071		-0.65019
	1860.00000000		6.31036		-0.62820
	1865.00000000		6.63599		-0.61507
	1870.00000000		6.90162		-0.65839
	1875.00000000		6.92806		-0.67592
	1880.00000000		6.66983		-0.70471
	1885.00000000		6.52032		-0.72714
	1890.00000000		6.62756		-0.73697
	1895.00000000		6.96590		-0.74517
	1900.00000000		7.35326		-0.77211
	1905.00000000		7.24919		-0.74281
	1910.00000000		6.89218		-0.67270
	1915.00000000		6.53038		-0.65802
	1920.00000000		6.76790		-0.66452
	1925.00000000		7.09036		-0.69030
	1930.00000000		7.37565		-0.68465
	1935.00000000		7.27292		-0.65490
	1940.00000000		7.13751		-0.65561
	1945.00000000		7.17331		-0.69116
	1950.00000000		7.35181		-0.69779
	1955.00000000		7.65206		-0.66434
	1960.00000000		7.62190		-0.60396
	1965.00000000		7.40783		-0.57649
	1970.00000000		7.15964		-0.63178
	1975.00000000		7.20788		-0.69859
	1980.00000000		7.29506		-0.75624
	1985.00000000		7.28920		-0.73386
	1990.00000000		7.05193		-0.67000
	1995.00000000		6.76974		-0.67226
	2000.00000000		6.68383		-0.77103
	2005.00000000		6.69015		-0.84787
	2010.00000000		6.66370		-0.82453
	2015.00000000		6.38411		-0.69471
	2020.00000000		6.20532		-0.59832
	2025.00000000		6.14668		-0.69549
	2030.00000000		6.46031		-0.86482
	2035.00000000		6.63783		-0.98614
	2040.00000000		6.35923		-0.88603
	2045.00000000		5.82611		-0.64699
	2050.00000000		5.64295		-0.57894
	2055.00000000		6.00800		-0.72185
	2060.00000000		6.25048		-0.82543
	2065.00000000		6.08917		-0.73083
	2070.00000000		5.47418		-0.52465
	2075.00000000		5.35030		-0.48466
	2080.00000000		5.30201		-0.64406
	2085.00000000		5.57643		-0.77555
	2090.00000000		5.57713		-0.79515
	2095.00000000		5.23950		-0.69695
	2100.00000000		4.96495		-0.59160
	2105.00000000		4.89731		-0.60173
	2110.00000000		5.26405		-0.68425
	2115.00000000		5.23012		-0.68828
	2120.00000000		4.80208		-0.57555
	2125.00000000		4.24250		-0.51301
	2130.00000000		4.32915		-0.55846
	2135.00000000		4.59718		-0.59573
	2140.00000000		4.98699		-0.58941
	2145.00000000		4.80143		-0.56725
	2150.00000000		4.44674		-0.74993
	2155.00000000		4.44217		-1.10863
	2160.00000000		4.42831		-1.09904
	2165.00000000		4.64411		-0.82767
	2170.00000000		4.39990		-0.57827
	2175.00000000		4.09255		-0.70444
	2180.00000000		3.75374		-1.14900
	2185.00000000		3.93950		-1.10931
	2190.00000000		4.04742		-0.81430
	2195.00000000		4.17418		-0.46205
	2200.00000000		4.01984		-0.36186
	2205.00000000		4.19822		-0.79477
	2210.00000000		4.66712		-0.89516
	2215.00000000		5.01113		-0.67695
	2220.00000000		4.97493		-0.23953
	2225.00000000		4.57388		-0.18884
	2230.00000000		4.64316		-0.76175
	2235.00000000		4.87342		-0.89615
	2240.00000000		5.22144		-0.66060
	2245.00000000		5.24076		-0.30381
	2250.00000000		5.02625		-0.30532
	2255.00000000		4.97862		-0.81292
	2260.00000000		5.27305		-1.05680
	2265.00000000		5.47169		-0.91338
	2270.00000000		5.34500		-0.69445
	2275.00000000		5.07199		-0.66724
	2280.00000000		4.83054		-0.92916
	2285.00000000		5.05753		-1.09804
	2290.00000000		5.10557		-0.97967
	2295.00000000		5.17852		-0.78312
	2300.00000000		4.95877		-0.69833
	2305.00000000		4.87041		-0.82801
	2310.00000000		5.00405		-0.96053
	2315.00000000		5.21901		-0.89086
	2320.00000000		5.42320		-0.75475
	2325.00000000		5.29421		-0.73473
	2330.00000000		5.14306		-0.86817
	2335.00000000		5.03528		-1.00229
	2340.00000000		5.24533		-0.88515
	2345.00000000		5.48884		-0.69592
	2350.00000000		5.87720		-0.67422
	2355.00000000		5.79681		-0.73464
	2360.00000000		5.69925		-0.85426
	2365.00000000		5.81798		-0.85967
	2370.00000000		6.08901		-0.73000
	2375.00000000		6.38827		-0.66944
	2380.00000000		6.26667		-0.68844
	2385.00000000		6.05548		-0.76837
	2390.00000000		5.87142		-0.82615
	2395.00000000		5.99541		-0.75024
	2400.00000000		6.19191		-0.68818
	2405.00000000		6.30047		-0.72955
	2410.00000000		6.07606		-0.78757
	2415.00000000		5.69922		-0.82053
	2420.00000000		5.53314		-0.77221
	2425.00000000		5.78881		-0.75410
	2430.00000000		6.19562		-0.85102
	2435.00000000		6.25582		-0.90889
	2440.00000000		5.87953		-0.86521
	2445.00000000		5.43528		-0.71294
	2450.00000000		5.49692		-0.56464
	2455.00000000		5.93670		-0.67405
	2460.00000000		6.35597		-0.81065
	2465.00000000		6.39881		-0.78457
	2470.00000000		6.19820		-0.59018
	2475.00000000		6.13429		-0.35033
	2480.00000000		6.20129		-0.43961
	2485.00000000		6.45358		-0.67583
	2490.00000000		6.45910		-0.74080
	2495.00000000		6.20770		-0.53292
	2500.00000000		5.99174		-0.22554
	2505.00000000		5.92125		-0.26316
	2510.00000000		5.81115		-0.54334
	2515.00000000		5.68939		-0.68575
	2520.00000000		5.38468		-0.55152
	2525.00000000		5.12809		-0.29543
	2530.00000000		5.07233		-0.24597
	2535.00000000		5.03109		-0.49031
	2540.00000000		5.13680		-0.67094
	2545.00000000		4.91522		-0.63701
	2550.00000000		4.82688		-0.50969
	2555.00000000		4.80644		-0.48355
	2560.00000000		4.92142		-0.58761
	2565.00000000		4.80153		-0.61727
	2570.00000000		4.42068		-0.58247
	2575.00000000		4.22906		-0.58044
	2580.00000000		4.17642		-0.63456
	2585.00000000		4.41563		-0.68605
	2590.00000000		4.43780		-0.69857
	2595.00000000		4.32638		-0.57759
	2600.00000000		4.11457		-0.41068
	2605.00000000		4.24843		-0.48038
	2610.00000000		4.43633		-0.63035
	2615.00000000		4.75034		-0.64004
	2620.00000000		4.76489		-0.45890
	2625.00000000		4.62414		-0.21826
	2630.00000000		4.60962		-0.23241
	2635.00000000		4.71978		-0.47582
	2640.00000000		5.07573		-0.42329
	2645.00000000		5.18047		-0.12792
	2650.00000000		5.27583		0.13531
	2655.00000000		5.18706		0.00387
	2660.00000000		5.22993		-0.39385
	2665.00000000		5.39823		-0.57937
	2670.00000000		5.37133		-0.44591
	2675.00000000		5.28822		-0.17639
	2680.00000000		5.13431		-0.13683
	2685.00000000		5.08389		-0.43269
	2690.00000000		5.12410		-0.69692
	2695.00000000		5.07997		-0.63785
	2700.00000000		4.93619		-0.35737
	2705.00000000		4.86009		-0.21326
	2710.00000000		4.78570		-0.46464
	2715.00000000		4.70334		-0.76227
	2720.00000000		4.56440		-0.81155
	2725.00000000		4.30502		-0.52483
	2730.00000000		4.27013		-0.18172
	2735.00000000		4.27962		-0.34323
	2740.00000000		4.31602		-0.73502
	2745.00000000		4.26378		-0.89677
	2750.00000000		3.88457		-0.71745
	2755.00000000		3.72458		-0.33325
	2760.00000000		3.62609		-0.29349
	2765.00000000		3.71773		-0.60720
	2770.00000000		3.96074		-0.81087
	2775.00000000		3.91970		-0.67571
	2780.00000000		3.86755		-0.28472
	2785.00000000		3.78402		-0.15600
	2790.00000000		3.85487		-0.46661
	2795.00000000		3.88123		-0.78419
	2800.00000000		3.84950		-0.73974
	2805.00000000		3.81062		-0.45935
	2810.00000000		3.90374		-0.35996
	2815.00000000		4.13436		-0.53864
	2820.00000000		4.09404		-0.66305
	2825.00000000		3.98314		-0.59749
	2830.00000000		3.78359		-0.51420
	2835.00000000		3.90367		-0.62969
	2840.00000000		4.10174		-0.70921
	2845.00000000		4.21400		-0.56420
	2850.00000000		4.10470		-0.25623
	2855.00000000		3.92326		-0.17158
	2860.00000000		3.85777		-0.44415
	2865.00000000		3.82970		-0.67850
	2870.00000000		3.91641		-0.68638
	2875.00000000		3.82445		-0.44229
	2880.00000000		3.91985		-0.19050
	2885.00000000		3.88905		-0.22455
	2890.00000000		3.77248		-0.53705
	2895.00000000		3.59541		-0.83932
	2900.00000000		3.37638		-0.66078
	2905.00000000		3.48538		0.04259
	2910.00000000		3.69598		0.25763
	2915.00000000		3.78950		0.05720
	2920.00000000		3.69690		-0.37418
	2925.00000000		3.70434		-0.52632
	2930.00000000		3.66709		-0.11014
	2935.00000000		3.74494		0.35841
	2940.00000000		3.96319		0.56231
	2945.00000000		3.69525		0.47486
	2950.00000000		3.52300		0.32479
	2955.00000000		3.39791		0.35165
	2960.00000000		3.39181		0.52903
	2965.00000000		3.66278		0.60184
	2970.00000000		3.60690		0.61252
	2975.00000000		3.47441		0.64211
	2980.00000000		3.28212		0.75938
	2985.00000000		3.13968		0.79380
	2990.00000000		3.31620		0.71673
	2995.00000000		3.38937		0.73992
	3000.00000000		3.39339		0.82775
	3005.00000000		3.32313		0.98612
	3010.00000000		3.12235		0.95332
	3015.00000000		3.13471		0.69936
	3020.00000000		3.23388		0.54404
	3025.00000000		3.26937		0.68452
	3030.00000000		3.46281		0.95461
	3035.00000000		3.59181		1.08138
	3040.00000000		3.60223		0.94914
	3045.00000000		3.60376		0.70827
	3050.00000000		3.51284		0.69189
	3055.00000000		3.50763		0.87880
	3060.00000000		3.53542		0.99655
	3065.00000000		3.53553		0.85102
	3070.00000000		3.50526		0.55877
	3075.00000000		3.38122		0.32165
	3080.00000000		3.28807		0.37227
	3085.00000000		3.24594		0.47956
	3090.00000000		3.30504		0.39530
	3095.00000000		3.38767		0.25492
	3100.00000000		3.29171		0.23393
	3105.00000000		3.24073		0.38257
	3110.00000000		3.33075		0.42579
	3115.00000000		3.40416		0.27000
	3120.00000000		3.50943		0.07670
	3125.00000000		3.35083		-0.16347
	3130.00000000		3.11947		-0.28245
	3135.00000000		3.10494		0.08617
	3140.00000000		3.17620		0.19054
	3145.00000000		3.40054		-0.03789
	3150.00000000		3.57211		-0.33042
	3155.00000000		3.47621		-0.46828
	3160.00000000		3.44176		-0.38648
	3165.00000000		3.32960		-0.04545
	3170.00000000		3.27671		-0.00955
	3175.00000000		3.26818		-0.27453
	3180.00000000		3.08208		-0.67359
	3185.00000000		3.06844		-0.85522
	3190.00000000		3.16989		-0.68341
	3195.00000000		3.16304		-0.47218
	3200.00000000		3.37328		-0.52136
	3205.00000000		3.47441		-0.83525
	3210.00000000		3.49318		-1.01200
	3215.00000000		3.57587		-0.88239
	3220.00000000		3.37171		-0.62064
	3225.00000000		3.45917		-0.58209
	3230.00000000		3.44693		-0.83292
	3235.00000000		3.32086		-0.92122
	3240.00000000		3.33990		-0.79248
	3245.00000000		3.07195		-0.75758
	3250.00000000		2.85966		-0.92594
	3255.00000000		2.90447		-1.19046
	3260.00000000		2.77696		-1.01582
	3265.00000000		2.74586		-0.63610
	3270.00000000		2.80272		-0.41966
	3275.00000000		2.85578		-0.52291
	3280.00000000		2.87345		-0.85798
	3285.00000000		2.95590		-0.76735
	3290.00000000		3.21918		-0.35406
	3295.00000000		3.31488		-0.01742
	3300.00000000		3.16401		-0.09749
	3305.00000000		3.04951		-0.48321
	3310.00000000		2.83231		-0.72057
	3315.00000000		2.64300		-0.25080
	3320.00000000		2.56805		0.08873
	3325.00000000		2.52403		-0.06598
	3330.00000000		2.48668		-0.89581
	3335.00000000		2.42922		-0.99937
	3340.00000000		2.39283		-0.37896
	3345.00000000		2.58429		0.21488
	3350.00000000		2.92226		0.24540
	3355.00000000		2.87746		-0.06200
	3360.00000000		2.58645		-0.15602
	3365.00000000		2.31346		0.41011
	3370.00000000		2.19069		1.35516
	3375.00000000		2.14421		0.71529
	3380.00000000		2.21994		-0.29509
	3385.00000000		1.98432		-0.77108
	3390.00000000		2.13408		-1.09865
	3395.00000000		2.02186		-1.29946
	3400.00000000		2.08407		-0.96946
	3405.00000000		2.08315		-0.76039
	3410.00000000		2.04157		-0.77730
	3415.00000000		2.10460		-0.92780
	3420.00000000		2.00817		-1.22649
	3425.00000000		2.11818		-1.43178
	3430.00000000		1.99220		-1.38366
	3435.00000000		2.18735		-1.25058
	3440.00000000		1.96213		-1.21144
	3445.00000000		2.18355		-1.31385
	3450.00000000		1.98352		-1.52774
	3455.00000000		2.15539		-1.55688
	3460.00000000		2.03600		-1.46548
	3465.00000000		2.09176		-1.32864
	3470.00000000		2.10868		-1.27775
	3475.00000000		2.01538		-1.35517
	3480.00000000		2.19965		-1.47028
	3485.00000000		1.96720		-1.61334
	3490.00000000		2.15155		-1.66120
	3495.00000000		1.97409		-1.66371
	3500.00000000		2.14950		-1.61801
	3505.00000000		2.03372		-1.60567
	3510.00000000		2.09807		-1.58843
	3515.00000000		2.10048		-1.58707
	3520.00000000		2.00145		-1.58807
	3525.00000000		2.19471		-1.55758
	3530.00000000		1.93276		-1.55643
	3535.00000000		2.22471		-1.54433
	3540.00000000		1.95041		-1.66787
	3545.00000000		2.16464		-1.72866
	3550.00000000		2.06815		-1.69229
	3555.00000000		2.05349		-1.61944
	3560.00000000		2.14451		-1.61676
	3565.00000000		1.94741		-1.71210
	3570.00000000		2.18827		-1.76401
	3575.00000000		1.93324		-1.80320
	3580.00000000		2.19775		-1.72296
	3585.00000000		1.97904		-1.69880
	3590.00000000		2.11468		-1.73340
	3595.00000000		2.07463		-1.83860
	3600.00000000		2.03207		-1.89383
	3605.00000000		2.13294		-1.84276
	3610.00000000		1.96508		-1.79621
	3615.00000000		2.16578		-1.79236
	3620.00000000		1.96373		-1.88425
	3625.00000000		2.17448		-1.90972
	3630.00000000		2.00340		-1.88672
	3635.00000000		2.08891		-1.83465
	3640.00000000		2.08638		-1.87629
	3645.00000000		2.02875		-1.98284
	3650.00000000		2.16669		-2.01557
	3655.00000000		1.95573		-1.99435
	3660.00000000		2.16062		-1.92355
	3665.00000000		2.00982		-1.93963
	3670.00000000		2.10814		-1.99068
	3675.00000000		2.09668		-1.98478
	3680.00000000		2.01594		-1.89029
	3685.00000000		2.13039		-1.73648
	3690.00000000		1.99853		-1.69555
	3695.00000000		2.14044		-1.74138
	3700.00000000		2.08576		-1.88362
	3705.00000000		1.99844		-1.99189
	3710.00000000		2.12215		-1.88304
	3715.00000000		2.03432		-1.72971
	3720.00000000		2.09233		-1.61848
	3725.00000000		2.05854		-1.62464
	3730.00000000		2.02852		-1.69778
	3735.00000000		2.11607		-1.71130
	3740.00000000		2.04384		-1.69333
	3745.00000000		2.05682		-1.68056
	3750.00000000		2.08577		-1.67488
	3755.00000000		1.99087		-1.72026
	3760.00000000		2.13674		-1.76356
	3765.00000000		2.05805		-1.80718
	3770.00000000		2.03845		-1.79572
	3775.00000000		2.10223		-1.70394
	3780.00000000		1.99540		-1.61201
	3785.00000000		2.15569		-1.55839
	3790.00000000		2.06239		-1.60578
	3795.00000000		2.04349		-1.78280
	3800.00000000		2.09286		-1.95261
	3805.00000000		2.01398		-1.91059
	3810.00000000		2.17454		-1.70838
	3815.00000000		2.04217		-1.54946
	3820.00000000		2.04881		-1.54680
	3825.00000000		2.12700		-1.67229
	3830.00000000		1.99718		-1.80269
	3835.00000000		2.13838		-1.76474
	3840.00000000		2.10494		-1.58494
	3845.00000000		2.00102		-1.36572
	3850.00000000		2.13348		-1.33339
	3855.00000000		2.02942		-1.49061
	3860.00000000		2.12860		-1.57420
	3865.00000000		2.16307		-1.40572
	3870.00000000		1.98645		-1.16012
	3875.00000000		2.18057		-1.22096
	3880.00000000		2.06074		-1.44168
	3885.00000000		2.04102		-1.57911
	3890.00000000		2.15323		-1.45467
	3895.00000000		2.00973		-1.22240
	3900.00000000		2.13378		-1.22049
	3905.00000000		2.09621		-1.35366
	3910.00000000		2.02493		-1.45278
	3915.00000000		2.14627		-1.30304
	3920.00000000		2.00558		-1.07046
	3925.00000000		2.13645		-1.06632
	3930.00000000		2.09270		-1.18633
	3935.00000000		2.02072		-1.23297
	3940.00000000		2.11921		-1.12089
	3945.00000000		1.99896		-1.07415
	3950.00000000		2.12235		-1.11883
	3955.00000000		2.05808		-1.18938
	3960.00000000		2.05843		-1.11405
	3965.00000000		2.09134		-0.99799
	3970.00000000		2.01610		-0.98509
	3975.00000000		2.12267		-1.03666
	3980.00000000		2.03270		-1.03428
	3985.00000000		2.08833		-0.85620
	3990.00000000		2.02740		-0.75177
	3995.00000000		2.07689		-0.81930
	4000.00000000		2.05591		-0.94516
	4005.00000000		2.06389		-0.97703
	4010.00000000		2.05158		-0.88841
	4015.00000000		2.04868		-0.78158
	4020.00000000		2.08573		-0.76950
	4025.00000000		2.03390		-0.74094
	4030.00000000		2.13626		-0.65100
	4035.00000000		2.00040		-0.63055
	4040.00000000		2.12301		-0.77496
	4045.00000000		2.03241		-0.88834
	4050.00000000		2.09396		-0.81745
	4055.00000000		2.08465		-0.67762
	4060.00000000		2.03851		-0.63231
	4065.00000000		2.11017		-0.74064
	4070.00000000		2.02578		-0.69759
	4075.00000000		2.12429		-0.46861
	4080.00000000		2.05229		-0.16740
	4085.00000000		2.08555		-0.07035
	4090.00000000		2.08473		-0.33827
	4095.00000000		2.05273		-0.50517
	4100.00000000		2.07054		-0.46901
	4105.00000000		2.04009		-0.33961
	4110.00000000		2.08029		-0.29365
	4115.00000000		2.05583		-0.26078
	4120.00000000		2.10153		-0.10323
	4125.00000000		2.08187		0.20062
	4130.00000000		2.06589		0.44721
	4135.00000000		2.08009		0.51927
	4140.00000000		2.06381		0.47721
	4145.00000000		2.10183		0.49640
	4150.00000000		2.04450		0.58778
	4155.00000000		2.07724		0.67158
	4160.00000000		2.05051		0.71795
	4165.00000000		2.05921		0.75904
	4170.00000000		2.08254		0.83755
	4175.00000000		2.04340		0.89558
	4180.00000000		2.08672		0.95657
	4185.00000000		2.03879		1.01110
	4190.00000000		2.11167		1.08609
	4195.00000000		2.02689		1.12403
	4200.00000000		2.09155		1.12910
	4205.00000000		2.02228		1.11536
	4210.00000000		2.08858		1.14894
	4215.00000000		2.07332		1.26734
	4220.00000000		2.06606		1.41488
	4225.00000000		2.06474		1.50171
	4230.00000000		2.04616		1.46535
	4235.00000000		2.10099		1.45234
	4240.00000000		2.02131		1.46491
	4245.00000000		2.10859		1.53363
	4250.00000000		1.99685		1.61772
	4255.00000000		2.11173		1.73051
	4260.00000000		2.00875		1.81696
	4265.00000000		2.11926		1.87507
	4270.00000000		2.04329		1.89909
	4275.00000000		2.06974		1.89089
	4280.00000000		2.10144		1.97131
	4285.00000000		2.01944		2.02784
	4290.00000000		2.10204		2.07315
	4295.00000000		2.01419		1.98846
	4300.00000000		2.10975		1.82930
	4305.00000000		2.02270		1.84513
	4310.00000000		2.15201		1.99453
	4315.00000000		1.99347		2.08963
	4320.00000000		2.12078		2.04163
	4325.00000000		2.05096		1.93415
	4330.00000000		2.05974		1.88900
	4335.00000000		2.13391		1.95938
	4340.00000000		1.98035		1.94270
	4345.00000000		2.16591		1.80615
	4350.00000000		1.99343		1.62262
	4355.00000000		2.13702		1.60761
	4360.00000000		2.03729		1.69213
	4365.00000000		2.07391		1.71997
	4370.00000000		2.11672		1.57374
	4375.00000000		2.02296		1.38681
	4380.00000000		2.15588		1.34548
	4385.00000000		1.99287		1.39655
	4390.00000000		2.12054		1.37391
	4395.00000000		2.05014		1.22357
	4400.00000000		2.07819		1.13560
	4405.00000000		2.10067		1.21923
	4410.00000000		2.04621		1.35847
	4415.00000000		2.10603		1.24149
	4420.00000000		2.08493		0.90781
	4425.00000000		2.07988		0.64537
	4430.00000000		2.03918		0.71290
	4435.00000000		2.11860		0.98058
	4440.00000000		2.03670		1.19527
	4445.00000000		2.08959		1.11663
	4450.00000000		2.15385		0.91388
	4455.00000000		1.98792		0.81109
	4460.00000000		2.15150		0.81160
	4465.00000000		2.03146		0.82470
	4470.00000000		2.06769		0.76143
	4475.00000000		2.15116		0.67976
	4480.00000000		2.03386		0.65590
	4485.00000000		2.11060		0.71714
	4490.00000000		2.06506		0.74922
	4495.00000000		2.08320		0.74214
	4500.00000000		2.03939		0.69421
	4505.00000000		2.08991		0.59108
	4510.00000000		2.04641		0.48946
	4515.00000000		2.08396		0.44515
	4520.00000000		2.08948		0.49444
	4525.00000000		2.01609		0.58380
	4530.00000000		2.09307		0.62923
	4535.00000000		2.02428		0.56941
	4540.00000000		2.10593		0.48603
	4545.00000000		2.06525		0.45755
	4550.00000000		2.04741		0.46911
	4555.00000000		2.08288		0.45603
	4560.00000000		2.03587		0.42494
	4565.00000000		2.09965		0.48718
	4570.00000000		2.07152		0.60628
	4575.00000000		2.07175		0.66787
	4580.00000000		2.09392		0.65937
	4585.00000000		2.08207		0.66429
	4590.00000000		2.09403		0.73177
	4595.00000000		2.04818		0.78106
	4600.00000000		2.07239		0.68392
	4605.00000000		2.07859		0.54449
	4610.00000000		2.05340		0.56398
	4615.00000000		2.14074		0.80991
	4620.00000000		2.05654		1.03952
	4625.00000000		2.05067		1.00868
	4630.00000000		2.15117		0.78137
	4635.00000000		2.02069		0.61142
	4640.00000000		2.08185		0.65577
	4645.00000000		2.11937		0.80042
	4650.00000000		1.98765		0.90705
	4655.00000000		2.14664		0.87832
	4660.00000000		2.05736		0.78923
	4665.00000000		2.04411		0.72618
	4670.00000000		2.12925		0.68274
	4675.00000000		1.99903		0.59176
	4680.00000000		2.09083		0.46968
	4685.00000000		2.01963		0.40953
	4690.00000000		2.04931		0.40820
	4695.00000000		2.08986		0.44210
	4700.00000000		2.00917		0.51572
	4705.00000000		2.13224		0.61492
	4710.00000000		2.08263		0.67674
	4715.00000000		2.00621		0.60581
	4720.00000000		2.16030		0.36964
	4725.00000000		2.02884		0.10409
	4730.00000000		2.08397		0.05585
	4735.00000000		2.09577		0.23367
	4740.00000000		2.00869		0.39738
	4745.00000000		2.13672		0.25758
	4750.00000000		2.05876		0.00226
	4755.00000000		2.07830		-0.09235
	4760.00000000		2.05366		-0.02606
	4765.00000000		2.07749		0.04278
	4770.00000000		2.05420		0.04818
	4775.00000000		2.08979		0.11192
	4780.00000000		2.11703		0.20881
	4785.00000000		2.01028		0.26767
	4790.00000000		2.12331		0.27318
	4795.00000000		2.06258		0.25840
	4800.00000000		2.05410		0.27122
	4805.00000000		2.13048		0.25552
	4810.00000000		1.98193		0.17430
	4815.00000000		2.15938		0.11150
	4820.00000000		2.06399		0.14510
	4825.00000000		2.03924		0.27458
	4830.00000000		2.14849		0.28510
	4835.00000000		1.97356		0.16325
	4840.00000000		2.14737		0.07605
	4845.00000000		2.03564		0.15692
	4850.00000000		2.06275		0.28394
	4855.00000000		2.13650		0.29174
	4860.00000000		1.97504		0.23595
	4865.00000000		2.18148		0.32898
	4870.00000000		2.06681		0.49817
	4875.00000000		2.03584		0.53361
	4880.00000000		2.15165		0.43589
	4885.00000000		2.06497		0.28870
	4890.00000000		2.09226		0.28884
	4895.00000000		2.04911		0.42258
	4900.00000000		2.03007		0.45956
	4905.00000000		2.11003		0.34701
	4910.00000000		2.05377		0.32012
	4915.00000000		2.10193		0.54657
	4920.00000000		2.15004		0.89580
	4925.00000000		1.97429		1.00100
	4930.00000000		2.15728		0.81160
	4935.00000000		2.12416		0.62230
	4940.00000000		1.97128		0.63526
	4945.00000000		2.19546		0.87428
	4950.00000000		2.01163		1.04775
	4955.00000000		2.07757		1.02964
	4960.00000000		2.19545		0.89505
	4965.00000000		1.98229		0.94548
	4970.00000000		2.16247		1.13163
	4975.00000000		2.04867		1.25775
	4980.00000000		2.05138		1.23307
	4985.00000000		2.16198		1.14528
	4990.00000000		2.00912		1.18325
	4995.00000000		2.15229		1.27494
	5000.00000000		2.00432		1.36799
	5005.00000000		2.10439		1.43617
	5010.00000000		2.12404		1.57227
	5015.00000000		2.03315		1.73035
	5020.00000000		2.14662		1.80565
	5025.00000000		1.99298		1.74986
	5030.00000000		2.15565		1.74157
	5035.00000000		2.05931		1.92367
	5040.00000000		2.07934		2.25669
	5045.00000000		2.08807		2.44429
	5050.00000000		2.02921		2.40967
	5055.00000000		2.18107		2.44330
	5060.00000000		2.01690		2.72101
	5065.00000000		2.16983		3.04066
	5070.00000000		1.96878		3.02193
	5075.00000000		2.17605		2.82507
	5080.00000000		2.01679		2.69479
	5085.00000000		2.12515		2.74928
	5090.00000000		2.08013		2.82667
	5095.00000000		2.06394		2.65855
	5100.00000000		2.19219		2.47775
	5105.00000000		1.93556		2.33357
	5110.00000000		2.23065		2.32609
	5115.00000000		1.92611		2.39166
	5120.00000000		2.19427		2.42776
	5125.00000000		2.01254		2.39815
	5130.00000000		2.12822		2.50404
	5135.00000000		2.15007		2.63234
	5140.00000000		1.96559		2.59490
	5145.00000000		2.24422		2.38957
	5150.00000000		1.89859		2.21854
	5155.00000000		2.23700		2.32345
	5160.00000000		1.93398		2.54296
	5165.00000000		2.17901		2.65885
	5170.00000000		2.01735		2.55300
	5175.00000000		2.09477		2.47604
	5180.00000000		2.18027		2.64547
	5185.00000000		1.96480		2.96043
	5190.00000000		2.22345		3.01500
	5195.00000000		1.92526		2.78284
	5200.00000000		2.21025		2.70740
	5205.00000000		1.97702		2.95861
	5210.00000000		2.17248		-2.99926
	5215.00000000		1.98945		-3.03113
	5220.00000000		2.14529		3.06722
	5225.00000000		2.07513		3.06946
	5230.00000000		2.05827		-2.98180
	5235.00000000		2.13392		-2.84003
	5240.00000000		1.99855		-2.98896
	5245.00000000		2.20483		3.12971
	5250.00000000		1.93080		-3.04597
	5255.00000000		2.23766		-2.76916
	5260.00000000		1.90339		-2.65761
	5265.00000000		2.23055		-2.69779
	5270.00000000		1.97973		-2.77501
	5275.00000000		2.16379		-2.62795
	5280.00000000		2.06860		-2.52476
	5285.00000000		2.06561		-2.62401
	5290.00000000		2.15138		-2.80450
	5295.00000000		1.98032		-2.89987
	5300.00000000		2.20643		-2.81186
	5305.00000000		1.92555		-2.75810
	5310.00000000		2.21585		-2.82492
	5315.00000000		1.94088		-3.01537
	5320.00000000		2.17864		-3.08025
	5325.00000000		1.99603		-2.99672
	5330.00000000		2.10678		-2.86404
	5335.00000000		2.05075		-2.81771
	5340.00000000		2.05552		-2.72706
	5345.00000000		2.14320		-2.55283
	5350.00000000		1.98249		-2.34396
	5355.00000000		2.15796		-2.31343
	5360.00000000		1.96233		-2.42655
	5365.00000000		2.16821		-2.42095
	5370.00000000		1.98071		-2.26031
	5375.00000000		2.11414		-2.20927
	5380.00000000		2.03115		-2.39809
	5385.00000000		2.08127		-2.65365
	5390.00000000		2.06752		-2.66162
	5395.00000000		2.03320		-2.53237
	5400.00000000		2.08007		-2.64261
	5405.00000000		2.02184		-2.93857
	5410.00000000		2.11917		-3.04602
	5415.00000000		2.00607		-2.77855
	5420.00000000		2.12308		-2.47050
	5425.00000000		1.98368		-2.46989
	5430.00000000		2.12690		-2.63914
	5435.00000000		2.01644		-2.61450
	5440.00000000		2.09556		-2.35685
	5445.00000000		2.06282		-2.29401
	5450.00000000		2.02612		-2.53606
	5455.00000000		2.12096		-2.72156
	5460.00000000		1.97957		-2.60915
	5465.00000000		2.16159		-2.38635
	5470.00000000		1.96992		-2.41359
	5475.00000000		2.14720		-2.70428
	5480.00000000		2.03858		-2.88307
	5485.00000000		2.05755		-2.83461
	5490.00000000		2.09366		-2.71108
	5495.00000000		1.99220		-2.59630
	5500.00000000		2.19155		-2.49911
	5505.00000000		1.99106		-2.40767
	5510.00000000		2.12502		-2.38527
	5515.00000000		2.03536		-2.41659
	5520.00000000		2.05266		-2.49661
	5525.00000000		2.11756		-2.47260
	5530.00000000		1.99176		-2.35407
	5535.00000000		2.15619		-2.28654
	5540.00000000		1.95818		-2.32028
	5545.00000000		2.14537		-2.37627
	5550.00000000		2.04995		-2.31347
	5555.00000000		2.05636		-2.19160
	5560.00000000		2.15211		-2.15497
	5565.00000000		1.95727		-2.26703
	5570.00000000		2.20925		-2.37604
	5575.00000000		1.95245		-2.43368
	5580.00000000		2.14314		-2.40150
	5585.00000000		2.07835		-2.40380
	5590.00000000		1.99689		-2.46846
	5595.00000000		2.22393		-2.43696
	5600.00000000		1.92260		-2.26419
	5605.00000000		2.20751		-2.07355
	5610.00000000		2.05036		-2.15340
	5615.00000000		2.04935		-2.35892
	5620.00000000		2.16869		-2.43290
	5625.00000000		1.92684		-2.23491
	5630.00000000		2.23490		-1.95163
	5635.00000000		2.00471		-1.91330
	5640.00000000		2.10822		-2.05011
	5645.00000000		2.20416		-2.11187
	5650.00000000		1.91585		-2.02715
	5655.00000000		2.24288		-2.01374
	5660.00000000		1.98419		-2.09463
	5665.00000000		2.12155		-2.07159
	5670.00000000		2.21241		-1.90459
	5675.00000000		1.88782		-1.85562
	5680.00000000		2.27364		-1.98903
	5685.00000000		2.01253		-2.23333
	5690.00000000		2.08050		-2.31822
	5695.00000000		2.22763		-2.14263
	5700.00000000		1.90210		-1.90670
	5705.00000000		2.22900		-1.83255
	5710.00000000		2.08095		-1.95672
	5715.00000000		2.01608		-2.05331
	5720.00000000		2.21360		-2.02532
	5725.00000000		1.91855		-2.03447
	5730.00000000		2.16432		-2.13816
	5735.00000000		2.10281		-2.07303
	5740.00000000		2.00835		-1.82896
	5745.00000000		2.24902		-1.67930
	5750.00000000		2.00183		-1.67733
	5755.00000000		2.09108		-1.79630
	5760.00000000		2.20315		-1.87486
	5765.00000000		1.91378		-1.88621
	5770.00000000		2.17269		-1.81292
	5775.00000000		2.10512		-1.78089
	5780.00000000		1.98572		-1.75953
	5785.00000000		2.18050		-1.78291
	5790.00000000		2.02117		-1.89026
	5795.00000000		2.02842		-2.04263
	5800.00000000		2.18686		-2.10318
	5805.00000000		1.96633		-2.01427
	5810.00000000		2.11804		-1.87062
	5815.00000000		2.13137		-1.84763
	5820.00000000		1.93553		-1.95951
	5825.00000000		2.22151		-1.98799
	5830.00000000		2.06746		-1.97594
	5835.00000000		1.99059		-1.94960
	5840.00000000		2.21132		-2.08444
	5845.00000000		1.95795		-2.34682
	5850.00000000		2.12823		-2.46144
	5855.00000000		2.14601		-2.29974
	5860.00000000		1.96283		-2.02547
	5865.00000000		2.16662		-2.15960
	5870.00000000		2.06951		-2.48095
	5875.00000000		2.00658		-2.65083
	5880.00000000		2.14782		-2.51611
	5885.00000000		1.93499		-2.36323
	5890.00000000		2.13420		-2.39808
	5895.00000000		2.02647		-2.52828
	5900.00000000		2.03270		-2.46170
	5905.00000000		2.15302		-2.28222
	5910.00000000		1.94976		-2.15755
	5915.00000000		2.11638		-2.25540
	5920.00000000		2.10101		-2.42601
	5925.00000000		1.97324		-2.38744
	5930.00000000		2.15529		-2.28493
	5935.00000000		2.01883		-2.30722
	5940.00000000		2.07496		-2.91891
	5945.00000000		2.10889		2.95830
	5950.00000000		2.02547		-2.94360
	5955.00000000		2.11623		-2.75164
	5960.00000000		1.96128		-2.84576
	5965.00000000		2.21322		-3.06769
	5970.00000000		2.00281		-2.91128
	5975.00000000		2.07726		-2.53535
	5980.00000000		2.16050		-2.50463
	5985.00000000		1.91454		-2.62222
	5990.00000000		2.22294		-2.61159
	5995.00000000		2.13878		-2.32889
	6000.00000000		1.96453		-1.98422
	6005.00000000		2.22319		-2.14446
	6010.00000000		2.08699		-2.50501
	6015.00000000		2.00132		-2.73015
	6020.00000000		2.21125		-2.50698
	6025.00000000		2.02743		-2.00423
	6030.00000000		2.03386		-1.98218
	6035.00000000		2.24574		-2.32771
	6040.00000000		2.04561		-2.67433
	6045.00000000		2.04749		-2.87817
	6050.00000000		2.14184		-3.11289
	6055.00000000		1.96237		2.76089
	6060.00000000		2.15002		2.65898
	6065.00000000		1.96566		3.00596
	6070.00000000		2.16983		-2.93956
	6075.00000000		2.00157		-3.02061
	6080.00000000		2.12583		2.82247
	6085.00000000		2.05128		2.84880
	6090.00000000		2.04112		3.06239
	6095.00000000		2.13780		2.79737
	6100.00000000		1.96181		2.50741
	6105.00000000		2.10345		2.61380
	6110.00000000		2.00436		2.88019
	6115.00000000		2.10183		2.55095
	6120.00000000		2.02472		2.14018
	6125.00000000		2.04707		1.99538
	6130.00000000		2.05342		2.18897
	6135.00000000		2.04237		2.48401
	6140.00000000		2.05406		2.34265
	6145.00000000		2.09915		2.04984
	6150.00000000		2.07964		2.01364
	6155.00000000		2.04633		2.25285
	6160.00000000		2.06151		2.41526
	6165.00000000		2.04582		2.22788
	6170.00000000		2.14256		1.91181
	6175.00000000		2.05648		1.80157
	6180.00000000		2.04833		1.91068
	6185.00000000		2.09655		1.97968
	6190.00000000		1.99727		1.85257
	6195.00000000		2.14439		1.66070
	6200.00000000		2.05640		1.66565
	6205.00000000		2.07477		1.88369
	6210.00000000		2.07318		1.91509
	6215.00000000		2.06298		1.70043
	6220.00000000		2.13906		1.52280
	6225.00000000		1.98791		1.47069
	6230.00000000		2.13254		1.52733
	6235.00000000		2.01053		1.60687
	6240.00000000		2.11127		1.64109
	6245.00000000		2.11672		1.65862
	6250.00000000		2.00758		1.70616
	6255.00000000		2.14172		1.67040
	6260.00000000		1.98782		1.56497
	6265.00000000		2.14670		1.51365
	6270.00000000		2.08464		1.56333
	6275.00000000		2.02567		1.64976
	6280.00000000		2.12700		1.63512
	6285.00000000		1.98001		1.56747
	6290.00000000		2.17592		1.57460
	6295.00000000		2.06575		1.69060
	6300.00000000		2.02988		1.74526
	6305.00000000		2.14780		1.63793
	6310.00000000		2.01366		1.49298
	6315.00000000		2.10794		1.50354
	6320.00000000		2.10846		1.67037
	6325.00000000		2.02818		1.81987
	6330.00000000		2.08711		1.79250
	6335.00000000		2.10442		1.67746
	6340.00000000		2.05850		1.70820
	6345.00000000		2.06195		1.81586
	6350.00000000		2.04905		1.84698
	6355.00000000		2.04969		1.69762
	6360.00000000		2.11006		1.61166
	6365.00000000		2.07394		1.72033
	6370.00000000		2.07311		1.92698
	6375.00000000		2.03894		2.05465
	6380.00000000		2.03829		1.97128
	6385.00000000		2.11976		1.83147
	6390.00000000		2.05496		1.78903
	6395.00000000		2.04809		1.87478
	6400.00000000		2.06342		1.93634
	6405.00000000		2.01607		1.92735
	6410.00000000		2.09604		1.89063
	6415.00000000		2.12039		1.96188
	6420.00000000		2.08517		2.19328
	6425.00000000		2.05647		2.34552
	6430.00000000		2.08489		2.23363
	6435.00000000		2.13004		2.10586
	6440.00000000		2.04196		2.19300
	6445.00000000		2.04599		2.34919
	6450.00000000		2.07088		2.34460
	6455.00000000		2.02860		2.21294
	6460.00000000		2.12526		2.27882
	6465.00000000		2.10953		2.62493
	6470.00000000		2.04139		3.07039
	6475.00000000		2.08034		2.97587
	6480.00000000		2.08388		2.59431
	6485.00000000		2.05607		2.72997
	6490.00000000		2.07825		3.02049
	6495.00000000		2.02859		2.98757
	6500.00000000		2.10844		2.69755
	6505.00000000		2.06226		2.79074
	6510.00000000		2.09490		-3.13337
	6515.00000000		2.07095		-3.04179
	6520.00000000		2.04887		2.84638
	6525.00000000		2.15700		2.46900
	6530.00000000		1.95203		2.64803
	6535.00000000		2.18060		3.05015
	6540.00000000		2.00815		3.08762
	6545.00000000		2.11303		2.82574
	6550.00000000		2.16156		2.86386
	6555.00000000		1.96973		3.11926
	6560.00000000		2.20302		3.09628
	6565.00000000		1.94374		2.81623
	6570.00000000		2.17699		2.70283
	6575.00000000		2.05507		-3.12966
	6580.00000000		2.05234		-2.78963
	6585.00000000		2.15476		-2.99359
	6590.00000000		2.00386		2.92222
	6595.00000000		2.13702		2.77488
	6600.00000000		2.00080		2.91562
	6605.00000000		2.08570		2.88582
	6610.00000000		2.08446		2.70609
	6615.00000000		1.99888		2.65631
	6620.00000000		2.15837		2.79027
	6625.00000000		1.99278		3.06104
	6630.00000000		2.11157		2.97257
	6635.00000000		2.11612		2.70243
	6640.00000000		1.97344		2.64076
	6645.00000000		2.14587		2.77548
	6650.00000000		1.99179		2.90701
	6655.00000000		2.10093		2.84308
	6660.00000000		2.07317		2.85826
	6665.00000000		2.04244		3.06940
	6670.00000000		2.12176		-3.12252
	6675.00000000		1.99794		3.00166
	6680.00000000		2.16253		2.71363
	6685.00000000		1.99336		2.63653
	6690.00000000		2.08210		2.87603
	6695.00000000		2.14247		3.03150
	6700.00000000		1.95828		3.01575
	6705.00000000		2.20677		2.89026
	6710.00000000		2.01261		2.85413
	6715.00000000		2.06837		2.85864
	6720.00000000		2.17264		2.78399
	6725.00000000		1.92678		2.55725
	6730.00000000		2.19382		2.32886
	6735.00000000		2.10356		2.26118
	6740.00000000		1.97858		2.33668
	6745.00000000		2.17746		2.35969
	6750.00000000		2.02918		2.25436
	6755.00000000		2.04246		2.21198
	6760.00000000		2.13878		2.28658
	6765.00000000		1.97708		2.45861
	6770.00000000		2.05496		2.49257
	6775.00000000		2.10942		2.41417
	6780.00000000		2.01123		2.42486
	6785.00000000		2.08805		2.59524
	6790.00000000		2.04750		2.76420
	6795.00000000		2.02431		2.78958
	6800.00000000		2.11790		2.72568
	6805.00000000		2.05097		2.72663
	6810.00000000		2.04133		2.86029
	6815.00000000		2.07055		2.92671
	6820.00000000		2.01852		2.83194
	6825.00000000		2.08330		2.72951
	6830.00000000		2.08441		2.85976
	6835.00000000		2.06851		3.13609
	6840.00000000		2.07346		-3.05910
	6845.00000000		2.04206		3.08431
	6850.00000000		2.08718		3.05116
	6855.00000000		2.06016		-2.94160
	6860.00000000		2.06268		-2.69722
	6865.00000000		2.01863		-2.69933
	6870.00000000		2.08710		-2.84495
	6875.00000000		2.07784		-2.86221
	6880.00000000		2.01281		-2.73591
	6885.00000000		2.07713		-2.69630
	6890.00000000		2.00198		-2.82098
	6895.00000000		2.09708		-2.96261
	6900.00000000		2.04923		-2.88161
	6905.00000000		2.02134		-2.74544
	6910.00000000		2.07664		-2.76386
	6915.00000000		2.00641		-2.89137
	6920.00000000		2.09314		-2.88651
	6925.00000000		2.03647		-2.70480
	6930.00000000		2.03001		-2.53641
	6935.00000000		2.08373		-2.49002
	6940.00000000		2.02554		-2.48570
	6945.00000000		2.08058		-2.40832
	6950.00000000		2.09269		-2.28762
	6955.00000000		1.99851		-2.27224
	6960.00000000		2.08566		-2.38135
	6965.00000000		2.07024		-2.44091
	6970.00000000		2.03200		-2.32314
	6975.00000000		2.13308		-2.17966
	6980.00000000		2.03113		-2.25425
	6985.00000000		2.03328		-2.53901
	6990.00000000		2.11047		-2.70523
	6995.00000000		1.96264		-2.66359
	7000.00000000		2.09748		-2.49496
	7005.00000000		2.09667		-2.41265
	7010.00000000		1.95909		-2.38418
	7015.00000000		2.14056		-2.27152
	7020.00000000		2.10717		-2.06688
	7025.00000000		1.98407		-1.90276
	7030.00000000		2.10952		-1.89054
	7035.00000000		2.11344		-2.00538
	7040.00000000		1.99639		-2.11221
	7045.00000000		2.07477		-2.07605
	7050.00000000		2.08819		-1.98023
	7055.00000000		1.98322		-1.93223
	7060.00000000		2.09257		-1.95460
	7065.00000000		2.11521		-1.96437
	7070.00000000		1.99688		-1.91305
	7075.00000000		2.06524		-1.84870
	7080.00000000		2.10944		-1.86560
	7085.00000000		1.99827		-1.93882
	7090.00000000		2.04634		-1.96570
	7095.00000000		2.11917		-1.93321
	7100.00000000		2.03150		-1.88118
	7105.00000000		2.02503		-1.83094
	7110.00000000		2.10564		-1.78785
	7115.00000000		2.06079		-1.74152
	7120.00000000		2.01550		-1.65573
	7125.00000000		2.11427		-1.57267
	7130.00000000		2.12464		-1.54324
	7135.00000000		2.00778		-1.63792
	7140.00000000		2.09801		-1.74139
	7145.00000000		2.12457		-1.77803
	7150.00000000		1.96800		-1.79985
	7155.00000000		2.09997		-1.76749
	7160.00000000		2.20946		-1.70633
	7165.00000000		2.04258		-1.63498
	7170.00000000		2.00744		-1.59568
	7175.00000000		2.14013		-1.54693
	7180.00000000		2.04440		-1.44120
	7185.00000000		2.07502		-1.28048
	7190.00000000		2.12571		-1.28366
	7195.00000000		2.01487		-1.45283
	7200.00000000		2.08252		-1.59950
	7205.00000000		2.09075		-1.62268
	7210.00000000		2.00882		-1.56980
	7215.00000000		2.07250		-1.57750
	7220.00000000		2.12665		-1.63545
	7225.00000000		2.02028		-1.70942
	7230.00000000		1.99180		-1.70851
	7235.00000000		2.11880		-1.59345
	7240.00000000		2.07566		-1.41206
	7245.00000000		2.02023		-1.28453
	7250.00000000		2.15100		-1.29926
	7255.00000000		2.06018		-1.38344
	7260.00000000		2.00971		-1.44833
	7265.00000000		2.14206		-1.44029
	7270.00000000		2.05584		-1.45704
	7275.00000000		2.01684		-1.51059
	7280.00000000		2.12621		-1.56073
	7285.00000000		2.05317		-1.57557
	7290.00000000		1.99078		-1.56863
	7295.00000000		2.14433		-1.55836
	7300.00000000		2.13318		-1.56036
	7305.00000000		1.99821		-1.56382
	7310.00000000		2.05538		-1.52077
	7315.00000000		2.14158		-1.46800
	7320.00000000		2.07336		-1.44954
	7325.00000000		2.03951		-1.51826
	7330.00000000		2.12214		-1.58190
	7335.00000000		2.05256		-1.61501
	7340.00000000		1.99101		-1.60955
	7345.00000000		2.12528		-1.59521
	7350.00000000		2.18984		-1.58893
	7355.00000000		2.06416		-1.62262
	7360.00000000		1.95490		-1.70671
	7365.00000000		2.11804		-1.75277
	7370.00000000		2.19546		-1.74164
	7375.00000000		2.07822		-1.73115
	7380.00000000		1.94851		-1.87097
	7385.00000000		2.10861		-2.07717
	7390.00000000		2.09119		-2.21429
	7395.00000000		1.96501		-2.14925
	7400.00000000		2.12029		-2.02686
	7405.00000000		2.14070		-2.08337
	7410.00000000		1.96950		-2.30716
	7415.00000000		2.08048		-2.46744
	7420.00000000		2.11007		-2.40063
	7425.00000000		1.96244		-2.26610
	7430.00000000		2.11146		-2.28561
	7435.00000000		2.19500		-2.47636
	7440.00000000		2.00262		-2.64656
	7445.00000000		2.03248		-2.66859
	7450.00000000		2.13933		-2.57449
	7455.00000000		1.96626		-2.53476
	7460.00000000		2.10993		-2.59036
	7465.00000000		2.15457		-2.68809
	7470.00000000		1.94785		-2.78147
	7475.00000000		2.14317		-2.86904
	7480.00000000		2.09435		-2.99919
	7485.00000000		1.98443		-3.07683
	7490.00000000		2.17842		-3.00603
	7495.00000000		1.97642		-2.90828
	7500.00000000		2.09433		-2.92626
	7505.00000000		2.14742		-2.99496
	7510.00000000		1.96095		-3.08182
	7515.00000000		2.17340		-3.11924
	7520.00000000		1.97894		3.06466
	7525.00000000		2.07795		2.91416
	7530.00000000		2.11676		2.91765
	7535.00000000		1.97454		3.10417
	7540.00000000		2.15883		-3.06395
	7545.00000000		2.00363		3.08557
	7550.00000000		2.06687		2.86432
	7555.00000000		2.09696		2.81316
	7560.00000000		1.97048		2.91058
	7565.00000000		2.14642		2.91820
	7570.00000000		2.05729		2.80995
	7575.00000000		2.00808		2.65395
	7580.00000000		2.13233		2.62452
	7585.00000000		1.97334		2.68221
	7590.00000000		2.08885		2.72671
	7595.00000000		2.14370		2.69676
	7600.00000000		1.97154		2.64418
	7605.00000000		2.11301		2.61642
	7610.00000000		2.07904		2.55226
	7615.00000000		1.96233		2.48361
	7620.00000000		2.13278		2.46144
	7625.00000000		2.05064		2.56096
	7630.00000000		1.99390		2.65305
	7635.00000000		2.13233		2.63439
	7640.00000000		2.01558		2.46424
	7645.00000000		2.06317		2.30059
	7650.00000000		2.12252		2.31860
	7655.00000000		1.95312		2.37302
	7660.00000000		2.07386		2.39049
	7665.00000000		2.09117		2.37408
	7670.00000000		1.98243		2.44678
	7675.00000000		2.08654		2.53658
	7680.00000000		2.06933		2.54316
	7685.00000000		1.96748		2.43308
	7690.00000000		2.11278		2.37231
	7695.00000000		2.08032		2.43686
	7700.00000000		1.96389		2.61150
	7705.00000000		2.13060		2.70274
	7710.00000000		2.08527		2.70530
	7715.00000000		1.94559		2.72795
	7720.00000000		2.19076		2.79098
	7725.00000000		2.04942		2.91804
	7730.00000000		2.01399		2.93214
	7735.00000000		2.23091		2.88101
	7740.00000000		1.92544		2.82768
	7745.00000000		2.16432		2.88359
	7750.00000000		2.17564		2.97282
	7755.00000000		1.91711		3.01473
	7760.00000000		2.27601		2.95842
	7765.00000000		2.03852		2.90407
	7770.00000000		2.03269		2.88236
	7775.00000000		2.27532		2.79722
	7780.00000000		1.91654		2.63908
	7785.00000000		2.14505		2.50367
	7790.00000000		2.28897		2.57352
	7795.00000000		1.90332		2.75219
	7800.00000000		2.18184		2.91807
	7805.00000000		2.18870		2.91301
	7810.00000000		1.91059		2.91412
	7815.00000000		2.27193		3.02409
	7820.00000000		2.01237		-3.10750
	7825.00000000		2.07105		-3.01848
	7830.00000000		2.22215		-3.10516
	7835.00000000		1.88045		-3.11784
	7840.00000000		2.22605		-2.95314
	7845.00000000		2.04959		-2.76867
	7850.00000000		1.99286		-2.78793
	7855.00000000		2.24093		-2.98580
	7860.00000000		1.89325		3.09502
	7865.00000000		2.18088		3.12066
	7870.00000000		2.05700		-3.08016
	7875.00000000		2.01379		3.12735
	7880.00000000		2.27079		3.05176
	7885.00000000		1.90954		-3.11313
	7890.00000000		2.19332		-2.86201
	7895.00000000		2.15303		-2.83968
	7900.00000000		1.93009		-2.98219
	7905.00000000		2.27634		-3.05335
	7910.00000000		1.99847		-2.92212
	7915.00000000		2.06112		-2.79947
	7920.00000000		2.23227		-2.82235
	7925.00000000		1.87741		-2.86339
	7930.00000000		2.22501		-2.72623
	7935.00000000		2.20135		-2.49827
	7940.00000000		1.88025		-2.37254
	7945.00000000		2.23936		-2.44741
	7950.00000000		2.17327		-2.57167
	7955.00000000		1.90433		-2.52583
	7960.00000000		2.23556		-2.42786
	7965.00000000		2.08926		-2.48536
	7970.00000000		1.94119		-2.65758
	7975.00000000		2.26448		-2.66587
	7980.00000000		2.08550		-2.49137
	7985.00000000		1.96780		-2.35635
	7990.00000000		2.18858		-2.51991
	7995.00000000		2.13231		-2.86497
	8000.00000000		1.94415		-3.10890
	8005.00000000		2.13549		-3.03923
	8010.00000000		2.01132		-2.87909
	8015.00000000		2.01014		-2.89807
	8020.00000000		2.19118		-3.03521
	8025.00000000		1.99435		-3.11547
	8030.00000000		2.05375		-3.04480
	8035.00000000		2.11698		-3.00502
	8040.00000000		1.96934		-3.09257
	8045.00000000		2.15454		3.11791
	8050.00000000		2.09561		-3.12012
	8055.00000000		1.97596		-3.08032
	8060.00000000		2.15256		3.03216
	8065.00000000		2.09973		2.79927
	8070.00000000		1.97558		2.67440
	8075.00000000		2.10750		2.80142
	8080.00000000		2.10036		2.92664
	8085.00000000		1.97882		2.87313
	8090.00000000		2.13833		2.73489
	8095.00000000		2.14940		2.71014
	8100.00000000		2.01030		2.83133
	8105.00000000		2.07533		2.82715
	8110.00000000		2.20211		2.67539
	8115.00000000		2.13945		2.46449
	8120.00000000		1.96775		2.35969
	8125.00000000		2.06269		2.34263
	8130.00000000		2.10309		2.31144
	8135.00000000		1.97669		2.16212
	8140.00000000		2.12354		2.08272
	8145.00000000		2.15990		2.14338
	8150.00000000		1.96954		2.24350
	8155.00000000		2.05132		2.21824
	8160.00000000		2.16650		2.02919
	8165.00000000		2.08389		1.83476
	8170.00000000		2.02461		1.69923
	8175.00000000		2.10238		1.68344
	8180.00000000		2.05545		1.64940
	8185.00000000		2.04692		1.62137
	8190.00000000		2.09244		1.62409
	8195.00000000		2.06174		1.69089
	8200.00000000		2.05210		1.74950
	8205.00000000		2.05489		1.75037
	8210.00000000		2.08739		1.75064
	8215.00000000		2.07021		1.79481
	8220.00000000		2.04282		1.87187
	8225.00000000		2.06674		1.86210
	8230.00000000		2.08029		1.76859
	8235.00000000		2.12464		1.66982
	8240.00000000		2.13586		1.65780
	8245.00000000		2.00007		1.64534
	8250.00000000		2.06338		1.52374
	8255.00000000		2.14319		1.35332
	8260.00000000		1.98975		1.31408
	8265.00000000		2.13358		1.44344
	8270.00000000		2.06196		1.53670
	8275.00000000		1.99686		1.49152
	8280.00000000		2.17747		1.41881
	8285.00000000		2.00260		1.49203
	8290.00000000		2.06234		1.60757
	8295.00000000		2.14689		1.55668
	8300.00000000		1.97793		1.35004
	8305.00000000		2.11213		1.23672
	8310.00000000		2.04218		1.32121
	8315.00000000		2.01977		1.47263
	8320.00000000		2.10968		1.47039
	8325.00000000		1.99321		1.34047
	8330.00000000		2.12680		1.30582
	8335.00000000		2.08273		1.37513
	8340.00000000		1.99308		1.44106
	8345.00000000		2.12182		1.36978
	8350.00000000		2.05510		1.24814
	8355.00000000		2.05638		1.24249
	8360.00000000		2.13123		1.38070
	8365.00000000		2.01675		1.50868
	8370.00000000		2.05722		1.45243
	8375.00000000		2.15268		1.29896
	8380.00000000		2.02048		1.16231
	8385.00000000		2.08318		1.17977
	8390.00000000		2.10863		1.27246
	8395.00000000		2.00772		1.36833
	8400.00000000		2.13128		1.40713
	8405.00000000		2.15491		1.41156
	8410.00000000		1.99694		1.42060
	8415.00000000		2.09048		1.40121
	8420.00000000		2.18010		1.39476
	8425.00000000		2.00731		1.33876
	8430.00000000		2.04409		1.28206
	8435.00000000		2.12963		1.20318
	8440.00000000		1.98151		1.18949
	8445.00000000		2.11946		1.29009
	8450.00000000		2.13707		1.44042
	8455.00000000		1.95776		1.51841
	8460.00000000		2.10250		1.39788
	8465.00000000		2.19620		1.18955
	8470.00000000		1.97937		1.03457
	8475.00000000		2.14588		1.13347
	8480.00000000		2.16291		1.24468
	8485.00000000		1.94150		1.23651
	8490.00000000		2.18461		1.09535
	8495.00000000		2.06611		1.02631
	8500.00000000		2.02607		1.08517
	8505.00000000		2.21765		1.11140
	8510.00000000		1.93746		1.02322
	8515.00000000		2.18858		0.88819
	8520.00000000		2.14087		0.90483
	8525.00000000		1.96682		1.01688
	8530.00000000		2.26707		1.04960
	8535.00000000		1.96138		0.96549
	8540.00000000		2.14073		0.94087
	8545.00000000		2.16787		1.02273
	8550.00000000		1.94360		1.08844
	8555.00000000		2.23887		0.96254
	8560.00000000		2.06453		0.79890
	8565.00000000		2.01151		0.80267
	8570.00000000		2.21361		0.98827
	8575.00000000		1.98769		1.17993
	8580.00000000		2.08505		1.19931
	8585.00000000		2.22382		1.08599
	8590.00000000		1.98932		0.98579
	8595.00000000		2.11073		1.00116
	8600.00000000		2.15921		1.00937
	8605.00000000		1.95649		0.90634
	8610.00000000		2.14468		0.80533
	8615.00000000		2.13067		0.84097
	8620.00000000		1.98491		0.96171
	8625.00000000		2.15351		1.05009
	8630.00000000		2.09932		1.06916
	8635.00000000		1.98720		1.03909
	8640.00000000		2.14975		1.03181
	8645.00000000		2.00365		0.94822
	8650.00000000		2.05237		0.82929
	8655.00000000		2.20093		0.80237
	8660.00000000		1.99094		0.94545
	8665.00000000		2.07414		1.08904
	8670.00000000		2.12981		0.99279
	8675.00000000		1.99046		0.70960
	8680.00000000		2.13234		0.55435
	8685.00000000		2.06799		0.66871
	8690.00000000		1.98556		0.85875
	8695.00000000		2.13368		0.88328
	8700.00000000		2.05220		0.75674
	8705.00000000		2.05469		0.72647
	8710.00000000		2.15684		0.82093
	8715.00000000		2.03557		0.80549
	8720.00000000		2.03261		0.59667
	8725.00000000		2.17675		0.37130
	8730.00000000		2.02725		0.27103
	8735.00000000		2.04998		0.35215
	8740.00000000		2.15580		0.41478
	8745.00000000		2.00767		0.29290
	8750.00000000		2.10950		0.17834
	8755.00000000		2.14599		0.14446
	8760.00000000		1.98488		0.11134
	8765.00000000		2.13269		-0.07678
	8770.00000000		2.03858		-0.32645
	8775.00000000		2.07712		-0.39363
	8780.00000000		2.10931		-0.21362
	8785.00000000		2.00089		0.00242
	8790.00000000		2.15662		-0.08984
	8795.00000000		2.02734		-0.27592
	8800.00000000		2.09069		-0.32723
	8805.00000000		2.09060		-0.18198
	8810.00000000		2.00403		-0.05915
	8815.00000000		2.16261		-0.10249
	8820.00000000		2.02338		-0.14726
	8825.00000000		2.13361		-0.11959
	8830.00000000		2.07806		-0.20478
	8835.00000000		2.03879		-0.39802
	8840.00000000		2.15528		-0.44395
	8845.00000000		1.96823		-0.38292
	8850.00000000		2.19507		-0.21640
	8855.00000000		2.02221		-0.08769
	8860.00000000		2.08435		-0.14346
	8865.00000000		2.17455		-0.18067
	8870.00000000		1.95613		-0.01342
	8875.00000000		2.20199		0.16665
	8880.00000000		2.05642		0.16337
	8885.00000000		2.03073		-0.01847
	8890.00000000		2.20253		-0.10943
	8895.00000000		1.95565		0.07823
	8900.00000000		2.14582		0.23754
	8905.00000000		2.12362		0.18274
	8910.00000000		1.98357		0.03235
	8915.00000000		2.19619		0.01707
	8920.00000000		2.03812		0.15783
	8925.00000000		2.03647		0.31199
	8930.00000000		2.20244		0.27751
	8935.00000000		2.05909		0.16872
	8940.00000000		2.06279		0.15755
	8945.00000000		2.17384		0.18055
	8950.00000000		2.00396		0.09011
	8955.00000000		2.09631		-0.11352
	8960.00000000		2.16987		-0.17772
	8965.00000000		1.98321		-0.08144
	8970.00000000		2.14466		0.02783
	8975.00000000		2.09905		-0.02339
	8980.00000000		1.99396		-0.20075
	8985.00000000		2.18079		-0.31390
	8990.00000000		2.00791		-0.29165
	8995.00000000		2.08210		-0.20916
	9000.00000000		2.11678		-0.28756
	9005.00000000		2.00158		-0.43169
	9010.00000000		2.13699		-0.51047
	9015.00000000		2.00905		-0.46891
	9020.00000000		2.07587		-0.44256
	9025.00000000		2.07759		-0.50029
	9030.00000000		2.04164		-0.49598
	9035.00000000		2.13346		-0.33600
	9040.00000000		2.02091		-0.11299
	9045.00000000		2.05524		-0.09154
	9050.00000000		2.13029		-0.23942
	9055.00000000		2.01733		-0.38282
	9060.00000000		2.12145		-0.30104
	9065.00000000		2.10450		-0.09990
	9070.00000000		1.99440		-0.06707
	9075.00000000		2.18883		-0.19010
	9080.00000000		2.10039		-0.29258
	9085.00000000		1.99697		-0.33262
	9090.00000000		2.16080		-0.30918
	9095.00000000		1.97658		-0.23250
	9100.00000000		2.10792		-0.09162
	9105.00000000		2.22659		0.15748
	9110.00000000		2.05265		0.45208
	9115.00000000		2.02560		0.42915
	9120.00000000		2.20724		0.17113
	9125.00000000		2.12190		0.14973
	9130.00000000		1.99815		0.34333
	9135.00000000		2.15821		0.40897
	9140.00000000		2.12032		0.13767
	9145.00000000		2.04731		-0.11326
	9150.00000000		2.10310		-0.14749
	9155.00000000		2.02445		-0.16321
	9160.00000000		2.01819		-0.27219
	9165.00000000		2.09533		-0.40708
	9170.00000000		2.00640		-0.39189
	9175.00000000		2.09557		-0.24513
	9180.00000000		2.07832		-0.09939
	9185.00000000		1.98463		-0.09536
	9190.00000000		2.11349		-0.16183
	9195.00000000		2.12218		-0.14525
	9200.00000000		2.02032		-0.04062
	9205.00000000		2.07704		0.08335
	9210.00000000		2.10469		0.05857
	9215.00000000		2.06291		0.03806
	9220.00000000		2.08946		0.14262
	9225.00000000		2.12881		0.35488
	9230.00000000		2.00911		0.37680
	9235.00000000		2.03419		0.17079
	9240.00000000		2.18622		0.10099
	9245.00000000		2.06691		0.23985
	9250.00000000		1.98315		0.40157
	9255.00000000		2.11360		0.24383
	9260.00000000		2.10926		-0.09673
	9265.00000000		1.98384		-0.32765
	9270.00000000		2.08909		-0.33095
	9275.00000000		2.04273		-0.21774
	9280.00000000		1.98611		-0.15980
	9285.00000000		2.13412		-0.23013
	9290.00000000		2.04026		-0.33252
	9295.00000000		2.03906		-0.43874
	9300.00000000		2.09755		-0.45459
	9305.00000000		2.00752		-0.41177
	9310.00000000		2.12248		-0.40711
	9315.00000000		2.02869		-0.45503
	9320.00000000		2.04612		-0.55739
	9325.00000000		2.10851		-0.60486
	9330.00000000		1.98891		-0.54945
	9335.00000000		2.13505		-0.46792
	9340.00000000		2.02697		-0.46372
	9345.00000000		2.04146		-0.49278
	9350.00000000		2.10558		-0.47821
	9355.00000000		1.97444		-0.32234
	9360.00000000		2.13924		-0.02869
	9365.00000000		2.22827		0.25552
	9370.00000000		1.98888		0.29376
	9375.00000000		2.05223		0.02122
	9380.00000000		2.21557		-0.08309
	9385.00000000		2.01279		0.07080
	9390.00000000		2.02274		0.31439
	9395.00000000		2.21008		0.32196
	9400.00000000		2.06136		0.12071
	9405.00000000		1.99013		0.04192
	9410.00000000		2.17476		0.27587
	9415.00000000		2.15584		0.50505
	9420.00000000		1.93057		0.59404
	9425.00000000		2.15860		0.61297
	9430.00000000		2.24207		0.69133
	9435.00000000		1.97828		0.86068
	9440.00000000		2.09388		0.95122
	9445.00000000		2.17731		0.81965
	9450.00000000		1.99007		0.67588
	9455.00000000		2.08173		0.75325
	9460.00000000		2.23569		0.94358
	9465.00000000		1.97608		1.01387
	9470.00000000		2.09360		0.91844
	9475.00000000		2.26894		0.83626
	9480.00000000		1.99184		0.86320
	9485.00000000		2.07464		0.94679
	9490.00000000		2.21426		0.90861
	9495.00000000		1.98508		0.79659
	9500.00000000		2.09908		0.82663
	9505.00000000		2.26486		0.98525
	9510.00000000		1.99449		1.01183
	9515.00000000		2.07413		0.88942
	9520.00000000		2.28985		0.81178
	9525.00000000		2.05100		0.85782
	9530.00000000		2.02921		1.07745
	9535.00000000		2.19295		1.03503
	9540.00000000		2.09717		0.80785
	9545.00000000		2.05375		0.70371
	9550.00000000		2.15887		0.79645
	9555.00000000		2.20714		0.94318
	9560.00000000		1.97524		0.86391
	9565.00000000		2.09790		0.66011
	9570.00000000		2.33097		0.62544
	9575.00000000		2.02653		0.71021
	9580.00000000		2.01714		0.83759
	9585.00000000		2.29945		0.86423
	9590.00000000		2.07839		0.78435
	9595.00000000		1.97768		0.85165
	9600.00000000		2.25653		1.04430
	9605.00000000		2.11561		1.14016
	9610.00000000		1.95295		1.02981
	9615.00000000		2.30053		0.87668
	9620.00000000		2.15407		0.86817
	9625.00000000		1.91629		1.01433
	9630.00000000		2.25288		1.09084
	9635.00000000		2.11980		0.97629
	9640.00000000		1.94240		0.81506
	9645.00000000		2.23986		0.82703
	9650.00000000		2.15500		0.87953
	9655.00000000		1.89894		0.87670
	9660.00000000		2.24492		0.85177
	9665.00000000		2.21251		0.89624
	9670.00000000		1.92125		1.10104
	9675.00000000		2.15739		1.26240
	9680.00000000		2.17747		1.13875
	9685.00000000		1.94726		0.87174
	9690.00000000		2.13110		0.82607
	9695.00000000		2.22260		0.92390
	9700.00000000		1.92358		0.97286
	9705.00000000		2.12413		0.92402
	9710.00000000		2.27940		0.88092
	9715.00000000		1.98953		0.92435
	9720.00000000		2.05105		1.06547
	9725.00000000		2.19887		1.08505
	9730.00000000		1.94367		0.99292
	9735.00000000		2.08601		0.96784
	9740.00000000		2.27685		1.10015
	9745.00000000		2.03426		1.27484
	9750.00000000		1.98037		1.37333
	9755.00000000		2.26582		1.35036
	9760.00000000		2.16136		1.31043
	9765.00000000		1.90348		1.32759
	9770.00000000		2.18258		1.32500
	9775.00000000		2.19906		1.27667
	9780.00000000		1.91428		1.22025
	9785.00000000		2.14809		1.26497
	9790.00000000		2.29182		1.39714
	9795.00000000		1.97923		1.48852
	9800.00000000		2.04200		1.45494
	9805.00000000		2.29509		1.38586
	9810.00000000		2.10626		1.41904
	9815.00000000		1.93833		1.55877
	9820.00000000		2.21306		1.59357
	9825.00000000		2.21530		1.47588
	9830.00000000		1.97583		1.35303
	9835.00000000		2.04777		1.40414
	9840.00000000		2.24741		1.55852
	9845.00000000		2.10895		1.59523
	9850.00000000		1.93927		1.42141
	9855.00000000		2.27692		1.28777
	9860.00000000		2.26367		1.28115
	9865.00000000		1.87481		1.35786
	9870.00000000		2.15683		1.37298
	9875.00000000		2.29708		1.31104
	9880.00000000		2.00982		1.25879
	9885.00000000		2.01343		1.30973
	9890.00000000		2.30432		1.38647
	9895.00000000		2.13260		1.43113
	9900.00000000		1.89365		1.44774
	9905.00000000		2.31263		1.48111
	9910.00000000		2.27566		1.58222
	9915.00000000		1.87101		1.69933
	9920.00000000		2.23528		1.69504
	9925.00000000		2.32007		1.57691
	9930.00000000		1.94526		1.47254
	9935.00000000		2.07443		1.44786
	9940.00000000		2.28652		1.42906
	9945.00000000		2.08952		1.31255
	9950.00000000		1.93773		1.08862
	9955.00000000		2.27475		1.04891
	9960.00000000		2.20017		1.17553
	9965.00000000		1.88065		1.35113
	9970.00000000		2.14696		1.38317
	9975.00000000		2.32672		1.32400
	9980.00000000		2.14211		1.29356
	9985.00000000		1.90989		1.37668
	9990.00000000		2.13983		1.49708
	9995.00000000		2.25993		1.56027
	10000.00000000		2.07886		1.57131
