	0.00000000		7.71662		-0.52547
	5.00000000		7.82120		-0.48790
	10.00000000		7.97394		-0.43785
	15.00000000		7.99486		-0.39241
	20.00000000		7.79831		-0.37265
	25.00000000		7.68260		-0.39924
	30.00000000		7.65703		-0.46253
	35.00000000		7.74987		-0.51494
	40.00000000		7.75332		-0.51618
	45.00000000		7.63767		-0.44743
	50.00000000		7.66814		-0.30203
	55.00000000		7.67119		-0.21600
	60.00000000		7.78643		-0.24334
	65.00000000		7.73765		-0.32766
	70.00000000		7.74744		-0.33402
	75.00000000		7.72088		-0.24672
	80.00000000		7.81025		-0.15846
	85.00000000		7.88928		-0.17888
	90.00000000		7.78956		-0.29890
	95.00000000		7.66437		-0.40547
	100.00000000		7.43609		-0.37769
	105.00000000		7.52730		-0.21477
	110.00000000		7.64990		-0.08463
	115.00000000		7.82198		-0.12454
	120.00000000		7.72500		-0.26027
	125.00000000		7.48369		-0.32927
	130.00000000		7.19299		-0.26176
	135.00000000		7.16530		-0.13564
	140.00000000		7.47198		-0.09664
	145.00000000		7.61237		-0.16825
	150.00000000		7.63397		-0.23027
	155.00000000		7.41095		-0.17367
	160.00000000		7.51174		-0.02768
	165.00000000		7.63840		0.09483
	170.00000000		7.67541		0.08651
	175.00000000		7.52359		-0.00441
	180.00000000		7.31053		-0.01656
	185.00000000		7.41256		0.09412
	190.00000000		7.54186		0.18376
	195.00000000		7.70444		0.14780
	200.00000000		7.49990		0.05199
	205.00000000		7.49018		0.06180
	210.00000000		7.51107		0.17870
	215.00000000		7.87353		0.22768
	220.00000000		8.19241		0.15631
	225.00000000		8.16812		0.06445
	230.00000000		7.92437		0.07137
	235.00000000		7.67099		0.18856
	240.00000000		7.90124		0.30475
	245.00000000		8.05678		0.28681
	250.00000000		8.12114		0.16366
	255.00000000		7.92589		0.05353
	260.00000000		7.85025		0.10441
	265.00000000		7.88551		0.25200
	270.00000000		7.99785		0.29605
	275.00000000		8.13723		0.22120
	280.00000000		8.09422		0.12839
	285.00000000		8.03818		0.12472
	290.00000000		7.85616		0.18408
	295.00000000		7.89990		0.23097
	300.00000000		7.87018		0.21923
	305.00000000		7.84556		0.17830
	310.00000000		7.68866		0.16576
	315.00000000		7.59945		0.19459
	320.00000000		7.70985		0.18473
	325.00000000		7.69229		0.09711
	330.00000000		7.70883		-0.01533
	335.00000000		7.49063		-0.01722
	340.00000000		7.57132		0.10232
	345.00000000		7.54385		0.17258
	350.00000000		7.65195		0.10845
	355.00000000		7.63485		-0.04260
	360.00000000		7.52154		-0.06004
	365.00000000		7.41170		0.10200
	370.00000000		7.34801		0.24632
	375.00000000		7.53737		0.25317
	380.00000000		7.53872		0.15055
	385.00000000		7.55597		0.09439
	390.00000000		7.22538		0.15831
	395.00000000		7.03984		0.24209
	400.00000000		6.75466		0.21091
	405.00000000		6.67901		0.09772
	410.00000000		6.62734		0.03214
	415.00000000		6.46660		0.12380
	420.00000000		6.52524		0.28613
	425.00000000		6.35092		0.29270
	430.00000000		6.53604		0.13054
	435.00000000		6.39470		0.06807
	440.00000000		6.44328		0.24393
	445.00000000		6.33531		0.43746
	450.00000000		6.36191		0.35077
	455.00000000		6.35752		0.02949
	460.00000000		6.21331		-0.16515
	465.00000000		6.11170		-0.06207
	470.00000000		6.06960		0.16003
	475.00000000		6.44553		0.23941
	480.00000000		6.51429		0.13014
	485.00000000		6.53923		-0.02805
	490.00000000		6.23301		-0.07399
	495.00000000		6.22677		0.01376
	500.00000000		6.22778		0.06049
	505.00000000		6.31282		0.01240
	510.00000000		6.16758		-0.08931
	515.00000000		5.86048		-0.10850
	520.00000000		5.92294		-0.00518
	525.00000000		5.92769		0.00936
	530.00000000		6.33811		-0.16059
	535.00000000		6.14664		-0.40789
	540.00000000		5.73426		-0.52161
	545.00000000		5.30991		-0.42218
	550.00000000		5.52232		-0.23107
	555.00000000		6.05039		-0.29397
	560.00000000		6.31135		-0.42077
	565.00000000		5.94458		-0.46580
	570.00000000		5.53297		-0.42806
	575.00000000		5.66795		-0.29267
	580.00000000		5.95490		-0.25204
	585.00000000		6.43299		-0.34449
	590.00000000		6.27959		-0.40895
	595.00000000		5.87617		-0.34811
	600.00000000		5.52671		-0.19840
	605.00000000		5.57163		-0.16801
	610.00000000		5.85577		-0.26758
	615.00000000		5.83992		-0.25218
	620.00000000		5.69805		-0.09976
	625.00000000		5.66752		-0.00152
	630.00000000		6.02969		-0.11258
	635.00000000		6.28159		-0.24629
	640.00000000		6.38045		-0.26864
	645.00000000		6.00718		-0.20257
	650.00000000		5.96571		-0.13817
	655.00000000		6.00408		-0.13657
	660.00000000		6.18157		-0.19227
	665.00000000		6.29734		-0.20411
	670.00000000		6.01047		-0.12985
	675.00000000		5.81550		-0.04999
	680.00000000		5.69023		-0.11275
	685.00000000		6.10488		-0.27165
	690.00000000		6.40495		-0.34970
	695.00000000		6.44257		-0.26154
	700.00000000		6.09850		-0.18600
	705.00000000		5.92421		-0.30646
	710.00000000		5.97903		-0.50244
	715.00000000		6.04185		-0.53887
	720.00000000		6.03610		-0.42207
	725.00000000		5.75732		-0.34205
	730.00000000		5.71603		-0.43458
	735.00000000		5.61040		-0.62527
	740.00000000		5.86486		-0.60935
	745.00000000		5.97957		-0.39747
	750.00000000		5.94846		-0.13818
	755.00000000		5.67016		-0.04472
	760.00000000		5.46116		-0.22764
	765.00000000		5.50730		-0.43627
	770.00000000		5.55010		-0.33279
	775.00000000		5.71436		-0.02116
	780.00000000		5.61003		0.13346
	785.00000000		5.52331		0.00362
	790.00000000		5.30707		-0.21354
	795.00000000		5.39451		-0.15023
	800.00000000		5.38745		0.15498
	805.00000000		5.44669		0.33614
	810.00000000		5.18252		0.24769
	815.00000000		4.90924		0.03045
	820.00000000		4.84008		0.03008
	825.00000000		4.88460		0.30239
	830.00000000		5.25410		0.51624
	835.00000000		5.18684		0.45903
	840.00000000		5.08421		0.19171
	845.00000000		4.86921		-0.02305
	850.00000000		4.86938		0.16250
	855.00000000		4.84739		0.40621
	860.00000000		4.88246		0.39551
	865.00000000		4.68677		0.14354
	870.00000000		4.51935		-0.17837
	875.00000000		4.48795		-0.35992
	880.00000000		4.55150		-0.30936
	885.00000000		4.88431		-0.22322
	890.00000000		5.07562		-0.19945
	895.00000000		5.21602		-0.20707
	900.00000000		5.10900		-0.25184
	905.00000000		5.15630		-0.34649
	910.00000000		5.14125		-0.42410
	915.00000000		5.20591		-0.39606
	920.00000000		5.17627		-0.21367
	925.00000000		5.22781		-0.04965
	930.00000000		5.34069		-0.12518
	935.00000000		5.40136		-0.33360
	940.00000000		5.46337		-0.42090
	945.00000000		5.24753		-0.20200
	950.00000000		5.32450		0.17831
	955.00000000		5.26744		0.25284
	960.00000000		5.30257		-0.00229
	965.00000000		5.14218		-0.26740
	970.00000000		4.93294		-0.24223
	975.00000000		4.80962		0.15166
	980.00000000		4.95148		0.39142
	985.00000000		5.30691		0.35557
	990.00000000		5.42913		0.18652
	995.00000000		5.43509		0.03635
	1000.00000000		5.25575		0.03161
	1005.00000000		5.24484		0.17435
	1010.00000000		5.28192		0.31166
	1015.00000000		5.52216		0.33424
	1020.00000000		5.69318		0.25772
	1025.00000000		5.74142		0.16128
	1030.00000000		5.70013		0.11052
	1035.00000000		5.63139		0.13316
	1040.00000000		5.77441		0.19592
	1045.00000000		5.95260		0.27808
	1050.00000000		6.09752		0.36357
	1055.00000000		5.93744		0.38570
	1060.00000000		5.76518		0.30184
	1065.00000000		5.65430		0.17342
	1070.00000000		5.66843		0.11029
	1075.00000000		5.66251		0.16134
	1080.00000000		5.69094		0.27405
	1085.00000000		5.82333		0.33231
	1090.00000000		5.94636		0.24603
	1095.00000000		6.11094		0.07060
	1100.00000000		6.14475		-0.00649
	1105.00000000		6.19942		0.12932
	1110.00000000		6.28876		0.32990
	1115.00000000		6.46118		0.36647
	1120.00000000		6.54782		0.25524
	1125.00000000		6.48189		0.13910
	1130.00000000		6.28246		0.17703
	1135.00000000		6.20357		0.36489
	1140.00000000		6.47813		0.49741
	1145.00000000		6.85834		0.42826
	1150.00000000		7.03924		0.25829
	1155.00000000		6.80609		0.18214
	1160.00000000		6.58889		0.30618
	1165.00000000		6.66225		0.45018
	1170.00000000		6.90302		0.42158
	1175.00000000		6.99594		0.29629
	1180.00000000		6.82586		0.25586
	1185.00000000		6.66770		0.32931
	1190.00000000		6.70366		0.38133
	1195.00000000		6.87598		0.30899
	1200.00000000		7.01840		0.16612
	1205.00000000		6.96224		0.13641
	1210.00000000		6.75576		0.25592
	1215.00000000		6.66041		0.36182
	1220.00000000		6.69291		0.29511
	1225.00000000		6.83610		0.08774
	1230.00000000		6.91135		-0.04177
	1235.00000000		6.71477		0.08926
	1240.00000000		6.59943		0.29940
	1245.00000000		6.64281		0.33440
	1250.00000000		6.83942		0.11038
	1255.00000000		7.02791		-0.13245
	1260.00000000		6.85723		-0.11823
	1265.00000000		6.67437		0.08404
	1270.00000000		6.85548		0.22896
	1275.00000000		7.14726		0.15977
	1280.00000000		7.16531		-0.02631
	1285.00000000		6.88472		-0.07835
	1290.00000000		6.79397		0.06533
	1295.00000000		7.14272		0.22123
	1300.00000000		7.50403		0.23280
	1305.00000000		7.49438		0.13483
	1310.00000000		7.18147		0.07808
	1315.00000000		6.97638		0.14177
	1320.00000000		7.13394		0.22745
	1325.00000000		7.42978		0.23010
	1330.00000000		7.47465		0.15527
	1335.00000000		7.26583		0.12196
	1340.00000000		7.07120		0.16103
	1345.00000000		7.20942		0.19353
	1350.00000000		7.51625		0.17039
	1355.00000000		7.69999		0.11589
	1360.00000000		7.80072		0.10565
	1365.00000000		7.84706		0.14457
	1370.00000000		7.86112		0.16494
	1375.00000000		7.83520		0.10705
	1380.00000000		7.86921		0.02621
	1385.00000000		7.97828		-0.00417
	1390.00000000		8.13421		0.01275
	1395.00000000		8.29097		0.01466
	1400.00000000		8.33890		-0.03607
	1405.00000000		8.23184		-0.10430
	1410.00000000		8.09132		-0.12615
	1415.00000000		8.07702		-0.09384
	1420.00000000		8.28901		-0.03650
	1425.00000000		8.60292		-0.00873
	1430.00000000		8.70312		-0.04569
	1435.00000000		8.52959		-0.07991
	1440.00000000		8.41224		-0.06476
	1445.00000000		8.59647		0.00375
	1450.00000000		8.82785		0.06431
	1455.00000000		8.72597		0.04121
	1460.00000000		8.34902		-0.04610
	1465.00000000		8.07275		-0.10123
	1470.00000000		8.08056		-0.09185
	1475.00000000		8.29852		-0.06942
	1480.00000000		8.47481		-0.07759
	1485.00000000		8.45909		-0.12029
	1490.00000000		8.25238		-0.13779
	1495.00000000		8.04087		-0.12246
	1500.00000000		8.11777		-0.08072
	1505.00000000		8.36851		-0.07211
	1510.00000000		8.57362		-0.10583
	1515.00000000		8.63405		-0.11001
	1520.00000000		8.53646		-0.03979
	1525.00000000		8.38092		0.05297
	1530.00000000		8.26073		0.07204
	1535.00000000		8.23455		0.02228
	1540.00000000		8.31654		-0.04507
	1545.00000000		8.44968		-0.05482
	1550.00000000		8.54570		-0.02354
	1555.00000000		8.46725		-0.01211
	1560.00000000		8.21697		-0.06859
	1565.00000000		7.91612		-0.14800
	1570.00000000		8.03826		-0.16959
	1575.00000000		8.47157		-0.10596
	1580.00000000		8.91829		-0.01090
	1585.00000000		8.95310		0.01237
	1590.00000000		8.63532		-0.03836
	1595.00000000		8.49276		-0.07257
	1600.00000000		8.76965		-0.03076
	1605.00000000		9.04641		0.04731
	1610.00000000		8.93830		0.09899
	1615.00000000		8.61321		0.08106
	1620.00000000		8.50071		0.04435
	1625.00000000		8.75791		0.03116
	1630.00000000		8.94607		0.04677
	1635.00000000		8.77521		0.05590
	1640.00000000		8.49663		0.04488
	1645.00000000		8.39258		0.06614
	1650.00000000		8.39758		0.10449
	1655.00000000		8.32043		0.14296
	1660.00000000		8.02151		0.11409
	1665.00000000		7.68676		0.05195
	1670.00000000		7.82255		0.03625
	1675.00000000		8.10740		0.12792
	1680.00000000		7.89515		0.24707
	1685.00000000		7.44216		0.26037
	1690.00000000		7.22988		0.20136
	1695.00000000		7.43043		0.12109
	1700.00000000		7.91575		0.11785
	1705.00000000		8.11649		0.17998
	1710.00000000		7.62428		0.22025
	1715.00000000		6.94879		0.22887
	1720.00000000		6.88394		0.20328
	1725.00000000		7.24346		0.19274
	1730.00000000		7.26108		0.24700
	1735.00000000		6.86244		0.29843
	1740.00000000		6.62029		0.30796
	1745.00000000		6.65197		0.30064
	1750.00000000		6.74403		0.33567
	1755.00000000		6.67447		0.43777
	1760.00000000		6.44311		0.49710
	1765.00000000		6.31115		0.48930
	1770.00000000		6.28058		0.41610
	1775.00000000		6.35738		0.38673
	1780.00000000		6.23418		0.44469
	1785.00000000		5.96394		0.51291
	1790.00000000		5.83875		0.51731
	1795.00000000		6.04376		0.41965
	1800.00000000		6.30139		0.33427
	1805.00000000		6.14413		0.35475
	1810.00000000		5.81836		0.47780
	1815.00000000		5.83225		0.55810
	1820.00000000		6.24739		0.56334
	1825.00000000		6.48702		0.57170
	1830.00000000		6.30844		0.61695
	1835.00000000		6.01436		0.67310
	1840.00000000		5.99906		0.66562
	1845.00000000		6.18405		0.58329
	1850.00000000		6.33929		0.54746
	1855.00000000		6.28599		0.58805
	1860.00000000		6.14580		0.60295
	1865.00000000		6.06101		0.51901
	1870.00000000		6.10936		0.37711
	1875.00000000		6.25083		0.34141
	1880.00000000		6.28665		0.43611
	1885.00000000		6.37188		0.56575
	1890.00000000		6.49942		0.59070
	1895.00000000		6.64329		0.48266
	1900.00000000		6.71846		0.30653
	1905.00000000		6.69574		0.27372
	1910.00000000		6.71125		0.41810
	1915.00000000		7.01124		0.55103
	1920.00000000		7.37116		0.56558
	1925.00000000		7.34543		0.42390
	1930.00000000		6.96685		0.21940
	1935.00000000		6.78390		0.13847
	1940.00000000		7.04809		0.21603
	1945.00000000		7.37312		0.30753
	1950.00000000		7.23406		0.30272
	1955.00000000		6.89909		0.24100
	1960.00000000		7.01426		0.21688
	1965.00000000		7.45546		0.27739
	1970.00000000		7.68148		0.39139
	1975.00000000		7.71456		0.44941
	1980.00000000		7.60229		0.42295
	1985.00000000		7.45291		0.37594
	1990.00000000		7.30022		0.35162
	1995.00000000		7.22403		0.37112
	2000.00000000		7.23046		0.38907
	2005.00000000		7.30742		0.36354
	2010.00000000		7.26584		0.30205
	2015.00000000		7.16923		0.30853
	2020.00000000		7.20425		0.40413
	2025.00000000		7.36517		0.51340
	2030.00000000		7.44465		0.55556
	2035.00000000		7.36113		0.49630
	2040.00000000		7.13250		0.41666
	2045.00000000		7.06368		0.43233
	2050.00000000		7.24647		0.55057
	2055.00000000		7.34872		0.64851
	2060.00000000		7.20168		0.62755
	2065.00000000		6.98979		0.50727
	2070.00000000		7.00448		0.47864
	2075.00000000		7.21404		0.57563
	2080.00000000		7.30361		0.66440
	2085.00000000		7.08063		0.65984
	2090.00000000		6.75795		0.56328
	2095.00000000		6.51396		0.49642
	2100.00000000		6.33270		0.58571
	2105.00000000		6.28707		0.69693
	2110.00000000		6.39151		0.70925
	2115.00000000		6.55475		0.62173
	2120.00000000		6.67319		0.48151
	2125.00000000		6.65003		0.47184
	2130.00000000		6.49614		0.57990
	2135.00000000		6.39747		0.65796
	2140.00000000		6.49526		0.59423
	2145.00000000		6.69423		0.46079
	2150.00000000		6.88586		0.38321
	2155.00000000		6.86070		0.40178
	2160.00000000		6.73896		0.46005
	2165.00000000		6.67680		0.46994
	2170.00000000		6.77697		0.42512
	2175.00000000		7.10832		0.38699
	2180.00000000		7.25460		0.42625
	2185.00000000		7.08122		0.46689
	2190.00000000		6.96999		0.45695
	2195.00000000		7.24897		0.37621
	2200.00000000		7.43199		0.32381
	2205.00000000		7.18864		0.36691
	2210.00000000		6.87173		0.45979
	2215.00000000		6.97594		0.50786
	2220.00000000		7.30175		0.46842
	2225.00000000		7.38380		0.37981
	2230.00000000		7.05904		0.33524
	2235.00000000		6.87203		0.38630
	2240.00000000		7.06467		0.43833
	2245.00000000		7.25860		0.43505
	2250.00000000		7.12412		0.31163
	2255.00000000		6.82520		0.24580
	2260.00000000		6.80304		0.31402
	2265.00000000		6.99449		0.42694
	2270.00000000		7.29792		0.49740
	2275.00000000		7.22858		0.44077
	2280.00000000		6.85140		0.31528
	2285.00000000		6.51994		0.21139
	2290.00000000		6.39416		0.27328
	2295.00000000		6.57186		0.42970
	2300.00000000		6.68453		0.52607
	2305.00000000		6.81461		0.50783
	2310.00000000		6.83266		0.42277
	2315.00000000		6.74651		0.34062
	2320.00000000		6.41830		0.31501
	2325.00000000		6.01721		0.35182
	2330.00000000		5.98593		0.38490
	2335.00000000		6.29094		0.35380
	2340.00000000		6.49532		0.27593
	2345.00000000		6.16122		0.16659
	2350.00000000		5.65308		0.14449
	2355.00000000		5.47327		0.21360
	2360.00000000		5.78636		0.26628
	2365.00000000		6.17276		0.29569
	2370.00000000		5.92813		0.22431
	2375.00000000		5.48313		0.14896
	2380.00000000		5.37846		0.11895
	2385.00000000		5.70874		0.14062
	2390.00000000		6.11986		0.19980
	2395.00000000		6.04279		0.20078
	2400.00000000		5.58560		0.16687
	2405.00000000		5.37784		0.13612
	2410.00000000		5.39966		0.12336
	2415.00000000		5.66461		0.13283
	2420.00000000		5.88878		0.16354
	2425.00000000		5.98386		0.18858
	2430.00000000		5.91647		0.15166
	2435.00000000		5.81136		0.05468
	2440.00000000		5.87578		-0.03100
	2445.00000000		5.99367		-0.00964
	2450.00000000		6.17753		0.10603
	2455.00000000		6.25442		0.20676
	2460.00000000		6.27901		0.19041
	2465.00000000		6.27296		0.10168
	2470.00000000		6.36925		0.04088
	2475.00000000		6.47671		0.05843
	2480.00000000		6.56054		0.11313
	2485.00000000		6.68968		0.13691
	2490.00000000		6.85397		0.10622
	2495.00000000		6.99308		0.06979
	2500.00000000		6.92890		0.09554
	2505.00000000		6.85982		0.15319
	2510.00000000		6.97805		0.19113
	2515.00000000		7.22033		0.17851
	2520.00000000		7.26650		0.13099
	2525.00000000		7.04678		0.07308
	2530.00000000		6.92684		0.04424
	2535.00000000		7.16723		0.04569
	2540.00000000		7.38275		0.04369
	2545.00000000		7.27409		0.00726
	2550.00000000		6.90465		-0.01895
	2555.00000000		6.69140		0.01627
	2560.00000000		6.83513		0.05564
	2565.00000000		7.07297		0.03847
	2570.00000000		7.05328		-0.02691
	2575.00000000		6.89139		-0.07231
	2580.00000000		6.82872		-0.04808
	2585.00000000		6.87462		0.04030
	2590.00000000		6.92720		0.10474
	2595.00000000		6.85325		0.08166
	2600.00000000		6.82556		-0.02041
	2605.00000000		6.89436		-0.09907
	2610.00000000		6.95562		-0.06558
	2615.00000000		6.87236		0.06439
	2620.00000000		6.77995		0.16508
	2625.00000000		6.84389		0.14173
	2630.00000000		7.04782		0.05753
	2635.00000000		7.19109		0.01553
	2640.00000000		7.14369		0.05356
	2645.00000000		7.02722		0.11924
	2650.00000000		7.01920		0.16303
	2655.00000000		7.14678		0.16744
	2660.00000000		7.25787		0.16482
	2665.00000000		7.28343		0.17427
	2670.00000000		7.26990		0.17999
	2675.00000000		7.30082		0.15325
	2680.00000000		7.41573		0.12339
	2685.00000000		7.57628		0.13318
	2690.00000000		7.71766		0.17450
	2695.00000000		7.76569		0.19818
	2700.00000000		7.68844		0.16349
	2705.00000000		7.66432		0.11078
	2710.00000000		7.82046		0.08027
	2715.00000000		8.01233		0.10600
	2720.00000000		7.89197		0.14191
	2725.00000000		7.74500		0.14563
	2730.00000000		7.85520		0.11146
	2735.00000000		8.04337		0.07133
	2740.00000000		7.98126		0.06003
	2745.00000000		7.92018		0.06245
	2750.00000000		8.09495		0.05224
	2755.00000000		8.22342		0.02487
	2760.00000000		8.14248		0.01668
	2765.00000000		7.99589		0.02844
	2770.00000000		8.04778		0.02103
	2775.00000000		8.17299		-0.03677
	2780.00000000		8.16254		-0.09955
	2785.00000000		8.01308		-0.11148
	2790.00000000		7.91417		-0.04915
	2795.00000000		7.94038		0.04329
	2800.00000000		7.96326		0.08415
	2805.00000000		7.86274		0.05274
	2810.00000000		7.72950		-0.00492
	2815.00000000		7.64273		-0.02388
	2820.00000000		7.57430		0.00999
	2825.00000000		7.47470		0.06293
	2830.00000000		7.32859		0.09690
	2835.00000000		7.28368		0.12963
	2840.00000000		7.41076		0.16875
	2845.00000000		7.60172		0.19604
	2850.00000000		7.72800		0.18173
	2855.00000000		7.73691		0.11685
	2860.00000000		7.55703		0.07051
	2865.00000000		7.14956		0.10065
	2870.00000000		6.74626		0.21188
	2875.00000000		6.85419		0.28954
	2880.00000000		7.19091		0.26901
	2885.00000000		7.26162		0.18266
	2890.00000000		6.94919		0.10234
	2895.00000000		6.58400		0.11710
	2900.00000000		6.48864		0.21063
	2905.00000000		6.59348		0.29688
	2910.00000000		6.74025		0.32269
	2915.00000000		6.73403		0.28509
	2920.00000000		6.58132		0.19480
	2925.00000000		6.21966		0.13114
	2930.00000000		5.89122		0.17776
	2935.00000000		5.78131		0.33130
	2940.00000000		6.01785		0.41246
	2945.00000000		6.13036		0.33078
	2950.00000000		6.01047		0.16098
	2955.00000000		5.87903		0.04754
	2960.00000000		5.80299		0.11924
	2965.00000000		5.96183		0.32387
	2970.00000000		6.08560		0.44771
	2975.00000000		5.94676		0.34425
	2980.00000000		5.70242		0.12620
	2985.00000000		5.73343		0.01705
	2990.00000000		5.71317		0.12602
	2995.00000000		5.72895		0.32105
	3000.00000000		5.70120		0.42723
	3005.00000000		5.62815		0.34262
	3010.00000000		5.55791		0.16993
	3015.00000000		5.31451		0.12077
	3020.00000000		5.12876		0.27360
	3025.00000000		5.11954		0.47096
	3030.00000000		5.56940		0.50938
	3035.00000000		5.85960		0.43824
	3040.00000000		5.78941		0.33262
	3045.00000000		5.45668		0.31582
	3050.00000000		5.26865		0.38734
	3055.00000000		5.37418		0.42611
	3060.00000000		5.70791		0.40395
	3065.00000000		6.03068		0.40383
	3070.00000000		5.93677		0.40559
	3075.00000000		5.60484		0.39180
	3080.00000000		5.40087		0.37357
	3085.00000000		5.66011		0.34133
	3090.00000000		6.08327		0.35546
	3095.00000000		6.16026		0.37248
	3100.00000000		5.82435		0.38641
	3105.00000000		5.64819		0.44495
	3110.00000000		5.68989		0.51698
	3115.00000000		5.84217		0.54110
	3120.00000000		5.95233		0.50628
	3125.00000000		5.85395		0.45687
	3130.00000000		5.74290		0.47079
	3135.00000000		5.46709		0.57369
	3140.00000000		5.43876		0.61807
	3145.00000000		5.34195		0.55570
	3150.00000000		5.48388		0.49024
	3155.00000000		5.48114		0.54959
	3160.00000000		5.49360		0.65692
	3165.00000000		5.48104		0.68315
	3170.00000000		5.32441		0.59473
	3175.00000000		5.25690		0.46771
	3180.00000000		5.16891		0.46467
	3185.00000000		5.32872		0.57120
	3190.00000000		5.31869		0.65562
	3195.00000000		5.26577		0.62324
	3200.00000000		5.06834		0.53808
	3205.00000000		5.06596		0.51328
	3210.00000000		5.11788		0.60551
	3215.00000000		5.22556		0.75335
	3220.00000000		5.34807		0.86029
	3225.00000000		5.32523		0.83948
	3230.00000000		5.31653		0.75587
	3235.00000000		5.30274		0.76152
	3240.00000000		5.42913		0.87531
	3245.00000000		5.37957		0.97173
	3250.00000000		5.16851		0.95113
	3255.00000000		4.89377		0.90091
	3260.00000000		4.93331		0.91568
	3265.00000000		5.08651		0.96842
	3270.00000000		5.14149		0.96218
	3275.00000000		5.06309		0.89594
	3280.00000000		4.90537		0.86365
	3285.00000000		4.97014		0.92575
	3290.00000000		5.10829		0.98570
	3295.00000000		5.36845		0.95732
	3300.00000000		5.34599		0.85330
	3305.00000000		5.18643		0.72183
	3310.00000000		4.88069		0.65153
	3315.00000000		4.83798		0.68733
	3320.00000000		4.96745		0.72662
	3325.00000000		5.17596		0.67737
	3330.00000000		5.32829		0.60767
	3335.00000000		5.20931		0.59906
	3340.00000000		5.00961		0.65987
	3345.00000000		4.84432		0.70724
	3350.00000000		5.02801		0.67224
	3355.00000000		5.12372		0.61074
	3360.00000000		5.03824		0.61323
	3365.00000000		4.77738		0.73328
	3370.00000000		4.70581		0.84369
	3375.00000000		4.72149		0.84274
	3380.00000000		4.74066		0.74729
	3385.00000000		4.83717		0.68945
	3390.00000000		4.79732		0.78177
	3395.00000000		4.78136		0.96128
	3400.00000000		4.52257		1.07217
	3405.00000000		4.45016		1.02035
	3410.00000000		4.41517		0.89648
	3415.00000000		4.73845		0.90943
	3420.00000000		4.97831		1.02044
	3425.00000000		5.01346		1.05096
	3430.00000000		4.77367		0.94461
	3435.00000000		4.44043		0.76534
	3440.00000000		4.55497		0.65628
	3445.00000000		4.80665		0.68713
	3450.00000000		5.29459		0.72812
	3455.00000000		5.31148		0.67187
	3460.00000000		5.01113		0.53149
	3465.00000000		4.68697		0.41773
	3470.00000000		4.95062		0.41553
	3475.00000000		5.44405		0.52303
	3480.00000000		5.64978		0.59416
	3485.00000000		5.47111		0.56990
	3490.00000000		5.07750		0.48147
	3495.00000000		4.83191		0.38643
	3500.00000000		4.90990		0.33910
	3505.00000000		5.34993		0.39841
	3510.00000000		5.43293		0.45533
	3515.00000000		5.20673		0.41711
	3520.00000000		4.90160		0.36573
	3525.00000000		5.09753		0.37607
	3530.00000000		5.49052		0.47946
	3535.00000000		5.89640		0.63097
	3540.00000000		5.89420		0.69256
	3545.00000000		5.56023		0.60681
	3550.00000000		5.29466		0.51298
	3555.00000000		5.09576		0.50370
	3560.00000000		5.24431		0.58520
	3565.00000000		5.36968		0.67917
	3570.00000000		5.64540		0.73123
	3575.00000000		5.71188		0.72175
	3580.00000000		5.65489		0.69057
	3585.00000000		5.47951		0.70696
	3590.00000000		5.49279		0.75334
	3595.00000000		5.75596		0.76786
	3600.00000000		6.02883		0.73242
	3605.00000000		6.07081		0.69347
	3610.00000000		5.74930		0.68649
	3615.00000000		5.55423		0.77309
	3620.00000000		5.59320		0.85124
	3625.00000000		5.94093		0.82375
	3630.00000000		6.16693		0.76264
	3635.00000000		6.12953		0.75019
	3640.00000000		5.85885		0.79692
	3645.00000000		5.63689		0.82907
	3650.00000000		5.79089		0.79706
	3655.00000000		6.00941		0.77145
	3660.00000000		6.04967		0.81515
	3665.00000000		5.74973		0.90962
	3670.00000000		5.51386		0.97802
	3675.00000000		5.32942		0.91356
	3680.00000000		5.40950		0.81150
	3685.00000000		5.64054		0.83624
	3690.00000000		5.80679		0.94978
	3695.00000000		5.81326		0.99844
	3700.00000000		5.59927		0.92879
	3705.00000000		5.73133		0.78306
	3710.00000000		5.97455		0.73754
	3715.00000000		6.37805		0.84539
	3720.00000000		6.51658		0.93029
	3725.00000000		6.41210		0.89789
	3730.00000000		6.27826		0.81340
	3735.00000000		6.40379		0.80219
	3740.00000000		6.80377		0.86248
	3745.00000000		7.14973		0.89585
	3750.00000000		7.13528		0.79829
	3755.00000000		6.90327		0.70704
	3760.00000000		6.88084		0.81696
	3765.00000000		7.04054		0.95993
	3770.00000000		7.07219		0.96645
	3775.00000000		6.91096		0.83303
	3780.00000000		6.80262		0.78097
	3785.00000000		6.87488		0.89784
	3790.00000000		7.00926		0.99485
	3795.00000000		7.00290		0.98395
	3800.00000000		6.92312		0.89774
	3805.00000000		6.94855		0.83748
	3810.00000000		7.14319		0.88546
	3815.00000000		7.30016		0.94618
	3820.00000000		7.31424		0.94721
	3825.00000000		7.13616		0.89821
	3830.00000000		7.01056		0.83974
	3835.00000000		7.12879		0.85294
	3840.00000000		7.41362		0.89875
	3845.00000000		7.58061		0.91378
	3850.00000000		7.35701		0.87694
	3855.00000000		7.20044		0.86266
	3860.00000000		7.22010		0.89833
	3865.00000000		7.43015		0.95225
	3870.00000000		7.46090		0.94843
	3875.00000000		7.30263		0.89807
	3880.00000000		7.10716		0.91449
	3885.00000000		7.02516		1.01024
	3890.00000000		7.06957		1.09756
	3895.00000000		7.11500		1.10568
	3900.00000000		7.05151		1.04550
	3905.00000000		6.87261		0.99104
	3910.00000000		6.77918		1.02871
	3915.00000000		6.92297		1.08318
	3920.00000000		7.12028		1.11963
	3925.00000000		7.11587		1.09538
	3930.00000000		6.94695		1.03247
	3935.00000000		6.82780		1.04869
	3940.00000000		6.82875		1.12597
	3945.00000000		6.86324		1.16754
	3950.00000000		6.78002		1.12592
	3955.00000000		6.64185		1.05955
	3960.00000000		6.46590		1.08478
	3965.00000000		6.34744		1.20512
	3970.00000000		6.29342		1.28268
	3975.00000000		6.26420		1.24707
	3980.00000000		6.23089		1.15821
	3985.00000000		6.19439		1.12774
	3990.00000000		6.25530		1.17759
	3995.00000000		6.27961		1.23766
	4000.00000000		6.30521		1.27328
	4005.00000000		6.22410		1.24514
	4010.00000000		6.31989		1.18999
	4015.00000000		6.43118		1.15358
	4020.00000000		6.58853		1.14173
	4025.00000000		6.65980		1.13545
	4030.00000000		6.67366		1.13459
	4035.00000000		6.75718		1.15239
	4040.00000000		6.82550		1.17008
	4045.00000000		7.04459		1.17693
	4050.00000000		7.01887		1.15678
	4055.00000000		7.00062		1.14849
	4060.00000000		6.80296		1.17616
	4065.00000000		6.79123		1.22117
	4070.00000000		6.81305		1.23328
	4075.00000000		6.89418		1.20598
	4080.00000000		6.95539		1.20971
	4085.00000000		6.93918		1.26898
	4090.00000000		6.78729		1.30081
	4095.00000000		6.34701		1.27438
	4100.00000000		6.04662		1.21655
	4105.00000000		6.03219		1.14222
	4110.00000000		6.23509		1.14334
	4115.00000000		6.45612		1.18682
	4120.00000000		6.64748		1.20780
	4125.00000000		6.59473		1.15143
	4130.00000000		6.35021		1.06747
	4135.00000000		6.19229		0.99747
	4140.00000000		6.25477		0.95914
	4145.00000000		6.26215		0.95981
	4150.00000000		6.15277		0.98313
	4155.00000000		5.80263		1.03649
	4160.00000000		5.77115		1.06461
	4165.00000000		5.87633		1.03848
	4170.00000000		6.04767		0.97694
	4175.00000000		6.05721		0.90802
	4180.00000000		5.90082		0.92133
	4185.00000000		5.81895		1.01502
	4190.00000000		5.63463		1.03895
	4195.00000000		5.61630		0.95858
	4200.00000000		5.44847		0.88798
	4205.00000000		5.51450		0.95364
	4210.00000000		5.45004		1.05124
	4215.00000000		5.47995		1.02541
	4220.00000000		5.49800		0.86673
	4225.00000000		5.50767		0.83014
	4230.00000000		5.63722		0.99591
	4235.00000000		5.54384		1.13584
	4240.00000000		5.43626		1.14874
	4245.00000000		5.05968		1.00120
	4250.00000000		5.15447		0.87874
	4255.00000000		5.13535		0.91414
	4260.00000000		5.31181		0.98822
	4265.00000000		5.29351		1.02177
	4270.00000000		5.13273		0.94173
	4275.00000000		5.12127		0.75985
	4280.00000000		4.94331		0.68291
	4285.00000000		5.01112		0.73551
	4290.00000000		4.84847		0.77792
	4295.00000000		5.00229		0.70597
	4300.00000000		4.75907		0.59364
	4305.00000000		4.65741		0.62946
	4310.00000000		4.51277		0.76395
	4315.00000000		4.59683		0.75650
	4320.00000000		4.88391		0.61758
	4325.00000000		4.90756		0.51100
	4330.00000000		4.91867		0.48896
	4335.00000000		4.68321		0.54960
	4340.00000000		4.97612		0.58312
	4345.00000000		5.09867		0.52401
	4350.00000000		5.28428		0.42715
	4355.00000000		5.08069		0.31966
	4360.00000000		4.89169		0.35421
	4365.00000000		4.95322		0.50484
	4370.00000000		5.13552		0.55877
	4375.00000000		5.56343		0.52203
	4380.00000000		5.64013		0.47009
	4385.00000000		5.51684		0.47214
	4390.00000000		5.03939		0.58808
	4395.00000000		4.94447		0.71979
	4400.00000000		4.91932		0.72205
	4405.00000000		5.02754		0.64181
	4410.00000000		5.11298		0.54363
	4415.00000000		4.75893		0.50802
	4420.00000000		4.32665		0.60924
	4425.00000000		3.98311		0.75222
	4430.00000000		4.41183		0.61771
	4435.00000000		4.79739		0.59235
	4440.00000000		4.88758		0.66457
	4445.00000000		4.45140		0.79213
	4450.00000000		4.36286		0.77373
	4455.00000000		4.39351		0.57656
	4460.00000000		4.66525		0.57158
	4465.00000000		4.79557		0.75006
	4470.00000000		4.47323		0.84087
	4475.00000000		4.37672		0.75747
	4480.00000000		4.14954		0.53449
	4485.00000000		4.71065		0.50260
	4490.00000000		4.80544		0.68238
	4495.00000000		4.88365		0.85882
	4500.00000000		4.70125		0.96987
	4505.00000000		4.59406		0.77905
	4510.00000000		4.81136		0.47268
	4515.00000000		4.74073		0.44470
	4520.00000000		4.70853		0.67217
	4525.00000000		4.54519		0.83340
	4530.00000000		4.72761		0.70680
	4535.00000000		4.65734		0.46366
	4540.00000000		4.60671		0.32493
	4545.00000000		4.25460		0.37564
	4550.00000000		4.27028		0.50273
	4555.00000000		4.61583		0.51987
	4560.00000000		4.80171		0.42938
	4565.00000000		4.82982		0.24473
	4570.00000000		4.37716		0.14638
	4575.00000000		4.42478		0.25558
	4580.00000000		4.33913		0.37125
	4585.00000000		4.83440		0.30489
	4590.00000000		4.95090		0.11703
	4595.00000000		4.77598		0.04366
	4600.00000000		4.49321		0.14643
	4605.00000000		4.31259		0.15672
	4610.00000000		4.86314		0.02548
	4615.00000000		5.03371		0.01255
	4620.00000000		5.01475		0.07129
	4625.00000000		4.47134		0.02940
	4630.00000000		4.63427		-0.17630
	4635.00000000		4.74666		-0.22941
	4640.00000000		4.97055		-0.08826
	4645.00000000		4.97665		0.19203
	4650.00000000		4.69897		0.21806
	4655.00000000		4.82107		-0.06906
	4660.00000000		4.59813		-0.20416
	4665.00000000		4.83946		-0.01536
	4670.00000000		4.63415		0.20968
	4675.00000000		4.67027		0.10247
	4680.00000000		4.56060		-0.18163
	4685.00000000		4.45322		-0.18520
	4690.00000000		4.42349		0.09504
	4695.00000000		4.15646		0.24941
	4700.00000000		4.32671		0.04895
	4705.00000000		4.11952		-0.17052
	4710.00000000		4.39908		-0.11740
	4715.00000000		4.06956		0.04709
	4720.00000000		4.07688		-0.08122
	4725.00000000		3.97622		-0.56860
	4730.00000000		4.07598		-0.64695
	4735.00000000		4.49121		-0.45044
	4740.00000000		4.48572		-0.31087
	4745.00000000		4.60950		-0.34542
	4750.00000000		4.23612		-0.53773
	4755.00000000		4.48250		-0.57623
	4760.00000000		4.48547		-0.41741
	4765.00000000		4.69960		-0.27712
	4770.00000000		4.82834		-0.20402
	4775.00000000		4.69558		-0.30021
	4780.00000000		4.81006		-0.47926
	4785.00000000		4.59774		-0.51346
	4790.00000000		4.78629		-0.33105
	4795.00000000		4.68386		-0.16583
	4800.00000000		4.85066		-0.23053
	4805.00000000		4.85900		-0.56561
	4810.00000000		4.84267		-0.76309
	4815.00000000		4.83239		-0.69548
	4820.00000000		4.40825		-0.49564
	4825.00000000		4.57240		-0.39507
	4830.00000000		4.20151		-0.49519
	4835.00000000		4.39343		-0.51399
	4840.00000000		4.34779		-0.41482
	4845.00000000		4.27664		-0.30094
	4850.00000000		4.31127		-0.22636
	4855.00000000		4.06200		-0.20606
	4860.00000000		4.35027		-0.16427
	4865.00000000		4.00851		-0.06699
	4870.00000000		4.17462		-0.01186
	4875.00000000		3.85684		-0.06337
	4880.00000000		3.98148		-0.19662
	4885.00000000		4.10101		-0.24626
	4890.00000000		3.78676		-0.17487
	4895.00000000		3.79306		-0.06874
	4900.00000000		3.31073		-0.17284
	4905.00000000		3.64987		-0.44244
	4910.00000000		3.85340		-0.48872
	4915.00000000		3.76049		-0.33848
	4920.00000000		3.73558		0.12861
	4925.00000000		3.31927		0.09038
	4930.00000000		3.66141		-0.49374
	4935.00000000		3.76882		-0.61130
	4940.00000000		3.78454		-0.51659
	4945.00000000		3.46111		-0.13901
	4950.00000000		3.25721		0.08930
	4955.00000000		3.64548		-0.23134
	4960.00000000		3.82985		-0.40063
	4965.00000000		4.08578		-0.30176
	4970.00000000		3.84021		-0.06478
	4975.00000000		3.79548		-0.08424
	4980.00000000		3.80482		-0.41716
	4985.00000000		3.79829		-0.56801
	4990.00000000		4.00718		-0.51598
	4995.00000000		3.74195		-0.43671
	5000.00000000		3.87966		-0.48503
	5005.00000000		3.71989		-0.78558
	5010.00000000		3.99139		-0.98957
	5015.00000000		4.18418		-0.91886
	5020.00000000		4.11125		-0.76435
	5025.00000000		4.21047		-0.71824
	5030.00000000		4.00378		-0.85837
	5035.00000000		4.34254		-0.93798
	5040.00000000		4.26214		-0.79977
	5045.00000000		4.48065		-0.59166
	5050.00000000		4.32828		-0.56110
	5055.00000000		4.39357		-0.73045
	5060.00000000		4.50573		-0.95496
	5065.00000000		4.55371		-0.96952
	5070.00000000		4.56196		-0.80922
	5075.00000000		4.42056		-0.74399
	5080.00000000		4.51528		-0.91979
	5085.00000000		4.47682		-1.11614
	5090.00000000		4.61701		-1.18188
	5095.00000000		4.49625		-1.10518
	5100.00000000		4.54892		-0.96561
	5105.00000000		4.52664		-0.92649
	5110.00000000		4.84529		-1.01532
	5115.00000000		5.16426		-1.10137
	5120.00000000		5.26658		-1.04772
	5125.00000000		5.16199		-0.92967
	5130.00000000		5.04758		-0.91047
	5135.00000000		5.26142		-0.98428
	5140.00000000		5.36114		-0.98588
	5145.00000000		5.53747		-0.90157
	5150.00000000		5.43815		-0.84915
	5155.00000000		5.36948		-0.92269
	5160.00000000		5.29222		-1.05038
	5165.00000000		5.29763		-1.07002
	5170.00000000		5.21490		-0.98210
	5175.00000000		5.06665		-0.95347
	5180.00000000		5.02471		-1.10294
	5185.00000000		4.94527		-1.26408
	5190.00000000		4.99155		-1.30531
	5195.00000000		4.88489		-1.20521
	5200.00000000		4.86857		-1.07553
	5205.00000000		4.66039		-1.07164
	5210.00000000		4.62016		-1.20375
	5215.00000000		4.63413		-1.31733
	5220.00000000		4.63987		-1.24782
	5225.00000000		4.68567		-1.02802
	5230.00000000		4.56892		-0.91483
	5235.00000000		4.58936		-1.04914
	5240.00000000		4.51362		-1.15726
	5245.00000000		4.71979		-1.06190
	5250.00000000		4.78033		-0.92963
	5255.00000000		4.76532		-0.94576
	5260.00000000		4.61970		-1.11914
	5265.00000000		4.71271		-1.17469
	5270.00000000		4.90462		-1.06942
	5275.00000000		4.92070		-0.97583
	5280.00000000		4.88967		-0.99627
	5285.00000000		4.76377		-1.08181
	5290.00000000		5.06020		-1.11557
	5295.00000000		5.20629		-1.07029
	5300.00000000		5.41179		-0.97796
	5305.00000000		5.18351		-0.89439
	5310.00000000		5.19699		-0.88387
	5315.00000000		5.12357		-0.90072
	5320.00000000		5.37008		-0.92329
	5325.00000000		5.45763		-0.96460
	5330.00000000		5.27694		-1.00753
	5335.00000000		4.97653		-1.12356
	5340.00000000		4.68044		-1.14716
	5345.00000000		4.81674		-1.00502
	5350.00000000		4.75809		-0.98583
	5355.00000000		4.68176		-1.06640
	5360.00000000		4.22235		-1.21529
	5365.00000000		4.25936		-1.28243
	5370.00000000		4.02533		-1.19337
	5375.00000000		4.25557		-1.16092
	5380.00000000		4.31275		-1.22412
	5385.00000000		4.17848		-1.26470
	5390.00000000		4.05519		-1.28762
	5395.00000000		3.96092		-1.18511
	5400.00000000		4.39013		-1.06648
	5405.00000000		4.36178		-1.13694
	5410.00000000		4.27993		-1.30023
	5415.00000000		3.96953		-1.44616
	5420.00000000		4.17858		-1.29178
	5425.00000000		4.30706		-1.10633
	5430.00000000		4.32936		-1.21267
	5435.00000000		4.22354		-1.51316
	5440.00000000		4.14319		-1.57054
	5445.00000000		4.29231		-1.29334
	5450.00000000		4.26603		-1.04965
	5455.00000000		4.25740		-1.06362
	5460.00000000		3.94288		-1.28404
	5465.00000000		4.23473		-1.23821
	5470.00000000		4.39047		-1.03031
	5475.00000000		4.54659		-0.81295
	5480.00000000		4.41128		-0.73687
	5485.00000000		4.31487		-0.91431
	5490.00000000		4.47784		-1.11612
	5495.00000000		4.30800		-1.08640
	5500.00000000		4.30509		-0.85096
	5505.00000000		4.10123		-0.75370
	5510.00000000		4.31725		-1.05625
	5515.00000000		4.51334		-1.37004
	5520.00000000		4.63334		-1.41888
	5525.00000000		4.52155		-1.27387
	5530.00000000		4.32030		-1.11482
	5535.00000000		4.14381		-1.02929
	5540.00000000		4.04676		-1.10640
	5545.00000000		4.40529		-1.17150
	5550.00000000		4.54557		-1.17729
	5555.00000000		4.62103		-1.16423
	5560.00000000		4.35137		-1.17337
	5565.00000000		4.06195		-1.18151
	5570.00000000		3.77936		-1.12228
	5575.00000000		3.83401		-1.05294
	5580.00000000		4.18931		-1.11987
	5585.00000000		4.12577		-1.25088
	5590.00000000		3.90615		-1.37243
	5595.00000000		3.50813		-1.29748
	5600.00000000		3.63539		-0.99274
	5605.00000000		3.89759		-0.90709
	5610.00000000		4.00514		-1.12484
	5615.00000000		4.02584		-1.40482
	5620.00000000		3.91960		-1.39742
	5625.00000000		4.05468		-1.04907
	5630.00000000		4.21014		-0.77421
	5635.00000000		4.34857		-0.81633
	5640.00000000		4.26434		-1.02164
	5645.00000000		4.26441		-1.11735
	5650.00000000		4.24016		-1.00491
	5655.00000000		4.34619		-0.81710
	5660.00000000		4.53876		-0.75019
	5665.00000000		4.47593		-0.84179
	5670.00000000		4.46817		-0.96360
	5675.00000000		4.36494		-0.97093
	5680.00000000		4.55103		-0.84414
	5685.00000000		4.73241		-0.70791
	5690.00000000		4.90909		-0.69715
	5695.00000000		4.88166		-0.74402
	5700.00000000		4.78963		-0.74663
	5705.00000000		4.76721		-0.69259
	5710.00000000		4.75512		-0.69696
	5715.00000000		5.03330		-0.77243
	5720.00000000		5.09556		-0.77751
	5725.00000000		5.14500		-0.62533
	5730.00000000		4.87802		-0.41582
	5735.00000000		4.61466		-0.53469
	5740.00000000		4.36930		-0.92050
	5745.00000000		4.34654		-0.86483
	5750.00000000		4.56961		-0.59171
	5755.00000000		4.53223		-0.55614
	5760.00000000		4.32928		-0.73986
	5765.00000000		3.91577		-0.87080
	5770.00000000		3.75304		-0.65490
	5775.00000000		3.81646		-0.41503
	5780.00000000		3.94753		-0.36835
	5785.00000000		4.05881		-0.39359
	5790.00000000		3.77943		-0.45996
	5795.00000000		3.52273		-0.60019
	5800.00000000		3.30063		-0.83795
	5805.00000000		3.31157		-0.71086
	5810.00000000		3.58113		-0.42834
	5815.00000000		3.71971		-0.24301
	5820.00000000		3.82527		-0.04974
	5825.00000000		3.68166		0.09074
	5830.00000000		3.63152		0.10561
	5835.00000000		3.84588		-0.03861
	5840.00000000		4.05310		0.01063
	5845.00000000		4.37026		0.13921
	5850.00000000		4.33300		0.12612
	5855.00000000		4.05609		-0.16438
	5860.00000000		3.96367		-0.65727
	5865.00000000		3.78016		-0.51943
	5870.00000000		3.80959		-0.00400
	5875.00000000		3.82238		0.39390
	5880.00000000		3.73226		0.39028
	5885.00000000		3.57411		-0.01102
	5890.00000000		3.46440		-0.31938
	5895.00000000		3.47313		-0.07288
	5900.00000000		3.44456		0.31209
	5905.00000000		3.43284		0.45597
	5910.00000000		3.33681		0.30113
	5915.00000000		3.16577		0.02896
	5920.00000000		3.19678		-0.20059
	5925.00000000		3.36141		-0.19504
	5930.00000000		3.48927		0.08424
	5935.00000000		3.73596		0.36311
	5940.00000000		3.74264		0.45343
	5945.00000000		3.61814		0.32539
	5950.00000000		3.58808		-0.00464
	5955.00000000		3.66057		0.11546
	5960.00000000		3.85189		0.41150
	5965.00000000		3.97034		0.54082
	5970.00000000		3.77632		0.55305
	5975.00000000		3.51079		0.36227
	5980.00000000		3.49657		-0.33089
	5985.00000000		3.51777		-0.41114
	5990.00000000		3.55014		-0.12931
	5995.00000000		3.56136		0.22597
	6000.00000000		3.34959		0.32700
	6005.00000000		3.16843		0.16577
	6010.00000000		3.00205		-0.30605
	6015.00000000		3.01398		-0.36689
	6020.00000000		3.23056		-0.14691
	6025.00000000		3.19380		-0.05961
	6030.00000000		3.07160		-0.23435
	6035.00000000		3.05498		-0.73131
	6040.00000000		3.06474		-0.70818
	6045.00000000		3.22854		-0.30268
	6050.00000000		3.44082		-0.06620
	6055.00000000		3.42406		-0.00741
	6060.00000000		3.34682		-0.04333
	6065.00000000		3.34349		-0.11843
	6070.00000000		3.45177		-0.15301
	6075.00000000		3.72847		-0.12633
	6080.00000000		3.93214		-0.16622
	6085.00000000		4.05514		-0.30579
	6090.00000000		3.99408		-0.36346
	6095.00000000		3.93541		-0.05168
	6100.00000000		3.90986		0.32794
	6105.00000000		3.96253		0.28720
	6110.00000000		3.98935		0.01235
	6115.00000000		4.04131		-0.15260
	6120.00000000		4.05226		-0.06170
	6125.00000000		3.92673		0.14776
	6130.00000000		3.79337		0.26913
	6135.00000000		3.59889		0.13911
	6140.00000000		3.62836		0.02132
	6145.00000000		3.62144		0.12452
	6150.00000000		3.61785		0.33612
	6155.00000000		3.42344		0.51816
	6160.00000000		3.19827		0.54131
	6165.00000000		3.22058		0.25936
	6170.00000000		3.30405		0.20286
	6175.00000000		3.54585		0.44530
	6180.00000000		3.68419		0.71795
	6185.00000000		3.66310		0.90559
	6190.00000000		3.62321		0.96736
	6195.00000000		3.59775		0.85453
	6200.00000000		3.77109		0.84229
	6205.00000000		3.96907		0.98801
	6210.00000000		3.98920		1.10653
	6215.00000000		3.79937		1.17113
	6220.00000000		3.59210		1.13260
	6225.00000000		3.54632		0.99481
	6230.00000000		3.55720		1.07826
	6235.00000000		3.71304		1.28904
	6240.00000000		3.77309		1.41342
	6245.00000000		3.78602		1.38288
	6250.00000000		3.78244		1.21378
	6255.00000000		3.79847		1.07329
	6260.00000000		3.80831		0.98554
	6265.00000000		3.68836		0.88372
	6270.00000000		3.68629		0.79643
	6275.00000000		3.69901		0.81034
	6280.00000000		3.84253		0.89866
	6285.00000000		3.98532		0.92755
	6290.00000000		4.06004		0.83839
	6295.00000000		4.12633		0.67168
	6300.00000000		4.11388		0.59210
	6305.00000000		4.19418		0.63223
	6310.00000000		4.21635		0.66136
	6315.00000000		4.25486		0.56090
	6320.00000000		4.17819		0.30717
	6325.00000000		4.05673		0.06674
	6330.00000000		3.91976		0.08513
	6335.00000000		3.79774		0.33832
	6340.00000000		3.89831		0.42547
	6345.00000000		3.93371		0.23951
	6350.00000000		4.01298		-0.05103
	6355.00000000		3.99019		-0.20568
	6360.00000000		3.92777		-0.11364
	6365.00000000		3.94563		0.08530
	6370.00000000		3.95670		0.04243
	6375.00000000		4.08707		-0.25095
	6380.00000000		4.17051		-0.48390
	6385.00000000		4.11107		-0.47455
	6390.00000000		3.91360		-0.31209
	6395.00000000		3.77812		-0.22499
	6400.00000000		3.72221		-0.30009
	6405.00000000		3.69677		-0.52697
	6410.00000000		3.77140		-0.82191
	6415.00000000		3.74706		-0.90611
	6420.00000000		3.66773		-0.75534
	6425.00000000		3.61440		-0.68009
	6430.00000000		3.58905		-0.78798
	6435.00000000		3.63743		-0.88730
	6440.00000000		3.63631		-0.87838
	6445.00000000		3.73432		-0.81052
	6450.00000000		3.87731		-0.76244
	6455.00000000		4.10420		-0.70339
	6460.00000000		4.29531		-0.52600
	6465.00000000		4.36711		-0.35909
	6470.00000000		4.23168		-0.41059
	6475.00000000		4.03895		-0.60779
	6480.00000000		4.02186		-0.66658
	6485.00000000		4.15942		-0.46136
	6490.00000000		4.52717		-0.30626
	6495.00000000		4.70291		-0.42109
	6500.00000000		4.57526		-0.65547
	6505.00000000		4.32207		-0.73995
	6510.00000000		4.14746		-0.43619
	6515.00000000		4.25601		-0.14837
	6520.00000000		4.33875		-0.31723
	6525.00000000		4.39842		-0.63855
	6530.00000000		4.54703		-0.65948
	6535.00000000		4.52148		-0.39389
	6540.00000000		4.48798		-0.14269
	6545.00000000		4.30801		-0.11230
	6550.00000000		4.30613		-0.29214
	6555.00000000		4.49314		-0.40548
	6560.00000000		4.61704		-0.31363
	6565.00000000		4.55944		-0.16653
	6570.00000000		4.21577		-0.08338
	6575.00000000		4.07545		-0.18422
	6580.00000000		3.98374		-0.37650
	6585.00000000		4.16159		-0.35794
	6590.00000000		4.14472		-0.26543
	6595.00000000		3.98905		-0.24282
	6600.00000000		3.76272		-0.19941
	6605.00000000		3.68005		0.08181
	6610.00000000		3.74384		0.21943
	6615.00000000		3.64518		0.02586
	6620.00000000		3.59533		-0.21697
	6625.00000000		3.32306		-0.36912
	6630.00000000		3.19389		-0.34085
	6635.00000000		3.13629		-0.16499
	6640.00000000		3.14945		-0.11605
	6645.00000000		3.34346		-0.17488
	6650.00000000		3.26560		-0.25635
	6655.00000000		3.24885		-0.21167
	6660.00000000		3.12900		-0.07690
	6665.00000000		3.00571		0.03137
	6670.00000000		3.01404		0.11905
	6675.00000000		2.94596		0.13830
	6680.00000000		2.93860		0.08402
	6685.00000000		3.10830		0.01276
	6690.00000000		3.16652		-0.13568
	6695.00000000		3.19748		-0.34937
	6700.00000000		3.29229		-0.52128
	6705.00000000		3.29036		-0.28489
	6710.00000000		3.53781		0.23547
	6715.00000000		3.68061		0.42655
	6720.00000000		3.75960		0.22697
	6725.00000000		3.74370		-0.16209
	6730.00000000		3.82527		-0.20028
	6735.00000000		4.13509		0.18916
	6740.00000000		4.37673		0.44710
	6745.00000000		4.48062		0.35706
	6750.00000000		4.31203		0.03865
	6755.00000000		4.46636		-0.19573
	6760.00000000		4.50097		-0.19134
	6765.00000000		4.69746		0.05547
	6770.00000000		4.64812		0.29880
	6775.00000000		4.51853		0.22491
	6780.00000000		4.50980		-0.04575
	6785.00000000		4.68866		-0.15353
	6790.00000000		5.04440		-0.04244
	6795.00000000		5.11586		0.12790
	6800.00000000		5.04857		0.20272
	6805.00000000		4.74533		0.20019
	6810.00000000		4.79307		0.15863
	6815.00000000		4.83965		0.09700
	6820.00000000		4.91466		0.04516
	6825.00000000		4.71952		0.01967
	6830.00000000		4.52250		0.12083
	6835.00000000		4.43882		0.33068
	6840.00000000		4.28273		0.43653
	6845.00000000		4.18702		0.41053
	6850.00000000		3.88775		0.25275
	6855.00000000		3.94929		0.08910
	6860.00000000		3.81679		0.16700
	6865.00000000		3.87831		0.50230
	6870.00000000		3.76961		0.81930
	6875.00000000		3.43941		0.77642
	6880.00000000		3.35277		0.33608
	6885.00000000		3.18750		0.49402
	6890.00000000		3.38395		1.00963
	6895.00000000		3.56084		1.24263
	6900.00000000		3.35607		1.13493
	6905.00000000		3.18168		0.59778
	6910.00000000		2.90458		0.23452
	6915.00000000		2.46053		0.55007
	6920.00000000		2.02946		0.76674
	6925.00000000		2.29210		0.54236
	6930.00000000		2.45652		0.38631
	6935.00000000		2.13017		0.72337
	6940.00000000		2.14167		1.15269
	6945.00000000		2.44115		1.08102
	6950.00000000		2.49553		0.54302
	6955.00000000		2.56792		-0.60184
	6960.00000000		2.45562		-0.81028
	6965.00000000		2.06100		0.48162
	6970.00000000		2.24796		0.31950
	6975.00000000		2.49797		-0.02814
	6980.00000000		2.48029		-0.25067
	6985.00000000		2.27248		0.53702
	6990.00000000		2.25024		0.78363
	6995.00000000		2.43905		0.61660
	7000.00000000		2.41478		0.17469
	7005.00000000		2.12416		-0.78652
	7010.00000000		2.11969		-0.34635
	7015.00000000		2.42666		0.04204
	7020.00000000		2.36280		-0.00531
	7025.00000000		2.11109		-0.66440
	7030.00000000		2.18865		-0.86465
	7035.00000000		2.23877		0.03278
	7040.00000000		2.05633		0.74132
	7045.00000000		2.11787		0.93979
	7050.00000000		2.08649		0.79565
	7055.00000000		2.06274		0.37633
	7060.00000000		2.11878		0.42267
	7065.00000000		2.05416		0.63344
	7070.00000000		2.10010		0.78923
	7075.00000000		2.04439		0.83801
	7080.00000000		2.06894		0.77779
	7085.00000000		2.07423		0.70052
	7090.00000000		2.11543		0.69750
	7095.00000000		2.06793		0.76395
	7100.00000000		2.06152		0.88101
	7105.00000000		2.05911		0.99112
	7110.00000000		2.06548		1.00508
	7115.00000000		2.08123		0.93129
	7120.00000000		2.08703		0.79832
	7125.00000000		2.08185		0.70547
	7130.00000000		2.04462		0.78282
	7135.00000000		2.12795		0.93599
	7140.00000000		2.03218		1.02507
	7145.00000000		2.09470		1.04639
	7150.00000000		2.04113		1.06403
	7155.00000000		2.06971		1.13330
	7160.00000000		2.13234		1.20311
	7165.00000000		2.02508		1.23831
	7170.00000000		2.11268		1.26330
	7175.00000000		2.00219		1.26063
	7180.00000000		2.13336		1.24219
	7185.00000000		2.03136		1.21262
	7190.00000000		2.09123		1.18094
	7195.00000000		2.09439		1.14930
	7200.00000000		1.99683		1.11813
	7205.00000000		2.18517		1.09640
	7210.00000000		2.01490		1.07353
	7215.00000000		2.12025		1.05298
	7220.00000000		2.07295		1.08622
	7225.00000000		2.02736		1.20766
	7230.00000000		2.14230		1.31729
	7235.00000000		1.97602		1.29067
	7240.00000000		2.22541		1.15674
	7245.00000000		1.99019		1.07604
	7250.00000000		2.12113		1.13261
	7255.00000000		2.17166		1.28710
	7260.00000000		1.97705		1.41610
	7265.00000000		2.21546		1.38941
	7270.00000000		1.92879		1.30550
	7275.00000000		2.21167		1.29187
	7280.00000000		2.03950		1.35718
	7285.00000000		2.09515		1.38507
	7290.00000000		2.14709		1.31425
	7295.00000000		1.95467		1.23536
	7300.00000000		2.22479		1.18555
	7305.00000000		1.99629		1.11117
	7310.00000000		2.13934		0.97933
	7315.00000000		2.13448		0.94063
	7320.00000000		1.97968		1.06466
	7325.00000000		2.22610		1.17023
	7330.00000000		1.97763		1.17371
	7335.00000000		2.14579		1.06027
	7340.00000000		2.17228		0.99978
	7345.00000000		1.94401		1.09426
	7350.00000000		2.26955		1.24863
	7355.00000000		1.99077		1.34681
	7360.00000000		2.11765		1.34396
	7365.00000000		2.15600		1.29430
	7370.00000000		1.95543		1.25243
	7375.00000000		2.28313		1.25664
	7380.00000000		1.96405		1.30816
	7385.00000000		2.15664		1.38146
	7390.00000000		2.10042		1.46989
	7395.00000000		2.02616		1.54406
	7400.00000000		2.18939		1.48842
	7405.00000000		1.94895		1.32107
	7410.00000000		2.25496		1.22594
	7415.00000000		1.99690		1.31632
	7420.00000000		2.12895		1.50303
	7425.00000000		2.12655		1.54595
	7430.00000000		1.99249		1.42600
	7435.00000000		2.25126		1.32476
	7440.00000000		1.92166		1.37560
	7445.00000000		2.20678		1.48030
	7450.00000000		2.04113		1.52325
	7455.00000000		2.06907		1.51902
	7460.00000000		2.16932		1.57731
	7465.00000000		1.96335		1.73435
	7470.00000000		2.23349		1.79364
	7475.00000000		1.90681		1.78138
	7480.00000000		2.23130		1.73084
	7485.00000000		1.95410		1.79624
	7490.00000000		2.19802		1.85790
	7495.00000000		2.06471		1.82220
	7500.00000000		2.06993		1.69699
	7505.00000000		2.18290		1.69000
	7510.00000000		1.95112		1.82326
	7515.00000000		2.25261		1.82594
	7520.00000000		1.88109		1.74633
	7525.00000000		2.25958		1.64774
	7530.00000000		1.92797		1.78880
	7535.00000000		2.20759		1.97096
	7540.00000000		2.03270		2.00630
	7545.00000000		2.11588		1.80499
	7550.00000000		2.20072		1.62827
	7555.00000000		1.93593		1.58718
	7560.00000000		2.31152		1.63369
	7565.00000000		1.88242		1.71221
	7570.00000000		2.23750		1.68630
	7575.00000000		1.96945		1.71691
	7580.00000000		2.15337		1.73168
	7585.00000000		2.10457		1.72328
	7590.00000000		2.04020		1.60445
	7595.00000000		2.26757		1.47465
	7600.00000000		1.87969		1.40120
	7605.00000000		2.32044		1.41767
	7610.00000000		1.96840		1.49114
	7615.00000000		2.16092		1.51837
	7620.00000000		2.14280		1.54441
	7625.00000000		1.98337		1.59484
	7630.00000000		2.24016		1.57656
	7635.00000000		1.87909		1.46751
	7640.00000000		2.32166		1.32657
	7645.00000000		1.89178		1.28937
	7650.00000000		2.23288		1.33170
	7655.00000000		2.03469		1.38908
	7660.00000000		2.08919		1.39309
	7665.00000000		2.15029		1.37755
	7670.00000000		1.95693		1.39496
	7675.00000000		2.26382		1.44395
	7680.00000000		1.84694		1.55594
	7685.00000000		2.25289		1.65259
	7690.00000000		1.83516		1.77477
	7695.00000000		2.20913		1.79392
	7700.00000000		1.87829		1.71012
	7705.00000000		2.25957		1.53150
	7710.00000000		1.86391		1.33662
	7715.00000000		2.33719		1.31214
	7720.00000000		1.90033		1.40979
	7725.00000000		2.22371		1.49327
	7730.00000000		2.05701		1.41868
	7735.00000000		2.06175		1.24716
	7740.00000000		2.30550		1.20422
	7745.00000000		1.86682		1.27454
	7750.00000000		2.27123		1.32771
	7755.00000000		2.03417		1.31242
	7760.00000000		2.06567		1.28665
	7765.00000000		2.24283		1.27053
	7770.00000000		1.87899		1.20783
	7775.00000000		2.32951		1.09414
	7780.00000000		2.08454		1.04397
	7785.00000000		2.01679		1.08022
	7790.00000000		2.31012		1.15239
	7795.00000000		1.90757		1.14004
	7800.00000000		2.22663		0.97491
	7805.00000000		2.23026		0.83107
	7810.00000000		1.92086		0.84414
	7815.00000000		2.36646		0.92163
	7820.00000000		1.91806		0.94579
	7825.00000000		2.22042		0.82402
	7830.00000000		2.13977		0.73137
	7835.00000000		2.00476		0.78948
	7840.00000000		2.34274		0.87667
	7845.00000000		1.86615		0.90054
	7850.00000000		2.29868		0.74755
	7855.00000000		2.03755		0.64387
	7860.00000000		2.11976		0.67490
	7865.00000000		2.28922		0.79151
	7870.00000000		1.85882		0.88378
	7875.00000000		2.41184		0.78851
	7880.00000000		1.94832		0.68214
	7885.00000000		2.21517		0.63430
	7890.00000000		2.23281		0.72084
	7895.00000000		1.92984		0.86381
	7900.00000000		2.35235		0.87458
	7905.00000000		1.85269		0.85843
	7910.00000000		2.26909		0.84212
	7915.00000000		2.11063		0.88133
	7920.00000000		2.03574		0.83687
	7925.00000000		2.36586		0.74103
	7930.00000000		1.82709		0.71724
	7935.00000000		2.34241		0.76230
	7940.00000000		2.04745		0.83292
	7945.00000000		2.09903		0.78868
	7950.00000000		2.29998		0.68119
	7955.00000000		1.86020		0.64779
	7960.00000000		2.33179		0.70500
	7965.00000000		1.96248		0.76329
	7970.00000000		2.18634		0.69071
	7975.00000000		2.21190		0.59529
	7980.00000000		1.92498		0.63629
	7985.00000000		2.34211		0.78031
	7990.00000000		1.93438		0.95292
	7995.00000000		2.17733		0.93325
	8000.00000000		2.25899		0.79514
	8005.00000000		1.88396		0.69299
	8010.00000000		2.32580		0.77668
	8015.00000000		2.04561		0.98308
	8020.00000000		2.06187		1.09802
	8025.00000000		2.27218		1.05784
	8030.00000000		1.90639		1.06100
	8035.00000000		2.18968		1.17851
	8040.00000000		2.19574		1.29763
	8045.00000000		1.94856		1.31238
	8050.00000000		2.26602		1.22614
	8055.00000000		1.95889		1.18705
	8060.00000000		2.14528		1.20449
	8065.00000000		2.27572		1.18862
	8070.00000000		1.91131		1.09424
	8075.00000000		2.23204		0.96446
	8080.00000000		2.10596		0.96404
	8085.00000000		2.00048		1.03585
	8090.00000000		2.30267		1.03171
	8095.00000000		2.05946		0.97301
	8100.00000000		2.03601		0.93866
	8105.00000000		2.17871		1.00535
	8110.00000000		2.11444		1.10073
	8115.00000000		2.03251		1.11305
	8120.00000000		2.10703		1.03869
	8125.00000000		2.12871		1.01587
	8130.00000000		1.98063		1.09945
	8135.00000000		2.13073		1.19164
	8140.00000000		2.15325		1.13305
	8145.00000000		2.00333		0.96938
	8150.00000000		2.10428		0.88173
	8155.00000000		2.11488		0.95254
	8160.00000000		2.06779		1.01461
	8165.00000000		2.11336		0.93779
	8170.00000000		2.09853		0.80207
	8175.00000000		1.99694		0.74751
	8180.00000000		2.11680		0.78826
	8185.00000000		2.13577		0.78248
	8190.00000000		2.02952		0.68978
	8195.00000000		2.09291		0.61348
	8200.00000000		2.02709		0.66875
	8205.00000000		2.06687		0.76025
	8210.00000000		2.11439		0.73234
	8215.00000000		2.06963		0.52353
	8220.00000000		2.07132		0.38272
	8225.00000000		2.05040		0.56164
	8230.00000000		2.13771		0.78777
	8235.00000000		2.03692		0.75688
	8240.00000000		2.09452		0.46613
	8245.00000000		2.05958		0.30225
	8250.00000000		2.04973		0.41265
	8255.00000000		2.15887		0.51379
	8260.00000000		2.01054		0.32723
	8265.00000000		2.12520		0.11653
	8270.00000000		1.99465		0.19518
	8275.00000000		2.15647		0.36059
	8280.00000000		1.99507		0.29259
	8285.00000000		2.16606		0.03955
	8290.00000000		1.96921		-0.04632
	8295.00000000		2.15638		0.12867
	8300.00000000		2.03879		0.23701
	8305.00000000		2.08845		0.07903
	8310.00000000		2.08448		-0.13245
	8315.00000000		2.02564		-0.15965
	8320.00000000		2.14018		-0.01203
	8325.00000000		1.99155		0.01648
	8330.00000000		2.20360		-0.18995
	8335.00000000		1.95495		-0.45739
	8340.00000000		2.16932		-0.45468
	8345.00000000		2.01330		-0.21393
	8350.00000000		2.12066		-0.08319
	8355.00000000		2.04093		-0.21387
	8360.00000000		2.06943		-0.40754
	8365.00000000		2.07113		-0.41071
	8370.00000000		2.05646		-0.32914
	8375.00000000		2.14112		-0.39096
	8380.00000000		2.02855		-0.62780
	8385.00000000		2.10666		-0.77299
	8390.00000000		2.02892		-0.67966
	8395.00000000		2.14636		-0.50718
	8400.00000000		2.03198		-0.48627
	8405.00000000		2.09414		-0.52647
	8410.00000000		2.05223		-0.43162
	8415.00000000		2.07838		-0.23550
	8420.00000000		2.08723		-0.19673
	8425.00000000		2.06036		-0.49152
	8430.00000000		2.13614		-0.70037
	8435.00000000		2.00045		-0.62765
	8440.00000000		2.20352		-0.41313
	8445.00000000		2.00660		-0.35798
	8450.00000000		2.11907		-0.52743
	8455.00000000		2.05133		-0.62885
	8460.00000000		2.06524		-0.55947
	8465.00000000		2.16952		-0.52263
	8470.00000000		2.01082		-0.68436
	8475.00000000		2.16068		-0.86877
	8480.00000000		1.97276		-0.77478
	8485.00000000		2.16934		-0.48935
	8490.00000000		2.03523		-0.39830
	8495.00000000		2.08899		-0.58080
	8500.00000000		2.14180		-0.82706
	8505.00000000		1.98404		-0.96305
	8510.00000000		2.21165		-0.93953
	8515.00000000		1.97262		-0.91958
	8520.00000000		2.20291		-0.96370
	8525.00000000		2.00650		-0.97731
	8530.00000000		2.11282		-0.84146
	8535.00000000		2.11073		-0.70460
	8540.00000000		2.01267		-0.70023
	8545.00000000		2.22594		-0.83316
	8550.00000000		1.94143		-0.94401
	8555.00000000		2.23359		-0.92044
	8560.00000000		1.99486		-0.81233
	8565.00000000		2.13890		-0.76892
	8570.00000000		2.10421		-0.83539
	8575.00000000		2.01946		-0.83874
	8580.00000000		2.21362		-0.76137
	8585.00000000		1.93890		-0.71694
	8590.00000000		2.23155		-0.82626
	8595.00000000		1.98539		-0.99653
	8600.00000000		2.13724		-1.07692
	8605.00000000		2.12339		-1.04204
	8610.00000000		2.02398		-1.03305
	8615.00000000		2.25240		-1.12327
	8620.00000000		1.93658		-1.22584
	8625.00000000		2.20636		-1.17641
	8630.00000000		2.03268		-1.01236
	8635.00000000		2.10686		-0.87670
	8640.00000000		2.14065		-0.92695
	8645.00000000		1.99031		-1.11753
	8650.00000000		2.17156		-1.19643
	8655.00000000		1.97371		-1.11178
	8660.00000000		2.18586		-1.03133
	8665.00000000		2.07906		-1.06847
	8670.00000000		2.05865		-1.17450
	8675.00000000		2.14935		-1.24623
	8680.00000000		1.99349		-1.27500
	8685.00000000		2.19456		-1.26459
	8690.00000000		1.97109		-1.26636
	8695.00000000		2.14506		-1.20873
	8700.00000000		2.05120		-1.13958
	8705.00000000		2.07242		-1.11911
	8710.00000000		2.14240		-1.23272
	8715.00000000		1.98973		-1.39310
	8720.00000000		2.18730		-1.45494
	8725.00000000		1.97186		-1.47019
	8730.00000000		2.18785		-1.51737
	8735.00000000		2.02803		-1.65198
	8740.00000000		2.09680		-1.72417
	8745.00000000		2.08954		-1.62302
	8750.00000000		2.02682		-1.44562
	8755.00000000		2.14562		-1.41296
	8760.00000000		1.98600		-1.56664
	8765.00000000		2.14986		-1.68967
	8770.00000000		1.95953		-1.68608
	8775.00000000		2.17545		-1.57735
	8780.00000000		1.99494		-1.56714
	8785.00000000		2.11547		-1.64681
	8790.00000000		2.03728		-1.72657
	8795.00000000		2.07020		-1.70525
	8800.00000000		2.10398		-1.66349
	8805.00000000		2.00233		-1.67113
	8810.00000000		2.15924		-1.69243
	8815.00000000		1.94556		-1.67242
	8820.00000000		2.19881		-1.54070
	8825.00000000		1.93366		-1.39851
	8830.00000000		2.16779		-1.31503
	8835.00000000		2.03545		-1.35930
	8840.00000000		2.06046		-1.44872
	8845.00000000		2.11840		-1.46259
	8850.00000000		1.99649		-1.42135
	8855.00000000		2.17465		-1.38957
	8860.00000000		1.93128		-1.39289
	8865.00000000		2.16275		-1.37985
	8870.00000000		1.94979		-1.37737
	8875.00000000		2.13945		-1.41761
	8880.00000000		2.10102		-1.48161
	8885.00000000		2.00388		-1.51190
	8890.00000000		2.16810		-1.46331
	8895.00000000		1.94950		-1.42502
	8900.00000000		2.15612		-1.41159
	8905.00000000		1.97262		-1.41853
	8910.00000000		2.10809		-1.37022
	8915.00000000		2.08762		-1.28662
	8920.00000000		2.00954		-1.24111
	8925.00000000		2.15315		-1.26378
	8930.00000000		1.94249		-1.28723
	8935.00000000		2.14177		-1.23865
	8940.00000000		2.02811		-1.17632
	8945.00000000		2.08977		-1.22202
	8950.00000000		2.19112		-1.37926
	8955.00000000		1.92914		-1.51371
	8960.00000000		2.19403		-1.48153
	8965.00000000		2.07330		-1.35230
	8970.00000000		2.02651		-1.24044
	8975.00000000		2.18147		-1.29270
	8980.00000000		1.92599		-1.43681
	8985.00000000		2.17542		-1.47025
	8990.00000000		2.05122		-1.35846
	8995.00000000		2.05386		-1.19548
	9000.00000000		2.15677		-1.15529
	9005.00000000		1.92663		-1.23284
	9010.00000000		2.16354		-1.32406
	9015.00000000		1.99817		-1.36259
	9020.00000000		2.10513		-1.32705
	9025.00000000		2.16897		-1.25003
	9030.00000000		1.94659		-1.17456
	9035.00000000		2.22708		-1.11943
	9040.00000000		2.04647		-1.05015
	9045.00000000		2.06280		-0.92056
	9050.00000000		2.24405		-0.81454
	9055.00000000		1.91415		-0.68804
	9060.00000000		2.25290		-0.59235
	9065.00000000		2.02271		-0.59915
	9070.00000000		2.09454		-0.64709
	9075.00000000		2.19392		-0.59338
	9080.00000000		1.94107		-0.47179
	9085.00000000		2.25163		-0.42586
	9090.00000000		1.96036		-0.47630
	9095.00000000		2.17816		-0.55865
	9100.00000000		2.12472		-0.45327
	9105.00000000		2.00592		-0.21515
	9110.00000000		2.19921		-0.02927
	9115.00000000		1.93993		0.05427
	9120.00000000		2.18320		0.09102
	9125.00000000		1.96630		0.13215
	9130.00000000		2.15858		0.14592
	9135.00000000		2.02562		0.07191
	9140.00000000		2.08539		-0.10960
	9145.00000000		2.14866		-0.28899
	9150.00000000		1.97280		-0.41455
	9155.00000000		2.24151		-0.47252
	9160.00000000		1.97918		-0.51216
	9165.00000000		2.15146		-0.52234
	9170.00000000		2.11885		-0.43533
	9175.00000000		2.00696		-0.24562
	9180.00000000		2.19132		-0.13587
	9185.00000000		1.91232		-0.09636
	9190.00000000		2.20195		-0.11523
	9195.00000000		1.96777		-0.15543
	9200.00000000		2.14310		-0.18141
	9205.00000000		2.10608		-0.13798
	9210.00000000		1.99582		-0.03811
	9215.00000000		2.18923		0.10147
	9220.00000000		1.94381		0.30070
	9225.00000000		2.19333		0.37685
	9230.00000000		1.96121		0.27511
	9235.00000000		2.14502		0.17489
	9240.00000000		2.05204		0.23792
	9245.00000000		2.06043		0.41015
	9250.00000000		2.13367		0.47666
	9255.00000000		1.95273		0.44621
	9260.00000000		2.16214		0.44111
	9265.00000000		1.96395		0.44126
	9270.00000000		2.15765		0.39768
	9275.00000000		2.06111		0.31961
	9280.00000000		2.01604		0.32911
	9285.00000000		2.14565		0.38833
	9290.00000000		1.94691		0.32477
	9295.00000000		2.21134		0.11833
	9300.00000000		1.98153		-0.04881
	9305.00000000		2.11581		-0.01813
	9310.00000000		2.09167		0.21242
	9315.00000000		1.99862		0.32898
	9320.00000000		2.19410		0.11407
	9325.00000000		1.94816		-0.22701
	9330.00000000		2.16255		-0.33428
	9335.00000000		2.04499		-0.19200
	9340.00000000		2.05627		-0.06802
	9345.00000000		2.11268		-0.09304
	9350.00000000		1.96902		-0.11450
	9355.00000000		2.15202		-0.01636
	9360.00000000		1.97732		0.10781
	9365.00000000		2.14000		0.05057
	9370.00000000		2.07059		-0.14180
	9375.00000000		2.01117		-0.24058
	9380.00000000		2.16357		-0.10854
	9385.00000000		1.98299		0.13000
	9390.00000000		2.14743		0.22659
	9395.00000000		2.02359		0.09472
	9400.00000000		2.05209		-0.02047
	9405.00000000		2.12214		0.02274
	9410.00000000		1.98754		0.12249
	9415.00000000		2.17241		0.10549
	9420.00000000		1.97147		0.05820
	9425.00000000		2.09382		0.14759
	9430.00000000		2.11357		0.33280
	9435.00000000		1.95781		0.45137
	9440.00000000		2.18338		0.34470
	9445.00000000		1.95401		0.16762
	9450.00000000		2.12845		0.09430
	9455.00000000		2.09958		0.08298
	9460.00000000		1.97857		-0.02367
	9465.00000000		2.19307		-0.20736
	9470.00000000		1.94634		-0.29058
	9475.00000000		2.14209		-0.17339
	9480.00000000		2.09325		-0.14207
	9485.00000000		2.01134		-0.34184
	9490.00000000		2.18512		-0.48672
	9495.00000000		1.94504		-0.41131
	9500.00000000		2.16173		-0.18439
	9505.00000000		2.01614		-0.16477
	9510.00000000		2.07038		-0.42796
	9515.00000000		2.18897		-0.61966
	9520.00000000		1.94338		-0.57254
	9525.00000000		2.25711		-0.49068
	9530.00000000		1.98389		-0.49786
	9535.00000000		2.13562		-0.63412
	9540.00000000		2.17436		-0.69519
	9545.00000000		1.95111		-0.63812
	9550.00000000		2.29526		-0.69566
	9555.00000000		1.97154		-0.77305
	9560.00000000		2.13875		-0.72903
	9565.00000000		2.20770		-0.51045
	9570.00000000		1.92155		-0.21839
	9575.00000000		2.25885		-0.19347
	9580.00000000		2.01686		-0.42144
	9585.00000000		2.08961		-0.56628
	9590.00000000		2.27948		-0.41701
	9595.00000000		1.96353		-0.26783
	9600.00000000		2.15885		-0.36515
	9605.00000000		2.17929		-0.48470
	9610.00000000		1.93603		-0.46694
	9615.00000000		2.27175		-0.36889
	9620.00000000		2.08687		-0.48280
	9625.00000000		2.03074		-0.86509
	9630.00000000		2.23179		-0.82804
	9635.00000000		1.94458		-0.58463
	9640.00000000		2.17126		-0.52314
	9645.00000000		2.14754		-0.64964
	9650.00000000		1.94364		-0.77046
	9655.00000000		2.22912		-0.74402
	9660.00000000		1.98872		-0.66437
	9665.00000000		2.10146		-0.79826
	9670.00000000		2.20258		-1.00428
	9675.00000000		1.92506		-1.10059
	9680.00000000		2.19603		-1.02961
	9685.00000000		2.11858		-0.86551
	9690.00000000		1.96601		-0.73131
	9695.00000000		2.20088		-0.77134
	9700.00000000		1.95931		-0.79248
	9705.00000000		2.12324		-0.71523
	9710.00000000		2.16733		-0.64473
	9715.00000000		1.96564		-0.67604
	9720.00000000		2.17061		-0.76189
	9725.00000000		2.01423		-0.57222
	9730.00000000		2.09859		-0.24798
	9735.00000000		2.15815		-0.13138
	9740.00000000		1.94164		-0.13939
	9745.00000000		2.20592		-0.15398
	9750.00000000		2.00275		-0.16338
	9755.00000000		2.08909		-0.31284
	9760.00000000		2.23607		-0.55807
	9765.00000000		1.95063		-0.81878
	9770.00000000		2.12766		-0.87049
	9775.00000000		2.15194		-0.70832
	9780.00000000		1.94267		-0.45131
	9785.00000000		2.20127		-0.48367
	9790.00000000		2.02384		-0.70930
	9795.00000000		2.03664		-0.82459
	9800.00000000		2.21797		-0.67223
	9805.00000000		1.99209		-0.36167
	9810.00000000		2.11094		-0.19565
	9815.00000000		2.06726		-0.22460
	9820.00000000		1.99005		-0.20507
	9825.00000000		2.17969		-0.11881
	9830.00000000		1.98721		-0.12439
	9835.00000000		2.11102		-0.26858
	9840.00000000		2.16745		-0.39255
	9845.00000000		1.92807		-0.33989
	9850.00000000		2.20831		-0.24142
	9855.00000000		2.09155		-0.32467
	9860.00000000		2.01212		-0.50448
	9865.00000000		2.19350		-0.51205
	9870.00000000		2.02758		-0.30327
	9875.00000000		2.06310		-0.11657
	9880.00000000		2.09357		-0.16848
	9885.00000000		1.98615		-0.27622
	9890.00000000		2.09668		-0.20068
	9895.00000000		2.10152		-0.02864
	9900.00000000		2.02726		0.05874
	9905.00000000		2.08615		-0.01196
	9910.00000000		2.03670		-0.04690
	9915.00000000		2.03793		0.05009
	9920.00000000		2.14162		0.16000
	9925.00000000		2.05767		0.16350
	9930.00000000		2.05866		0.06782
	9935.00000000		2.07045		0.08031
	9940.00000000		2.04023		0.27935
	9945.00000000		2.12674		0.47391
	9950.00000000		2.02302		0.45397
	9955.00000000		2.04935		0.34952
	9960.00000000		2.09154		0.42293
	9965.00000000		1.99961		0.63160
	9970.00000000		2.12902		0.68369
	9975.00000000		2.08615		0.53084
	9980.00000000		1.98746		0.42647
	9985.00000000		2.13974		0.55668
	9990.00000000		2.09839		0.75676
	9995.00000000		2.02755		0.82173
	10000.00000000		2.08354		0.75149
