	0.00000000		4.30703		-0.09575
	5.00000000		4.26818		0.01517
	10.00000000		4.38603		0.25266
	15.00000000		4.39597		0.35108
	20.00000000		4.35793		0.25936
	25.00000000		4.25749		0.15309
	30.00000000		4.24120		0.20823
	35.00000000		4.33192		0.38713
	40.00000000		4.44180		0.40839
	45.00000000		4.61027		0.26072
	50.00000000		4.64415		0.13839
	55.00000000		4.67269		0.21455
	60.00000000		4.56306		0.46477
	65.00000000		4.54424		0.64184
	70.00000000		4.48336		0.55193
	75.00000000		4.47393		0.31457
	80.00000000		4.50424		0.11788
	85.00000000		4.38481		0.09192
	90.00000000		4.37272		0.21379
	95.00000000		4.44289		0.31470
	100.00000000		4.79622		0.36139
	105.00000000		5.12920		0.36668
	110.00000000		5.20528		0.29898
	115.00000000		4.91184		0.16154
	120.00000000		4.64673		0.04215
	125.00000000		4.58333		0.00581
	130.00000000		4.61980		0.10324
	135.00000000		4.79211		0.28718
	140.00000000		4.74641		0.39528
	145.00000000		4.68596		0.39050
	150.00000000		4.62478		0.25544
	155.00000000		4.90284		0.15364
	160.00000000		5.13993		0.22428
	165.00000000		4.96877		0.41248
	170.00000000		4.50936		0.59192
	175.00000000		4.12786		0.57402
	180.00000000		4.13021		0.10127
	185.00000000		4.21811		0.00798
	190.00000000		4.31262		0.24180
	195.00000000		4.10344		0.56381
	200.00000000		4.19477		0.73487
	205.00000000		4.21064		0.58812
	210.00000000		4.44169		0.46596
	215.00000000		4.63621		0.50736
	220.00000000		4.44499		0.54818
	225.00000000		4.10294		0.50210
	230.00000000		3.77994		0.43133
	235.00000000		3.94212		0.38592
	240.00000000		4.04130		0.44287
	245.00000000		4.20674		0.51215
	250.00000000		4.10399		0.48230
	255.00000000		3.90006		0.38305
	260.00000000		3.79677		0.32348
	265.00000000		3.75155		0.39558
	270.00000000		4.07675		0.49142
	275.00000000		4.09016		0.49873
	280.00000000		4.06510		0.39646
	285.00000000		3.83819		0.27617
	290.00000000		3.79165		0.28352
	295.00000000		3.89578		0.39268
	300.00000000		3.93044		0.43199
	305.00000000		4.07570		0.36413
	310.00000000		4.02596		0.30359
	315.00000000		4.19054		0.35869
	320.00000000		4.27890		0.45672
	325.00000000		4.46683		0.49197
	330.00000000		4.46020		0.45500
	335.00000000		4.39780		0.42377
	340.00000000		4.44646		0.47595
	345.00000000		4.53952		0.54068
	350.00000000		4.69146		0.52861
	355.00000000		4.58314		0.43858
	360.00000000		4.53642		0.42314
	365.00000000		4.49428		0.52622
	370.00000000		4.72938		0.58014
	375.00000000		4.85446		0.52388
	380.00000000		4.80427		0.39750
	385.00000000		4.60466		0.35166
	390.00000000		4.47007		0.52808
	395.00000000		4.75453		0.71114
	400.00000000		4.95696		0.62044
	405.00000000		5.13041		0.39245
	410.00000000		4.90844		0.25537
	415.00000000		4.80842		0.41465
	420.00000000		4.86768		0.70731
	425.00000000		5.08203		0.74571
	430.00000000		5.24369		0.52835
	435.00000000		5.23282		0.30397
	440.00000000		5.16712		0.28710
	445.00000000		5.12030		0.45222
	450.00000000		5.43624		0.59230
	455.00000000		5.62477		0.55746
	460.00000000		5.67619		0.40317
	465.00000000		5.39107		0.32026
	470.00000000		5.13846		0.45329
	475.00000000		5.00763		0.65563
	480.00000000		4.98377		0.62557
	485.00000000		5.01926		0.40763
	490.00000000		4.92184		0.29123
	495.00000000		4.80147		0.40533
	500.00000000		4.58289		0.60437
	505.00000000		4.60679		0.61757
	510.00000000		4.48409		0.34009
	515.00000000		4.60401		0.03056
	520.00000000		4.57839		-0.08275
	525.00000000		4.39901		0.08511
	530.00000000		4.33262		0.29522
	535.00000000		4.23779		0.28358
	540.00000000		4.40424		0.10628
	545.00000000		4.45990		-0.01124
	550.00000000		4.62897		0.04194
	555.00000000		4.66655		0.13581
	560.00000000		4.83097		0.12040
	565.00000000		4.94653		0.02203
	570.00000000		4.98466		0.00693
	575.00000000		4.88269		0.10097
	580.00000000		4.72099		0.14392
	585.00000000		4.76659		0.06100
	590.00000000		4.85246		-0.03640
	595.00000000		5.15364		0.00894
	600.00000000		5.19280		0.15641
	605.00000000		5.09860		0.19761
	610.00000000		4.80576		0.02302
	615.00000000		4.85301		-0.16926
	620.00000000		5.03234		-0.08058
	625.00000000		5.21499		0.16453
	630.00000000		5.42919		0.25721
	635.00000000		5.28875		0.02600
	640.00000000		5.40261		-0.28030
	645.00000000		5.31257		-0.29056
	650.00000000		5.36414		0.02637
	655.00000000		5.43962		0.27687
	660.00000000		5.49842		0.11963
	665.00000000		5.67609		-0.25753
	670.00000000		5.85724		-0.34721
	675.00000000		5.89719		-0.11552
	680.00000000		5.76803		0.13275
	685.00000000		5.55804		0.13168
	690.00000000		5.25528		-0.11361
	695.00000000		5.30471		-0.34008
	700.00000000		5.33867		-0.32603
	705.00000000		5.49438		-0.18487
	710.00000000		5.46801		-0.14075
	715.00000000		5.19680		-0.25839
	720.00000000		4.94756		-0.39641
	725.00000000		4.83852		-0.37971
	730.00000000		5.01834		-0.24657
	735.00000000		5.12027		-0.20084
	740.00000000		5.14231		-0.31399
	745.00000000		4.90617		-0.42341
	750.00000000		4.84659		-0.37254
	755.00000000		4.83820		-0.19550
	760.00000000		5.12026		-0.13623
	765.00000000		5.28427		-0.24038
	770.00000000		5.29692		-0.33384
	775.00000000		5.25912		-0.31771
	780.00000000		5.20002		-0.20887
	785.00000000		5.35759		-0.12169
	790.00000000		5.33182		-0.12538
	795.00000000		5.32276		-0.14854
	800.00000000		5.16074		-0.10248
	805.00000000		5.22960		-0.02782
	810.00000000		5.28987		-0.03837
	815.00000000		5.36418		-0.16442
	820.00000000		5.35320		-0.28937
	825.00000000		5.34899		-0.26931
	830.00000000		5.44144		-0.16610
	835.00000000		5.48463		-0.14250
	840.00000000		5.51011		-0.25265
	845.00000000		5.38507		-0.37598
	850.00000000		5.45478		-0.39773
	855.00000000		5.46034		-0.29076
	860.00000000		5.72023		-0.20058
	865.00000000		5.80551		-0.19916
	870.00000000		5.70424		-0.26869
	875.00000000		5.51162		-0.31417
	880.00000000		5.53264		-0.25160
	885.00000000		5.70536		-0.11965
	890.00000000		5.69629		-0.04856
	895.00000000		5.49994		-0.10158
	900.00000000		5.25261		-0.19331
	905.00000000		5.27133		-0.24529
	910.00000000		5.34183		-0.21982
	915.00000000		5.56944		-0.12958
	920.00000000		5.60220		-0.01482
	925.00000000		5.49763		0.01902
	930.00000000		5.33445		0.00138
	935.00000000		5.32675		0.02352
	940.00000000		5.52161		0.12129
	945.00000000		5.71650		0.18348
	950.00000000		5.87767		0.15436
	955.00000000		5.73737		0.09109
	960.00000000		5.60975		0.03931
	965.00000000		5.39186		0.05164
	970.00000000		5.44287		0.14424
	975.00000000		5.49574		0.24927
	980.00000000		5.59478		0.29458
	985.00000000		5.60157		0.30199
	990.00000000		5.38933		0.26459
	995.00000000		5.17897		0.15976
	1000.00000000		4.98010		0.02821
	1005.00000000		5.15926		0.01077
	1010.00000000		5.20248		0.16936
	1015.00000000		5.26754		0.30770
	1020.00000000		5.02943		0.30439
	1025.00000000		4.97032		0.13616
	1030.00000000		5.05180		-0.01950
	1035.00000000		5.14856		0.05087
	1040.00000000		5.17707		0.30686
	1045.00000000		5.09920		0.42037
	1050.00000000		5.07710		0.22946
	1055.00000000		4.98206		-0.10102
	1060.00000000		5.12544		-0.25179
	1065.00000000		4.91881		-0.10706
	1070.00000000		4.87742		0.15529
	1075.00000000		4.84345		0.26935
	1080.00000000		4.84580		0.03405
	1085.00000000		4.90939		-0.34138
	1090.00000000		4.73995		-0.46561
	1095.00000000		4.65637		-0.27442
	1100.00000000		4.49582		-0.11250
	1105.00000000		4.67526		-0.28543
	1110.00000000		4.61168		-0.43342
	1115.00000000		4.54050		-0.27385
	1120.00000000		4.34331		0.01126
	1125.00000000		4.26334		-0.04519
	1130.00000000		4.26342		-0.39544
	1135.00000000		4.22681		-0.60630
	1140.00000000		4.10645		-0.44236
	1145.00000000		3.84365		-0.13494
	1150.00000000		3.81540		-0.12717
	1155.00000000		3.68137		-0.55468
	1160.00000000		3.90183		-0.81217
	1165.00000000		3.96654		-0.71279
	1170.00000000		3.85990		-0.34557
	1175.00000000		3.82704		0.05730
	1180.00000000		3.62499		-0.10328
	1185.00000000		3.86569		-0.62559
	1190.00000000		4.12729		-0.92673
	1195.00000000		4.35446		-0.80929
	1200.00000000		4.30963		-0.41726
	1205.00000000		4.39993		-0.22708
	1210.00000000		4.55924		-0.46769
	1215.00000000		4.70339		-0.62708
	1220.00000000		4.90704		-0.57077
	1225.00000000		4.84154		-0.38851
	1230.00000000		5.02157		-0.26502
	1235.00000000		5.01679		-0.34483
	1240.00000000		5.26493		-0.45325
	1245.00000000		5.34643		-0.48500
	1250.00000000		5.32647		-0.42722
	1255.00000000		5.23141		-0.38183
	1260.00000000		5.17491		-0.39438
	1265.00000000		5.40509		-0.41727
	1270.00000000		5.49870		-0.41165
	1275.00000000		5.62710		-0.42079
	1280.00000000		5.38306		-0.50168
	1285.00000000		5.39427		-0.65140
	1290.00000000		5.43517		-0.64154
	1295.00000000		5.74727		-0.44277
	1300.00000000		6.10403		-0.24959
	1305.00000000		6.01944		-0.21835
	1310.00000000		5.72703		-0.37810
	1315.00000000		5.62244		-0.52565
	1320.00000000		5.92948		-0.47248
	1325.00000000		6.18315		-0.33499
	1330.00000000		6.28065		-0.25355
	1335.00000000		6.06467		-0.33876
	1340.00000000		5.99695		-0.54273
	1345.00000000		5.98209		-0.67103
	1350.00000000		6.15310		-0.58560
	1355.00000000		6.33549		-0.36948
	1360.00000000		6.44213		-0.24913
	1365.00000000		6.44459		-0.30748
	1370.00000000		6.35745		-0.43289
	1375.00000000		6.41256		-0.53051
	1380.00000000		6.39167		-0.54827
	1385.00000000		6.50209		-0.48453
	1390.00000000		6.50669		-0.37247
	1395.00000000		6.60977		-0.28973
	1400.00000000		6.50956		-0.29509
	1405.00000000		6.31798		-0.36914
	1410.00000000		6.10660		-0.47343
	1415.00000000		5.96367		-0.50856
	1420.00000000		6.06793		-0.45795
	1425.00000000		6.06956		-0.39811
	1430.00000000		6.05719		-0.40898
	1435.00000000		5.68198		-0.47779
	1440.00000000		5.38711		-0.55572
	1445.00000000		5.23234		-0.57234
	1450.00000000		5.36130		-0.47259
	1455.00000000		5.71613		-0.34111
	1460.00000000		5.80080		-0.29219
	1465.00000000		5.51353		-0.34709
	1470.00000000		4.98892		-0.50319
	1475.00000000		4.98067		-0.62717
	1480.00000000		4.93725		-0.51941
	1485.00000000		5.19667		-0.35641
	1490.00000000		5.32347		-0.24262
	1495.00000000		5.05404		-0.24508
	1500.00000000		4.68946		-0.35293
	1505.00000000		4.41788		-0.51096
	1510.00000000		4.62997		-0.43852
	1515.00000000		4.74371		-0.25402
	1520.00000000		4.69031		-0.10863
	1525.00000000		4.35342		-0.13094
	1530.00000000		4.26732		-0.30220
	1535.00000000		4.45361		-0.30462
	1540.00000000		4.48991		-0.14397
	1545.00000000		4.35477		0.09029
	1550.00000000		3.94875		0.23444
	1555.00000000		3.93314		0.03130
	1560.00000000		3.99655		-0.26948
	1565.00000000		4.26773		-0.24723
	1570.00000000		4.50392		-0.06602
	1575.00000000		4.44225		0.10630
	1580.00000000		4.57649		0.27567
	1585.00000000		4.41334		0.42680
	1590.00000000		4.50653		0.49475
	1595.00000000		4.43628		0.36381
	1600.00000000		4.59545		0.07596
	1605.00000000		4.85429		-0.24917
	1610.00000000		4.76412		-0.21869
	1615.00000000		4.59234		0.08399
	1620.00000000		4.23297		0.28586
	1625.00000000		4.19626		0.21146
	1630.00000000		4.07692		-0.17327
	1635.00000000		4.28276		-0.37866
	1640.00000000		4.37210		-0.35976
	1645.00000000		4.21748		-0.22425
	1650.00000000		3.95992		-0.11329
	1655.00000000		3.53470		-0.09114
	1660.00000000		3.58169		-0.10642
	1665.00000000		3.51252		-0.13428
	1670.00000000		3.73533		-0.15710
	1675.00000000		3.64939		-0.16976
	1680.00000000		3.61305		-0.13754
	1685.00000000		3.69304		-0.03630
	1690.00000000		3.56756		0.00237
	1695.00000000		3.82161		-0.02278
	1700.00000000		3.66442		-0.13078
	1705.00000000		3.79765		-0.20800
	1710.00000000		3.76935		-0.16638
	1715.00000000		3.71906		-0.03261
	1720.00000000		3.78949		0.15735
	1725.00000000		3.41015		0.25606
	1730.00000000		3.40317		0.23979
	1735.00000000		3.14847		0.11582
	1740.00000000		2.83842		0.04915
	1745.00000000		2.70082		0.05636
	1750.00000000		2.66310		0.22398
	1755.00000000		2.67303		0.42038
	1760.00000000		2.72639		0.39085
	1765.00000000		2.92100		0.30107
	1770.00000000		2.99871		0.07356
	1775.00000000		2.81612		-0.09911
	1780.00000000		2.77182		-0.06912
	1785.00000000		2.90914		0.06617
	1790.00000000		3.11280		-0.03908
	1795.00000000		3.16290		-0.13971
	1800.00000000		3.10048		-0.19789
	1805.00000000		3.05410		-0.21713
	1810.00000000		2.94643		-0.08181
	1815.00000000		3.05158		0.15705
	1820.00000000		3.32841		0.17874
	1825.00000000		3.32886		0.03179
	1830.00000000		3.39957		-0.13231
	1835.00000000		3.34057		-0.35188
	1840.00000000		3.33240		-0.49635
	1845.00000000		3.47785		-0.51635
	1850.00000000		3.35904		-0.48653
	1855.00000000		3.31597		-0.45075
	1860.00000000		3.43730		-0.42503
	1865.00000000		3.51872		-0.52108
	1870.00000000		3.92307		-0.72560
	1875.00000000		4.10819		-0.90115
	1880.00000000		4.07854		-0.95553
	1885.00000000		3.80675		-0.89920
	1890.00000000		3.84799		-0.67446
	1895.00000000		4.10196		-0.56279
	1900.00000000		4.47827		-0.65776
	1905.00000000		4.70802		-0.76334
	1910.00000000		4.71384		-0.75363
	1915.00000000		4.85995		-0.62321
	1920.00000000		5.03640		-0.51564
	1925.00000000		5.30006		-0.58809
	1930.00000000		5.26944		-0.74553
	1935.00000000		5.15215		-0.77504
	1940.00000000		5.03485		-0.65012
	1945.00000000		5.18043		-0.56521
	1950.00000000		5.60249		-0.66377
	1955.00000000		5.75603		-0.77865
	1960.00000000		5.45683		-0.73403
	1965.00000000		4.94792		-0.64933
	1970.00000000		4.96110		-0.65779
	1975.00000000		5.10074		-0.72197
	1980.00000000		5.53714		-0.72736
	1985.00000000		5.82484		-0.64540
	1990.00000000		5.58122		-0.51664
	1995.00000000		5.30058		-0.51089
	2000.00000000		5.02774		-0.65589
	2005.00000000		5.08649		-0.71447
	2010.00000000		4.87540		-0.59611
	2015.00000000		4.84155		-0.39029
	2020.00000000		4.63032		-0.36522
	2025.00000000		4.62587		-0.64430
	2030.00000000		4.70219		-0.93263
	2035.00000000		4.43468		-0.95477
	2040.00000000		4.11301		-0.47830
	2045.00000000		3.87257		0.16665
	2050.00000000		3.86074		-0.02590
	2055.00000000		3.81602		-0.67519
	2060.00000000		3.96956		-1.00349
	2065.00000000		3.73493		-0.92862
	2070.00000000		3.26267		-0.28514
	2075.00000000		3.32638		0.46551
	2080.00000000		3.41736		0.40777
	2085.00000000		3.23668		-0.23206
	2090.00000000		3.47093		-0.67132
	2095.00000000		3.53662		-0.75877
	2100.00000000		3.39535		-0.45472
	2105.00000000		3.58998		0.10842
	2110.00000000		3.56361		0.28877
	2115.00000000		3.59853		-0.00239
	2120.00000000		3.55987		-0.50186
	2125.00000000		3.57885		-0.73370
	2130.00000000		3.85390		-0.47989
	2135.00000000		3.97663		-0.09460
	2140.00000000		4.38671		-0.06591
	2145.00000000		4.50575		-0.32621
	2150.00000000		4.53414		-0.38460
	2155.00000000		4.51296		-0.11843
	2160.00000000		4.58032		-0.02855
	2165.00000000		4.89620		-0.27963
	2170.00000000		4.95705		-0.30021
	2175.00000000		5.04022		-0.05054
	2180.00000000		4.91461		0.19373
	2185.00000000		5.03829		0.14743
	2190.00000000		4.91379		-0.09077
	2195.00000000		4.80025		-0.30042
	2200.00000000		4.56651		-0.30442
	2205.00000000		4.53534		-0.13410
	2210.00000000		4.78333		-0.16080
	2215.00000000		4.89905		-0.28958
	2220.00000000		4.75741		-0.35725
	2225.00000000		4.36777		-0.29568
	2230.00000000		4.30781		-0.18376
	2235.00000000		4.19926		-0.15608
	2240.00000000		4.30887		-0.17753
	2245.00000000		4.24878		-0.22861
	2250.00000000		4.25764		-0.25552
	2255.00000000		4.39896		-0.29777
	2260.00000000		4.40552		-0.38444
	2265.00000000		4.50659		-0.42738
	2270.00000000		4.19670		-0.37209
	2275.00000000		4.15439		-0.32227
	2280.00000000		4.07638		-0.31630
	2285.00000000		4.28759		-0.32483
	2290.00000000		4.49787		-0.36335
	2295.00000000		4.43864		-0.33344
	2300.00000000		4.33091		-0.26885
	2305.00000000		3.99822		-0.34334
	2310.00000000		4.04403		-0.56072
	2315.00000000		3.99135		-0.73671
	2320.00000000		4.11709		-0.74834
	2325.00000000		4.05670		-0.63175
	2330.00000000		4.07991		-0.54619
	2335.00000000		4.11319		-0.59044
	2340.00000000		4.16031		-0.74036
	2345.00000000		4.25959		-0.84845
	2350.00000000		4.16884		-0.83903
	2355.00000000		4.26113		-0.69227
	2360.00000000		4.24001		-0.54608
	2365.00000000		4.50903		-0.60259
	2370.00000000		4.57132		-0.74608
	2375.00000000		4.61096		-0.80986
	2380.00000000		4.48174		-0.77127
	2385.00000000		4.39734		-0.66842
	2390.00000000		4.44760		-0.60484
	2395.00000000		4.39108		-0.69872
	2400.00000000		4.40814		-0.88898
	2405.00000000		4.27407		-0.98533
	2410.00000000		4.32490		-0.85299
	2415.00000000		4.31120		-0.62169
	2420.00000000		4.47942		-0.49796
	2425.00000000		4.53622		-0.53566
	2430.00000000		4.69952		-0.62457
	2435.00000000		4.80322		-0.67563
	2440.00000000		4.93262		-0.64463
	2445.00000000		5.00174		-0.58648
	2450.00000000		4.99441		-0.61462
	2455.00000000		5.04641		-0.70878
	2460.00000000		4.91969		-0.77880
	2465.00000000		4.89337		-0.75451
	2470.00000000		4.72551		-0.68323
	2475.00000000		4.83245		-0.64379
	2480.00000000		4.91755		-0.68241
	2485.00000000		5.14374		-0.78666
	2490.00000000		5.23074		-0.87084
	2495.00000000		5.29083		-0.86934
	2500.00000000		5.32156		-0.80322
	2505.00000000		5.30944		-0.76894
	2510.00000000		5.34923		-0.77535
	2515.00000000		5.36425		-0.80714
	2520.00000000		5.53753		-0.79145
	2525.00000000		5.69659		-0.74554
	2530.00000000		5.80628		-0.72378
	2535.00000000		5.68067		-0.74887
	2540.00000000		5.49068		-0.83850
	2545.00000000		5.43733		-0.95863
	2550.00000000		5.64212		-0.98371
	2555.00000000		6.07426		-0.94504
	2560.00000000		6.33661		-0.92503
	2565.00000000		6.23217		-0.89352
	2570.00000000		5.98213		-0.88250
	2575.00000000		5.95276		-0.87952
	2580.00000000		6.24584		-0.87903
	2585.00000000		6.67454		-0.90837
	2590.00000000		6.88911		-0.92271
	2595.00000000		6.75482		-0.89591
	2600.00000000		6.54618		-0.85154
	2605.00000000		6.59186		-0.83784
	2610.00000000		6.85406		-0.88369
	2615.00000000		6.99015		-0.91566
	2620.00000000		6.89943		-0.89086
	2625.00000000		6.74929		-0.86323
	2630.00000000		6.80801		-0.88563
	2635.00000000		7.05365		-0.98059
	2640.00000000		7.15979		-1.01044
	2645.00000000		6.97909		-0.92399
	2650.00000000		6.71940		-0.79145
	2655.00000000		6.66720		-0.68343
	2660.00000000		6.86269		-0.70596
	2665.00000000		7.15018		-0.82037
	2670.00000000		7.20708		-0.85715
	2675.00000000		6.94693		-0.74822
	2680.00000000		6.73477		-0.61885
	2685.00000000		6.83146		-0.63009
	2690.00000000		7.08180		-0.75859
	2695.00000000		7.13320		-0.83143
	2700.00000000		6.93690		-0.80647
	2705.00000000		6.76879		-0.74081
	2710.00000000		6.74456		-0.71419
	2715.00000000		6.81270		-0.77345
	2720.00000000		6.90673		-0.83108
	2725.00000000		6.92097		-0.81195
	2730.00000000		6.86550		-0.72610
	2735.00000000		6.79646		-0.66442
	2740.00000000		6.74207		-0.73917
	2745.00000000		6.65923		-0.86329
	2750.00000000		6.49412		-0.87287
	2755.00000000		6.32029		-0.75520
	2760.00000000		6.27213		-0.64021
	2765.00000000		6.33303		-0.70057
	2770.00000000		6.35200		-0.85906
	2775.00000000		6.31653		-0.95472
	2780.00000000		6.16322		-0.90661
	2785.00000000		6.03494		-0.76107
	2790.00000000		5.84763		-0.66126
	2795.00000000		5.77749		-0.77880
	2800.00000000		5.86717		-0.95604
	2805.00000000		5.89536		-0.97939
	2810.00000000		5.79930		-0.82116
	2815.00000000		5.62931		-0.62841
	2820.00000000		5.62379		-0.60348
	2825.00000000		5.52010		-0.71595
	2830.00000000		5.41052		-0.84915
	2835.00000000		5.05190		-0.92103
	2840.00000000		4.80416		-0.90677
	2845.00000000		4.56810		-0.81773
	2850.00000000		4.42711		-0.77493
	2855.00000000		4.29335		-0.76591
	2860.00000000		3.99759		-0.80873
	2865.00000000		3.84655		-0.92922
	2870.00000000		3.70767		-1.03125
	2875.00000000		3.79474		-0.99692
	2880.00000000		3.62234		-0.88169
	2885.00000000		3.41902		-0.71951
	2890.00000000		2.99686		-0.67462
	2895.00000000		2.81136		-0.77922
	2900.00000000		3.02015		-0.50222
	2905.00000000		3.22132		-0.50999
	2910.00000000		3.31638		-0.59397
	2915.00000000		3.26025		-0.53499
	2920.00000000		2.96096		-0.28812
	2925.00000000		3.09274		0.30600
	2930.00000000		3.41743		0.21494
	2935.00000000		3.41166		0.07561
	2940.00000000		3.29345		0.15378
	2945.00000000		2.90368		0.87512
	2950.00000000		2.71949		0.95649
	2955.00000000		2.94054		0.16278
	2960.00000000		3.16636		-0.00743
	2965.00000000		3.07543		0.44969
	2970.00000000		3.10845		1.16356
	2975.00000000		3.15663		1.36274
	2980.00000000		3.03875		0.74566
	2985.00000000		3.27378		0.20892
	2990.00000000		3.43709		0.33350
	2995.00000000		3.33467		0.81454
	3000.00000000		3.52238		1.05696
	3005.00000000		3.32721		0.74509
	3010.00000000		3.34176		0.38247
	3015.00000000		3.60417		0.44521
	3020.00000000		3.53803		0.78077
	3025.00000000		3.90062		0.93249
	3030.00000000		3.79783		0.80044
	3035.00000000		3.86433		0.63087
	3040.00000000		3.98527		0.82704
	3045.00000000		3.76342		0.96623
	3050.00000000		3.96596		0.66842
	3055.00000000		3.70064		0.35917
	3060.00000000		3.77175		0.18350
	3065.00000000		3.61859		0.28964
	3070.00000000		3.51745		0.53782
	3075.00000000		3.88254		0.56359
	3080.00000000		3.73764		0.32869
	3085.00000000		3.84638		-0.04825
	3090.00000000		3.80101		-0.35639
	3095.00000000		3.84672		-0.19927
	3100.00000000		4.08981		0.22157
	3105.00000000		4.00367		0.28805
	3110.00000000		4.20605		-0.13659
	3115.00000000		4.02897		-0.60719
	3120.00000000		4.17827		-0.56539
	3125.00000000		3.94122		-0.16706
	3130.00000000		4.02556		0.15886
	3135.00000000		4.17441		0.07198
	3140.00000000		4.09439		-0.37604
	3145.00000000		4.52553		-0.65249
	3150.00000000		4.37808		-0.66593
	3155.00000000		4.44784		-0.57120
	3160.00000000		4.33248		-0.40642
	3165.00000000		4.43621		-0.39241
	3170.00000000		4.75789		-0.39977
	3175.00000000		4.69271		-0.30989
	3180.00000000		4.59615		-0.25110
	3185.00000000		4.26521		-0.37864
	3190.00000000		4.49374		-0.59972
	3195.00000000		4.55152		-0.63224
	3200.00000000		4.73615		-0.52582
	3205.00000000		4.72315		-0.34257
	3210.00000000		4.45312		-0.34051
	3215.00000000		4.30244		-0.64867
	3220.00000000		4.15554		-0.91396
	3225.00000000		4.55523		-0.79217
	3230.00000000		4.56562		-0.62143
	3235.00000000		4.65515		-0.45746
	3240.00000000		4.35254		-0.29095
	3245.00000000		4.33957		-0.43944
	3250.00000000		4.56718		-0.73258
	3255.00000000		4.59944		-0.79572
	3260.00000000		4.73993		-0.73766
	3265.00000000		4.32207		-0.65378
	3270.00000000		4.01949		-0.61482
	3275.00000000		3.72517		-0.66799
	3280.00000000		3.72676		-0.74813
	3285.00000000		3.98849		-0.82464
	3290.00000000		3.96264		-0.90517
	3295.00000000		3.99198		-0.96756
	3300.00000000		3.80794		-0.95227
	3305.00000000		3.99720		-0.76780
	3310.00000000		4.00187		-0.54714
	3315.00000000		3.97014		-0.46148
	3320.00000000		3.76255		-0.56055
	3325.00000000		3.58415		-0.69889
	3330.00000000		3.82146		-0.69569
	3335.00000000		3.88184		-0.66312
	3340.00000000		4.07367		-0.65847
	3345.00000000		3.61109		-0.75919
	3350.00000000		3.27577		-0.89267
	3355.00000000		3.22572		-0.58694
	3360.00000000		2.87224		-0.67938
	3365.00000000		2.85018		-0.57663
	3370.00000000		3.06861		-0.25446
	3375.00000000		2.90278		0.10432
	3380.00000000		2.32723		0.08340
	3385.00000000		1.94894		0.21249
	3390.00000000		2.48724		0.37242
	3395.00000000		2.09695		0.10998
	3400.00000000		2.11556		-0.45702
	3405.00000000		2.33938		-0.51740
	3410.00000000		1.86959		-0.27624
	3415.00000000		2.38779		-0.11225
	3420.00000000		1.85996		-0.26579
	3425.00000000		2.33830		-0.60911
	3430.00000000		2.00952		-0.74184
	3435.00000000		2.19708		-0.67611
	3440.00000000		2.22569		-0.58624
	3445.00000000		1.98431		-0.61288
	3450.00000000		2.38886		-0.70883
	3455.00000000		1.82441		-0.80457
	3460.00000000		2.39692		-0.81838
	3465.00000000		1.89357		-0.82431
	3470.00000000		2.29231		-0.85584
	3475.00000000		2.08894		-0.90458
	3480.00000000		2.10257		-0.89389
	3485.00000000		2.28779		-0.85994
	3490.00000000		1.89938		-0.86485
	3495.00000000		2.38666		-0.88034
	3500.00000000		1.85295		-0.88154
	3505.00000000		2.34775		-0.81088
	3510.00000000		2.01051		-0.73817
	3515.00000000		2.16869		-0.70435
	3520.00000000		2.23793		-0.73140
	3525.00000000		1.94602		-0.75583
	3530.00000000		2.40179		-0.70395
	3535.00000000		1.82882		-0.55100
	3540.00000000		2.36540		-0.41469
	3545.00000000		1.95599		-0.44954
	3550.00000000		2.23378		-0.51083
	3555.00000000		2.18518		-0.37963
	3560.00000000		2.01271		0.05451
	3565.00000000		2.34883		0.08571
	3570.00000000		1.87854		-0.22518
	3575.00000000		2.34533		-0.48266
	3580.00000000		1.86703		-0.53894
	3585.00000000		2.28107		-0.45343
	3590.00000000		1.99477		-0.36095
	3595.00000000		2.18350		-0.34040
	3600.00000000		2.20629		-0.38769
	3605.00000000		1.95672		-0.44035
	3610.00000000		2.31501		-0.49265
	3615.00000000		1.83714		-0.56386
	3620.00000000		2.37222		-0.60496
	3625.00000000		1.91433		-0.60386
	3630.00000000		2.25583		-0.53498
	3635.00000000		2.12891		-0.53325
	3640.00000000		2.06747		-0.63850
	3645.00000000		2.32425		-0.67753
	3650.00000000		1.84343		-0.71465
	3655.00000000		2.37774		-0.75021
	3660.00000000		1.85678		-0.79537
	3665.00000000		2.32668		-0.76588
	3670.00000000		2.10330		-0.69938
	3675.00000000		2.08703		-0.64343
	3680.00000000		2.28090		-0.69885
	3685.00000000		1.90141		-0.88148
	3690.00000000		2.35599		-0.92737
	3695.00000000		1.84145		-0.93256
	3700.00000000		2.31670		-0.83574
	3705.00000000		1.95438		-0.80958
	3710.00000000		2.21374		-0.81287
	3715.00000000		2.19031		-0.86363
	3720.00000000		1.98515		-0.98461
	3725.00000000		2.31890		-1.05736
	3730.00000000		1.85820		-1.07405
	3735.00000000		2.34589		-0.95083
	3740.00000000		1.89155		-0.80880
	3745.00000000		2.28619		-0.58948
	3750.00000000		2.08850		-0.54169
	3755.00000000		2.09177		-0.59766
	3760.00000000		2.33008		-0.59814
	3765.00000000		1.85405		-0.48870
	3770.00000000		2.38512		-0.38342
	3775.00000000		1.89745		-0.39181
	3780.00000000		2.28797		-0.43189
	3785.00000000		2.21711		-0.37643
	3790.00000000		1.98149		-0.17636
	3795.00000000		2.37397		-0.13064
	3800.00000000		1.82596		-0.25294
	3805.00000000		2.38209		-0.34115
	3810.00000000		2.00318		-0.16349
	3815.00000000		2.20261		0.13856
	3820.00000000		2.20019		0.13779
	3825.00000000		2.00664		-0.14744
	3830.00000000		2.38387		-0.28100
	3835.00000000		1.82256		-0.21621
	3840.00000000		2.36581		-0.07048
	3845.00000000		2.00194		0.03404
	3850.00000000		2.18790		0.11748
	3855.00000000		2.24399		0.20303
	3860.00000000		1.95739		0.32459
	3865.00000000		2.35534		0.40573
	3870.00000000		1.84604		0.38095
	3875.00000000		2.36700		0.38986
	3880.00000000		1.95226		0.46413
	3885.00000000		2.24582		0.55757
	3890.00000000		2.15815		0.40367
	3895.00000000		2.04675		0.11861
	3900.00000000		2.27385		0.06260
	3905.00000000		1.88552		0.15579
	3910.00000000		2.33235		0.29900
	3915.00000000		1.85578		0.33825
	3920.00000000		2.33601		0.42022
	3925.00000000		1.98069		0.56195
	3930.00000000		2.19240		0.82476
	3935.00000000		2.09370		0.84694
	3940.00000000		2.06922		0.68745
	3945.00000000		2.20554		0.68442
	3950.00000000		1.96326		0.94024
	3955.00000000		2.28752		1.16783
	3960.00000000		1.88620		1.13587
	3965.00000000		2.32824		0.92442
	3970.00000000		1.94558		0.73627
	3975.00000000		2.20883		0.72652
	3980.00000000		2.05740		0.79480
	3985.00000000		2.10156		0.88757
	3990.00000000		2.24817		0.95518
	3995.00000000		1.95505		1.02229
	4000.00000000		2.31601		1.02907
	4005.00000000		1.87968		0.91143
	4010.00000000		2.30158		0.77450
	4015.00000000		1.96346		0.76040
	4020.00000000		2.20446		0.89161
	4025.00000000		2.14065		0.92824
	4030.00000000		2.02914		0.85362
	4035.00000000		2.29253		0.68145
	4040.00000000		1.88571		0.50474
	4045.00000000		2.32875		0.46945
	4050.00000000		1.89183		0.49177
	4055.00000000		2.28721		0.50239
	4060.00000000		2.05733		0.46463
	4065.00000000		2.13755		0.45679
	4070.00000000		2.23053		0.48057
	4075.00000000		1.96347		0.46413
	4080.00000000		2.32999		0.34465
	4085.00000000		1.89929		0.10389
	4090.00000000		2.29227		-0.10990
	4095.00000000		1.99975		0.03730
	4100.00000000		2.17436		0.27359
	4105.00000000		2.15516		0.27244
	4110.00000000		2.02060		0.09881
	4115.00000000		2.28465		-0.01080
	4120.00000000		1.88452		0.04971
	4125.00000000		2.30361		0.14368
	4130.00000000		1.95634		0.18770
	4135.00000000		2.20087		0.20432
	4140.00000000		2.12810		0.28263
	4145.00000000		2.03564		0.40906
	4150.00000000		2.25139		0.41616
	4155.00000000		1.93064		0.30040
	4160.00000000		2.28186		0.23637
	4165.00000000		1.95268		0.31682
	4170.00000000		2.20721		0.46028
	4175.00000000		2.07722		0.53767
	4180.00000000		2.07759		0.56271
	4185.00000000		2.22606		0.59477
	4190.00000000		1.93289		0.63797
	4195.00000000		2.29331		0.69844
	4200.00000000		1.92257		0.69620
	4205.00000000		2.24483		0.73411
	4210.00000000		2.05229		0.79134
	4215.00000000		2.09859		0.84452
	4220.00000000		2.20885		0.78214
	4225.00000000		1.95044		0.65526
	4230.00000000		2.27475		0.61814
	4235.00000000		1.90097		0.58449
	4240.00000000		2.24621		0.58622
	4245.00000000		1.97351		0.49395
	4250.00000000		2.18218		0.43189
	4255.00000000		2.11948		0.42086
	4260.00000000		2.03479		0.52068
	4265.00000000		2.21342		0.63628
	4270.00000000		1.92355		0.62050
	4275.00000000		2.29545		0.56153
	4280.00000000		1.91567		0.50089
	4285.00000000		2.23000		0.53745
	4290.00000000		2.05855		0.49297
	4295.00000000		2.08144		0.35630
	4300.00000000		2.25672		0.29105
	4305.00000000		1.91093		0.34265
	4310.00000000		2.30765		0.42857
	4315.00000000		1.93395		0.31680
	4320.00000000		2.22169		0.01248
	4325.00000000		2.12794		0.04284
	4330.00000000		2.02242		0.31157
	4335.00000000		2.25637		0.39911
	4340.00000000		1.91994		0.16034
	4345.00000000		2.29916		-0.17286
	4350.00000000		1.95835		-0.15077
	4355.00000000		2.18603		0.05964
	4360.00000000		2.14354		0.13457
	4365.00000000		2.01252		-0.01991
	4370.00000000		2.31199		-0.14045
	4375.00000000		1.90425		-0.10091
	4380.00000000		2.23805		-0.04485
	4385.00000000		2.05186		-0.08414
	4390.00000000		2.07194		-0.24358
	4395.00000000		2.20390		-0.24342
	4400.00000000		1.96633		-0.03550
	4405.00000000		2.27315		0.11045
	4410.00000000		1.95730		0.01429
	4415.00000000		2.17696		-0.24046
	4420.00000000		2.12619		-0.33212
	4425.00000000		2.01034		-0.08791
	4430.00000000		2.35861		0.17197
	4435.00000000		1.87663		0.28710
	4440.00000000		2.34012		0.18313
	4445.00000000		2.11930		0.06113
	4450.00000000		2.03650		0.20888
	4455.00000000		2.33591		0.43674
	4460.00000000		1.82898		0.65021
	4465.00000000		2.40462		0.80150
	4470.00000000		1.92888		0.97283
	4475.00000000		2.27245		1.17081
	4480.00000000		2.14412		1.14730
	4485.00000000		2.04361		1.05643
	4490.00000000		2.24063		1.04597
	4495.00000000		1.91366		1.02035
	4500.00000000		2.36441		0.99735
	4505.00000000		1.81947		0.97235
	4510.00000000		2.38822		0.94173
	4515.00000000		1.88542		0.82346
	4520.00000000		2.28320		0.58538
	4525.00000000		2.11474		0.36668
	4530.00000000		2.03945		0.14663
	4535.00000000		2.31972		0.15500
	4540.00000000		1.85943		0.21398
	4545.00000000		2.34362		0.20938
	4550.00000000		1.97509		0.06668
	4555.00000000		2.17342		-0.09882
	4560.00000000		2.25763		-0.10584
	4565.00000000		1.88640		-0.09159
	4570.00000000		2.34977		-0.15624
	4575.00000000		1.88903		-0.26407
	4580.00000000		2.26207		-0.37992
	4585.00000000		2.10734		-0.43012
	4590.00000000		2.05338		-0.47657
	4595.00000000		2.29289		-0.58202
	4600.00000000		1.85678		-0.68413
	4605.00000000		2.34722		-0.68721
	4610.00000000		1.86971		-0.58672
	4615.00000000		2.27101		-0.53290
	4620.00000000		2.06723		-0.64471
	4625.00000000		2.10770		-0.80273
	4630.00000000		2.25228		-0.79030
	4635.00000000		1.90027		-0.60236
	4640.00000000		2.35138		-0.55985
	4645.00000000		1.87821		-0.76558
	4650.00000000		2.30172		-0.97015
	4655.00000000		2.03314		-0.93105
	4660.00000000		2.13705		-0.71527
	4665.00000000		2.22743		-0.73940
	4670.00000000		1.94125		-1.00906
	4675.00000000		2.33910		-1.19571
	4680.00000000		1.85747		-1.15631
	4685.00000000		2.34949		-0.92032
	4690.00000000		1.92371		-0.90107
	4695.00000000		2.26917		-1.10666
	4700.00000000		2.14808		-1.29183
	4705.00000000		2.04793		-1.32275
	4710.00000000		2.28060		-1.06521
	4715.00000000		1.88744		-0.74213
	4720.00000000		2.35878		-0.71975
	4725.00000000		1.88968		-0.92442
	4730.00000000		2.28890		-1.12901
	4735.00000000		1.96934		-1.01692
	4740.00000000		2.21349		-0.79633
	4745.00000000		2.16917		-0.74258
	4750.00000000		1.98715		-0.78865
	4755.00000000		2.30738		-0.85405
	4760.00000000		1.85113		-0.85331
	4765.00000000		2.36709		-0.80321
	4770.00000000		1.86371		-0.73513
	4775.00000000		2.28503		-0.70153
	4780.00000000		2.07109		-0.62259
	4785.00000000		2.09172		-0.48770
	4790.00000000		2.34864		-0.43051
	4795.00000000		1.82405		-0.54631
	4800.00000000		2.41422		-0.73608
	4805.00000000		1.92046		-0.78646
	4810.00000000		2.26476		-0.68598
	4815.00000000		2.24880		-0.59856
	4820.00000000		1.92764		-0.57100
	4825.00000000		2.38309		-0.66677
	4830.00000000		1.84439		-0.82830
	4835.00000000		2.32003		-0.85541
	4840.00000000		2.05330		-0.68894
	4845.00000000		2.12506		-0.31942
	4850.00000000		2.33521		-0.34672
	4855.00000000		1.85327		-0.84766
	4860.00000000		2.39479		-1.11828
	4865.00000000		1.86258		-1.05258
	4870.00000000		2.30562		-0.85398
	4875.00000000		2.06888		-0.89072
	4880.00000000		2.12620		-1.08190
	4885.00000000		2.29862		-1.18933
	4890.00000000		1.89261		-1.20264
	4895.00000000		2.37639		-1.05857
	4900.00000000		1.85791		-0.97402
	4905.00000000		2.36348		-1.04034
	4910.00000000		1.95384		-1.19717
	4915.00000000		2.22275		-1.27312
	4920.00000000		2.10524		-1.19712
	4925.00000000		2.07889		-1.04275
	4930.00000000		2.26512		-1.01936
	4935.00000000		1.91789		-1.11289
	4940.00000000		2.35625		-1.17509
	4945.00000000		1.82384		-1.15412
	4950.00000000		2.36130		-1.02956
	4955.00000000		1.89572		-0.90979
	4960.00000000		2.28091		-0.86690
	4965.00000000		2.14289		-0.97051
	4970.00000000		2.04325		-1.12742
	4975.00000000		2.25470		-1.13772
	4980.00000000		1.91050		-1.04026
	4985.00000000		2.34126		-0.93402
	4990.00000000		1.83410		-0.91944
	4995.00000000		2.35214		-1.00724
	5000.00000000		1.91011		-1.06571
	5005.00000000		2.24749		-1.01517
	5010.00000000		2.01376		-0.89886
	5015.00000000		2.13555		-0.76872
	5020.00000000		2.25607		-0.84211
	5025.00000000		1.93015		-1.15705
	5030.00000000		2.31917		-1.37239
	5035.00000000		1.85103		-1.18788
	5040.00000000		2.34866		-0.86749
	5045.00000000		1.89058		-0.72021
	5050.00000000		2.26363		-0.87750
	5055.00000000		2.04884		-1.10888
	5060.00000000		2.11581		-1.31170
	5065.00000000		2.14992		-1.19866
	5070.00000000		2.02032		-0.89975
	5075.00000000		2.23271		-0.80538
	5080.00000000		1.91269		-0.97715
	5085.00000000		2.26948		-1.23168
	5090.00000000		1.87340		-1.35988
	5095.00000000		2.27667		-1.21028
	5100.00000000		1.85865		-1.01817
	5105.00000000		2.25617		-1.02252
	5110.00000000		1.87567		-1.25347
	5115.00000000		2.26861		-1.45991
	5120.00000000		1.93422		-1.46594
	5125.00000000		2.20186		-1.24834
	5130.00000000		1.96587		-1.10703
	5135.00000000		2.16463		-1.09088
	5140.00000000		2.03616		-1.20471
	5145.00000000		2.11180		-1.31755
	5150.00000000		2.14395		-1.25823
	5155.00000000		2.00619		-1.06819
	5160.00000000		2.19388		-0.95000
	5165.00000000		1.92642		-0.88050
	5170.00000000		2.25749		-0.93141
	5175.00000000		1.87776		-1.04148
	5180.00000000		2.27994		-1.10464
	5185.00000000		1.87877		-1.09550
	5190.00000000		2.24838		-1.03453
	5195.00000000		1.91230		-0.96552
	5200.00000000		2.20300		-0.89592
	5205.00000000		2.02005		-0.92880
	5210.00000000		2.11871		-1.05068
	5215.00000000		2.07966		-1.14038
	5220.00000000		2.04228		-1.10153
	5225.00000000		2.13849		-0.98193
	5230.00000000		1.97393		-0.80664
	5235.00000000		2.22135		-0.73355
	5240.00000000		1.91020		-0.81573
	5245.00000000		2.23563		-0.92312
	5250.00000000		1.87912		-0.95301
	5255.00000000		2.21125		-0.93461
	5260.00000000		1.89527		-0.95971
	5265.00000000		2.20208		-1.06252
	5270.00000000		1.97899		-1.23399
	5275.00000000		2.13483		-1.33564
	5280.00000000		2.04677		-1.28848
	5285.00000000		2.05546		-1.18381
	5290.00000000		2.10287		-1.19273
	5295.00000000		2.00481		-1.33412
	5300.00000000		2.16720		-1.45306
	5305.00000000		1.94967		-1.45180
	5310.00000000		2.20156		-1.31570
	5315.00000000		1.89653		-1.21581
	5320.00000000		2.20881		-1.17904
	5325.00000000		1.91586		-1.26841
	5330.00000000		2.17471		-1.31388
	5335.00000000		1.96389		-1.30512
	5340.00000000		2.13692		-1.21119
	5345.00000000		2.04739		-1.20483
	5350.00000000		2.06438		-1.32663
	5355.00000000		2.14010		-1.45007
	5360.00000000		1.99151		-1.44190
	5365.00000000		2.19175		-1.35963
	5370.00000000		1.89879		-1.35218
	5375.00000000		2.17283		-1.32914
	5380.00000000		1.91248		-1.36361
	5385.00000000		2.18250		-1.34967
	5390.00000000		1.96190		-1.38454
	5395.00000000		2.13234		-1.40501
	5400.00000000		1.99125		-1.40872
	5405.00000000		2.08869		-1.31633
	5410.00000000		2.03144		-1.20625
	5415.00000000		2.02512		-1.12627
	5420.00000000		2.08538		-1.14548
	5425.00000000		1.97855		-1.27166
	5430.00000000		2.13947		-1.33079
	5435.00000000		1.95062		-1.31224
	5440.00000000		2.14255		-1.23903
	5445.00000000		1.93143		-1.23212
	5450.00000000		2.14817		-1.22480
	5455.00000000		1.97920		-1.17296
	5460.00000000		2.11512		-1.00033
	5465.00000000		2.05741		-0.82204
	5470.00000000		2.02543		-0.83940
	5475.00000000		2.10778		-1.05571
	5480.00000000		1.97749		-1.33370
	5485.00000000		2.14701		-1.44863
	5490.00000000		1.95148		-1.27553
	5495.00000000		2.14936		-0.98461
	5500.00000000		1.95142		-0.88093
	5505.00000000		2.13446		-0.94954
	5510.00000000		1.96967		-1.08828
	5515.00000000		2.07512		-1.18934
	5520.00000000		2.04420		-1.18857
	5525.00000000		2.02669		-1.17044
	5530.00000000		2.11843		-1.19202
	5535.00000000		1.97242		-1.26182
	5540.00000000		2.12815		-1.21610
	5545.00000000		2.00200		-1.08874
	5550.00000000		2.12616		-0.92447
	5555.00000000		2.02517		-0.89085
	5560.00000000		2.07369		-0.97527
	5565.00000000		2.06881		-1.03726
	5570.00000000		2.02003		-0.97993
	5575.00000000		2.12591		-0.81653
	5580.00000000		2.00591		-0.68182
	5585.00000000		2.15340		-0.75403
	5590.00000000		2.00053		-0.95298
	5595.00000000		2.10700		-0.94001
	5600.00000000		2.07505		-0.79247
	5605.00000000		2.04663		-0.73733
	5610.00000000		2.10823		-0.88669
	5615.00000000		2.00898		-0.91189
	5620.00000000		2.15939		-0.73960
	5625.00000000		1.99035		-0.57387
	5630.00000000		2.11524		-0.54038
	5635.00000000		2.07733		-0.72791
	5640.00000000		2.04231		-0.91618
	5645.00000000		2.15380		-0.74901
	5650.00000000		2.03021		-0.46364
	5655.00000000		2.08402		-0.44701
	5660.00000000		2.07549		-0.75874
	5665.00000000		2.07376		-1.08376
	5670.00000000		2.04426		-1.12619
	5675.00000000		2.08164		-0.89052
	5680.00000000		2.06396		-0.64256
	5685.00000000		2.03601		-0.72592
	5690.00000000		2.10554		-1.00010
	5695.00000000		1.99576		-1.04827
	5700.00000000		2.14979		-0.66422
	5705.00000000		2.10399		-0.19150
	5710.00000000		2.01714		-0.14919
	5715.00000000		2.20185		-0.59679
	5720.00000000		2.01231		-1.02616
	5725.00000000		2.06697		-0.89119
	5730.00000000		2.14585		-0.42854
	5735.00000000		1.95347		-0.32733
	5740.00000000		2.19126		-0.47257
	5745.00000000		2.02993		-0.65594
	5750.00000000		2.05599		-0.66447
	5755.00000000		2.12279		-0.38210
	5760.00000000		2.01366		-0.17672
	5765.00000000		2.18520		-0.26841
	5770.00000000		2.02955		-0.49469
	5775.00000000		2.06396		-0.71113
	5780.00000000		2.06549		-0.73313
	5785.00000000		2.01237		-0.59947
	5790.00000000		2.14066		-0.49803
	5795.00000000		1.97118		-0.43184
	5800.00000000		2.13637		-0.39513
	5805.00000000		2.05996		-0.32444
	5810.00000000		2.02464		-0.19961
	5815.00000000		2.20583		-0.08861
	5820.00000000		2.03044		-0.02376
	5825.00000000		2.08728		-0.08386
	5830.00000000		2.18097		-0.29975
	5835.00000000		1.96255		-0.56089
	5840.00000000		2.15266		-0.63391
	5845.00000000		2.09682		-0.50511
	5850.00000000		1.99615		-0.30259
	5855.00000000		2.24252		-0.25677
	5860.00000000		2.03410		-0.30128
	5865.00000000		2.04423		-0.41156
	5870.00000000		2.21307		-0.44357
	5875.00000000		1.94779		-0.29344
	5880.00000000		2.15863		-0.09052
	5885.00000000		2.21778		-0.06369
	5890.00000000		1.94201		-0.11025
	5895.00000000		2.23815		-0.08820
	5900.00000000		2.09521		-0.03451
	5905.00000000		1.99546		0.00207
	5910.00000000		2.26910		-0.00309
	5915.00000000		1.97015		0.01890
	5920.00000000		2.15907		0.05842
	5925.00000000		2.17711		-0.09016
	5930.00000000		1.94002		-0.49700
	5935.00000000		2.21226		-0.68749
	5940.00000000		1.97691		-0.62844
	5945.00000000		2.08716		-0.42747
	5950.00000000		2.23220		-0.23020
	5955.00000000		1.90486		-0.05277
	5960.00000000		2.20798		0.06506
	5965.00000000		2.06372		0.13213
	5970.00000000		2.04325		0.20274
	5975.00000000		2.19237		0.22300
	5980.00000000		1.92012		0.24103
	5985.00000000		2.24067		0.31613
	5990.00000000		1.93038		0.47537
	5995.00000000		2.18830		0.73112
	6000.00000000		2.02194		0.74775
	6005.00000000		2.10647		0.46925
	6010.00000000		2.16405		0.19999
	6015.00000000		1.93260		0.09541
	6020.00000000		2.22170		0.16984
	6025.00000000		1.92321		0.22107
	6030.00000000		2.18404		0.16176
	6035.00000000		2.08859		0.13767
	6040.00000000		2.01228		0.25387
	6045.00000000		2.17031		0.32319
	6050.00000000		1.92358		0.18088
	6055.00000000		2.20344		0.07561
	6060.00000000		2.00879		0.15145
	6065.00000000		2.09073		0.35205
	6070.00000000		2.10502		0.45783
	6075.00000000		1.99383		0.33204
	6080.00000000		2.22190		0.22871
	6085.00000000		1.92323		0.31191
	6090.00000000		2.19201		0.52164
	6095.00000000		1.96149		0.62185
	6100.00000000		2.14698		0.52904
	6105.00000000		2.08717		0.36396
	6110.00000000		2.01561		0.31462
	6115.00000000		2.18970		0.40214
	6120.00000000		1.90669		0.41021
	6125.00000000		2.25329		0.31676
	6130.00000000		1.95379		0.17529
	6135.00000000		2.14484		0.32496
	6140.00000000		2.14813		0.57148
	6145.00000000		1.97690		0.70624
	6150.00000000		2.20837		0.58869
	6155.00000000		1.91796		0.34520
	6160.00000000		2.23781		0.36492
	6165.00000000		1.95533		0.67475
	6170.00000000		2.18274		0.98184
	6175.00000000		2.03109		0.90255
	6180.00000000		2.12839		0.63282
	6185.00000000		2.11224		0.57126
	6190.00000000		2.00555		0.73328
	6195.00000000		2.17878		0.77864
	6200.00000000		1.94100		0.69524
	6205.00000000		2.22189		0.67005
	6210.00000000		1.96818		0.80727
	6215.00000000		2.16629		1.01133
	6220.00000000		1.99969		0.98099
	6225.00000000		2.12228		0.82917
	6230.00000000		2.08797		0.80610
	6235.00000000		2.05336		1.03981
	6240.00000000		2.14268		1.12805
	6245.00000000		1.98342		0.94270
	6250.00000000		2.21339		0.71518
	6255.00000000		1.94082		0.74561
	6260.00000000		2.22549		1.01680
	6265.00000000		1.97972		1.12524
	6270.00000000		2.16890		0.97870
	6275.00000000		2.12964		0.83564
	6280.00000000		2.02483		0.85522
	6285.00000000		2.21541		0.93642
	6290.00000000		1.94227		0.85524
	6295.00000000		2.28615		0.68816
	6300.00000000		1.96807		0.58834
	6305.00000000		2.15497		0.57198
	6310.00000000		2.20947		0.64155
	6315.00000000		1.91519		0.77203
	6320.00000000		2.33272		0.90922
	6325.00000000		1.92829		1.02943
	6330.00000000		2.25738		1.14497
	6335.00000000		2.05377		1.15585
	6340.00000000		2.11080		0.97540
	6345.00000000		2.21763		0.89533
	6350.00000000		1.92659		0.94068
	6355.00000000		2.32742		1.08124
	6360.00000000		1.88951		1.20546
	6365.00000000		2.27136		1.24582
	6370.00000000		1.97341		1.17260
	6375.00000000		2.18792		1.13548
	6380.00000000		2.09414		1.15871
	6385.00000000		2.04879		1.12134
	6390.00000000		2.21759		1.03712
	6395.00000000		1.91659		0.92997
	6400.00000000		2.31048		0.91885
	6405.00000000		1.86745		0.89030
	6410.00000000		2.25417		0.84216
	6415.00000000		2.04657		0.79607
	6420.00000000		2.06929		0.85714
	6425.00000000		2.23072		0.94396
	6430.00000000		1.90876		1.07849
	6435.00000000		2.26671		1.10925
	6440.00000000		1.88710		1.00225
	6445.00000000		2.26930		0.91163
	6450.00000000		1.99784		0.85712
	6455.00000000		2.12101		0.85096
	6460.00000000		2.16084		0.80689
	6465.00000000		1.95685		0.74384
	6470.00000000		2.31164		0.73626
	6475.00000000		1.91177		0.78952
	6480.00000000		2.21109		0.83177
	6485.00000000		2.07616		0.75975
	6490.00000000		2.04036		0.65832
	6495.00000000		2.27204		0.66535
	6500.00000000		1.87998		0.71411
	6505.00000000		2.25569		0.65671
	6510.00000000		2.06831		0.51579
	6515.00000000		2.06045		0.36155
	6520.00000000		2.27862		0.39437
	6525.00000000		1.87332		0.49796
	6530.00000000		2.28619		0.50451
	6535.00000000		2.05869		0.42240
	6540.00000000		2.07602		0.37797
	6545.00000000		2.31099		0.45586
	6550.00000000		1.88790		0.49419
	6555.00000000		2.27804		0.38591
	6560.00000000		2.09316		0.20122
	6565.00000000		2.00060		0.07607
	6570.00000000		2.29748		0.16847
	6575.00000000		1.92193		0.37909
	6580.00000000		2.20513		0.46017
	6585.00000000		2.13353		0.37094
	6590.00000000		1.97849		0.24512
	6595.00000000		2.22802		0.27602
	6600.00000000		1.92252		0.44802
	6605.00000000		2.21394		0.54287
	6610.00000000		2.09699		0.49867
	6615.00000000		2.01711		0.39917
	6620.00000000		2.24730		0.37732
	6625.00000000		1.89920		0.40498
	6630.00000000		2.22042		0.43208
	6635.00000000		2.11979		0.48245
	6640.00000000		2.00019		0.65489
	6645.00000000		2.25213		0.76987
	6650.00000000		1.92547		0.72641
	6655.00000000		2.20295		0.61580
	6660.00000000		2.11577		0.59253
	6665.00000000		1.98364		0.69013
	6670.00000000		2.23945		0.75473
	6675.00000000		1.91943		0.71099
	6680.00000000		2.19853		0.66047
	6685.00000000		2.13297		0.74698
	6690.00000000		1.99127		1.06536
	6695.00000000		2.20967		1.28975
	6700.00000000		1.92560		1.29190
	6705.00000000		2.26180		1.20215
	6710.00000000		1.88433		1.18215
	6715.00000000		2.23724		1.23934
	6720.00000000		1.93768		1.29890
	6725.00000000		2.18707		1.32729
	6730.00000000		2.05143		1.36043
	6735.00000000		2.10355		1.48338
	6740.00000000		2.14057		1.51342
	6745.00000000		1.99338		1.41034
	6750.00000000		2.19677		1.29988
	6755.00000000		1.91822		1.30312
	6760.00000000		2.26967		1.35924
	6765.00000000		1.86422		1.38587
	6770.00000000		2.25709		1.30693
	6775.00000000		1.89481		1.20346
	6780.00000000		2.21115		1.16013
	6785.00000000		1.99203		1.18803
	6790.00000000		2.12343		1.18782
	6795.00000000		2.09424		1.14714
	6800.00000000		2.00327		1.16181
	6805.00000000		2.17106		1.26835
	6810.00000000		1.94302		1.42238
	6815.00000000		2.25669		1.48258
	6820.00000000		1.88432		1.48532
	6825.00000000		2.27698		1.51143
	6830.00000000		1.90916		1.55378
	6835.00000000		2.22308		1.53932
	6840.00000000		2.00791		1.48171
	6845.00000000		2.12863		1.46003
	6850.00000000		2.19029		1.48009
	6855.00000000		1.94714		1.46643
	6860.00000000		2.26404		1.33595
	6865.00000000		1.88136		1.13181
	6870.00000000		2.23383		0.96384
	6875.00000000		1.99768		0.86623
	6880.00000000		2.09086		0.86186
	6885.00000000		2.17825		0.85177
	6890.00000000		1.91819		0.75008
	6895.00000000		2.28075		0.67046
	6900.00000000		1.97851		0.58811
	6905.00000000		2.09388		0.55306
	6910.00000000		2.26367		0.59510
	6915.00000000		1.88835		0.72544
	6920.00000000		2.25446		0.92351
	6925.00000000		2.03924		0.99216
	6930.00000000		2.06881		1.01811
	6935.00000000		2.26024		1.03048
	6940.00000000		1.84156		1.01344
	6945.00000000		2.29497		1.00109
	6950.00000000		2.01891		0.90404
	6955.00000000		2.08129		0.77353
	6960.00000000		2.29040		0.69205
	6965.00000000		1.88976		0.60641
	6970.00000000		2.22865		0.56436
	6975.00000000		2.12439		0.52174
	6980.00000000		1.95313		0.51971
	6985.00000000		2.31868		0.58509
	6990.00000000		1.99662		0.62527
	6995.00000000		2.07927		0.60926
	7000.00000000		2.31016		0.49649
	7005.00000000		1.90936		0.27455
	7010.00000000		2.19237		0.10880
	7015.00000000		2.11991		0.14988
	7020.00000000		1.94950		0.26348
	7025.00000000		2.29585		0.29797
	7030.00000000		1.99036		0.34852
	7035.00000000		2.11072		0.54943
	7040.00000000		2.30389		0.74514
	7045.00000000		1.85275		0.80539
	7050.00000000		2.24744		0.81142
	7055.00000000		2.15023		0.78994
	7060.00000000		1.93618		0.86204
	7065.00000000		2.27561		0.97422
	7070.00000000		1.89561		0.94908
	7075.00000000		2.18882		0.82819
	7080.00000000		2.19577		0.69254
	7085.00000000		1.89401		0.58458
	7090.00000000		2.26937		0.67266
	7095.00000000		2.02460		0.71995
	7100.00000000		2.05183		0.72275
	7105.00000000		2.26294		0.69817
	7110.00000000		1.94121		0.63356
	7115.00000000		2.14916		0.59297
	7120.00000000		2.22459		0.53791
	7125.00000000		1.91289		0.43713
	7130.00000000		2.21754		0.36718
	7135.00000000		2.16646		0.38675
	7140.00000000		1.93727		0.46504
	7145.00000000		2.28677		0.47413
	7150.00000000		2.09597		0.34535
	7155.00000000		1.99648		0.06658
	7160.00000000		2.30714		-0.06334
	7165.00000000		1.96362		0.02021
	7170.00000000		2.10091		0.19217
	7175.00000000		2.26095		0.19469
	7180.00000000		1.89100		0.17296
	7185.00000000		2.22297		0.24412
	7190.00000000		2.18335		0.39020
	7195.00000000		1.91309		0.51503
	7200.00000000		2.28167		0.54010
	7205.00000000		2.10760		0.51104
	7210.00000000		1.97105		0.58636
	7215.00000000		2.24640		0.72523
	7220.00000000		1.95086		0.78022
	7225.00000000		2.11127		0.76801
	7230.00000000		2.21732		0.73059
	7235.00000000		1.88259		0.73092
	7240.00000000		2.20875		0.79172
	7245.00000000		2.07035		0.81619
	7250.00000000		1.98573		0.79563
	7255.00000000		2.26884		0.84265
	7260.00000000		1.93967		0.89725
	7265.00000000		2.11955		0.98331
	7270.00000000		2.14022		0.97205
	7275.00000000		1.92667		0.81880
	7280.00000000		2.25302		0.74138
	7285.00000000		2.06420		0.70540
	7290.00000000		1.97933		0.75309
	7295.00000000		2.23326		0.80638
	7300.00000000		1.98495		0.82991
	7305.00000000		2.07904		0.97036
	7310.00000000		2.20758		1.13415
	7315.00000000		1.89585		1.26844
	7320.00000000		2.23833		1.28606
	7325.00000000		1.94603		1.28944
	7330.00000000		2.15980		1.33522
	7335.00000000		2.10570		1.38559
	7340.00000000		2.00353		1.39914
	7345.00000000		2.24183		1.35737
	7350.00000000		1.88512		1.31737
	7355.00000000		2.21830		1.33199
	7360.00000000		1.98879		1.37432
	7365.00000000		2.10105		1.43974
	7370.00000000		2.14100		1.45930
	7375.00000000		1.97496		1.46249
	7380.00000000		2.24287		1.47726
	7385.00000000		1.89871		1.54497
	7390.00000000		2.21731		1.62438
	7395.00000000		1.99699		1.67441
	7400.00000000		2.12793		1.67360
	7405.00000000		2.11790		1.62686
	7410.00000000		1.98954		1.57198
	7415.00000000		2.21365		1.54066
	7420.00000000		1.92763		1.54918
	7425.00000000		2.19375		1.53190
	7430.00000000		1.95817		1.49161
	7435.00000000		2.12339		1.39274
	7440.00000000		2.09037		1.31925
	7445.00000000		1.98375		1.28070
	7450.00000000		2.21332		1.32602
	7455.00000000		1.89429		1.39341
	7460.00000000		2.20163		1.37270
	7465.00000000		1.98633		1.34555
	7470.00000000		2.10052		1.38923
	7475.00000000		2.19243		1.49254
	7480.00000000		1.91507		1.55104
	7485.00000000		2.22039		1.46061
	7490.00000000		1.94962		1.30664
	7495.00000000		2.11510		1.22098
	7500.00000000		2.07864		1.27175
	7505.00000000		1.98716		1.36583
	7510.00000000		2.16383		1.35851
	7515.00000000		1.89615		1.31549
	7520.00000000		2.22607		1.34808
	7525.00000000		2.05320		1.50528
	7530.00000000		2.05902		1.68253
	7535.00000000		2.14051		1.64340
	7540.00000000		1.96596		1.45587
	7545.00000000		2.16818		1.37816
	7550.00000000		1.95713		1.52351
	7555.00000000		2.13708		1.68358
	7560.00000000		2.02250		1.69785
	7565.00000000		2.08575		1.61760
	7570.00000000		2.15119		1.67541
	7575.00000000		1.98568		1.91880
	7580.00000000		2.17476		2.04061
	7585.00000000		1.96538		1.94574
	7590.00000000		2.21930		1.81946
	7595.00000000		2.00320		1.86958
	7600.00000000		2.10660		1.99149
	7605.00000000		2.10221		1.99661
	7610.00000000		2.01650		1.92413
	7615.00000000		2.17794		1.96996
	7620.00000000		2.02189		2.19608
	7625.00000000		2.13290		2.38519
	7630.00000000		2.00932		2.34391
	7635.00000000		2.15305		2.23962
	7640.00000000		2.02913		2.28710
	7645.00000000		2.14078		2.46819
	7650.00000000		2.02487		2.55251
	7655.00000000		2.11844		2.42136
	7660.00000000		2.16109		2.34196
	7665.00000000		1.99258		2.35482
	7670.00000000		2.17773		2.34368
	7675.00000000		1.93486		2.20154
	7680.00000000		2.20573		2.06111
	7685.00000000		1.99696		2.14582
	7690.00000000		2.18663		2.48179
	7695.00000000		2.10022		2.72673
	7700.00000000		2.02655		2.65127
	7705.00000000		2.25418		2.45530
	7710.00000000		1.92088		2.47639
	7715.00000000		2.26558		2.67181
	7720.00000000		1.95104		2.77614
	7725.00000000		2.18234		2.52970
	7730.00000000		2.11002		2.22385
	7735.00000000		2.04346		2.25289
	7740.00000000		2.20293		2.45717
	7745.00000000		1.93419		2.64629
	7750.00000000		2.23136		2.58905
	7755.00000000		1.94226		2.40889
	7760.00000000		2.21406		2.46791
	7765.00000000		2.08871		2.69836
	7770.00000000		2.05560		2.99270
	7775.00000000		2.19803		2.98507
	7780.00000000		1.94803		2.71428
	7785.00000000		2.29301		2.74622
	7790.00000000		1.94285		2.93806
	7795.00000000		2.19607		3.06865
	7800.00000000		2.05500		2.90878
	7805.00000000		2.06874		2.60740
	7810.00000000		2.20383		2.71186
	7815.00000000		1.96065		-3.08978
	7820.00000000		2.24205		-2.80721
	7825.00000000		1.92912		-2.83269
	7830.00000000		2.25566		-3.07735
	7835.00000000		1.97147		-3.07473
	7840.00000000		2.16401		-2.90824
	7845.00000000		2.06247		-2.91002
	7850.00000000		2.07820		-3.11414
	7855.00000000		2.18022		2.97240
	7860.00000000		1.96107		3.03509
	7865.00000000		2.22278		3.05091
	7870.00000000		1.90064		2.87085
	7875.00000000		2.25547		2.62639
	7880.00000000		1.97042		2.60025
	7885.00000000		2.14219		2.76829
	7890.00000000		2.09617		2.90431
	7895.00000000		2.01904		2.83909
	7900.00000000		2.22308		2.69683
	7905.00000000		1.90088		2.72271
	7910.00000000		2.24276		2.90363
	7915.00000000		1.91463		3.02547
	7920.00000000		2.20891		2.88356
	7925.00000000		2.03906		2.79011
	7930.00000000		2.08356		2.85393
	7935.00000000		2.15650		3.01704
	7940.00000000		1.95640		3.11343
	7945.00000000		2.24700		3.09987
	7950.00000000		1.89013		3.13202
	7955.00000000		2.26572		-3.05886
	7960.00000000		1.89812		-3.03812
	7965.00000000		2.22678		3.07482
	7970.00000000		2.01180		2.91177
	7975.00000000		2.12216		2.94996
	7980.00000000		2.20000		-3.11061
	7985.00000000		1.94651		-2.94532
	7990.00000000		2.25015		-2.98335
	7995.00000000		1.89286		-3.12206
	8000.00000000		2.26078		-3.13685
	8005.00000000		1.92162		-2.92726
	8010.00000000		2.22671		-2.81319
	8015.00000000		1.98888		-2.89192
	8020.00000000		2.15165		-2.95645
	8025.00000000		2.11905		-2.82430
	8030.00000000		2.01967		-2.67041
	8035.00000000		2.19016		-2.75166
	8040.00000000		1.93167		-2.93053
	8045.00000000		2.22340		-2.84481
	8050.00000000		1.94958		-2.39762
	8055.00000000		2.23580		-2.14337
	8060.00000000		1.92256		-2.43082
	8065.00000000		2.27075		-2.79556
	8070.00000000		1.91364		-2.81220
	8075.00000000		2.22932		-2.59730
	8080.00000000		2.03889		-2.51307
	8085.00000000		2.11859		-2.60733
	8090.00000000		2.20602		-2.63735
	8095.00000000		1.95505		-2.54327
	8100.00000000		2.26100		-2.48468
	8105.00000000		1.87527		-2.59704
	8110.00000000		2.28414		-2.68608
	8115.00000000		1.89992		-2.59418
	8120.00000000		2.24307		-2.44668
	8125.00000000		1.95331		-2.49151
	8130.00000000		2.19348		-2.68392
	8135.00000000		2.10858		-2.78660
	8140.00000000		2.04560		-2.67548
	8145.00000000		2.24362		-2.59710
	8150.00000000		1.89259		-2.70163
	8155.00000000		2.33335		-2.85960
	8160.00000000		1.84605		-2.89560
	8165.00000000		2.30838		-2.74373
	8170.00000000		1.98378		-2.65422
	8175.00000000		2.17804		-2.72469
	8180.00000000		2.16704		-2.88536
	8185.00000000		1.98991		-2.91870
	8190.00000000		2.27755		-2.78140
	8195.00000000		1.86067		-2.61263
	8200.00000000		2.34181		-2.59228
	8205.00000000		1.86438		-2.67343
	8210.00000000		2.26624		-2.69091
	8215.00000000		2.00395		-2.59113
	8220.00000000		2.14992		-2.50727
	8225.00000000		2.17153		-2.53173
	8230.00000000		1.98469		-2.58968
	8235.00000000		2.28621		-2.56285
	8240.00000000		1.85085		-2.43856
	8245.00000000		2.30760		-2.41895
	8250.00000000		1.88434		-2.46114
	8255.00000000		2.25813		-2.48895
	8260.00000000		2.07049		-2.40486
	8265.00000000		2.10520		-2.21666
	8270.00000000		2.22810		-2.19034
	8275.00000000		1.92722		-2.35565
	8280.00000000		2.31639		-2.40648
	8285.00000000		1.84744		-2.25958
	8290.00000000		2.30850		-2.05673
	8295.00000000		1.93602		-1.98713
	8300.00000000		2.22578		-2.06178
	8305.00000000		2.10882		-2.11434
	8310.00000000		2.04521		-2.09262
	8315.00000000		2.21578		-2.01906
	8320.00000000		1.93560		-1.96840
	8325.00000000		2.30595		-1.89770
	8330.00000000		1.87040		-1.82665
	8335.00000000		2.28122		-1.84606
	8340.00000000		1.91908		-1.91611
	8345.00000000		2.22249		-1.93823
	8350.00000000		2.08695		-1.79071
	8355.00000000		2.07110		-1.59923
	8360.00000000		2.24325		-1.65255
	8365.00000000		1.91716		-1.81432
	8370.00000000		2.29719		-1.78710
	8375.00000000		1.90063		-1.62341
	8380.00000000		2.23976		-1.60401
	8385.00000000		2.03249		-1.81871
	8390.00000000		2.11735		-2.02701
	8395.00000000		2.14643		-1.93910
	8400.00000000		1.98743		-1.79644
	8405.00000000		2.22635		-1.87819
	8410.00000000		1.90923		-2.25206
	8415.00000000		2.26000		-2.28584
	8420.00000000		1.88707		-1.85692
	8425.00000000		2.28069		-1.59200
	8430.00000000		1.95811		-1.64495
	8435.00000000		2.17179		-1.73350
	8440.00000000		2.13038		-1.60946
	8445.00000000		1.98378		-1.43417
	8450.00000000		2.26543		-1.52413
	8455.00000000		1.87608		-1.80587
	8460.00000000		2.24901		-1.83636
	8465.00000000		1.93711		-1.55730
	8470.00000000		2.17659		-1.31154
	8475.00000000		2.14968		-1.45573
	8480.00000000		1.98139		-1.85560
	8485.00000000		2.11735		-1.87715
	8490.00000000		1.98698		-1.45802
	8495.00000000		2.21720		-1.22521
	8500.00000000		1.94530		-1.36115
	8505.00000000		2.20383		-1.58584
	8510.00000000		2.01966		-1.57109
	8515.00000000		2.07466		-1.36619
	8520.00000000		2.22329		-1.40885
	8525.00000000		1.91023		-1.77386
	8530.00000000		2.23418		-1.81101
	8535.00000000		1.93051		-1.48595
	8540.00000000		2.16484		-1.33567
	8545.00000000		2.08372		-1.52141
	8550.00000000		2.03222		-1.88004
	8555.00000000		2.11375		-1.76630
	8560.00000000		2.01052		-1.38802
	8565.00000000		2.15169		-1.33507
	8570.00000000		2.01891		-1.61964
	8575.00000000		2.10334		-1.85696
	8580.00000000		2.01835		-1.69400
	8585.00000000		2.07926		-1.47554
	8590.00000000		2.08472		-1.61362
	8595.00000000		2.05609		-2.14132
	8600.00000000		2.04174		-2.36322
	8605.00000000		2.02636		-2.16199
	8610.00000000		2.04497		-2.07028
	8615.00000000		2.02187		-2.34552
	8620.00000000		2.07324		-2.63035
	8625.00000000		2.00911		-2.57424
	8630.00000000		2.06254		-2.35614
	8635.00000000		1.98543		-2.35398
	8640.00000000		2.08246		-2.68632
	8645.00000000		2.00036		-2.78071
	8650.00000000		2.10445		-2.50515
	8655.00000000		1.99561		-2.10614
	8660.00000000		2.10239		-2.14623
	8665.00000000		2.03270		-2.97475
	8670.00000000		2.11951		3.03193
	8675.00000000		1.98604		-3.07513
	8680.00000000		2.11734		-2.88866
	8685.00000000		2.03698		3.01532
	8690.00000000		2.08822		2.30272
	8695.00000000		2.10245		2.42693
	8700.00000000		1.99121		2.68338
	8705.00000000		2.07227		2.76162
	8710.00000000		2.01100		2.60069
	8715.00000000		2.12864		2.39004
	8720.00000000		2.01215		2.40718
	8725.00000000		2.08197		2.45423
	8730.00000000		2.03318		2.20063
	8735.00000000		2.09586		1.86936
	8740.00000000		2.06576		1.75919
	8745.00000000		2.05107		1.93444
	8750.00000000		2.09977		2.02330
	8755.00000000		2.02482		1.82649
	8760.00000000		2.14883		1.66981
	8765.00000000		1.99901		1.73712
	8770.00000000		2.10913		1.81192
	8775.00000000		2.03477		1.67900
	8780.00000000		2.04712		1.42330
	8785.00000000		2.09163		1.33882
	8790.00000000		2.00336		1.55472
	8795.00000000		2.13759		1.80296
	8800.00000000		2.00255		1.75861
	8805.00000000		2.11619		1.48682
	8810.00000000		2.08936		1.36300
	8815.00000000		1.97595		1.44393
	8820.00000000		2.16102		1.56374
	8825.00000000		1.96822		1.58495
	8830.00000000		2.09968		1.47142
	8835.00000000		2.11789		1.36646
	8840.00000000		1.94152		1.34799
	8845.00000000		2.14208		1.42585
	8850.00000000		1.98929		1.52457
	8855.00000000		2.07177		1.58162
	8860.00000000		2.10905		1.56949
	8865.00000000		1.96868		1.51556
	8870.00000000		2.12250		1.48786
	8875.00000000		2.03669		1.56660
	8880.00000000		2.03937		1.72819
	8885.00000000		2.13368		1.83801
	8890.00000000		1.98866		1.80843
	8895.00000000		2.13449		1.67656
	8900.00000000		2.09143		1.66049
	8905.00000000		2.00687		1.71871
	8910.00000000		2.12555		1.77596
	8915.00000000		1.97912		1.77919
	8920.00000000		2.10562		1.77715
	8925.00000000		2.09447		1.84667
	8930.00000000		2.02717		1.95478
	8935.00000000		2.12042		1.95056
	8940.00000000		1.99049		1.82051
	8945.00000000		2.13245		1.71512
	8950.00000000		2.03396		1.76263
	8955.00000000		2.05702		1.91194
	8960.00000000		2.12657		1.95284
	8965.00000000		1.98402		1.92369
	8970.00000000		2.14038		1.94000
	8975.00000000		2.06209		2.09321
	8980.00000000		2.04403		2.21331
	8985.00000000		2.11612		2.10985
	8990.00000000		2.00649		1.91056
	8995.00000000		2.11544		1.90940
	9000.00000000		2.07438		2.11536
	9005.00000000		2.04464		2.22719
	9010.00000000		2.09391		2.08193
	9015.00000000		2.05248		1.82348
	9020.00000000		2.07494		1.80461
	9025.00000000		2.06350		1.96244
	9030.00000000		2.05231		2.03136
	9035.00000000		2.06175		1.87834
	9040.00000000		2.06996		1.71355
	9045.00000000		2.02833		1.77493
	9050.00000000		2.09476		1.99574
	9055.00000000		2.06306		2.11660
	9060.00000000		2.03440		1.98809
	9065.00000000		2.14343		1.80035
	9070.00000000		2.02599		1.76079
	9075.00000000		2.05473		1.94501
	9080.00000000		2.10748		2.05242
	9085.00000000		2.00340		1.97412
	9090.00000000		2.12955		1.84924
	9095.00000000		2.06810		1.88431
	9100.00000000		2.00094		2.09855
	9105.00000000		2.15198		2.18516
	9110.00000000		2.00363		2.12930
	9115.00000000		2.11998		2.02563
	9120.00000000		2.11439		2.01958
	9125.00000000		1.95253		2.05958
	9130.00000000		2.18943		2.11115
	9135.00000000		2.00412		2.21394
	9140.00000000		2.12080		2.47754
	9145.00000000		2.13695		2.69128
	9150.00000000		1.95213		2.69047
	9155.00000000		2.21539		2.58132
	9160.00000000		1.94460		2.56996
	9165.00000000		2.14471		2.70366
	9170.00000000		2.02497		2.84515
	9175.00000000		2.05584		2.97190
	9180.00000000		2.08035		2.99734
	9185.00000000		2.03607		3.11920
	9190.00000000		2.11716		-3.01364
	9195.00000000		1.96715		-2.80622
	9200.00000000		2.15226		-2.68167
	9205.00000000		1.93069		-2.75253
	9210.00000000		2.17139		-2.83072
	9215.00000000		1.95546		-2.84156
	9220.00000000		2.10834		-2.76220
	9225.00000000		1.99717		-2.74598
	9230.00000000		2.07443		-2.76528
	9235.00000000		2.06152		-2.77733
	9240.00000000		2.01112		-2.76312
	9245.00000000		2.08992		-2.77351
	9250.00000000		2.00499		-2.81929
	9255.00000000		2.11121		-2.82787
	9260.00000000		1.98556		-2.70159
	9265.00000000		2.11578		-2.55517
	9270.00000000		1.94425		-2.46121
	9275.00000000		2.21481		-2.32917
	9280.00000000		1.96241		-2.21388
	9285.00000000		2.13653		-2.31302
	9290.00000000		2.06484		-2.38278
	9295.00000000		2.02340		-2.30372
	9300.00000000		2.16020		-2.09312
	9305.00000000		1.99105		-1.71303
	9310.00000000		2.12644		-1.73588
	9315.00000000		2.00847		-2.18928
	9320.00000000		2.07912		-2.50944
	9325.00000000		1.97832		-2.62479
	9330.00000000		2.09863		-2.46562
	9335.00000000		2.02655		-2.09242
	9340.00000000		2.05764		-1.89381
	9345.00000000		2.04266		-1.94590
	9350.00000000		2.03640		-1.97463
	9355.00000000		2.06119		-1.84575
	9360.00000000		2.02703		-1.61297
	9365.00000000		2.07476		-1.55350
	9370.00000000		2.02571		-1.60049
	9375.00000000		2.08247		-1.57344
	9380.00000000		2.06808		-1.45600
	9385.00000000		2.02970		-1.46577
	9390.00000000		2.07279		-1.69186
	9395.00000000		2.01410		-1.88372
	9400.00000000		2.07182		-1.79940
	9405.00000000		2.05181		-1.53950
	9410.00000000		2.03490		-1.53056
	9415.00000000		2.08600		-1.69923
	9420.00000000		2.00334		-1.74814
	9425.00000000		2.08141		-1.54709
	9430.00000000		2.07777		-1.32314
	9435.00000000		2.00585		-1.31064
	9440.00000000		2.11108		-1.46798
	9445.00000000		2.04388		-1.50069
	9450.00000000		2.02862		-1.36013
	9455.00000000		2.09480		-1.26794
	9460.00000000		2.01180		-1.32720
	9465.00000000		2.08864		-1.51792
	9470.00000000		2.04762		-1.52146
	9475.00000000		2.01121		-1.38847
	9480.00000000		2.06039		-1.30590
	9485.00000000		1.99071		-1.29732
	9490.00000000		2.07544		-1.24132
	9495.00000000		2.03217		-1.10318
	9500.00000000		2.00978		-0.94608
	9505.00000000		2.05318		-0.89720
	9510.00000000		2.01624		-0.99713
	9515.00000000		2.08486		-1.05333
	9520.00000000		2.00755		-0.96407
	9525.00000000		2.08795		-0.80001
	9530.00000000		2.05803		-0.78070
	9535.00000000		2.06904		-0.90572
	9540.00000000		2.07536		-0.99761
	9545.00000000		2.00117		-0.97504
	9550.00000000		2.08115		-0.89028
	9555.00000000		2.03394		-0.82946
	9560.00000000		2.08413		-0.80564
	9565.00000000		2.10057		-0.79707
	9570.00000000		2.01094		-0.76389
	9575.00000000		2.09668		-0.75517
	9580.00000000		2.05970		-0.75657
	9585.00000000		2.03925		-0.75350
	9590.00000000		2.14634		-0.73237
	9595.00000000		2.02936		-0.75053
	9600.00000000		2.05948		-0.78023
	9605.00000000		2.13811		-0.79193
	9610.00000000		2.00345		-0.76867
	9615.00000000		2.11223		-0.72668
	9620.00000000		2.07244		-0.72101
	9625.00000000		2.01105		-0.69866
	9630.00000000		2.16097		-0.66633
	9635.00000000		2.04155		-0.63625
	9640.00000000		2.04353		-0.68291
	9645.00000000		2.15908		-0.79878
	9650.00000000		2.01775		-0.98947
	9655.00000000		2.08359		-1.10339
	9660.00000000		2.09401		-1.06480
	9665.00000000		2.00446		-1.02732
	9670.00000000		2.10111		-0.99799
	9675.00000000		2.05480		-0.93327
	9680.00000000		2.10057		-0.76630
	9685.00000000		2.12481		-0.69761
	9690.00000000		2.00076		-0.79866
	9695.00000000		2.09243		-0.99858
	9700.00000000		2.10122		-1.10176
	9705.00000000		2.02853		-1.08457
	9710.00000000		2.11083		-1.00834
	9715.00000000		2.06414		-1.07474
	9720.00000000		2.06880		-1.31851
	9725.00000000		2.16196		-1.59006
	9730.00000000		1.95229		-1.74590
	9735.00000000		2.12824		-1.51851
	9740.00000000		2.17448		-1.22148
	9745.00000000		1.98745		-1.03614
	9750.00000000		2.15113		-0.92531
	9755.00000000		2.08227		-0.85115
	9760.00000000		2.00246		-0.80568
	9765.00000000		2.11416		-0.83317
	9770.00000000		1.93278		-0.97208
	9775.00000000		2.13831		-1.11585
	9780.00000000		2.11114		-1.21022
	9785.00000000		1.97788		-1.34072
	9790.00000000		2.16645		-1.43327
	9795.00000000		2.07925		-1.59053
	9800.00000000		1.98394		-1.78181
	9805.00000000		2.11739		-1.84139
	9810.00000000		1.94495		-1.71656
	9815.00000000		2.21619		-1.48417
	9820.00000000		2.10453		-1.34938
	9825.00000000		1.97727		-1.28562
	9830.00000000		2.19196		-1.31392
	9835.00000000		2.10065		-1.42277
	9840.00000000		1.97320		-1.65318
	9845.00000000		2.15703		-1.81039
	9850.00000000		1.94650		-1.93028
	9855.00000000		2.13267		-1.93119
	9860.00000000		1.99635		-1.91964
	9865.00000000		2.06826		-1.91529
	9870.00000000		2.10572		-1.87861
	9875.00000000		1.96848		-1.79738
	9880.00000000		2.17170		-1.68381
	9885.00000000		1.96146		-1.66819
	9890.00000000		2.10879		-1.65977
	9895.00000000		2.12203		-1.66622
	9900.00000000		1.95833		-1.65408
	9905.00000000		2.19158		-1.72922
	9910.00000000		2.01094		-1.90942
	9915.00000000		2.06463		-2.07093
	9920.00000000		2.10874		-2.08401
	9925.00000000		1.95638		-1.98516
	9930.00000000		2.16046		-1.93597
	9935.00000000		1.94421		-1.93699
	9940.00000000		2.14746		-1.96002
	9945.00000000		2.01694		-2.03026
	9950.00000000		2.05380		-2.22407
	9955.00000000		2.11111		-2.39109
	9960.00000000		1.95716		-2.43762
	9965.00000000		2.17616		-2.30397
	9970.00000000		1.91836		-2.15246
	9975.00000000		2.18152		-2.14579
	9980.00000000		1.99861		-2.25104
	9985.00000000		2.08211		-2.36418
	9990.00000000		2.07991		-2.23329
	9995.00000000		1.98176		-2.07058
	10000.00000000		2.20278		-2.01682
