	0.00000000		9.38213		-0.53514
	0.00000000		9.38213		-0.53514
	5.00000000		9.46345		-0.52341
	10.00000000		9.44059		-0.51514
	15.00000000		9.44069		-0.49514
	20.00000000		9.24709		-0.45962
	25.00000000		9.29330		-0.43338
	30.00000000		9.16406		-0.40039
	35.00000000		9.26543		-0.36262
	40.00000000		9.22504		-0.30902
	45.00000000		9.28889		-0.26320
	50.00000000		9.27872		-0.22752
	55.00000000		9.12788		-0.21321
	60.00000000		9.05257		-0.19798
	65.00000000		8.93208		-0.17853
	70.00000000		9.07653		-0.17112
	75.00000000		9.01907		-0.17763
	80.00000000		8.99432		-0.20328
	85.00000000		8.78095		-0.22118
	90.00000000		8.76026		-0.24221
	95.00000000		8.93039		-0.25898
	100.00000000		9.09013		-0.29636
	105.00000000		9.19343		-0.33701
	110.00000000		8.97942		-0.35820
	115.00000000		8.97308		-0.35900
	120.00000000		8.98260		-0.35883
	125.00000000		9.08717		-0.36519
	130.00000000		8.94460		-0.35679
	135.00000000		8.83359		-0.35846
	140.00000000		8.86282		-0.35348
	145.00000000		9.09718		-0.34979
	150.00000000		9.21240		-0.31933
	155.00000000		9.04947		-0.28491
	160.00000000		8.89677		-0.28014
	165.00000000		8.84042		-0.28285
	170.00000000		9.04312		-0.27164
	175.00000000		9.14101		-0.26478
	180.00000000		9.19147		-0.24560
	185.00000000		9.11769		-0.22504
	190.00000000		9.18933		-0.22872
	195.00000000		9.41492		-0.22679
	200.00000000		9.66789		-0.24442
	205.00000000		9.78661		-0.24115
	210.00000000		9.56038		-0.23711
	215.00000000		9.47205		-0.22831
	220.00000000		9.51285		-0.22479
	225.00000000		9.70616		-0.22226
	230.00000000		9.62104		-0.20967
	235.00000000		9.41671		-0.19027
	240.00000000		9.34255		-0.18305
	245.00000000		9.39633		-0.19400
	250.00000000		9.49476		-0.21105
	255.00000000		9.33805		-0.23324
	260.00000000		9.17344		-0.25616
	265.00000000		9.01549		-0.30153
	270.00000000		9.14564		-0.33077
	275.00000000		9.36693		-0.35431
	280.00000000		9.51079		-0.37224
	285.00000000		9.36141		-0.39557
	290.00000000		9.04343		-0.41796
	295.00000000		8.70339		-0.43883
	300.00000000		8.55975		-0.45776
	305.00000000		8.65186		-0.45506
	310.00000000		8.70921		-0.45707
	315.00000000		8.78283		-0.46499
	320.00000000		8.75472		-0.48325
	325.00000000		8.85903		-0.49643
	330.00000000		8.93814		-0.49202
	335.00000000		8.97805		-0.47214
	340.00000000		8.92106		-0.46759
	345.00000000		8.72718		-0.46816
	350.00000000		8.55092		-0.47008
	355.00000000		8.43912		-0.45673
	360.00000000		8.47204		-0.43062
	365.00000000		8.43718		-0.42817
	370.00000000		8.34789		-0.44371
	375.00000000		8.15997		-0.47780
	380.00000000		8.15480		-0.49770
	385.00000000		8.24031		-0.49372
	390.00000000		8.33731		-0.47391
	395.00000000		8.27610		-0.45603
	400.00000000		8.17708		-0.46257
	405.00000000		8.31856		-0.46830
	410.00000000		8.55745		-0.46929
	415.00000000		8.83384		-0.45686
	420.00000000		8.91019		-0.42487
	425.00000000		8.86900		-0.38671
	430.00000000		8.73184		-0.38235
	435.00000000		8.74151		-0.38822
	440.00000000		8.95250		-0.40632
	445.00000000		9.23478		-0.42112
	450.00000000		9.44981		-0.40476
	455.00000000		9.45239		-0.38505
	460.00000000		9.40909		-0.36398
	465.00000000		9.30158		-0.36171
	470.00000000		9.35551		-0.36701
	475.00000000		9.39841		-0.37156
	480.00000000		9.48467		-0.36931
	485.00000000		9.47080		-0.37620
	490.00000000		9.33946		-0.38217
	495.00000000		9.24481		-0.39336
	500.00000000		9.04698		-0.40292
	505.00000000		9.02895		-0.41765
	510.00000000		9.07589		-0.44567
	515.00000000		9.28011		-0.47566
	520.00000000		9.36635		-0.51868
	525.00000000		9.31335		-0.52461
	530.00000000		9.02899		-0.52448
	535.00000000		8.71661		-0.51695
	540.00000000		8.55176		-0.52817
	545.00000000		8.55936		-0.55768
	550.00000000		8.62387		-0.58167
	555.00000000		8.47168		-0.57343
	560.00000000		8.33093		-0.56003
	565.00000000		8.11038		-0.56250
	570.00000000		8.12880		-0.57612
	575.00000000		8.16279		-0.60873
	580.00000000		8.17819		-0.61361
	585.00000000		8.07710		-0.59876
	590.00000000		8.02791		-0.57786
	595.00000000		8.08927		-0.58774
	600.00000000		8.16420		-0.59548
	605.00000000		8.21743		-0.58170
	610.00000000		8.16473		-0.55250
	615.00000000		8.27463		-0.54039
	620.00000000		8.42672		-0.56012
	625.00000000		8.69400		-0.58053
	630.00000000		8.78574		-0.57343
	635.00000000		8.90075		-0.54845
	640.00000000		8.95359		-0.53811
	645.00000000		9.15157		-0.53808
	650.00000000		9.34840		-0.55002
	655.00000000		9.50532		-0.54148
	660.00000000		9.60602		-0.55188
	665.00000000		9.58613		-0.55231
	670.00000000		9.57591		-0.53086
	675.00000000		9.59996		-0.51255
	680.00000000		9.79474		-0.48049
	685.00000000		9.95393		-0.45320
	690.00000000		10.16897		-0.42618
	695.00000000		10.17159		-0.38693
	700.00000000		10.22720		-0.32415
	705.00000000		10.18737		-0.27132
	710.00000000		10.11989		-0.24748
	715.00000000		10.04920		-0.26101
	720.00000000		9.93203		-0.27183
	725.00000000		9.86712		-0.26976
	730.00000000		9.72580		-0.24238
	735.00000000		9.52504		-0.22716
	740.00000000		9.35483		-0.23389
	745.00000000		9.29334		-0.23743
	750.00000000		9.37533		-0.24453
	755.00000000		9.47724		-0.23761
	760.00000000		9.49445		-0.23862
	765.00000000		9.49767		-0.24608
	770.00000000		9.48946		-0.26473
	775.00000000		9.56858		-0.29812
	780.00000000		9.63785		-0.33552
	785.00000000		9.61057		-0.33751
	790.00000000		9.51931		-0.33075
	795.00000000		9.56698		-0.33292
	800.00000000		9.72432		-0.35067
	805.00000000		9.91215		-0.38626
	810.00000000		9.90445		-0.41036
	815.00000000		9.76717		-0.44102
	820.00000000		9.68167		-0.46595
	825.00000000		9.73624		-0.49800
	830.00000000		9.90003		-0.51642
	835.00000000		9.85646		-0.50097
	840.00000000		9.72503		-0.49971
	845.00000000		9.55199		-0.53057
	850.00000000		9.54428		-0.55118
	855.00000000		9.68855		-0.55978
	860.00000000		9.77302		-0.52505
	865.00000000		9.68560		-0.47543
	870.00000000		9.50247		-0.46375
	875.00000000		9.31835		-0.44613
	880.00000000		9.35040		-0.43251
	885.00000000		9.56311		-0.39387
	890.00000000		9.71229		-0.36114
	895.00000000		9.85247		-0.37136
	900.00000000		9.73527		-0.37985
	905.00000000		9.55680		-0.38836
	910.00000000		9.40686		-0.41124
	915.00000000		9.29650		-0.43715
	920.00000000		9.29006		-0.46125
	925.00000000		9.29071		-0.48545
	930.00000000		9.27525		-0.50009
	935.00000000		9.17067		-0.52061
	940.00000000		9.00430		-0.55108
	945.00000000		8.94708		-0.58929
	950.00000000		9.03099		-0.59382
	955.00000000		9.15041		-0.59520
	960.00000000		9.15230		-0.58662
	965.00000000		9.00870		-0.58078
	970.00000000		8.96238		-0.60603
	975.00000000		9.07801		-0.61454
	980.00000000		9.24312		-0.58481
	985.00000000		9.25969		-0.50701
	990.00000000		9.17374		-0.46032
	995.00000000		9.22452		-0.46882
	1000.00000000		9.43435		-0.53104
	1005.00000000		9.57731		-0.58534
	1010.00000000		9.57209		-0.55553
	1015.00000000		9.39396		-0.49662
	1020.00000000		9.32811		-0.48317
	1025.00000000		9.53350		-0.52711
	1030.00000000		9.77987		-0.59339
	1035.00000000		9.91938		-0.63815
	1040.00000000		9.91227		-0.63268
	1045.00000000		9.86767		-0.62121
	1050.00000000		9.77267		-0.61639
	1055.00000000		9.68268		-0.61512
	1060.00000000		9.46389		-0.61124
	1065.00000000		9.30895		-0.63442
	1070.00000000		9.29166		-0.67318
	1075.00000000		9.38381		-0.69991
	1080.00000000		9.43074		-0.68984
	1085.00000000		9.25977		-0.64550
	1090.00000000		9.06484		-0.63249
	1095.00000000		8.97409		-0.65197
	1100.00000000		9.07750		-0.68372
	1105.00000000		9.05995		-0.68621
	1110.00000000		8.98467		-0.66396
	1115.00000000		8.87510		-0.66086
	1120.00000000		8.95464		-0.69922
	1125.00000000		9.07097		-0.74528
	1130.00000000		9.10976		-0.76058
	1135.00000000		9.08232		-0.74924
	1140.00000000		8.88956		-0.75244
	1145.00000000		8.77095		-0.80687
	1150.00000000		8.60681		-0.89764
	1155.00000000		8.56507		-0.97185
	1160.00000000		8.50418		-0.99406
	1165.00000000		8.55706		-0.99671
	1170.00000000		8.56039		-1.01908
	1175.00000000		8.52873		-1.05141
	1180.00000000		8.44808		-1.05477
	1185.00000000		8.39437		-1.03467
	1190.00000000		8.52049		-1.01598
	1195.00000000		8.66730		-1.00787
	1200.00000000		8.75107		-1.00084
	1205.00000000		8.54256		-0.98137
	1210.00000000		8.30630		-0.97758
	1215.00000000		8.11172		-0.99023
	1220.00000000		8.21404		-1.01798
	1225.00000000		8.35627		-1.03865
	1230.00000000		8.36936		-1.01659
	1235.00000000		8.25593		-0.98786
	1240.00000000		8.12750		-1.01760
	1245.00000000		8.18821		-1.09795
	1250.00000000		8.24123		-1.18854
	1255.00000000		8.25879		-1.22551
	1260.00000000		8.12104		-1.18441
	1265.00000000		8.00635		-1.16430
	1270.00000000		7.94181		-1.19050
	1275.00000000		7.95867		-1.24591
	1280.00000000		7.99386		-1.26919
	1285.00000000		8.01918		-1.22840
	1290.00000000		8.08745		-1.15917
	1295.00000000		8.12182		-1.09819
	1300.00000000		8.17111		-1.06246
	1305.00000000		8.18439		-1.04471
	1310.00000000		8.20339		-1.03535
	1315.00000000		8.17591		-1.01099
	1320.00000000		8.11938		-0.98618
	1325.00000000		8.08375		-0.95826
	1330.00000000		8.03294		-0.94033
	1335.00000000		8.02793		-0.93837
	1340.00000000		7.97737		-0.95737
	1345.00000000		7.93962		-0.95546
	1350.00000000		7.88428		-0.94663
	1355.00000000		7.91747		-0.94601
	1360.00000000		7.96234		-0.96394
	1365.00000000		8.03766		-0.99955
	1370.00000000		8.06592		-1.02082
	1375.00000000		8.13016		-1.03790
	1380.00000000		8.26958		-1.05908
	1385.00000000		8.38816		-1.09995
	1390.00000000		8.43317		-1.14912
	1395.00000000		8.36169		-1.15671
	1400.00000000		8.37461		-1.09422
	1405.00000000		8.57715		-1.03159
	1410.00000000		8.86150		-0.97573
	1415.00000000		8.92559		-0.95926
	1420.00000000		8.81158		-0.98360
	1425.00000000		8.53932		-0.99615
	1430.00000000		8.54684		-1.00464
	1435.00000000		8.75006		-0.99126
	1440.00000000		8.88934		-0.95338
	1445.00000000		8.79132		-0.91126
	1450.00000000		8.58107		-0.90069
	1455.00000000		8.58317		-0.92498
	1460.00000000		8.82581		-0.96403
	1465.00000000		9.10721		-1.00342
	1470.00000000		9.22312		-1.04091
	1475.00000000		9.17299		-1.04921
	1480.00000000		9.04454		-1.05501
	1485.00000000		8.97709		-1.08957
	1490.00000000		9.00879		-1.13459
	1495.00000000		9.09943		-1.17758
	1500.00000000		9.18586		-1.19848
	1505.00000000		9.27387		-1.17619
	1510.00000000		9.34475		-1.10907
	1515.00000000		9.46371		-1.05220
	1520.00000000		9.57814		-1.00513
	1525.00000000		9.73432		-0.95960
	1530.00000000		9.85674		-0.92046
	1535.00000000		9.88258		-0.84495
	1540.00000000		9.75823		-0.81832
	1545.00000000		9.54806		-0.83848
	1550.00000000		9.43005		-0.85371
	1555.00000000		9.42790		-0.81813
	1560.00000000		9.44809		-0.74267
	1565.00000000		9.35484		-0.74055
	1570.00000000		9.35704		-0.81257
	1575.00000000		9.40166		-0.90277
	1580.00000000		9.56090		-0.97540
	1585.00000000		9.57591		-0.95024
	1590.00000000		9.50505		-0.86427
	1595.00000000		9.31535		-0.86245
	1600.00000000		9.31598		-0.92170
	1605.00000000		9.45485		-1.01077
	1610.00000000		9.51782		-1.03258
	1615.00000000		9.53007		-0.99034
	1620.00000000		9.31459		-0.94243
	1625.00000000		9.31804		-0.91058
	1630.00000000		9.46141		-0.90707
	1635.00000000		9.59326		-0.87764
	1640.00000000		9.48393		-0.85604
	1645.00000000		9.17022		-0.88882
	1650.00000000		8.77996		-0.96224
	1655.00000000		8.77747		-1.03808
	1660.00000000		8.89076		-1.09937
	1665.00000000		8.89164		-1.09131
	1670.00000000		8.78948		-1.08909
	1675.00000000		8.49712		-1.08192
	1680.00000000		8.61402		-1.12242
	1685.00000000		8.87553		-1.17410
	1690.00000000		9.10195		-1.20150
	1695.00000000		9.07161		-1.23021
	1700.00000000		8.85586		-1.19804
	1705.00000000		8.69795		-1.18868
	1710.00000000		8.79131		-1.22048
	1715.00000000		8.86858		-1.27893
	1720.00000000		8.80318		-1.27645
	1725.00000000		8.70688		-1.17675
	1730.00000000		8.61052		-1.04072
	1735.00000000		8.75572		-0.97304
	1740.00000000		8.91269		-1.01817
	1745.00000000		9.06367		-1.13231
	1750.00000000		9.04264		-1.15639
	1755.00000000		9.10594		-1.06365
	1760.00000000		9.16682		-0.96171
	1765.00000000		9.21680		-0.94390
	1770.00000000		9.30699		-1.08831
	1775.00000000		9.23699		-1.19345
	1780.00000000		9.32845		-1.15597
	1785.00000000		9.43988		-1.02360
	1790.00000000		9.59967		-0.91299
	1795.00000000		9.64063		-0.98203
	1800.00000000		9.60601		-1.12715
	1805.00000000		9.50176		-1.13761
	1810.00000000		9.52917		-1.06420
	1815.00000000		9.66050		-0.99899
	1820.00000000		9.67744		-1.00584
	1825.00000000		9.60689		-1.06781
	1830.00000000		9.32019		-1.04929
	1835.00000000		9.13365		-1.01101
	1840.00000000		9.06424		-0.95725
	1845.00000000		9.07258		-0.92718
	1850.00000000		9.02085		-0.98028
	1855.00000000		8.82319		-1.04960
	1860.00000000		8.62499		-1.07236
	1865.00000000		8.55976		-1.08903
	1870.00000000		8.65278		-1.10053
	1875.00000000		8.68770		-1.13430
	1880.00000000		8.64655		-1.18522
	1885.00000000		8.52842		-1.19872
	1890.00000000		8.54680		-1.21034
	1895.00000000		8.59013		-1.20843
	1900.00000000		8.57196		-1.24189
	1905.00000000		8.49635		-1.25410
	1910.00000000		8.39936		-1.21966
	1915.00000000		8.54852		-1.21098
	1920.00000000		8.58366		-1.16480
	1925.00000000		8.46712		-1.11948
	1930.00000000		8.21437		-1.09494
	1935.00000000		7.90861		-1.04017
	1940.00000000		7.85045		-0.98556
	1945.00000000		7.93121		-0.94522
	1950.00000000		7.96008		-0.89652
	1955.00000000		7.84070		-0.89597
	1960.00000000		7.69115		-0.89162
	1965.00000000		7.69548		-0.87244
	1970.00000000		7.92329		-0.85478
	1975.00000000		8.13012		-0.81807
	1980.00000000		8.16966		-0.82893
	1985.00000000		8.21391		-0.86785
	1990.00000000		8.21877		-0.90595
	1995.00000000		8.46092		-0.92074
	2000.00000000		8.61528		-0.89554
	2005.00000000		8.67018		-0.87297
	2010.00000000		8.66380		-0.90650
	2015.00000000		8.68586		-0.94780
	2020.00000000		8.85370		-0.96057
	2025.00000000		8.93161		-0.89175
	2030.00000000		9.02570		-0.81819
	2035.00000000		8.98877		-0.84917
	2040.00000000		9.05620		-0.92241
	2045.00000000		8.92301		-0.94594
	2050.00000000		8.85956		-0.82884
	2055.00000000		8.68496		-0.69008
	2060.00000000		8.64293		-0.64368
	2065.00000000		8.78446		-0.76250
	2070.00000000		8.67539		-0.93119
	2075.00000000		8.60880		-0.90506
	2080.00000000		8.34539		-0.77040
	2085.00000000		8.40051		-0.70867
	2090.00000000		8.60250		-0.80641
	2095.00000000		8.80499		-0.97649
	2100.00000000		8.70564		-1.00018
	2105.00000000		8.65898		-0.92717
	2110.00000000		8.56570		-0.89580
	2115.00000000		8.63965		-0.92404
	2120.00000000		8.57362		-1.05607
	2125.00000000		8.41123		-1.12386
	2130.00000000		8.37178		-1.07531
	2135.00000000		8.41865		-0.97895
	2140.00000000		8.47397		-0.94900
	2145.00000000		8.43965		-1.02602
	2150.00000000		8.35409		-1.06982
	2155.00000000		8.29984		-1.04274
	2160.00000000		8.44694		-0.96144
	2165.00000000		8.38663		-0.87792
	2170.00000000		8.36446		-0.93875
	2175.00000000		8.10387		-1.15700
	2180.00000000		7.75398		-1.21266
	2185.00000000		7.67638		-1.14513
	2190.00000000		7.74739		-1.03937
	2195.00000000		7.79493		-1.04470
	2200.00000000		7.81137		-1.23429
	2205.00000000		7.55579		-1.33415
	2210.00000000		7.47446		-1.29643
	2215.00000000		7.62259		-1.17166
	2220.00000000		7.74061		-1.10461
	2225.00000000		7.99531		-1.21169
	2230.00000000		7.84098		-1.29806
	2235.00000000		7.77894		-1.26083
	2240.00000000		7.89407		-1.15352
	2245.00000000		7.91234		-1.01878
	2250.00000000		8.27644		-1.05028
	2255.00000000		8.44250		-1.16731
	2260.00000000		8.58199		-1.22195
	2265.00000000		8.58416		-1.13113
	2270.00000000		8.28155		-1.00872
	2275.00000000		8.21718		-1.03233
	2280.00000000		8.41149		-1.14514
	2285.00000000		8.72291		-1.33064
	2290.00000000		8.82640		-1.32409
	2295.00000000		8.81459		-1.11976
	2300.00000000		8.38993		-1.05833
	2305.00000000		8.28362		-1.11294
	2310.00000000		8.42155		-1.25802
	2315.00000000		8.78625		-1.46385
	2320.00000000		8.94463		-1.41960
	2325.00000000		8.87339		-1.26484
	2330.00000000		8.87799		-1.27465
	2335.00000000		8.85931		-1.36863
	2340.00000000		9.04897		-1.40662
	2345.00000000		9.05295		-1.25095
	2350.00000000		9.23177		-1.10165
	2355.00000000		9.32819		-1.10333
	2360.00000000		9.46563		-1.25636
	2365.00000000		9.30931		-1.27152
	2370.00000000		9.09903		-1.06233
	2375.00000000		8.97204		-0.92936
	2380.00000000		8.95945		-0.87937
	2385.00000000		9.31521		-0.94563
	2390.00000000		9.35589		-1.13410
	2395.00000000		9.44538		-1.26039
	2400.00000000		9.19745		-1.09330
	2405.00000000		9.07627		-0.93280
	2410.00000000		9.09211		-0.85473
	2415.00000000		9.25896		-0.84783
	2420.00000000		9.40632		-0.98660
	2425.00000000		9.28982		-1.14215
	2430.00000000		9.27423		-1.15297
	2435.00000000		9.30010		-1.08817
	2440.00000000		9.45509		-0.96796
	2445.00000000		9.42704		-0.90473
	2450.00000000		9.47997		-0.92750
	2455.00000000		9.48835		-0.93750
	2460.00000000		9.56780		-0.93893
	2465.00000000		9.69755		-0.89227
	2470.00000000		9.57076		-0.81842
	2475.00000000		9.60583		-0.79130
	2480.00000000		9.47969		-0.78036
	2485.00000000		9.64182		-0.79738
	2490.00000000		9.66087		-0.81998
	2495.00000000		9.62480		-0.85883
	2500.00000000		9.49855		-0.89135
	2505.00000000		9.28626		-0.90076
	2510.00000000		9.35486		-0.86477
	2515.00000000		9.27913		-0.81778
	2520.00000000		9.36405		-0.84104
	2525.00000000		9.28420		-1.00410
	2530.00000000		9.28865		-1.15842
	2535.00000000		9.34851		-1.24454
	2540.00000000		9.44231		-1.14443
	2545.00000000		9.45741		-0.90278
	2550.00000000		9.24704		-0.90482
	2555.00000000		9.31439		-0.99226
	2560.00000000		9.43309		-1.12762
	2565.00000000		9.76168		-1.19315
	2570.00000000		9.84260		-0.94204
	2575.00000000		9.83963		-0.72826
	2580.00000000		9.84658		-0.71777
	2585.00000000		10.06472		-0.82324
	2590.00000000		10.25372		-0.91636
	2595.00000000		10.11776		-0.78469
	2600.00000000		10.01465		-0.60659
	2605.00000000		9.69040		-0.54564
	2610.00000000		9.85191		-0.56196
	2615.00000000		9.88060		-0.63848
	2620.00000000		9.82870		-0.69427
	2625.00000000		9.91055		-0.64398
	2630.00000000		9.73535		-0.56957
	2635.00000000		9.99524		-0.53176
	2640.00000000		10.10874		-0.52854
	2645.00000000		10.16054		-0.55383
	2650.00000000		10.10397		-0.57522
	2655.00000000		9.93462		-0.55277
	2660.00000000		10.12014		-0.52116
	2665.00000000		10.26405		-0.47464
	2670.00000000		10.44375		-0.42008
	2675.00000000		10.34563		-0.43148
	2680.00000000		10.27068		-0.44977
	2685.00000000		10.18612		-0.46494
	2690.00000000		10.43934		-0.45537
	2695.00000000		10.45873		-0.37823
	2700.00000000		10.38219		-0.32546
	2705.00000000		10.32553		-0.37018
	2710.00000000		10.20475		-0.44876
	2715.00000000		10.41215		-0.52416
	2720.00000000		10.38652		-0.57345
	2725.00000000		10.44517		-0.52230
	2730.00000000		10.25480		-0.41764
	2735.00000000		10.21271		-0.36873
	2740.00000000		10.24730		-0.38636
	2745.00000000		10.33798		-0.45495
	2750.00000000		10.40461		-0.49291
	2755.00000000		10.41447		-0.45490
	2760.00000000		10.61502		-0.39310
	2765.00000000		10.68989		-0.34675
	2770.00000000		10.80478		-0.34959
	2775.00000000		10.61895		-0.39141
	2780.00000000		10.54956		-0.44887
	2785.00000000		10.51841		-0.46416
	2790.00000000		10.55612		-0.41894
	2795.00000000		10.46964		-0.40090
	2800.00000000		10.33441		-0.46509
	2805.00000000		10.40565		-0.54118
	2810.00000000		10.50007		-0.60678
	2815.00000000		10.65384		-0.61751
	2820.00000000		10.56683		-0.59380
	2825.00000000		10.60830		-0.57717
	2830.00000000		10.60025		-0.56153
	2835.00000000		10.64682		-0.55867
	2840.00000000		10.47605		-0.52912
	2845.00000000		10.28684		-0.50037
	2850.00000000		10.25105		-0.46574
	2855.00000000		10.41383		-0.45686
	2860.00000000		10.64359		-0.42993
	2865.00000000		10.65260		-0.34915
	2870.00000000		10.55674		-0.26609
	2875.00000000		10.33860		-0.22589
	2880.00000000		10.51634		-0.22700
	2885.00000000		10.76914		-0.26276
	2890.00000000		10.99351		-0.33720
	2895.00000000		10.97912		-0.35821
	2900.00000000		10.79609		-0.35928
	2905.00000000		10.77565		-0.35387
	2910.00000000		10.86973		-0.39645
	2915.00000000		11.04752		-0.41417
	2920.00000000		11.02749		-0.37219
	2925.00000000		10.95697		-0.34912
	2930.00000000		10.85191		-0.39921
	2935.00000000		10.92108		-0.53577
	2940.00000000		10.83230		-0.65835
	2945.00000000		10.78312		-0.63223
	2950.00000000		10.63657		-0.51293
	2955.00000000		10.54819		-0.43912
	2960.00000000		10.57636		-0.46845
	2965.00000000		10.51601		-0.61339
	2970.00000000		10.43145		-0.64185
	2975.00000000		10.29577		-0.54036
	2980.00000000		10.48945		-0.41481
	2985.00000000		10.85208		-0.39349
	2990.00000000		11.09879		-0.52608
	2995.00000000		11.08661		-0.55911
	3000.00000000		10.94181		-0.49331
	3005.00000000		10.97255		-0.42610
	3010.00000000		11.28015		-0.42069
	3015.00000000		11.40383		-0.46991
	3020.00000000		11.25082		-0.47099
	3025.00000000		10.79981		-0.39277
	3030.00000000		10.43823		-0.32707
	3035.00000000		10.46186		-0.29865
	3040.00000000		10.58577		-0.35868
	3045.00000000		10.54404		-0.43599
	3050.00000000		10.32449		-0.40843
	3055.00000000		10.11395		-0.35734
	3060.00000000		10.16438		-0.31967
	3065.00000000		10.25296		-0.35662
	3070.00000000		10.22862		-0.40571
	3075.00000000		9.99788		-0.41642
	3080.00000000		9.97371		-0.38416
	3085.00000000		10.19271		-0.33687
	3090.00000000		10.20391		-0.31536
	3095.00000000		10.11287		-0.31375
	3100.00000000		9.84074		-0.31847
	3105.00000000		9.81638		-0.30500
	3110.00000000		10.14332		-0.28918
	3115.00000000		10.27419		-0.28406
	3120.00000000		10.24919		-0.31611
	3125.00000000		9.87217		-0.33357
	3130.00000000		9.59020		-0.35957
	3135.00000000		9.63013		-0.37193
	3140.00000000		9.73808		-0.38568
	3145.00000000		9.79084		-0.41970
	3150.00000000		9.64983		-0.42124
	3155.00000000		9.56766		-0.42428
	3160.00000000		9.68744		-0.42807
	3165.00000000		10.03684		-0.46645
	3170.00000000		10.26108		-0.54219
	3175.00000000		10.16639		-0.59195
	3180.00000000		10.04186		-0.61426
	3185.00000000		10.01571		-0.64653
	3190.00000000		10.40538		-0.69530
	3195.00000000		10.39662		-0.73432
	3200.00000000		10.35392		-0.68981
	3205.00000000		10.10210		-0.64583
	3210.00000000		10.25628		-0.65516
	3215.00000000		10.46217		-0.71572
	3220.00000000		10.53542		-0.80489
	3225.00000000		10.44948		-0.70461
	3230.00000000		10.09171		-0.53910
	3235.00000000		10.02367		-0.48981
	3240.00000000		10.08455		-0.54046
	3245.00000000		10.38079		-0.66271
	3250.00000000		10.15800		-0.66781
	3255.00000000		10.03477		-0.60253
	3260.00000000		9.95840		-0.55674
	3265.00000000		9.87057		-0.52922
	3270.00000000		9.87076		-0.59312
	3275.00000000		9.65228		-0.70836
	3280.00000000		9.56156		-0.78163
	3285.00000000		9.61770		-0.82694
	3290.00000000		9.78802		-0.76360
	3295.00000000		9.70667		-0.75792
	3300.00000000		9.69176		-0.85461
	3305.00000000		9.64640		-0.90622
	3310.00000000		9.82019		-0.94361
	3315.00000000		10.12482		-0.88925
	3320.00000000		10.03765		-0.76800
	3325.00000000		10.16295		-0.74570
	3330.00000000		10.02075		-0.78582
	3335.00000000		10.20909		-0.85525
	3340.00000000		10.12609		-0.84261
	3345.00000000		10.04176		-0.75714
	3350.00000000		9.72947		-0.77923
	3355.00000000		9.34803		-0.80547
	3360.00000000		9.31376		-0.81101
	3365.00000000		9.35965		-0.78074
	3370.00000000		9.58071		-0.68872
	3375.00000000		9.45884		-0.69393
	3380.00000000		9.39794		-0.73693
	3385.00000000		9.27087		-0.75447
	3390.00000000		9.48424		-0.75673
	3395.00000000		9.67067		-0.72935
	3400.00000000		9.63388		-0.71372
	3405.00000000		9.50724		-0.73606
	3410.00000000		9.00536		-0.74862
	3415.00000000		9.01087		-0.79178
	3420.00000000		9.12053		-0.81029
	3425.00000000		9.20282		-0.74569
	3430.00000000		9.18140		-0.73416
	3435.00000000		8.98375		-0.74880
	3440.00000000		9.03343		-0.77331
	3445.00000000		9.13835		-0.84030
	3450.00000000		9.31356		-0.78747
	3455.00000000		9.05125		-0.68566
	3460.00000000		8.97961		-0.68090
	3465.00000000		8.75761		-0.73587
	3470.00000000		8.57286		-0.81769
	3475.00000000		8.34615		-0.85416
	3480.00000000		8.13432		-0.80456
	3485.00000000		8.32329		-0.79063
	3490.00000000		8.49613		-0.86860
	3495.00000000		8.59885		-0.97967
	3500.00000000		8.36738		-1.00577
	3505.00000000		8.29273		-0.97701
	3510.00000000		8.33617		-0.92911
	3515.00000000		8.73702		-0.94766
	3520.00000000		9.01707		-1.03463
	3525.00000000		9.12810		-1.11708
	3530.00000000		9.26017		-1.14011
	3535.00000000		9.19907		-1.07271
	3540.00000000		9.26943		-0.98117
	3545.00000000		9.10887		-0.87383
	3550.00000000		9.08087		-0.79792
	3555.00000000		9.01388		-0.77904
	3560.00000000		9.02939		-0.82820
	3565.00000000		8.97746		-0.88397
	3570.00000000		8.75896		-0.86448
	3575.00000000		8.61279		-0.78043
	3580.00000000		8.56318		-0.71597
	3585.00000000		8.85903		-0.70477
	3590.00000000		8.98251		-0.73606
	3595.00000000		9.10068		-0.76139
	3600.00000000		8.99067		-0.71360
	3605.00000000		8.89157		-0.66050
	3610.00000000		8.98798		-0.62191
	3615.00000000		9.18813		-0.64819
	3620.00000000		9.43177		-0.70096
	3625.00000000		9.38377		-0.70280
	3630.00000000		9.34897		-0.66165
	3635.00000000		9.25714		-0.62646
	3640.00000000		9.44350		-0.60917
	3645.00000000		9.56829		-0.62642
	3650.00000000		9.74013		-0.67897
	3655.00000000		9.81994		-0.72199
	3660.00000000		9.78297		-0.77821
	3665.00000000		9.75230		-0.81086
	3670.00000000		9.50609		-0.81421
	3675.00000000		9.36546		-0.75672
	3680.00000000		9.17920		-0.71263
	3685.00000000		9.33668		-0.68457
	3690.00000000		9.49317		-0.74440
	3695.00000000		9.66324		-0.87197
	3700.00000000		9.65120		-0.85272
	3705.00000000		9.49994		-0.69889
	3710.00000000		9.24598		-0.56480
	3715.00000000		9.03981		-0.55413
	3720.00000000		9.28267		-0.61158
	3725.00000000		9.35735		-0.68727
	3730.00000000		9.49632		-0.62335
	3735.00000000		9.27375		-0.49384
	3740.00000000		9.10217		-0.44600
	3745.00000000		9.15601		-0.53071
	3750.00000000		9.44935		-0.64724
	3755.00000000		9.62706		-0.69653
	3760.00000000		9.81311		-0.66016
	3765.00000000		9.75906		-0.57680
	3770.00000000		9.36712		-0.61752
	3775.00000000		9.11032		-0.64599
	3780.00000000		8.89438		-0.65444
	3785.00000000		9.17832		-0.62292
	3790.00000000		9.27470		-0.60156
	3795.00000000		9.28967		-0.64479
	3800.00000000		9.20181		-0.70813
	3805.00000000		8.99227		-0.73409
	3810.00000000		9.13499		-0.76933
	3815.00000000		8.98750		-0.74064
	3820.00000000		8.96538		-0.71340
	3825.00000000		8.68393		-0.69518
	3830.00000000		8.58517		-0.69713
	3835.00000000		8.60335		-0.75131
	3840.00000000		8.64493		-0.77710
	3845.00000000		8.47978		-0.80495
	3850.00000000		8.25728		-0.85257
	3855.00000000		8.30604		-0.89016
	3860.00000000		8.58068		-0.96142
	3865.00000000		8.81219		-0.96008
	3870.00000000		8.41333		-0.88904
	3875.00000000		8.23378		-0.90037
	3880.00000000		7.86555		-0.91498
	3885.00000000		8.14783		-0.94836
	3890.00000000		8.35336		-1.01517
	3895.00000000		8.69958		-1.01015
	3900.00000000		8.38067		-1.01313
	3905.00000000		8.14055		-0.94606
	3910.00000000		7.76110		-0.92209
	3915.00000000		7.99852		-0.94086
	3920.00000000		8.06222		-0.95399
	3925.00000000		8.15697		-0.92494
	3930.00000000		7.96013		-0.88479
	3935.00000000		7.63163		-0.82108
	3940.00000000		7.66933		-0.84242
	3945.00000000		7.78933		-0.90160
	3950.00000000		7.84409		-0.88766
	3955.00000000		7.61547		-0.85442
	3960.00000000		7.75893		-0.84198
	3965.00000000		7.99217		-0.94263
	3970.00000000		8.23735		-1.02871
	3975.00000000		7.81028		-1.01074
	3980.00000000		7.58262		-0.92142
	3985.00000000		7.42004		-0.86194
	3990.00000000		7.95023		-0.88388
	3995.00000000		8.13000		-0.97338
	4000.00000000		8.19284		-1.02581
	4005.00000000		7.74516		-1.02980
	4010.00000000		7.29870		-0.99245
	4015.00000000		7.46835		-0.96664
	4020.00000000		7.94453		-1.00400
	4025.00000000		8.20722		-1.00473
	4030.00000000		7.83928		-1.02394
	4035.00000000		7.67562		-0.99835
	4040.00000000		7.47217		-0.99718
	4045.00000000		7.87626		-1.00783
	4050.00000000		7.95796		-0.99403
	4055.00000000		8.19035		-0.98184
	4060.00000000		8.00190		-0.99426
	4065.00000000		7.80455		-1.00603
	4070.00000000		7.66464		-1.00765
	4075.00000000		7.57614		-1.00554
	4080.00000000		7.71674		-0.97091
	4085.00000000		7.53025		-0.93583
	4090.00000000		7.58193		-0.89872
	4095.00000000		7.46606		-0.90833
	4100.00000000		7.64635		-0.93208
	4105.00000000		7.38341		-0.93605
	4110.00000000		7.39147		-0.93231
	4115.00000000		7.24427		-0.94323
	4120.00000000		7.37629		-0.97692
	4125.00000000		7.42066		-1.00144
	4130.00000000		7.34077		-1.00924
	4135.00000000		7.33485		-0.96857
	4140.00000000		7.17817		-0.92872
	4145.00000000		7.43433		-0.92190
	4150.00000000		7.48269		-0.95759
	4155.00000000		7.72368		-0.98788
	4160.00000000		7.44025		-0.98200
	4165.00000000		7.42615		-0.96799
	4170.00000000		7.45136		-0.97813
	4175.00000000		7.64843		-0.97795
	4180.00000000		7.50406		-0.96249
	4185.00000000		7.29887		-0.97338
	4190.00000000		7.37935		-0.98636
	4195.00000000		7.55048		-1.05994
	4200.00000000		7.71351		-1.06009
	4205.00000000		7.32975		-1.02054
	4210.00000000		7.29979		-1.01796
	4215.00000000		7.39987		-1.09012
	4220.00000000		7.77189		-1.23995
	4225.00000000		7.50334		-1.25001
	4230.00000000		7.13757		-1.19452
	4235.00000000		6.65990		-1.16584
	4240.00000000		6.67431		-1.14922
	4245.00000000		7.18477		-1.18488
	4250.00000000		7.56797		-1.23206
	4255.00000000		7.61216		-1.16459
	4260.00000000		6.99441		-1.08272
	4265.00000000		6.55099		-1.06021
	4270.00000000		6.63062		-1.10443
	4275.00000000		7.17859		-1.12720
	4280.00000000		7.35869		-1.07134
	4285.00000000		7.30797		-0.98148
	4290.00000000		6.91195		-0.92408
	4295.00000000		6.62760		-0.95101
	4300.00000000		6.82727		-1.00215
	4305.00000000		7.09015		-1.03228
	4310.00000000		7.10882		-0.96446
	4315.00000000		6.77112		-0.88967
	4320.00000000		6.69211		-0.95523
	4325.00000000		6.84423		-1.08536
	4330.00000000		6.86253		-1.19495
	4335.00000000		6.48841		-1.17321
	4340.00000000		6.09284		-1.06264
	4345.00000000		6.18805		-1.07858
	4350.00000000		6.74171		-1.16809
	4355.00000000		7.07031		-1.26458
	4360.00000000		6.85241		-1.22941
	4365.00000000		6.40380		-1.09130
	4370.00000000		6.24061		-0.98755
	4375.00000000		6.56337		-1.02070
	4380.00000000		7.10648		-1.14384
	4385.00000000		7.19898		-1.23953
	4390.00000000		6.75601		-1.20766
	4395.00000000		6.20429		-1.12238
	4400.00000000		6.16824		-1.07391
	4405.00000000		6.58884		-1.11771
	4410.00000000		6.98175		-1.22605
	4415.00000000		6.76080		-1.23828
	4420.00000000		6.09602		-1.22706
	4425.00000000		5.66112		-1.21136
	4430.00000000		5.80270		-1.20846
	4435.00000000		6.20542		-1.23719
	4440.00000000		6.15431		-1.19341
	4445.00000000		5.62636		-1.12054
	4450.00000000		5.26655		-1.11414
	4455.00000000		5.33438		-1.14305
	4460.00000000		5.77179		-1.17780
	4465.00000000		5.90609		-1.15930
	4470.00000000		5.46381		-1.07988
	4475.00000000		4.95628		-1.06620
	4480.00000000		4.76364		-1.07953
	4485.00000000		4.93998		-1.17966
	4490.00000000		5.06869		-1.23140
	4495.00000000		4.81762		-1.09862
	4500.00000000		4.52521		-0.87986
	4505.00000000		4.66956		-0.85894
	4510.00000000		5.02417		-1.07415
	4515.00000000		5.18410		-1.18328
	4520.00000000		4.79242		-1.08841
	4525.00000000		4.52818		-0.89387
	4530.00000000		4.64453		-0.80324
	4535.00000000		5.05573		-0.98202
	4540.00000000		5.37159		-1.19578
	4545.00000000		4.97553		-1.22087
	4550.00000000		4.41097		-1.03577
	4555.00000000		4.22572		-0.74777
	4560.00000000		4.60416		-0.79021
	4565.00000000		5.22264		-1.09810
	4570.00000000		5.52577		-1.24696
	4575.00000000		5.26405		-1.23136
	4580.00000000		4.92828		-1.07708
	4585.00000000		4.93929		-0.91691
	4590.00000000		5.14501		-1.01255
	4595.00000000		5.40073		-1.20774
	4600.00000000		5.42174		-1.30663
	4605.00000000		5.39224		-1.25991
	4610.00000000		5.42989		-1.15255
	4615.00000000		5.71525		-1.09330
	4620.00000000		5.88701		-1.09823
	4625.00000000		5.91749		-1.06070
	4630.00000000		5.90427		-0.99551
	4635.00000000		6.05584		-0.93505
	4640.00000000		6.32648		-0.94939
	4645.00000000		6.44742		-0.96950
	4650.00000000		6.30168		-0.94045
	4655.00000000		6.04415		-0.92638
	4660.00000000		6.02221		-0.95878
	4665.00000000		6.24446		-1.05326
	4670.00000000		6.60529		-1.14853
	4675.00000000		6.75307		-1.17864
	4680.00000000		6.54978		-1.06883
	4685.00000000		6.18009		-0.90900
	4690.00000000		6.05927		-0.84388
	4695.00000000		6.42468		-0.91268
	4700.00000000		6.97929		-1.04049
	4705.00000000		7.18536		-1.07391
	4710.00000000		6.97001		-0.94739
	4715.00000000		6.57516		-0.79187
	4720.00000000		6.42118		-0.78254
	4725.00000000		6.62878		-0.85710
	4730.00000000		7.02066		-0.94352
	4735.00000000		7.09660		-0.92109
	4740.00000000		6.80409		-0.75771
	4745.00000000		6.57970		-0.68494
	4750.00000000		6.70276		-0.74131
	4755.00000000		6.97284		-0.84088
	4760.00000000		7.05812		-0.87340
	4765.00000000		6.83431		-0.80646
	4770.00000000		6.62956		-0.73436
	4775.00000000		6.51317		-0.72202
	4780.00000000		6.28069		-0.74014
	4785.00000000		6.09945		-0.74655
	4790.00000000		5.87072		-0.75599
	4795.00000000		5.86884		-0.83013
	4800.00000000		5.81120		-0.94768
	4805.00000000		5.81830		-1.00041
	4810.00000000		5.68932		-0.96093
	4815.00000000		5.59052		-0.86213
	4820.00000000		5.60583		-0.79337
	4825.00000000		5.56743		-0.79459
	4830.00000000		5.55252		-0.81698
	4835.00000000		5.24742		-0.76566
	4840.00000000		4.99068		-0.60608
	4845.00000000		4.75326		-0.44488
	4850.00000000		4.81571		-0.46646
	4855.00000000		4.84391		-0.67709
	4860.00000000		4.90395		-0.84928
	4865.00000000		4.78455		-0.87232
	4870.00000000		4.70720		-0.64246
	4875.00000000		4.88654		-0.20066
	4880.00000000		4.94384		-0.09063
	4885.00000000		5.00447		-0.25915
	4890.00000000		4.77031		-0.39679
	4895.00000000		4.73953		-0.31047
	4900.00000000		4.66989		-0.05605
	4905.00000000		4.89059		0.04954
	4910.00000000		4.93322		-0.02330
	4915.00000000		4.79977		-0.12198
	4920.00000000		4.53675		-0.14983
	4925.00000000		4.33778		-0.03295
	4930.00000000		4.46536		0.14207
	4935.00000000		4.61468		0.18267
	4940.00000000		4.85336		0.16663
	4945.00000000		4.76121		0.21708
	4950.00000000		4.61120		0.36633
	4955.00000000		4.42855		0.49543
	4960.00000000		4.39494		0.47637
	4965.00000000		4.50828		0.38024
	4970.00000000		4.51951		0.40176
	4975.00000000		4.49780		0.58107
	4980.00000000		4.31769		0.77975
	4985.00000000		4.34435		0.77336
	4990.00000000		4.33265		0.60546
	4995.00000000		4.53660		0.61709
	5000.00000000		4.69996		0.89173
	5005.00000000		4.84473		1.10635
	5010.00000000		4.70488		1.11582
	5015.00000000		4.20595		0.93518
	5020.00000000		3.95919		0.70099
	5025.00000000		3.68854		0.79694
	5030.00000000		3.90114		1.01580
	5035.00000000		4.17937		1.06175
	5040.00000000		4.43936		0.94930
	5045.00000000		4.42121		0.78081
	5050.00000000		4.32829		0.71788
	5055.00000000		4.33743		0.82632
	5060.00000000		4.43330		0.88025
	5065.00000000		4.67357		0.82724
	5070.00000000		4.76265		0.78746
	5075.00000000		4.72745		0.84153
	5080.00000000		4.56109		0.98261
	5085.00000000		4.57256		1.07587
	5090.00000000		4.58398		1.01518
	5095.00000000		4.91663		0.85180
	5100.00000000		5.26268		0.84211
	5105.00000000		5.34003		0.98667
	5110.00000000		5.14011		1.17466
	5115.00000000		4.87558		1.19455
	5120.00000000		4.72860		1.03752
	5125.00000000		4.79801		0.97454
	5130.00000000		4.99445		1.08062
	5135.00000000		5.02823		1.16862
	5140.00000000		4.96231		1.14145
	5145.00000000		4.85026		0.99626
	5150.00000000		5.02533		0.87043
	5155.00000000		5.18381		0.95439
	5160.00000000		5.25002		1.08138
	5165.00000000		5.08496		1.17507
	5170.00000000		4.78651		1.12003
	5175.00000000		4.62631		0.92187
	5180.00000000		4.65979		0.91759
	5185.00000000		4.94503		1.13021
	5190.00000000		5.25120		1.24823
	5195.00000000		5.43971		1.18119
	5200.00000000		5.36717		1.00625
	5205.00000000		5.41913		0.90909
	5210.00000000		5.32388		1.03399
	5215.00000000		5.32459		1.12831
	5220.00000000		5.22498		1.08884
	5225.00000000		5.20329		0.94686
	5230.00000000		5.31977		0.84021
	5235.00000000		5.34818		0.89050
	5240.00000000		5.46531		0.99490
	5245.00000000		5.43562		0.97052
	5250.00000000		5.56121		0.76743
	5255.00000000		5.59978		0.62028
	5260.00000000		5.74048		0.67500
	5265.00000000		5.68356		0.83185
	5270.00000000		5.51697		0.89702
	5275.00000000		5.22106		0.84592
	5280.00000000		5.11220		0.78256
	5285.00000000		5.29278		0.83737
	5290.00000000		5.56286		0.94181
	5295.00000000		5.86701		0.98761
	5300.00000000		5.84222		0.95640
	5305.00000000		5.66904		0.89051
	5310.00000000		5.31627		0.91076
	5315.00000000		5.19631		1.02243
	5320.00000000		5.19724		1.14561
	5325.00000000		5.39039		1.19494
	5330.00000000		5.45291		1.20773
	5335.00000000		5.30640		1.17939
	5340.00000000		5.04325		1.13692
	5345.00000000		4.87125		1.10749
	5350.00000000		5.05874		1.09463
	5355.00000000		5.33168		1.14850
	5360.00000000		5.59548		1.26268
	5365.00000000		5.39317		1.33991
	5370.00000000		4.91428		1.33908
	5375.00000000		4.58533		1.33159
	5380.00000000		4.90257		1.33675
	5385.00000000		5.52305		1.37215
	5390.00000000		5.88054		1.36250
	5395.00000000		5.64372		1.27130
	5400.00000000		5.29035		1.20508
	5405.00000000		5.20370		1.23390
	5410.00000000		5.32007		1.27828
	5415.00000000		5.69368		1.25849
	5420.00000000		5.90277		1.22588
	5425.00000000		5.78040		1.13984
	5430.00000000		5.60345		1.12342
	5435.00000000		5.77405		1.18702
	5440.00000000		6.01069		1.21018
	5445.00000000		6.13638		1.12866
	5450.00000000		6.11005		1.00563
	5455.00000000		6.00302		1.01778
	5460.00000000		5.82446		1.13954
	5465.00000000		5.64705		1.26340
	5470.00000000		5.58207		1.28824
	5475.00000000		5.67305		1.28210
	5480.00000000		5.90772		1.28356
	5485.00000000		6.06444		1.28869
	5490.00000000		6.01400		1.25838
	5495.00000000		5.72054		1.18873
	5500.00000000		5.46338		1.12576
	5505.00000000		5.47343		1.13714
	5510.00000000		5.67043		1.21588
	5515.00000000		5.70738		1.25558
	5520.00000000		5.51716		1.26385
	5525.00000000		5.32100		1.25358
	5530.00000000		5.26557		1.29342
	5535.00000000		5.28006		1.32605
	5540.00000000		5.25219		1.32489
	5545.00000000		5.17687		1.25727
	5550.00000000		4.92030		1.19745
	5555.00000000		4.80581		1.26453
	5560.00000000		4.83365		1.38749
	5565.00000000		4.92213		1.41736
	5570.00000000		4.95462		1.31216
	5575.00000000		4.96812		1.20993
	5580.00000000		5.05608		1.18352
	5585.00000000		5.08877		1.20905
	5590.00000000		5.06863		1.18412
	5595.00000000		4.88873		1.09350
	5600.00000000		4.86251		0.97454
	5605.00000000		4.95325		0.97747
	5610.00000000		5.10063		1.09136
	5615.00000000		5.06385		1.20556
	5620.00000000		4.88215		1.22999
	5625.00000000		4.75907		1.10688
	5630.00000000		4.86000		1.05846
	5635.00000000		5.11585		1.12326
	5640.00000000		5.15509		1.18317
	5645.00000000		5.08845		1.16441
	5650.00000000		4.90613		1.05957
	5655.00000000		5.04511		0.95752
	5660.00000000		5.19981		0.95857
	5665.00000000		5.31920		1.01939
	5670.00000000		5.41157		1.07334
	5675.00000000		5.49238		1.06211
	5680.00000000		5.48820		0.97558
	5685.00000000		5.34595		0.88602
	5690.00000000		5.10734		0.82899
	5695.00000000		4.93116		0.83508
	5700.00000000		5.09268		0.85425
	5705.00000000		5.12036		0.85142
	5710.00000000		4.97628		0.81455
	5715.00000000		4.71590		0.82128
	5720.00000000		4.87412		0.83595
	5725.00000000		5.08265		0.81096
	5730.00000000		5.23531		0.73859
	5735.00000000		5.11065		0.67776
	5740.00000000		5.05017		0.70764
	5745.00000000		5.23792		0.72309
	5750.00000000		5.35622		0.66172
	5755.00000000		5.37510		0.55129
	5760.00000000		5.08840		0.51788
	5765.00000000		4.96037		0.63702
	5770.00000000		4.94812		0.72156
	5775.00000000		5.29716		0.62506
	5780.00000000		5.44656		0.43950
	5785.00000000		5.29591		0.36715
	5790.00000000		4.93571		0.49408
	5795.00000000		4.82407		0.65190
	5800.00000000		5.01254		0.65331
	5805.00000000		5.09930		0.54601
	5810.00000000		5.03260		0.41892
	5815.00000000		4.86673		0.48847
	5820.00000000		5.06807		0.69814
	5825.00000000		5.25510		0.77679
	5830.00000000		5.54239		0.67814
	5835.00000000		5.53119		0.49861
	5840.00000000		5.43112		0.56794
	5845.00000000		5.40024		0.77499
	5850.00000000		5.64105		0.80222
	5855.00000000		5.99048		0.66400
	5860.00000000		6.13310		0.56367
	5865.00000000		6.09238		0.59012
	5870.00000000		6.11953		0.64419
	5875.00000000		6.32606		0.58623
	5880.00000000		6.40140		0.45412
	5885.00000000		6.29800		0.37039
	5890.00000000		6.16038		0.40867
	5895.00000000		6.36067		0.45137
	5900.00000000		6.60806		0.42523
	5905.00000000		6.68430		0.36484
	5910.00000000		6.51245		0.27970
	5915.00000000		6.29644		0.28830
	5920.00000000		6.38178		0.29871
	5925.00000000		6.65260		0.26249
	5930.00000000		7.09974		0.20781
	5935.00000000		7.25852		0.20527
	5940.00000000		6.99540		0.24474
	5945.00000000		6.65305		0.24323
	5950.00000000		6.74535		0.15340
	5955.00000000		7.24762		0.02295
	5960.00000000		7.67239		-0.00276
	5965.00000000		7.65244		0.03795
	5970.00000000		7.30335		0.02640
	5975.00000000		7.05788		-0.10003
	5980.00000000		7.16156		-0.20612
	5985.00000000		7.54113		-0.19372
	5990.00000000		7.91873		-0.08188
	5995.00000000		8.02948		-0.01540
	6000.00000000		7.93435		-0.04330
	6005.00000000		7.96359		-0.12888
	6010.00000000		8.16941		-0.21381
	6015.00000000		8.31227		-0.18353
	6020.00000000		8.23800		-0.08628
	6025.00000000		8.23144		-0.01668
	6030.00000000		8.28327		-0.06189
	6035.00000000		8.32410		-0.15517
	6040.00000000		8.14733		-0.18339
	6045.00000000		7.89825		-0.13276
	6050.00000000		7.97254		-0.08666
	6055.00000000		8.33217		-0.08480
	6060.00000000		8.49978		-0.14112
	6065.00000000		8.20013		-0.19210
	6070.00000000		7.85173		-0.18457
	6075.00000000		7.95484		-0.10939
	6080.00000000		8.47434		-0.00467
	6085.00000000		8.73700		0.04975
	6090.00000000		8.73143		0.03921
	6095.00000000		8.37038		-0.00240
	6100.00000000		7.97542		-0.02787
	6105.00000000		7.91797		-0.02011
	6110.00000000		8.06922		0.03540
	6115.00000000		8.09974		0.08427
	6120.00000000		7.70043		0.06560
	6125.00000000		7.24126		0.01000
	6130.00000000		7.18808		-0.04509
	6135.00000000		7.49658		-0.03189
	6140.00000000		7.74705		0.06749
	6145.00000000		7.79026		0.19024
	6150.00000000		7.58205		0.18023
	6155.00000000		7.21087		0.06578
	6160.00000000		7.10109		-0.02881
	6165.00000000		7.34127		-0.00314
	6170.00000000		7.50977		0.12520
	6175.00000000		7.51241		0.21824
	6180.00000000		7.34782		0.23498
	6185.00000000		7.31216		0.14738
	6190.00000000		7.40524		0.02141
	6195.00000000		7.55078		-0.03336
	6200.00000000		7.67568		0.02310
	6205.00000000		7.76909		0.09289
	6210.00000000		7.90666		0.12243
	6215.00000000		7.85504		0.11325
	6220.00000000		7.78698		0.08372
	6225.00000000		7.70106		0.08640
	6230.00000000		7.78282		0.12260
	6235.00000000		7.95968		0.19675
	6240.00000000		8.01623		0.21762
	6245.00000000		7.82003		0.17049
	6250.00000000		7.47115		0.08457
	6255.00000000		7.35322		0.05959
	6260.00000000		7.44523		0.11467
	6265.00000000		7.69934		0.21238
	6270.00000000		7.80474		0.29175
	6275.00000000		7.52746		0.24391
	6280.00000000		7.03514		0.11627
	6285.00000000		6.66093		-0.01717
	6290.00000000		6.73233		-0.05505
	6295.00000000		6.85995		0.01938
	6300.00000000		6.91407		0.14803
	6305.00000000		6.65763		0.20757
	6310.00000000		6.31489		0.16598
	6315.00000000		6.16792		0.06148
	6320.00000000		6.27635		0.02388
	6325.00000000		6.44606		0.10427
	6330.00000000		6.26798		0.15524
	6335.00000000		5.85122		0.12212
	6340.00000000		5.48254		0.00483
	6345.00000000		5.60052		-0.05793
	6350.00000000		5.72441		-0.00621
	6355.00000000		5.75802		0.16965
	6360.00000000		5.52905		0.29936
	6365.00000000		5.41623		0.26389
	6370.00000000		5.45074		0.13233
	6375.00000000		5.61761		0.07100
	6380.00000000		5.78323		0.13578
	6385.00000000		5.73515		0.18455
	6390.00000000		5.78192		0.16240
	6395.00000000		5.73073		0.08840
	6400.00000000		5.95576		0.09750
	6405.00000000		5.97572		0.16348
	6410.00000000		5.90358		0.23866
	6415.00000000		5.65316		0.20878
	6420.00000000		5.52164		0.07083
	6425.00000000		5.47312		-0.10676
	6430.00000000		5.32107		-0.15923
	6435.00000000		5.29552		-0.06053
	6440.00000000		5.23810		0.04441
	6445.00000000		5.48000		0.06202
	6450.00000000		5.52345		-0.03034
	6455.00000000		5.50572		-0.10255
	6460.00000000		5.25683		-0.08781
	6465.00000000		5.19091		0.04478
	6470.00000000		5.27643		0.13398
	6475.00000000		5.44942		0.05034
	6480.00000000		5.51895		-0.17950
	6485.00000000		5.32363		-0.28424
	6490.00000000		5.13237		-0.16458
	6495.00000000		5.03050		0.07470
	6500.00000000		5.39312		0.20084
	6505.00000000		5.55231		0.13919
	6510.00000000		5.30592		-0.01868
	6515.00000000		4.79264		-0.18997
	6520.00000000		4.66418		-0.19960
	6525.00000000		4.91791		-0.04561
	6530.00000000		5.30170		0.03856
	6535.00000000		5.41535		0.05561
	6540.00000000		5.09455		0.06177
	6545.00000000		5.00042		0.11153
	6550.00000000		4.83810		0.19571
	6555.00000000		5.07860		0.23568
	6560.00000000		5.12418		0.16542
	6565.00000000		4.98858		0.06667
	6570.00000000		4.76654		0.03808
	6575.00000000		4.65680		0.15712
	6580.00000000		4.91991		0.31776
	6585.00000000		4.99909		0.36290
	6590.00000000		5.05318		0.24247
	6595.00000000		4.86488		0.14885
	6600.00000000		5.00324		0.23067
	6605.00000000		4.98483		0.37438
	6610.00000000		4.95930		0.36989
	6615.00000000		4.86216		0.23635
	6620.00000000		4.87586		0.18478
	6625.00000000		5.26620		0.26227
	6630.00000000		5.37281		0.34461
	6635.00000000		5.32562		0.33446
	6640.00000000		4.75369		0.30440
	6645.00000000		4.78565		0.34221
	6650.00000000		4.75678		0.40454
	6655.00000000		4.94129		0.41685
	6660.00000000		5.02549		0.32607
	6665.00000000		4.69340		0.23429
	6670.00000000		4.57280		0.25597
	6675.00000000		4.26925		0.31322
	6680.00000000		4.63834		0.26881
	6685.00000000		4.90329		0.26314
	6690.00000000		4.82270		0.30651
	6695.00000000		4.19730		0.39809
	6700.00000000		3.72821		0.49858
	6705.00000000		3.79593		0.43703
	6710.00000000		4.03457		0.37986
	6715.00000000		4.62802		0.41319
	6720.00000000		4.64053		0.46278
	6725.00000000		4.34677		0.51952
	6730.00000000		3.91951		0.66966
	6735.00000000		3.83828		0.67571
	6740.00000000		4.23354		0.59199
	6745.00000000		4.43169		0.51649
	6750.00000000		4.44229		0.43136
	6755.00000000		4.19852		0.45044
	6760.00000000		4.25367		0.56918
	6765.00000000		4.25154		0.64110
	6770.00000000		4.25458		0.55592
	6775.00000000		4.18219		0.41483
	6780.00000000		4.15471		0.37443
	6785.00000000		4.33533		0.45595
	6790.00000000		4.14173		0.46136
	6795.00000000		3.97692		0.27058
	6800.00000000		3.72977		-0.03957
	6805.00000000		3.92769		-0.10623
	6810.00000000		4.16800		0.12444
	6815.00000000		4.49459		0.30061
	6820.00000000		4.58372		0.22688
	6825.00000000		4.34884		-0.08122
	6830.00000000		4.50064		-0.38055
	6835.00000000		4.55891		-0.31012
	6840.00000000		4.96108		-0.00593
	6845.00000000		5.19957		0.17625
	6850.00000000		5.31598		0.08715
	6855.00000000		5.12540		-0.17697
	6860.00000000		5.08774		-0.35761
	6865.00000000		5.18580		-0.33750
	6870.00000000		5.34019		-0.20214
	6875.00000000		5.58487		-0.08047
	6880.00000000		5.49628		-0.11793
	6885.00000000		5.49433		-0.30173
	6890.00000000		5.31646		-0.45720
	6895.00000000		5.43742		-0.39856
	6900.00000000		5.43041		-0.24070
	6905.00000000		5.42505		-0.11295
	6910.00000000		5.20062		-0.04541
	6915.00000000		5.11848		-0.08512
	6920.00000000		5.25867		-0.25140
	6925.00000000		5.25434		-0.34032
	6930.00000000		5.24750		-0.31744
	6935.00000000		5.09722		-0.21070
	6940.00000000		5.30590		-0.11630
	6945.00000000		5.28618		-0.10658
	6950.00000000		5.24595		-0.18864
	6955.00000000		4.99986		-0.31415
	6960.00000000		4.94903		-0.35569
	6965.00000000		4.89962		-0.29490
	6970.00000000		4.83847		-0.24664
	6975.00000000		4.71825		-0.34321
	6980.00000000		4.38886		-0.47567
	6985.00000000		4.50878		-0.51175
	6990.00000000		4.35064		-0.45393
	6995.00000000		4.59822		-0.41688
	7000.00000000		4.39977		-0.45916
	7005.00000000		4.36905		-0.50549
	7010.00000000		4.13142		-0.42437
	7015.00000000		4.12874		-0.25330
	7020.00000000		4.43967		-0.16422
	7025.00000000		4.50549		-0.23793
	7030.00000000		4.87083		-0.39201
	7035.00000000		4.81820		-0.42578
	7040.00000000		4.90331		-0.23339
	7045.00000000		4.73222		0.02583
	7050.00000000		4.78175		0.08414
	7055.00000000		4.78488		-0.04101
	7060.00000000		4.82618		-0.18321
	7065.00000000		4.93189		-0.21558
	7070.00000000		4.68171		-0.12700
	7075.00000000		4.55863		0.05202
	7080.00000000		4.25824		0.08419
	7085.00000000		4.51333		-0.11422
	7090.00000000		4.56293		-0.27594
	7095.00000000		4.37392		-0.21632
	7100.00000000		4.09712		0.10257
	7105.00000000		4.03860		0.20177
	7110.00000000		4.42572		-0.02520
	7115.00000000		4.63929		-0.19224
	7120.00000000		4.71841		-0.15219
	7125.00000000		4.43387		0.02914
	7130.00000000		4.47077		0.21391
	7135.00000000		4.43478		0.17043
	7140.00000000		4.53508		0.07039
	7145.00000000		4.51611		0.08724
	7150.00000000		4.39717		0.25046
	7155.00000000		4.55433		0.36984
	7160.00000000		4.48510		0.28262
	7165.00000000		4.61053		0.10904
	7170.00000000		4.34058		0.05913
	7175.00000000		4.26963		0.26504
	7180.00000000		4.23469		0.49234
	7185.00000000		4.35025		0.47192
	7190.00000000		4.54482		0.25071
	7195.00000000		4.59795		0.13424
	7200.00000000		4.69078		0.27785
	7205.00000000		4.74597		0.51125
	7210.00000000		5.09801		0.60282
	7215.00000000		5.21253		0.47768
	7220.00000000		5.33115		0.29612
	7225.00000000		5.29409		0.29503
	7230.00000000		5.36312		0.49740
	7235.00000000		5.51238		0.64383
	7240.00000000		5.46196		0.51473
	7245.00000000		5.52660		0.15902
	7250.00000000		5.61657		0.08505
	7255.00000000		5.80807		0.39622
	7260.00000000		5.92534		0.62945
	7265.00000000		5.80987		0.52517
	7270.00000000		5.53538		0.17739
	7275.00000000		5.57823		-0.03110
	7280.00000000		5.58135		0.07583
	7285.00000000		5.62775		0.32318
	7290.00000000		5.58682		0.43801
	7295.00000000		5.40415		0.29185
	7300.00000000		5.37901		0.01883
	7305.00000000		5.40891		-0.05212
	7310.00000000		5.55128		0.13136
	7315.00000000		5.59024		0.29450
	7320.00000000		5.51773		0.24064
	7325.00000000		5.24088		0.03786
	7330.00000000		5.16319		-0.02696
	7335.00000000		5.06233		0.16080
	7340.00000000		5.09210		0.39050
	7345.00000000		5.04524		0.41834
	7350.00000000		4.85843		0.22522
	7355.00000000		4.75783		-0.03617
	7360.00000000		4.32421		-0.08094
	7365.00000000		4.17479		0.29961
	7370.00000000		4.09613		0.62014
	7375.00000000		4.38228		0.44827
	7380.00000000		4.43941		0.13441
	7385.00000000		4.18885		-0.01430
	7390.00000000		3.71500		0.11711
	7395.00000000		3.46244		0.38784
	7400.00000000		3.71312		0.44302
	7405.00000000		3.94695		0.38636
	7410.00000000		4.14621		0.37244
	7415.00000000		3.89287		0.37171
	7420.00000000		3.58909		0.34806
	7425.00000000		3.49546		0.26096
	7430.00000000		3.68506		0.23902
	7435.00000000		4.23286		0.32139
	7440.00000000		4.34727		0.46045
	7445.00000000		4.00368		0.50296
	7450.00000000		3.61330		0.43245
	7455.00000000		3.73760		0.12009
	7460.00000000		4.26653		0.03817
	7465.00000000		4.66255		0.32957
	7470.00000000		5.00099		0.72818
	7475.00000000		4.85860		0.79383
	7480.00000000		4.71925		0.39473
	7485.00000000		4.82079		-0.01859
	7490.00000000		5.21200		0.03253
	7495.00000000		5.63707		0.44334
	7500.00000000		6.04072		0.62049
	7505.00000000		5.96226		0.48806
	7510.00000000		5.71584		0.23297
	7515.00000000		5.92674		0.09289
	7520.00000000		6.19060		0.19304
	7525.00000000		6.63184		0.38760
	7530.00000000		6.61446		0.41234
	7535.00000000		6.38073		0.23278
	7540.00000000		6.14385		-0.00219
	7545.00000000		6.20634		0.05206
	7550.00000000		6.39275		0.32683
	7555.00000000		6.39034		0.43589
	7560.00000000		6.31824		0.34132
	7565.00000000		6.18636		0.11954
	7570.00000000		6.48747		0.00115
	7575.00000000		6.47499		0.11600
	7580.00000000		6.35317		0.31608
	7585.00000000		5.94161		0.44283
	7590.00000000		5.93053		0.41857
	7595.00000000		6.00803		0.32981
	7600.00000000		6.09080		0.37413
	7605.00000000		5.96141		0.49858
	7610.00000000		5.58065		0.55070
	7615.00000000		5.55338		0.49254
	7620.00000000		5.37800		0.43450
	7625.00000000		5.50208		0.51933
	7630.00000000		5.22117		0.63830
	7635.00000000		5.00465		0.65871
	7640.00000000		4.73115		0.58654
	7645.00000000		4.82355		0.52062
	7650.00000000		5.10997		0.63254
	7655.00000000		4.92409		0.76222
	7660.00000000		4.39696		0.83763
	7665.00000000		3.89617		0.80654
	7670.00000000		4.17441		0.60306
	7675.00000000		4.46037		0.67167
	7680.00000000		4.47942		0.83300
	7685.00000000		3.98527		1.03943
	7690.00000000		4.01279		0.88982
	7695.00000000		4.31917		0.62139
	7700.00000000		4.44881		0.83121
	7705.00000000		4.51214		1.08323
	7710.00000000		4.11302		1.10743
	7715.00000000		4.20975		0.79262
	7720.00000000		4.15410		0.44952
	7725.00000000		4.43110		0.61493
	7730.00000000		4.62818		0.95190
	7735.00000000		4.56265		0.93806
	7740.00000000		4.50959		0.58089
	7745.00000000		4.29682		0.26444
	7750.00000000		4.43160		0.38657
	7755.00000000		4.17710		0.73732
	7760.00000000		4.31417		0.86013
	7765.00000000		4.26626		0.64301
	7770.00000000		4.25162		0.37666
	7775.00000000		4.33245		0.18361
	7780.00000000		4.01695		0.30354
	7785.00000000		4.32306		0.60833
	7790.00000000		4.19775		0.69433
	7795.00000000		4.44213		0.50671
	7800.00000000		4.56918		0.26710
	7805.00000000		4.74980		0.32478
	7810.00000000		4.86082		0.59560
	7815.00000000		4.64347		0.70114
	7820.00000000		4.51397		0.52539
	7825.00000000		4.12149		0.29572
	7830.00000000		4.33108		0.28740
	7835.00000000		4.00885		0.49425
	7840.00000000		4.23803		0.57898
	7845.00000000		4.10917		0.44739
	7850.00000000		3.93504		0.23159
	7855.00000000		3.96485		-0.00425
	7860.00000000		3.62343		0.08626
	7865.00000000		3.99510		0.38938
	7870.00000000		3.84739		0.47674
	7875.00000000		4.11742		0.22566
	7880.00000000		4.18447		-0.22712
	7885.00000000		4.13408		-0.31502
	7890.00000000		4.01144		-0.08941
	7895.00000000		3.65355		0.00094
	7900.00000000		3.83374		-0.16389
	7905.00000000		3.55810		-0.35302
	7910.00000000		3.67003		-0.40064
	7915.00000000		3.46459		-0.45906
	7920.00000000		3.41512		-0.56666
	7925.00000000		3.65659		-0.67672
	7930.00000000		3.48452		-0.65247
	7935.00000000		3.88587		-0.44225
	7940.00000000		3.58722		-0.39340
	7945.00000000		3.76408		-0.64574
	7950.00000000		3.60718		-1.17076
	7955.00000000		3.74344		-1.08169
	7960.00000000		3.97738		-0.35809
	7965.00000000		3.90697		-0.06217
	7970.00000000		4.24183		-0.47961
	7975.00000000		3.97479		-1.10745
	7980.00000000		4.41815		-0.99117
	7985.00000000		4.31944		-0.44521
	7990.00000000		4.38234		-0.25450
	7995.00000000		4.46403		-0.66957
	8000.00000000		4.25998		-0.91437
	8005.00000000		4.59431		-0.81298
	8010.00000000		4.28249		-0.60577
	8015.00000000		4.49523		-0.47016
	8020.00000000		4.14267		-0.53184
	8025.00000000		4.23430		-0.63072
	8030.00000000		4.20421		-0.66901
	8035.00000000		4.19222		-0.63020
	8040.00000000		4.45428		-0.60628
	8045.00000000		4.29508		-0.62807
	8050.00000000		4.57119		-0.59087
	8055.00000000		4.29051		-0.49666
	8060.00000000		4.53032		-0.40563
	8065.00000000		4.33267		-0.50083
	8070.00000000		4.47545		-0.65673
	8075.00000000		4.57801		-0.71596
	8080.00000000		4.46206		-0.57935
	8085.00000000		4.77426		-0.35607
	8090.00000000		4.48707		-0.49496
	8095.00000000		4.88552		-0.83797
	8100.00000000		4.65578		-1.01552
	8105.00000000		4.51213		-0.85738
	8110.00000000		4.34927		-0.35513
	8115.00000000		4.26152		-0.28828
	8120.00000000		4.71816		-0.65408
	8125.00000000		4.71775		-0.88340
	8130.00000000		4.74054		-0.84968
	8135.00000000		4.05955		-0.52910
	8140.00000000		3.91332		-0.28549
	8145.00000000		3.86233		-0.29175
	8150.00000000		3.77031		-0.41853
	8155.00000000		4.34143		-0.44999
	8160.00000000		4.29545		-0.34965
	8165.00000000		4.30134		-0.15699
	8170.00000000		3.78861		0.02177
	8175.00000000		3.87207		0.02568
	8180.00000000		3.99184		-0.07602
	8185.00000000		3.91976		-0.06163
	8190.00000000		4.11182		0.11903
	8195.00000000		3.58801		0.19106
	8200.00000000		3.84423		0.09122
	8205.00000000		3.88210		-0.03731
	8210.00000000		3.80999		0.07462
	8215.00000000		4.11458		0.44058
	8220.00000000		3.70304		0.73671
	8225.00000000		3.99550		0.48428
	8230.00000000		3.70000		0.04991
	8235.00000000		3.64008		0.02083
	8240.00000000		3.62899		0.26036
	8245.00000000		3.11000		0.37637
	8250.00000000		3.17475		0.27956
	8255.00000000		2.97722		0.07023
	8260.00000000		2.72913		0.12894
	8265.00000000		2.88886		0.41792
	8270.00000000		3.07365		0.56858
	8275.00000000		2.99605		0.20412
	8280.00000000		3.55726		-0.05406
	8285.00000000		3.70992		-0.16894
	8290.00000000		3.45271		-0.07205
	8295.00000000		3.34262		0.26398
	8300.00000000		3.00084		0.63649
	8305.00000000		3.30452		0.12986
	8310.00000000		3.98906		0.00560
	8315.00000000		4.09705		0.03848
	8320.00000000		3.91539		0.06418
	8325.00000000		3.60508		-0.06737
	8330.00000000		3.72169		-0.30293
	8335.00000000		3.98629		-0.20730
	8340.00000000		4.16982		0.20209
	8345.00000000		4.16871		0.65905
	8350.00000000		3.80907		0.75056
	8355.00000000		3.83827		0.10361
	8360.00000000		4.11411		-0.32994
	8365.00000000		4.60137		-0.11545
	8370.00000000		4.66005		0.35197
	8375.00000000		4.61290		0.66310
	8380.00000000		4.38984		0.56827
	8385.00000000		4.12604		0.06929
	8390.00000000		4.51184		-0.23365
	8395.00000000		4.52062		-0.00144
	8400.00000000		4.59331		0.35235
	8405.00000000		4.32792		0.54599
	8410.00000000		3.82599		0.36312
	8415.00000000		3.87643		-0.25336
	8420.00000000		3.86312		-0.56311
	8425.00000000		4.15902		-0.46455
	8430.00000000		4.05012		-0.19661
	8435.00000000		4.18590		-0.13672
	8440.00000000		4.27388		-0.37070
	8445.00000000		4.26083		-0.52124
	8450.00000000		4.32729		-0.52658
	8455.00000000		4.06693		-0.42054
	8460.00000000		4.30962		-0.30988
	8465.00000000		4.22053		-0.33879
	8470.00000000		4.48154		-0.48310
	8475.00000000		4.49566		-0.64910
	8480.00000000		4.43167		-0.61349
	8485.00000000		4.50880		-0.39822
	8490.00000000		4.41246		-0.26600
	8495.00000000		4.76481		-0.32094
	8500.00000000		4.65206		-0.44525
	8505.00000000		4.62966		-0.44604
	8510.00000000		4.30031		-0.32118
	8515.00000000		4.35089		-0.18366
	8520.00000000		4.51054		-0.23804
	8525.00000000		4.58785		-0.43113
	8530.00000000		4.78813		-0.65135
	8535.00000000		4.50448		-0.63394
	8540.00000000		4.46741		-0.38577
	8545.00000000		4.21635		-0.12362
	8550.00000000		4.59517		-0.21663
	8555.00000000		4.89613		-0.56947
	8560.00000000		5.12707		-0.75118
	8565.00000000		4.89776		-0.58612
	8570.00000000		4.65981		-0.30863
	8575.00000000		4.89152		-0.21297
	8580.00000000		4.72537		-0.48889
	8585.00000000		5.09654		-0.74033
	8590.00000000		4.80931		-0.68236
	8595.00000000		4.86494		-0.41228
	8600.00000000		4.96116		-0.31125
	8605.00000000		4.99332		-0.52698
	8610.00000000		5.15424		-0.75788
	8615.00000000		4.67092		-0.74218
	8620.00000000		4.47459		-0.55120
	8625.00000000		4.13454		-0.44594
	8630.00000000		4.45057		-0.57564
	8635.00000000		4.82373		-0.75159
	8640.00000000		5.01728		-0.76595
	8645.00000000		4.72065		-0.63590
	8650.00000000		4.23760		-0.61553
	8655.00000000		4.08293		-0.78994
	8660.00000000		3.86766		-0.86778
	8665.00000000		4.24685		-0.71216
	8670.00000000		4.33102		-0.68178
	8675.00000000		4.46185		-0.75851
	8680.00000000		4.27624		-0.81049
	8685.00000000		4.30812		-0.71546
	8690.00000000		4.42930		-0.56248
	8695.00000000		4.52801		-0.60436
	8700.00000000		4.65781		-0.79099
	8705.00000000		4.41350		-0.88771
	8710.00000000		4.40349		-0.74264
	8715.00000000		4.28250		-0.50386
	8720.00000000		4.51729		-0.50525
	8725.00000000		4.59569		-0.74873
	8730.00000000		4.49921		-0.97513
	8735.00000000		4.31728		-1.10785
	8740.00000000		3.98395		-0.96822
	8745.00000000		4.14644		-0.69922
	8750.00000000		4.01438		-0.77453
	8755.00000000		3.92983		-0.95255
	8760.00000000		3.68556		-1.06179
	8765.00000000		3.75499		-0.77573
	8770.00000000		3.95055		-0.57579
	8775.00000000		3.94399		-0.75471
	8780.00000000		3.78572		-1.06494
	8785.00000000		3.56712		-1.20902
	8790.00000000		3.66244		-0.87209
	8795.00000000		3.72945		-0.57599
	8800.00000000		4.00489		-0.67292
	8805.00000000		3.93477		-0.93521
	8810.00000000		3.73270		-1.01617
	8815.00000000		3.53912		-0.75693
	8820.00000000		3.46106		-0.40708
	8825.00000000		3.71123		-0.47343
	8830.00000000		3.70096		-0.76729
	8835.00000000		3.84324		-0.76700
	8840.00000000		3.84828		-0.45382
	8845.00000000		3.97753		-0.30198
	8850.00000000		4.05395		-0.49197
	8855.00000000		3.79926		-0.71241
	8860.00000000		3.73169		-0.83901
	8865.00000000		3.50931		-0.44816
	8870.00000000		3.95894		-0.17579
	8875.00000000		4.50240		-0.28165
	8880.00000000		4.57802		-0.48957
	8885.00000000		4.16466		-0.67243
	8890.00000000		3.65629		-0.56134
	8895.00000000		3.90799		-0.01212
	8900.00000000		3.95802		0.04556
	8905.00000000		4.35969		-0.24011
	8910.00000000		4.23748		-0.58949
	8915.00000000		3.96690		-0.62029
	8920.00000000		3.83144		-0.00737
	8925.00000000		3.73652		0.34536
	8930.00000000		4.02530		0.24536
	8935.00000000		3.69452		-0.08657
	8940.00000000		3.52791		-0.42324
	8945.00000000		3.41137		-0.75188
	8950.00000000		3.12453		-0.56139
	8955.00000000		3.29120		-0.13631
	8960.00000000		3.37753		0.26336
	8965.00000000		3.04878		0.43132
	8970.00000000		2.84076		0.17303
	8975.00000000		2.79147		-0.96686
	8980.00000000		2.85711		-0.71155
	8985.00000000		3.15874		-0.01542
	8990.00000000		3.62090		0.50038
	8995.00000000		3.55281		0.67857
	9000.00000000		3.23728		0.53343
	9005.00000000		3.11331		-0.53989
	9010.00000000		3.12045		-0.88550
	9015.00000000		3.22643		-0.25823
	9020.00000000		3.26864		0.37883
	9025.00000000		3.47078		0.50581
	9030.00000000		3.45800		0.35294
	9035.00000000		3.18066		0.11538
	9040.00000000		3.19716		-0.01746
	9045.00000000		3.27481		0.22766
	9050.00000000		3.18468		0.29259
	9055.00000000		3.26762		0.08460
	9060.00000000		3.22482		-0.24307
	9065.00000000		2.99879		-0.40359
	9070.00000000		3.17895		-0.05926
	9075.00000000		3.35269		0.25165
	9080.00000000		3.51171		0.20287
	9085.00000000		3.79010		0.10179
	9090.00000000		3.68190		0.11070
	9095.00000000		3.76411		0.33333
	9100.00000000		3.79113		0.59326
	9105.00000000		3.93937		0.42025
	9110.00000000		4.13918		0.06891
	9115.00000000		4.11354		-0.20376
	9120.00000000		3.99221		-0.15320
	9125.00000000		3.73357		0.25399
	9130.00000000		3.88753		0.67761
	9135.00000000		3.99627		0.49644
	9140.00000000		4.15192		0.15047
	9145.00000000		4.31433		-0.11548
	9150.00000000		4.09808		-0.00298
	9155.00000000		3.91161		0.41010
	9160.00000000		3.63083		0.74642
	9165.00000000		3.54510		0.56592
	9170.00000000		3.45008		0.13634
	9175.00000000		3.43418		0.07476
	9180.00000000		3.33789		0.38764
	9185.00000000		3.13647		0.78337
	9190.00000000		3.12647		0.84150
	9195.00000000		2.92131		0.32545
	9200.00000000		2.45891		0.00138
	9205.00000000		1.89875		0.15202
	9210.00000000		2.45324		0.42355
	9215.00000000		2.70423		0.59476
	9220.00000000		2.43651		0.69259
	9225.00000000		1.88264		0.64572
	9230.00000000		2.50700		0.72989
	9235.00000000		2.81294		0.88493
	9240.00000000		2.83126		1.13302
	9245.00000000		2.52584		1.17600
	9250.00000000		2.17136		0.51822
	9255.00000000		2.12664		0.28926
	9260.00000000		2.05170		0.22252
	9265.00000000		2.07834		0.19810
	9270.00000000		2.10600		0.33644
	9275.00000000		2.08386		0.73516
	9280.00000000		2.14209		0.88872
	9285.00000000		2.03400		0.74558
	9290.00000000		2.15100		0.56529
	9295.00000000		2.06819		0.48083
	9300.00000000		2.08521		0.58260
	9305.00000000		2.05740		0.64848
	9310.00000000		2.08729		0.48654
	9315.00000000		2.09370		0.39002
	9320.00000000		2.04253		0.46558
	9325.00000000		2.18028		0.71597
	9330.00000000		1.99312		0.88568
	9335.00000000		2.15108		0.68284
	9340.00000000		2.10819		0.38646
	9345.00000000		2.02093		0.27759
	9350.00000000		2.13790		0.41906
	9355.00000000		2.04641		0.75061
	9360.00000000		2.12273		1.10392
	9365.00000000		2.01767		1.12062
	9370.00000000		2.17916		0.96273
	9375.00000000		2.03585		0.87611
	9380.00000000		2.09435		0.89114
	9385.00000000		2.10347		0.89150
	9390.00000000		2.01547		0.82301
	9395.00000000		2.16589		0.86997
	9400.00000000		2.01028		1.01577
	9405.00000000		2.14923		1.12913
	9410.00000000		2.01530		1.15485
	9415.00000000		2.13488		1.02129
	9420.00000000		2.04030		0.82325
	9425.00000000		2.08805		0.73375
	9430.00000000		2.06430		0.78026
	9435.00000000		2.06086		0.94475
	9440.00000000		2.14344		1.09814
	9445.00000000		1.98722		1.15633
	9450.00000000		2.14739		1.13174
	9455.00000000		1.96630		1.07785
	9460.00000000		2.14607		1.05671
	9465.00000000		2.03270		1.08235
	9470.00000000		2.06210		1.08692
	9475.00000000		2.10164		1.02885
	9480.00000000		1.99763		0.93198
	9485.00000000		2.17357		0.97707
	9490.00000000		1.96377		1.15358
	9495.00000000		2.17002		1.29486
	9500.00000000		2.00195		1.26514
	9505.00000000		2.09518		1.14189
	9510.00000000		2.12691		1.14803
	9515.00000000		1.98013		1.32110
	9520.00000000		2.18561		1.48743
	9525.00000000		1.93508		1.46478
	9530.00000000		2.21856		1.39193
	9535.00000000		1.98637		1.47592
	9540.00000000		2.15448		1.69755
	9545.00000000		2.03701		1.77531
	9550.00000000		2.08166		1.64504
	9555.00000000		2.15203		1.55411
	9560.00000000		1.98425		1.71943
	9565.00000000		2.28648		1.99758
	9570.00000000		1.87905		2.16316
	9575.00000000		2.28088		2.05071
	9580.00000000		1.97799		1.82664
	9585.00000000		2.17653		1.76093
	9590.00000000		2.10332		1.86753
	9595.00000000		2.02305		1.93978
	9600.00000000		2.19403		1.86878
	9605.00000000		1.94869		1.81150
	9610.00000000		2.27163		1.96047
	9615.00000000		1.92750		2.22981
	9620.00000000		2.21384		2.26006
	9625.00000000		2.04159		2.03380
	9630.00000000		2.10233		1.90844
	9635.00000000		2.15740		2.02961
	9640.00000000		1.96689		2.23881
	9645.00000000		2.18835		2.13831
	9650.00000000		1.97118		1.92283
	9655.00000000		2.16060		1.92102
	9660.00000000		2.03853		2.17523
	9665.00000000		2.07694		2.41055
	9670.00000000		2.06973		2.25426
	9675.00000000		2.06746		2.06367
	9680.00000000		2.12806		2.24530
	9685.00000000		2.05495		2.67157
	9690.00000000		2.05945		2.77931
	9695.00000000		2.09354		2.48411
	9700.00000000		2.08667		2.32314
	9705.00000000		2.06522		2.59016
	9710.00000000		2.06442		2.84438
	9715.00000000		2.04398		2.59273
	9720.00000000		2.11995		2.27532
	9725.00000000		2.01556		2.30296
	9730.00000000		2.16648		2.78596
	9735.00000000		2.01335		-3.07089
	9740.00000000		2.10167		3.10256
	9745.00000000		2.10931		2.80759
	9750.00000000		2.04776		2.92917
	9755.00000000		2.14684		-3.02346
	9760.00000000		1.97042		-3.02584
	9765.00000000		2.19042		2.78917
	9770.00000000		1.97980		2.53764
	9775.00000000		2.17358		2.88871
	9780.00000000		2.03928		-2.97379
	9785.00000000		2.06979		-2.84293
	9790.00000000		2.10877		-3.07200
	9795.00000000		2.03944		3.08060
	9800.00000000		2.15780		-2.88807
	9805.00000000		1.98367		-2.57881
	9810.00000000		2.12301		-2.62343
	9815.00000000		2.01094		-2.91855
	9820.00000000		2.13788		-2.77179
	9825.00000000		2.11981		-2.27252
	9830.00000000		2.02693		-1.97201
	9835.00000000		2.11688		-2.08363
	9840.00000000		2.07126		-2.50790
	9845.00000000		2.06999		-2.60032
	9850.00000000		2.09645		-2.26684
	9855.00000000		2.02495		-2.02839
	9860.00000000		2.10285		-2.07377
	9865.00000000		2.08448		-2.33954
	9870.00000000		2.07819		-2.37923
	9875.00000000		2.09979		-2.23008
	9880.00000000		2.00491		-2.25999
	9885.00000000		2.16617		-2.53173
	9890.00000000		2.00465		-2.75310
	9895.00000000		2.13074		-2.53219
	9900.00000000		2.05389		-2.26346
	9905.00000000		2.04167		-2.22944
	9910.00000000		2.16533		-2.40840
	9915.00000000		1.98602		-2.53604
	9920.00000000		2.17335		-2.34641
	9925.00000000		1.99027		-2.21960
	9930.00000000		2.11121		-2.32959
	9935.00000000		2.08449		-2.52155
	9940.00000000		2.03750		-2.51377
	9945.00000000		2.16632		-2.32776
	9950.00000000		1.95169		-2.26831
	9955.00000000		2.17007		-2.46748
	9960.00000000		2.03001		-2.77398
	9965.00000000		2.09815		-2.75694
	9970.00000000		2.10519		-2.51924
	9975.00000000		1.99026		-2.32116
	9980.00000000		2.17902		-2.31477
	9985.00000000		2.01675		-2.35768
	9990.00000000		2.14733		-2.32130
	9995.00000000		2.08153		-2.29459
	10000.00000000		2.00415		-2.40732
