	0.00000000		4.01582		0.49668
	5.00000000		3.90396		0.21776
	10.00000000		4.15727		0.08468
	15.00000000		4.00727		0.03850
	20.00000000		4.13215		-0.04468
	25.00000000		4.09647		-0.15431
	30.00000000		4.24263		-0.11895
	35.00000000		4.41218		0.00498
	40.00000000		4.37089		0.01980
	45.00000000		4.40619		-0.13441
	50.00000000		4.31558		-0.34824
	55.00000000		4.68758		-0.37942
	60.00000000		4.74061		-0.19116
	65.00000000		5.02557		-0.04746
	70.00000000		4.99619		-0.06160
	75.00000000		5.00517		-0.18208
	80.00000000		5.18229		-0.22382
	85.00000000		5.26467		-0.11646
	90.00000000		5.50586		0.06444
	95.00000000		5.28590		0.08705
	100.00000000		5.07050		-0.09736
	105.00000000		4.81099		-0.33102
	110.00000000		4.94601		-0.28015
	115.00000000		5.15906		-0.06287
	120.00000000		5.23839		0.02711
	125.00000000		5.05327		-0.03658
	130.00000000		4.82679		-0.16701
	135.00000000		4.95803		-0.17847
	140.00000000		5.00163		-0.07414
	145.00000000		5.18776		0.07267
	150.00000000		4.89086		0.07651
	155.00000000		4.67813		-0.07079
	160.00000000		4.42897		-0.25797
	165.00000000		4.42768		-0.19215
	170.00000000		4.63637		0.12210
	175.00000000		4.64372		0.37977
	180.00000000		4.64052		0.45995
	185.00000000		4.18171		0.27527
	190.00000000		4.16167		0.01172
	195.00000000		4.03244		-0.12468
	200.00000000		4.05109		-0.07626
	205.00000000		4.02155		-0.02123
	210.00000000		3.79206		-0.02285
	215.00000000		3.86938		-0.04009
	220.00000000		3.74644		-0.02058
	225.00000000		4.00373		0.01646
	230.00000000		4.08979		0.02270
	235.00000000		4.22455		0.00494
	240.00000000		4.11873		-0.01879
	245.00000000		3.90653		0.03050
	250.00000000		3.85636		0.13785
	255.00000000		3.72656		0.23671
	260.00000000		4.08278		0.23585
	265.00000000		4.31414		0.21880
	270.00000000		4.59182		0.21765
	275.00000000		4.52151		0.25166
	280.00000000		4.40811		0.30415
	285.00000000		4.34683		0.30208
	290.00000000		4.28843		0.21097
	295.00000000		4.49253		0.14921
	300.00000000		4.37313		0.21252
	305.00000000		4.42333		0.40938
	310.00000000		4.33585		0.55440
	315.00000000		4.53806		0.46331
	320.00000000		4.75051		0.28916
	325.00000000		4.85149		0.21295
	330.00000000		4.67917		0.29081
	335.00000000		4.35384		0.40226
	340.00000000		4.24721		0.41249
	345.00000000		4.18022		0.28685
	350.00000000		4.51439		0.27537
	355.00000000		4.67461		0.41418
	360.00000000		4.76713		0.62025
	365.00000000		4.77688		0.76981
	370.00000000		4.69625		0.75652
	375.00000000		4.67518		0.62481
	380.00000000		4.70026		0.57947
	385.00000000		4.95959		0.68714
	390.00000000		5.15159		0.77264
	395.00000000		5.29914		0.69332
	400.00000000		5.15441		0.56771
	405.00000000		5.08503		0.60325
	410.00000000		5.09884		0.79060
	415.00000000		5.33676		0.89895
	420.00000000		5.57870		0.81720
	425.00000000		5.59135		0.67139
	430.00000000		5.45245		0.61460
	435.00000000		5.16164		0.75696
	440.00000000		5.20936		0.88113
	445.00000000		5.24635		0.85469
	450.00000000		5.41021		0.77269
	455.00000000		5.33736		0.75339
	460.00000000		5.05287		0.79509
	465.00000000		4.74881		0.83457
	470.00000000		4.67049		0.74813
	475.00000000		4.99397		0.60102
	480.00000000		5.25720		0.61347
	485.00000000		5.24521		0.71900
	490.00000000		4.87722		0.82229
	495.00000000		4.63370		0.80821
	500.00000000		4.56247		0.65479
	505.00000000		4.78895		0.57281
	510.00000000		5.09139		0.63550
	515.00000000		5.01197		0.65643
	520.00000000		4.64839		0.59455
	525.00000000		4.23588		0.53544
	530.00000000		4.42296		0.48791
	535.00000000		4.58477		0.54921
	540.00000000		5.07188		0.65488
	545.00000000		5.24703		0.70199
	550.00000000		4.99686		0.62064
	555.00000000		4.65658		0.60872
	560.00000000		4.37943		0.77777
	565.00000000		4.76087		0.84337
	570.00000000		4.93881		0.82543
	575.00000000		5.18371		0.75321
	580.00000000		5.00160		0.70730
	585.00000000		4.90089		0.77280
	590.00000000		4.93197		0.88191
	595.00000000		5.00777		0.90107
	600.00000000		5.30625		0.86181
	605.00000000		5.34147		0.82568
	610.00000000		5.32455		0.83940
	615.00000000		5.07125		0.89110
	620.00000000		5.10038		0.89076
	625.00000000		5.13435		0.81095
	630.00000000		5.35834		0.74869
	635.00000000		5.57854		0.78263
	640.00000000		5.59980		0.82655
	645.00000000		5.42919		0.86417
	650.00000000		5.06691		0.86694
	655.00000000		5.08409		0.83955
	660.00000000		5.08357		0.86205
	665.00000000		5.46883		0.93976
	670.00000000		5.62704		1.03002
	675.00000000		5.55138		1.01760
	680.00000000		5.27019		0.94938
	685.00000000		5.06551		0.90488
	690.00000000		5.23365		0.93797
	695.00000000		5.29397		0.93892
	700.00000000		5.33778		0.89083
	705.00000000		5.02952		0.83727
	710.00000000		4.99154		0.85197
	715.00000000		4.89486		0.86327
	720.00000000		5.06517		0.77933
	725.00000000		5.20201		0.65428
	730.00000000		5.22806		0.53180
	735.00000000		5.13833		0.57484
	740.00000000		4.86988		0.71376
	745.00000000		4.85629		0.86761
	750.00000000		4.71823		0.82911
	755.00000000		4.83938		0.61859
	760.00000000		4.91051		0.39194
	765.00000000		5.08185		0.46726
	770.00000000		5.15464		0.77789
	775.00000000		5.15605		0.93914
	780.00000000		5.12714		0.89234
	785.00000000		4.96550		0.63714
	790.00000000		5.18547		0.41763
	795.00000000		5.14702		0.43127
	800.00000000		5.12486		0.62735
	805.00000000		4.94613		0.79633
	810.00000000		4.84291		0.79909
	815.00000000		4.79317		0.60577
	820.00000000		4.79544		0.39806
	825.00000000		5.01173		0.35394
	830.00000000		4.83765		0.41587
	835.00000000		4.73552		0.49198
	840.00000000		4.42811		0.48698
	845.00000000		4.46400		0.45405
	850.00000000		4.36996		0.41470
	855.00000000		4.23437		0.42525
	860.00000000		4.07025		0.45438
	865.00000000		3.90323		0.44398
	870.00000000		4.04402		0.37658
	875.00000000		3.94690		0.33043
	880.00000000		4.04238		0.38110
	885.00000000		3.87463		0.46202
	890.00000000		4.11382		0.50512
	895.00000000		4.29341		0.53848
	900.00000000		4.43237		0.58046
	905.00000000		4.35548		0.57954
	910.00000000		4.04943		0.53825
	915.00000000		4.19942		0.44870
	920.00000000		4.09385		0.43012
	925.00000000		4.40970		0.55416
	930.00000000		4.46538		0.66112
	935.00000000		4.24254		0.61544
	940.00000000		4.03914		0.42439
	945.00000000		4.05211		0.30421
	950.00000000		4.50943		0.44944
	955.00000000		4.70956		0.59232
	960.00000000		4.46707		0.55686
	965.00000000		3.80811		0.48636
	970.00000000		3.77305		0.51309
	975.00000000		3.81790		0.51345
	980.00000000		4.10848		0.54665
	985.00000000		4.19724		0.54974
	990.00000000		3.80243		0.57267
	995.00000000		3.79491		0.66412
	1000.00000000		3.52984		0.67642
	1005.00000000		3.83988		0.55155
	1010.00000000		4.15801		0.59632
	1015.00000000		4.08784		0.72086
	1020.00000000		3.81266		0.85998
	1025.00000000		3.46569		0.85021
	1030.00000000		3.62544		0.50327
	1035.00000000		3.62352		0.39396
	1040.00000000		3.70908		0.51251
	1045.00000000		3.50294		0.73955
	1050.00000000		3.30634		0.75251
	1055.00000000		3.48659		0.51884
	1060.00000000		3.44873		0.47736
	1065.00000000		3.72653		0.71875
	1070.00000000		3.76696		0.95087
	1075.00000000		3.76736		0.88614
	1080.00000000		3.81136		0.49867
	1085.00000000		3.83084		0.31690
	1090.00000000		4.07801		0.50329
	1095.00000000		4.03273		0.87233
	1100.00000000		4.30599		0.98361
	1105.00000000		4.12831		0.70431
	1110.00000000		4.14289		0.43449
	1115.00000000		4.14642		0.35387
	1120.00000000		4.03107		0.49039
	1125.00000000		4.21813		0.67698
	1130.00000000		4.08528		0.69191
	1135.00000000		4.25994		0.45952
	1140.00000000		4.12394		0.14358
	1145.00000000		4.18499		0.04376
	1150.00000000		4.03598		0.14248
	1155.00000000		3.99878		0.25019
	1160.00000000		4.10091		0.21033
	1165.00000000		4.01843		0.07950
	1170.00000000		4.03699		-0.06368
	1175.00000000		3.67619		-0.10785
	1180.00000000		3.88613		-0.11735
	1185.00000000		4.00223		-0.26427
	1190.00000000		4.33986		-0.42063
	1195.00000000		4.58282		-0.39912
	1200.00000000		4.30383		-0.21985
	1205.00000000		4.35288		0.05686
	1210.00000000		4.10211		0.07364
	1215.00000000		4.45108		-0.18814
	1220.00000000		4.69121		-0.53288
	1225.00000000		4.50762		-0.72497
	1230.00000000		4.17357		-0.93279
	1235.00000000		3.95695		-0.78863
	1240.00000000		4.22229		-0.42672
	1245.00000000		4.44951		-0.60438
	1250.00000000		4.58283		-0.82960
	1255.00000000		4.14580		-0.86872
	1260.00000000		3.86511		-0.66672
	1265.00000000		3.69803		-0.25304
	1270.00000000		3.65311		-0.28117
	1275.00000000		3.87795		-0.61849
	1280.00000000		3.94902		-0.92787
	1285.00000000		4.19312		-0.96443
	1290.00000000		4.11640		-0.80077
	1295.00000000		4.11537		-0.63445
	1300.00000000		4.02381		-0.59360
	1305.00000000		3.84756		-0.61364
	1310.00000000		3.82768		-0.59075
	1315.00000000		3.73763		-0.48297
	1320.00000000		4.15015		-0.40071
	1325.00000000		4.32767		-0.65624
	1330.00000000		4.57942		-0.89098
	1335.00000000		4.47450		-0.91554
	1340.00000000		4.29804		-0.59752
	1345.00000000		4.51516		-0.23940
	1350.00000000		4.54756		-0.35229
	1355.00000000		4.81374		-0.70305
	1360.00000000		4.70141		-0.82629
	1365.00000000		4.74700		-0.54823
	1370.00000000		4.81697		-0.14486
	1375.00000000		5.07818		-0.12231
	1380.00000000		5.09732		-0.32935
	1385.00000000		4.82164		-0.46109
	1390.00000000		4.58122		-0.45046
	1395.00000000		4.27291		-0.34666
	1400.00000000		4.43757		-0.32684
	1405.00000000		4.49962		-0.39303
	1410.00000000		4.54525		-0.46508
	1415.00000000		4.28205		-0.50576
	1420.00000000		4.04863		-0.48357
	1425.00000000		4.03170		-0.33757
	1430.00000000		4.03607		-0.26783
	1435.00000000		4.22179		-0.28866
	1440.00000000		4.02104		-0.30165
	1445.00000000		3.92759		-0.28950
	1450.00000000		3.75468		-0.30975
	1455.00000000		3.90171		-0.33917
	1460.00000000		4.16905		-0.34967
	1465.00000000		4.20200		-0.39245
	1470.00000000		4.21227		-0.45077
	1475.00000000		3.96828		-0.48725
	1480.00000000		4.09589		-0.25463
	1485.00000000		4.10709		0.02928
	1490.00000000		4.25818		0.12855
	1495.00000000		4.19329		0.06219
	1500.00000000		3.80826		-0.15474
	1505.00000000		3.63233		-0.49249
	1510.00000000		3.42961		-0.64472
	1515.00000000		3.53625		-0.34248
	1520.00000000		3.80046		-0.25337
	1525.00000000		3.75669		-0.41866
	1530.00000000		3.58752		-0.59931
	1535.00000000		3.25867		-0.55308
	1540.00000000		3.31115		-0.20679
	1545.00000000		3.49560		-0.01857
	1550.00000000		3.64327		-0.15296
	1555.00000000		3.73009		-0.43533
	1560.00000000		3.79409		-0.48059
	1565.00000000		4.04937		-0.36251
	1570.00000000		4.28768		-0.39035
	1575.00000000		4.45166		-0.57674
	1580.00000000		4.32612		-0.70375
	1585.00000000		4.22624		-0.59014
	1590.00000000		4.29153		-0.27027
	1595.00000000		4.61879		-0.12760
	1600.00000000		5.02151		-0.20089
	1605.00000000		5.12750		-0.36583
	1610.00000000		5.08164		-0.43871
	1615.00000000		4.93636		-0.32264
	1620.00000000		5.02552		-0.14722
	1625.00000000		5.11341		-0.07191
	1630.00000000		5.18846		-0.15347
	1635.00000000		5.15532		-0.27928
	1640.00000000		5.19182		-0.34410
	1645.00000000		5.30002		-0.27023
	1650.00000000		5.45845		-0.15959
	1655.00000000		5.53162		-0.12506
	1660.00000000		5.39029		-0.19237
	1665.00000000		5.28333		-0.24222
	1670.00000000		5.27171		-0.17627
	1675.00000000		5.49789		-0.05785
	1680.00000000		5.64333		-0.00641
	1685.00000000		5.58620		-0.08577
	1690.00000000		5.40839		-0.19430
	1695.00000000		5.40513		-0.22385
	1700.00000000		5.64715		-0.10686
	1705.00000000		5.95777		0.01980
	1710.00000000		6.11515		0.08415
	1715.00000000		5.92307		0.07984
	1720.00000000		5.87855		0.05765
	1725.00000000		5.94186		0.06106
	1730.00000000		6.14059		0.08743
	1735.00000000		6.13208		0.09046
	1740.00000000		5.80084		0.03185
	1745.00000000		5.50063		-0.05761
	1750.00000000		5.37593		-0.10004
	1755.00000000		5.65138		-0.00913
	1760.00000000		5.92056		0.09932
	1765.00000000		5.88050		0.14899
	1770.00000000		5.53010		0.14653
	1775.00000000		5.39684		0.13054
	1780.00000000		5.43182		0.13785
	1785.00000000		5.52731		0.15754
	1790.00000000		5.37506		0.12001
	1795.00000000		5.07853		0.01602
	1800.00000000		5.10785		-0.08521
	1805.00000000		5.19579		-0.06688
	1810.00000000		5.51513		0.04062
	1815.00000000		5.42317		0.13742
	1820.00000000		5.12391		0.13516
	1825.00000000		4.87240		0.08810
	1830.00000000		4.88195		0.03129
	1835.00000000		5.12894		0.01740
	1840.00000000		5.24510		0.01640
	1845.00000000		5.18607		-0.05615
	1850.00000000		4.95877		-0.18255
	1855.00000000		4.84261		-0.27672
	1860.00000000		4.70909		-0.22381
	1865.00000000		4.79448		-0.02618
	1870.00000000		4.85096		0.13261
	1875.00000000		4.86971		0.07835
	1880.00000000		4.78017		-0.12099
	1885.00000000		4.64089		-0.24533
	1890.00000000		4.54645		-0.18270
	1895.00000000		4.43494		0.02831
	1900.00000000		4.41272		0.19700
	1905.00000000		4.34731		0.07811
	1910.00000000		4.40182		-0.09022
	1915.00000000		4.41975		-0.05301
	1920.00000000		4.38372		0.19934
	1925.00000000		4.25473		0.31333
	1930.00000000		4.24159		0.13034
	1935.00000000		4.41764		-0.09699
	1940.00000000		4.62644		-0.00016
	1945.00000000		4.74643		0.25304
	1950.00000000		4.67673		0.31600
	1955.00000000		4.57402		0.17842
	1960.00000000		4.60301		0.05991
	1965.00000000		4.75112		0.15255
	1970.00000000		4.79997		0.23481
	1975.00000000		4.68630		0.15157
	1980.00000000		4.59026		-0.05842
	1985.00000000		4.83278		-0.17183
	1990.00000000		5.05895		-0.15625
	1995.00000000		5.25739		-0.05883
	2000.00000000		5.22212		0.02309
	2005.00000000		5.17983		0.04577
	2010.00000000		5.13834		0.05522
	2015.00000000		5.30664		0.03778
	2020.00000000		5.60823		-0.03843
	2025.00000000		5.80193		-0.18022
	2030.00000000		5.78068		-0.27476
	2035.00000000		5.42359		-0.27098
	2040.00000000		5.31057		-0.16512
	2045.00000000		5.36985		-0.05167
	2050.00000000		5.62963		-0.00499
	2055.00000000		5.57673		-0.04417
	2060.00000000		5.27249		-0.13682
	2065.00000000		5.02782		-0.20421
	2070.00000000		4.93752		-0.24460
	2075.00000000		5.13526		-0.32930
	2080.00000000		5.22438		-0.47998
	2085.00000000		5.13938		-0.53278
	2090.00000000		4.68588		-0.45250
	2095.00000000		4.52774		-0.35206
	2100.00000000		4.45697		-0.38143
	2105.00000000		4.65214		-0.50493
	2110.00000000		4.81173		-0.57476
	2115.00000000		4.74432		-0.48562
	2120.00000000		4.72055		-0.26824
	2125.00000000		4.75770		-0.18155
	2130.00000000		5.01929		-0.34052
	2135.00000000		5.06769		-0.59976
	2140.00000000		5.01157		-0.61475
	2145.00000000		4.72289		-0.37599
	2150.00000000		4.84876		-0.18398
	2155.00000000		4.87348		-0.27908
	2160.00000000		4.90513		-0.60125
	2165.00000000		4.82075		-0.87928
	2170.00000000		4.58128		-0.87136
	2175.00000000		4.49879		-0.53834
	2180.00000000		4.49933		-0.51776
	2185.00000000		4.73754		-0.83510
	2190.00000000		4.63645		-1.02317
	2195.00000000		4.27339		-0.90131
	2200.00000000		3.92177		-0.58296
	2205.00000000		4.08977		-0.48407
	2210.00000000		4.40749		-0.78961
	2215.00000000		4.82451		-1.08690
	2220.00000000		4.81709		-1.13116
	2225.00000000		4.59416		-0.95786
	2230.00000000		4.67080		-0.72485
	2235.00000000		4.81356		-0.92748
	2240.00000000		5.09864		-1.19651
	2245.00000000		4.97186		-1.22316
	2250.00000000		4.68409		-0.95712
	2255.00000000		4.69661		-0.69168
	2260.00000000		5.01241		-0.88738
	2265.00000000		5.53699		-1.15210
	2270.00000000		5.75204		-1.17277
	2275.00000000		5.56534		-1.00445
	2280.00000000		5.46337		-0.81975
	2285.00000000		5.68627		-0.86396
	2290.00000000		6.01638		-1.08446
	2295.00000000		6.08318		-1.14923
	2300.00000000		5.76552		-1.05519
	2305.00000000		5.44820		-0.87327
	2310.00000000		5.45376		-0.79848
	2315.00000000		5.66959		-0.96676
	2320.00000000		5.78039		-1.10910
	2325.00000000		5.58710		-1.09085
	2330.00000000		5.40548		-1.00040
	2335.00000000		5.45546		-1.01916
	2340.00000000		5.76006		-1.17556
	2345.00000000		5.90741		-1.24061
	2350.00000000		5.72415		-1.12692
	2355.00000000		5.48043		-0.93242
	2360.00000000		5.56873		-0.85994
	2365.00000000		5.84046		-0.99331
	2370.00000000		6.06244		-1.11951
	2375.00000000		6.03130		-1.09235
	2380.00000000		5.89962		-0.93529
	2385.00000000		5.93042		-0.76114
	2390.00000000		6.14254		-0.83628
	2395.00000000		6.39454		-1.04246
	2400.00000000		6.35057		-1.12746
	2405.00000000		6.05001		-1.03353
	2410.00000000		5.89065		-0.85207
	2415.00000000		6.06136		-0.84614
	2420.00000000		6.28606		-1.06566
	2425.00000000		6.38740		-1.24976
	2430.00000000		6.22701		-1.29158
	2435.00000000		6.02217		-1.16708
	2440.00000000		5.96482		-0.98735
	2445.00000000		6.00699		-1.00669
	2450.00000000		5.93307		-1.12308
	2455.00000000		5.80495		-1.19447
	2460.00000000		5.74825		-1.10946
	2465.00000000		5.85371		-0.93579
	2470.00000000		6.04688		-0.89886
	2475.00000000		6.04302		-1.00933
	2480.00000000		5.79393		-1.13936
	2485.00000000		5.41516		-1.18686
	2490.00000000		5.27097		-1.08420
	2495.00000000		5.36446		-1.00420
	2500.00000000		5.49958		-1.05414
	2505.00000000		5.36803		-1.12984
	2510.00000000		5.13582		-1.18323
	2515.00000000		4.92728		-1.11284
	2520.00000000		5.02248		-1.00006
	2525.00000000		5.26582		-0.99654
	2530.00000000		5.34979		-1.02332
	2535.00000000		5.20406		-1.02098
	2540.00000000		5.04291		-0.96301
	2545.00000000		5.14126		-0.91406
	2550.00000000		5.23439		-0.93164
	2555.00000000		5.23481		-0.97506
	2560.00000000		5.03535		-1.01398
	2565.00000000		4.99560		-1.02461
	2570.00000000		5.03805		-1.01551
	2575.00000000		5.19814		-1.01292
	2580.00000000		5.27791		-1.00180
	2585.00000000		5.19755		-0.96196
	2590.00000000		5.12007		-0.92539
	2595.00000000		5.12823		-0.91978
	2600.00000000		5.35249		-0.99328
	2605.00000000		5.41360		-1.05096
	2610.00000000		5.31043		-1.04254
	2615.00000000		5.13691		-0.95981
	2620.00000000		5.29355		-0.90947
	2625.00000000		5.58434		-0.96936
	2630.00000000		5.80161		-1.01818
	2635.00000000		5.75376		-1.01166
	2640.00000000		5.62691		-0.95954
	2645.00000000		5.64619		-0.88972
	2650.00000000		5.72431		-0.90417
	2655.00000000		5.88314		-1.01579
	2660.00000000		5.93794		-1.09089
	2665.00000000		6.00983		-1.06762
	2670.00000000		6.02493		-0.98037
	2675.00000000		6.03155		-0.91753
	2680.00000000		5.81404		-0.90643
	2685.00000000		5.46266		-0.91954
	2690.00000000		5.24552		-0.94921
	2695.00000000		5.31384		-0.97861
	2700.00000000		5.59274		-1.03650
	2705.00000000		5.51833		-1.05056
	2710.00000000		5.22638		-1.04919
	2715.00000000		4.90543		-1.00292
	2720.00000000		4.90516		-0.90695
	2725.00000000		4.95355		-0.86343
	2730.00000000		4.96923		-0.91417
	2735.00000000		4.83829		-0.98065
	2740.00000000		4.58552		-0.97703
	2745.00000000		4.40420		-0.87912
	2750.00000000		4.29819		-0.81525
	2755.00000000		4.41531		-0.91249
	2760.00000000		4.50376		-1.04177
	2765.00000000		4.70000		-1.08819
	2770.00000000		4.66657		-1.05586
	2775.00000000		4.52056		-0.99972
	2780.00000000		4.22260		-1.01326
	2785.00000000		4.03997		-1.07597
	2790.00000000		4.02632		-1.04196
	2795.00000000		4.06486		-0.93305
	2800.00000000		4.22447		-0.84587
	2805.00000000		4.18770		-0.88070
	2810.00000000		4.25645		-1.03953
	2815.00000000		4.19920		-1.12815
	2820.00000000		4.27816		-1.05942
	2825.00000000		4.26773		-0.95770
	2830.00000000		4.25360		-0.95429
	2835.00000000		4.19438		-1.03867
	2840.00000000		4.16045		-1.08939
	2845.00000000		4.21868		-1.06226
	2850.00000000		4.28945		-0.99859
	2855.00000000		4.52472		-0.96807
	2860.00000000		4.77123		-0.98222
	2865.00000000		5.07200		-0.98964
	2870.00000000		5.21204		-0.92694
	2875.00000000		5.18875		-0.80720
	2880.00000000		5.02092		-0.72239
	2885.00000000		4.94676		-0.76206
	2890.00000000		5.10251		-0.84252
	2895.00000000		5.39035		-0.87968
	2900.00000000		5.58733		-0.89358
	2905.00000000		5.44450		-0.87275
	2910.00000000		5.34215		-0.86824
	2915.00000000		5.46131		-0.84876
	2920.00000000		5.74954		-0.81489
	2925.00000000		5.89173		-0.74633
	2930.00000000		5.80174		-0.69791
	2935.00000000		5.58025		-0.69436
	2940.00000000		5.45587		-0.71332
	2945.00000000		5.56830		-0.73301
	2950.00000000		5.63347		-0.74310
	2955.00000000		5.53752		-0.81054
	2960.00000000		5.40946		-0.93419
	2965.00000000		5.42449		-0.99960
	2970.00000000		5.37439		-0.97693
	2975.00000000		5.14098		-0.86442
	2980.00000000		4.77100		-0.76095
	2985.00000000		4.51883		-0.87472
	2990.00000000		4.64102		-1.05269
	2995.00000000		4.88562		-1.07226
	3000.00000000		4.98866		-0.98414
	3005.00000000		4.68077		-0.86600
	3010.00000000		4.23767		-0.93901
	3015.00000000		3.94114		-1.18957
	3020.00000000		3.83597		-1.28358
	3025.00000000		3.77298		-1.09087
	3030.00000000		3.71024		-0.85568
	3035.00000000		3.72453		-0.90823
	3040.00000000		3.67308		-1.24054
	3045.00000000		3.86081		-1.45635
	3050.00000000		3.87168		-1.42638
	3055.00000000		3.82764		-1.25610
	3060.00000000		3.61919		-1.03704
	3065.00000000		3.50127		-0.86114
	3070.00000000		3.47319		-0.82268
	3075.00000000		3.49975		-0.91351
	3080.00000000		3.63976		-1.01567
	3085.00000000		3.56726		-1.06487
	3090.00000000		3.57601		-0.98436
	3095.00000000		3.50226		-0.88041
	3100.00000000		3.53580		-0.92098
	3105.00000000		3.71985		-1.09232
	3110.00000000		3.75402		-1.11857
	3115.00000000		3.76964		-0.95677
	3120.00000000		3.51656		-0.57341
	3125.00000000		3.43945		-0.20159
	3130.00000000		3.40182		-0.25644
	3135.00000000		3.45150		-0.73369
	3140.00000000		3.91994		-0.81092
	3145.00000000		4.20626		-0.66751
	3150.00000000		4.15332		-0.48771
	3155.00000000		3.83392		-0.35201
	3160.00000000		3.34075		-0.41574
	3165.00000000		3.48039		-0.58506
	3170.00000000		3.31914		-0.55633
	3175.00000000		3.52194		-0.46873
	3180.00000000		3.67820		-0.40233
	3185.00000000		3.48226		-0.50900
	3190.00000000		3.67153		-0.77170
	3195.00000000		3.63617		-0.87756
	3200.00000000		3.55596		-0.47739
	3205.00000000		3.74135		0.15676
	3210.00000000		3.50955		0.26550
	3215.00000000		3.29602		-0.24256
	3220.00000000		3.25660		-0.88439
	3225.00000000		3.20443		-0.95930
	3230.00000000		3.02444		-0.43762
	3235.00000000		2.79827		0.27457
	3240.00000000		2.65548		0.44385
	3245.00000000		2.66437		-0.64631
	3250.00000000		2.87409		-0.93878
	3255.00000000		3.02574		-0.18973
	3260.00000000		3.16871		0.72188
	3265.00000000		3.41396		1.07208
	3270.00000000		3.27595		1.05238
	3275.00000000		2.92891		0.56856
	3280.00000000		3.01446		0.18289
	3285.00000000		3.00488		0.61823
	3290.00000000		2.82511		1.02194
	3295.00000000		2.83869		1.01479
	3300.00000000		2.86857		0.62971
	3305.00000000		2.51770		0.33505
	3310.00000000		2.13611		0.30955
	3315.00000000		2.21276		0.48868
	3320.00000000		2.35768		0.72306
	3325.00000000		2.02471		0.77454
	3330.00000000		2.16543		0.56890
	3335.00000000		2.29871		0.50746
	3340.00000000		1.93908		0.53086
	3345.00000000		2.25444		0.40959
	3350.00000000		2.00120		-0.08977
	3355.00000000		2.15244		-0.30184
	3360.00000000		2.06876		-0.33559
	3365.00000000		2.06888		-0.31675
	3370.00000000		2.17195		-0.27999
	3375.00000000		1.97760		-0.16501
	3380.00000000		2.26163		-0.12277
	3385.00000000		1.93448		-0.17068
	3390.00000000		2.24283		-0.35624
	3395.00000000		1.97834		-0.60589
	3400.00000000		2.17134		-0.75605
	3405.00000000		2.06816		-0.75151
	3410.00000000		2.07264		-0.71394
	3415.00000000		2.17900		-0.76475
	3420.00000000		1.97053		-0.82276
	3425.00000000		2.25305		-0.77893
	3430.00000000		1.92067		-0.54540
	3435.00000000		2.26517		-0.32844
	3440.00000000		1.98586		-0.25505
	3445.00000000		2.17645		-0.34974
	3450.00000000		2.11425		-0.44120
	3455.00000000		2.04899		-0.34295
	3460.00000000		2.20185		-0.28137
	3465.00000000		1.94579		-0.44548
	3470.00000000		2.22950		-0.77762
	3475.00000000		1.95002		-0.86849
	3480.00000000		2.19782		-0.70929
	3485.00000000		2.06073		-0.42085
	3490.00000000		2.07726		-0.14672
	3495.00000000		2.15363		-0.14713
	3500.00000000		2.00483		-0.20147
	3505.00000000		2.22804		-0.09147
	3510.00000000		1.99114		0.13227
	3515.00000000		2.15334		0.14991
	3520.00000000		2.12464		-0.15962
	3525.00000000		2.03687		-0.39958
	3530.00000000		2.21365		-0.25924
	3535.00000000		1.98595		0.10290
	3540.00000000		2.15814		0.25650
	3545.00000000		2.05652		0.03629
	3550.00000000		2.10864		-0.04778
	3555.00000000		2.14146		0.10305
	3560.00000000		2.00799		0.23710
	3565.00000000		2.16108		0.05036
	3570.00000000		2.03083		-0.39151
	3575.00000000		2.14321		-0.57718
	3580.00000000		2.02810		-0.53967
	3585.00000000		2.09029		-0.52362
	3590.00000000		2.05681		-0.64446
	3595.00000000		2.06775		-0.75111
	3600.00000000		2.12101		-0.67129
	3605.00000000		2.01232		-0.43914
	3610.00000000		2.15276		-0.23562
	3615.00000000		1.99099		-0.27754
	3620.00000000		2.18050		-0.40419
	3625.00000000		2.05395		-0.32338
	3630.00000000		2.09571		-0.09320
	3635.00000000		2.10103		-0.10491
	3640.00000000		2.04081		-0.42423
	3645.00000000		2.14685		-0.62047
	3650.00000000		2.00933		-0.45436
	3655.00000000		2.20519		0.06641
	3660.00000000		2.02929		0.28275
	3665.00000000		2.11100		0.14411
	3670.00000000		2.17068		-0.00987
	3675.00000000		1.99132		0.12880
	3680.00000000		2.18760		0.54318
	3685.00000000		1.98379		0.57541
	3690.00000000		2.17244		0.30830
	3695.00000000		2.12949		0.13305
	3700.00000000		2.02302		0.17140
	3705.00000000		2.18572		0.35304
	3710.00000000		1.97968		0.31456
	3715.00000000		2.17300		0.18620
	3720.00000000		2.06089		0.10246
	3725.00000000		2.05495		0.09688
	3730.00000000		2.15003		0.19118
	3735.00000000		1.95583		0.30680
	3740.00000000		2.21883		0.39486
	3745.00000000		1.99073		0.41507
	3750.00000000		2.15373		0.41864
	3755.00000000		2.11865		0.39406
	3760.00000000		1.99962		0.33913
	3765.00000000		2.22421		0.41003
	3770.00000000		1.94868		0.56745
	3775.00000000		2.21187		0.70193
	3780.00000000		1.99681		0.66199
	3785.00000000		2.14714		0.51337
	3790.00000000		2.13927		0.37234
	3795.00000000		1.97451		0.31901
	3800.00000000		2.21774		0.33912
	3805.00000000		1.92158		0.37546
	3810.00000000		2.21052		0.47034
	3815.00000000		2.05095		0.68162
	3820.00000000		2.09360		1.06221
	3825.00000000		2.11004		1.11237
	3830.00000000		2.01915		0.96848
	3835.00000000		2.18967		0.94034
	3840.00000000		1.94392		1.05220
	3845.00000000		2.19586		1.12193
	3850.00000000		1.96547		0.95304
	3855.00000000		2.18332		0.76433
	3860.00000000		2.04159		0.72650
	3865.00000000		2.07105		0.74167
	3870.00000000		2.13777		0.64407
	3875.00000000		1.96559		0.46989
	3880.00000000		2.22279		0.42224
	3885.00000000		1.94360		0.55711
	3890.00000000		2.17007		0.73106
	3895.00000000		2.04805		0.79610
	3900.00000000		2.06815		0.78141
	3905.00000000		2.18481		0.78926
	3910.00000000		1.94275		0.85715
	3915.00000000		2.21903		0.86028
	3920.00000000		1.94037		0.75225
	3925.00000000		2.16844		0.62566
	3930.00000000		2.07590		0.64190
	3935.00000000		2.03017		0.73031
	3940.00000000		2.17537		0.73603
	3945.00000000		1.94626		0.53138
	3950.00000000		2.20915		0.30458
	3955.00000000		1.98950		0.25120
	3960.00000000		2.11986		0.35263
	3965.00000000		2.13184		0.41813
	3970.00000000		1.96701		0.39196
	3975.00000000		2.23375		0.40807
	3980.00000000		1.95938		0.54152
	3985.00000000		2.14593		0.74167
	3990.00000000		2.08477		0.73750
	3995.00000000		2.02171		0.55693
	4000.00000000		2.20620		0.42127
	4005.00000000		1.92224		0.35659
	4010.00000000		2.19777		0.30025
	4015.00000000		2.05830		0.16166
	4020.00000000		2.05036		-0.07121
	4025.00000000		2.16484		-0.12276
	4030.00000000		1.95418		0.10862
	4035.00000000		2.21853		0.25167
	4040.00000000		1.95441		0.22658
	4045.00000000		2.16110		0.11847
	4050.00000000		2.13112		0.10829
	4055.00000000		1.96358		0.37871
	4060.00000000		2.27349		0.66191
	4065.00000000		1.93797		0.78330
	4070.00000000		2.19377		0.83644
	4075.00000000		2.13132		0.89891
	4080.00000000		1.99343		0.97231
	4085.00000000		2.21288		0.84206
	4090.00000000		1.93084		0.65719
	4095.00000000		2.20999		0.60696
	4100.00000000		2.02512		0.60450
	4105.00000000		2.08120		0.62027
	4110.00000000		2.17258		0.55457
	4115.00000000		1.93180		0.34352
	4120.00000000		2.26787		0.31359
	4125.00000000		2.02972		0.38610
	4130.00000000		2.06699		0.61285
	4135.00000000		2.20275		0.81237
	4140.00000000		1.90765		0.87054
	4145.00000000		2.29430		0.75983
	4150.00000000		1.96811		0.71565
	4155.00000000		2.14408		0.73333
	4160.00000000		2.17543		0.72784
	4165.00000000		1.93570		0.60354
	4170.00000000		2.27118		0.49697
	4175.00000000		1.92022		0.51817
	4180.00000000		2.18115		0.63343
	4185.00000000		2.10764		0.72151
	4190.00000000		1.99118		0.76994
	4195.00000000		2.29106		0.91244
	4200.00000000		1.89011		1.12899
	4205.00000000		2.25487		1.21735
	4210.00000000		1.97179		1.12206
	4215.00000000		2.15975		1.04904
	4220.00000000		2.15839		1.13818
	4225.00000000		1.99177		1.36256
	4230.00000000		2.21429		1.43382
	4235.00000000		1.93493		1.26453
	4240.00000000		2.25703		1.15097
	4245.00000000		1.90373		1.07995
	4250.00000000		2.20823		1.02634
	4255.00000000		2.01701		0.94031
	4260.00000000		2.09482		0.96043
	4265.00000000		2.17687		1.08066
	4270.00000000		1.95612		1.17738
	4275.00000000		2.22971		1.11878
	4280.00000000		1.90924		0.99443
	4285.00000000		2.22082		1.07833
	4290.00000000		2.04437		1.33283
	4295.00000000		2.09734		1.58203
	4300.00000000		2.12109		1.48054
	4305.00000000		2.03611		1.25757
	4310.00000000		2.19823		1.23230
	4315.00000000		1.93246		1.35188
	4320.00000000		2.18749		1.31042
	4325.00000000		1.94717		0.97092
	4330.00000000		2.17482		0.81304
	4335.00000000		2.09459		1.02262
	4340.00000000		2.01353		1.31570
	4345.00000000		2.13432		1.28860
	4350.00000000		1.96530		1.05932
	4355.00000000		2.19922		1.03528
	4360.00000000		1.99546		1.30511
	4365.00000000		2.11226		1.46644
	4370.00000000		2.05826		1.35507
	4375.00000000		2.07842		1.03366
	4380.00000000		2.15625		0.93539
	4385.00000000		1.95878		1.07281
	4390.00000000		2.14259		0.99426
	4395.00000000		2.02968		0.69315
	4400.00000000		2.06856		0.48902
	4405.00000000		2.12035		0.60954
	4410.00000000		1.98259		0.84472
	4415.00000000		2.11715		0.91172
	4420.00000000		2.05109		0.74227
	4425.00000000		2.06497		0.69759
	4430.00000000		2.17086		1.01453
	4435.00000000		1.98874		1.23317
	4440.00000000		2.10021		1.08514
	4445.00000000		2.16107		0.72227
	4450.00000000		1.99415		0.60609
	4455.00000000		2.13519		0.75162
	4460.00000000		2.09879		0.82297
	4465.00000000		1.97940		0.55581
	4470.00000000		2.26443		0.12912
	4475.00000000		2.04295		-0.07034
	4480.00000000		2.06993		0.09157
	4485.00000000		2.21179		0.25212
	4490.00000000		1.93504		0.15461
	4495.00000000		2.23186		-0.01734
	4500.00000000		2.08268		-0.05726
	4505.00000000		2.03426		0.19711
	4510.00000000		2.21752		0.42066
	4515.00000000		1.97253		0.37793
	4520.00000000		2.16536		0.20349
	4525.00000000		2.17678		0.09901
	4530.00000000		1.93598		0.07969
	4535.00000000		2.18428		0.05987
	4540.00000000		2.07233		0.02995
	4545.00000000		2.02245		0.01740
	4550.00000000		2.23755		0.10811
	4555.00000000		2.01580		0.28495
	4560.00000000		2.06239		0.48725
	4565.00000000		2.20778		0.47070
	4570.00000000		1.97278		0.50048
	4575.00000000		2.14311		0.76710
	4580.00000000		2.14105		1.02730
	4585.00000000		1.95944		1.06574
	4590.00000000		2.25574		0.91462
	4595.00000000		2.00694		0.85603
	4600.00000000		2.09054		0.97109
	4605.00000000		2.13617		1.03763
	4610.00000000		1.94677		0.85020
	4615.00000000		2.30889		0.76188
	4620.00000000		2.00844		0.82532
	4625.00000000		2.10819		1.04856
	4630.00000000		2.19148		1.12732
	4635.00000000		1.91913		0.94263
	4640.00000000		2.36821		0.84065
	4645.00000000		2.06157		0.86032
	4650.00000000		2.05396		0.94027
	4655.00000000		2.28141		0.85179
	4660.00000000		1.91119		0.53886
	4665.00000000		2.22463		0.32555
	4670.00000000		2.17294		0.46761
	4675.00000000		1.92235		0.71520
	4680.00000000		2.25840		0.69026
	4685.00000000		2.02164		0.43220
	4690.00000000		2.07814		0.29267
	4695.00000000		2.23895		0.53549
	4700.00000000		1.89614		0.73893
	4705.00000000		2.17727		0.67309
	4710.00000000		2.17318		0.42158
	4715.00000000		1.97897		0.26435
	4720.00000000		2.19470		0.45564
	4725.00000000		2.00759		0.46517
	4730.00000000		2.08900		0.15701
	4735.00000000		2.26651		-0.03899
	4740.00000000		1.90976		-0.10060
	4745.00000000		2.24675		-0.07883
	4750.00000000		2.06128		-0.12890
	4755.00000000		2.07616		-0.30652
	4760.00000000		2.23800		-0.36066
	4765.00000000		1.92465		-0.29607
	4770.00000000		2.28441		-0.24627
	4775.00000000		1.94256		-0.33157
	4780.00000000		2.20983		-0.43652
	4785.00000000		2.10767		-0.47035
	4790.00000000		2.02100		-0.51977
	4795.00000000		2.22802		-0.48775
	4800.00000000		1.90779		-0.44256
	4805.00000000		2.29471		-0.42927
	4810.00000000		1.94892		-0.50515
	4815.00000000		2.19378		-0.66374
	4820.00000000		2.06504		-0.77751
	4825.00000000		2.05816		-0.78350
	4830.00000000		2.23258		-0.76187
	4835.00000000		1.89648		-0.78915
	4840.00000000		2.24043		-0.87701
	4845.00000000		1.90591		-0.98483
	4850.00000000		2.21662		-0.93203
	4855.00000000		2.04339		-0.80110
	4860.00000000		2.07572		-0.65367
	4865.00000000		2.18777		-0.71610
	4870.00000000		1.94539		-0.92654
	4875.00000000		2.23232		-1.00438
	4880.00000000		1.94566		-0.93115
	4885.00000000		2.17619		-0.80665
	4890.00000000		2.04438		-0.85251
	4895.00000000		2.08679		-0.96342
	4900.00000000		2.16917		-0.99537
	4905.00000000		1.95643		-0.93242
	4910.00000000		2.23117		-0.92727
	4915.00000000		1.94133		-1.01422
	4920.00000000		2.20680		-1.06580
	4925.00000000		2.05469		-0.94356
	4930.00000000		2.04942		-0.73454
	4935.00000000		2.15425		-0.72400
	4940.00000000		1.95697		-0.88827
	4945.00000000		2.19550		-1.03516
	4950.00000000		1.99959		-1.02323
	4955.00000000		2.15562		-0.80040
	4960.00000000		2.03722		-0.59161
	4965.00000000		2.07081		-0.63703
	4970.00000000		2.18648		-0.73822
	4975.00000000		1.93356		-0.88797
	4980.00000000		2.18732		-0.93295
	4985.00000000		1.99662		-0.86788
	4990.00000000		2.11470		-0.75824
	4995.00000000		2.15263		-0.71207
	5000.00000000		1.95755		-0.75568
	5005.00000000		2.16783		-0.86558
	5010.00000000		2.02580		-0.96894
	5015.00000000		2.09093		-0.97324
	5020.00000000		2.13627		-0.91600
	5025.00000000		1.99701		-0.86031
	5030.00000000		2.11634		-0.94454
	5035.00000000		2.07960		-1.03301
	5040.00000000		2.05186		-1.10086
	5045.00000000		2.12494		-1.12655
	5050.00000000		2.01363		-1.13920
	5055.00000000		2.10499		-1.15389
	5060.00000000		2.08052		-1.14542
	5065.00000000		2.06206		-1.15278
	5070.00000000		2.08277		-1.17226
	5075.00000000		2.01196		-1.22570
	5080.00000000		2.11507		-1.23091
	5085.00000000		2.03142		-1.20023
	5090.00000000		2.10238		-1.15971
	5095.00000000		2.06692		-1.19097
	5100.00000000		2.03014		-1.29349
	5105.00000000		2.11805		-1.30582
	5110.00000000		2.02196		-1.22126
	5115.00000000		2.13492		-1.09020
	5120.00000000		2.03735		-1.07184
	5125.00000000		2.06437		-1.18426
	5130.00000000		2.12985		-1.27343
	5135.00000000		1.97115		-1.25111
	5140.00000000		2.18180		-1.18702
	5145.00000000		1.98318		-1.16247
	5150.00000000		2.10294		-1.21773
	5155.00000000		2.13687		-1.28324
	5160.00000000		1.97750		-1.30874
	5165.00000000		2.16648		-1.25827
	5170.00000000		1.94170		-1.16740
	5175.00000000		2.17294		-1.10752
	5180.00000000		2.10813		-1.11115
	5185.00000000		1.99760		-1.13855
	5190.00000000		2.18700		-1.12695
	5195.00000000		1.95365		-1.12670
	5200.00000000		2.12889		-1.12297
	5205.00000000		2.10372		-1.12200
	5210.00000000		2.03677		-1.12586
	5215.00000000		2.16633		-1.19871
	5220.00000000		1.99915		-1.32465
	5225.00000000		2.14339		-1.37590
	5230.00000000		2.04389		-1.39090
	5235.00000000		2.04769		-1.37990
	5240.00000000		2.12326		-1.37483
	5245.00000000		1.98259		-1.39160
	5250.00000000		2.18725		-1.44415
	5255.00000000		1.99272		-1.54318
	5260.00000000		2.11152		-1.57414
	5265.00000000		2.04254		-1.53973
	5270.00000000		2.06106		-1.53413
	5275.00000000		2.11755		-1.61007
	5280.00000000		2.01358		-1.73219
	5285.00000000		2.10897		-1.71332
	5290.00000000		2.01085		-1.60036
	5295.00000000		2.17011		-1.57270
	5300.00000000		1.99721		-1.66000
	5305.00000000		2.10693		-1.70599
	5310.00000000		2.03785		-1.62622
	5315.00000000		2.07083		-1.46147
	5320.00000000		2.16162		-1.39611
	5325.00000000		2.00643		-1.52374
	5330.00000000		2.13992		-1.67933
	5335.00000000		2.01431		-1.70749
	5340.00000000		2.12050		-1.58628
	5345.00000000		2.09086		-1.48680
	5350.00000000		2.01055		-1.49114
	5355.00000000		2.16008		-1.54329
	5360.00000000		1.96377		-1.62180
	5365.00000000		2.15704		-1.59302
	5370.00000000		2.05412		-1.55565
	5375.00000000		2.03715		-1.50085
	5380.00000000		2.12241		-1.50077
	5385.00000000		1.98017		-1.52333
	5390.00000000		2.16214		-1.42349
	5395.00000000		2.04917		-1.28351
	5400.00000000		2.03090		-1.16952
	5405.00000000		2.15760		-1.23576
	5410.00000000		2.04733		-1.40573
	5415.00000000		2.07045		-1.52950
	5420.00000000		2.09361		-1.47031
	5425.00000000		2.02346		-1.27708
	5430.00000000		2.12150		-1.14221
	5435.00000000		2.11417		-1.15072
	5440.00000000		2.04782		-1.23506
	5445.00000000		2.08356		-1.28919
	5450.00000000		2.04200		-1.30340
	5455.00000000		2.05128		-1.28039
	5460.00000000		2.11654		-1.27777
	5465.00000000		2.04932		-1.28350
	5470.00000000		2.04297		-1.31416
	5475.00000000		2.09122		-1.34105
	5480.00000000		2.03719		-1.36043
	5485.00000000		2.05668		-1.34698
	5490.00000000		2.09814		-1.28229
	5495.00000000		2.07119		-1.20998
	5500.00000000		2.07565		-1.12990
	5505.00000000		2.13141		-1.08780
	5510.00000000		2.11292		-1.07253
	5515.00000000		2.04379		-1.10546
	5520.00000000		2.07911		-1.15250
	5525.00000000		2.09719		-1.20678
	5530.00000000		2.05806		-1.25053
	5535.00000000		2.10336		-1.27890
	5540.00000000		2.11586		-1.28565
	5545.00000000		1.99957		-1.28492
	5550.00000000		2.07725		-1.28556
	5555.00000000		2.13216		-1.28735
	5560.00000000		1.98179		-1.33588
	5565.00000000		2.06013		-1.38499
	5570.00000000		2.09495		-1.45430
	5575.00000000		1.98562		-1.52596
	5580.00000000		2.11452		-1.58641
	5585.00000000		2.01184		-1.65203
	5590.00000000		2.04998		-1.61056
	5595.00000000		2.10084		-1.45808
	5600.00000000		1.97381		-1.28680
	5605.00000000		2.09364		-1.13073
	5610.00000000		2.11574		-1.03801
	5615.00000000		1.99026		-1.06765
	5620.00000000		2.11055		-1.19999
	5625.00000000		2.11726		-1.35586
	5630.00000000		1.97380		-1.49149
	5635.00000000		2.09282		-1.51604
	5640.00000000		2.05499		-1.40575
	5645.00000000		1.99919		-1.19903
	5650.00000000		2.21579		-1.03301
	5655.00000000		2.13442		-1.00904
	5660.00000000		1.98538		-1.15715
	5665.00000000		2.16725		-1.33728
	5670.00000000		2.14621		-1.46275
	5675.00000000		1.92966		-1.49023
	5680.00000000		2.14914		-1.40347
	5685.00000000		2.16829		-1.31075
	5690.00000000		1.96137		-1.26198
	5695.00000000		2.08113		-1.26109
	5700.00000000		2.19703		-1.25064
	5705.00000000		2.03672		-1.19460
	5710.00000000		2.00501		-1.05018
	5715.00000000		2.20766		-0.96529
	5720.00000000		2.03384		-1.04923
	5725.00000000		2.02161		-1.22132
	5730.00000000		2.18019		-1.33553
	5735.00000000		2.01206		-1.40787
	5740.00000000		2.00603		-1.43395
	5745.00000000		2.19534		-1.42537
	5750.00000000		2.01172		-1.37747
	5755.00000000		2.01155		-1.22469
	5760.00000000		2.20257		-1.02649
	5765.00000000		2.02945		-0.88211
	5770.00000000		2.03182		-0.86718
	5775.00000000		2.23003		-0.91090
	5780.00000000		2.02249		-0.89064
	5785.00000000		2.05477		-0.70712
	5790.00000000		2.22171		-0.57637
	5795.00000000		1.96456		-0.46118
	5800.00000000		2.17812		-0.38002
	5805.00000000		2.07933		-0.42489
	5810.00000000		2.01026		-0.52052
	5815.00000000		2.18733		-0.58872
	5820.00000000		1.90599		-0.69173
	5825.00000000		2.18587		-0.83424
	5830.00000000		2.07815		-0.79948
	5835.00000000		1.99352		-0.41337
	5840.00000000		2.28425		-0.28381
	5845.00000000		1.91491		-0.45189
	5850.00000000		2.16839		-0.63828
	5855.00000000		2.12024		-0.57935
	5860.00000000		1.96453		-0.24378
	5865.00000000		2.29194		-0.14319
	5870.00000000		1.94485		-0.40690
	5875.00000000		2.15422		-0.78445
	5880.00000000		2.18309		-0.86435
	5885.00000000		1.94141		-0.75377
	5890.00000000		2.20992		-0.66124
	5895.00000000		2.05871		-0.58708
	5900.00000000		2.02205		-0.53357
	5905.00000000		2.24796		-0.50753
	5910.00000000		1.97197		-0.46876
	5915.00000000		2.12765		-0.45002
	5920.00000000		2.19869		-0.43555
	5925.00000000		1.90886		-0.44131
	5930.00000000		2.21272		-0.41824
	5935.00000000		2.05956		-0.27304
	5940.00000000		2.06002		-0.08597
	5945.00000000		2.25046		-0.08956
	5950.00000000		1.93611		-0.27520
	5955.00000000		2.15919		-0.44294
	5960.00000000		2.13283		-0.36543
	5965.00000000		1.97282		-0.32662
	5970.00000000		2.19414		-0.47167
	5975.00000000		2.02933		-0.67113
	5980.00000000		2.00569		-0.82939
	5985.00000000		2.17170		-0.77483
	5990.00000000		1.95656		-0.53064
	5995.00000000		2.13742		-0.15721
	6000.00000000		2.15526		-0.15008
	6005.00000000		1.95275		-0.42675
	6010.00000000		2.18670		-0.29429
	6015.00000000		2.01599		-0.04909
	6020.00000000		2.05330		-0.13641
	6025.00000000		2.15652		-0.37832
	6030.00000000		1.95853		-0.24009
	6035.00000000		2.17213		0.03695
	6040.00000000		2.10753		-0.03287
	6045.00000000		2.00499		-0.35022
	6050.00000000		2.15368		-0.50269
	6055.00000000		1.95290		-0.37912
	6060.00000000		2.12204		-0.23759
	6065.00000000		2.09578		-0.30173
	6070.00000000		1.98938		-0.39853
	6075.00000000		2.19050		-0.25641
	6080.00000000		1.96918		0.05893
	6085.00000000		2.10079		0.05438
	6090.00000000		2.23013		-0.05641
	6095.00000000		1.92849		-0.03947
	6100.00000000		2.17751		0.09264
	6105.00000000		2.17761		0.19393
	6110.00000000		1.90798		-0.03157
	6115.00000000		2.29463		-0.20721
	6120.00000000		2.04666		-0.14922
	6125.00000000		2.02214		-0.02012
	6130.00000000		2.30515		-0.01681
	6135.00000000		1.91542		-0.13342
	6140.00000000		2.16895		-0.13923
	6145.00000000		2.27726		0.05658
	6150.00000000		1.91212		0.48939
	6155.00000000		2.14973		0.63396
	6160.00000000		2.12242		0.31781
	6165.00000000		2.01291		0.05581
	6170.00000000		2.15253		0.41292
	6175.00000000		2.09293		0.74336
	6180.00000000		1.94930		0.77954
	6185.00000000		2.22404		0.61155
	6190.00000000		2.09773		0.49034
	6195.00000000		1.96868		0.64752
	6200.00000000		2.14146		0.77229
	6205.00000000		1.95009		0.63279
	6210.00000000		2.13516		0.28446
	6215.00000000		2.25193		0.38914
	6220.00000000		1.95501		0.69032
	6225.00000000		2.10796		0.79894
	6230.00000000		2.12955		0.65430
	6235.00000000		1.96817		0.29125
	6240.00000000		2.21780		0.30644
	6245.00000000		2.10771		0.52427
	6250.00000000		1.94206		0.58649
	6255.00000000		2.22069		0.40928
	6260.00000000		2.09619		0.23165
	6265.00000000		1.99224		0.32127
	6270.00000000		2.14508		0.54125
	6275.00000000		1.93720		0.49282
	6280.00000000		2.11936		0.33799
	6285.00000000		2.20373		0.39041
	6290.00000000		1.94554		0.74761
	6295.00000000		2.16927		1.09713
	6300.00000000		2.00587		1.08091
	6305.00000000		2.07517		0.86791
	6310.00000000		2.17551		0.91824
	6315.00000000		1.97190		1.28907
	6320.00000000		2.13964		1.58699
	6325.00000000		1.97401		1.64296
	6330.00000000		2.14492		1.50439
	6335.00000000		1.99996		1.50475
	6340.00000000		2.09448		1.63538
	6345.00000000		2.03311		1.67051
	6350.00000000		2.06552		1.54125
	6355.00000000		2.09082		1.45557
	6360.00000000		2.00197		1.61006
	6365.00000000		2.13602		1.68252
	6370.00000000		1.94859		1.54348
	6375.00000000		2.18761		1.27400
	6380.00000000		1.93485		1.16379
	6385.00000000		2.14874		1.31266
	6390.00000000		1.98443		1.38796
	6395.00000000		2.08957		1.26800
	6400.00000000		2.16543		1.13598
	6405.00000000		1.93818		1.23041
	6410.00000000		2.22510		1.39205
	6415.00000000		1.91877		1.37604
	6420.00000000		2.20262		1.15143
	6425.00000000		2.13000		1.05626
	6430.00000000		1.98752		1.28152
	6435.00000000		2.27238		1.48894
	6440.00000000		1.85259		1.46971
	6445.00000000		2.29077		1.31285
	6450.00000000		2.05991		1.25375
	6455.00000000		2.06486		1.39961
	6460.00000000		2.24629		1.48199
	6465.00000000		1.86077		1.38548
	6470.00000000		2.34557		1.23762
	6475.00000000		1.95815		1.25338
	6480.00000000		2.17625		1.47572
	6485.00000000		2.19352		1.59296
	6490.00000000		1.94097		1.55761
	6495.00000000		2.32309		1.44203
	6500.00000000		1.85227		1.40700
	6505.00000000		2.26266		1.45906
	6510.00000000		2.08440		1.50145
	6515.00000000		2.03907		1.50321
	6520.00000000		2.27272		1.56164
	6525.00000000		1.86765		1.72029
	6530.00000000		2.35201		1.73931
	6535.00000000		1.89583		1.61186
	6540.00000000		2.23877		1.42268
	6545.00000000		2.20665		1.38758
	6550.00000000		1.91656		1.45012
	6555.00000000		2.35237		1.40890
	6560.00000000		1.88286		1.23061
	6565.00000000		2.25841		1.12340
	6570.00000000		2.21656		1.15100
	6575.00000000		1.92632		1.28492
	6580.00000000		2.31894		1.25223
	6585.00000000		1.92150		0.99398
	6590.00000000		2.20068		0.82541
	6595.00000000		2.21623		0.90117
	6600.00000000		1.91181		1.12588
	6605.00000000		2.23662		1.26670
	6610.00000000		1.96476		1.13571
	6615.00000000		2.14686		1.03222
	6620.00000000		2.18712		1.08838
	6625.00000000		1.88555		1.17088
	6630.00000000		2.26013		1.19610
	6635.00000000		1.95844		1.19203
	6640.00000000		2.15780		1.31420
	6645.00000000		2.23160		1.39376
	6650.00000000		1.86861		1.31066
	6655.00000000		2.34473		1.07048
	6660.00000000		2.04663		0.88965
	6665.00000000		2.03249		0.88522
	6670.00000000		2.33645		1.03117
	6675.00000000		1.86474		1.16406
	6680.00000000		2.23972		1.21848
	6685.00000000		2.18562		1.21552
	6690.00000000		1.92817		1.24457
	6695.00000000		2.27639		1.30544
	6700.00000000		1.88058		1.27588
	6705.00000000		2.20487		1.21101
	6710.00000000		2.09987		1.18133
	6715.00000000		1.99452		1.23214
	6720.00000000		2.27960		1.28893
	6725.00000000		1.90777		1.26066
	6730.00000000		2.17723		1.19566
	6735.00000000		2.07024		1.11098
	6740.00000000		2.00243		1.06004
	6745.00000000		2.16272		1.05320
	6750.00000000		1.91904		1.10962
	6755.00000000		2.18186		1.33104
	6760.00000000		1.98452		1.56687
	6765.00000000		2.11276		1.58888
	6770.00000000		2.17850		1.52014
	6775.00000000		1.90953		1.51279
	6780.00000000		2.26246		1.57423
	6785.00000000		1.90245		1.68205
	6790.00000000		2.20969		1.68521
	6795.00000000		2.05453		1.65451
	6800.00000000		2.04245		1.59269
	6805.00000000		2.22990		1.56765
	6810.00000000		1.86705		1.48300
	6815.00000000		2.25929		1.29556
	6820.00000000		2.04192		1.06532
	6825.00000000		2.01580		0.89890
	6830.00000000		2.26445		0.93457
	6835.00000000		1.91590		1.01527
	6840.00000000		2.14489		1.09024
	6845.00000000		2.24081		1.11107
	6850.00000000		1.87854		1.19305
	6855.00000000		2.22068		1.37530
	6860.00000000		2.07581		1.46082
	6865.00000000		2.00776		1.38658
	6870.00000000		2.28234		1.31917
	6875.00000000		1.89999		1.35194
	6880.00000000		2.19513		1.50207
	6885.00000000		2.16365		1.59634
	6890.00000000		1.93356		1.59522
	6895.00000000		2.32204		1.51575
	6900.00000000		1.95092		1.47732
	6905.00000000		2.13966		1.45774
	6910.00000000		2.26349		1.43876
	6915.00000000		1.85893		1.41000
	6920.00000000		2.24969		1.39023
	6925.00000000		2.10149		1.41598
	6930.00000000		1.99282		1.43763
	6935.00000000		2.27807		1.41231
	6940.00000000		1.95754		1.41397
	6945.00000000		2.12416		1.50091
	6950.00000000		2.20657		1.58188
	6955.00000000		1.90107		1.58723
	6960.00000000		2.20960		1.52126
	6965.00000000		2.11071		1.51941
	6970.00000000		1.98190		1.64727
	6975.00000000		2.22996		1.74658
	6980.00000000		1.92274		1.71106
	6985.00000000		2.17650		1.52430
	6990.00000000		2.16794		1.47341
	6995.00000000		1.91843		1.62239
	7000.00000000		2.24304		1.78795
	7005.00000000		1.93909		1.81745
	7010.00000000		2.16165		1.67244
	7015.00000000		2.17910		1.58943
	7020.00000000		1.91131		1.66945
	7025.00000000		2.27368		1.78397
	7030.00000000		1.96166		1.83364
	7035.00000000		2.16669		1.79127
	7040.00000000		2.25481		1.78032
	7045.00000000		1.89974		1.84053
	7050.00000000		2.31364		1.87086
	7055.00000000		1.98533		1.77827
	7060.00000000		2.13981		1.66156
	7065.00000000		2.23339		1.67950
	7070.00000000		1.89692		1.76770
	7075.00000000		2.23271		1.77096
	7080.00000000		2.00826		1.65966
	7085.00000000		2.06508		1.52812
	7090.00000000		2.25026		1.54173
	7095.00000000		1.95608		1.71522
	7100.00000000		2.14367		1.83255
	7105.00000000		2.12202		1.77620
	7110.00000000		1.99088		1.65780
	7115.00000000		2.22951		1.62338
	7120.00000000		2.06955		1.68399
	7125.00000000		2.00306		1.74694
	7130.00000000		2.22890		1.75380
	7135.00000000		1.95651		1.79198
	7140.00000000		2.19216		1.92892
	7145.00000000		2.10217		2.01454
	7150.00000000		2.03971		1.94954
	7155.00000000		2.27322		1.83820
	7160.00000000		1.88493		1.83533
	7165.00000000		2.26433		1.93099
	7170.00000000		2.01895		2.02653
	7175.00000000		2.12656		2.06640
	7180.00000000		2.18137		2.08407
	7185.00000000		1.98106		2.18365
	7190.00000000		2.24826		2.19049
	7195.00000000		1.90730		2.07896
	7200.00000000		2.27667		1.89328
	7205.00000000		1.99272		1.88504
	7210.00000000		2.14055		1.99324
	7215.00000000		2.14387		2.04996
	7220.00000000		1.99504		1.97894
	7225.00000000		2.28102		1.89246
	7230.00000000		1.87858		1.92506
	7235.00000000		2.26711		1.99706
	7240.00000000		1.97160		2.05369
	7245.00000000		2.18682		2.02130
	7250.00000000		2.20152		2.04574
	7255.00000000		1.96438		2.15030
	7260.00000000		2.29846		2.22277
	7265.00000000		1.86850		2.26582
	7270.00000000		2.31913		2.28099
	7275.00000000		1.91775		2.37448
	7280.00000000		2.24803		2.44340
	7285.00000000		2.05387		2.37301
	7290.00000000		2.11956		2.16825
	7295.00000000		2.20705		2.07761
	7300.00000000		1.92544		2.06106
	7305.00000000		2.28306		2.05173
	7310.00000000		1.86794		2.07389
	7315.00000000		2.27168		2.08719
	7320.00000000		2.01983		2.15462
	7325.00000000		2.12387		2.21169
	7330.00000000		2.18647		2.15895
	7335.00000000		1.95163		2.03037
	7340.00000000		2.29899		2.00060
	7345.00000000		1.88806		2.16717
	7350.00000000		2.26148		2.36176
	7355.00000000		2.02056		2.42821
	7360.00000000		2.14844		2.38866
	7365.00000000		2.20746		2.32044
	7370.00000000		1.95254		2.29143
	7375.00000000		2.27839		2.21009
	7380.00000000		1.86453		2.11305
	7385.00000000		2.28094		2.06086
	7390.00000000		2.03611		2.21677
	7395.00000000		2.12612		2.51061
	7400.00000000		2.10825		2.55730
	7405.00000000		2.02935		2.46835
	7410.00000000		2.20976		2.49323
	7415.00000000		1.93261		2.65604
	7420.00000000		2.21376		2.63208
	7425.00000000		1.90035		2.46122
	7430.00000000		2.23431		2.42027
	7435.00000000		1.91875		2.73487
	7440.00000000		2.21993		3.12398
	7445.00000000		1.93824		-3.07093
	7450.00000000		2.20198		3.04307
	7455.00000000		1.98811		2.93429
	7460.00000000		2.12643		2.96255
	7465.00000000		2.01915		2.98958
	7470.00000000		2.08444		2.84322
	7475.00000000		2.09909		2.66660
	7480.00000000		2.01748		2.66114
	7485.00000000		2.15836		2.82010
	7490.00000000		1.95964		3.07032
	7495.00000000		2.20876		-3.12754
	7500.00000000		1.93123		3.12411
	7505.00000000		2.22910		-3.09949
	7510.00000000		1.94017		-2.91706
	7515.00000000		2.19905		-2.80138
	7520.00000000		1.99758		-2.93292
	7525.00000000		2.15824		3.08373
	7530.00000000		2.08669		2.97140
	7535.00000000		2.03149		2.99408
	7540.00000000		2.13412		2.98044
	7545.00000000		1.98655		2.88071
	7550.00000000		2.19994		2.83652
	7555.00000000		1.94162		3.00674
	7560.00000000		2.19875		-3.07304
	7565.00000000		1.92858		-3.03493
	7570.00000000		2.19133		-3.11074
	7575.00000000		2.00306		3.13037
	7580.00000000		2.12152		-3.07570
	7585.00000000		2.06987		3.10231
	7590.00000000		2.06120		2.77030
	7595.00000000		2.19105		2.47925
	7600.00000000		1.93761		2.49343
	7605.00000000		2.26605		2.72736
	7610.00000000		1.88641		2.92488
	7615.00000000		2.23236		2.95648
	7620.00000000		2.01132		2.90368
	7625.00000000		2.13387		2.97068
	7630.00000000		2.12658		3.04544
	7635.00000000		1.99918		3.03090
	7640.00000000		2.21826		2.91427
	7645.00000000		1.91160		2.85841
	7650.00000000		2.26100		2.91891
	7655.00000000		1.92192		2.99300
	7660.00000000		2.20239		2.90479
	7665.00000000		2.05864		2.69948
	7670.00000000		2.07325		2.53337
	7675.00000000		2.18972		2.56868
	7680.00000000		1.94383		2.78216
	7685.00000000		2.24227		2.86096
	7690.00000000		1.91413		2.81801
	7695.00000000		2.24945		2.67075
	7700.00000000		2.01522		2.51108
	7705.00000000		2.11431		2.32702
	7710.00000000		2.14467		2.21902
	7715.00000000		1.97039		2.20052
	7720.00000000		2.25357		2.34278
	7725.00000000		1.93003		2.68659
	7730.00000000		2.19888		2.86504
	7735.00000000		1.96508		2.79085
	7740.00000000		2.15176		2.58949
	7745.00000000		2.05408		2.55122
	7750.00000000		2.04384		2.63277
	7755.00000000		2.12902		2.62036
	7760.00000000		1.99104		2.40716
	7765.00000000		2.23734		2.19917
	7770.00000000		1.92095		2.17699
	7775.00000000		2.19835		2.19129
	7780.00000000		1.99988		2.23216
	7785.00000000		2.14491		2.30330
	7790.00000000		2.21567		2.50104
	7795.00000000		1.92656		2.68760
	7800.00000000		2.24289		2.65655
	7805.00000000		1.92156		2.44284
	7810.00000000		2.21878		2.23371
	7815.00000000		2.06876		2.25797
	7820.00000000		2.05115		2.34719
	7825.00000000		2.21496		2.30884
	7830.00000000		1.92377		2.15783
	7835.00000000		2.24812		2.11805
	7840.00000000		1.98435		2.26461
	7845.00000000		2.13146		2.54211
	7850.00000000		2.06031		2.67564
	7855.00000000		2.05355		2.78749
	7860.00000000		2.19330		2.94355
	7865.00000000		1.94091		3.13317
	7870.00000000		2.21831		3.13757
	7875.00000000		1.91284		2.92541
	7880.00000000		2.18497		2.76638
	7885.00000000		1.94673		2.79794
	7890.00000000		2.13218		2.89920
	7895.00000000		2.02426		2.96503
	7900.00000000		2.07860		3.07245
	7905.00000000		2.16386		-3.03558
	7910.00000000		1.99066		-2.73282
	7915.00000000		2.21148		-2.51717
	7920.00000000		1.95140		-2.54831
	7925.00000000		2.20563		-2.69406
	7930.00000000		1.98855		-2.72697
	7935.00000000		2.15239		-2.58558
	7940.00000000		2.06166		-2.45201
	7945.00000000		2.08611		-2.37728
	7950.00000000		2.13403		-2.43240
	7955.00000000		2.00394		-2.53362
	7960.00000000		2.18383		-2.54254
	7965.00000000		1.95316		-2.48829
	7970.00000000		2.23053		-2.39996
	7975.00000000		2.00563		-2.36833
	7980.00000000		2.15492		-2.33191
	7985.00000000		2.12007		-2.37256
	7990.00000000		2.02253		-2.46012
	7995.00000000		2.20964		-2.51328
	8000.00000000		1.96456		-2.57106
	8005.00000000		2.18882		-2.57453
	8010.00000000		2.00672		-2.50595
	8015.00000000		2.13181		-2.37627
	8020.00000000		2.09995		-2.25275
	8025.00000000		2.03593		-2.14670
	8030.00000000		2.16988		-2.11461
	8035.00000000		1.97426		-2.16729
	8040.00000000		2.19546		-2.20315
	8045.00000000		1.97194		-2.22662
	8050.00000000		2.15899		-2.20360
	8055.00000000		2.03258		-2.19435
	8060.00000000		2.08979		-2.12124
	8065.00000000		2.13861		-2.02614
	8070.00000000		1.99547		-2.00066
	8075.00000000		2.19074		-1.97988
	8080.00000000		1.96106		-1.92785
	8085.00000000		2.17882		-1.75439
	8090.00000000		2.03744		-1.65600
	8095.00000000		2.04954		-1.62269
	8100.00000000		2.19838		-1.65316
	8105.00000000		1.94964		-1.85828
	8110.00000000		2.17867		-2.05742
	8115.00000000		2.01359		-2.10630
	8120.00000000		2.10159		-2.03584
	8125.00000000		2.09546		-2.02362
	8130.00000000		2.02625		-2.05611
	8135.00000000		2.17174		-2.01288
	8140.00000000		1.95852		-1.94670
	8145.00000000		2.19101		-1.89132
	8150.00000000		1.96956		-1.96242
	8155.00000000		2.15469		-1.99062
	8160.00000000		2.05409		-2.03240
	8165.00000000		2.06176		-2.10086
	8170.00000000		2.15722		-2.19434
	8175.00000000		1.97310		-2.28550
	8180.00000000		2.21231		-2.25867
	8185.00000000		1.96576		-2.19792
	8190.00000000		2.15472		-2.12538
	8195.00000000		2.04917		-2.14601
	8200.00000000		2.05774		-2.16134
	8205.00000000		2.15654		-2.10311
	8210.00000000		1.95911		-2.06426
	8215.00000000		2.18012		-2.08674
	8220.00000000		1.97840		-2.21701
	8225.00000000		2.15155		-2.28225
	8230.00000000		2.06239		-2.25931
	8235.00000000		2.03507		-2.13479
	8240.00000000		2.16185		-2.00892
	8245.00000000		1.95241		-1.90274
	8250.00000000		2.19037		-1.77534
	8255.00000000		2.02536		-1.69270
	8260.00000000		2.03654		-1.64853
	8265.00000000		2.15908		-1.64082
	8270.00000000		1.93036		-1.71083
	8275.00000000		2.17229		-1.76878
	8280.00000000		2.03045		-1.85543
	8285.00000000		2.05772		-1.95307
	8290.00000000		2.16219		-2.01589
	8295.00000000		1.93883		-2.12000
	8300.00000000		2.19126		-2.10923
	8305.00000000		1.99380		-2.04977
	8310.00000000		2.09959		-1.90232
	8315.00000000		2.14362		-1.88374
	8320.00000000		1.96996		-2.02653
	8325.00000000		2.19662		-2.14763
	8330.00000000		1.97487		-2.22824
	8335.00000000		2.10768		-2.20462
	8340.00000000		2.13103		-2.19907
	8345.00000000		1.97276		-2.25171
	8350.00000000		2.22081		-2.34317
	8355.00000000		1.97704		-2.49433
	8360.00000000		2.13978		-2.64110
	8365.00000000		2.09722		-2.69029
	8370.00000000		2.02261		-2.63362
	8375.00000000		2.24004		-2.51796
	8380.00000000		1.96845		-2.47190
	8385.00000000		2.18681		-2.50781
	8390.00000000		2.13096		-2.66427
	8395.00000000		1.99624		-3.00187
	8400.00000000		2.17230		3.06373
	8405.00000000		1.92871		3.05273
	8410.00000000		2.20156		-3.09242
	8415.00000000		1.95665		-2.97804
	8420.00000000		2.18337		-2.87414
	8425.00000000		2.07168		-2.87601
	8430.00000000		2.03730		-2.93204
	8435.00000000		2.17523		-3.00175
	8440.00000000		1.96100		-3.02425
	8445.00000000		2.19966		-2.95834
	8450.00000000		1.96564		-2.99488
	8455.00000000		2.17077		-3.08461
	8460.00000000		2.02914		3.12215
	8465.00000000		2.07801		3.10931
	8470.00000000		2.16510		3.05876
	8475.00000000		1.94625		2.89130
	8480.00000000		2.17911		2.61971
	8485.00000000		1.96158		2.46292
	8490.00000000		2.14564		2.57108
	8495.00000000		2.03465		2.79548
	8500.00000000		2.05923		2.92776
	8505.00000000		2.13520		2.84295
	8510.00000000		1.97082		2.70309
	8515.00000000		2.17096		2.60207
	8520.00000000		1.95688		2.59815
	8525.00000000		2.11285		2.57241
	8530.00000000		2.03125		2.58473
	8535.00000000		2.05894		2.76584
	8540.00000000		2.13826		3.06095
	8545.00000000		1.98175		-3.04115
	8550.00000000		2.13168		3.06801
	8555.00000000		1.99348		2.78410
	8560.00000000		2.08842		2.66419
	8565.00000000		2.07516		2.91931
	8570.00000000		2.01825		-3.00533
	8575.00000000		2.14506		-3.00169
	8580.00000000		1.98925		2.96864
	8585.00000000		2.10723		2.69944
	8590.00000000		1.98792		2.67535
	8595.00000000		2.06205		2.65995
	8600.00000000		2.04133		2.51130
	8605.00000000		2.05566		2.38578
	8610.00000000		2.12918		2.55866
	8615.00000000		1.96405		2.80301
	8620.00000000		2.11136		2.81350
	8625.00000000		1.99865		2.62195
	8630.00000000		2.10154		2.40922
	8635.00000000		2.08126		2.45915
	8640.00000000		1.99274		2.60489
	8645.00000000		2.12446		2.62587
	8650.00000000		1.98875		2.50860
	8655.00000000		2.13432		2.45999
	8660.00000000		2.02210		2.47612
	8665.00000000		2.05667		2.43451
	8670.00000000		2.10641		2.33306
	8675.00000000		1.99742		2.32730
	8680.00000000		2.15998		2.47205
	8685.00000000		1.97375		2.54835
	8690.00000000		2.10781		2.45801
	8695.00000000		2.11278		2.24548
	8700.00000000		1.98464		2.16834
	8705.00000000		2.16795		2.18465
	8710.00000000		1.98536		2.19431
	8715.00000000		2.11534		2.07644
	8720.00000000		2.07013		2.04438
	8725.00000000		2.02835		2.21854
	8730.00000000		2.19713		2.38810
	8735.00000000		1.93825		2.46644
	8740.00000000		2.17962		2.40752
	8745.00000000		2.12015		2.43056
	8750.00000000		1.97127		2.53092
	8755.00000000		2.21196		2.60418
	8760.00000000		1.94379		2.55499
	8765.00000000		2.13967		2.44642
	8770.00000000		2.13197		2.39893
	8775.00000000		1.95605		2.42240
	8780.00000000		2.23861		2.46752
	8785.00000000		1.97582		2.51148
	8790.00000000		2.10105		2.65480
	8795.00000000		2.18045		2.82496
	8800.00000000		1.91817		3.02784
	8805.00000000		2.20672		3.05909
	8810.00000000		1.99905		3.05549
	8815.00000000		2.09067		3.11936
	8820.00000000		2.16700		-3.02245
	8825.00000000		1.93142		-2.88572
	8830.00000000		2.22795		-2.92808
	8835.00000000		1.95321		-3.01588
	8840.00000000		2.13664		-3.01507
	8845.00000000		2.10827		-2.90606
	8850.00000000		1.98904		-2.79170
	8855.00000000		2.21668		-2.78995
	8860.00000000		1.92571		-2.92270
	8865.00000000		2.19472		-2.99150
	8870.00000000		2.01441		-3.02717
	8875.00000000		2.06349		-3.09810
	8880.00000000		2.19838		3.09650
	8885.00000000		1.90177		3.04977
	8890.00000000		2.21228		-3.13006
	8895.00000000		1.98677		-2.97732
	8900.00000000		2.09436		-2.80389
	8905.00000000		2.15325		-2.70238
	8910.00000000		1.98834		-2.57358
	8915.00000000		2.25336		-2.46348
	8920.00000000		2.00764		-2.48288
	8925.00000000		2.10684		-2.55249
	8930.00000000		2.19088		-2.63255
	8935.00000000		1.93980		-2.72321
	8940.00000000		2.22328		-2.77091
	8945.00000000		2.00030		-2.77242
	8950.00000000		2.08564		-2.83656
	8955.00000000		2.16578		-2.84844
	8960.00000000		1.93089		-2.78993
	8965.00000000		2.25355		-2.64774
	8970.00000000		2.02709		-2.55702
	8975.00000000		2.10041		-2.45842
	8980.00000000		2.25062		-2.45792
	8985.00000000		1.93620		-2.58516
	8990.00000000		2.21075		-2.66561
	8995.00000000		2.04586		-2.70787
	9000.00000000		2.03540		-2.68635
	9005.00000000		2.25924		-2.60016
	9010.00000000		1.98883		-2.44397
	9015.00000000		2.15032		-2.30621
	9020.00000000		2.11624		-2.33760
	9025.00000000		2.00604		-2.44790
	9030.00000000		2.23568		-2.36565
	9035.00000000		1.96034		-2.26549
	9040.00000000		2.12705		-2.19853
	9045.00000000		2.06348		-2.28939
	9050.00000000		2.04397		-2.38056
	9055.00000000		2.20929		-2.31097
	9060.00000000		1.94334		-2.30195
	9065.00000000		2.17110		-2.31560
	9070.00000000		2.07463		-2.48553
	9075.00000000		2.00166		-2.64055
	9080.00000000		2.16393		-2.60756
	9085.00000000		2.00512		-2.39852
	9090.00000000		2.09439		-2.19971
	9095.00000000		2.10435		-2.17543
	9100.00000000		2.02012		-2.28146
	9105.00000000		2.21241		-2.38011
	9110.00000000		2.06233		-2.51608
	9115.00000000		2.03213		-2.75767
	9120.00000000		2.12698		-2.94258
	9125.00000000		1.95208		-2.93849
	9130.00000000		2.18706		-2.71154
	9135.00000000		2.12307		-2.53975
	9140.00000000		2.00098		-2.57801
	9145.00000000		2.20607		-2.78581
	9150.00000000		2.03597		-2.90794
	9155.00000000		2.04826		-2.85225
	9160.00000000		2.21271		-2.81159
	9165.00000000		1.93108		-2.91001
	9170.00000000		2.16820		-3.03361
	9175.00000000		2.14148		-2.96847
	9180.00000000		1.94753		-2.84576
	9185.00000000		2.24244		-2.88929
	9190.00000000		2.02748		-3.09726
	9195.00000000		2.05056		3.03074
	9200.00000000		2.19821		3.13808
	9205.00000000		1.92470		-2.93162
	9210.00000000		2.17860		-2.84413
	9215.00000000		2.13283		-2.89699
	9220.00000000		1.96618		-2.90812
	9225.00000000		2.23907		-2.86308
	9230.00000000		2.02819		-2.81586
	9235.00000000		2.04324		-2.92808
	9240.00000000		2.22524		-3.10436
	9245.00000000		1.91680		3.05247
	9250.00000000		2.15669		3.09644
	9255.00000000		2.06301		-3.11199
	9260.00000000		2.00152		-3.03088
	9265.00000000		2.23687		-2.93934
	9270.00000000		1.98748		-2.79047
	9275.00000000		2.10896		-2.65981
	9280.00000000		2.25151		-2.70674
	9285.00000000		1.94334		-2.88141
	9290.00000000		2.12906		-3.05069
	9295.00000000		2.14249		-3.05190
	9300.00000000		1.93108		-3.00439
	9305.00000000		2.23960		-3.10007
	9310.00000000		2.07158		2.95365
	9315.00000000		2.00754		2.75674
	9320.00000000		2.19734		2.74319
	9325.00000000		1.92251		2.79155
	9330.00000000		2.17308		2.79568
	9335.00000000		2.17502		2.74445
	9340.00000000		1.96205		2.71674
	9345.00000000		2.17761		2.66040
	9350.00000000		2.07171		2.50317
	9355.00000000		2.07406		2.20445
	9360.00000000		2.16646		2.02102
	9365.00000000		1.93735		2.04785
	9370.00000000		2.18401		2.06108
	9375.00000000		2.01191		2.04475
	9380.00000000		2.07380		2.04376
	9385.00000000		2.19768		2.20476
	9390.00000000		1.97199		2.43675
	9395.00000000		2.14163		2.41273
	9400.00000000		2.15845		2.18408
	9405.00000000		1.98953		2.02363
	9410.00000000		2.13460		2.07092
	9415.00000000		2.07525		2.13668
	9420.00000000		2.03105		2.01723
	9425.00000000		2.15828		1.85628
	9430.00000000		1.99131		1.87151
	9435.00000000		2.09804		1.98488
	9440.00000000		2.10314		2.03733
	9445.00000000		1.97197		2.01573
	9450.00000000		2.19680		2.09714
	9455.00000000		2.08899		2.39198
	9460.00000000		2.04401		2.72503
	9465.00000000		2.10207		2.78758
	9470.00000000		2.01857		2.65168
	9475.00000000		2.13843		2.57555
	9480.00000000		2.10341		2.64943
	9485.00000000		1.96332		2.77131
	9490.00000000		2.10399		2.77905
	9495.00000000		2.00930		2.72162
	9500.00000000		2.05315		2.82513
	9505.00000000		2.17011		3.12622
	9510.00000000		1.98465		-2.92678
	9515.00000000		2.08713		-2.96189
	9520.00000000		2.15240		-3.12341
	9525.00000000		1.93434		-3.13210
	9530.00000000		2.14121		-3.01294
	9535.00000000		1.99438		-3.08796
	9540.00000000		2.06110		2.88127
	9545.00000000		2.18018		2.78269
	9550.00000000		1.95754		3.09661
	9555.00000000		2.14357		-2.80981
	9560.00000000		2.13869		-2.76797
	9565.00000000		1.97087		-2.93158
	9570.00000000		2.17250		-2.97637
	9575.00000000		2.08016		-2.82050
	9580.00000000		1.98702		-2.75833
	9585.00000000		2.20879		-2.96614
	9590.00000000		2.04112		3.03816
	9595.00000000		2.02898		3.01446
	9600.00000000		2.16684		-3.12316
	9605.00000000		1.91450		3.10798
	9610.00000000		2.17704		2.86246
	9615.00000000		2.16967		2.79513
	9620.00000000		1.93708		3.04067
	9625.00000000		2.19470		-2.94142
	9630.00000000		2.03550		-3.03804
	9635.00000000		2.05415		2.85383
	9640.00000000		2.26840		2.70457
	9645.00000000		1.98034		2.59456
	9650.00000000		2.09621		2.30734
	9655.00000000		2.22805		2.08004
	9660.00000000		1.88452		2.11511
	9665.00000000		2.25449		2.32479
	9670.00000000		2.11447		2.55238
	9675.00000000		1.95076		2.70375
	9680.00000000		2.30419		2.72525
	9685.00000000		2.12209		2.71901
	9690.00000000		1.95287		2.77556
	9695.00000000		2.25255		2.86395
	9700.00000000		2.07195		2.83674
	9705.00000000		1.98549		2.70957
	9710.00000000		2.28301		2.62857
	9715.00000000		2.09816		2.62977
	9720.00000000		1.95384		2.67259
	9725.00000000		2.27432		2.70035
	9730.00000000		2.13225		2.68820
	9735.00000000		1.95268		2.73740
	9740.00000000		2.27297		2.94007
	9745.00000000		2.15193		3.11423
	9750.00000000		1.92451		-3.11929
	9755.00000000		2.32062		3.07231
	9760.00000000		2.11530		2.99722
	9765.00000000		1.96093		2.98816
	9770.00000000		2.30106		2.96627
	9775.00000000		2.04167		2.83095
	9780.00000000		2.00013		2.69539
	9785.00000000		2.32905		2.76315
	9790.00000000		2.07830		3.02376
	9795.00000000		1.98607		-2.88898
	9800.00000000		2.25340		-2.74096
	9805.00000000		2.09627		-2.69808
	9810.00000000		2.01619		-2.67051
	9815.00000000		2.25845		-2.62391
	9820.00000000		2.10667		-2.63932
	9825.00000000		1.95852		-2.71817
	9830.00000000		2.22077		-2.76980
	9835.00000000		2.18020		-2.62621
	9840.00000000		2.04831		-2.38255
	9845.00000000		2.11077		-2.33163
	9850.00000000		2.12480		-2.47327
	9855.00000000		2.12008		-2.51240
	9860.00000000		2.13302		-2.30398
	9865.00000000		2.03843		-2.09147
	9870.00000000		2.02020		-2.09295
	9875.00000000		2.15489		-2.22757
	9880.00000000		2.11599		-2.25754
	9885.00000000		2.00045		-2.17968
	9890.00000000		2.09138		-2.12172
	9895.00000000		2.06542		-2.25197
	9900.00000000		2.04227		-2.42063
	9905.00000000		2.19530		-2.33845
	9910.00000000		2.14043		-2.15424
	9915.00000000		1.94426		-2.00194
	9920.00000000		2.20879		-1.99254
	9925.00000000		2.03891		-2.12729
	9930.00000000		2.04842		-2.15859
	9935.00000000		2.22093		-2.07928
	9940.00000000		1.90755		-2.08935
	9945.00000000		2.21621		-2.05521
	9950.00000000		2.17860		-1.97113
	9955.00000000		1.94101		-1.79288
	9960.00000000		2.31040		-1.74456
	9965.00000000		1.93038		-1.87779
	9970.00000000		2.17778		-1.91917
	9975.00000000		2.24849		-1.75402
	9980.00000000		1.85160		-1.52275
	9985.00000000		2.27024		-1.52486
	9990.00000000		2.14079		-1.71473
	9995.00000000		1.95623		-1.86239
	10000.00000000		2.30892		-1.70967
