	30.00000000	2.92423		-2.15837  0.2  0.2		4.1705503158		-1.0
	60.00000000	2.87475		-2.19773  0.2  0.2		4.1705503158		-1.0
	90.00000000	2.93732		-1.99549  0.2  0.2		4.1705503158		-1.0
	120.00000000	3.07239		-1.82594  0.2  0.2		4.1705503158		-1.0
	150.00000000	2.87501		-1.65961  0.2  0.2		4.1705503158		-1.0
	180.00000000	2.86484		-1.49336  0.2  0.2		4.1705503158		-1.0
	210.00000000	3.07124		-1.57324  0.2  0.2		4.1705503158		-1.0
	240.00000000	3.05412		-1.78464  0.2  0.2		4.1705503158		-1.0
	270.00000000	2.94		-2.17971  0.2  0.2		4.1705503158		-1.0
	300.00000000	2.793		-2.36748  0.2  0.2		4.1705503158		-1.0
	330.00000000	3.01116		-2.33384  0.2  0.2		4.1705503158		-1.0
	360.00000000	3.12828		-2.50855  0.2  0.2		4.1705503158		-1.0
	390.00000000	2.91319		-2.61762  0.2  0.2		4.1705503158		-1.0
	420.00000000	2.94149		-2.87884  0.2  0.2		4.1705503158		-1.0
	450.00000000	2.85722		-2.84324  0.2  0.2		4.1705503158		-1.0
	480.00000000	2.92825		-2.9763  0.2  0.2		4.1705503158		-1.0
	510.00000000	3.14164		-2.99961  0.2  0.2		4.1705503158		-1.0
	540.00000000	2.94819		-2.95192  0.2  0.2		4.1705503158		-1.0
	570.00000000	3.00847		-2.81841  0.2  0.2		4.1705503158		-1.0
	600.00000000	3.11298		-2.45905  0.2  0.2		4.1705503158		-1.0
	630.00000000	2.88319		-2.43564  0.2  0.2		4.1705503158		-1.0
	660.00000000	2.88465		-2.52639  0.2  0.2		4.1705503158		-1.0
	690.00000000	2.87666		-2.52415  0.2  0.2		4.1705503158		-1.0
	720.00000000	2.85286		-2.70717  0.2  0.2		4.1705503158		-1.0
	750.00000000	2.93183		-2.99903  0.2  0.2		4.1705503158		-1.0
	780.00000000	2.8339		-3.07285  0.2  0.2		4.1705503158		-1.0
	810.00000000	2.85845		3.01008  0.2  0.2		4.1705503158		-1.0
	840.00000000	2.99565		3.00536  0.2  0.2		4.1705503158		-1.0
	870.00000000	2.82043		3.03638  0.2  0.2		4.1705503158		-1.0
	900.00000000	2.80774		2.86258  0.2  0.2		4.1705503158		-1.0
	930.00000000	3.00633		2.77117  0.2  0.2		4.1705503158		-1.0
	960.00000000	3.07903		2.8499  0.2  0.2		4.1705503158		-1.0
	990.00000000	2.79759		2.9414  0.2  0.2		4.1705503158		-1.0
	1020.00000000	3.08707		2.72441  0.2  0.2		4.1705503158		-1.0
	1050.00000000	3.0393		2.40287  0.2  0.2		4.1705503158		-1.0
	1080.00000000	2.95739		2.56745  0.2  0.2		4.1705503158		-1.0
	1110.00000000	2.72135		2.84898  0.2  0.2		4.1705503158		-1.0
	1140.00000000	3.07555		2.92741  0.2  0.2		4.1705503158		-1.0
	1170.00000000	2.98322		2.76677  0.2  0.2		4.1705503158		-1.0
	1200.00000000	2.93156		2.59058  0.2  0.2		4.1705503158		-1.0
	1230.00000000	2.88156		2.47932  0.2  0.2		4.1705503158		-1.0
	1260.00000000	2.78332		2.23537  0.2  0.2		4.1705503158		-1.0
	1290.00000000	2.90304		1.99421  0.2  0.2		4.1705503158		-1.0
	1320.00000000	2.94318		1.83799  0.2  0.2		4.1705503158		-1.0
	1350.00000000	3.06394		1.7227  0.2  0.2		4.1705503158		-1.0
	1380.00000000	2.96625		1.52378  0.2  0.2		4.1705503158		-1.0
	1410.00000000	2.96301		1.31061  0.2  0.2		4.1705503158		-1.0
	1440.00000000	2.9116		1.07542  0.2  0.2		4.1705503158		-1.0
	1470.00000000	2.92663		1.2706  0.2  0.2		4.1705503158		-1.0
	1500.00000000	2.8541		1.65944  0.2  0.2		4.1705503158		-1.0
	1530.00000000	2.89034		1.68565  0.2  0.2		4.1705503158		-1.0
	1560.00000000	2.80421		1.59775  0.2  0.2		4.1705503158		-1.0
	1590.00000000	3.17023		1.70394  0.2  0.2		4.1705503158		-1.0
	1620.00000000	2.71612		1.88818  0.2  0.2		4.1705503158		-1.0
	1650.00000000	3.05298		1.8986  0.2  0.2		4.1705503158		-1.0
	1680.00000000	3.07524		1.94056  0.2  0.2		4.1705503158		-1.0
	1710.00000000	2.78659		1.98724  0.2  0.2		4.1705503158		-1.0
	1740.00000000	3.09379		2.12286  0.2  0.2		4.1705503158		-1.0
	1770.00000000	3.05152		2.42609  0.2  0.2		4.1705503158		-1.0
	1800.00000000	3.17347		2.64262  0.2  0.2		4.1705503158		-1.0
	1830.00000000	3.26643		2.74327  0.2  0.2		4.1705503158		-1.0
	1860.00000000	2.92868		2.85079  0.2  0.2		4.1705503158		-1.0
	1890.00000000	2.99457		2.72681  0.2  0.2		4.1705503158		-1.0
	1920.00000000	2.72981		2.41779  0.2  0.2		4.1705503158		-1.0
	1950.00000000	3.08214		2.19917  0.2  0.2		4.1705503158		-1.0
	1980.00000000	3.17435		2.17475  0.2  0.2		4.1705503158		-1.0
	2010.00000000	2.95332		2.451  0.2  0.2		4.1705503158		-1.0
	2040.00000000	2.77837		2.81575  0.2  0.2		4.1705503158		-1.0
	2070.00000000	2.81399		3.0147  0.2  0.2		4.1705503158		-1.0
	2100.00000000	2.96295		3.13867  0.2  0.2		4.1705503158		-1.0
	2130.00000000	2.69323		-2.94  0.2  0.2		4.1705503158		-1.0
	2160.00000000	3.22063		-2.90614  0.2  0.2		4.1705503158		-1.0
	2190.00000000	2.76299		-2.80956  0.2  0.2		4.1705503158		-1.0
	2220.00000000	2.94092		-2.72643  0.2  0.2		4.1705503158		-1.0
	2250.00000000	3.17532		-2.64514  0.2  0.2		4.1705503158		-1.0
	2280.00000000	3.1945		-2.83895  0.2  0.2		4.1705503158		-1.0
	2310.00000000	2.95122		-2.94569  0.2  0.2		4.1705503158		-1.0
	2340.00000000	3.28047		-3.0373  0.2  0.2		4.1705503158		-1.0
	2370.00000000	3.03424		-3.04837  0.2  0.2		4.1705503158		-1.0
	2400.00000000	3.15049		3.12545  0.2  0.2		4.1705503158		-1.0
	2430.00000000	3.2952		3.01252  0.2  0.2		4.1705503158		-1.0
	2460.00000000	3.36163		2.92833  0.2  0.2		4.1705503158		-1.0
	2490.00000000	2.99426		3.04633  0.2  0.2		4.1705503158		-1.0
	2520.00000000	2.8042		3.13893  0.2  0.2		4.1705503158		-1.0
	2550.00000000	2.71088		-3.04503  0.2  0.2		4.1705503158		-1.0
	2580.00000000	2.76821		-2.91754  0.2  0.2		4.1705503158		-1.0
	2610.00000000	2.73964		-2.55115  0.2  0.2		4.1705503158		-1.0
	2640.00000000	2.8997		-2.66599  0.2  0.2		4.1705503158		-1.0
	2670.00000000	2.6913		-2.63518  0.2  0.2		4.1705503158		-1.0
	2700.00000000	2.80503		-2.48589  0.2  0.2		4.1705503158		-1.0
	2730.00000000	2.92657		-2.46577  0.2  0.2		4.1705503158		-1.0
	2760.00000000	3.16808		-2.53784  0.2  0.2		4.1705503158		-1.0
	2790.00000000	3.19712		-2.28823  0.2  0.2		4.1705503158		-1.0
	2820.00000000	2.85926		-2.22436  0.2  0.2		4.1705503158		-1.0
	2850.00000000	3.37956		-2.41978  0.2  0.2		4.1705503158		-1.0
	2880.00000000	3.21263		-2.59782  0.2  0.2		4.1705503158		-1.0
	2910.00000000	3.25939		-2.56538  0.2  0.2		4.1705503158		-1.0
	2940.00000000	3.067		-2.29314  0.2  0.2		4.1705503158		-1.0
	2970.00000000	3.00304		-1.86701  0.2  0.2		4.1705503158		-1.0
	3000.00000000	2.82825		-1.87546  0.2  0.2		4.1705503158		-1.0
	3030.00000000	2.87876		-1.80656  0.2  0.2		4.1705503158		-1.0
	3060.00000000	3.12495		-1.92223  0.2  0.2		4.1705503158		-1.0
	3090.00000000	3.05459		-2.04563  0.2  0.2		4.1705503158		-1.0
	3120.00000000	2.89625		-1.90045  0.2  0.2		4.1705503158		-1.0
	3150.00000000	3.08895		-1.66664  0.2  0.2		4.1705503158		-1.0
	3180.00000000	2.72516		-1.46713  0.2  0.2		4.1705503158		-1.0
	3210.00000000	2.99107		-1.48627  0.2  0.2		4.1705503158		-1.0
	3240.00000000	2.98745		-1.4048  0.2  0.2		4.1705503158		-1.0
	3270.00000000	2.83493		-1.19362  0.2  0.2		4.1705503158		-1.0
	3300.00000000	2.92202		-1.03945  0.2  0.2		4.1705503158		-1.0
	3330.00000000	3.08891		-1.05252  0.2  0.2		4.1705503158		-1.0
	3360.00000000	2.94424		-0.81747  0.2  0.2		4.1705503158		-1.0
	3390.00000000	2.92283		-0.77294  0.2  0.2		4.1705503158		-1.0
	3420.00000000	3.01626		-1.16145  0.2  0.2		4.1705503158		-1.0
	3450.00000000	2.99703		-1.39332  0.2  0.2		4.1705503158		-1.0
	3480.00000000	3.35365		-1.55897  0.2  0.2		4.1705503158		-1.0
	3510.00000000	2.77991		-1.68663  0.2  0.2		4.1705503158		-1.0
	3540.00000000	2.81676		-1.67633  0.2  0.2		4.1705503158		-1.0
	3570.00000000	2.94951		-1.47501  0.2  0.2		4.1705503158		-1.0
	3600.00000000	2.77292		-1.57264  0.2  0.2		4.1705503158		-1.0
	3630.00000000	3.61899		-1.58825  0.2  0.2		4.1705503158		-1.0
	3660.00000000	2.81783		-1.55046  0.2  0.2		4.1705503158		-1.0
	3690.00000000	3.34728		-1.23721  0.2  0.2		4.1705503158		-1.0
	3720.00000000	2.85066		-1.11531  0.2  0.2		4.1705503158		-1.0
	3750.00000000	2.92762		-1.27599  0.2  0.2		4.1705503158		-1.0
	3780.00000000	3.05537		-1.12567  0.2  0.2		4.1705503158		-1.0
	3810.00000000	2.95926		-0.90765  0.2  0.2		4.1705503158		-1.0
	3840.00000000	3.21697		-0.65727  0.2  0.2		4.1705503158		-1.0
	3870.00000000	2.99622		-0.62488  0.2  0.2		4.1705503158		-1.0
	3900.00000000	2.89749		-0.43597  0.2  0.2		4.1705503158		-1.0
	3930.00000000	2.94303		-0.12091  0.2  0.2		4.1705503158		-1.0
	3960.00000000	3.14398		0.05316  0.2  0.2		4.1705503158		-1.0
	3990.00000000	3.05191		0.07608  0.2  0.2		4.1705503158		-1.0
	4020.00000000	3.05751		0.22705  0.2  0.2		4.1705503158		-1.0
	4050.00000000	2.88777		0.54898  0.2  0.2		4.1705503158		-1.0
	4080.00000000	2.8125		1.08718  0.2  0.2		4.1705503158		-1.0
	4110.00000000	2.87407		0.94047  0.2  0.2		4.1705503158		-1.0
	4140.00000000	3.11903		0.78328  0.2  0.2		4.1705503158		-1.0
	4170.00000000	2.96262		0.83525  0.2  0.2		4.1705503158		-1.0
	4200.00000000	2.77708		0.67982  0.2  0.2		4.1705503158		-1.0
	4230.00000000	2.83337		0.53641  0.2  0.2		4.1705503158		-1.0
	4260.00000000	3.00088		0.49234  0.2  0.2		4.1705503158		-1.0
	4290.00000000	2.85509		0.44202  0.2  0.2		4.1705503158		-1.0
	4320.00000000	2.78697		0.38441  0.2  0.2		4.1705503158		-1.0
	4350.00000000	2.94139		0.18271  0.2  0.2		4.1705503158		-1.0
	4380.00000000	3.13754		-0.29621  0.2  0.2		4.1705503158		-1.0
	4410.00000000	2.99168		-0.5276  0.2  0.2		4.1705503158		-1.0
	4440.00000000	2.75743		-0.72766  0.2  0.2		4.1705503158		-1.0
	4470.00000000	2.79554		-0.71015  0.2  0.2		4.1705503158		-1.0
	4500.00000000	3.27164		-0.73443  0.2  0.2		4.1705503158		-1.0
	4530.00000000	2.83545		-0.92873  0.2  0.2		4.1705503158		-1.0
	4560.00000000	3.07012		-0.95147  0.2  0.2		4.1705503158		-1.0
	4590.00000000	3.14837		-0.94372  0.2  0.2		4.1705503158		-1.0
	4620.00000000	2.81739		-1.12099  0.2  0.2		4.1705503158		-1.0
	4650.00000000	2.68302		-1.07738  0.2  0.2		4.1705503158		-1.0
	4680.00000000	2.8484		-1.13031  0.2  0.2		4.1705503158		-1.0
	4710.00000000	3.2008		-0.97035  0.2  0.2		4.1705503158		-1.0
	4740.00000000	2.94481		-0.88425  0.2  0.2		4.1705503158		-1.0
	4770.00000000	2.88054		-0.88596  0.2  0.2		4.1705503158		-1.0
	4800.00000000	3.05813		-0.91274  0.2  0.2		4.1705503158		-1.0
	4830.00000000	3.18506		-0.76642  0.2  0.2		4.1705503158		-1.0
	4860.00000000	2.80252		-0.18198  0.2  0.2		4.1705503158		-1.0
	4890.00000000	2.69599		-0.55477  0.2  0.2		4.1705503158		-1.0
	4920.00000000	2.86057		-0.54264  0.2  0.2		4.1705503158		-1.0
	4950.00000000	3.14813		-0.24101  0.2  0.2		4.1705503158		-1.0
	4980.00000000	2.91075		-0.17665  0.2  0.2		4.1705503158		-1.0
	5010.00000000	2.90179		-0.18604  0.2  0.2		4.1705503158		-1.0
	5040.00000000	2.75648		0.06874  0.2  0.2		4.1705503158		-1.0
	5070.00000000	2.92935		0.25651  0.2  0.2		4.1705503158		-1.0
	5100.00000000	2.82138		-0.07187  0.2  0.2		4.1705503158		-1.0
	5130.00000000	3.13723		-0.41827  0.2  0.2		4.1705503158		-1.0
	5160.00000000	2.81946		-0.34296  0.2  0.2		4.1705503158		-1.0
	5190.00000000	2.92986		-0.57405  0.2  0.2		4.1705503158		-1.0
	5220.00000000	2.79773		-0.70593  0.2  0.2		4.1705503158		-1.0
	5250.00000000	2.81281		-0.41676  0.2  0.2		4.1705503158		-1.0
	5280.00000000	3.18456		-0.07101  0.2  0.2		4.1705503158		-1.0
	5310.00000000	3.37272		-0.36733  0.2  0.2		4.1705503158		-1.0
	5340.00000000	2.76578		-0.73349  0.2  0.2		4.1705503158		-1.0
	5370.00000000	2.83048		-1.00885  0.2  0.2		4.1705503158		-1.0
	5400.00000000	2.91574		-1.32422  0.2  0.2		4.1705503158		-1.0
	5430.00000000	3.11128		-1.42089  0.2  0.2		4.1705503158		-1.0
	5460.00000000	3.34117		-1.25975  0.2  0.2		4.1705503158		-1.0
	5490.00000000	3.24702		-1.42336  0.2  0.2		4.1705503158		-1.0
	5520.00000000	3.341		-1.60889  0.2  0.2		4.1705503158		-1.0
	5550.00000000	3.2008		-1.63953  0.2  0.2		4.1705503158		-1.0
	5580.00000000	2.7272		-1.71917  0.2  0.2		4.1705503158		-1.0
	5610.00000000	3.11458		-1.78636  0.2  0.2		4.1705503158		-1.0
	5640.00000000	3.29164		-1.89351  0.2  0.2		4.1705503158		-1.0
	5670.00000000	3.34953		-2.02565  0.2  0.2		4.1705503158		-1.0
	5700.00000000	2.69067		-2.16364  0.2  0.2		4.1705503158		-1.0
	5730.00000000	2.70023		-2.01457  0.2  0.2		4.1705503158		-1.0
	5760.00000000	2.7761		-1.80545  0.2  0.2		4.1705503158		-1.0
	5790.00000000	2.99682		-1.46639  0.2  0.2		4.1705503158		-1.0
	5820.00000000	2.87805		-1.20177  0.2  0.2		4.1705503158		-1.0
	5850.00000000	2.75657		-1.23419  0.2  0.2		4.1705503158		-1.0
	5880.00000000	2.75056		-1.33628  0.2  0.2		4.1705503158		-1.0
	5910.00000000	2.7098		-1.31235  0.2  0.2		4.1705503158		-1.0
	5940.00000000	2.86887		-1.23915  0.2  0.2		4.1705503158		-1.0
	5970.00000000	2.90376		-0.85707  0.2  0.2		4.1705503158		-1.0
	6000.00000000	3.61606		-0.65055  0.2  0.2		4.1705503158		-1.0
	6030.00000000	3.10158		-0.26452  0.2  0.2		4.1705503158		-1.0
	6060.00000000	2.93878		-0.09033  0.2  0.2		4.1705503158		-1.0
	6090.00000000	3.0065		0.20955  0.2  0.2		4.1705503158		-1.0
	6120.00000000	2.9327		0.9466  0.2  0.2		4.1705503158		-1.0
	6150.00000000	3.02169		1.39101  0.2  0.2		4.1705503158		-1.0
	6180.00000000	2.77825		1.41801  0.2  0.2		4.1705503158		-1.0
	6210.00000000	2.96868		1.38475  0.2  0.2		4.1705503158		-1.0
	6240.00000000	3.20612		1.1167  0.2  0.2		4.1705503158		-1.0
	6270.00000000	2.76321		1.12133  0.2  0.2		4.1705503158		-1.0
	6300.00000000	2.99203		1.15154  0.2  0.2		4.1705503158		-1.0
	6330.00000000	2.97898		1.55308  0.2  0.2		4.1705503158		-1.0
	6360.00000000	2.94576		1.87942  0.2  0.2		4.1705503158		-1.0
	6390.00000000	2.87415		1.84726  0.2  0.2		4.1705503158		-1.0
	6420.00000000	2.74742		1.4674  0.2  0.2		4.1705503158		-1.0
	6450.00000000	2.97899		1.04522  0.2  0.2		4.1705503158		-1.0
	6480.00000000	3.12905		0.99114  0.2  0.2		4.1705503158		-1.0
	6510.00000000	3.01118		0.75649  0.2  0.2		4.1705503158		-1.0
	6540.00000000	2.90302		0.59922  0.2  0.2		4.1705503158		-1.0
	6570.00000000	3.06984		0.61867  0.2  0.2		4.1705503158		-1.0
	6600.00000000	3.3125		0.69826  0.2  0.2		4.1705503158		-1.0
	6630.00000000	2.85794		0.73137  0.2  0.2		4.1705503158		-1.0
	6660.00000000	3.28114		0.80116  0.2  0.2		4.1705503158		-1.0
	6690.00000000	2.76288		0.8257  0.2  0.2		4.1705503158		-1.0
	6720.00000000	2.76653		0.80965  0.2  0.2		4.1705503158		-1.0
	6750.00000000	2.72091		1.09524  0.2  0.2		4.1705503158		-1.0
	6780.00000000	2.82821		0.82521  0.2  0.2		4.1705503158		-1.0
	6810.00000000	3.04561		0.48004  0.2  0.2		4.1705503158		-1.0
	6840.00000000	3.26965		0.38924  0.2  0.2		4.1705503158		-1.0
	6870.00000000	2.89426		0.53536  0.2  0.2		4.1705503158		-1.0
	6900.00000000	3.08163		0.92292  0.2  0.2		4.1705503158		-1.0
	6930.00000000	2.85556		1.20056  0.2  0.2		4.1705503158		-1.0
	6960.00000000	3.29267		1.46226  0.2  0.2		4.1705503158		-1.0
	6990.00000000	2.66189		1.22311  0.2  0.2		4.1705503158		-1.0
	7020.00000000	3.27077		1.028  0.2  0.2		4.1705503158		-1.0
	7050.00000000	2.90628		1.32361  0.2  0.2		4.1705503158		-1.0
	7080.00000000	3.02237		1.62698  0.2  0.2		4.1705503158		-1.0
	7110.00000000	2.68443		1.48481  0.2  0.2		4.1705503158		-1.0
	7140.00000000	3.29905		1.40086  0.2  0.2		4.1705503158		-1.0
	7170.00000000	2.95892		1.01291  0.2  0.2		4.1705503158		-1.0
	7200.00000000	2.6357		1.15153  0.2  0.2		4.1705503158		-1.0
	7230.00000000	3.08944		1.22082  0.2  0.2		4.1705503158		-1.0
	7260.00000000	3.3121		1.22079  0.2  0.2		4.1705503158		-1.0
	7290.00000000	3.17914		1.2578  0.2  0.2		4.1705503158		-1.0
	7320.00000000	3.13148		1.48032  0.2  0.2		4.1705503158		-1.0
	7350.00000000	2.84014		1.99284  0.2  0.2		4.1705503158		-1.0
	7380.00000000	2.76928		2.37099  0.2  0.2		4.1705503158		-1.0
	7410.00000000	2.78688		2.18467  0.2  0.2		4.1705503158		-1.0
	7440.00000000	2.85812		1.80767  0.2  0.2		4.1705503158		-1.0
	7470.00000000	2.79584		1.50279  0.2  0.2		4.1705503158		-1.0
	7500.00000000	2.93441		1.10155  0.2  0.2		4.1705503158		-1.0
	7530.00000000	2.71119		0.96417  0.2  0.2		4.1705503158		-1.0
	7560.00000000	2.74029		0.90343  0.2  0.2		4.1705503158		-1.0
	7590.00000000	2.70846		0.42267  0.2  0.2		4.1705503158		-1.0
	7620.00000000	2.8326		0.002  0.2  0.2		4.1705503158		-1.0
	7650.00000000	2.90517		-0.22385  0.2  0.2		4.1705503158		-1.0
	7680.00000000	2.96598		-0.32152  0.2  0.2		4.1705503158		-1.0
	7710.00000000	3.54075		-0.69155  0.2  0.2		4.1705503158		-1.0
	7740.00000000	3.39817		-1.12306  0.2  0.2		4.1705503158		-1.0
	7770.00000000	3.34002		-1.16868  0.2  0.2		4.1705503158		-1.0
	7800.00000000	3.29797		-1.02888  0.2  0.2		4.1705503158		-1.0
	7830.00000000	3.31806		-1.10571  0.2  0.2		4.1705503158		-1.0
	7860.00000000	3.53559		-1.03698  0.2  0.2		4.1705503158		-1.0
	7890.00000000	3.06255		-0.63625  0.2  0.2		4.1705503158		-1.0
	7920.00000000	3.20849		-0.33911  0.2  0.2		4.1705503158		-1.0
	7950.00000000	3.38027		-0.36005  0.2  0.2		4.1705503158		-1.0
	7980.00000000	2.97047		-0.39117  0.2  0.2		4.1705503158		-1.0
	8010.00000000	2.93611		-0.47391  0.2  0.2		4.1705503158		-1.0
	8040.00000000	3.46341		-0.46054  0.2  0.2		4.1705503158		-1.0
	8070.00000000	2.62469		-0.65946  0.2  0.2		4.1705503158		-1.0
	8100.00000000	3.53553		-0.65917  0.2  0.2		4.1705503158		-1.0
	8130.00000000	3.34351		-0.75777  0.2  0.2		4.1705503158		-1.0
	8160.00000000	3.12379		-1.15491  0.2  0.2		4.1705503158		-1.0
	8190.00000000	3.58819		-1.35816  0.2  0.2		4.1705503158		-1.0
	8220.00000000	3.10142		-1.4393  0.2  0.2		4.1705503158		-1.0
	8250.00000000	3.37867		-1.39525  0.2  0.2		4.1705503158		-1.0
	8280.00000000	3.3194		-1.50995  0.2  0.2		4.1705503158		-1.0
	8310.00000000	3.18393		-1.62245  0.2  0.2		4.1705503158		-1.0
	8340.00000000	3.51684		-1.6088  0.2  0.2		4.1705503158		-1.0
	8370.00000000	3.1647		-1.67087  0.2  0.2		4.1705503158		-1.0
	8400.00000000	2.68206		-1.66183  0.2  0.2		4.1705503158		-1.0
	8430.00000000	2.74142		-1.75592  0.2  0.2		4.1705503158		-1.0
	8460.00000000	3.41847		-1.79477  0.2  0.2		4.1705503158		-1.0
	8490.00000000	3.32689		-2.02444  0.2  0.2		4.1705503158		-1.0
	8520.00000000	2.79788		-2.21619  0.2  0.2		4.1705503158		-1.0
	8550.00000000	2.96453		-2.13724  0.2  0.2		4.1705503158		-1.0
	8580.00000000	3.42798		-2.1198  0.2  0.2		4.1705503158		-1.0
	8610.00000000	3.07391		-2.1882  0.2  0.2		4.1705503158		-1.0
	8640.00000000	3.48251		-2.3757  0.2  0.2		4.1705503158		-1.0
	8670.00000000	3.14503		-2.47802  0.2  0.2		4.1705503158		-1.0
	8700.00000000	3.21643		-2.84513  0.2  0.2		4.1705503158		-1.0
	8730.00000000	2.78252		-2.63388  0.2  0.2		4.1705503158		-1.0
	8760.00000000	2.99794		-2.46935  0.2  0.2		4.1705503158		-1.0
	8790.00000000	2.84024		-2.15186  0.2  0.2		4.1705503158		-1.0
	8820.00000000	3.49524		-2.04399  0.2  0.2		4.1705503158		-1.0
	8850.00000000	3.13472		-2.22831  0.2  0.2		4.1705503158		-1.0
	8880.00000000	3.49021		-2.71558  0.2  0.2		4.1705503158		-1.0
	8910.00000000	3.34389		-2.71284  0.2  0.2		4.1705503158		-1.0
	8940.00000000	3.23768		-2.76057  0.2  0.2		4.1705503158		-1.0
	8970.00000000	3.31003		-2.9354  0.2  0.2		4.1705503158		-1.0
	9000.00000000	3.20178		2.92742  0.2  0.2		4.1705503158		-1.0
	9030.00000000	3.4242		2.87584  0.2  0.2		4.1705503158		-1.0
	9060.00000000	2.63332		2.80356  0.2  0.2		4.1705503158		-1.0
	9090.00000000	3.07877		2.8695  0.2  0.2		4.1705503158		-1.0
	9120.00000000	3.27385		2.55123  0.2  0.2		4.1705503158		-1.0
	9150.00000000	3.12707		2.3264  0.2  0.2		4.1705503158		-1.0
	9180.00000000	2.9023		2.24109  0.2  0.2		4.1705503158		-1.0
	9210.00000000	2.97977		2.12651  0.2  0.2		4.1705503158		-1.0
	9240.00000000	3.18162		2.34586  0.2  0.2		4.1705503158		-1.0
	9270.00000000	3.32029		2.35049  0.2  0.2		4.1705503158		-1.0
	9300.00000000	3.34484		2.45712  0.2  0.2		4.1705503158		-1.0
	9330.00000000	2.79971		2.49594  0.2  0.2		4.1705503158		-1.0
	9360.00000000	2.74569		2.48999  0.2  0.2		4.1705503158		-1.0
	9390.00000000	3.34009		2.56825  0.2  0.2		4.1705503158		-1.0
	9420.00000000	2.78108		2.5136  0.2  0.2		4.1705503158		-1.0
	9450.00000000	2.8113		2.40927  0.2  0.2		4.1705503158		-1.0
	9480.00000000	2.96311		2.35069  0.2  0.2		4.1705503158		-1.0
	9510.00000000	3.39135		2.27402  0.2  0.2		4.1705503158		-1.0
	9540.00000000	3.21154		2.13345  0.2  0.2		4.1705503158		-1.0
	9570.00000000	3.39687		1.99111  0.2  0.2		4.1705503158		-1.0
	9600.00000000	3.01283		1.80513  0.2  0.2		4.1705503158		-1.0
	9630.00000000	3.35991		1.82704  0.2  0.2		4.1705503158		-1.0
	9660.00000000	3.01682		1.71342  0.2  0.2		4.1705503158		-1.0
	9690.00000000	3.38535		1.7204  0.2  0.2		4.1705503158		-1.0
	9720.00000000	2.70048		1.73647  0.2  0.2		4.1705503158		-1.0
	9750.00000000	2.77411		1.91415  0.2  0.2		4.1705503158		-1.0
	9780.00000000	2.77576		1.89526  0.2  0.2		4.1705503158		-1.0
	9810.00000000	2.77274		1.78874  0.2  0.2		4.1705503158		-1.0
	9840.00000000	2.77154		1.91137  0.2  0.2		4.1705503158		-1.0
	9870.00000000	2.68415		1.96675  0.2  0.2		4.1705503158		-1.0
	9900.00000000	3.33605		2.08781  0.2  0.2		4.1705503158		-1.0
	9930.00000000	3.28894		1.70298  0.2  0.2		4.1705503158		-1.0
	9960.00000000	3.32474		1.45487  0.2  0.2		4.1705503158		-1.0
	9990.00000000	3.31794		1.50556  0.2  0.2		4.1705503158		-1.0
	10020.00000000	3.30693		1.70887  0.2  0.2		4.1705503158		-1.0
	10050.00000000	3.21139		1.95913  0.2  0.2		4.1705503158		-1.0
	10080.00000000	2.94202		2.05032  0.2  0.2		4.1705503158		-1.0
	10110.00000000	2.76102		2.18439  0.2  0.2		4.1705503158		-1.0
	10140.00000000	2.64247		2.31405  0.2  0.2		4.1705503158		-1.0
	10170.00000000	2.90361		2.49093  0.2  0.2		4.1705503158		-1.0
	10200.00000000	2.7777		2.62473  0.2  0.2		4.1705503158		-1.0
	10230.00000000	2.73315		2.72421  0.2  0.2		4.1705503158		-1.0
	10260.00000000	2.85924		2.51255  0.2  0.2		4.1705503158		-1.0
	10290.00000000	3.51567		2.48782  0.2  0.2		4.1705503158		-1.0
	10320.00000000	3.00351		2.07225  0.2  0.2		4.1705503158		-1.0
	10350.00000000	3.40278		1.97359  0.2  0.2		4.1705503158		-1.0
	10380.00000000	2.68442		1.98896  0.2  0.2		4.1705503158		-1.0
	10410.00000000	2.72588		2.12517  0.2  0.2		4.1705503158		-1.0
	10440.00000000	2.68008		2.23596  0.2  0.2		4.1705503158		-1.0
	10470.00000000	3.0658		2.44781  0.2  0.2		4.1705503158		-1.0
	10500.00000000	3.39324		2.40829  0.2  0.2		4.1705503158		-1.0
	10530.00000000	3.44599		2.3021  0.2  0.2		4.1705503158		-1.0
	10560.00000000	2.91958		2.34033  0.2  0.2		4.1705503158		-1.0
	10590.00000000	2.78235		2.85781  0.2  0.2		4.1705503158		-1.0
	10620.00000000	2.70949		-3.03112  0.2  0.2		4.1705503158		-1.0
	10650.00000000	3.29602		-3.07998  0.2  0.2		4.1705503158		-1.0
	10680.00000000	3.37076		3.12866  0.2  0.2		4.1705503158		-1.0
	10710.00000000	2.7118		3.13968  0.2  0.2		4.1705503158		-1.0
	10740.00000000	3.1691		-3.02124  0.2  0.2		4.1705503158		-1.0
	10770.00000000	2.61482		-2.84213  0.2  0.2		4.1705503158		-1.0
	10800.00000000	2.97167		-2.75111  0.2  0.2		4.1705503158		-1.0
	10830.00000001	2.7778		-2.64634  0.2  0.2		4.1705503158		-1.0
	10860.00000001	2.88653		-2.58144  0.2  0.2		4.1705503158		-1.0
	10890.00000001	2.92768		-2.40849  0.2  0.2		4.1705503158		-1.0
	10920.00000001	3.44887		-2.19337  0.2  0.2		4.1705503158		-1.0
	10950.00000001	3.43319		-1.87807  0.2  0.2		4.1705503158		-1.0
	10980.00000001	2.56409		-2.04519  0.2  0.2		4.1705503158		-1.0
	11010.00000001	2.62199		-2.25966  0.2  0.2		4.1705503158		-1.0
	11040.00000001	3.09869		-2.07764  0.2  0.2		4.1705503158		-1.0
	11070.00000001	3.31853		-1.91825  0.2  0.2		4.1705503158		-1.0
	11100.00000001	2.63264		-2.05405  0.2  0.2		4.1705503158		-1.0
	11130.00000001	3.30717		-2.00362  0.2  0.2		4.1705503158		-1.0
	11160.00000001	3.29643		-2.20693  0.2  0.2		4.1705503158		-1.0
	11190.00000001	2.78534		-2.09859  0.2  0.2		4.1705503158		-1.0
	11220.00000001	2.91129		-1.82264  0.2  0.2		4.1705503158		-1.0
	11250.00000001	2.83583		-1.35618  0.2  0.2		4.1705503158		-1.0
	11280.00000001	2.65382		-1.33703  0.2  0.2		4.1705503158		-1.0
	11310.00000001	2.77338		-1.46123  0.2  0.2		4.1705503158		-1.0
	11340.00000001	2.96333		-1.42567  0.2  0.2		4.1705503158		-1.0
	11370.00000001	3.91843		-1.38868  0.2  0.2		4.1705503158		-1.0
	11400.00000001	3.2546		-1.61353  0.2  0.2		4.1705503158		-1.0
	11430.00000001	3.61466		-1.62102  0.2  0.2		4.1705503158		-1.0
	11460.00000001	3.4383		-1.52427  0.2  0.2		4.1705503158		-1.0
	11490.00000001	3.35088		-1.15575  0.2  0.2		4.1705503158		-1.0
	11520.00000001	3.61083		-1.20396  0.2  0.2		4.1705503158		-1.0
	11550.00000001	3.14157		-1.02332  0.2  0.2		4.1705503158		-1.0
	11580.00000001	3.35121		-1.01208  0.2  0.2		4.1705503158		-1.0
	11610.00000001	3.57274		-0.9408  0.2  0.2		4.1705503158		-1.0
	11640.00000001	3.25269		-0.68939  0.2  0.2		4.1705503158		-1.0
	11670.00000001	3.32365		-0.59334  0.2  0.2		4.1705503158		-1.0
	11700.00000001	3.25404		-0.66102  0.2  0.2		4.1705503158		-1.0
	11730.00000001	3.0746		-0.98967  0.2  0.2		4.1705503158		-1.0
	11760.00000001	2.74144		-1.00224  0.2  0.2		4.1705503158		-1.0
	11790.00000001	2.80606		-0.50646  0.2  0.2		4.1705503158		-1.0
	11820.00000001	2.81752		-0.37598  0.2  0.2		4.1705503158		-1.0
	11850.00000001	2.86245		-0.14192  0.2  0.2		4.1705503158		-1.0
	11880.00000001	3.18364		0.47605  0.2  0.2		4.1705503158		-1.0
	11910.00000001	2.9161		0.83886  0.2  0.2		4.1705503158		-1.0
	11940.00000001	3.15955		0.9943  0.2  0.2		4.1705503158		-1.0
	11970.00000001	3.23677		1.16611  0.2  0.2		4.1705503158		-1.0
	12000.00000001	3.23316		0.96728  0.2  0.2		4.1705503158		-1.0
	12030.00000001	3.33975		0.69516  0.2  0.2		4.1705503158		-1.0
	12060.00000001	3.23902		0.58146  0.2  0.2		4.1705503158		-1.0
	12090.00000001	3.19309		0.33365  0.2  0.2		4.1705503158		-1.0
	12120.00000001	2.98556		0.21372  0.2  0.2		4.1705503158		-1.0
	12150.00000001	3.04018		0.34238  0.2  0.2		4.1705503158		-1.0
	12180.00000001	3.28098		0.21734  0.2  0.2		4.1705503158		-1.0
	12210.00000001	2.92889		0.17183  0.2  0.2		4.1705503158		-1.0
	12240.00000001	2.56414		0.28174  0.2  0.2		4.1705503158		-1.0
	12270.00000001	2.66434		0.24065  0.2  0.2		4.1705503158		-1.0
	12300.00000001	2.72817		0.02825  0.2  0.2		4.1705503158		-1.0
	12330.00000001	2.76609		-0.21384  0.2  0.2		4.1705503158		-1.0
	12360.00000001	3.13834		-0.29234  0.2  0.2		4.1705503158		-1.0
	12390.00000001	3.03603		0.07194  0.2  0.2		4.1705503158		-1.0
	12420.00000001	3.48453		0.39734  0.2  0.2		4.1705503158		-1.0
	12450.00000001	2.84957		0.54863  0.2  0.2		4.1705503158		-1.0
	12480.00000001	2.83486		0.24556  0.2  0.2		4.1705503158		-1.0
	12510.00000001	2.70876		0.02977  0.2  0.2		4.1705503158		-1.0
	12540.00000001	2.68346		0.1054  0.2  0.2		4.1705503158		-1.0
	12570.00000001	2.98975		0.35154  0.2  0.2		4.1705503158		-1.0
	12600.00000001	3.4437		0.66468  0.2  0.2		4.1705503158		-1.0
	12630.00000001	3.13576		0.82451  0.2  0.2		4.1705503158		-1.0
	12660.00000001	3.56082		1.12901  0.2  0.2		4.1705503158		-1.0
	12690.00000001	2.66202		1.33651  0.2  0.2		4.1705503158		-1.0
	12720.00000001	3.23214		1.49199  0.2  0.2		4.1705503158		-1.0
	12750.00000001	3.0393		1.4187  0.2  0.2		4.1705503158		-1.0
	12780.00000001	2.76081		1.45876  0.2  0.2		4.1705503158		-1.0
	12810.00000001	2.72997		1.43788  0.2  0.2		4.1705503158		-1.0
	12840.00000001	2.73884		1.45814  0.2  0.2		4.1705503158		-1.0
	12870.00000001	2.71899		1.29669  0.2  0.2		4.1705503158		-1.0
	12900.00000001	2.94508		1.39669  0.2  0.2		4.1705503158		-1.0
	12930.00000001	3.58259		1.55032  0.2  0.2		4.1705503158		-1.0
	12960.00000001	3.18022		1.50876  0.2  0.2		4.1705503158		-1.0
	12990.00000001	3.57217		1.29476  0.2  0.2		4.1705503158		-1.0
	13020.00000001	2.98959		0.7849  0.2  0.2		4.1705503158		-1.0
	13050.00000001	2.79993		0.35813  0.2  0.2		4.1705503158		-1.0
	13080.00000001	2.77808		0.57009  0.2  0.2		4.1705503158		-1.0
	13110.00000001	2.70308		1.05354  0.2  0.2		4.1705503158		-1.0
	13140.00000001	2.97599		1.11327  0.2  0.2		4.1705503158		-1.0
	13170.00000001	3.5897		0.77933  0.2  0.2		4.1705503158		-1.0
	13200.00000001	2.98179		0.70413  0.2  0.2		4.1705503158		-1.0
	13230.00000001	2.64138		0.55552  0.2  0.2		4.1705503158		-1.0
	13260.00000001	2.70842		0.48888  0.2  0.2		4.1705503158		-1.0
	13290.00000001	2.64867		0.78413  0.2  0.2		4.1705503158		-1.0
	13320.00000001	2.71335		0.9753  0.2  0.2		4.1705503158		-1.0
	13350.00000001	2.65077		1.1639  0.2  0.2		4.1705503158		-1.0
	13380.00000001	2.65085		1.27482  0.2  0.2		4.1705503158		-1.0
	13410.00000001	2.96644		1.4226  0.2  0.2		4.1705503158		-1.0
	13440.00000001	3.68304		1.57801  0.2  0.2		4.1705503158		-1.0
	13470.00000001	3.26567		1.4458  0.2  0.2		4.1705503158		-1.0
	13500.00000001	3.61555		1.36003  0.2  0.2		4.1705503158		-1.0
	13530.00000001	3.2289		1.16869  0.2  0.2		4.1705503158		-1.0
	13560.00000001	3.42887		1.16418  0.2  0.2		4.1705503158		-1.0
	13590.00000001	3.54016		1.07466  0.2  0.2		4.1705503158		-1.0
	13620.00000001	3.34787		1.28595  0.2  0.2		4.1705503158		-1.0
	13650.00000001	3.50363		1.31259  0.2  0.2		4.1705503158		-1.0
	13680.00000001	3.31163		1.21646  0.2  0.2		4.1705503158		-1.0
	13710.00000001	3.87804		1.45719  0.2  0.2		4.1705503158		-1.0
	13740.00000001	3.32579		1.69972  0.2  0.2		4.1705503158		-1.0
	13770.00000001	3.21504		1.6897  0.2  0.2		4.1705503158		-1.0
	13800.00000001	3.71663		1.43074  0.2  0.2		4.1705503158		-1.0
	13830.00000001	3.50551		1.33372  0.2  0.2		4.1705503158		-1.0
	13860.00000001	3.76457		1.5995  0.2  0.2		4.1705503158		-1.0
	13890.00000001	3.36425		1.54149  0.2  0.2		4.1705503158		-1.0
	13920.00000001	3.55017		1.62099  0.2  0.2		4.1705503158		-1.0
	13950.00000001	3.69683		1.91555  0.2  0.2		4.1705503158		-1.0
	13980.00000001	2.9291		1.78606  0.2  0.2		4.1705503158		-1.0
	14010.00000001	2.84618		1.73709  0.2  0.2		4.1705503158		-1.0
	14040.00000001	2.69189		1.57899  0.2  0.2		4.1705503158		-1.0
	14070.00000001	2.76367		1.63628  0.2  0.2		4.1705503158		-1.0
	14100.00000001	2.65832		1.89249  0.2  0.2		4.1705503158		-1.0
	14130.00000001	2.77994		1.90004  0.2  0.2		4.1705503158		-1.0
	14005.00000001	2.83238		1.65709  0.2  0.2		4.1705503158		-1.0
	14035.00000001	2.6341		1.52872  0.2  0.2		4.1705503158		-1.0
	14065.00000001	2.81437		1.58852  0.2  0.2		4.1705503158		-1.0
	14095.00000001	2.71897		1.89318  0.2  0.2		4.1705503158		-1.0
	14125.00000001	2.76753		2.01844  0.2  0.2		4.1705503158		-1.0
	14155.00000001	2.84493		1.55415  0.2  0.2		4.1705503158		-1.0
	14185.00000001	2.92233		1.11252  0.2  0.2		4.1705503158		-1.0
	14215.00000001	3.032		0.53932  0.2  0.2		4.1705503158		-1.0
	14245.00000000	3.43007		0.32026  0.2  0.2		4.1705503158		-1.0
	14275.00000000	3.4896		0.10805  0.2  0.2		4.1705503158		-1.0
	14305.00000000	3.2934		0.02633  0.2  0.2		4.1705503158		-1.0
	14335.00000000	3.39095		-0.13051  0.2  0.2		4.1705503158		-1.0
	14365.00000000	3.32606		-0.07231  0.2  0.2		4.1705503158		-1.0
	14395.00000000	3.26264		0.2612  0.2  0.2		4.1705503158		-1.0
	14425.00000000	3.34728		0.83595  0.2  0.2		4.1705503158		-1.0
	14455.00000000	3.65408		1.04668  0.2  0.2		4.1705503158		-1.0
	14485.00000000	3.188		1.01481  0.2  0.2		4.1705503158		-1.0
	14515.00000000	2.65708		0.89658  0.2  0.2		4.1705503158		-1.0
	14545.00000000	2.62528		1.13127  0.2  0.2		4.1705503158		-1.0
	14575.00000000	2.60791		1.27941  0.2  0.2		4.1705503158		-1.0
	14605.00000000	2.53336		1.67182  0.2  0.2		4.1705503158		-1.0
	14635.00000000	2.60472		1.7913  0.2  0.2		4.1705503158		-1.0
	14665.00000000	2.65115		1.72238  0.2  0.2		4.1705503158		-1.0
	14695.00000000	2.72284		1.58683  0.2  0.2		4.1705503158		-1.0
	14725.00000000	2.69584		1.98888  0.2  0.2		4.1705503158		-1.0
	14755.00000000	2.67829		2.58857  0.2  0.2		4.1705503158		-1.0
	14785.00000000	2.63881		2.88978  0.2  0.2		4.1705503158		-1.0
	14815.00000000	2.66045		2.73346  0.2  0.2		4.1705503158		-1.0
	14845.00000000	2.8044		2.49457  0.2  0.2		4.1705503158		-1.0
	14875.00000000	2.99318		2.35208  0.2  0.2		4.1705503158		-1.0
	14905.00000000	3.34676		2.51367  0.2  0.2		4.1705503158		-1.0
	14935.00000000	2.91039		2.72825  0.2  0.2		4.1705503158		-1.0
	14965.00000000	3.36051		2.91077  0.2  0.2		4.1705503158		-1.0
	14995.00000000	3.24166		2.98222  0.2  0.2		4.1705503158		-1.0
	15025.00000000	3.54064		2.83748  0.2  0.2		4.1705503158		-1.0
	15055.00000000	3.14665		2.75633  0.2  0.2		4.1705503158		-1.0
	15085.00000000	3.6768		2.79549  0.2  0.2		4.1705503158		-1.0
	15115.00000000	3.31065		3.06036  0.2  0.2		4.1705503158		-1.0
	15145.00000000	2.62391		3.04184  0.2  0.2		4.1705503158		-1.0
	15175.00000000	2.91803		2.89555  0.2  0.2		4.1705503158		-1.0
	15205.00000000	3.7152		3.11443  0.2  0.2		4.1705503158		-1.0
	15235.00000000	3.43178		-3.07543  0.2  0.2		4.1705503158		-1.0
	15265.00000000	3.51325		2.98761  0.2  0.2		4.1705503158		-1.0
	15295.00000000	3.80024		2.77811  0.2  0.2		4.1705503158		-1.0
	15325.00000000	2.83514		2.76479  0.2  0.2		4.1705503158		-1.0
	15355.00000000	2.71997		3.02099  0.2  0.2		4.1705503158		-1.0
	15385.00000000	2.74825		-3.12807  0.2  0.2		4.1705503158		-1.0
	15415.00000000	2.71838		-3.05831  0.2  0.2		4.1705503158		-1.0
	15445.00000000	2.74491		-2.85609  0.2  0.2		4.1705503158		-1.0
	15475.00000000	2.69201		-2.61038  0.2  0.2		4.1705503158		-1.0
	15505.00000000	2.67371		-2.48613  0.2  0.2		4.1705503158		-1.0
	15535.00000000	2.61122		-2.33686  0.2  0.2		4.1705503158		-1.0
	15565.00000000	2.64034		-2.37653  0.2  0.2		4.1705503158		-1.0
	15595.00000000	2.67399		-2.39244  0.2  0.2		4.1705503158		-1.0
	15625.00000000	2.61189		-2.67013  0.2  0.2		4.1705503158		-1.0
	15655.00000000	2.52825		-3.07697  0.2  0.2		4.1705503158		-1.0
	15685.00000000	3.16345		3.02982  0.2  0.2		4.1705503158		-1.0
	15715.00000000	2.96261		2.83407  0.2  0.2		4.1705503158		-1.0
	15745.00000000	2.80405		2.8567  0.2  0.2		4.1705503158		-1.0
	15775.00000000	3.09053		-3.09762  0.2  0.2		4.1705503158		-1.0
	15805.00000000	3.67778		-2.82773  0.2  0.2		4.1705503158		-1.0
	15835.00000000	3.088		-2.7734  0.2  0.2		4.1705503158		-1.0
	15865.00000000	3.66938		-2.98362  0.2  0.2		4.1705503158		-1.0
	15895.00000000	3.40944		-2.75569  0.2  0.2		4.1705503158		-1.0
	15925.00000000	3.6008		-2.7978  0.2  0.2		4.1705503158		-1.0
	15955.00000000	3.18958		-2.77607  0.2  0.2		4.1705503158		-1.0
	15985.00000000	3.36557		-2.61099  0.2  0.2		4.1705503158		-1.0
	16015.00000000	3.43881		-2.40096  0.2  0.2		4.1705503158		-1.0
	16045.00000000	3.5752		-2.24103  0.2  0.2		4.1705503158		-1.0
	16075.00000000	3.20451		-2.33516  0.2  0.2		4.1705503158		-1.0
	16105.00000000	3.18608		-2.23193  0.2  0.2		4.1705503158		-1.0
	16135.00000000	2.80141		-2.04922  0.2  0.2		4.1705503158		-1.0
	16165.00000000	2.95556		-2.00927  0.2  0.2		4.1705503158		-1.0
	16195.00000000	2.85201		-1.93783  0.2  0.2		4.1705503158		-1.0
	16225.00000000	2.7448		-1.90279  0.2  0.2		4.1705503158		-1.0
	16255.00000000	2.79793		-1.8677  0.2  0.2		4.1705503158		-1.0
	16285.00000000	2.76811		-1.50845  0.2  0.2		4.1705503158		-1.0
	16315.00000000	2.7751		-1.11675  0.2  0.2		4.1705503158		-1.0
	16345.00000000	2.80568		-1.36952  0.2  0.2		4.1705503158		-1.0
	16375.00000000	2.90196		-1.5911  0.2  0.2		4.1705503158		-1.0
	16405.00000000	3.1143		-1.59943  0.2  0.2		4.1705503158		-1.0
	16435.00000000	3.43161		-1.51056  0.2  0.2		4.1705503158		-1.0
	16465.00000000	3.67716		-1.24323  0.2  0.2		4.1705503158		-1.0
	16495.00000000	3.28624		-1.31008  0.2  0.2		4.1705503158		-1.0
	16525.00000000	2.69798		-1.2506  0.2  0.2		4.1705503158		-1.0
	16555.00000000	2.6654		-0.87053  0.2  0.2		4.1705503158		-1.0
	16585.00000000	2.74272		-0.63704  0.2  0.2		4.1705503158		-1.0
	16615.00000000	2.76676		-0.3355  0.2  0.2		4.1705503158		-1.0
	16645.00000000	2.84909		-0.10549  0.2  0.2		4.1705503158		-1.0
	16675.00000000	2.83444		-0.20539  0.2  0.2		4.1705503158		-1.0
	16705.00000000	2.7613		-0.6996  0.2  0.2		4.1705503158		-1.0
	16735.00000000	2.60082		-1.02569  0.2  0.2		4.1705503158		-1.0
	16765.00000000	2.54066		-1.05009  0.2  0.2		4.1705503158		-1.0
	16795.00000000	2.57963		-0.82476  0.2  0.2		4.1705503158		-1.0
	16825.00000000	3.16097		-0.70052  0.2  0.2		4.1705503158		-1.0
	16855.00000000	3.59641		-0.90333  0.2  0.2		4.1705503158		-1.0
	16885.00000000	3.15189		-1.0672  0.2  0.2		4.1705503158		-1.0
	16915.00000000	3.40614		-1.3042  0.2  0.2		4.1705503158		-1.0
	16945.00000000	3.041		-1.49377  0.2  0.2		4.1705503158		-1.0
	16975.00000000	3.34683		-1.11802  0.2  0.2		4.1705503158		-1.0
	17005.00000000	2.88267		-0.92532  0.2  0.2		4.1705503158		-1.0
	17035.00000000	2.74798		-0.62516  0.2  0.2		4.1705503158		-1.0
	17065.00000000	2.6651		-0.792  0.2  0.2		4.1705503158		-1.0
	17095.00000000	2.69642		-0.6843  0.2  0.2		4.1705503158		-1.0
	17125.00000000	2.7378		-0.4024  0.2  0.2		4.1705503158		-1.0
	17155.00000000	2.99887		0.09021  0.2  0.2		4.1705503158		-1.0
	17185.00000000	3.37418		-0.00526  0.2  0.2		4.1705503158		-1.0
	17215.00000000	3.53927		-0.34774  0.2  0.2		4.1705503158		-1.0
	17245.00000000	3.04971		-0.56073  0.2  0.2		4.1705503158		-1.0
	17275.00000000	3.58087		-0.30967  0.2  0.2		4.1705503158		-1.0
	17305.00000000	3.28721		-0.36297  0.2  0.2		4.1705503158		-1.0
	17335.00000000	3.1264		-0.30527  0.2  0.2		4.1705503158		-1.0
	17365.00000000	3.44102		-0.39208  0.2  0.2		4.1705503158		-1.0
	17395.00000000	3.08407		-0.54654  0.2  0.2		4.1705503158		-1.0
	17425.00000000	2.97991		-0.51578  0.2  0.2		4.1705503158		-1.0
	17455.00000000	3.46103		-0.68706  0.2  0.2		4.1705503158		-1.0
	17485.00000000	3.72689		-0.73262  0.2  0.2		4.1705503158		-1.0
	17515.00000000	3.45239		-0.88636  0.2  0.2		4.1705503158		-1.0
	17545.00000000	3.05125		-0.65666  0.2  0.2		4.1705503158		-1.0
	17575.00000000	3.27028		-0.62732  0.2  0.2		4.1705503158		-1.0
	17605.00000000	3.65256		-0.60916  0.2  0.2		4.1705503158		-1.0
	17635.00000000	3.72397		-0.5904  0.2  0.2		4.1705503158		-1.0
	17665.00000000	3.83756		-0.20134  0.2  0.2		4.1705503158		-1.0
	17695.00000000	3.27206		-0.10244  0.2  0.2		4.1705503158		-1.0
	17725.00000000	3.71196		0.06484  0.2  0.2		4.1705503158		-1.0
	17755.00000000	2.95898		0.25521  0.2  0.2		4.1705503158		-1.0
	17785.00000000	2.72864		0.17606  0.2  0.2		4.1705503158		-1.0
	17815.00000000	2.77068		0.47877  0.2  0.2		4.1705503158		-1.0
	17845.00000000	2.76874		0.78931  0.2  0.2		4.1705503158		-1.0
	17875.00000000	2.63073		1.15762  0.2  0.2		4.1705503158		-1.0
	17905.00000000	2.76414		1.27629  0.2  0.2		4.1705503158		-1.0
	17935.00000000	3.16417		1.28574  0.2  0.2		4.1705503158		-1.0
	17965.00000000	3.64822		1.00902  0.2  0.2		4.1705503158		-1.0
	17995.00000000	3.30797		0.61922  0.2  0.2		4.1705503158		-1.0
	18025.00000000	3.40755		0.66717  0.2  0.2		4.1705503158		-1.0
	18055.00000000	3.43914		0.435  0.2  0.2		4.1705503158		-1.0
	18085.00000000	3.15782		0.3151  0.2  0.2		4.1705503158		-1.0
	18115.00000000	3.7738		0.26307  0.2  0.2		4.1705503158		-1.0
	18145.00000000	3.06995		0.26507  0.2  0.2		4.1705503158		-1.0
	18175.00000000	2.83976		0.33695  0.2  0.2		4.1705503158		-1.0
	18205.00000000	2.7308		0.28207  0.2  0.2		4.1705503158		-1.0
	18235.00000000	2.81099		0.12463  0.2  0.2		4.1705503158		-1.0
	18265.00000000	2.7109		0.05912  0.2  0.2		4.1705503158		-1.0
	18295.00000000	2.68891		-0.1969  0.2  0.2		4.1705503158		-1.0
	18325.00000000	2.99911		-0.52683  0.2  0.2		4.1705503158		-1.0
	18355.00000000	3.1117		-0.84747  0.2  0.2		4.1705503158		-1.0
	18385.00000000	3.41392		-1.03188  0.2  0.2		4.1705503158		-1.0
	18415.00000000	3.71543		-1.11871  0.2  0.2		4.1705503158		-1.0
	18445.00000000	3.96081		-0.9826  0.2  0.2		4.1705503158		-1.0
	18475.00000000	3.53799		-0.7832  0.2  0.2		4.1705503158		-1.0
	18505.00000000	3.61554		-0.5063  0.2  0.2		4.1705503158		-1.0
	18535.00000000	3.30939		-0.12284  0.2  0.2		4.1705503158		-1.0
	18565.00000000	3.42782		0.06647  0.2  0.2		4.1705503158		-1.0
	18595.00000000	3.61964		-0.31558  0.2  0.2		4.1705503158		-1.0
	18625.00000000	3.36684		-0.52337  0.2  0.2		4.1705503158		-1.0
	18655.00000000	3.04122		-0.46949  0.2  0.2		4.1705503158		-1.0
	18685.00000000	2.86929		-0.44461  0.2  0.2		4.1705503158		-1.0
	18715.00000000	2.74839		-0.28072  0.2  0.2		4.1705503158		-1.0
	18745.00000000	2.59578		-0.16865  0.2  0.2		4.1705503158		-1.0
	18775.00000000	2.54862		-0.50267  0.2  0.2		4.1705503158		-1.0
	18805.00000000	2.60541		-0.49656  0.2  0.2		4.1705503158		-1.0
	18835.00000000	2.65215		-0.39324  0.2  0.2		4.1705503158		-1.0
	18865.00000000	2.74042		-0.29072  0.2  0.2		4.1705503158		-1.0
	18895.00000000	2.79397		-0.11498  0.2  0.2		4.1705503158		-1.0
	18925.00000000	3.21365		-0.00518  0.2  0.2		4.1705503158		-1.0
	18955.00000000	3.50492		0.05138  0.2  0.2		4.1705503158		-1.0
	18985.00000000	3.28616		0.23814  0.2  0.2		4.1705503158		-1.0
	19015.00000000	3.5512		0.85649  0.2  0.2		4.1705503158		-1.0
	19045.00000000	2.90323		0.92041  0.2  0.2		4.1705503158		-1.0
	19075.00000000	2.74228		0.94793  0.2  0.2		4.1705503158		-1.0
	19105.00000000	2.68688		0.74734  0.2  0.2		4.1705503158		-1.0
	19135.00000000	2.82582		0.60045  0.2  0.2		4.1705503158		-1.0
	19165.00000000	2.7803		1.0122  0.2  0.2		4.1705503158		-1.0
	19195.00000000	3.55136		1.12185  0.2  0.2		4.1705503158		-1.0
	19225.00000000	3.43213		0.84276  0.2  0.2		4.1705503158		-1.0
	19255.00000000	3.22866		0.62589  0.2  0.2		4.1705503158		-1.0
	19285.00000000	3.51144		0.45106  0.2  0.2		4.1705503158		-1.0
	19315.00000000	2.74078		0.38799  0.2  0.2		4.1705503158		-1.0
	19345.00000000	2.77694		0.51956  0.2  0.2		4.1705503158		-1.0
	19375.00000000	2.6492		0.7609  0.2  0.2		4.1705503158		-1.0
	19405.00000000	2.63883		0.68368  0.2  0.2		4.1705503158		-1.0
	19435.00000000	3.25578		0.53118  0.2  0.2		4.1705503158		-1.0
	19465.00000000	3.69432		0.4119  0.2  0.2		4.1705503158		-1.0
	19495.00000000	3.46994		0.33446  0.2  0.2		4.1705503158		-1.0
	19525.00000000	3.69641		0.25142  0.2  0.2		4.1705503158		-1.0
	19555.00000000	3.16661		0.63671  0.2  0.2		4.1705503158		-1.0
	19585.00000000	3.17267		0.66775  0.2  0.2		4.1705503158		-1.0
	19615.00000000	3.08254		0.1604  0.2  0.2		4.1705503158		-1.0
	19645.00000000	2.67324		0.13275  0.2  0.2		4.1705503158		-1.0
	19675.00000000	2.65067		0.3576  0.2  0.2		4.1705503158		-1.0
	19705.00000000	2.72192		0.66339  0.2  0.2		4.1705503158		-1.0
	19735.00000000	2.76679		0.76989  0.2  0.2		4.1705503158		-1.0
	19765.00000000	2.60798		0.94249  0.2  0.2		4.1705503158		-1.0
	19795.00000000	2.66839		0.84433  0.2  0.2		4.1705503158		-1.0
	19825.00000000	2.63619		0.50406  0.2  0.2		4.1705503158		-1.0
	19855.00000000	2.61293		0.05744  0.2  0.2		4.1705503158		-1.0
	19885.00000000	2.60102		-0.89963  0.2  0.2		4.1705503158		-1.0
	19915.00000000	2.71599		-1.41365  0.2  0.2		4.1705503158		-1.0
	19945.00000000	2.74582		-1.37974  0.2  0.2		4.1705503158		-1.0
	19975.00000000	2.94555		-1.25403  0.2  0.2		4.1705503158		-1.0
	20005.00000000	3.67421		-1.51818  0.2  0.2		4.1705503158		-1.0
	20035.00000000	3.5602		-1.71364  0.2  0.2		4.1705503158		-1.0
	20065.00000000	3.67034		-1.89272  0.2  0.2		4.1705503158		-1.0
	20095.00000000	3.48201		-1.94659  0.2  0.2		4.1705503158		-1.0
	20125.00000000	2.98378		-1.87004  0.2  0.2		4.1705503158		-1.0
	20155.00000000	3.26264		-1.85016  0.2  0.2		4.1705503158		-1.0
	20185.00000000	3.12186		-2.02332  0.2  0.2		4.1705503158		-1.0
	20215.00000000	3.20138		-2.16626  0.2  0.2		4.1705503158		-1.0
	20245.00000000	3.62221		-2.12567  0.2  0.2		4.1705503158		-1.0
	20275.00000000	3.67463		-2.27453  0.2  0.2		4.1705503158		-1.0
	20305.00000000	3.34937		-2.54993  0.2  0.2		4.1705503158		-1.0
	20335.00000000	3.52011		-2.6455  0.2  0.2		4.1705503158		-1.0
	20365.00000000	2.91364		-2.66031  0.2  0.2		4.1705503158		-1.0
	20395.00000000	2.61467		-2.77422  0.2  0.2		4.1705503158		-1.0
	20425.00000000	3.29785		-2.77004  0.2  0.2		4.1705503158		-1.0
	20455.00000000	3.63263		-2.78733  0.2  0.2		4.1705503158		-1.0
	20485.00000000	3.51326		-3.08153  0.2  0.2		4.1705503158		-1.0
	20515.00000000	3.45595		-2.94871  0.2  0.2		4.1705503158		-1.0
	20545.00000000	3.61992		-3.04236  0.2  0.2		4.1705503158		-1.0
	20575.00000000	3.51702		3.08478  0.2  0.2		4.1705503158		-1.0
	20605.00000000	3.35519		2.75023  0.2  0.2		4.1705503158		-1.0
	20635.00000000	3.56982		2.49481  0.2  0.2		4.1705503158		-1.0
	20665.00000000	3.39005		2.45209  0.2  0.2		4.1705503158		-1.0
	20695.00000000	3.5567		2.24066  0.2  0.2		4.1705503158		-1.0
	20725.00000000	3.17241		2.08518  0.2  0.2		4.1705503158		-1.0
	20754.99999999	3.69241		1.95102  0.2  0.2		4.1705503158		-1.0
	20784.99999999	3.26859		1.97561  0.2  0.2		4.1705503158		-1.0
	20814.99999999	3.43996		2.15966  0.2  0.2		4.1705503158		-1.0
	20844.99999999	3.35868		1.96417  0.2  0.2		4.1705503158		-1.0
	20874.99999999	3.35607		1.70002  0.2  0.2		4.1705503158		-1.0
	20904.99999999	4.07613		1.72621  0.2  0.2		4.1705503158		-1.0
	20934.99999999	3.44572		1.72363  0.2  0.2		4.1705503158		-1.0
	20964.99999999	3.03975		1.88167  0.2  0.2		4.1705503158		-1.0
	20994.99999999	3.80096		1.98725  0.2  0.2		4.1705503158		-1.0
	21024.99999999	3.26783		1.94261  0.2  0.2		4.1705503158		-1.0
	21054.99999999	3.27349		1.8269  0.2  0.2		4.1705503158		-1.0
	21084.99999999	3.69559		1.52597  0.2  0.2		4.1705503158		-1.0
	21114.99999999	4.2079		1.6153  0.2  0.2		4.1705503158		-1.0
	21144.99999999	4.22829		1.63502  0.2  0.2		4.1705503158		-1.0
	21174.99999999	3.50848		1.51333  0.2  0.2		4.1705503158		-1.0
	21204.99999999	2.90239		1.58088  0.2  0.2		4.1705503158		-1.0
	21234.99999999	3.67814		1.88273  0.2  0.2		4.1705503158		-1.0
	21264.99999999	3.79081		1.88895  0.2  0.2		4.1705503158		-1.0
	21294.99999999	3.00953		1.60736  0.2  0.2		4.1705503158		-1.0
	21324.99999999	3.97193		1.75459  0.2  0.2		4.1705503158		-1.0
	21354.99999999	3.98613		1.81815  0.2  0.2		4.1705503158		-1.0
	21384.99999999	3.20454		2.02695  0.2  0.2		4.1705503158		-1.0
	21414.99999999	2.80692		2.30534  0.2  0.2		4.1705503158		-1.0
	21444.99999999	2.97021		2.3742  0.2  0.2		4.1705503158		-1.0
	21474.99999999	3.48433		2.3376  0.2  0.2		4.1705503158		-1.0
	21504.99999999	3.92899		2.3512  0.2  0.2		4.1705503158		-1.0
	21534.99999999	2.73364		2.63425  0.2  0.2		4.1705503158		-1.0
	21564.99999999	3.08011		2.51647  0.2  0.2		4.1705503158		-1.0
	21594.99999999	3.75851		2.37231  0.2  0.2		4.1705503158		-1.0
	21624.99999999	3.35567		2.37539  0.2  0.2		4.1705503158		-1.0
	21654.99999999	2.85677		2.50897  0.2  0.2		4.1705503158		-1.0
	21684.99999999	2.90087		2.66684  0.2  0.2		4.1705503158		-1.0
	21714.99999999	3.4632		2.7986  0.2  0.2		4.1705503158		-1.0
	21744.99999999	3.99689		2.72274  0.2  0.2		4.1705503158		-1.0
	21774.99999999	3.17188		2.36848  0.2  0.2		4.1705503158		-1.0
	21804.99999999	3.49735		2.38767  0.2  0.2		4.1705503158		-1.0
	21834.99999999	3.56757		2.60058  0.2  0.2		4.1705503158		-1.0
	21864.99999999	3.19408		2.63831  0.2  0.2		4.1705503158		-1.0
	21894.99999999	3.79595		2.74189  0.2  0.2		4.1705503158		-1.0
	21924.99999999	3.67766		2.70387  0.2  0.2		4.1705503158		-1.0
	21954.99999999	3.06743		2.43518  0.2  0.2		4.1705503158		-1.0
	21984.99999999	2.85532		2.30138  0.2  0.2		4.1705503158		-1.0
	22014.99999999	2.70021		2.38812  0.2  0.2		4.1705503158		-1.0
	22044.99999999	2.89114		2.24237  0.2  0.2		4.1705503158		-1.0
	22074.99999999	2.74532		1.91797  0.2  0.2		4.1705503158		-1.0
	22104.99999999	2.58161		2.04656  0.2  0.2		4.1705503158		-1.0
	22134.99999999	2.70538		2.21908  0.2  0.2		4.1705503158		-1.0
	22164.99999999	2.5802		2.33118  0.2  0.2		4.1705503158		-1.0
	22194.99999999	2.57556		2.44604  0.2  0.2		4.1705503158		-1.0
	22224.99999999	2.65423		2.68639  0.2  0.2		4.1705503158		-1.0
	22254.99999999	2.64935		3.0776  0.2  0.2		4.1705503158		-1.0
	22284.99999999	2.97953		3.02584  0.2  0.2		4.1705503158		-1.0
	22314.99999999	3.02742		-3.04793  0.2  0.2		4.1705503158		-1.0
	22344.99999999	3.58473		-3.11377  0.2  0.2		4.1705503158		-1.0
	22374.99999999	3.81275		-3.00959  0.2  0.2		4.1705503158		-1.0
	22404.99999999	3.86784		-3.03509  0.2  0.2		4.1705503158		-1.0
	22434.99999999	4.01943		3.12862  0.2  0.2		4.1705503158		-1.0
	22464.99999999	4.18174		-2.98915  0.2  0.2		4.1705503158		-1.0
	22494.99999999	4.31513		-2.90271  0.2  0.2		4.1705503158		-1.0
	22524.99999999	3.60993		-2.72994  0.2  0.2		4.1705503158		-1.0
	22554.99999999	3.92572		-2.54198  0.2  0.2		4.1705503158		-1.0
	22584.99999999	3.54405		-2.35376  0.2  0.2		4.1705503158		-1.0
	22614.99999999	3.36997		-2.55213  0.2  0.2		4.1705503158		-1.0
	22644.99999999	3.73328		-2.29376  0.2  0.2		4.1705503158		-1.0
	22674.99999999	3.85344		-2.18621  0.2  0.2		4.1705503158		-1.0
	22704.99999999	3.50647		-2.43507  0.2  0.2		4.1705503158		-1.0
	22734.99999999	2.98972		-2.71268  0.2  0.2		4.1705503158		-1.0
	22764.99999999	3.25182		-2.7411  0.2  0.2		4.1705503158		-1.0
	22794.99999999	2.60857		-2.75916  0.2  0.2		4.1705503158		-1.0
	22824.99999999	2.60794		-2.72584  0.2  0.2		4.1705503158		-1.0
	22854.99999999	2.75611		-2.56451  0.2  0.2		4.1705503158		-1.0
	22884.99999999	2.86555		-2.5219  0.2  0.2		4.1705503158		-1.0
	22914.99999999	3.48931		-2.39095  0.2  0.2		4.1705503158		-1.0
	22944.99999999	3.84358		-2.39754  0.2  0.2		4.1705503158		-1.0
	22974.99999999	4.33776		-2.41048  0.2  0.2		4.1705503158		-1.0
	23004.99999999	4.72614		-2.3146  0.2  0.2		4.1705503158		-1.0
	23034.99999999	4.89283		-2.58218  0.2  0.2		4.1705503158		-1.0
	23064.99999999	5.63853		-2.79449  0.2  0.2		4.1705503158		-1.0
	23094.99999999	6.78791		-2.63614  0.2  0.2		4.1705503158		-1.0
	23124.99999999	7.42563		-2.28392  0.2  0.2		4.1705503158		-1.0
	23154.99999999	6.70803		-2.17197  0.2  0.2		4.1705503158		-1.0
	23184.99999999	6.23327		-2.01818  0.2  0.2		4.1705503158		-1.0
	23214.99999999	6.06159		-2.0114  0.2  0.2		4.1705503158		-1.0
	23244.99999999	5.72161		-1.8895  0.2  0.2		4.1705503158		-1.0
	23274.99999999	5.91249		-1.32448  0.2  0.2		4.1705503158		-1.0
	23304.99999999	6.37835		-1.2518  0.2  0.2		4.1705503158		-1.0
	23334.99999999	6.51397		-1.35192  0.2  0.2		4.1705503158		-1.0
	23364.99999999	6.93608		-1.3634  0.2  0.2		4.1705503158		-1.0
	23394.99999999	7.62944		-1.64322  0.2  0.2		4.1705503158		-1.0
	23424.99999999	8.31123		-1.82795  0.2  0.2		4.1705503158		-1.0
	23454.99999999	8.9161		-2.23999  0.2  0.2		4.1705503158		-1.0
	23484.99999999	9.02609		-2.36859  0.2  0.2		4.1705503158		-1.0
	23514.99999999	9.35491		-2.32527  0.2  0.2		4.1705503158		-1.0
	23544.99999999	10.05554		-2.33162  0.2  0.2		4.1705503158		-1.0
	23574.99999999	10.46876		-2.3057  0.2  0.2		4.1705503158		-1.0
	23604.99999999	10.04235		-2.54006  0.2  0.2		4.1705503158		-1.0
	23634.99999999	9.85245		-2.45497  0.2  0.2		4.1705503158		-1.0
	23664.99999999	9.50106		-2.71425  0.2  0.2		4.1705503158		-1.0
	23694.99999999	9.45011		-2.98232  0.2  0.2		4.1705503158		-1.0
	23724.99999999	9.03609		-2.90971  0.2  0.2		4.1705503158		-1.0
	23754.99999999	9.0078		-2.98492  0.2  0.2		4.1705503158		-1.0
	23784.99999999	9.18021		-2.97557  0.2  0.2		4.1705503158		-1.0
	23814.99999999	9.51404		-2.96155  0.2  0.2		4.1705503158		-1.0
	23844.99999999	9.71872		3.14063  0.2  0.2		4.1705503158		-1.0
	23874.99999999	10.09355		3.04888  0.2  0.2		4.1705503158		-1.0
	23904.99999999	10.87694		2.92498  0.2  0.2		4.1705503158		-1.0
	23934.99999999	11.64955		3.01084  0.2  0.2		4.1705503158		-1.0
	23964.99999999	11.94699		2.42659  0.2  0.2		4.1705503158		-1.0
	23994.99999999	11.83175		1.80907  0.2  0.2		4.1705503158		-1.0
	24024.99999999	11.08178		1.43803  0.2  0.2		4.1705503158		-1.0
	24054.99999999	10.61194		1.33093  0.2  0.2		4.1705503158		-1.0
	24084.99999999	10.12619		1.30524  0.2  0.2		4.1705503158		-1.0
	24114.99999999	9.39279		1.43537  0.2  0.2		4.1705503158		-1.0
	24144.99999999	8.71898		1.39194  0.2  0.2		4.1705503158		-1.0
	24174.99999999	8.46024		1.40858  0.2  0.2		4.1705503158		-1.0
	24204.99999999	8.03481		1.50342  0.2  0.2		4.1705503158		-1.0
	24234.99999999	7.81109		1.63791  0.2  0.2		4.1705503158		-1.0
	24264.99999999	7.54751		1.6418  0.2  0.2		4.1705503158		-1.0
	24294.99999999	7.47391		1.75041  0.2  0.2		4.1705503158		-1.0
	24324.99999999	7.79711		1.87284  0.2  0.2		4.1705503158		-1.0
	24354.99999999	8.1595		2.0321  0.2  0.2		4.1705503158		-1.0
	24384.99999999	8.75834		2.36628  0.2  0.2		4.1705503158		-1.0
	24414.99999999	9.28667		2.57955  0.2  0.2		4.1705503158		-1.0
	24444.99999999	10.05625		2.60588  0.2  0.2		4.1705503158		-1.0
	24474.99999999	10.65329		2.72897  0.2  0.2		4.1705503158		-1.0
	24504.99999999	10.97148		2.24008  0.2  0.2		4.1705503158		-1.0
	24534.99999999	11.34421		1.53256  0.2  0.2		4.1705503158		-1.0
	24564.99999999	11.51223		1.7394  0.2  0.2		4.1705503158		-1.0
	24594.99999999	11.39177		2.23432  0.2  0.2		4.1705503158		-1.0
	24624.99999999	11.40406		2.72867  0.2  0.2		4.1705503158		-1.0
	24654.99999999	11.70188		2.83086  0.2  0.2		4.1705503158		-1.0
	24684.99999999	11.92831		-2.52815  0.2  0.2		4.1705503158		-1.0
	24714.99999999	11.56065		-2.21781  0.2  0.2		4.1705503158		-1.0
	24744.99999999	11.08521		-2.68686  0.2  0.2		4.1705503158		-1.0
	24774.99999999	10.83655		-2.56597  0.2  0.2		4.1705503158		-1.0
	24804.99999999	10.71641		-2.30423  0.2  0.2		4.1705503158		-1.0
	24834.99999999	10.70546		-1.92724  0.2  0.2		4.1705503158		-1.0
	24864.99999999	10.46733		-1.66008  0.2  0.2		4.1705503158		-1.0
	24894.99999999	10.16963		-1.69839  0.2  0.2		4.1705503158		-1.0
	24924.99999999	9.79275		-1.46504  0.2  0.2		4.1705503158		-1.0
	24954.99999999	9.03955		-1.51244  0.2  0.2		4.1705503158		-1.0
	24984.99999999	8.95105		-1.5813  0.2  0.2		4.1705503158		-1.0
	25014.99999999	8.22301		-1.87012  0.2  0.2		4.1705503158		-1.0
	25044.99999999	7.64568		-1.90437  0.2  0.2		4.1705503158		-1.0
	25074.99999999	7.17749		-1.74948  0.2  0.2		4.1705503158		-1.0
	25104.99999999	6.80844		-1.61713  0.2  0.2		4.1705503158		-1.0
	25134.99999999	6.68666		-1.77632  0.2  0.2		4.1705503158		-1.0
	25164.99999999	5.92149		-1.99954  0.2  0.2		4.1705503158		-1.0
	25194.99999999	5.15644		-2.1268  0.2  0.2		4.1705503158		-1.0
	25224.99999999	4.47955		-2.14553  0.2  0.2		4.1705503158		-1.0
	25254.99999999	4.15106		-2.1911  0.2  0.2		4.1705503158		-1.0
	25284.99999999	2.83443		-2.2631  0.2  0.2		4.1705503158		-1.0
	25314.99999999	3.19023		-2.33665  0.2  0.2		4.1705503158		-1.0
	25344.99999999	3.37206		-2.2582  0.2  0.2		4.1705503158		-1.0
	25374.99999999	3.04405		-2.48324  0.2  0.2		4.1705503158		-1.0
	25404.99999999	2.94279		-2.9273  0.2  0.2		4.1705503158		-1.0
	25434.99999999	2.69565		-3.09606  0.2  0.2		4.1705503158		-1.0
	25464.99999999	2.61917		-3.07686  0.2  0.2		4.1705503158		-1.0
	25494.99999999	2.52289		-2.96135  0.2  0.2		4.1705503158		-1.0
	25524.99999999	2.65279		-2.90748  0.2  0.2		4.1705503158		-1.0
	25554.99999999	3.29593		-3.00542  0.2  0.2		4.1705503158		-1.0
	25584.99999999	3.69514		2.99653  0.2  0.2		4.1705503158		-1.0
	25614.99999999	3.42841		2.83078  0.2  0.2		4.1705503158		-1.0
	25644.99999999	3.36572		3.06638  0.2  0.2		4.1705503158		-1.0
	25674.99999999	3.05279		3.07659  0.2  0.2		4.1705503158		-1.0
	25704.99999999	3.372		-3.11176  0.2  0.2		4.1705503158		-1.0
	25734.99999999	3.66989		-3.03323  0.2  0.2		4.1705503158		-1.0
	25764.99999999	3.72028		3.11221  0.2  0.2		4.1705503158		-1.0
	25794.99999999	3.61708		3.0197  0.2  0.2		4.1705503158		-1.0
	25824.99999999	3.75374		2.89482  0.2  0.2		4.1705503158		-1.0
	25854.99999999	4.29243		2.98251  0.2  0.2		4.1705503158		-1.0
	25884.99999999	4.56268		-3.03014  0.2  0.2		4.1705503158		-1.0
	25914.99999999	4.69561		-2.88441  0.2  0.2		4.1705503158		-1.0
	25944.99999999	5.19376		3.07261  0.2  0.2		4.1705503158		-1.0
	25974.99999999	6.45467		-3.11779  0.2  0.2		4.1705503158		-1.0
	26004.99999999	7.63692		-3.07703  0.2  0.2		4.1705503158		-1.0
	26034.99999999	8.49385		3.03318  0.2  0.2		4.1705503158		-1.0
	26064.99999999	9.0704		2.79662  0.2  0.2		4.1705503158		-1.0
	26094.99999999	9.42645		2.68519  0.2  0.2		4.1705503158		-1.0
	26124.99999999	9.97606		2.83457  0.2  0.2		4.1705503158		-1.0
	26154.99999999	10.3982		2.63644  0.2  0.2		4.1705503158		-1.0
	26184.99999999	10.99558		2.46056  0.2  0.2		4.1705503158		-1.0
	26214.99999999	11.51476		2.30902  0.2  0.2		4.1705503158		-1.0
	26244.99999999	12.09705		2.43655  0.2  0.2		4.1705503158		-1.0
	26274.99999999	11.78831		2.39298  0.2  0.2		4.1705503158		-1.0
	26304.99999999	11.08		2.47518  0.2  0.2		4.1705503158		-1.0
	26334.99999999	10.43806		2.13289  0.2  0.2		4.1705503158		-1.0
	26364.99999999	9.8214		2.14712  0.2  0.2		4.1705503158		-1.0
	26394.99999999	9.07579		2.26593  0.2  0.2		4.1705503158		-1.0
	26424.99999999	8.35562		1.90636  0.2  0.2		4.1705503158		-1.0
	26454.99999999	7.95271		1.96176  0.2  0.2		4.1705503158		-1.0
	26484.99999999	7.77129		2.18515  0.2  0.2		4.1705503158		-1.0
	26514.99999999	7.49185		2.42714  0.2  0.2		4.1705503158		-1.0
	26544.99999999	6.89305		2.45094  0.2  0.2		4.1705503158		-1.0
	26574.99999999	7.33875		2.00731  0.2  0.2		4.1705503158		-1.0
	26604.99999999	7.0139		1.68315  0.2  0.2		4.1705503158		-1.0
	26634.99999999	7.10726		1.49542  0.2  0.2		4.1705503158		-1.0
	26664.99999999	7.34354		1.39323  0.2  0.2		4.1705503158		-1.0
	26694.99999999	7.67565		1.28602  0.2  0.2		4.1705503158		-1.0
	26724.99999999	8.26473		1.11786  0.2  0.2		4.1705503158		-1.0
	26754.99999999	8.46052		1.19249  0.2  0.2		4.1705503158		-1.0
	26784.99999999	8.95153		0.95335  0.2  0.2		4.1705503158		-1.0
	26814.99999999	9.5222		1.1172  0.2  0.2		4.1705503158		-1.0
	26844.99999999	10.12749		1.03684  0.2  0.2		4.1705503158		-1.0
	26874.99999999	10.23124		1.04935  0.2  0.2		4.1705503158		-1.0
	26904.99999999	11.04605		0.95923  0.2  0.2		4.1705503158		-1.0
	26934.99999999	11.6821		0.8498  0.2  0.2		4.1705503158		-1.0
	26964.99999999	12.03465		1.06912  0.2  0.2		4.1705503158		-1.0
	26994.99999999	11.91478		1.49721  0.2  0.2		4.1705503158		-1.0
	27024.99999999	11.43735		1.53066  0.2  0.2		4.1705503158		-1.0
	27054.99999999	10.8862		1.57466  0.2  0.2		4.1705503158		-1.0
	27084.99999999	10.10319		1.38639  0.2  0.2		4.1705503158		-1.0
	27114.99999999	9.50211		1.66473  0.2  0.2		4.1705503158		-1.0
	27144.99999999	9.45092		1.89649  0.2  0.2		4.1705503158		-1.0
	27174.99999999	8.99152		1.98969  0.2  0.2		4.1705503158		-1.0
	27204.99999999	9.13011		2.18104  0.2  0.2		4.1705503158		-1.0
	27234.99999998	9.27812		2.40815  0.2  0.2		4.1705503158		-1.0
	27264.99999998	9.22714		2.24863  0.2  0.2		4.1705503158		-1.0
	27294.99999998	8.27492		2.26829  0.2  0.2		4.1705503158		-1.0
	27324.99999998	7.45856		2.20122  0.2  0.2		4.1705503158		-1.0
	27354.99999998	6.42659		1.87476  0.2  0.2		4.1705503158		-1.0
	27384.99999998	6.17873		1.45299  0.2  0.2		4.1705503158		-1.0
	27414.99999998	6.3396		1.09253  0.2  0.2		4.1705503158		-1.0
	27444.99999998	6.93384		1.19693  0.2  0.2		4.1705503158		-1.0
	27474.99999998	7.91425		1.55181  0.2  0.2		4.1705503158		-1.0
	27504.99999998	8.6187		1.58393  0.2  0.2		4.1705503158		-1.0
	27534.99999998	9.44167		1.57985  0.2  0.2		4.1705503158		-1.0
	27564.99999998	10.29805		1.55583  0.2  0.2		4.1705503158		-1.0
	27594.99999998	11.24611		1.62942  0.2  0.2		4.1705503158		-1.0
	27624.99999998	12.10157		1.78981  0.2  0.2		4.1705503158		-1.0
	27654.99999998	12.10777		2.0324  0.2  0.2		4.1705503158		-1.0
	27684.99999998	11.56153		2.12085  0.2  0.2		4.1705503158		-1.0
	27714.99999998	11.62335		2.03092  0.2  0.2		4.1705503158		-1.0
	27744.99999998	11.8769		1.99673  0.2  0.2		4.1705503158		-1.0
	27774.99999998	11.99639		2.22602  0.2  0.2		4.1705503158		-1.0
	27804.99999998	11.70495		2.37741  0.2  0.2		4.1705503158		-1.0
	27834.99999998	12.07411		2.44724  0.2  0.2		4.1705503158		-1.0
	27864.99999998	12.02123		2.05205  0.2  0.2		4.1705503158		-1.0
	27894.99999998	11.91159		2.14824  0.2  0.2		4.1705503158		-1.0
	27924.99999998	11.07977		2.09013  0.2  0.2		4.1705503158		-1.0
	27954.99999998	10.08726		1.88681  0.2  0.2		4.1705503158		-1.0
	27984.99999998	9.31356		1.83676  0.2  0.2		4.1705503158		-1.0
	28014.99999998	8.50126		2.13039  0.2  0.2		4.1705503158		-1.0
	28044.99999998	8.74527		3.12476  0.2  0.2		4.1705503158		-1.0
	28074.99999998	8.60863		-2.14069  0.2  0.2		4.1705503158		-1.0
	28104.99999998	8.41781		-0.73634  0.2  0.2		4.1705503158		-1.0
	28134.99999998	7.60033		0.61732  0.2  0.2		4.1705503158		-1.0
	28164.99999998	7.40917		0.92693  0.2  0.2		4.1705503158		-1.0
	28194.99999998	7.67974		1.04664  0.2  0.2		4.1705503158		-1.0
	28224.99999998	7.58404		1.32421  0.2  0.2		4.1705503158		-1.0
	28254.99999998	7.05784		0.56427  0.2  0.2		4.1705503158		-1.0
	28284.99999998	6.97191		-0.14821  0.2  0.2		4.1705503158		-1.0
	28314.99999998	6.9473		-0.7328  0.2  0.2		4.1705503158		-1.0
	28344.99999998	7.45004		-1.13438  0.2  0.2		4.1705503158		-1.0
	28374.99999998	8.13915		-1.47943  0.2  0.2		4.1705503158		-1.0
	28404.99999998	7.64288		-2.08248  0.2  0.2		4.1705503158		-1.0
	28434.99999998	7.39576		-2.51409  0.2  0.2		4.1705503158		-1.0
	28464.99999998	7.89415		-2.79817  0.2  0.2		4.1705503158		-1.0
	28494.99999998	8.59967		-2.91464  0.2  0.2		4.1705503158		-1.0
	28524.99999998	8.99741		-2.59642  0.2  0.2		4.1705503158		-1.0
	28554.99999998	9.66293		-2.63436  0.2  0.2		4.1705503158		-1.0
	28584.99999998	9.73415		-2.12277  0.2  0.2		4.1705503158		-1.0
	28614.99999998	9.3294		-2.00132  0.2  0.2		4.1705503158		-1.0
	28644.99999998	8.65278		-2.01851  0.2  0.2		4.1705503158		-1.0
	28674.99999998	8.04833		-2.01828  0.2  0.2		4.1705503158		-1.0
	28704.99999998	8.14021		-2.32257  0.2  0.2		4.1705503158		-1.0
	28734.99999998	8.61623		-2.50704  0.2  0.2		4.1705503158		-1.0
	28764.99999998	8.54375		-2.47392  0.2  0.2		4.1705503158		-1.0
	28794.99999998	8.12571		-2.55965  0.2  0.2		4.1705503158		-1.0
	28824.99999998	7.55489		-2.27852  0.2  0.2		4.1705503158		-1.0
	28854.99999998	7.65477		-1.9607  0.2  0.2		4.1705503158		-1.0
	28884.99999998	7.93101		-1.63012  0.2  0.2		4.1705503158		-1.0
	28914.99999998	8.22957		-1.34463  0.2  0.2		4.1705503158		-1.0
	28944.99999998	8.70178		-1.04931  0.2  0.2		4.1705503158		-1.0
	28974.99999998	9.30907		-0.6444  0.2  0.2		4.1705503158		-1.0
	29004.99999998	9.89539		-0.7526  0.2  0.2		4.1705503158		-1.0
	29034.99999998	10.64234		-0.93668  0.2  0.2		4.1705503158		-1.0
	29064.99999998	11.26813		-1.21712  0.2  0.2		4.1705503158		-1.0
	29094.99999998	11.77574		-1.41727  0.2  0.2		4.1705503158		-1.0
	29124.99999998	12.15122		-1.58806  0.2  0.2		4.1705503158		-1.0
	29154.99999998	11.89115		-1.9272  0.2  0.2		4.1705503158		-1.0
	29184.99999998	11.39559		-1.92677  0.2  0.2		4.1705503158		-1.0
	29214.99999998	10.92139		-1.75071  0.2  0.2		4.1705503158		-1.0
	29244.99999998	10.35248		-1.65157  0.2  0.2		4.1705503158		-1.0
	29274.99999998	9.05546		-1.66539  0.2  0.2		4.1705503158		-1.0
	29304.99999998	8.38849		-1.85721  0.2  0.2		4.1705503158		-1.0
	29334.99999998	8.24967		-1.92824  0.2  0.2		4.1705503158		-1.0
	29364.99999998	8.0116		-1.82783  0.2  0.2		4.1705503158		-1.0
	29394.99999998	7.74921		-1.56843  0.2  0.2		4.1705503158		-1.0
	29424.99999998	7.22735		-1.377  0.2  0.2		4.1705503158		-1.0
	29454.99999998	7.12049		-1.36404  0.2  0.2		4.1705503158		-1.0
	29484.99999998	6.62451		-1.06716  0.2  0.2		4.1705503158		-1.0
	29514.99999998	5.88632		-1.39238  0.2  0.2		4.1705503158		-1.0
	29544.99999998	5.0939		-1.58755  0.2  0.2		4.1705503158		-1.0
	29574.99999998	5.12474		-1.24566  0.2  0.2		4.1705503158		-1.0
	29604.99999998	5.36646		-1.34484  0.2  0.2		4.1705503158		-1.0
	29634.99999998	5.79973		-1.35562  0.2  0.2		4.1705503158		-1.0
	29664.99999998	5.91502		-1.10182  0.2  0.2		4.1705503158		-1.0
	29694.99999998	5.99401		-1.32311  0.2  0.2		4.1705503158		-1.0
	29724.99999998	6.54914		-1.36721  0.2  0.2		4.1705503158		-1.0
	29754.99999998	6.22253		-1.39765  0.2  0.2		4.1705503158		-1.0
	29784.99999998	6.28014		-1.418  0.2  0.2		4.1705503158		-1.0
	29814.99999998	6.33607		-1.21175  0.2  0.2		4.1705503158		-1.0
	29844.99999998	6.08428		-0.82492  0.2  0.2		4.1705503158		-1.0
	29874.99999998	6.20862		-0.79252  0.2  0.2		4.1705503158		-1.0
	29904.99999998	6.16397		-1.08498  0.2  0.2		4.1705503158		-1.0
	29934.99999998	6.24308		-1.25178  0.2  0.2		4.1705503158		-1.0
	29964.99999998	6.15144		-1.5258  0.2  0.2		4.1705503158		-1.0
	29994.99999998	5.49038		-1.60475  0.2  0.2		4.1705503158		-1.0
	30024.99999998	5.33356		-1.7824  0.2  0.2		4.1705503158		-1.0
	30054.99999998	5.7378		-1.40064  0.2  0.2		4.1705503158		-1.0
	30084.99999998	5.73899		-1.24036  0.2  0.2		4.1705503158		-1.0
	30114.99999998	5.27834		-0.90269  0.2  0.2		4.1705503158		-1.0
	30144.99999998	4.9475		-0.95938  0.2  0.2		4.1705503158		-1.0
	30174.99999998	4.46046		-0.88733  0.2  0.2		4.1705503158		-1.0
	30204.99999998	4.17535		-0.95207  0.2  0.2		4.1705503158		-1.0
	30234.99999998	4.52281		-1.36247  0.2  0.2		4.1705503158		-1.0
	30264.99999998	5.18245		-1.16755  0.2  0.2		4.1705503158		-1.0
	30294.99999998	5.41424		-0.89979  0.2  0.2		4.1705503158		-1.0
	30324.99999998	6.21983		-0.78948  0.2  0.2		4.1705503158		-1.0
	30354.99999998	7.17981		-0.85375  0.2  0.2		4.1705503158		-1.0
	30384.99999998	8.17462		-1.13412  0.2  0.2		4.1705503158		-1.0
	30414.99999998	9.1727		-1.31306  0.2  0.2		4.1705503158		-1.0
	30444.99999998	10.0496		-1.61929  0.2  0.2		4.1705503158		-1.0
	30474.99999998	10.55785		-1.82257  0.2  0.2		4.1705503158		-1.0
	30504.99999998	11.21598		-2.11466  0.2  0.2		4.1705503158		-1.0
	30534.99999998	11.53215		-1.95957  0.2  0.2		4.1705503158		-1.0
	30564.99999998	12.09733		-1.30565  0.2  0.2		4.1705503158		-1.0
	30594.99999998	12.00637		-0.86936  0.2  0.2		4.1705503158		-1.0
	30624.99999998	11.69683		-0.76502  0.2  0.2		4.1705503158		-1.0
	30654.99999998	11.4567		-0.65746  0.2  0.2		4.1705503158		-1.0
	30684.99999998	11.06326		-0.45804  0.2  0.2		4.1705503158		-1.0
	30714.99999998	10.62099		-0.38826  0.2  0.2		4.1705503158		-1.0
	30744.99999998	10.78033		-0.46521  0.2  0.2		4.1705503158		-1.0
	30774.99999998	10.79343		-0.61471  0.2  0.2		4.1705503158		-1.0
	30804.99999998	11.20448		-0.65078  0.2  0.2		4.1705503158		-1.0
	30834.99999998	11.40911		-0.41499  0.2  0.2		4.1705503158		-1.0
	30864.99999998	11.89493		-0.17063  0.2  0.2		4.1705503158		-1.0
	30894.99999998	12.1445		-0.12923  0.2  0.2		4.1705503158		-1.0
	30924.99999998	11.6967		-0.15437  0.2  0.2		4.1705503158		-1.0
	30954.99999998	10.90781		-0.36166  0.2  0.2		4.1705503158		-1.0
	30984.99999998	11.04184		-0.29692  0.2  0.2		4.1705503158		-1.0
	31014.99999998	11.62688		-0.15019  0.2  0.2		4.1705503158		-1.0
	31044.99999998	11.92498		0.00108  0.2  0.2		4.1705503158		-1.0
	31074.99999998	11.55507		0.21953  0.2  0.2		4.1705503158		-1.0
	31104.99999998	11.08709		0.15345  0.2  0.2		4.1705503158		-1.0
	31134.99999998	10.7528		0.25791  0.2  0.2		4.1705503158		-1.0
	31164.99999998	10.44691		0.32646  0.2  0.2		4.1705503158		-1.0
	31194.99999998	9.8022		0.07724  0.2  0.2		4.1705503158		-1.0
	31224.99999998	8.67709		0.18144  0.2  0.2		4.1705503158		-1.0
	31254.99999998	7.80423		0.26096  0.2  0.2		4.1705503158		-1.0
	31284.99999998	7.29674		0.1716  0.2  0.2		4.1705503158		-1.0
	31314.99999998	7.11016		0.07622  0.2  0.2		4.1705503158		-1.0
	31344.99999998	6.87787		0.00355  0.2  0.2		4.1705503158		-1.0
	31374.99999998	6.34688		-0.13274  0.2  0.2		4.1705503158		-1.0
	31404.99999998	5.75368		0.02174  0.2  0.2		4.1705503158		-1.0
	31434.99999998	5.43028		0.25808  0.2  0.2		4.1705503158		-1.0
	31464.99999998	4.85063		0.38856  0.2  0.2		4.1705503158		-1.0
	31494.99999998	4.79877		0.32168  0.2  0.2		4.1705503158		-1.0
	31524.99999998	4.96204		0.51299  0.2  0.2		4.1705503158		-1.0
	31554.99999998	5.16953		0.61986  0.2  0.2		4.1705503158		-1.0
	31584.99999998	5.70734		0.5146  0.2  0.2		4.1705503158		-1.0
	31614.99999998	5.93534		0.34298  0.2  0.2		4.1705503158		-1.0
	31644.99999998	6.86926		0.40178  0.2  0.2		4.1705503158		-1.0
	31674.99999998	7.27216		0.54993  0.2  0.2		4.1705503158		-1.0
	31704.99999998	7.43145		0.58995  0.2  0.2		4.1705503158		-1.0
	31734.99999998	8.13403		0.42616  0.2  0.2		4.1705503158		-1.0
	31764.99999998	8.40795		0.36658  0.2  0.2		4.1705503158		-1.0
	31794.99999998	8.95211		0.48833  0.2  0.2		4.1705503158		-1.0
	31824.99999998	9.5446		0.40418  0.2  0.2		4.1705503158		-1.0
	31854.99999998	10.36681		0.64009  0.2  0.2		4.1705503158		-1.0
	31884.99999998	10.81619		0.38184  0.2  0.2		4.1705503158		-1.0
	31914.99999998	10.97851		0.51956  0.2  0.2		4.1705503158		-1.0
	31944.99999998	10.70784		0.51116  0.2  0.2		4.1705503158		-1.0
	31974.99999998	9.97383		0.50471  0.2  0.2		4.1705503158		-1.0
	32004.99999998	9.3173		0.53453  0.2  0.2		4.1705503158		-1.0
