	30.00000000	2.91525		-1.95958  0.2  0.2		4.1705503158		-1.0
	60.00000000	2.92828		-1.82594  0.2  0.2		4.1705503158		-1.0
	90.00000000	2.84096		-1.71625  0.2  0.2		4.1705503158		-1.0
	120.00000000	2.75777		-1.57121  0.2  0.2		4.1705503158		-1.0
	150.00000000	2.84424		-1.15079  0.2  0.2		4.1705503158		-1.0
	180.00000000	2.93183		-0.89305  0.2  0.2		4.1705503158		-1.0
	210.00000000	2.95253		-0.83161  0.2  0.2		4.1705503158		-1.0
	240.00000000	2.84924		-1.1079  0.2  0.2		4.1705503158		-1.0
	270.00000000	2.89521		-1.55802  0.2  0.2		4.1705503158		-1.0
	300.00000000	2.9535		-1.37742  0.2  0.2		4.1705503158		-1.0
	330.00000000	3.05906		-0.9724  0.2  0.2		4.1705503158		-1.0
	360.00000000	2.81945		-0.84033  0.2  0.2		4.1705503158		-1.0
	390.00000000	2.88592		-0.6521  0.2  0.2		4.1705503158		-1.0
	420.00000000	2.96778		-0.2932  0.2  0.2		4.1705503158		-1.0
	450.00000000	2.95368		-0.18885  0.2  0.2		4.1705503158		-1.0
	480.00000000	3.12092		0.07516  0.2  0.2		4.1705503158		-1.0
	510.00000000	3.00252		0.55214  0.2  0.2		4.1705503158		-1.0
	540.00000000	2.93272		1.19776  0.2  0.2		4.1705503158		-1.0
	570.00000000	2.83883		1.41012  0.2  0.2		4.1705503158		-1.0
	600.00000000	2.84091		1.35789  0.2  0.2		4.1705503158		-1.0
	630.00000000	2.98324		1.46143  0.2  0.2		4.1705503158		-1.0
	660.00000000	2.93688		1.79949  0.2  0.2		4.1705503158		-1.0
	690.00000000	3.09595		1.70166  0.2  0.2		4.1705503158		-1.0
	720.00000000	2.91922		1.85828  0.2  0.2		4.1705503158		-1.0
	750.00000000	2.80041		2.08725  0.2  0.2		4.1705503158		-1.0
	780.00000000	2.99039		2.12359  0.2  0.2		4.1705503158		-1.0
	810.00000000	3.05916		2.13258  0.2  0.2		4.1705503158		-1.0
	840.00000000	2.91895		2.19021  0.2  0.2		4.1705503158		-1.0
	870.00000000	2.96674		2.40721  0.2  0.2		4.1705503158		-1.0
	900.00000000	3.05888		2.68837  0.2  0.2		4.1705503158		-1.0
	930.00000000	3.11509		2.45556  0.2  0.2		4.1705503158		-1.0
	960.00000000	2.8528		2.41088  0.2  0.2		4.1705503158		-1.0
	990.00000000	2.86372		2.31544  0.2  0.2		4.1705503158		-1.0
	1020.00000000	2.97699		2.4282  0.2  0.2		4.1705503158		-1.0
	1050.00000000	2.83102		2.84477  0.2  0.2		4.1705503158		-1.0
	1080.00000000	2.87889		2.92176  0.2  0.2		4.1705503158		-1.0
	1110.00000000	3.10675		2.78975  0.2  0.2		4.1705503158		-1.0
	1140.00000000	2.89784		2.78718  0.2  0.2		4.1705503158		-1.0
	1170.00000000	2.89217		2.77867  0.2  0.2		4.1705503158		-1.0
	1200.00000000	3.03308		2.93077  0.2  0.2		4.1705503158		-1.0
	1230.00000000	2.88888		3.07401  0.2  0.2		4.1705503158		-1.0
	1260.00000000	2.95893		3.05562  0.2  0.2		4.1705503158		-1.0
	1290.00000000	3.14724		2.95265  0.2  0.2		4.1705503158		-1.0
	1320.00000000	3.00324		-3.01465  0.2  0.2		4.1705503158		-1.0
	1350.00000000	2.89452		-3.06316  0.2  0.2		4.1705503158		-1.0
	1380.00000000	2.94455		-2.95391  0.2  0.2		4.1705503158		-1.0
	1410.00000000	2.93087		-2.91285  0.2  0.2		4.1705503158		-1.0
	1440.00000000	2.96597		-2.8955  0.2  0.2		4.1705503158		-1.0
	1470.00000000	2.81861		-2.71526  0.2  0.2		4.1705503158		-1.0
	1500.00000000	3.08811		-2.54148  0.2  0.2		4.1705503158		-1.0
	1530.00000000	3.01906		-2.62917  0.2  0.2		4.1705503158		-1.0
	1560.00000000	2.82943		-2.94149  0.2  0.2		4.1705503158		-1.0
	1590.00000000	3.02714		-2.91182  0.2  0.2		4.1705503158		-1.0
	1620.00000000	2.80086		-2.77874  0.2  0.2		4.1705503158		-1.0
	1650.00000000	2.91961		-2.55364  0.2  0.2		4.1705503158		-1.0
	1680.00000000	3.20234		-2.08116  0.2  0.2		4.1705503158		-1.0
	1710.00000000	3.07915		-1.99913  0.2  0.2		4.1705503158		-1.0
	1740.00000000	2.88428		-2.38341  0.2  0.2		4.1705503158		-1.0
	1770.00000000	2.76366		-2.07518  0.2  0.2		4.1705503158		-1.0
	1800.00000000	3.07905		-1.97123  0.2  0.2		4.1705503158		-1.0
	1830.00000000	3.04729		-1.83212  0.2  0.2		4.1705503158		-1.0
	1860.00000000	3.01431		-1.64935  0.2  0.2		4.1705503158		-1.0
	1890.00000000	3.21127		-1.84849  0.2  0.2		4.1705503158		-1.0
	1920.00000000	2.9147		-2.01253  0.2  0.2		4.1705503158		-1.0
	1950.00000000	2.88197		-2.30996  0.2  0.2		4.1705503158		-1.0
	1980.00000000	2.88768		-2.60821  0.2  0.2		4.1705503158		-1.0
	2010.00000000	3.13739		-2.6517  0.2  0.2		4.1705503158		-1.0
	2040.00000000	2.79285		-2.6353  0.2  0.2		4.1705503158		-1.0
	2070.00000000	2.9831		-2.64725  0.2  0.2		4.1705503158		-1.0
	2100.00000000	3.29781		-2.49804  0.2  0.2		4.1705503158		-1.0
	2130.00000000	2.89088		-2.34838  0.2  0.2		4.1705503158		-1.0
	2160.00000000	2.72491		-2.30426  0.2  0.2		4.1705503158		-1.0
	2190.00000000	3.11273		-2.39258  0.2  0.2		4.1705503158		-1.0
	2220.00000000	3.06947		-2.3227  0.2  0.2		4.1705503158		-1.0
	2250.00000000	2.8242		-2.09977  0.2  0.2		4.1705503158		-1.0
	2280.00000000	3.08047		-2.04006  0.2  0.2		4.1705503158		-1.0
	2310.00000000	3.13693		-2.07866  0.2  0.2		4.1705503158		-1.0
	2340.00000000	2.76626		-2.25341  0.2  0.2		4.1705503158		-1.0
	2370.00000000	3.37363		-2.25618  0.2  0.2		4.1705503158		-1.0
	2400.00000000	2.7392		-2.22932  0.2  0.2		4.1705503158		-1.0
	2430.00000000	3.1746		-2.1895  0.2  0.2		4.1705503158		-1.0
	2460.00000000	2.87241		-2.13863  0.2  0.2		4.1705503158		-1.0
	2490.00000000	2.73531		-1.82  0.2  0.2		4.1705503158		-1.0
	2520.00000000	3.05145		-1.53045  0.2  0.2		4.1705503158		-1.0
	2550.00000000	2.90703		-1.21201  0.2  0.2		4.1705503158		-1.0
	2580.00000000	3.10079		-1.32499  0.2  0.2		4.1705503158		-1.0
	2610.00000000	3.06254		-1.31327  0.2  0.2		4.1705503158		-1.0
	2640.00000000	2.93093		-1.49966  0.2  0.2		4.1705503158		-1.0
	2670.00000000	2.94558		-1.12414  0.2  0.2		4.1705503158		-1.0
	2700.00000000	3.15583		-1.0744  0.2  0.2		4.1705503158		-1.0
	2730.00000000	2.94409		-1.32251  0.2  0.2		4.1705503158		-1.0
	2760.00000000	2.88327		-1.36243  0.2  0.2		4.1705503158		-1.0
	2790.00000000	3.09084		-1.46411  0.2  0.2		4.1705503158		-1.0
	2820.00000000	2.83844		-1.41364  0.2  0.2		4.1705503158		-1.0
	2850.00000000	2.78855		-1.39743  0.2  0.2		4.1705503158		-1.0
	2880.00000000	2.81869		-1.18433  0.2  0.2		4.1705503158		-1.0
	2910.00000000	2.9912		-0.58192  0.2  0.2		4.1705503158		-1.0
	2940.00000000	2.99406		-0.30013  0.2  0.2		4.1705503158		-1.0
	2970.00000000	2.92999		-0.25562  0.2  0.2		4.1705503158		-1.0
	3000.00000000	3.03961		-0.42605  0.2  0.2		4.1705503158		-1.0
	3030.00000000	2.80573		-0.99477  0.2  0.2		4.1705503158		-1.0
	3060.00000000	3.26487		-1.02906  0.2  0.2		4.1705503158		-1.0
	3090.00000000	2.75997		-0.89173  0.2  0.2		4.1705503158		-1.0
	3120.00000000	3.01349		-0.62158  0.2  0.2		4.1705503158		-1.0
	3150.00000000	2.8305		-0.39191  0.2  0.2		4.1705503158		-1.0
	3180.00000000	2.85399		-0.11824  0.2  0.2		4.1705503158		-1.0
	3210.00000000	2.80317		0.50939  0.2  0.2		4.1705503158		-1.0
	3240.00000000	2.87966		0.73817  0.2  0.2		4.1705503158		-1.0
	3270.00000000	3.01452		0.89836  0.2  0.2		4.1705503158		-1.0
	3300.00000000	2.84649		0.86697  0.2  0.2		4.1705503158		-1.0
	3330.00000000	2.90586		0.88092  0.2  0.2		4.1705503158		-1.0
	3360.00000000	2.85096		0.94571  0.2  0.2		4.1705503158		-1.0
	3390.00000000	2.87374		1.16417  0.2  0.2		4.1705503158		-1.0
	3420.00000000	2.93813		1.13302  0.2  0.2		4.1705503158		-1.0
	3450.00000000	3.18488		0.99424  0.2  0.2		4.1705503158		-1.0
	3480.00000000	3.08688		0.96997  0.2  0.2		4.1705503158		-1.0
	3510.00000000	2.86911		1.11962  0.2  0.2		4.1705503158		-1.0
	3540.00000000	2.71148		0.90064  0.2  0.2		4.1705503158		-1.0
	3570.00000000	3.09199		0.4889  0.2  0.2		4.1705503158		-1.0
	3600.00000000	2.95821		0.06552  0.2  0.2		4.1705503158		-1.0
	3630.00000000	2.81305		0.33459  0.2  0.2		4.1705503158		-1.0
	3660.00000000	2.80167		0.34824  0.2  0.2		4.1705503158		-1.0
	3690.00000000	3.01799		0.32256  0.2  0.2		4.1705503158		-1.0
	3720.00000000	3.01661		0.18699  0.2  0.2		4.1705503158		-1.0
	3750.00000000	2.93032		0.25778  0.2  0.2		4.1705503158		-1.0
	3780.00000000	2.9865		0.20687  0.2  0.2		4.1705503158		-1.0
	3810.00000000	2.84568		0.11489  0.2  0.2		4.1705503158		-1.0
	3840.00000000	2.8894		0.17099  0.2  0.2		4.1705503158		-1.0
	3870.00000000	3.21716		0.20515  0.2  0.2		4.1705503158		-1.0
	3900.00000000	2.71764		-0.09747  0.2  0.2		4.1705503158		-1.0
	3930.00000000	3.18959		-0.46302  0.2  0.2		4.1705503158		-1.0
	3960.00000000	2.94248		-0.80485  0.2  0.2		4.1705503158		-1.0
	3990.00000000	3.07207		-0.65375  0.2  0.2		4.1705503158		-1.0
	4020.00000000	3.26789		-0.87841  0.2  0.2		4.1705503158		-1.0
	4050.00000000	2.77193		-0.7305  0.2  0.2		4.1705503158		-1.0
	4080.00000000	2.97152		-0.68498  0.2  0.2		4.1705503158		-1.0
	4110.00000000	2.82516		-0.69246  0.2  0.2		4.1705503158		-1.0
	4140.00000000	2.72493		-0.94993  0.2  0.2		4.1705503158		-1.0
	4170.00000000	3.17207		-1.22643  0.2  0.2		4.1705503158		-1.0
	4200.00000000	3.08864		-1.2752  0.2  0.2		4.1705503158		-1.0
	4230.00000000	3.16386		-1.0538  0.2  0.2		4.1705503158		-1.0
	4260.00000000	3.08642		-1.0408  0.2  0.2		4.1705503158		-1.0
	4290.00000000	2.96163		-0.75482  0.2  0.2		4.1705503158		-1.0
	4320.00000000	2.85005		-0.38207  0.2  0.2		4.1705503158		-1.0
	4350.00000000	2.78582		-0.20993  0.2  0.2		4.1705503158		-1.0
	4380.00000000	2.88862		-0.23528  0.2  0.2		4.1705503158		-1.0
	4410.00000000	3.15663		-0.27821  0.2  0.2		4.1705503158		-1.0
	4440.00000000	3.09611		-0.43647  0.2  0.2		4.1705503158		-1.0
	4470.00000000	2.69821		-0.55213  0.2  0.2		4.1705503158		-1.0
	4500.00000000	2.9603		-0.54642  0.2  0.2		4.1705503158		-1.0
	4530.00000000	2.82474		-0.37163  0.2  0.2		4.1705503158		-1.0
	4560.00000000	2.81954		0.1348  0.2  0.2		4.1705503158		-1.0
	4590.00000000	2.90045		0.62777  0.2  0.2		4.1705503158		-1.0
	4620.00000000	3.21134		0.93623  0.2  0.2		4.1705503158		-1.0
	4650.00000000	2.62995		0.93566  0.2  0.2		4.1705503158		-1.0
	4680.00000000	3.23071		0.81702  0.2  0.2		4.1705503158		-1.0
	4710.00000000	2.95818		0.70082  0.2  0.2		4.1705503158		-1.0
	4740.00000000	2.96791		0.60761  0.2  0.2		4.1705503158		-1.0
	4770.00000000	2.95754		0.56121  0.2  0.2		4.1705503158		-1.0
	4800.00000000	3.14893		0.52199  0.2  0.2		4.1705503158		-1.0
	4830.00000000	3.25862		0.54277  0.2  0.2		4.1705503158		-1.0
	4860.00000000	2.6671		0.43534  0.2  0.2		4.1705503158		-1.0
	4890.00000000	2.71071		0.64905  0.2  0.2		4.1705503158		-1.0
	4920.00000000	2.73127		0.90763  0.2  0.2		4.1705503158		-1.0
	4950.00000000	3.16111		1.01783  0.2  0.2		4.1705503158		-1.0
	4980.00000000	2.73006		1.4128  0.2  0.2		4.1705503158		-1.0
	5010.00000000	2.98874		1.68938  0.2  0.2		4.1705503158		-1.0
	5040.00000000	3.05346		1.66009  0.2  0.2		4.1705503158		-1.0
	5070.00000000	2.77892		1.43934  0.2  0.2		4.1705503158		-1.0
	5100.00000000	3.1753		1.47533  0.2  0.2		4.1705503158		-1.0
	5130.00000000	2.838		1.43177  0.2  0.2		4.1705503158		-1.0
	5160.00000000	3.27208		1.15623  0.2  0.2		4.1705503158		-1.0
	5190.00000000	2.69545		1.06287  0.2  0.2		4.1705503158		-1.0
	5220.00000000	3.01475		1.33992  0.2  0.2		4.1705503158		-1.0
	5250.00000000	3.18298		1.30639  0.2  0.2		4.1705503158		-1.0
	5280.00000000	2.69907		1.18372  0.2  0.2		4.1705503158		-1.0
	5310.00000000	3.0457		1.07251  0.2  0.2		4.1705503158		-1.0
	5340.00000000	3.228		1.38854  0.2  0.2		4.1705503158		-1.0
	5370.00000000	2.76991		1.61689  0.2  0.2		4.1705503158		-1.0
	5400.00000000	3.27711		1.7321  0.2  0.2		4.1705503158		-1.0
	5430.00000000	3.09731		1.75746  0.2  0.2		4.1705503158		-1.0
	5460.00000000	3.21666		1.56796  0.2  0.2		4.1705503158		-1.0
	5490.00000000	3.04207		1.54796  0.2  0.2		4.1705503158		-1.0
	5520.00000000	2.83257		1.50208  0.2  0.2		4.1705503158		-1.0
	5550.00000000	2.86151		1.84425  0.2  0.2		4.1705503158		-1.0
	5580.00000000	2.95282		2.07656  0.2  0.2		4.1705503158		-1.0
	5610.00000000	3.28669		1.96403  0.2  0.2		4.1705503158		-1.0
	5640.00000000	2.72724		1.93278  0.2  0.2		4.1705503158		-1.0
	5670.00000000	2.99777		1.83573  0.2  0.2		4.1705503158		-1.0
	5700.00000000	3.35275		1.94356  0.2  0.2		4.1705503158		-1.0
	5730.00000000	2.74775		1.90073  0.2  0.2		4.1705503158		-1.0
	5760.00000000	2.81775		1.79931  0.2  0.2		4.1705503158		-1.0
	5790.00000000	2.82651		1.7069  0.2  0.2		4.1705503158		-1.0
	5820.00000000	3.01961		1.81651  0.2  0.2		4.1705503158		-1.0
	5850.00000000	3.53703		2.11188  0.2  0.2		4.1705503158		-1.0
	5880.00000000	2.76762		2.07667  0.2  0.2		4.1705503158		-1.0
	5910.00000000	3.41053		1.90106  0.2  0.2		4.1705503158		-1.0
	5940.00000000	3.0106		2.09277  0.2  0.2		4.1705503158		-1.0
	5970.00000000	2.86695		2.44601  0.2  0.2		4.1705503158		-1.0
	6000.00000000	2.73194		2.31878  0.2  0.2		4.1705503158		-1.0
	6030.00000000	3.24541		2.37798  0.2  0.2		4.1705503158		-1.0
	6060.00000000	2.97947		2.43996  0.2  0.2		4.1705503158		-1.0
	6090.00000000	3.14109		2.51603  0.2  0.2		4.1705503158		-1.0
	6120.00000000	2.78131		2.58177  0.2  0.2		4.1705503158		-1.0
	6150.00000000	3.24		2.66094  0.2  0.2		4.1705503158		-1.0
	6180.00000000	3.21996		2.677  0.2  0.2		4.1705503158		-1.0
	6210.00000000	3.04158		2.88051  0.2  0.2		4.1705503158		-1.0
	6240.00000000	2.80173		3.00171  0.2  0.2		4.1705503158		-1.0
	6270.00000000	2.78355		2.73331  0.2  0.2		4.1705503158		-1.0
	6300.00000000	2.80173		2.66528  0.2  0.2		4.1705503158		-1.0
	6330.00000000	2.90524		2.67273  0.2  0.2		4.1705503158		-1.0
	6360.00000000	3.02605		2.60173  0.2  0.2		4.1705503158		-1.0
	6390.00000000	3.45153		2.61129  0.2  0.2		4.1705503158		-1.0
	6420.00000000	3.04049		2.727  0.2  0.2		4.1705503158		-1.0
	6450.00000000	3.29528		2.97503  0.2  0.2		4.1705503158		-1.0
	6480.00000000	2.96202		3.04782  0.2  0.2		4.1705503158		-1.0
	6510.00000000	2.85456		-3.04067  0.2  0.2		4.1705503158		-1.0
	6540.00000000	3.31047		3.13151  0.2  0.2		4.1705503158		-1.0
	6570.00000000	2.6699		3.02908  0.2  0.2		4.1705503158		-1.0
	6600.00000000	2.74905		3.0564  0.2  0.2		4.1705503158		-1.0
	6630.00000000	2.75267		2.7926  0.2  0.2		4.1705503158		-1.0
	6660.00000000	2.63566		2.65955  0.2  0.2		4.1705503158		-1.0
	6690.00000000	3.40006		2.84935  0.2  0.2		4.1705503158		-1.0
	6720.00000000	3.04104		2.92611  0.2  0.2		4.1705503158		-1.0
	6750.00000000	2.67068		3.04304  0.2  0.2		4.1705503158		-1.0
	6780.00000000	3.47454		-3.00654  0.2  0.2		4.1705503158		-1.0
	6810.00000000	2.91138		-2.89528  0.2  0.2		4.1705503158		-1.0
	6840.00000000	2.84398		3.13027  0.2  0.2		4.1705503158		-1.0
	6870.00000000	3.4857		2.97948  0.2  0.2		4.1705503158		-1.0
	6900.00000000	2.78361		3.11963  0.2  0.2		4.1705503158		-1.0
	6930.00000000	2.97146		-2.97584  0.2  0.2		4.1705503158		-1.0
	6960.00000000	3.03404		-2.87558  0.2  0.2		4.1705503158		-1.0
	6990.00000000	3.4369		-2.88202  0.2  0.2		4.1705503158		-1.0
	7020.00000000	3.20288		-2.74224  0.2  0.2		4.1705503158		-1.0
	7050.00000000	3.22295		-3.0398  0.2  0.2		4.1705503158		-1.0
	7080.00000000	3.46284		-3.0447  0.2  0.2		4.1705503158		-1.0
	7110.00000000	3.27987		-2.73763  0.2  0.2		4.1705503158		-1.0
	7140.00000000	3.32349		-2.61768  0.2  0.2		4.1705503158		-1.0
	7170.00000000	3.04524		-2.51417  0.2  0.2		4.1705503158		-1.0
	7200.00000000	2.95772		-2.60168  0.2  0.2		4.1705503158		-1.0
	7230.00000000	3.08383		-2.50972  0.2  0.2		4.1705503158		-1.0
	7260.00000000	3.39238		-2.25382  0.2  0.2		4.1705503158		-1.0
	7290.00000000	3.26091		-1.98658  0.2  0.2		4.1705503158		-1.0
	7320.00000000	3.2715		-1.69609  0.2  0.2		4.1705503158		-1.0
	7350.00000000	3.24186		-1.76422  0.2  0.2		4.1705503158		-1.0
	7380.00000000	3.19114		-1.72249  0.2  0.2		4.1705503158		-1.0
	7410.00000000	2.60418		-1.51455  0.2  0.2		4.1705503158		-1.0
	7440.00000000	2.82085		-1.79939  0.2  0.2		4.1705503158		-1.0
	7470.00000000	2.91624		-1.69201  0.2  0.2		4.1705503158		-1.0
	7500.00000000	3.20904		-1.69192  0.2  0.2		4.1705503158		-1.0
	7530.00000000	3.33297		-1.58075  0.2  0.2		4.1705503158		-1.0
	7560.00000000	3.46002		-1.81328  0.2  0.2		4.1705503158		-1.0
	7590.00000000	3.29299		-2.14566  0.2  0.2		4.1705503158		-1.0
	7620.00000000	2.67026		-2.15657  0.2  0.2		4.1705503158		-1.0
	7650.00000000	3.56227		-1.868  0.2  0.2		4.1705503158		-1.0
	7680.00000000	3.39531		-1.7753  0.2  0.2		4.1705503158		-1.0
	7710.00000000	2.62242		-1.92277  0.2  0.2		4.1705503158		-1.0
	7740.00000000	3.04611		-1.85338  0.2  0.2		4.1705503158		-1.0
	7770.00000000	2.89107		-1.86489  0.2  0.2		4.1705503158		-1.0
	7800.00000000	2.79334		-1.9051  0.2  0.2		4.1705503158		-1.0
	7830.00000000	2.77877		-1.66737  0.2  0.2		4.1705503158		-1.0
	7860.00000000	2.94124		-1.50913  0.2  0.2		4.1705503158		-1.0
	7890.00000000	3.30186		-1.38101  0.2  0.2		4.1705503158		-1.0
	7920.00000000	3.51615		-1.2079  0.2  0.2		4.1705503158		-1.0
	7950.00000000	3.00439		-1.16009  0.2  0.2		4.1705503158		-1.0
	7980.00000000	2.67292		-1.19265  0.2  0.2		4.1705503158		-1.0
	8010.00000000	2.79195		-1.1549  0.2  0.2		4.1705503158		-1.0
	8040.00000000	2.62528		-1.27673  0.2  0.2		4.1705503158		-1.0
	8070.00000000	2.65614		-1.06185  0.2  0.2		4.1705503158		-1.0
	8100.00000000	3.03822		-0.88499  0.2  0.2		4.1705503158		-1.0
	8130.00000000	3.31497		-0.80375  0.2  0.2		4.1705503158		-1.0
	8160.00000000	3.30363		-0.61733  0.2  0.2		4.1705503158		-1.0
	8190.00000000	3.11812		-0.41312  0.2  0.2		4.1705503158		-1.0
	8220.00000000	3.33333		-0.07347  0.2  0.2		4.1705503158		-1.0
	8250.00000000	2.66954		0.1537  0.2  0.2		4.1705503158		-1.0
	8280.00000000	3.33321		0.14477  0.2  0.2		4.1705503158		-1.0
	8310.00000000	3.12677		-0.05921  0.2  0.2		4.1705503158		-1.0
	8340.00000000	3.06507		0.07925  0.2  0.2		4.1705503158		-1.0
	8370.00000000	3.19455		0.28949  0.2  0.2		4.1705503158		-1.0
	8400.00000000	3.15773		0.49878  0.2  0.2		4.1705503158		-1.0
	8430.00000000	3.0907		0.60893  0.2  0.2		4.1705503158		-1.0
	8460.00000000	2.80598		0.6722  0.2  0.2		4.1705503158		-1.0
	8490.00000000	3.06664		0.8784  0.2  0.2		4.1705503158		-1.0
	8520.00000000	2.98231		1.10121  0.2  0.2		4.1705503158		-1.0
	8550.00000000	2.8565		1.30735  0.2  0.2		4.1705503158		-1.0
	8580.00000000	3.3886		1.33741  0.2  0.2		4.1705503158		-1.0
	8610.00000000	3.10359		1.4071  0.2  0.2		4.1705503158		-1.0
	8640.00000000	3.22346		1.25071  0.2  0.2		4.1705503158		-1.0
	8670.00000000	3.42575		1.14809  0.2  0.2		4.1705503158		-1.0
	8700.00000000	3.41717		0.84689  0.2  0.2		4.1705503158		-1.0
	8730.00000000	3.0989		0.66201  0.2  0.2		4.1705503158		-1.0
	8760.00000000	3.41346		0.44997  0.2  0.2		4.1705503158		-1.0
	8790.00000000	3.26823		0.49194  0.2  0.2		4.1705503158		-1.0
	8820.00000000	3.61966		0.77164  0.2  0.2		4.1705503158		-1.0
	8850.00000000	3.24974		1.09922  0.2  0.2		4.1705503158		-1.0
	8880.00000000	2.9121		1.42536  0.2  0.2		4.1705503158		-1.0
	8910.00000000	2.84466		1.57876  0.2  0.2		4.1705503158		-1.0
	8940.00000000	2.67938		1.91478  0.2  0.2		4.1705503158		-1.0
	8970.00000000	3.23835		2.06087  0.2  0.2		4.1705503158		-1.0
	9000.00000000	2.72643		2.10105  0.2  0.2		4.1705503158		-1.0
	9030.00000000	2.73394		2.29766  0.2  0.2		4.1705503158		-1.0
	9060.00000000	2.78269		2.29108  0.2  0.2		4.1705503158		-1.0
	9090.00000000	2.68721		2.05139  0.2  0.2		4.1705503158		-1.0
	9120.00000000	2.80421		1.72782  0.2  0.2		4.1705503158		-1.0
	9150.00000000	2.84851		1.47713  0.2  0.2		4.1705503158		-1.0
	9180.00000000	2.96132		1.04451  0.2  0.2		4.1705503158		-1.0
	9210.00000000	3.33814		0.97913  0.2  0.2		4.1705503158		-1.0
	9240.00000000	2.8258		0.92864  0.2  0.2		4.1705503158		-1.0
	9270.00000000	3.36001		0.79401  0.2  0.2		4.1705503158		-1.0
	9300.00000000	3.46181		0.59067  0.2  0.2		4.1705503158		-1.0
	9330.00000000	3.23998		0.14858  0.2  0.2		4.1705503158		-1.0
	9360.00000000	3.19168		-0.22774  0.2  0.2		4.1705503158		-1.0
	9390.00000000	3.32712		-0.47446  0.2  0.2		4.1705503158		-1.0
	9420.00000000	3.01645		-0.62322  0.2  0.2		4.1705503158		-1.0
	9450.00000000	2.69184		-0.85604  0.2  0.2		4.1705503158		-1.0
	9480.00000000	2.62377		-0.75852  0.2  0.2		4.1705503158		-1.0
	9510.00000000	2.70464		-0.84891  0.2  0.2		4.1705503158		-1.0
	9540.00000000	2.63999		-1.00224  0.2  0.2		4.1705503158		-1.0
	9570.00000000	3.17383		-0.93453  0.2  0.2		4.1705503158		-1.0
	9600.00000000	3.28362		-0.9664  0.2  0.2		4.1705503158		-1.0
	9630.00000000	3.33986		-1.25965  0.2  0.2		4.1705503158		-1.0
	9660.00000000	3.14639		-1.3635  0.2  0.2		4.1705503158		-1.0
	9690.00000000	2.68891		-1.37599  0.2  0.2		4.1705503158		-1.0
	9720.00000000	2.95555		-1.41529  0.2  0.2		4.1705503158		-1.0
	9750.00000000	2.83213		-1.26502  0.2  0.2		4.1705503158		-1.0
	9780.00000000	2.75501		-1.23182  0.2  0.2		4.1705503158		-1.0
	9810.00000000	2.65246		-1.49693  0.2  0.2		4.1705503158		-1.0
	9840.00000000	2.70426		-1.41312  0.2  0.2		4.1705503158		-1.0
	9870.00000000	2.8521		-0.92348  0.2  0.2		4.1705503158		-1.0
	9900.00000000	3.47688		-0.65227  0.2  0.2		4.1705503158		-1.0
	9930.00000000	3.35398		-0.14534  0.2  0.2		4.1705503158		-1.0
	9960.00000000	2.92748		-0.06197  0.2  0.2		4.1705503158		-1.0
	9990.00000000	2.8766		-0.04698  0.2  0.2		4.1705503158		-1.0
	10020.00000000	3.08049		0.08636  0.2  0.2		4.1705503158		-1.0
	10050.00000000	3.45065		0.00064  0.2  0.2		4.1705503158		-1.0
	10080.00000000	3.31106		-0.22371  0.2  0.2		4.1705503158		-1.0
	10110.00000000	3.34709		-0.26849  0.2  0.2		4.1705503158		-1.0
	10140.00000000	3.38453		-0.59249  0.2  0.2		4.1705503158		-1.0
	10170.00000000	3.4648		-0.89788  0.2  0.2		4.1705503158		-1.0
	10200.00000000	2.90146		-0.57518  0.2  0.2		4.1705503158		-1.0
	10230.00000000	2.83474		-0.1271  0.2  0.2		4.1705503158		-1.0
	10260.00000000	3.00237		0.14964  0.2  0.2		4.1705503158		-1.0
	10290.00000000	3.46593		0.43715  0.2  0.2		4.1705503158		-1.0
	10320.00000000	3.19624		0.49439  0.2  0.2		4.1705503158		-1.0
	10350.00000000	3.45952		0.46088  0.2  0.2		4.1705503158		-1.0
	10380.00000000	2.81098		0.61998  0.2  0.2		4.1705503158		-1.0
	10410.00000000	3.43752		0.82377  0.2  0.2		4.1705503158		-1.0
	10440.00000000	2.83564		1.16459  0.2  0.2		4.1705503158		-1.0
	10470.00000000	2.65501		1.09343  0.2  0.2		4.1705503158		-1.0
	10500.00000000	2.65851		1.11183  0.2  0.2		4.1705503158		-1.0
	10530.00000000	2.73366		0.97341  0.2  0.2		4.1705503158		-1.0
	10560.00000000	2.70246		0.7291  0.2  0.2		4.1705503158		-1.0
	10590.00000000	2.71442		0.23305  0.2  0.2		4.1705503158		-1.0
	10620.00000000	2.68478		0.03066  0.2  0.2		4.1705503158		-1.0
	10650.00000000	2.71187		0.01942  0.2  0.2		4.1705503158		-1.0
	10680.00000000	2.74592		0.08099  0.2  0.2		4.1705503158		-1.0
	10710.00000000	3.42871		0.16998  0.2  0.2		4.1705503158		-1.0
	10740.00000000	3.26193		0.04617  0.2  0.2		4.1705503158		-1.0
	10770.00000000	2.9686		-0.12939  0.2  0.2		4.1705503158		-1.0
	10800.00000000	2.68085		-0.30025  0.2  0.2		4.1705503158		-1.0
	10830.00000001	2.6636		-0.65613  0.2  0.2		4.1705503158		-1.0
	10860.00000001	2.68989		-0.37931  0.2  0.2		4.1705503158		-1.0
	10890.00000001	2.79778		-0.1661  0.2  0.2		4.1705503158		-1.0
	10920.00000001	2.67084		-0.48745  0.2  0.2		4.1705503158		-1.0
	10950.00000001	2.93857		-1.09172  0.2  0.2		4.1705503158		-1.0
	10980.00000001	3.63233		-1.17913  0.2  0.2		4.1705503158		-1.0
	11010.00000001	3.18503		-1.01211  0.2  0.2		4.1705503158		-1.0
	11040.00000001	3.6369		-0.6289  0.2  0.2		4.1705503158		-1.0
	11070.00000001	2.88425		-0.31814  0.2  0.2		4.1705503158		-1.0
	11100.00000001	2.8606		-0.28272  0.2  0.2		4.1705503158		-1.0
	11130.00000001	2.54158		-0.31278  0.2  0.2		4.1705503158		-1.0
	11160.00000001	3.15654		-0.60782  0.2  0.2		4.1705503158		-1.0
	11190.00000001	3.355		-0.67488  0.2  0.2		4.1705503158		-1.0
	11220.00000001	3.53173		-0.41695  0.2  0.2		4.1705503158		-1.0
	11250.00000001	3.14518		-0.17057  0.2  0.2		4.1705503158		-1.0
	11280.00000001	3.31933		-0.58168  0.2  0.2		4.1705503158		-1.0
	11310.00000001	3.17971		-0.88531  0.2  0.2		4.1705503158		-1.0
	11340.00000001	3.07083		-1.40973  0.2  0.2		4.1705503158		-1.0
	11370.00000001	3.65605		-1.40878  0.2  0.2		4.1705503158		-1.0
	11400.00000001	3.3837		-1.25354  0.2  0.2		4.1705503158		-1.0
	11430.00000001	3.13241		-1.08842  0.2  0.2		4.1705503158		-1.0
	11460.00000001	2.96201		-1.13916  0.2  0.2		4.1705503158		-1.0
	11490.00000001	2.84357		-1.46596  0.2  0.2		4.1705503158		-1.0
	11520.00000001	2.75867		-1.72292  0.2  0.2		4.1705503158		-1.0
	11550.00000001	2.78493		-1.97257  0.2  0.2		4.1705503158		-1.0
	11580.00000001	3.225		-1.89617  0.2  0.2		4.1705503158		-1.0
	11610.00000001	3.33528		-1.97441  0.2  0.2		4.1705503158		-1.0
	11640.00000001	2.91633		-1.81746  0.2  0.2		4.1705503158		-1.0
	11670.00000001	2.79963		-1.84094  0.2  0.2		4.1705503158		-1.0
	11700.00000001	2.72883		-1.79708  0.2  0.2		4.1705503158		-1.0
	11730.00000001	2.65378		-1.69754  0.2  0.2		4.1705503158		-1.0
	11760.00000001	2.60421		-1.57802  0.2  0.2		4.1705503158		-1.0
	11790.00000001	2.97732		-1.56216  0.2  0.2		4.1705503158		-1.0
	11820.00000001	3.33611		-1.50941  0.2  0.2		4.1705503158		-1.0
	11850.00000001	3.59603		-1.42929  0.2  0.2		4.1705503158		-1.0
	11880.00000001	3.30332		-1.52497  0.2  0.2		4.1705503158		-1.0
	11910.00000001	3.19217		-1.46199  0.2  0.2		4.1705503158		-1.0
	11940.00000001	3.67659		-1.56549  0.2  0.2		4.1705503158		-1.0
	11970.00000001	3.19255		-1.52489  0.2  0.2		4.1705503158		-1.0
	12000.00000001	3.78841		-1.54358  0.2  0.2		4.1705503158		-1.0
	12030.00000001	2.77681		-1.70093  0.2  0.2		4.1705503158		-1.0
	12060.00000001	2.68135		-1.75495  0.2  0.2		4.1705503158		-1.0
	12090.00000001	3.02223		-1.85799  0.2  0.2		4.1705503158		-1.0
	12120.00000001	3.47441		-1.87923  0.2  0.2		4.1705503158		-1.0
	12150.00000001	3.45545		-1.91398  0.2  0.2		4.1705503158		-1.0
	12180.00000001	3.50325		-2.38775  0.2  0.2		4.1705503158		-1.0
	12210.00000001	2.62779		-2.58269  0.2  0.2		4.1705503158		-1.0
	12240.00000001	3.5291		-2.45476  0.2  0.2		4.1705503158		-1.0
	12270.00000001	2.68094		-2.46197  0.2  0.2		4.1705503158		-1.0
	12300.00000001	2.63473		-2.40574  0.2  0.2		4.1705503158		-1.0
	12330.00000001	2.72587		-2.61304  0.2  0.2		4.1705503158		-1.0
	12360.00000001	3.33889		-2.38091  0.2  0.2		4.1705503158		-1.0
	12390.00000001	2.67035		-2.11806  0.2  0.2		4.1705503158		-1.0
	12420.00000001	3.08544		-2.48073  0.2  0.2		4.1705503158		-1.0
	12450.00000001	2.82607		-2.50277  0.2  0.2		4.1705503158		-1.0
	12480.00000001	2.92762		-2.34139  0.2  0.2		4.1705503158		-1.0
	12510.00000001	3.47074		-2.21236  0.2  0.2		4.1705503158		-1.0
	12540.00000001	2.71593		-2.24082  0.2  0.2		4.1705503158		-1.0
	12570.00000001	3.29671		-2.34019  0.2  0.2		4.1705503158		-1.0
	12600.00000001	2.76406		-2.44751  0.2  0.2		4.1705503158		-1.0
	12630.00000001	2.914		-2.43676  0.2  0.2		4.1705503158		-1.0
	12660.00000001	3.28685		-2.54546  0.2  0.2		4.1705503158		-1.0
	12690.00000001	3.3237		-2.55647  0.2  0.2		4.1705503158		-1.0
	12720.00000001	3.17312		-2.89742  0.2  0.2		4.1705503158		-1.0
	12750.00000001	3.16697		-3.06979  0.2  0.2		4.1705503158		-1.0
	12780.00000001	3.24068		-3.09198  0.2  0.2		4.1705503158		-1.0
	12810.00000001	3.34509		3.03814  0.2  0.2		4.1705503158		-1.0
	12840.00000001	3.25884		2.8588  0.2  0.2		4.1705503158		-1.0
	12870.00000001	3.42147		2.79656  0.2  0.2		4.1705503158		-1.0
	12900.00000001	3.01626		2.44964  0.2  0.2		4.1705503158		-1.0
	12930.00000001	2.72222		2.55977  0.2  0.2		4.1705503158		-1.0
	12960.00000001	2.69524		2.73058  0.2  0.2		4.1705503158		-1.0
	12990.00000001	2.85695		2.76594  0.2  0.2		4.1705503158		-1.0
	13020.00000001	2.82995		2.42701  0.2  0.2		4.1705503158		-1.0
	13050.00000001	2.71738		2.1807  0.2  0.2		4.1705503158		-1.0
	13080.00000001	3.07477		2.56891  0.2  0.2		4.1705503158		-1.0
	13110.00000001	3.32646		2.44466  0.2  0.2		4.1705503158		-1.0
	13140.00000001	3.35475		2.19953  0.2  0.2		4.1705503158		-1.0
	13170.00000001	3.31066		2.34287  0.2  0.2		4.1705503158		-1.0
	13200.00000001	3.15825		2.25351  0.2  0.2		4.1705503158		-1.0
	13230.00000001	3.20097		2.02033  0.2  0.2		4.1705503158		-1.0
	13260.00000001	3.26692		1.94496  0.2  0.2		4.1705503158		-1.0
	13290.00000001	2.67815		1.9195  0.2  0.2		4.1705503158		-1.0
	13320.00000001	3.28654		2.13772  0.2  0.2		4.1705503158		-1.0
	13350.00000001	3.03995		2.30837  0.2  0.2		4.1705503158		-1.0
	13380.00000001	3.46616		2.29453  0.2  0.2		4.1705503158		-1.0
	13410.00000001	3.47697		2.23887  0.2  0.2		4.1705503158		-1.0
	13440.00000001	3.16143		2.2988  0.2  0.2		4.1705503158		-1.0
	13470.00000001	3.54029		2.15691  0.2  0.2		4.1705503158		-1.0
	13500.00000001	3.59581		1.93249  0.2  0.2		4.1705503158		-1.0
	13530.00000001	3.19565		1.81106  0.2  0.2		4.1705503158		-1.0
	13560.00000001	3.29456		1.92176  0.2  0.2		4.1705503158		-1.0
	13590.00000001	3.20882		1.77589  0.2  0.2		4.1705503158		-1.0
	13620.00000001	3.13442		1.74342  0.2  0.2		4.1705503158		-1.0
	13650.00000001	2.80448		1.7741  0.2  0.2		4.1705503158		-1.0
	13680.00000001	3.02749		2.0266  0.2  0.2		4.1705503158		-1.0
	13710.00000001	2.67347		2.03438  0.2  0.2		4.1705503158		-1.0
	13740.00000001	3.28312		2.19685  0.2  0.2		4.1705503158		-1.0
	13770.00000001	3.3601		2.50486  0.2  0.2		4.1705503158		-1.0
	13800.00000001	3.38884		2.68085  0.2  0.2		4.1705503158		-1.0
	13830.00000001	3.63138		2.72748  0.2  0.2		4.1705503158		-1.0
	13860.00000001	3.54823		2.73087  0.2  0.2		4.1705503158		-1.0
	13890.00000001	3.41165		2.86327  0.2  0.2		4.1705503158		-1.0
	13920.00000001	2.80341		2.93384  0.2  0.2		4.1705503158		-1.0
	13950.00000001	3.12957		3.12095  0.2  0.2		4.1705503158		-1.0
	13980.00000001	3.78005		-3.13697  0.2  0.2		4.1705503158		-1.0
	14010.00000001	2.90667		3.0485  0.2  0.2		4.1705503158		-1.0
	14040.00000001	2.87365		-3.10299  0.2  0.2		4.1705503158		-1.0
	14070.00000001	3.48899		-2.87463  0.2  0.2		4.1705503158		-1.0
	14100.00000001	2.56934		-2.77821  0.2  0.2		4.1705503158		-1.0
	14005.00000001	3.04322		3.02553  0.2  0.2		4.1705503158		-1.0
	14035.00000001	2.82869		3.09825  0.2  0.2		4.1705503158		-1.0
	14065.00000001	3.39004		-2.92398  0.2  0.2		4.1705503158		-1.0
	14095.00000001	2.6374		-2.77184  0.2  0.2		4.1705503158		-1.0
	14125.00000001	2.68617		-2.95968  0.2  0.2		4.1705503158		-1.0
	14155.00000001	2.75918		-2.8663  0.2  0.2		4.1705503158		-1.0
	14185.00000001	2.56615		-2.86248  0.2  0.2		4.1705503158		-1.0
	14215.00000001	2.72287		-2.88327  0.2  0.2		4.1705503158		-1.0
	14245.00000000	2.67114		-3.04126  0.2  0.2		4.1705503158		-1.0
	14275.00000000	2.89019		-2.90928  0.2  0.2		4.1705503158		-1.0
	14305.00000000	3.04467		-2.73896  0.2  0.2		4.1705503158		-1.0
	14335.00000000	3.37039		-2.85326  0.2  0.2		4.1705503158		-1.0
	14365.00000000	3.38456		-2.70235  0.2  0.2		4.1705503158		-1.0
	14395.00000000	2.6693		-2.88611  0.2  0.2		4.1705503158		-1.0
	14425.00000000	2.74849		-3.07317  0.2  0.2		4.1705503158		-1.0
	14455.00000000	2.70164		3.00938  0.2  0.2		4.1705503158		-1.0
	14485.00000000	2.80178		2.9422  0.2  0.2		4.1705503158		-1.0
	14515.00000000	2.9617		2.81196  0.2  0.2		4.1705503158		-1.0
	14545.00000000	3.26967		2.57515  0.2  0.2		4.1705503158		-1.0
	14575.00000000	3.09656		2.4358  0.2  0.2		4.1705503158		-1.0
	14605.00000000	2.70872		2.39777  0.2  0.2		4.1705503158		-1.0
	14635.00000000	2.76563		2.46221  0.2  0.2		4.1705503158		-1.0
	14665.00000000	2.70073		2.45574  0.2  0.2		4.1705503158		-1.0
	14695.00000000	2.70022		2.6245  0.2  0.2		4.1705503158		-1.0
	14725.00000000	2.92329		2.79221  0.2  0.2		4.1705503158		-1.0
	14755.00000000	3.77676		3.02983  0.2  0.2		4.1705503158		-1.0
	14785.00000000	3.1159		3.04393  0.2  0.2		4.1705503158		-1.0
	14815.00000000	3.48082		-3.09026  0.2  0.2		4.1705503158		-1.0
	14845.00000000	3.09947		-2.8023  0.2  0.2		4.1705503158		-1.0
	14875.00000000	2.77766		-2.66704  0.2  0.2		4.1705503158		-1.0
	14905.00000000	2.69982		-2.59679  0.2  0.2		4.1705503158		-1.0
	14935.00000000	2.74881		-2.64832  0.2  0.2		4.1705503158		-1.0
	14965.00000000	2.85365		-2.7557  0.2  0.2		4.1705503158		-1.0
	14995.00000000	2.9447		-2.59122  0.2  0.2		4.1705503158		-1.0
	15025.00000000	3.46253		-2.41682  0.2  0.2		4.1705503158		-1.0
	15055.00000000	3.79392		-2.33042  0.2  0.2		4.1705503158		-1.0
	15085.00000000	3.02826		-2.49668  0.2  0.2		4.1705503158		-1.0
	15115.00000000	3.86535		-2.41152  0.2  0.2		4.1705503158		-1.0
	15145.00000000	3.53415		-2.2217  0.2  0.2		4.1705503158		-1.0
	15175.00000000	3.66916		-2.3563  0.2  0.2		4.1705503158		-1.0
	15205.00000000	3.50456		-2.56055  0.2  0.2		4.1705503158		-1.0
	15235.00000000	3.29735		-3.04945  0.2  0.2		4.1705503158		-1.0
	15265.00000000	3.37994		-2.93506  0.2  0.2		4.1705503158		-1.0
	15295.00000000	3.8661		-2.7137  0.2  0.2		4.1705503158		-1.0
	15325.00000000	3.45215		-2.54783  0.2  0.2		4.1705503158		-1.0
	15355.00000000	3.01022		-2.42526  0.2  0.2		4.1705503158		-1.0
	15385.00000000	3.13583		-2.18112  0.2  0.2		4.1705503158		-1.0
	15415.00000000	2.89234		-2.26871  0.2  0.2		4.1705503158		-1.0
	15445.00000000	3.28863		-2.10066  0.2  0.2		4.1705503158		-1.0
	15475.00000000	3.83906		-1.9854  0.2  0.2		4.1705503158		-1.0
	15505.00000000	3.29399		-1.92906  0.2  0.2		4.1705503158		-1.0
	15535.00000000	3.50349		-1.76408  0.2  0.2		4.1705503158		-1.0
	15565.00000000	3.49202		-1.77602  0.2  0.2		4.1705503158		-1.0
	15595.00000000	3.46754		-1.55304  0.2  0.2		4.1705503158		-1.0
	15625.00000000	3.44996		-1.38961  0.2  0.2		4.1705503158		-1.0
	15655.00000000	3.19637		-1.43713  0.2  0.2		4.1705503158		-1.0
	15685.00000000	3.56695		-1.63169  0.2  0.2		4.1705503158		-1.0
	15715.00000000	4.05659		-1.79825  0.2  0.2		4.1705503158		-1.0
	15745.00000000	2.71484		-1.76715  0.2  0.2		4.1705503158		-1.0
	15775.00000000	3.16021		-1.57632  0.2  0.2		4.1705503158		-1.0
	15805.00000000	3.3053		-1.63936  0.2  0.2		4.1705503158		-1.0
	15835.00000000	2.97047		-1.46031  0.2  0.2		4.1705503158		-1.0
	15865.00000000	2.90619		-1.34793  0.2  0.2		4.1705503158		-1.0
	15895.00000000	2.67955		-1.50386  0.2  0.2		4.1705503158		-1.0
	15925.00000000	2.91372		-1.73041  0.2  0.2		4.1705503158		-1.0
	15955.00000000	3.59606		-1.83056  0.2  0.2		4.1705503158		-1.0
	15985.00000000	4.18605		-1.79306  0.2  0.2		4.1705503158		-1.0
	16015.00000000	3.95089		-1.83033  0.2  0.2		4.1705503158		-1.0
	16045.00000000	3.69671		-2.02292  0.2  0.2		4.1705503158		-1.0
	16075.00000000	3.95375		-1.86995  0.2  0.2		4.1705503158		-1.0
	16105.00000000	3.98839		-1.78702  0.2  0.2		4.1705503158		-1.0
	16135.00000000	3.27777		-1.74617  0.2  0.2		4.1705503158		-1.0
	16165.00000000	2.73619		-1.99416  0.2  0.2		4.1705503158		-1.0
	16195.00000000	3.17663		-2.15727  0.2  0.2		4.1705503158		-1.0
	16225.00000000	3.08772		-2.0761  0.2  0.2		4.1705503158		-1.0
	16255.00000000	2.78561		-1.91824  0.2  0.2		4.1705503158		-1.0
	16285.00000000	2.63236		-1.66619  0.2  0.2		4.1705503158		-1.0
	16315.00000000	2.68741		-1.26423  0.2  0.2		4.1705503158		-1.0
	16345.00000000	2.67966		-1.27349  0.2  0.2		4.1705503158		-1.0
	16375.00000000	2.59659		-1.17673  0.2  0.2		4.1705503158		-1.0
	16405.00000000	3.57143		-0.91103  0.2  0.2		4.1705503158		-1.0
	16435.00000000	3.85101		-1.35757  0.2  0.2		4.1705503158		-1.0
	16465.00000000	3.48819		-1.25723  0.2  0.2		4.1705503158		-1.0
	16495.00000000	3.37375		-0.86625  0.2  0.2		4.1705503158		-1.0
	16525.00000000	2.75306		-0.60223  0.2  0.2		4.1705503158		-1.0
	16555.00000000	2.81333		-0.77599  0.2  0.2		4.1705503158		-1.0
	16585.00000000	2.68334		-0.90727  0.2  0.2		4.1705503158		-1.0
	16615.00000000	2.85696		-0.69426  0.2  0.2		4.1705503158		-1.0
	16645.00000000	3.32201		-0.51809  0.2  0.2		4.1705503158		-1.0
	16675.00000000	3.65268		-0.22762  0.2  0.2		4.1705503158		-1.0
	16705.00000000	3.42722		0.10956  0.2  0.2		4.1705503158		-1.0
	16735.00000000	3.47029		0.12365  0.2  0.2		4.1705503158		-1.0
	16765.00000000	3.34873		-0.2348  0.2  0.2		4.1705503158		-1.0
	16795.00000000	3.48447		-0.64808  0.2  0.2		4.1705503158		-1.0
	16825.00000000	3.51636		-0.9642  0.2  0.2		4.1705503158		-1.0
	16855.00000000	3.50181		-1.19973  0.2  0.2		4.1705503158		-1.0
	16885.00000000	3.33255		-0.89332  0.2  0.2		4.1705503158		-1.0
	16915.00000000	3.87978		-0.88327  0.2  0.2		4.1705503158		-1.0
	16945.00000000	3.5119		-0.52005  0.2  0.2		4.1705503158		-1.0
	16975.00000000	3.77838		-0.48108  0.2  0.2		4.1705503158		-1.0
	17005.00000000	3.81106		-0.52616  0.2  0.2		4.1705503158		-1.0
	17035.00000000	3.47511		-0.16358  0.2  0.2		4.1705503158		-1.0
	17065.00000000	3.94826		-0.0332  0.2  0.2		4.1705503158		-1.0
	17095.00000000	3.52495		0.19535  0.2  0.2		4.1705503158		-1.0
	17125.00000000	3.78644		0.25541  0.2  0.2		4.1705503158		-1.0
	17155.00000000	3.71903		0.01655  0.2  0.2		4.1705503158		-1.0
	17185.00000000	3.20474		0.38823  0.2  0.2		4.1705503158		-1.0
	17215.00000000	2.77485		0.88865  0.2  0.2		4.1705503158		-1.0
	17245.00000000	2.69475		1.48087  0.2  0.2		4.1705503158		-1.0
	17275.00000000	2.69493		1.36288  0.2  0.2		4.1705503158		-1.0
	17305.00000000	2.73818		1.27564  0.2  0.2		4.1705503158		-1.0
	17335.00000000	2.6237		1.3998  0.2  0.2		4.1705503158		-1.0
	17365.00000000	2.7178		1.95016  0.2  0.2		4.1705503158		-1.0
	17395.00000000	2.92575		2.03396  0.2  0.2		4.1705503158		-1.0
	17425.00000000	2.74425		1.99528  0.2  0.2		4.1705503158		-1.0
	17455.00000000	2.89679		1.81066  0.2  0.2		4.1705503158		-1.0
	17485.00000000	2.74236		1.69613  0.2  0.2		4.1705503158		-1.0
	17515.00000000	2.73641		1.58428  0.2  0.2		4.1705503158		-1.0
	17545.00000000	2.75672		1.55269  0.2  0.2		4.1705503158		-1.0
	17575.00000000	2.72213		1.70318  0.2  0.2		4.1705503158		-1.0
	17605.00000000	2.74417		1.5271  0.2  0.2		4.1705503158		-1.0
	17635.00000000	2.64183		1.53721  0.2  0.2		4.1705503158		-1.0
	17665.00000000	2.59112		1.36644  0.2  0.2		4.1705503158		-1.0
	17695.00000000	2.78218		0.77847  0.2  0.2		4.1705503158		-1.0
	17725.00000000	2.78055		0.35552  0.2  0.2		4.1705503158		-1.0
	17755.00000000	2.94558		0.51442  0.2  0.2		4.1705503158		-1.0
	17785.00000000	2.71789		0.76023  0.2  0.2		4.1705503158		-1.0
	17815.00000000	2.9798		0.86528  0.2  0.2		4.1705503158		-1.0
	17845.00000000	3.22421		0.77158  0.2  0.2		4.1705503158		-1.0
	17875.00000000	3.29473		0.97775  0.2  0.2		4.1705503158		-1.0
	17905.00000000	3.22255		1.35993  0.2  0.2		4.1705503158		-1.0
	17935.00000000	3.41615		1.65739  0.2  0.2		4.1705503158		-1.0
	17965.00000000	3.34453		1.53214  0.2  0.2		4.1705503158		-1.0
	17995.00000000	3.2357		1.32494  0.2  0.2		4.1705503158		-1.0
	18025.00000000	3.40344		1.34258  0.2  0.2		4.1705503158		-1.0
	18055.00000000	3.23199		1.66589  0.2  0.2		4.1705503158		-1.0
	18085.00000000	3.10184		1.46289  0.2  0.2		4.1705503158		-1.0
	18115.00000000	3.36332		0.94966  0.2  0.2		4.1705503158		-1.0
	18145.00000000	3.01454		0.73179  0.2  0.2		4.1705503158		-1.0
	18175.00000000	2.83866		0.49642  0.2  0.2		4.1705503158		-1.0
	18205.00000000	2.60743		0.43529  0.2  0.2		4.1705503158		-1.0
	18235.00000000	2.65444		0.55799  0.2  0.2		4.1705503158		-1.0
	18265.00000000	2.74457		0.99691  0.2  0.2		4.1705503158		-1.0
	18295.00000000	2.91888		1.11123  0.2  0.2		4.1705503158		-1.0
	18325.00000000	3.27983		1.2577  0.2  0.2		4.1705503158		-1.0
	18355.00000000	3.51167		1.15259  0.2  0.2		4.1705503158		-1.0
	18385.00000000	3.0563		0.89665  0.2  0.2		4.1705503158		-1.0
	18415.00000000	2.62525		1.03779  0.2  0.2		4.1705503158		-1.0
	18445.00000000	2.53879		1.40471  0.2  0.2		4.1705503158		-1.0
	18475.00000000	3.61861		1.55086  0.2  0.2		4.1705503158		-1.0
	18505.00000000	3.21832		1.39297  0.2  0.2		4.1705503158		-1.0
	18535.00000000	3.65389		1.02045  0.2  0.2		4.1705503158		-1.0
	18565.00000000	3.55115		1.02569  0.2  0.2		4.1705503158		-1.0
	18595.00000000	3.62934		1.4526  0.2  0.2		4.1705503158		-1.0
	18625.00000000	3.40427		1.73278  0.2  0.2		4.1705503158		-1.0
	18655.00000000	3.46575		1.51193  0.2  0.2		4.1705503158		-1.0
	18685.00000000	3.1721		1.21227  0.2  0.2		4.1705503158		-1.0
	18715.00000000	3.35434		1.28972  0.2  0.2		4.1705503158		-1.0
	18745.00000000	3.68088		1.74911  0.2  0.2		4.1705503158		-1.0
	18775.00000000	3.51368		1.89374  0.2  0.2		4.1705503158		-1.0
	18805.00000000	3.75512		2.11569  0.2  0.2		4.1705503158		-1.0
	18835.00000000	3.7196		1.9288  0.2  0.2		4.1705503158		-1.0
	18865.00000000	2.83581		2.02354  0.2  0.2		4.1705503158		-1.0
	18895.00000000	3.12016		2.1422  0.2  0.2		4.1705503158		-1.0
	18925.00000000	2.93582		2.03444  0.2  0.2		4.1705503158		-1.0
	18955.00000000	3.45435		2.00074  0.2  0.2		4.1705503158		-1.0
	18985.00000000	3.84923		2.1697  0.2  0.2		4.1705503158		-1.0
	19015.00000000	3.10457		2.37007  0.2  0.2		4.1705503158		-1.0
	19045.00000000	2.72121		2.17695  0.2  0.2		4.1705503158		-1.0
	19075.00000000	3.12581		2.31286  0.2  0.2		4.1705503158		-1.0
	19105.00000000	3.74831		2.2898  0.2  0.2		4.1705503158		-1.0
	19135.00000000	3.42648		2.59537  0.2  0.2		4.1705503158		-1.0
	19165.00000000	3.65239		2.57722  0.2  0.2		4.1705503158		-1.0
	19195.00000000	3.59794		2.44272  0.2  0.2		4.1705503158		-1.0
	19225.00000000	2.91273		2.13757  0.2  0.2		4.1705503158		-1.0
	19255.00000000	2.89705		2.06817  0.2  0.2		4.1705503158		-1.0
	19285.00000000	3.09765		2.3679  0.2  0.2		4.1705503158		-1.0
	19315.00000000	2.70363		2.44735  0.2  0.2		4.1705503158		-1.0
	19345.00000000	2.67808		2.60282  0.2  0.2		4.1705503158		-1.0
	19375.00000000	2.68496		2.75491  0.2  0.2		4.1705503158		-1.0
	19405.00000000	2.81142		2.7598  0.2  0.2		4.1705503158		-1.0
	19435.00000000	3.29048		2.64348  0.2  0.2		4.1705503158		-1.0
	19465.00000000	3.49556		2.82797  0.2  0.2		4.1705503158		-1.0
	19495.00000000	3.10413		-3.05247  0.2  0.2		4.1705503158		-1.0
	19525.00000000	3.66709		-3.05056  0.2  0.2		4.1705503158		-1.0
	19555.00000000	3.06197		3.09525  0.2  0.2		4.1705503158		-1.0
	19585.00000000	3.07759		2.97401  0.2  0.2		4.1705503158		-1.0
	19615.00000000	2.91153		3.13266  0.2  0.2		4.1705503158		-1.0
	19645.00000000	3.0175		3.10248  0.2  0.2		4.1705503158		-1.0
	19675.00000000	2.82007		-2.91233  0.2  0.2		4.1705503158		-1.0
	19705.00000000	3.46375		-2.8059  0.2  0.2		4.1705503158		-1.0
	19735.00000000	2.9772		-2.65689  0.2  0.2		4.1705503158		-1.0
	19765.00000000	2.80445		-2.39087  0.2  0.2		4.1705503158		-1.0
	19795.00000000	2.78073		-2.11492  0.2  0.2		4.1705503158		-1.0
	19825.00000000	2.82678		-2.17246  0.2  0.2		4.1705503158		-1.0
	19855.00000000	2.72495		-2.2441  0.2  0.2		4.1705503158		-1.0
	19885.00000000	2.73933		-2.32003  0.2  0.2		4.1705503158		-1.0
	19915.00000000	3.57845		-2.40174  0.2  0.2		4.1705503158		-1.0
	19945.00000000	3.38724		-2.54249  0.2  0.2		4.1705503158		-1.0
	19975.00000000	3.70461		-2.70991  0.2  0.2		4.1705503158		-1.0
	20005.00000000	3.6125		-2.68075  0.2  0.2		4.1705503158		-1.0
	20035.00000000	3.64533		-2.77293  0.2  0.2		4.1705503158		-1.0
	20065.00000000	3.71399		-2.80049  0.2  0.2		4.1705503158		-1.0
	20095.00000000	3.71728		-2.89834  0.2  0.2		4.1705503158		-1.0
	20125.00000000	3.46861		-3.08708  0.2  0.2		4.1705503158		-1.0
	20155.00000000	3.84973		2.99285  0.2  0.2		4.1705503158		-1.0
	20185.00000000	4.02409		-3.12483  0.2  0.2		4.1705503158		-1.0
	20215.00000000	3.56174		3.09729  0.2  0.2		4.1705503158		-1.0
	20245.00000000	3.31914		3.00022  0.2  0.2		4.1705503158		-1.0
	20275.00000000	3.82536		-3.10042  0.2  0.2		4.1705503158		-1.0
	20305.00000000	4.6498		-2.93799  0.2  0.2		4.1705503158		-1.0
	20335.00000000	3.86778		-2.83392  0.2  0.2		4.1705503158		-1.0
	20365.00000000	3.24776		-2.89776  0.2  0.2		4.1705503158		-1.0
	20395.00000000	3.25886		-2.92835  0.2  0.2		4.1705503158		-1.0
	20425.00000000	3.28997		-2.99701  0.2  0.2		4.1705503158		-1.0
	20455.00000000	3.08596		-3.0012  0.2  0.2		4.1705503158		-1.0
	20485.00000000	3.80552		3.08255  0.2  0.2		4.1705503158		-1.0
	20515.00000000	3.57602		2.84549  0.2  0.2		4.1705503158		-1.0
	20545.00000000	3.87214		2.87359  0.2  0.2		4.1705503158		-1.0
	20575.00000000	3.57294		2.91386  0.2  0.2		4.1705503158		-1.0
	20605.00000000	3.83131		2.83814  0.2  0.2		4.1705503158		-1.0
	20635.00000000	3.48713		2.5602  0.2  0.2		4.1705503158		-1.0
	20665.00000000	3.09077		2.45441  0.2  0.2		4.1705503158		-1.0
	20695.00000000	3.69379		2.52434  0.2  0.2		4.1705503158		-1.0
	20725.00000000	3.39593		2.69989  0.2  0.2		4.1705503158		-1.0
	20754.99999999	2.55429		2.59927  0.2  0.2		4.1705503158		-1.0
	20784.99999999	2.6432		2.38684  0.2  0.2		4.1705503158		-1.0
	20814.99999999	2.62212		2.50566  0.2  0.2		4.1705503158		-1.0
	20844.99999999	2.74274		2.6803  0.2  0.2		4.1705503158		-1.0
	20874.99999999	2.67777		2.93603  0.2  0.2		4.1705503158		-1.0
	20904.99999999	2.54795		3.09961  0.2  0.2		4.1705503158		-1.0
	20934.99999999	2.70852		2.96939  0.2  0.2		4.1705503158		-1.0
	20964.99999999	2.61692		2.96681  0.2  0.2		4.1705503158		-1.0
	20994.99999999	2.60822		2.98973  0.2  0.2		4.1705503158		-1.0
	21024.99999999	2.69497		-2.86747  0.2  0.2		4.1705503158		-1.0
	21054.99999999	2.56298		-2.79757  0.2  0.2		4.1705503158		-1.0
	21084.99999999	2.59067		-2.66113  0.2  0.2		4.1705503158		-1.0
	21114.99999999	2.55977		-2.42886  0.2  0.2		4.1705503158		-1.0
	21144.99999999	2.63719		-2.39363  0.2  0.2		4.1705503158		-1.0
	21174.99999999	2.64613		-2.08464  0.2  0.2		4.1705503158		-1.0
	21204.99999999	2.64397		-1.91379  0.2  0.2		4.1705503158		-1.0
	21234.99999999	2.65192		-2.11596  0.2  0.2		4.1705503158		-1.0
	21264.99999999	2.57735		-2.55889  0.2  0.2		4.1705503158		-1.0
	21294.99999999	2.56905		-2.92102  0.2  0.2		4.1705503158		-1.0
	21324.99999999	2.63232		2.81066  0.2  0.2		4.1705503158		-1.0
	21354.99999999	2.71374		2.33462  0.2  0.2		4.1705503158		-1.0
	21384.99999999	2.59086		2.26908  0.2  0.2		4.1705503158		-1.0
	21414.99999999	2.55233		2.33804  0.2  0.2		4.1705503158		-1.0
	21444.99999999	2.69956		2.2614  0.2  0.2		4.1705503158		-1.0
	21474.99999999	3.13806		2.06005  0.2  0.2		4.1705503158		-1.0
	21504.99999999	3.14177		2.08403  0.2  0.2		4.1705503158		-1.0
	21534.99999999	3.67156		2.10301  0.2  0.2		4.1705503158		-1.0
	21564.99999999	3.87732		1.98394  0.2  0.2		4.1705503158		-1.0
	21594.99999999	3.24012		1.89081  0.2  0.2		4.1705503158		-1.0
	21624.99999999	3.36198		1.54057  0.2  0.2		4.1705503158		-1.0
	21654.99999999	3.46929		1.59068  0.2  0.2		4.1705503158		-1.0
	21684.99999999	3.32164		2.14612  0.2  0.2		4.1705503158		-1.0
	21714.99999999	4.09908		2.37867  0.2  0.2		4.1705503158		-1.0
	21744.99999999	3.52742		2.4304  0.2  0.2		4.1705503158		-1.0
	21774.99999999	4.16795		2.20083  0.2  0.2		4.1705503158		-1.0
	21804.99999999	3.58582		1.9806  0.2  0.2		4.1705503158		-1.0
	21834.99999999	3.63907		2.2776  0.2  0.2		4.1705503158		-1.0
	21864.99999999	3.6435		2.47421  0.2  0.2		4.1705503158		-1.0
	21894.99999999	4.23623		2.3626  0.2  0.2		4.1705503158		-1.0
	21924.99999999	3.8831		2.35176  0.2  0.2		4.1705503158		-1.0
	21954.99999999	4.19292		2.2649  0.2  0.2		4.1705503158		-1.0
	21984.99999999	4.5629		2.51221  0.2  0.2		4.1705503158		-1.0
	22014.99999999	4.48625		2.48693  0.2  0.2		4.1705503158		-1.0
	22044.99999999	4.91209		2.78846  0.2  0.2		4.1705503158		-1.0
	22074.99999999	5.33732		2.81147  0.2  0.2		4.1705503158		-1.0
	22104.99999999	5.60311		2.81311  0.2  0.2		4.1705503158		-1.0
	22134.99999999	6.19144		3.04205  0.2  0.2		4.1705503158		-1.0
	22164.99999999	5.99037		-3.08912  0.2  0.2		4.1705503158		-1.0
	22194.99999999	5.36392		2.93667  0.2  0.2		4.1705503158		-1.0
	22224.99999999	4.39409		2.86682  0.2  0.2		4.1705503158		-1.0
	22254.99999999	4.22709		2.70845  0.2  0.2		4.1705503158		-1.0
	22284.99999999	4.85603		2.81528  0.2  0.2		4.1705503158		-1.0
	22314.99999999	5.11125		2.63297  0.2  0.2		4.1705503158		-1.0
	22344.99999999	5.60701		2.70098  0.2  0.2		4.1705503158		-1.0
	22374.99999999	5.77041		2.87674  0.2  0.2		4.1705503158		-1.0
	22404.99999999	6.41536		2.76045  0.2  0.2		4.1705503158		-1.0
	22434.99999999	7.00744		2.68965  0.2  0.2		4.1705503158		-1.0
	22464.99999999	7.00344		2.97221  0.2  0.2		4.1705503158		-1.0
	22494.99999999	7.30665		-3.06293  0.2  0.2		4.1705503158		-1.0
	22524.99999999	7.75764		-3.05697  0.2  0.2		4.1705503158		-1.0
	22554.99999999	8.07402		-2.74794  0.2  0.2		4.1705503158		-1.0
	22584.99999999	8.46955		-2.54895  0.2  0.2		4.1705503158		-1.0
	22614.99999999	9.08131		-2.35138  0.2  0.2		4.1705503158		-1.0
	22644.99999999	9.78324		-2.53101  0.2  0.2		4.1705503158		-1.0
	22674.99999999	9.72813		-2.37115  0.2  0.2		4.1705503158		-1.0
	22704.99999999	9.73093		-2.19184  0.2  0.2		4.1705503158		-1.0
	22734.99999999	9.71186		-1.93712  0.2  0.2		4.1705503158		-1.0
	22764.99999999	9.63221		-1.98628  0.2  0.2		4.1705503158		-1.0
	22794.99999999	9.38835		-2.03043  0.2  0.2		4.1705503158		-1.0
	22824.99999999	8.52627		-2.0066  0.2  0.2		4.1705503158		-1.0
	22854.99999999	7.50637		-2.16509  0.2  0.2		4.1705503158		-1.0
	22884.99999999	6.91115		-2.0347  0.2  0.2		4.1705503158		-1.0
	22914.99999999	6.65057		-1.80205  0.2  0.2		4.1705503158		-1.0
	22944.99999999	6.54027		-1.66155  0.2  0.2		4.1705503158		-1.0
	22974.99999999	7.08677		-1.53793  0.2  0.2		4.1705503158		-1.0
	23004.99999999	7.70245		-1.58315  0.2  0.2		4.1705503158		-1.0
	23034.99999999	7.34921		-1.68596  0.2  0.2		4.1705503158		-1.0
	23064.99999999	7.43809		-1.54095  0.2  0.2		4.1705503158		-1.0
	23094.99999999	7.6596		-1.55722  0.2  0.2		4.1705503158		-1.0
	23124.99999999	7.98506		-1.85628  0.2  0.2		4.1705503158		-1.0
	23154.99999999	8.13379		-1.98058  0.2  0.2		4.1705503158		-1.0
	23184.99999999	8.24401		-2.20319  0.2  0.2		4.1705503158		-1.0
	23214.99999999	8.96688		-2.23978  0.2  0.2		4.1705503158		-1.0
	23244.99999999	9.47173		-2.48055  0.2  0.2		4.1705503158		-1.0
	23274.99999999	9.52452		-2.54362  0.2  0.2		4.1705503158		-1.0
	23304.99999999	9.76696		-3.02365  0.2  0.2		4.1705503158		-1.0
	23334.99999999	10.07749		3.08666  0.2  0.2		4.1705503158		-1.0
	23364.99999999	10.19237		2.98879  0.2  0.2		4.1705503158		-1.0
	23394.99999999	10.45598		3.09179  0.2  0.2		4.1705503158		-1.0
	23424.99999999	11.24302		-3.09485  0.2  0.2		4.1705503158		-1.0
	23454.99999999	11.38289		-2.90918  0.2  0.2		4.1705503158		-1.0
	23484.99999999	12.05576		-2.79599  0.2  0.2		4.1705503158		-1.0
	23514.99999999	11.63803		-2.82452  0.2  0.2		4.1705503158		-1.0
	23544.99999999	12.08434		-2.96662  0.2  0.2		4.1705503158		-1.0
	23574.99999999	11.73792		-2.84712  0.2  0.2		4.1705503158		-1.0
	23604.99999999	10.84694		-2.80374  0.2  0.2		4.1705503158		-1.0
	23634.99999999	10.33984		-2.73698  0.2  0.2		4.1705503158		-1.0
	23664.99999999	9.52766		-2.62965  0.2  0.2		4.1705503158		-1.0
	23694.99999999	8.72689		-2.84803  0.2  0.2		4.1705503158		-1.0
	23724.99999999	9.02822		-3.04543  0.2  0.2		4.1705503158		-1.0
	23754.99999999	9.13202		-2.86156  0.2  0.2		4.1705503158		-1.0
	23784.99999999	9.23391		-2.92774  0.2  0.2		4.1705503158		-1.0
	23814.99999999	9.51403		2.88609  0.2  0.2		4.1705503158		-1.0
	23844.99999999	9.68877		2.78197  0.2  0.2		4.1705503158		-1.0
	23874.99999999	10.24019		2.65042  0.2  0.2		4.1705503158		-1.0
	23904.99999999	10.75627		2.73513  0.2  0.2		4.1705503158		-1.0
	23934.99999999	10.79167		2.93077  0.2  0.2		4.1705503158		-1.0
	23964.99999999	10.75383		2.97325  0.2  0.2		4.1705503158		-1.0
	23994.99999999	10.56688		3.07962  0.2  0.2		4.1705503158		-1.0
	24024.99999999	10.68239		-3.10633  0.2  0.2		4.1705503158		-1.0
	24054.99999999	10.94929		-2.97815  0.2  0.2		4.1705503158		-1.0
	24084.99999999	11.09071		-2.85031  0.2  0.2		4.1705503158		-1.0
	24114.99999999	11.33703		-2.7238  0.2  0.2		4.1705503158		-1.0
	24144.99999999	11.2705		-2.74803  0.2  0.2		4.1705503158		-1.0
	24174.99999999	10.94864		-2.47464  0.2  0.2		4.1705503158		-1.0
	24204.99999999	10.15972		-2.43447  0.2  0.2		4.1705503158		-1.0
	24234.99999999	10.13995		-2.35504  0.2  0.2		4.1705503158		-1.0
	24264.99999999	10.7845		-2.12254  0.2  0.2		4.1705503158		-1.0
	24294.99999999	11.38862		-2.2341  0.2  0.2		4.1705503158		-1.0
	24324.99999999	11.77125		-2.35683  0.2  0.2		4.1705503158		-1.0
	24354.99999999	12.14443		-2.27993  0.2  0.2		4.1705503158		-1.0
	24384.99999999	11.52312		-2.15928  0.2  0.2		4.1705503158		-1.0
	24414.99999999	10.82912		-1.83974  0.2  0.2		4.1705503158		-1.0
	24444.99999999	10.13556		-1.44157  0.2  0.2		4.1705503158		-1.0
	24474.99999999	9.47186		-1.19528  0.2  0.2		4.1705503158		-1.0
	24504.99999999	9.18036		-0.85759  0.2  0.2		4.1705503158		-1.0
	24534.99999999	8.62518		-0.4323  0.2  0.2		4.1705503158		-1.0
	24564.99999999	8.3737		-0.09833  0.2  0.2		4.1705503158		-1.0
	24594.99999999	7.71173		-0.20274  0.2  0.2		4.1705503158		-1.0
	24624.99999999	7.70171		-0.05008  0.2  0.2		4.1705503158		-1.0
	24654.99999999	6.96148		0.29904  0.2  0.2		4.1705503158		-1.0
	24684.99999999	6.76094		0.7096  0.2  0.2		4.1705503158		-1.0
	24714.99999999	7.49876		0.98953  0.2  0.2		4.1705503158		-1.0
	24744.99999999	8.02967		0.89084  0.2  0.2		4.1705503158		-1.0
	24774.99999999	8.28578		0.59063  0.2  0.2		4.1705503158		-1.0
	24804.99999999	8.84632		0.50183  0.2  0.2		4.1705503158		-1.0
	24834.99999999	9.27688		0.27447  0.2  0.2		4.1705503158		-1.0
	24864.99999999	10.00154		0.57047  0.2  0.2		4.1705503158		-1.0
	24894.99999999	9.76946		0.78232  0.2  0.2		4.1705503158		-1.0
	24924.99999999	9.51863		0.5146  0.2  0.2		4.1705503158		-1.0
	24954.99999999	8.75222		0.50054  0.2  0.2		4.1705503158		-1.0
	24984.99999999	8.47829		0.45228  0.2  0.2		4.1705503158		-1.0
	25014.99999999	7.70724		0.58748  0.2  0.2		4.1705503158		-1.0
	25044.99999999	7.54434		0.35635  0.2  0.2		4.1705503158		-1.0
	25074.99999999	7.28151		-0.27965  0.2  0.2		4.1705503158		-1.0
	25104.99999999	7.40216		-0.63796  0.2  0.2		4.1705503158		-1.0
	25134.99999999	7.7909		-1.10197  0.2  0.2		4.1705503158		-1.0
	25164.99999999	7.66466		-0.92514  0.2  0.2		4.1705503158		-1.0
	25194.99999999	7.68492		-1.38173  0.2  0.2		4.1705503158		-1.0
	25224.99999999	8.21353		2.58364  0.2  0.2		4.1705503158		-1.0
	25254.99999999	8.60975		2.07124  0.2  0.2		4.1705503158		-1.0
	25284.99999999	9.06931		1.89123  0.2  0.2		4.1705503158		-1.0
	25314.99999999	9.50264		2.03853  0.2  0.2		4.1705503158		-1.0
	25344.99999999	9.65061		2.22024  0.2  0.2		4.1705503158		-1.0
	25374.99999999	9.32102		2.40546  0.2  0.2		4.1705503158		-1.0
	25404.99999999	9.16472		2.55351  0.2  0.2		4.1705503158		-1.0
	25434.99999999	8.89668		2.60698  0.2  0.2		4.1705503158		-1.0
	25464.99999999	8.19982		2.86601  0.2  0.2		4.1705503158		-1.0
	25494.99999999	7.7336		2.84371  0.2  0.2		4.1705503158		-1.0
	25524.99999999	7.64929		2.98658  0.2  0.2		4.1705503158		-1.0
	25554.99999999	7.88675		-3.02279  0.2  0.2		4.1705503158		-1.0
	25584.99999999	8.38858		-3.12947  0.2  0.2		4.1705503158		-1.0
	25614.99999999	8.71548		-2.92324  0.2  0.2		4.1705503158		-1.0
	25644.99999999	9.28726		3.04012  0.2  0.2		4.1705503158		-1.0
	25674.99999999	9.55519		2.83911  0.2  0.2		4.1705503158		-1.0
	25704.99999999	10.31567		2.92359  0.2  0.2		4.1705503158		-1.0
	25734.99999999	10.68167		2.56597  0.2  0.2		4.1705503158		-1.0
	25764.99999999	11.00051		2.5884  0.2  0.2		4.1705503158		-1.0
	25794.99999999	11.54862		2.66142  0.2  0.2		4.1705503158		-1.0
	25824.99999999	12.00825		2.67295  0.2  0.2		4.1705503158		-1.0
	25854.99999999	12.01567		2.75985  0.2  0.2		4.1705503158		-1.0
	25884.99999999	11.68346		3.09374  0.2  0.2		4.1705503158		-1.0
	25914.99999999	11.7275		-3.06147  0.2  0.2		4.1705503158		-1.0
	25944.99999999	11.419		3.08404  0.2  0.2		4.1705503158		-1.0
	25974.99999999	11.31469		-2.92974  0.2  0.2		4.1705503158		-1.0
	26004.99999999	10.66179		-2.82695  0.2  0.2		4.1705503158		-1.0
	26034.99999999	9.8885		-2.67341  0.2  0.2		4.1705503158		-1.0
	26064.99999999	9.90413		-2.8278  0.2  0.2		4.1705503158		-1.0
	26094.99999999	9.99903		-3.05122  0.2  0.2		4.1705503158		-1.0
	26124.99999999	10.36227		-2.7643  0.2  0.2		4.1705503158		-1.0
	26154.99999999	11.1177		-2.7277  0.2  0.2		4.1705503158		-1.0
	26184.99999999	11.49526		-2.86187  0.2  0.2		4.1705503158		-1.0
	26214.99999999	11.86234		-2.83456  0.2  0.2		4.1705503158		-1.0
	26244.99999999	11.95943		-2.78742  0.2  0.2		4.1705503158		-1.0
	26274.99999999	11.8182		-2.65559  0.2  0.2		4.1705503158		-1.0
	26304.99999999	12.04539		-2.76762  0.2  0.2		4.1705503158		-1.0
	26334.99999999	12.0457		-2.81728  0.2  0.2		4.1705503158		-1.0
	26364.99999999	11.81102		-2.96419  0.2  0.2		4.1705503158		-1.0
	26394.99999999	11.9434		-3.02786  0.2  0.2		4.1705503158		-1.0
	26424.99999999	11.64668		3.06736  0.2  0.2		4.1705503158		-1.0
	26454.99999999	11.54015		2.64491  0.2  0.2		4.1705503158		-1.0
	26484.99999999	11.67089		2.86488  0.2  0.2		4.1705503158		-1.0
	26514.99999999	12.14233		2.88472  0.2  0.2		4.1705503158		-1.0
	26544.99999999	11.99609		2.79585  0.2  0.2		4.1705503158		-1.0
	26574.99999999	11.24321		2.89154  0.2  0.2		4.1705503158		-1.0
	26604.99999999	10.92771		3.14029  0.2  0.2		4.1705503158		-1.0
	26634.99999999	11.50211		-2.88026  0.2  0.2		4.1705503158		-1.0
	26664.99999999	11.4726		-2.93782  0.2  0.2		4.1705503158		-1.0
	26694.99999999	10.87		3.0792  0.2  0.2		4.1705503158		-1.0
	26724.99999999	10.47977		2.79884  0.2  0.2		4.1705503158		-1.0
	26754.99999999	10.20583		2.82339  0.2  0.2		4.1705503158		-1.0
	26784.99999999	9.45462		2.7853  0.2  0.2		4.1705503158		-1.0
	26814.99999999	8.69033		2.82312  0.2  0.2		4.1705503158		-1.0
	26844.99999999	7.75004		2.85746  0.2  0.2		4.1705503158		-1.0
	26874.99999999	6.94241		2.71049  0.2  0.2		4.1705503158		-1.0
	26904.99999999	6.14006		3.10689  0.2  0.2		4.1705503158		-1.0
	26934.99999999	6.27191		3.11616  0.2  0.2		4.1705503158		-1.0
	26964.99999999	7.02156		-2.86474  0.2  0.2		4.1705503158		-1.0
	26994.99999999	7.32543		-2.77085  0.2  0.2		4.1705503158		-1.0
	27024.99999999	7.76024		-2.46254  0.2  0.2		4.1705503158		-1.0
	27054.99999999	8.24748		-2.37666  0.2  0.2		4.1705503158		-1.0
	27084.99999999	8.76683		-2.55934  0.2  0.2		4.1705503158		-1.0
	27114.99999999	9.00423		-2.32671  0.2  0.2		4.1705503158		-1.0
	27144.99999999	8.67984		-2.11045  0.2  0.2		4.1705503158		-1.0
	27174.99999999	8.83795		-2.35453  0.2  0.2		4.1705503158		-1.0
	27204.99999999	8.97266		-2.54676  0.2  0.2		4.1705503158		-1.0
	27234.99999998	9.53418		-2.8985  0.2  0.2		4.1705503158		-1.0
	27264.99999998	9.85971		3.11354  0.2  0.2		4.1705503158		-1.0
	27294.99999998	9.62643		2.70319  0.2  0.2		4.1705503158		-1.0
	27324.99999998	10.03888		2.67202  0.2  0.2		4.1705503158		-1.0
	27354.99999998	10.60347		2.27143  0.2  0.2		4.1705503158		-1.0
	27384.99999998	11.23284		1.92814  0.2  0.2		4.1705503158		-1.0
	27414.99999998	11.93685		2.33793  0.2  0.2		4.1705503158		-1.0
	27444.99999998	11.92873		2.22964  0.2  0.2		4.1705503158		-1.0
	27474.99999998	11.7621		2.43608  0.2  0.2		4.1705503158		-1.0
	27504.99999998	11.67765		2.52127  0.2  0.2		4.1705503158		-1.0
	27534.99999998	11.26765		2.7486  0.2  0.2		4.1705503158		-1.0
	27564.99999998	10.89887		3.11469  0.2  0.2		4.1705503158		-1.0
	27594.99999998	10.15687		-2.72256  0.2  0.2		4.1705503158		-1.0
	27624.99999998	10.16319		-1.95482  0.2  0.2		4.1705503158		-1.0
	27654.99999998	10.5629		-1.38872  0.2  0.2		4.1705503158		-1.0
	27684.99999998	10.93801		-1.20237  0.2  0.2		4.1705503158		-1.0
	27714.99999998	11.60606		-0.78992  0.2  0.2		4.1705503158		-1.0
	27744.99999998	11.41532		-0.42583  0.2  0.2		4.1705503158		-1.0
	27774.99999998	11.23599		-0.21927  0.2  0.2		4.1705503158		-1.0
	27804.99999998	10.29847		-0.2605  0.2  0.2		4.1705503158		-1.0
	27834.99999998	9.93506		-0.57422  0.2  0.2		4.1705503158		-1.0
	27864.99999998	9.89765		-1.33385  0.2  0.2		4.1705503158		-1.0
	27894.99999998	9.79996		-1.56836  0.2  0.2		4.1705503158		-1.0
	27924.99999998	10.0975		-1.32306  0.2  0.2		4.1705503158		-1.0
	27954.99999998	10.61607		-0.8483  0.2  0.2		4.1705503158		-1.0
	27984.99999998	10.9709		-0.44788  0.2  0.2		4.1705503158		-1.0
	28014.99999998	10.44549		-0.68965  0.2  0.2		4.1705503158		-1.0
	28044.99999998	10.27518		-0.47627  0.2  0.2		4.1705503158		-1.0
	28074.99999998	9.98208		-0.73117  0.2  0.2		4.1705503158		-1.0
	28104.99999998	9.52488		-1.1152  0.2  0.2		4.1705503158		-1.0
	28134.99999998	8.85085		-1.81209  0.2  0.2		4.1705503158		-1.0
	28164.99999998	8.60689		-1.86899  0.2  0.2		4.1705503158		-1.0
	28194.99999998	8.64802		-1.44513  0.2  0.2		4.1705503158		-1.0
	28224.99999998	8.3015		-1.22952  0.2  0.2		4.1705503158		-1.0
	28254.99999998	8.09828		-1.02805  0.2  0.2		4.1705503158		-1.0
	28284.99999998	8.07857		-0.87734  0.2  0.2		4.1705503158		-1.0
	28314.99999998	8.72441		-0.87187  0.2  0.2		4.1705503158		-1.0
	28344.99999998	9.84091		-0.89457  0.2  0.2		4.1705503158		-1.0
	28374.99999998	10.74204		-0.87032  0.2  0.2		4.1705503158		-1.0
	28404.99999998	11.79522		-1.11535  0.2  0.2		4.1705503158		-1.0
	28434.99999998	12.15125		-1.15166  0.2  0.2		4.1705503158		-1.0
	28464.99999998	11.36597		-1.24691  0.2  0.2		4.1705503158		-1.0
	28494.99999998	10.38838		-1.0731  0.2  0.2		4.1705503158		-1.0
	28524.99999998	9.85974		-1.32264  0.2  0.2		4.1705503158		-1.0
	28554.99999998	10.25405		-1.02415  0.2  0.2		4.1705503158		-1.0
	28584.99999998	10.95662		-1.08025  0.2  0.2		4.1705503158		-1.0
	28614.99999998	11.84061		-1.04423  0.2  0.2		4.1705503158		-1.0
	28644.99999998	11.93922		-1.09377  0.2  0.2		4.1705503158		-1.0
	28674.99999998	11.03137		-1.02717  0.2  0.2		4.1705503158		-1.0
	28704.99999998	10.17514		-1.00296  0.2  0.2		4.1705503158		-1.0
	28734.99999998	9.27018		-0.95584  0.2  0.2		4.1705503158		-1.0
	28764.99999998	8.42013		-1.06187  0.2  0.2		4.1705503158		-1.0
	28794.99999998	8.00198		-1.05266  0.2  0.2		4.1705503158		-1.0
	28824.99999998	7.63957		-1.29767  0.2  0.2		4.1705503158		-1.0
