	30.00000000	2.97013		-2.62783  0.2  0.2		4.1705503158		-1.0
	60.00000000	2.8343		-2.57599  0.2  0.2		4.1705503158		-1.0
	90.00000000	2.90883		-2.48825  0.2  0.2		4.1705503158		-1.0
	120.00000000	3.14745		-2.35479  0.2  0.2		4.1705503158		-1.0
	150.00000000	3.09919		-2.16292  0.2  0.2		4.1705503158		-1.0
	180.00000000	3.04027		-2.10664  0.2  0.2		4.1705503158		-1.0
	210.00000000	2.81664		-2.01993  0.2  0.2		4.1705503158		-1.0
	240.00000000	2.70367		-2.02912  0.2  0.2		4.1705503158		-1.0
	270.00000000	2.77879		-1.86814  0.2  0.2		4.1705503158		-1.0
	300.00000000	2.90912		-1.77835  0.2  0.2		4.1705503158		-1.0
	330.00000000	2.84318		-1.53905  0.2  0.2		4.1705503158		-1.0
	360.00000000	2.95442		-1.39489  0.2  0.2		4.1705503158		-1.0
	390.00000000	2.92136		-1.3283  0.2  0.2		4.1705503158		-1.0
	420.00000000	2.96632		-1.32365  0.2  0.2		4.1705503158		-1.0
	450.00000000	3.0115		-1.52167  0.2  0.2		4.1705503158		-1.0
	480.00000000	2.92982		-1.4688  0.2  0.2		4.1705503158		-1.0
	510.00000000	2.8698		-1.52483  0.2  0.2		4.1705503158		-1.0
	540.00000000	3.19634		-1.67046  0.2  0.2		4.1705503158		-1.0
	570.00000000	2.96246		-1.8865  0.2  0.2		4.1705503158		-1.0
	600.00000000	2.69952		-1.97982  0.2  0.2		4.1705503158		-1.0
	630.00000000	2.96298		-1.98209  0.2  0.2		4.1705503158		-1.0
	660.00000000	3.12306		-1.96867  0.2  0.2		4.1705503158		-1.0
	690.00000000	3.14652		-1.95493  0.2  0.2		4.1705503158		-1.0
	720.00000000	3.02148		-1.82369  0.2  0.2		4.1705503158		-1.0
	750.00000000	3.08491		-2.21714  0.2  0.2		4.1705503158		-1.0
	780.00000000	2.78944		-2.27774  0.2  0.2		4.1705503158		-1.0
	810.00000000	2.74072		-2.46533  0.2  0.2		4.1705503158		-1.0
	840.00000000	3.02632		-2.43496  0.2  0.2		4.1705503158		-1.0
	870.00000000	3.12978		-2.61084  0.2  0.2		4.1705503158		-1.0
	900.00000000	2.94476		-2.84075  0.2  0.2		4.1705503158		-1.0
	930.00000000	2.85531		-2.83439  0.2  0.2		4.1705503158		-1.0
	960.00000000	3.01853		-2.95467  0.2  0.2		4.1705503158		-1.0
	990.00000000	3.00785		-2.97052  0.2  0.2		4.1705503158		-1.0
	1020.00000000	3.05832		-2.89942  0.2  0.2		4.1705503158		-1.0
	1050.00000000	2.99259		-2.91068  0.2  0.2		4.1705503158		-1.0
	1080.00000000	2.97309		-3.12463  0.2  0.2		4.1705503158		-1.0
	1110.00000000	3.14309		2.99454  0.2  0.2		4.1705503158		-1.0
	1140.00000000	2.93721		3.12928  0.2  0.2		4.1705503158		-1.0
	1170.00000000	2.90585		-3.03444  0.2  0.2		4.1705503158		-1.0
	1200.00000000	2.79276		-3.09691  0.2  0.2		4.1705503158		-1.0
	1230.00000000	2.86901		3.04349  0.2  0.2		4.1705503158		-1.0
	1260.00000000	2.94142		2.82643  0.2  0.2		4.1705503158		-1.0
	1290.00000000	3.05452		2.47551  0.2  0.2		4.1705503158		-1.0
	1320.00000000	2.88395		2.57625  0.2  0.2		4.1705503158		-1.0
	1350.00000000	2.87087		2.84921  0.2  0.2		4.1705503158		-1.0
	1380.00000000	3.00605		2.82176  0.2  0.2		4.1705503158		-1.0
	1410.00000000	2.99895		2.81366  0.2  0.2		4.1705503158		-1.0
	1440.00000000	2.98897		2.78784  0.2  0.2		4.1705503158		-1.0
	1470.00000000	2.96051		2.77291  0.2  0.2		4.1705503158		-1.0
	1500.00000000	2.84844		2.81092  0.2  0.2		4.1705503158		-1.0
	1530.00000000	2.90566		2.76953  0.2  0.2		4.1705503158		-1.0
	1560.00000000	2.73625		2.70418  0.2  0.2		4.1705503158		-1.0
	1590.00000000	2.83893		2.50457  0.2  0.2		4.1705503158		-1.0
	1620.00000000	2.93908		2.35006  0.2  0.2		4.1705503158		-1.0
	1650.00000000	2.98094		2.04053  0.2  0.2		4.1705503158		-1.0
	1680.00000000	2.93708		2.03384  0.2  0.2		4.1705503158		-1.0
	1710.00000000	2.89493		1.86285  0.2  0.2		4.1705503158		-1.0
	1740.00000000	2.92227		1.70435  0.2  0.2		4.1705503158		-1.0
	1770.00000000	3.02789		1.31203  0.2  0.2		4.1705503158		-1.0
	1800.00000000	3.03556		1.04413  0.2  0.2		4.1705503158		-1.0
	1830.00000000	3.01107		1.18673  0.2  0.2		4.1705503158		-1.0
	1860.00000000	2.87484		1.28679  0.2  0.2		4.1705503158		-1.0
	1890.00000000	2.88576		1.29056  0.2  0.2		4.1705503158		-1.0
	1920.00000000	2.80892		1.00892  0.2  0.2		4.1705503158		-1.0
	1950.00000000	2.98081		0.55453  0.2  0.2		4.1705503158		-1.0
	1980.00000000	2.95348		0.32848  0.2  0.2		4.1705503158		-1.0
	2010.00000000	3.03613		0.1797  0.2  0.2		4.1705503158		-1.0
	2040.00000000	2.92494		0.51438  0.2  0.2		4.1705503158		-1.0
	2070.00000000	2.87129		0.83745  0.2  0.2		4.1705503158		-1.0
	2100.00000000	2.83807		1.11296  0.2  0.2		4.1705503158		-1.0
	2130.00000000	3.19786		0.87375  0.2  0.2		4.1705503158		-1.0
	2160.00000000	3.02224		0.69446  0.2  0.2		4.1705503158		-1.0
	2190.00000000	2.77632		0.82399  0.2  0.2		4.1705503158		-1.0
	2220.00000000	2.97395		0.77052  0.2  0.2		4.1705503158		-1.0
	2250.00000000	2.95563		0.88678  0.2  0.2		4.1705503158		-1.0
	2280.00000000	2.97487		1.24164  0.2  0.2		4.1705503158		-1.0
	2310.00000000	2.90238		1.57743  0.2  0.2		4.1705503158		-1.0
	2340.00000000	3.05011		1.58392  0.2  0.2		4.1705503158		-1.0
	2370.00000000	3.2215		1.3843  0.2  0.2		4.1705503158		-1.0
	2400.00000000	2.70131		1.58792  0.2  0.2		4.1705503158		-1.0
	2430.00000000	2.86193		1.6575  0.2  0.2		4.1705503158		-1.0
	2460.00000000	3.05024		1.73608  0.2  0.2		4.1705503158		-1.0
	2490.00000000	2.8315		1.69832  0.2  0.2		4.1705503158		-1.0
	2520.00000000	2.98735		2.05374  0.2  0.2		4.1705503158		-1.0
	2550.00000000	3.00855		2.27555  0.2  0.2		4.1705503158		-1.0
	2580.00000000	2.96074		2.06595  0.2  0.2		4.1705503158		-1.0
	2610.00000000	2.75826		2.08043  0.2  0.2		4.1705503158		-1.0
	2640.00000000	3.08641		2.20707  0.2  0.2		4.1705503158		-1.0
	2670.00000000	2.93563		2.36539  0.2  0.2		4.1705503158		-1.0
	2700.00000000	3.11472		2.46655  0.2  0.2		4.1705503158		-1.0
	2730.00000000	2.87046		2.19863  0.2  0.2		4.1705503158		-1.0
	2760.00000000	3.18435		1.91646  0.2  0.2		4.1705503158		-1.0
	2790.00000000	2.95028		1.68807  0.2  0.2		4.1705503158		-1.0
	2820.00000000	2.90364		1.55861  0.2  0.2		4.1705503158		-1.0
	2850.00000000	2.67483		1.48756  0.2  0.2		4.1705503158		-1.0
	2880.00000000	3.0112		1.50604  0.2  0.2		4.1705503158		-1.0
	2910.00000000	2.81009		1.27983  0.2  0.2		4.1705503158		-1.0
	2940.00000000	2.82886		0.91803  0.2  0.2		4.1705503158		-1.0
	2970.00000000	2.90699		0.43163  0.2  0.2		4.1705503158		-1.0
	3000.00000000	2.93195		0.46085  0.2  0.2		4.1705503158		-1.0
	3030.00000000	2.7128		0.40637  0.2  0.2		4.1705503158		-1.0
	3060.00000000	2.88996		0.49772  0.2  0.2		4.1705503158		-1.0
	3090.00000000	3.06758		0.37752  0.2  0.2		4.1705503158		-1.0
	3120.00000000	2.67966		0.36897  0.2  0.2		4.1705503158		-1.0
	3150.00000000	2.9959		0.00925  0.2  0.2		4.1705503158		-1.0
	3180.00000000	2.97507		-0.4963  0.2  0.2		4.1705503158		-1.0
	3210.00000000	2.94417		-0.95537  0.2  0.2		4.1705503158		-1.0
	3240.00000000	2.85054		-0.98088  0.2  0.2		4.1705503158		-1.0
	3270.00000000	3.12792		-0.76776  0.2  0.2		4.1705503158		-1.0
	3300.00000000	3.02442		-0.74474  0.2  0.2		4.1705503158		-1.0
	3330.00000000	2.9616		-0.6689  0.2  0.2		4.1705503158		-1.0
	3360.00000000	2.7588		-0.75892  0.2  0.2		4.1705503158		-1.0
	3390.00000000	2.9705		-0.57906  0.2  0.2		4.1705503158		-1.0
	3420.00000000	2.9942		-0.41157  0.2  0.2		4.1705503158		-1.0
	3450.00000000	3.03255		-0.12316  0.2  0.2		4.1705503158		-1.0
	3480.00000000	2.89569		-0.02375  0.2  0.2		4.1705503158		-1.0
	3510.00000000	2.9456		-0.01655  0.2  0.2		4.1705503158		-1.0
	3540.00000000	2.78187		0.10886  0.2  0.2		4.1705503158		-1.0
	3570.00000000	3.24226		0.21738  0.2  0.2		4.1705503158		-1.0
	3600.00000000	3.01611		0.29996  0.2  0.2		4.1705503158		-1.0
	3630.00000000	2.73994		0.26861  0.2  0.2		4.1705503158		-1.0
	3660.00000000	2.89614		0.1447  0.2  0.2		4.1705503158		-1.0
	3690.00000000	3.25536		-0.13585  0.2  0.2		4.1705503158		-1.0
	3720.00000000	2.85157		-0.3497  0.2  0.2		4.1705503158		-1.0
	3750.00000000	2.92876		-0.44464  0.2  0.2		4.1705503158		-1.0
	3780.00000000	2.99029		-0.63776  0.2  0.2		4.1705503158		-1.0
	3810.00000000	3.00068		-1.12811  0.2  0.2		4.1705503158		-1.0
	3840.00000000	2.78542		-1.31609  0.2  0.2		4.1705503158		-1.0
	3870.00000000	2.99274		-0.94398  0.2  0.2		4.1705503158		-1.0
	3900.00000000	2.78455		-0.76125  0.2  0.2		4.1705503158		-1.0
	3930.00000000	3.02053		-0.87412  0.2  0.2		4.1705503158		-1.0
	3960.00000000	2.8876		-0.54525  0.2  0.2		4.1705503158		-1.0
	3990.00000000	2.81913		-0.20442  0.2  0.2		4.1705503158		-1.0
	4020.00000000	2.99064		-0.45702  0.2  0.2		4.1705503158		-1.0
	4050.00000000	3.41835		-0.80073  0.2  0.2		4.1705503158		-1.0
	4080.00000000	3.23463		-0.59246  0.2  0.2		4.1705503158		-1.0
	4110.00000000	3.15895		-0.53656  0.2  0.2		4.1705503158		-1.0
	4140.00000000	2.81477		-0.56242  0.2  0.2		4.1705503158		-1.0
	4170.00000000	3.15369		-0.21918  0.2  0.2		4.1705503158		-1.0
	4200.00000000	2.83968		-0.03589  0.2  0.2		4.1705503158		-1.0
	4230.00000000	3.19077		0.14628  0.2  0.2		4.1705503158		-1.0
	4260.00000000	3.03329		0.6482  0.2  0.2		4.1705503158		-1.0
	4290.00000000	2.84535		0.99948  0.2  0.2		4.1705503158		-1.0
	4320.00000000	3.09851		0.94613  0.2  0.2		4.1705503158		-1.0
	4350.00000000	3.06617		0.9865  0.2  0.2		4.1705503158		-1.0
	4380.00000000	3.06898		1.21392  0.2  0.2		4.1705503158		-1.0
	4410.00000000	2.79122		0.98131  0.2  0.2		4.1705503158		-1.0
	4440.00000000	3.29518		0.63333  0.2  0.2		4.1705503158		-1.0
	4470.00000000	3.25829		0.64338  0.2  0.2		4.1705503158		-1.0
	4500.00000000	2.65209		0.96428  0.2  0.2		4.1705503158		-1.0
	4530.00000000	2.71718		1.13118  0.2  0.2		4.1705503158		-1.0
	4560.00000000	3.31361		1.09631  0.2  0.2		4.1705503158		-1.0
	4590.00000000	2.85657		0.96848  0.2  0.2		4.1705503158		-1.0
	4620.00000000	2.92261		0.78275  0.2  0.2		4.1705503158		-1.0
	4650.00000000	2.76223		0.6096  0.2  0.2		4.1705503158		-1.0
	4680.00000000	2.93146		0.68115  0.2  0.2		4.1705503158		-1.0
	4710.00000000	3.11864		0.62507  0.2  0.2		4.1705503158		-1.0
	4740.00000000	3.15788		0.62689  0.2  0.2		4.1705503158		-1.0
	4770.00000000	3.08569		0.23671  0.2  0.2		4.1705503158		-1.0
	4800.00000000	2.69115		-0.08725  0.2  0.2		4.1705503158		-1.0
	4830.00000000	3.0731		-0.18031  0.2  0.2		4.1705503158		-1.0
	4860.00000000	2.8012		-0.35341  0.2  0.2		4.1705503158		-1.0
	4890.00000000	3.44289		-0.52803  0.2  0.2		4.1705503158		-1.0
	4920.00000000	3.09572		-0.62522  0.2  0.2		4.1705503158		-1.0
	4950.00000000	3.24889		-0.7074  0.2  0.2		4.1705503158		-1.0
	4980.00000000	2.77862		-1.09405  0.2  0.2		4.1705503158		-1.0
	5010.00000000	3.15202		-1.13975  0.2  0.2		4.1705503158		-1.0
	5040.00000000	3.30635		-0.91194  0.2  0.2		4.1705503158		-1.0
	5070.00000000	2.75851		-1.13111  0.2  0.2		4.1705503158		-1.0
	5100.00000000	3.3257		-1.11045  0.2  0.2		4.1705503158		-1.0
	5130.00000000	2.72443		-0.88711  0.2  0.2		4.1705503158		-1.0
	5160.00000000	2.84028		-0.84883  0.2  0.2		4.1705503158		-1.0
	5190.00000000	2.97902		-1.1214  0.2  0.2		4.1705503158		-1.0
	5220.00000000	2.97741		-1.09892  0.2  0.2		4.1705503158		-1.0
	5250.00000000	2.99925		-1.01554  0.2  0.2		4.1705503158		-1.0
	5280.00000000	2.98785		-1.23997  0.2  0.2		4.1705503158		-1.0
	5310.00000000	3.12316		-1.18617  0.2  0.2		4.1705503158		-1.0
	5340.00000000	3.42703		-1.27011  0.2  0.2		4.1705503158		-1.0
	5370.00000000	3.07015		-1.34516  0.2  0.2		4.1705503158		-1.0
	5400.00000000	3.19618		-1.73142  0.2  0.2		4.1705503158		-1.0
	5430.00000000	2.94076		-1.75467  0.2  0.2		4.1705503158		-1.0
	5460.00000000	2.79255		-1.84088  0.2  0.2		4.1705503158		-1.0
	5490.00000000	3.29183		-1.53992  0.2  0.2		4.1705503158		-1.0
	5520.00000000	3.18942		-1.35311  0.2  0.2		4.1705503158		-1.0
	5550.00000000	3.34149		-1.31153  0.2  0.2		4.1705503158		-1.0
	5580.00000000	2.98684		-1.48448  0.2  0.2		4.1705503158		-1.0
	5610.00000000	3.14714		-1.53734  0.2  0.2		4.1705503158		-1.0
	5640.00000000	3.40103		-1.40424  0.2  0.2		4.1705503158		-1.0
	5670.00000000	3.08602		-1.43287  0.2  0.2		4.1705503158		-1.0
	5700.00000000	2.993		-1.39035  0.2  0.2		4.1705503158		-1.0
	5730.00000000	2.75355		-1.17735  0.2  0.2		4.1705503158		-1.0
	5760.00000000	2.70488		-1.05653  0.2  0.2		4.1705503158		-1.0
	5790.00000000	2.65913		-0.87983  0.2  0.2		4.1705503158		-1.0
	5820.00000000	3.37707		-1.02939  0.2  0.2		4.1705503158		-1.0
	5850.00000000	3.39542		-0.99584  0.2  0.2		4.1705503158		-1.0
	5880.00000000	2.61282		-1.11139  0.2  0.2		4.1705503158		-1.0
	5910.00000000	2.64745		-1.29038  0.2  0.2		4.1705503158		-1.0
	5940.00000000	2.78711		-1.69121  0.2  0.2		4.1705503158		-1.0
	5970.00000000	2.75082		-1.67335  0.2  0.2		4.1705503158		-1.0
	6000.00000000	2.76547		-1.52676  0.2  0.2		4.1705503158		-1.0
	6030.00000000	2.61672		-1.11754  0.2  0.2		4.1705503158		-1.0
	6060.00000000	3.37979		-0.99411  0.2  0.2		4.1705503158		-1.0
	6090.00000000	2.89972		-0.93357  0.2  0.2		4.1705503158		-1.0
	6120.00000000	2.72133		-0.76825  0.2  0.2		4.1705503158		-1.0
	6150.00000000	3.43982		-0.78066  0.2  0.2		4.1705503158		-1.0
	6180.00000000	3.14016		-0.97987  0.2  0.2		4.1705503158		-1.0
	6210.00000000	3.1654		-1.07481  0.2  0.2		4.1705503158		-1.0
	6240.00000000	3.02314		-0.74184  0.2  0.2		4.1705503158		-1.0
	6270.00000000	2.97675		-0.19516  0.2  0.2		4.1705503158		-1.0
	6300.00000000	2.67195		0.24332  0.2  0.2		4.1705503158		-1.0
	6330.00000000	3.34642		0.11562  0.2  0.2		4.1705503158		-1.0
	6360.00000000	3.29773		-0.53151  0.2  0.2		4.1705503158		-1.0
	6390.00000000	2.93192		-0.89125  0.2  0.2		4.1705503158		-1.0
	6420.00000000	2.76487		-0.66648  0.2  0.2		4.1705503158		-1.0
	6450.00000000	2.9283		-0.02235  0.2  0.2		4.1705503158		-1.0
	6480.00000000	3.30309		0.40835  0.2  0.2		4.1705503158		-1.0
	6510.00000000	2.82246		0.75364  0.2  0.2		4.1705503158		-1.0
	6540.00000000	2.75322		0.94383  0.2  0.2		4.1705503158		-1.0
	6570.00000000	2.82121		1.40462  0.2  0.2		4.1705503158		-1.0
	6600.00000000	3.06107		1.41315  0.2  0.2		4.1705503158		-1.0
	6630.00000000	3.15321		1.04624  0.2  0.2		4.1705503158		-1.0
	6660.00000000	3.43582		0.74691  0.2  0.2		4.1705503158		-1.0
	6690.00000000	3.00162		0.67313  0.2  0.2		4.1705503158		-1.0
	6720.00000000	2.66818		0.79542  0.2  0.2		4.1705503158		-1.0
	6750.00000000	3.36931		1.36457  0.2  0.2		4.1705503158		-1.0
	6780.00000000	2.9671		1.32984  0.2  0.2		4.1705503158		-1.0
	6810.00000000	3.07212		1.17141  0.2  0.2		4.1705503158		-1.0
	6840.00000000	3.14645		1.09843  0.2  0.2		4.1705503158		-1.0
	6870.00000000	3.23154		0.94534  0.2  0.2		4.1705503158		-1.0
	6900.00000000	3.42086		0.80576  0.2  0.2		4.1705503158		-1.0
	6930.00000000	3.30471		1.029  0.2  0.2		4.1705503158		-1.0
	6960.00000000	3.19091		1.31718  0.2  0.2		4.1705503158		-1.0
	6990.00000000	3.4045		1.48225  0.2  0.2		4.1705503158		-1.0
	7020.00000000	2.99469		1.77744  0.2  0.2		4.1705503158		-1.0
	7050.00000000	3.31156		1.76594  0.2  0.2		4.1705503158		-1.0
	7080.00000000	3.13323		1.63219  0.2  0.2		4.1705503158		-1.0
	7110.00000000	3.28405		1.59881  0.2  0.2		4.1705503158		-1.0
	7140.00000000	2.65895		1.71434  0.2  0.2		4.1705503158		-1.0
	7170.00000000	3.01938		1.69211  0.2  0.2		4.1705503158		-1.0
	7200.00000000	3.47559		1.8972  0.2  0.2		4.1705503158		-1.0
	7230.00000000	2.7903		2.03038  0.2  0.2		4.1705503158		-1.0
	7260.00000000	2.72712		2.33208  0.2  0.2		4.1705503158		-1.0
	7290.00000000	2.84261		2.50345  0.2  0.2		4.1705503158		-1.0
	7320.00000000	3.26332		2.62207  0.2  0.2		4.1705503158		-1.0
	7350.00000000	2.69539		2.65684  0.2  0.2		4.1705503158		-1.0
	7380.00000000	2.72138		2.78916  0.2  0.2		4.1705503158		-1.0
	7410.00000000	3.01095		2.7796  0.2  0.2		4.1705503158		-1.0
	7440.00000000	2.72866		3.08928  0.2  0.2		4.1705503158		-1.0
	7470.00000000	2.71407		-2.82991  0.2  0.2		4.1705503158		-1.0
	7500.00000000	3.08249		-2.54673  0.2  0.2		4.1705503158		-1.0
	7530.00000000	2.88182		-2.64334  0.2  0.2		4.1705503158		-1.0
	7560.00000000	2.81387		-2.62133  0.2  0.2		4.1705503158		-1.0
	7590.00000000	2.91106		-2.62099  0.2  0.2		4.1705503158		-1.0
	7620.00000000	2.77313		-2.80684  0.2  0.2		4.1705503158		-1.0
	7650.00000000	3.42094		-2.79845  0.2  0.2		4.1705503158		-1.0
	7680.00000000	3.03859		-2.88984  0.2  0.2		4.1705503158		-1.0
	7710.00000000	2.82263		-2.73385  0.2  0.2		4.1705503158		-1.0
	7740.00000000	3.23928		-2.4413  0.2  0.2		4.1705503158		-1.0
	7770.00000000	2.87462		-2.15579  0.2  0.2		4.1705503158		-1.0
	7800.00000000	2.87662		-2.28231  0.2  0.2		4.1705503158		-1.0
	7830.00000000	2.95796		-2.50446  0.2  0.2		4.1705503158		-1.0
	7860.00000000	3.2574		-2.29452  0.2  0.2		4.1705503158		-1.0
	7890.00000000	2.76006		-2.23611  0.2  0.2		4.1705503158		-1.0
	7920.00000000	2.96201		-2.25995  0.2  0.2		4.1705503158		-1.0
	7950.00000000	2.86847		-2.13201  0.2  0.2		4.1705503158		-1.0
	7980.00000000	2.73064		-2.24152  0.2  0.2		4.1705503158		-1.0
	8010.00000000	2.98758		-2.22522  0.2  0.2		4.1705503158		-1.0
	8040.00000000	3.29312		-2.00637  0.2  0.2		4.1705503158		-1.0
	8070.00000000	2.81183		-1.869  0.2  0.2		4.1705503158		-1.0
	8100.00000000	2.90693		-2.07932  0.2  0.2		4.1705503158		-1.0
	8130.00000000	3.31386		-2.51316  0.2  0.2		4.1705503158		-1.0
	8160.00000000	2.90773		-2.693  0.2  0.2		4.1705503158		-1.0
	8190.00000000	3.44503		-2.94043  0.2  0.2		4.1705503158		-1.0
	8220.00000000	2.78025		-3.03433  0.2  0.2		4.1705503158		-1.0
	8250.00000000	3.15082		3.06333  0.2  0.2		4.1705503158		-1.0
	8280.00000000	3.32338		3.01875  0.2  0.2		4.1705503158		-1.0
	8310.00000000	3.1265		3.10193  0.2  0.2		4.1705503158		-1.0
	8340.00000000	3.18052		3.12731  0.2  0.2		4.1705503158		-1.0
	8370.00000000	3.27728		-3.0881  0.2  0.2		4.1705503158		-1.0
	8400.00000000	2.79286		-3.12666  0.2  0.2		4.1705503158		-1.0
	8430.00000000	2.70389		3.04214  0.2  0.2		4.1705503158		-1.0
	8460.00000000	3.05703		2.7732  0.2  0.2		4.1705503158		-1.0
	8490.00000000	3.16427		2.63023  0.2  0.2		4.1705503158		-1.0
	8520.00000000	3.35802		2.66286  0.2  0.2		4.1705503158		-1.0
	8550.00000000	2.93143		2.47025  0.2  0.2		4.1705503158		-1.0
	8580.00000000	3.22969		2.26356  0.2  0.2		4.1705503158		-1.0
	8610.00000000	3.18672		2.06929  0.2  0.2		4.1705503158		-1.0
	8640.00000000	3.23238		1.92008  0.2  0.2		4.1705503158		-1.0
	8670.00000000	3.07048		1.99146  0.2  0.2		4.1705503158		-1.0
	8700.00000000	3.45825		1.89899  0.2  0.2		4.1705503158		-1.0
	8730.00000000	2.6777		2.05791  0.2  0.2		4.1705503158		-1.0
	8760.00000000	3.08058		2.20944  0.2  0.2		4.1705503158		-1.0
	8790.00000000	3.32776		2.19274  0.2  0.2		4.1705503158		-1.0
	8820.00000000	2.95912		2.30292  0.2  0.2		4.1705503158		-1.0
	8850.00000000	2.76921		2.49368  0.2  0.2		4.1705503158		-1.0
	8880.00000000	3.03629		2.62797  0.2  0.2		4.1705503158		-1.0
	8910.00000000	3.34852		2.48564  0.2  0.2		4.1705503158		-1.0
	8940.00000000	3.17741		2.63071  0.2  0.2		4.1705503158		-1.0
	8970.00000000	3.23396		2.65907  0.2  0.2		4.1705503158		-1.0
	9000.00000000	3.46445		2.71316  0.2  0.2		4.1705503158		-1.0
	9030.00000000	3.36039		2.61351  0.2  0.2		4.1705503158		-1.0
	9060.00000000	3.20299		2.53961  0.2  0.2		4.1705503158		-1.0
	9090.00000000	2.85714		2.29657  0.2  0.2		4.1705503158		-1.0
	9120.00000000	2.89183		1.99964  0.2  0.2		4.1705503158		-1.0
	9150.00000000	2.67838		2.07772  0.2  0.2		4.1705503158		-1.0
	9180.00000000	2.92299		2.10677  0.2  0.2		4.1705503158		-1.0
	9210.00000000	3.47814		2.16478  0.2  0.2		4.1705503158		-1.0
	9240.00000000	3.00132		2.33346  0.2  0.2		4.1705503158		-1.0
	9270.00000000	2.87488		2.62069  0.2  0.2		4.1705503158		-1.0
	9300.00000000	2.81732		2.60557  0.2  0.2		4.1705503158		-1.0
	9330.00000000	3.0144		2.55797  0.2  0.2		4.1705503158		-1.0
	9360.00000000	3.45621		2.40709  0.2  0.2		4.1705503158		-1.0
	9390.00000000	3.53858		2.27895  0.2  0.2		4.1705503158		-1.0
	9420.00000000	3.22689		2.26494  0.2  0.2		4.1705503158		-1.0
	9450.00000000	3.55171		2.49042  0.2  0.2		4.1705503158		-1.0
	9480.00000000	3.12426		2.56216  0.2  0.2		4.1705503158		-1.0
	9510.00000000	2.86945		2.39605  0.2  0.2		4.1705503158		-1.0
	9540.00000000	2.81884		2.29186  0.2  0.2		4.1705503158		-1.0
	9570.00000000	2.61325		2.36687  0.2  0.2		4.1705503158		-1.0
	9600.00000000	2.81141		2.18457  0.2  0.2		4.1705503158		-1.0
	9630.00000000	2.77703		1.90796  0.2  0.2		4.1705503158		-1.0
	9660.00000000	2.64285		1.78022  0.2  0.2		4.1705503158		-1.0
	9690.00000000	2.98835		1.64208  0.2  0.2		4.1705503158		-1.0
	9720.00000000	3.47608		1.58874  0.2  0.2		4.1705503158		-1.0
	9750.00000000	3.38474		1.59468  0.2  0.2		4.1705503158		-1.0
	9780.00000000	3.23745		1.7872  0.2  0.2		4.1705503158		-1.0
	9810.00000000	3.29153		2.19884  0.2  0.2		4.1705503158		-1.0
	9840.00000000	3.46403		2.00278  0.2  0.2		4.1705503158		-1.0
	9870.00000000	2.96597		1.75871  0.2  0.2		4.1705503158		-1.0
	9900.00000000	2.87233		2.12336  0.2  0.2		4.1705503158		-1.0
	9930.00000000	2.80434		2.23881  0.2  0.2		4.1705503158		-1.0
	9960.00000000	2.8799		1.94489  0.2  0.2		4.1705503158		-1.0
	9990.00000000	2.78218		1.79118  0.2  0.2		4.1705503158		-1.0
	10020.00000000	2.76855		1.56265  0.2  0.2		4.1705503158		-1.0
	10050.00000000	2.66595		1.33518  0.2  0.2		4.1705503158		-1.0
	10080.00000000	2.72349		1.3581  0.2  0.2		4.1705503158		-1.0
	10110.00000000	2.73146		1.46054  0.2  0.2		4.1705503158		-1.0
	10140.00000000	2.67864		1.32757  0.2  0.2		4.1705503158		-1.0
	10170.00000000	2.70642		1.21066  0.2  0.2		4.1705503158		-1.0
	10200.00000000	3.30853		1.42199  0.2  0.2		4.1705503158		-1.0
	10230.00000000	3.17954		1.68321  0.2  0.2		4.1705503158		-1.0
	10260.00000000	3.47581		1.62812  0.2  0.2		4.1705503158		-1.0
	10290.00000000	3.14211		1.50618  0.2  0.2		4.1705503158		-1.0
	10320.00000000	3.3996		1.17537  0.2  0.2		4.1705503158		-1.0
	10350.00000000	3.2513		0.91544  0.2  0.2		4.1705503158		-1.0
	10380.00000000	3.56701		0.89132  0.2  0.2		4.1705503158		-1.0
	10410.00000000	3.04891		0.7022  0.2  0.2		4.1705503158		-1.0
	10440.00000000	2.9719		0.32885  0.2  0.2		4.1705503158		-1.0
	10470.00000000	3.28799		-0.01324  0.2  0.2		4.1705503158		-1.0
	10500.00000000	3.08118		-0.2003  0.2  0.2		4.1705503158		-1.0
	10530.00000000	2.74517		-0.37403  0.2  0.2		4.1705503158		-1.0
	10560.00000000	3.31577		-0.37426  0.2  0.2		4.1705503158		-1.0
	10590.00000000	2.69704		-0.39878  0.2  0.2		4.1705503158		-1.0
	10620.00000000	2.79222		-0.69318  0.2  0.2		4.1705503158		-1.0
	10650.00000000	2.63361		-0.67421  0.2  0.2		4.1705503158		-1.0
	10680.00000000	2.56554		-0.55187  0.2  0.2		4.1705503158		-1.0
	10710.00000000	3.31272		-0.17199  0.2  0.2		4.1705503158		-1.0
	10740.00000000	3.21225		0.12775  0.2  0.2		4.1705503158		-1.0
	10770.00000000	3.38761		0.33897  0.2  0.2		4.1705503158		-1.0
	10800.00000000	3.30919		0.59773  0.2  0.2		4.1705503158		-1.0
	10830.00000001	3.1766		0.45927  0.2  0.2		4.1705503158		-1.0
	10860.00000001	2.74187		0.12069  0.2  0.2		4.1705503158		-1.0
	10890.00000001	2.96177		-0.24047  0.2  0.2		4.1705503158		-1.0
	10920.00000001	2.86795		-0.19995  0.2  0.2		4.1705503158		-1.0
	10950.00000001	2.94911		-0.07408  0.2  0.2		4.1705503158		-1.0
	10980.00000001	2.74623		-0.02764  0.2  0.2		4.1705503158		-1.0
	11010.00000001	2.85217		-0.07213  0.2  0.2		4.1705503158		-1.0
	11040.00000001	2.78027		-0.43355  0.2  0.2		4.1705503158		-1.0
	11070.00000001	3.01792		-0.75197  0.2  0.2		4.1705503158		-1.0
	11100.00000001	3.04108		-1.12526  0.2  0.2		4.1705503158		-1.0
	11130.00000001	2.96607		-1.66416  0.2  0.2		4.1705503158		-1.0
	11160.00000001	3.32787		-1.80559  0.2  0.2		4.1705503158		-1.0
	11190.00000001	2.96273		-1.76562  0.2  0.2		4.1705503158		-1.0
	11220.00000001	2.78282		-1.66856  0.2  0.2		4.1705503158		-1.0
	11250.00000001	2.70519		-1.71877  0.2  0.2		4.1705503158		-1.0
	11280.00000001	2.81986		-1.6069  0.2  0.2		4.1705503158		-1.0
	11310.00000001	2.73945		-1.48513  0.2  0.2		4.1705503158		-1.0
	11340.00000001	2.60717		-1.78269  0.2  0.2		4.1705503158		-1.0
	11370.00000001	3.29447		-2.08935  0.2  0.2		4.1705503158		-1.0
	11400.00000001	2.827		-2.44335  0.2  0.2		4.1705503158		-1.0
	11430.00000001	2.63896		-2.5174  0.2  0.2		4.1705503158		-1.0
	11460.00000001	3.10358		-2.54745  0.2  0.2		4.1705503158		-1.0
	11490.00000001	3.28551		-2.42693  0.2  0.2		4.1705503158		-1.0
	11520.00000001	3.217		-2.46289  0.2  0.2		4.1705503158		-1.0
	11550.00000001	2.79872		-2.64446  0.2  0.2		4.1705503158		-1.0
	11580.00000001	2.98633		-2.63391  0.2  0.2		4.1705503158		-1.0
	11610.00000001	2.56338		-2.91907  0.2  0.2		4.1705503158		-1.0
	11640.00000001	2.68804		3.12728  0.2  0.2		4.1705503158		-1.0
	11670.00000001	3.01021		-3.10899  0.2  0.2		4.1705503158		-1.0
	11700.00000001	2.63937		-3.0696  0.2  0.2		4.1705503158		-1.0
	11730.00000001	2.92269		3.14122  0.2  0.2		4.1705503158		-1.0
	11760.00000001	2.68206		-3.11921  0.2  0.2		4.1705503158		-1.0
	11790.00000001	2.77048		2.95491  0.2  0.2		4.1705503158		-1.0
	11820.00000001	2.79566		2.90466  0.2  0.2		4.1705503158		-1.0
	11850.00000001	3.18756		-3.08831  0.2  0.2		4.1705503158		-1.0
	11880.00000001	2.99183		-2.98097  0.2  0.2		4.1705503158		-1.0
	11910.00000001	2.742		-2.71242  0.2  0.2		4.1705503158		-1.0
	11940.00000001	2.59123		-2.81117  0.2  0.2		4.1705503158		-1.0
	11970.00000001	2.62272		-2.866  0.2  0.2		4.1705503158		-1.0
	12000.00000001	2.70499		-2.99075  0.2  0.2		4.1705503158		-1.0
	12030.00000001	3.01003		-2.81693  0.2  0.2		4.1705503158		-1.0
	12060.00000001	3.17919		-2.90999  0.2  0.2		4.1705503158		-1.0
	12090.00000001	3.34302		-2.64477  0.2  0.2		4.1705503158		-1.0
	12120.00000001	3.27763		-2.86478  0.2  0.2		4.1705503158		-1.0
	12150.00000001	3.23736		-2.93667  0.2  0.2		4.1705503158		-1.0
	12180.00000001	3.33715		-2.76336  0.2  0.2		4.1705503158		-1.0
	12210.00000001	2.709		-3.08909  0.2  0.2		4.1705503158		-1.0
	12240.00000001	3.44625		-2.92961  0.2  0.2		4.1705503158		-1.0
	12270.00000001	3.23536		-3.04875  0.2  0.2		4.1705503158		-1.0
	12300.00000001	3.47501		3.02237  0.2  0.2		4.1705503158		-1.0
	12330.00000001	3.44987		2.8569  0.2  0.2		4.1705503158		-1.0
	12360.00000001	3.55834		2.92916  0.2  0.2		4.1705503158		-1.0
	12390.00000001	3.30184		2.98112  0.2  0.2		4.1705503158		-1.0
	12420.00000001	3.3158		2.89645  0.2  0.2		4.1705503158		-1.0
	12450.00000001	3.65324		2.89141  0.2  0.2		4.1705503158		-1.0
	12480.00000001	3.12573		2.89188  0.2  0.2		4.1705503158		-1.0
	12510.00000001	3.2532		3.01164  0.2  0.2		4.1705503158		-1.0
	12540.00000001	3.69673		3.06499  0.2  0.2		4.1705503158		-1.0
	12570.00000001	3.14357		-3.08033  0.2  0.2		4.1705503158		-1.0
	12600.00000001	3.74223		-3.00729  0.2  0.2		4.1705503158		-1.0
	12630.00000001	3.23453		-2.95274  0.2  0.2		4.1705503158		-1.0
	12660.00000001	3.63784		-2.6416  0.2  0.2		4.1705503158		-1.0
	12690.00000001	3.2134		-2.38033  0.2  0.2		4.1705503158		-1.0
	12720.00000001	3.32905		-2.00483  0.2  0.2		4.1705503158		-1.0
	12750.00000001	3.33909		-2.17285  0.2  0.2		4.1705503158		-1.0
	12780.00000001	2.87586		-2.32949  0.2  0.2		4.1705503158		-1.0
	12810.00000001	2.78463		-2.30822  0.2  0.2		4.1705503158		-1.0
	12840.00000001	2.84061		-1.90686  0.2  0.2		4.1705503158		-1.0
	12870.00000001	3.57024		-1.96939  0.2  0.2		4.1705503158		-1.0
	12900.00000001	3.35299		-1.87442  0.2  0.2		4.1705503158		-1.0
	12930.00000001	3.21373		-1.77616  0.2  0.2		4.1705503158		-1.0
	12960.00000001	3.39485		-1.59147  0.2  0.2		4.1705503158		-1.0
	12990.00000001	3.12719		-1.71496  0.2  0.2		4.1705503158		-1.0
	13020.00000001	3.50821		-1.91573  0.2  0.2		4.1705503158		-1.0
	13050.00000001	2.95053		-1.92357  0.2  0.2		4.1705503158		-1.0
	13080.00000001	3.40932		-1.98008  0.2  0.2		4.1705503158		-1.0
	13110.00000001	3.46256		-2.15855  0.2  0.2		4.1705503158		-1.0
	13140.00000001	2.86424		-2.12512  0.2  0.2		4.1705503158		-1.0
	13170.00000001	2.85855		-2.37065  0.2  0.2		4.1705503158		-1.0
	13200.00000001	2.94982		-2.33788  0.2  0.2		4.1705503158		-1.0
	13230.00000001	3.75704		-2.16775  0.2  0.2		4.1705503158		-1.0
	13260.00000001	3.24242		-2.25978  0.2  0.2		4.1705503158		-1.0
	13290.00000001	3.35596		-2.3727  0.2  0.2		4.1705503158		-1.0
	13320.00000001	3.53613		-2.35627  0.2  0.2		4.1705503158		-1.0
	13350.00000001	3.16953		-2.21398  0.2  0.2		4.1705503158		-1.0
	13380.00000001	3.31377		-2.21998  0.2  0.2		4.1705503158		-1.0
	13410.00000001	3.68142		-2.30228  0.2  0.2		4.1705503158		-1.0
	13440.00000001	3.758		-2.38729  0.2  0.2		4.1705503158		-1.0
	13470.00000001	3.3351		-2.49856  0.2  0.2		4.1705503158		-1.0
	13500.00000001	3.66577		-2.51288  0.2  0.2		4.1705503158		-1.0
	13530.00000001	3.53478		-2.5726  0.2  0.2		4.1705503158		-1.0
	13560.00000001	3.69844		-2.5666  0.2  0.2		4.1705503158		-1.0
	13590.00000001	3.29541		-2.60415  0.2  0.2		4.1705503158		-1.0
	13620.00000001	3.33128		-2.54287  0.2  0.2		4.1705503158		-1.0
	13650.00000001	3.37022		-2.57754  0.2  0.2		4.1705503158		-1.0
	13680.00000001	3.13204		-2.53112  0.2  0.2		4.1705503158		-1.0
	13710.00000001	3.28911		-2.67786  0.2  0.2		4.1705503158		-1.0
	13740.00000001	2.75448		-2.63233  0.2  0.2		4.1705503158		-1.0
	13770.00000001	2.77611		-2.54843  0.2  0.2		4.1705503158		-1.0
	13800.00000001	2.60929		-2.24843  0.2  0.2		4.1705503158		-1.0
	13830.00000001	2.65872		-1.82863  0.2  0.2		4.1705503158		-1.0
	13860.00000001	2.73358		-1.50875  0.2  0.2		4.1705503158		-1.0
	13890.00000001	2.67449		-1.26826  0.2  0.2		4.1705503158		-1.0
	13920.00000001	2.70713		-1.23122  0.2  0.2		4.1705503158		-1.0
	13950.00000001	2.65919		-1.36635  0.2  0.2		4.1705503158		-1.0
	13980.00000001	2.74553		-1.25723  0.2  0.2		4.1705503158		-1.0
	14010.00000001	2.67621		-0.89641  0.2  0.2		4.1705503158		-1.0
	14040.00000001	3.34635		-0.7433  0.2  0.2		4.1705503158		-1.0
	14070.00000001	3.22558		-0.5325  0.2  0.2		4.1705503158		-1.0
	14100.00000001	3.4327		-0.49665  0.2  0.2		4.1705503158		-1.0
	14130.00000001	2.57215		-0.75013  0.2  0.2		4.1705503158		-1.0
	14160.00000001	3.17658		-0.75514  0.2  0.2		4.1705503158		-1.0
	14190.00000001	2.71568		-0.40935  0.2  0.2		4.1705503158		-1.0
	14220.00000001	2.64749		0.08753  0.2  0.2		4.1705503158		-1.0
	14020.00000001	2.79044		-0.83877  0.2  0.2		4.1705503158		-1.0
	14050.00000001	3.27474		-0.76228  0.2  0.2		4.1705503158		-1.0
	14080.00000001	3.19879		-0.64888  0.2  0.2		4.1705503158		-1.0
	14110.00000001	3.38427		-0.53303  0.2  0.2		4.1705503158		-1.0
	14140.00000001	2.77648		-0.5701  0.2  0.2		4.1705503158		-1.0
	14170.00000001	3.03352		-0.49707  0.2  0.2		4.1705503158		-1.0
	14200.00000001	2.82901		-0.2561  0.2  0.2		4.1705503158		-1.0
	14230.00000000	2.83947		0.19834  0.2  0.2		4.1705503158		-1.0
	14260.00000000	3.02629		0.50791  0.2  0.2		4.1705503158		-1.0
	14290.00000000	2.7334		0.75029  0.2  0.2		4.1705503158		-1.0
	14320.00000000	2.66359		0.58321  0.2  0.2		4.1705503158		-1.0
	14350.00000000	2.84026		0.15767  0.2  0.2		4.1705503158		-1.0
	14380.00000000	2.81506		0.3296  0.2  0.2		4.1705503158		-1.0
	14410.00000000	2.75882		0.52153  0.2  0.2		4.1705503158		-1.0
	14440.00000000	2.73929		0.80408  0.2  0.2		4.1705503158		-1.0
	14470.00000000	2.78216		1.01226  0.2  0.2		4.1705503158		-1.0
	14500.00000000	2.74404		1.35555  0.2  0.2		4.1705503158		-1.0
	14530.00000000	2.72191		1.54733  0.2  0.2		4.1705503158		-1.0
	14560.00000000	2.65564		1.26123  0.2  0.2		4.1705503158		-1.0
	14590.00000000	3.06023		0.95647  0.2  0.2		4.1705503158		-1.0
	14620.00000000	3.39947		0.95873  0.2  0.2		4.1705503158		-1.0
	14650.00000000	3.51305		1.37897  0.2  0.2		4.1705503158		-1.0
	14680.00000000	2.72583		1.68191  0.2  0.2		4.1705503158		-1.0
	14710.00000000	2.61948		1.79885  0.2  0.2		4.1705503158		-1.0
	14740.00000000	2.69688		1.8517  0.2  0.2		4.1705503158		-1.0
	14770.00000000	2.6941		1.50781  0.2  0.2		4.1705503158		-1.0
	14800.00000000	2.63128		1.14216  0.2  0.2		4.1705503158		-1.0
	14830.00000000	2.96233		1.04343  0.2  0.2		4.1705503158		-1.0
	14860.00000000	3.12903		1.01419  0.2  0.2		4.1705503158		-1.0
	14890.00000000	3.35311		1.02022  0.2  0.2		4.1705503158		-1.0
	14920.00000000	3.35765		1.08104  0.2  0.2		4.1705503158		-1.0
	14950.00000000	3.27995		1.21299  0.2  0.2		4.1705503158		-1.0
	14980.00000000	3.18084		1.39626  0.2  0.2		4.1705503158		-1.0
	15010.00000000	3.59277		1.57865  0.2  0.2		4.1705503158		-1.0
	15040.00000000	3.29778		1.38027  0.2  0.2		4.1705503158		-1.0
	15070.00000000	3.37231		1.15213  0.2  0.2		4.1705503158		-1.0
	15100.00000000	3.57376		1.18725  0.2  0.2		4.1705503158		-1.0
	15130.00000000	3.54693		1.0821  0.2  0.2		4.1705503158		-1.0
	15160.00000000	3.51283		0.50835  0.2  0.2		4.1705503158		-1.0
	15190.00000000	3.34728		0.56006  0.2  0.2		4.1705503158		-1.0
	15220.00000000	3.38265		0.6018  0.2  0.2		4.1705503158		-1.0
	15250.00000000	3.6813		0.55761  0.2  0.2		4.1705503158		-1.0
	15280.00000000	3.35104		0.61163  0.2  0.2		4.1705503158		-1.0
	15310.00000000	3.64975		0.57683  0.2  0.2		4.1705503158		-1.0
	15340.00000000	3.15447		0.30962  0.2  0.2		4.1705503158		-1.0
	15370.00000000	2.72065		-0.04953  0.2  0.2		4.1705503158		-1.0
	15400.00000000	2.62519		-0.22526  0.2  0.2		4.1705503158		-1.0
	15430.00000000	2.68587		-0.30883  0.2  0.2		4.1705503158		-1.0
	15460.00000000	2.68273		-0.01814  0.2  0.2		4.1705503158		-1.0
	15490.00000000	3.00187		0.23576  0.2  0.2		4.1705503158		-1.0
	15520.00000000	3.40366		-0.09045  0.2  0.2		4.1705503158		-1.0
	15550.00000000	3.23527		-0.33149  0.2  0.2		4.1705503158		-1.0
	15580.00000000	3.47599		-0.16813  0.2  0.2		4.1705503158		-1.0
	15610.00000000	3.09798		0.13224  0.2  0.2		4.1705503158		-1.0
	15640.00000000	3.06802		0.36826  0.2  0.2		4.1705503158		-1.0
	15670.00000000	3.22759		0.01821  0.2  0.2		4.1705503158		-1.0
	15700.00000000	3.30941		-0.28452  0.2  0.2		4.1705503158		-1.0
	15730.00000000	3.3043		-0.53381  0.2  0.2		4.1705503158		-1.0
	15760.00000000	3.23419		-0.41067  0.2  0.2		4.1705503158		-1.0
	15790.00000000	3.01413		-0.57415  0.2  0.2		4.1705503158		-1.0
	15820.00000000	2.76529		-0.82806  0.2  0.2		4.1705503158		-1.0
	15850.00000000	2.72686		-1.23001  0.2  0.2		4.1705503158		-1.0
	15880.00000000	2.63591		-1.58537  0.2  0.2		4.1705503158		-1.0
	15910.00000000	2.80694		-1.43575  0.2  0.2		4.1705503158		-1.0
	15940.00000000	2.84269		-1.3025  0.2  0.2		4.1705503158		-1.0
	15970.00000000	3.55265		-1.31326  0.2  0.2		4.1705503158		-1.0
	16000.00000000	3.25366		-1.28711  0.2  0.2		4.1705503158		-1.0
	16030.00000000	3.42356		-1.08218  0.2  0.2		4.1705503158		-1.0
	16060.00000000	3.69865		-0.72283  0.2  0.2		4.1705503158		-1.0
	16090.00000000	3.63088		-0.72307  0.2  0.2		4.1705503158		-1.0
	16120.00000000	3.40352		-0.75407  0.2  0.2		4.1705503158		-1.0
	16150.00000000	2.70955		-0.93896  0.2  0.2		4.1705503158		-1.0
	16180.00000000	2.69625		-0.96014  0.2  0.2		4.1705503158		-1.0
	16210.00000000	2.94753		-0.85792  0.2  0.2		4.1705503158		-1.0
	16240.00000000	3.7781		-1.00256  0.2  0.2		4.1705503158		-1.0
	16270.00000000	3.47474		-1.4434  0.2  0.2		4.1705503158		-1.0
	16300.00000000	3.40871		-1.66293  0.2  0.2		4.1705503158		-1.0
	16330.00000000	3.5165		-1.40991  0.2  0.2		4.1705503158		-1.0
	16360.00000000	3.20818		-1.25661  0.2  0.2		4.1705503158		-1.0
	16390.00000000	3.75284		-1.38207  0.2  0.2		4.1705503158		-1.0
	16420.00000000	3.46989		-1.39693  0.2  0.2		4.1705503158		-1.0
	16450.00000000	3.42793		-1.63874  0.2  0.2		4.1705503158		-1.0
	16480.00000000	3.38934		-1.73424  0.2  0.2		4.1705503158		-1.0
	16510.00000000	3.43436		-1.67059  0.2  0.2		4.1705503158		-1.0
	16540.00000000	3.74571		-1.8489  0.2  0.2		4.1705503158		-1.0
	16570.00000000	3.77362		-1.70881  0.2  0.2		4.1705503158		-1.0
	16600.00000000	3.25037		-1.70499  0.2  0.2		4.1705503158		-1.0
	16630.00000000	3.54045		-1.90918  0.2  0.2		4.1705503158		-1.0
	16660.00000000	3.12299		-1.93363  0.2  0.2		4.1705503158		-1.0
	16690.00000000	2.77468		-1.86637  0.2  0.2		4.1705503158		-1.0
	16720.00000000	3.16092		-1.59505  0.2  0.2		4.1705503158		-1.0
	16750.00000000	3.58472		-1.55866  0.2  0.2		4.1705503158		-1.0
	16780.00000000	3.56803		-1.41326  0.2  0.2		4.1705503158		-1.0
	16810.00000000	3.8685		-1.1614  0.2  0.2		4.1705503158		-1.0
	16840.00000000	3.66173		-1.03663  0.2  0.2		4.1705503158		-1.0
	16870.00000000	2.95067		-1.28704  0.2  0.2		4.1705503158		-1.0
	16900.00000000	2.81223		-1.51323  0.2  0.2		4.1705503158		-1.0
	16930.00000000	2.84055		-1.68595  0.2  0.2		4.1705503158		-1.0
	16960.00000000	3.25277		-1.47045  0.2  0.2		4.1705503158		-1.0
	16990.00000000	3.29456		-1.18277  0.2  0.2		4.1705503158		-1.0
	17020.00000000	3.33526		-1.30175  0.2  0.2		4.1705503158		-1.0
	17050.00000000	3.57603		-1.07638  0.2  0.2		4.1705503158		-1.0
	17080.00000000	3.2081		-0.93338  0.2  0.2		4.1705503158		-1.0
	17110.00000000	2.87826		-1.10274  0.2  0.2		4.1705503158		-1.0
	17140.00000000	2.58202		-1.11574  0.2  0.2		4.1705503158		-1.0
	17170.00000000	2.99459		-1.14964  0.2  0.2		4.1705503158		-1.0
	17200.00000000	3.0422		-0.78081  0.2  0.2		4.1705503158		-1.0
	17230.00000000	3.31065		-0.45887  0.2  0.2		4.1705503158		-1.0
	17260.00000000	3.26438		-0.29876  0.2  0.2		4.1705503158		-1.0
	17290.00000000	2.56451		-0.29981  0.2  0.2		4.1705503158		-1.0
	17320.00000000	3.12135		-0.45246  0.2  0.2		4.1705503158		-1.0
	17350.00000000	2.74069		-0.62081  0.2  0.2		4.1705503158		-1.0
	17380.00000000	2.75745		-0.97654  0.2  0.2		4.1705503158		-1.0
	17410.00000000	2.93716		-1.13058  0.2  0.2		4.1705503158		-1.0
	17440.00000000	3.21153		-1.03409  0.2  0.2		4.1705503158		-1.0
	17470.00000000	2.67552		-1.03131  0.2  0.2		4.1705503158		-1.0
	17500.00000000	2.61135		-0.62858  0.2  0.2		4.1705503158		-1.0
	17530.00000000	2.57677		-0.18305  0.2  0.2		4.1705503158		-1.0
	17560.00000000	2.67473		0.48625  0.2  0.2		4.1705503158		-1.0
	17590.00000000	2.60839		1.04787  0.2  0.2		4.1705503158		-1.0
	17620.00000000	2.67874		1.20778  0.2  0.2		4.1705503158		-1.0
	17650.00000000	2.63059		1.12093  0.2  0.2		4.1705503158		-1.0
	17680.00000000	2.60292		0.90901  0.2  0.2		4.1705503158		-1.0
	17710.00000000	2.71681		0.42871  0.2  0.2		4.1705503158		-1.0
	17740.00000000	2.59441		0.30678  0.2  0.2		4.1705503158		-1.0
	17770.00000000	2.83503		0.4046  0.2  0.2		4.1705503158		-1.0
	17800.00000000	2.78705		0.5177  0.2  0.2		4.1705503158		-1.0
	17830.00000000	2.63805		0.86653  0.2  0.2		4.1705503158		-1.0
	17860.00000000	2.6484		0.89407  0.2  0.2		4.1705503158		-1.0
	17890.00000000	2.71913		1.05379  0.2  0.2		4.1705503158		-1.0
	17920.00000000	2.64701		0.79227  0.2  0.2		4.1705503158		-1.0
	17950.00000000	2.57654		0.77594  0.2  0.2		4.1705503158		-1.0
	17980.00000000	2.98559		0.75562  0.2  0.2		4.1705503158		-1.0
	18010.00000000	3.42513		0.87085  0.2  0.2		4.1705503158		-1.0
	18040.00000000	3.55881		0.89247  0.2  0.2		4.1705503158		-1.0
	18070.00000000	3.73689		0.66137  0.2  0.2		4.1705503158		-1.0
	18100.00000000	3.36418		0.16732  0.2  0.2		4.1705503158		-1.0
	18130.00000000	3.53422		-0.01312  0.2  0.2		4.1705503158		-1.0
	18160.00000000	3.46804		-0.11189  0.2  0.2		4.1705503158		-1.0
	18190.00000000	3.18942		-0.14377  0.2  0.2		4.1705503158		-1.0
	18220.00000000	3.31499		-0.09862  0.2  0.2		4.1705503158		-1.0
	18250.00000000	3.60036		-0.42265  0.2  0.2		4.1705503158		-1.0
	18280.00000000	3.73947		-0.64247  0.2  0.2		4.1705503158		-1.0
	18310.00000000	3.71802		-0.80212  0.2  0.2		4.1705503158		-1.0
	18340.00000000	3.6651		-0.83356  0.2  0.2		4.1705503158		-1.0
	18370.00000000	3.16062		-0.81535  0.2  0.2		4.1705503158		-1.0
	18400.00000000	3.2787		-0.56921  0.2  0.2		4.1705503158		-1.0
	18430.00000000	3.06639		-0.23539  0.2  0.2		4.1705503158		-1.0
	18460.00000000	3.03693		0.25479  0.2  0.2		4.1705503158		-1.0
	18490.00000000	2.61491		0.46124  0.2  0.2		4.1705503158		-1.0
	18520.00000000	2.59379		0.61122  0.2  0.2		4.1705503158		-1.0
	18550.00000000	2.55737		0.59632  0.2  0.2		4.1705503158		-1.0
	18580.00000000	2.61085		0.50369  0.2  0.2		4.1705503158		-1.0
	18610.00000000	3.09638		0.62117  0.2  0.2		4.1705503158		-1.0
	18640.00000000	3.29698		0.50897  0.2  0.2		4.1705503158		-1.0
	18670.00000000	3.45429		0.46153  0.2  0.2		4.1705503158		-1.0
	18700.00000000	3.44975		0.37586  0.2  0.2		4.1705503158		-1.0
	18730.00000000	3.60382		-0.0506  0.2  0.2		4.1705503158		-1.0
	18760.00000000	3.33315		-0.50717  0.2  0.2		4.1705503158		-1.0
	18790.00000000	3.39038		-0.8975  0.2  0.2		4.1705503158		-1.0
	18820.00000000	2.49604		-0.96439  0.2  0.2		4.1705503158		-1.0
	18850.00000000	3.46199		-0.84008  0.2  0.2		4.1705503158		-1.0
	18880.00000000	3.77908		-0.78201  0.2  0.2		4.1705503158		-1.0
	18910.00000000	3.82893		-0.96442  0.2  0.2		4.1705503158		-1.0
	18940.00000000	4.02696		-1.2644  0.2  0.2		4.1705503158		-1.0
	18970.00000000	3.93854		-1.26188  0.2  0.2		4.1705503158		-1.0
	19000.00000000	3.85799		-1.50867  0.2  0.2		4.1705503158		-1.0
	19030.00000000	3.3903		-1.8531  0.2  0.2		4.1705503158		-1.0
	19060.00000000	3.10952		-1.98748  0.2  0.2		4.1705503158		-1.0
	19090.00000000	2.68359		-2.0628  0.2  0.2		4.1705503158		-1.0
	19120.00000000	2.9619		-2.11149  0.2  0.2		4.1705503158		-1.0
	19150.00000000	3.21952		-2.07579  0.2  0.2		4.1705503158		-1.0
	19180.00000000	3.85263		-2.07645  0.2  0.2		4.1705503158		-1.0
	19210.00000000	3.86568		-2.33317  0.2  0.2		4.1705503158		-1.0
	19240.00000000	3.05244		-2.29425  0.2  0.2		4.1705503158		-1.0
	19270.00000000	2.77903		-2.14897  0.2  0.2		4.1705503158		-1.0
	19300.00000000	2.83426		-2.27156  0.2  0.2		4.1705503158		-1.0
	19330.00000000	3.19318		-2.11058  0.2  0.2		4.1705503158		-1.0
	19360.00000000	2.52354		-2.00363  0.2  0.2		4.1705503158		-1.0
	19390.00000000	2.80864		-2.2477  0.2  0.2		4.1705503158		-1.0
	19420.00000000	2.70198		-2.29336  0.2  0.2		4.1705503158		-1.0
	19450.00000000	2.64051		-2.5893  0.2  0.2		4.1705503158		-1.0
	19480.00000000	3.13766		-2.96356  0.2  0.2		4.1705503158		-1.0
	19510.00000000	3.82383		-2.81787  0.2  0.2		4.1705503158		-1.0
	19540.00000000	3.0771		-2.97757  0.2  0.2		4.1705503158		-1.0
	19570.00000000	2.7043		-3.06166  0.2  0.2		4.1705503158		-1.0
	19600.00000000	2.46518		-3.06388  0.2  0.2		4.1705503158		-1.0
	19630.00000000	2.69565		2.95796  0.2  0.2		4.1705503158		-1.0
	19660.00000000	2.62006		2.81685  0.2  0.2		4.1705503158		-1.0
	19690.00000000	2.7898		2.97793  0.2  0.2		4.1705503158		-1.0
	19720.00000000	2.51337		3.02682  0.2  0.2		4.1705503158		-1.0
	19750.00000000	2.57441		2.98635  0.2  0.2		4.1705503158		-1.0
	19780.00000000	2.62073		3.07571  0.2  0.2		4.1705503158		-1.0
	19810.00000000	2.53925		-3.0513  0.2  0.2		4.1705503158		-1.0
	19840.00000000	2.5641		2.86805  0.2  0.2		4.1705503158		-1.0
	19870.00000000	3.22834		2.47809  0.2  0.2		4.1705503158		-1.0
	19900.00000000	3.7237		2.11865  0.2  0.2		4.1705503158		-1.0
	19930.00000000	2.86069		2.19511  0.2  0.2		4.1705503158		-1.0
	19960.00000000	2.77286		2.40704  0.2  0.2		4.1705503158		-1.0
	19990.00000000	2.69112		2.38324  0.2  0.2		4.1705503158		-1.0
	20020.00000000	2.59451		2.38966  0.2  0.2		4.1705503158		-1.0
	20050.00000000	2.68021		2.56632  0.2  0.2		4.1705503158		-1.0
	20080.00000000	2.8131		2.54092  0.2  0.2		4.1705503158		-1.0
	20110.00000000	3.43492		2.29696  0.2  0.2		4.1705503158		-1.0
	20140.00000000	3.43599		2.59027  0.2  0.2		4.1705503158		-1.0
	20170.00000000	3.69222		2.60816  0.2  0.2		4.1705503158		-1.0
	20200.00000000	3.61365		2.5794  0.2  0.2		4.1705503158		-1.0
	20230.00000000	3.63562		2.57906  0.2  0.2		4.1705503158		-1.0
	20260.00000000	3.48797		2.6789  0.2  0.2		4.1705503158		-1.0
	20290.00000000	3.51334		2.71573  0.2  0.2		4.1705503158		-1.0
	20320.00000000	3.62398		2.89244  0.2  0.2		4.1705503158		-1.0
	20350.00000000	3.75698		2.84716  0.2  0.2		4.1705503158		-1.0
	20380.00000000	3.40582		2.75772  0.2  0.2		4.1705503158		-1.0
	20410.00000000	3.37138		3.00332  0.2  0.2		4.1705503158		-1.0
	20440.00000000	3.61847		-3.1335  0.2  0.2		4.1705503158		-1.0
	20470.00000000	3.63676		-2.92253  0.2  0.2		4.1705503158		-1.0
	20500.00000000	3.90118		-2.97912  0.2  0.2		4.1705503158		-1.0
	20530.00000000	4.01016		-3.01035  0.2  0.2		4.1705503158		-1.0
	20560.00000000	3.70952		-3.11309  0.2  0.2		4.1705503158		-1.0
	20590.00000000	3.52149		-3.12393  0.2  0.2		4.1705503158		-1.0
	20620.00000000	4.24781		3.04101  0.2  0.2		4.1705503158		-1.0
	20650.00000000	4.06549		-3.07491  0.2  0.2		4.1705503158		-1.0
	20680.00000000	3.13975		-3.04706  0.2  0.2		4.1705503158		-1.0
	20710.00000000	3.79286		-3.03682  0.2  0.2		4.1705503158		-1.0
	20739.99999999	3.78653		-2.86232  0.2  0.2		4.1705503158		-1.0
	20769.99999999	3.51665		-2.87528  0.2  0.2		4.1705503158		-1.0
	20799.99999999	3.97379		-2.83828  0.2  0.2		4.1705503158		-1.0
	20829.99999999	3.26951		-2.77201  0.2  0.2		4.1705503158		-1.0
	20859.99999999	2.59199		-2.71819  0.2  0.2		4.1705503158		-1.0
	20889.99999999	2.52892		-2.65943  0.2  0.2		4.1705503158		-1.0
	20919.99999999	3.42638		-2.67162  0.2  0.2		4.1705503158		-1.0
	20949.99999999	3.71652		-2.55792  0.2  0.2		4.1705503158		-1.0
	20979.99999999	3.88764		-2.21022  0.2  0.2		4.1705503158		-1.0
	21009.99999999	3.73835		-2.21575  0.2  0.2		4.1705503158		-1.0
	21039.99999999	3.84003		-2.33813  0.2  0.2		4.1705503158		-1.0
	21069.99999999	3.55433		-2.50759  0.2  0.2		4.1705503158		-1.0
	21099.99999999	3.99563		-2.35307  0.2  0.2		4.1705503158		-1.0
	21129.99999999	4.77677		-2.38932  0.2  0.2		4.1705503158		-1.0
	21159.99999999	5.48883		-2.33573  0.2  0.2		4.1705503158		-1.0
	21189.99999999	5.96442		-2.15144  0.2  0.2		4.1705503158		-1.0
	21219.99999999	6.40433		-1.95487  0.2  0.2		4.1705503158		-1.0
	21249.99999999	6.6381		-2.13444  0.2  0.2		4.1705503158		-1.0
	21279.99999999	6.67126		-2.1868  0.2  0.2		4.1705503158		-1.0
	21309.99999999	6.30657		-2.28696  0.2  0.2		4.1705503158		-1.0
	21339.99999999	5.81736		-2.5447  0.2  0.2		4.1705503158		-1.0
	21369.99999999	5.52048		-2.25011  0.2  0.2		4.1705503158		-1.0
	21399.99999999	5.3376		-1.99994  0.2  0.2		4.1705503158		-1.0
	21429.99999999	5.8137		-1.7501  0.2  0.2		4.1705503158		-1.0
	21459.99999999	6.21125		-1.58332  0.2  0.2		4.1705503158		-1.0
	21489.99999999	6.52733		-1.37469  0.2  0.2		4.1705503158		-1.0
	21519.99999999	7.20622		-1.46708  0.2  0.2		4.1705503158		-1.0
	21549.99999999	8.46575		-1.73613  0.2  0.2		4.1705503158		-1.0
	21579.99999999	9.05666		-1.80783  0.2  0.2		4.1705503158		-1.0
	21609.99999999	9.63992		-1.62254  0.2  0.2		4.1705503158		-1.0
	21639.99999999	9.98002		-1.32674  0.2  0.2		4.1705503158		-1.0
	21669.99999999	10.63104		-1.24777  0.2  0.2		4.1705503158		-1.0
	21699.99999999	11.43346		-1.09105  0.2  0.2		4.1705503158		-1.0
	21729.99999999	11.93126		-1.23333  0.2  0.2		4.1705503158		-1.0
	21759.99999999	11.73645		-1.29298  0.2  0.2		4.1705503158		-1.0
	21789.99999999	10.87029		-1.18373  0.2  0.2		4.1705503158		-1.0
	21819.99999999	9.79045		-0.84298  0.2  0.2		4.1705503158		-1.0
	21849.99999999	9.49277		-0.43747  0.2  0.2		4.1705503158		-1.0
	21879.99999999	9.79833		-0.08517  0.2  0.2		4.1705503158		-1.0
	21909.99999999	10.20796		0.01379  0.2  0.2		4.1705503158		-1.0
	21939.99999999	10.59886		0.289  0.2  0.2		4.1705503158		-1.0
	21969.99999999	11.05841		0.41184  0.2  0.2		4.1705503158		-1.0
	21999.99999999	11.44104		0.57397  0.2  0.2		4.1705503158		-1.0
	22029.99999999	11.99813		0.45847  0.2  0.2		4.1705503158		-1.0
	22059.99999999	11.89078		0.28085  0.2  0.2		4.1705503158		-1.0
	22089.99999999	11.63924		0.10282  0.2  0.2		4.1705503158		-1.0
	22119.99999999	11.71697		-0.44247  0.2  0.2		4.1705503158		-1.0
	22149.99999999	11.94318		-0.88553  0.2  0.2		4.1705503158		-1.0
	22179.99999999	11.9828		-1.18551  0.2  0.2		4.1705503158		-1.0
	22209.99999999	11.52896		-1.17682  0.2  0.2		4.1705503158		-1.0
	22239.99999999	10.72329		-0.94098  0.2  0.2		4.1705503158		-1.0
	22269.99999999	10.11243		-0.44294  0.2  0.2		4.1705503158		-1.0
	22299.99999999	10.12882		-0.23559  0.2  0.2		4.1705503158		-1.0
	22329.99999999	9.80884		0.0451  0.2  0.2		4.1705503158		-1.0
	22359.99999999	9.44326		0.14367  0.2  0.2		4.1705503158		-1.0
	22389.99999999	9.15353		0.19791  0.2  0.2		4.1705503158		-1.0
	22419.99999999	9.02998		0.1103  0.2  0.2		4.1705503158		-1.0
	22449.99999999	9.30732		-0.05949  0.2  0.2		4.1705503158		-1.0
	22479.99999999	9.05285		-0.27757  0.2  0.2		4.1705503158		-1.0
	22509.99999999	8.13568		-0.41421  0.2  0.2		4.1705503158		-1.0
	22539.99999999	7.75195		-0.80536  0.2  0.2		4.1705503158		-1.0
	22569.99999999	7.91409		-1.18258  0.2  0.2		4.1705503158		-1.0
	22599.99999999	8.23176		-1.44827  0.2  0.2		4.1705503158		-1.0
	22629.99999999	8.99754		-1.53109  0.2  0.2		4.1705503158		-1.0
	22659.99999999	9.44866		-1.6462  0.2  0.2		4.1705503158		-1.0
	22689.99999999	10.11265		-1.64461  0.2  0.2		4.1705503158		-1.0
	22719.99999999	10.78728		-1.52318  0.2  0.2		4.1705503158		-1.0
	22749.99999999	10.96052		-1.45017  0.2  0.2		4.1705503158		-1.0
	22779.99999999	11.40045		-1.69444  0.2  0.2		4.1705503158		-1.0
	22809.99999999	11.61074		-1.60993  0.2  0.2		4.1705503158		-1.0
	22839.99999999	10.95067		-1.68148  0.2  0.2		4.1705503158		-1.0
	22869.99999999	10.48964		-1.74476  0.2  0.2		4.1705503158		-1.0
	22899.99999999	9.54116		-1.82319  0.2  0.2		4.1705503158		-1.0
	22929.99999999	8.99969		-1.94806  0.2  0.2		4.1705503158		-1.0
	22959.99999999	8.38745		-2.33144  0.2  0.2		4.1705503158		-1.0
	22989.99999999	7.54016		-2.52821  0.2  0.2		4.1705503158		-1.0
	23019.99999999	6.99328		-2.71328  0.2  0.2		4.1705503158		-1.0
	23049.99999999	6.84875		-2.73943  0.2  0.2		4.1705503158		-1.0
	23079.99999999	6.36092		1.89045  0.2  0.2		4.1705503158		-1.0
	23109.99999999	6.5965		1.026  0.2  0.2		4.1705503158		-1.0
	23139.99999999	6.77178		0.21757  0.2  0.2		4.1705503158		-1.0
	23169.99999999	7.38316		0.4742  0.2  0.2		4.1705503158		-1.0
	23199.99999999	8.17771		0.85497  0.2  0.2		4.1705503158		-1.0
	23229.99999999	8.11301		0.57791  0.2  0.2		4.1705503158		-1.0
	23259.99999999	7.65715		0.47715  0.2  0.2		4.1705503158		-1.0
	23289.99999999	7.20361		-0.02636  0.2  0.2		4.1705503158		-1.0
	23319.99999999	6.7468		-0.75971  0.2  0.2		4.1705503158		-1.0
	23349.99999999	6.75962		-0.52929  0.2  0.2		4.1705503158		-1.0
	23379.99999999	6.73734		-0.46645  0.2  0.2		4.1705503158		-1.0
	23409.99999999	6.96391		-0.60197  0.2  0.2		4.1705503158		-1.0
	23439.99999999	7.62987		-1.07108  0.2  0.2		4.1705503158		-1.0
	23469.99999999	7.51701		-1.19192  0.2  0.2		4.1705503158		-1.0
	23499.99999999	7.94702		-1.46535  0.2  0.2		4.1705503158		-1.0
	23529.99999999	8.28768		-1.71594  0.2  0.2		4.1705503158		-1.0
	23559.99999999	8.13842		-1.96911  0.2  0.2		4.1705503158		-1.0
	23589.99999999	8.10438		-2.00304  0.2  0.2		4.1705503158		-1.0
	23619.99999999	7.90646		-2.00356  0.2  0.2		4.1705503158		-1.0
	23649.99999999	7.18919		-2.23296  0.2  0.2		4.1705503158		-1.0
	23679.99999999	7.06849		-1.76551  0.2  0.2		4.1705503158		-1.0
	23709.99999999	7.07338		-1.17063  0.2  0.2		4.1705503158		-1.0
	23739.99999999	7.24171		-0.77243  0.2  0.2		4.1705503158		-1.0
	23769.99999999	7.21472		-0.93846  0.2  0.2		4.1705503158		-1.0
	23799.99999999	7.8157		-0.71945  0.2  0.2		4.1705503158		-1.0
	23829.99999999	8.75816		-0.52337  0.2  0.2		4.1705503158		-1.0
	23859.99999999	9.1438		-0.73637  0.2  0.2		4.1705503158		-1.0
	23889.99999999	9.4489		-0.4316  0.2  0.2		4.1705503158		-1.0
	23919.99999999	9.74394		-0.24271  0.2  0.2		4.1705503158		-1.0
	23949.99999999	10.02961		-0.32643  0.2  0.2		4.1705503158		-1.0
	23979.99999999	10.27583		-0.62648  0.2  0.2		4.1705503158		-1.0
	24009.99999999	10.42137		-0.88454  0.2  0.2		4.1705503158		-1.0
	24039.99999999	10.72241		-0.69142  0.2  0.2		4.1705503158		-1.0
	24069.99999999	11.02761		-0.66497  0.2  0.2		4.1705503158		-1.0
	24099.99999999	11.27266		-0.62362  0.2  0.2		4.1705503158		-1.0
	24129.99999999	11.02702		-0.49445  0.2  0.2		4.1705503158		-1.0
	24159.99999999	11.12608		-0.11942  0.2  0.2		4.1705503158		-1.0
	24189.99999999	10.80105		-0.32088  0.2  0.2		4.1705503158		-1.0
	24219.99999999	10.25897		-0.35206  0.2  0.2		4.1705503158		-1.0
	24249.99999999	10.64543		-0.29119  0.2  0.2		4.1705503158		-1.0
	24279.99999999	10.7528		-0.3711  0.2  0.2		4.1705503158		-1.0
	24309.99999999	10.51495		-0.27687  0.2  0.2		4.1705503158		-1.0
	24339.99999999	10.38925		-0.20951  0.2  0.2		4.1705503158		-1.0
	24369.99999999	10.78117		-0.24851  0.2  0.2		4.1705503158		-1.0
	24399.99999999	11.5158		-0.25137  0.2  0.2		4.1705503158		-1.0
	24429.99999999	11.78487		-0.53847  0.2  0.2		4.1705503158		-1.0
	24459.99999999	12.13947		-0.4258  0.2  0.2		4.1705503158		-1.0
	24489.99999999	11.84806		-0.50552  0.2  0.2		4.1705503158		-1.0
	24519.99999999	12.00571		-0.43602  0.2  0.2		4.1705503158		-1.0
	24549.99999999	11.60043		-0.63544  0.2  0.2		4.1705503158		-1.0
	24579.99999999	11.65605		-1.22365  0.2  0.2		4.1705503158		-1.0
	24609.99999999	11.71044		-1.52636  0.2  0.2		4.1705503158		-1.0
	24639.99999999	11.60939		-1.83213  0.2  0.2		4.1705503158		-1.0
	24669.99999999	11.35006		-2.09735  0.2  0.2		4.1705503158		-1.0
	24699.99999999	11.44971		-2.22749  0.2  0.2		4.1705503158		-1.0
	24729.99999999	11.58458		-1.98875  0.2  0.2		4.1705503158		-1.0
	24759.99999999	11.90092		-2.09167  0.2  0.2		4.1705503158		-1.0
	24789.99999999	11.72987		-2.31205  0.2  0.2		4.1705503158		-1.0
	24819.99999999	11.69171		-2.49862  0.2  0.2		4.1705503158		-1.0
	24849.99999999	11.6285		-2.17755  0.2  0.2		4.1705503158		-1.0
	24879.99999999	11.35712		-2.06914  0.2  0.2		4.1705503158		-1.0
	24909.99999999	10.54738		-2.28836  0.2  0.2		4.1705503158		-1.0
	24939.99999999	10.08476		-2.0959  0.2  0.2		4.1705503158		-1.0
	24969.99999999	9.77387		-2.11953  0.2  0.2		4.1705503158		-1.0
	24999.99999999	9.55686		-1.91437  0.2  0.2		4.1705503158		-1.0
	25029.99999999	9.60694		-1.09018  0.2  0.2		4.1705503158		-1.0
	25059.99999999	9.93094		-1.15381  0.2  0.2		4.1705503158		-1.0
	25089.99999999	9.92945		-0.98489  0.2  0.2		4.1705503158		-1.0
	25119.99999999	9.64223		-1.24315  0.2  0.2		4.1705503158		-1.0
	25149.99999999	10.25401		-1.32425  0.2  0.2		4.1705503158		-1.0
	25179.99999999	10.88305		-1.22878  0.2  0.2		4.1705503158		-1.0
	25209.99999999	11.73236		-1.55554  0.2  0.2		4.1705503158		-1.0
	25239.99999999	12.01961		-1.48817  0.2  0.2		4.1705503158		-1.0
	25269.99999999	11.50493		-1.40125  0.2  0.2		4.1705503158		-1.0
	25299.99999999	11.07452		-1.08852  0.2  0.2		4.1705503158		-1.0
	25329.99999999	10.66478		-0.492  0.2  0.2		4.1705503158		-1.0
	25359.99999999	10.74497		-0.35144  0.2  0.2		4.1705503158		-1.0
	25389.99999999	11.0737		-0.2838  0.2  0.2		4.1705503158		-1.0
	25419.99999999	10.64067		0.03346  0.2  0.2		4.1705503158		-1.0
	25449.99999999	10.95527		0.39453  0.2  0.2		4.1705503158		-1.0
	25479.99999999	10.83862		0.32995  0.2  0.2		4.1705503158		-1.0
	25509.99999999	10.55467		0.45577  0.2  0.2		4.1705503158		-1.0
	25539.99999999	10.31917		0.37815  0.2  0.2		4.1705503158		-1.0
	25569.99999999	10.31617		-0.31829  0.2  0.2		4.1705503158		-1.0
	25599.99999999	10.02085		-3.10094  0.2  0.2		4.1705503158		-1.0
	25629.99999999	10.19913		-2.25582  0.2  0.2		4.1705503158		-1.0
	25659.99999999	10.63035		-2.08299  0.2  0.2		4.1705503158		-1.0
	25689.99999999	11.12384		-2.30542  0.2  0.2		4.1705503158		-1.0
	25719.99999999	10.83805		-1.86478  0.2  0.2		4.1705503158		-1.0
	25749.99999999	10.60563		-2.0987  0.2  0.2		4.1705503158		-1.0
	25779.99999999	10.62707		-2.56524  0.2  0.2		4.1705503158		-1.0
	25809.99999999	10.29641		-2.93214  0.2  0.2		4.1705503158		-1.0
	25839.99999999	10.36856		2.59437  0.2  0.2		4.1705503158		-1.0
	25869.99999999	10.43987		2.53399  0.2  0.2		4.1705503158		-1.0
	25899.99999999	10.17		2.54383  0.2  0.2		4.1705503158		-1.0
	25929.99999999	9.40485		2.61035  0.2  0.2		4.1705503158		-1.0
	25959.99999999	9.53678		3.05498  0.2  0.2		4.1705503158		-1.0
	25989.99999999	9.85256		-2.75391  0.2  0.2		4.1705503158		-1.0
	26019.99999999	9.2842		-2.48289  0.2  0.2		4.1705503158		-1.0
	26049.99999999	8.46659		-2.67616  0.2  0.2		4.1705503158		-1.0
	26079.99999999	8.07085		-2.7763  0.2  0.2		4.1705503158		-1.0
	26109.99999999	8.26536		3.07792  0.2  0.2		4.1705503158		-1.0
	26139.99999999	7.83348		2.85535  0.2  0.2		4.1705503158		-1.0
	26169.99999999	7.49974		2.64726  0.2  0.2		4.1705503158		-1.0
	26199.99999999	7.7062		2.64402  0.2  0.2		4.1705503158		-1.0
	26229.99999999	7.38851		2.85202  0.2  0.2		4.1705503158		-1.0
	26259.99999999	6.72727		2.90998  0.2  0.2		4.1705503158		-1.0
	26289.99999999	5.94702		2.941  0.2  0.2		4.1705503158		-1.0
	26319.99999999	6.04388		2.90768  0.2  0.2		4.1705503158		-1.0
	26349.99999999	6.8079		2.79879  0.2  0.2		4.1705503158		-1.0
	26379.99999999	7.34358		2.57045  0.2  0.2		4.1705503158		-1.0
	26409.99999999	7.54559		2.64065  0.2  0.2		4.1705503158		-1.0
	26439.99999999	6.95897		2.43106  0.2  0.2		4.1705503158		-1.0
	26469.99999999	6.52072		2.14806  0.2  0.2		4.1705503158		-1.0
	26499.99999999	6.48397		2.19474  0.2  0.2		4.1705503158		-1.0
	26529.99999999	6.76214		2.47032  0.2  0.2		4.1705503158		-1.0
	26559.99999999	7.02299		2.40651  0.2  0.2		4.1705503158		-1.0
	26589.99999999	7.31615		2.04355  0.2  0.2		4.1705503158		-1.0
	26619.99999999	7.72691		1.72351  0.2  0.2		4.1705503158		-1.0
	26649.99999999	8.24225		1.77186  0.2  0.2		4.1705503158		-1.0
	26679.99999999	8.6727		1.76659  0.2  0.2		4.1705503158		-1.0
	26709.99999999	9.08339		1.85936  0.2  0.2		4.1705503158		-1.0
	26739.99999999	9.79287		1.82375  0.2  0.2		4.1705503158		-1.0
	26769.99999999	10.19583		1.79197  0.2  0.2		4.1705503158		-1.0
	26799.99999999	10.45665		1.79438  0.2  0.2		4.1705503158		-1.0
	26829.99999999	11.18415		1.94523  0.2  0.2		4.1705503158		-1.0
	26859.99999999	11.8612		1.8894  0.2  0.2		4.1705503158		-1.0
	26889.99999999	11.84815		1.56135  0.2  0.2		4.1705503158		-1.0
	26919.99999999	12.06245		1.29331  0.2  0.2		4.1705503158		-1.0
	26949.99999999	11.61341		1.01803  0.2  0.2		4.1705503158		-1.0
	26979.99999999	10.82151		0.75113  0.2  0.2		4.1705503158		-1.0
	27009.99999999	10.33306		0.88578  0.2  0.2		4.1705503158		-1.0
	27039.99999999	10.07567		1.08334  0.2  0.2		4.1705503158		-1.0
	27069.99999999	9.23771		1.3002  0.2  0.2		4.1705503158		-1.0
	27099.99999999	8.52622		1.59243  0.2  0.2		4.1705503158		-1.0
	27129.99999999	8.28224		1.78139  0.2  0.2		4.1705503158		-1.0
	27159.99999999	8.31605		2.36485  0.2  0.2		4.1705503158		-1.0
	27189.99999999	9.05186		2.40859  0.2  0.2		4.1705503158		-1.0
	27219.99999999	9.85727		2.50638  0.2  0.2		4.1705503158		-1.0
	27249.99999998	10.2651		2.71699  0.2  0.2		4.1705503158		-1.0
	27279.99999998	9.84513		3.07101  0.2  0.2		4.1705503158		-1.0
	27309.99999998	9.42056		-3.08774  0.2  0.2		4.1705503158		-1.0
	27339.99999998	9.59479		3.1252  0.2  0.2		4.1705503158		-1.0
	27369.99999998	9.87732		-2.98586  0.2  0.2		4.1705503158		-1.0
	27399.99999998	10.35853		-3.03298  0.2  0.2		4.1705503158		-1.0
	27429.99999998	10.82443		2.89431  0.2  0.2		4.1705503158		-1.0
	27459.99999998	11.02528		2.57391  0.2  0.2		4.1705503158		-1.0
	27489.99999998	11.53416		2.20202  0.2  0.2		4.1705503158		-1.0
	27519.99999998	11.75678		2.08576  0.2  0.2		4.1705503158		-1.0
	27549.99999998	12.04567		2.03608  0.2  0.2		4.1705503158		-1.0
	27579.99999998	11.89809		2.3271  0.2  0.2		4.1705503158		-1.0
	27609.99999998	10.67136		2.59857  0.2  0.2		4.1705503158		-1.0
	27639.99999998	9.72002		2.55709  0.2  0.2		4.1705503158		-1.0
	27669.99999998	9.46413		2.29172  0.2  0.2		4.1705503158		-1.0
	27699.99999998	9.98649		1.98627  0.2  0.2		4.1705503158		-1.0
	27729.99999998	10.66313		1.66275  0.2  0.2		4.1705503158		-1.0
	27759.99999998	11.38668		1.79182  0.2  0.2		4.1705503158		-1.0
	27789.99999998	11.62596		1.85378  0.2  0.2		4.1705503158		-1.0
	27819.99999998	11.20447		1.92576  0.2  0.2		4.1705503158		-1.0
	27849.99999998	11.08745		2.08864  0.2  0.2		4.1705503158		-1.0
	27879.99999998	10.29524		2.33336  0.2  0.2		4.1705503158		-1.0
	27909.99999998	9.78436		2.4146  0.2  0.2		4.1705503158		-1.0
	27939.99999998	10.06603		2.34469  0.2  0.2		4.1705503158		-1.0
	27969.99999998	10.5112		2.32734  0.2  0.2		4.1705503158		-1.0
	27999.99999998	10.08238		2.09846  0.2  0.2		4.1705503158		-1.0
	28029.99999998	10.27405		2.05666  0.2  0.2		4.1705503158		-1.0
	28059.99999998	10.04495		1.65699  0.2  0.2		4.1705503158		-1.0
	28089.99999998	9.68018		1.42566  0.2  0.2		4.1705503158		-1.0
	28119.99999998	9.87302		1.00831  0.2  0.2		4.1705503158		-1.0
	28149.99999998	9.80904		0.89958  0.2  0.2		4.1705503158		-1.0
	28179.99999998	9.41447		1.01606  0.2  0.2		4.1705503158		-1.0
	28209.99999998	8.65093		1.16078  0.2  0.2		4.1705503158		-1.0
	28239.99999998	8.01825		1.02962  0.2  0.2		4.1705503158		-1.0
	28269.99999998	7.37452		1.47099  0.2  0.2		4.1705503158		-1.0
	28299.99999998	6.48829		1.48459  0.2  0.2		4.1705503158		-1.0
	28329.99999998	5.99842		1.31758  0.2  0.2		4.1705503158		-1.0
	28359.99999998	5.88812		0.83872  0.2  0.2		4.1705503158		-1.0
	28389.99999998	6.55406		-0.14219  0.2  0.2		4.1705503158		-1.0
	28419.99999998	7.20598		0.00723  0.2  0.2		4.1705503158		-1.0
	28449.99999998	8.24254		0.00963  0.2  0.2		4.1705503158		-1.0
	28479.99999998	9.05816		0.44322  0.2  0.2		4.1705503158		-1.0
	28509.99999998	9.23517		0.43618  0.2  0.2		4.1705503158		-1.0
	28539.99999998	8.79165		0.54992  0.2  0.2		4.1705503158		-1.0
	28569.99999998	8.40707		0.80682  0.2  0.2		4.1705503158		-1.0
	28599.99999998	8.1564		0.72099  0.2  0.2		4.1705503158		-1.0
	28629.99999998	8.15298		0.92338  0.2  0.2		4.1705503158		-1.0
	28659.99999998	8.24737		1.1547  0.2  0.2		4.1705503158		-1.0
	28689.99999998	8.74064		0.99999  0.2  0.2		4.1705503158		-1.0
	28719.99999998	9.47903		0.9907  0.2  0.2		4.1705503158		-1.0
	28749.99999998	9.95314		0.83952  0.2  0.2		4.1705503158		-1.0
	28779.99999998	9.91606		0.55099  0.2  0.2		4.1705503158		-1.0
	28809.99999998	9.58022		0.31261  0.2  0.2		4.1705503158		-1.0
	28839.99999998	9.45803		0.17447  0.2  0.2		4.1705503158		-1.0
	28869.99999998	9.45653		0.02576  0.2  0.2		4.1705503158		-1.0
	28899.99999998	8.80162		0.16954  0.2  0.2		4.1705503158		-1.0
	28929.99999998	8.20435		0.24998  0.2  0.2		4.1705503158		-1.0
	28959.99999998	7.50359		0.05801  0.2  0.2		4.1705503158		-1.0
	28989.99999998	7.21352		-0.66195  0.2  0.2		4.1705503158		-1.0
	29019.99999998	7.81895		-0.85979  0.2  0.2		4.1705503158		-1.0
	29049.99999998	8.38111		-0.64642  0.2  0.2		4.1705503158		-1.0
	29079.99999998	8.74254		-0.5661  0.2  0.2		4.1705503158		-1.0
	29109.99999998	9.49553		-0.37235  0.2  0.2		4.1705503158		-1.0
	29139.99999998	10.17469		-0.35925  0.2  0.2		4.1705503158		-1.0
	29169.99999998	10.29593		0.0658  0.2  0.2		4.1705503158		-1.0
	29199.99999998	10.41832		0.49584  0.2  0.2		4.1705503158		-1.0
	29229.99999998	10.84377		0.77974  0.2  0.2		4.1705503158		-1.0
	29259.99999998	11.24244		1.06559  0.2  0.2		4.1705503158		-1.0
	29289.99999998	11.58746		1.10887  0.2  0.2		4.1705503158		-1.0
	29319.99999998	11.6386		1.05454  0.2  0.2		4.1705503158		-1.0
	29349.99999998	11.09131		1.13199  0.2  0.2		4.1705503158		-1.0
	29379.99999998	10.4322		1.19641  0.2  0.2		4.1705503158		-1.0
	29409.99999998	10.01285		1.38022  0.2  0.2		4.1705503158		-1.0
	29439.99999998	9.92022		1.61004  0.2  0.2		4.1705503158		-1.0
	29469.99999998	9.22937		1.64223  0.2  0.2		4.1705503158		-1.0
	29499.99999998	9.12789		1.50582  0.2  0.2		4.1705503158		-1.0
	29529.99999998	8.76359		1.21969  0.2  0.2		4.1705503158		-1.0
	29559.99999998	9.34067		1.24739  0.2  0.2		4.1705503158		-1.0
	29589.99999998	9.57458		1.34441  0.2  0.2		4.1705503158		-1.0
	29619.99999998	9.74009		1.48424  0.2  0.2		4.1705503158		-1.0
	29649.99999998	9.86461		1.26817  0.2  0.2		4.1705503158		-1.0
	29679.99999998	11.01035		1.48563  0.2  0.2		4.1705503158		-1.0
	29709.99999998	11.44196		1.41485  0.2  0.2		4.1705503158		-1.0
	29739.99999998	11.6345		1.23414  0.2  0.2		4.1705503158		-1.0
	29769.99999998	10.72129		1.04608  0.2  0.2		4.1705503158		-1.0
	29799.99999998	10.37491		0.99595  0.2  0.2		4.1705503158		-1.0
	29829.99999998	10.4254		0.52322  0.2  0.2		4.1705503158		-1.0
	29859.99999998	9.96941		0.59634  0.2  0.2		4.1705503158		-1.0
	29889.99999998	9.35941		0.77681  0.2  0.2		4.1705503158		-1.0
	29919.99999998	8.92171		0.98985  0.2  0.2		4.1705503158		-1.0
	29949.99999998	9.1844		0.75142  0.2  0.2		4.1705503158		-1.0
	29979.99999998	10.0325		0.69641  0.2  0.2		4.1705503158		-1.0
	30009.99999998	10.2704		0.46128  0.2  0.2		4.1705503158		-1.0
	30039.99999998	9.47758		0.36871  0.2  0.2		4.1705503158		-1.0
	30069.99999998	8.89769		0.65811  0.2  0.2		4.1705503158		-1.0
	30099.99999998	8.24288		0.92816  0.2  0.2		4.1705503158		-1.0
	30129.99999998	8.55118		1.31472  0.2  0.2		4.1705503158		-1.0
	30159.99999998	8.85373		1.39321  0.2  0.2		4.1705503158		-1.0
	30189.99999998	9.38073		1.02141  0.2  0.2		4.1705503158		-1.0
	30219.99999998	9.84632		1.04554  0.2  0.2		4.1705503158		-1.0
	30249.99999998	10.6322		1.13124  0.2  0.2		4.1705503158		-1.0
	30279.99999998	10.90993		1.3857  0.2  0.2		4.1705503158		-1.0
	30309.99999998	11.40707		1.48783  0.2  0.2		4.1705503158		-1.0
	30339.99999998	11.90766		1.78907  0.2  0.2		4.1705503158		-1.0
	30369.99999998	11.85574		1.61839  0.2  0.2		4.1705503158		-1.0
	30399.99999998	11.59394		1.7087  0.2  0.2		4.1705503158		-1.0
	30429.99999998	10.88432		1.64572  0.2  0.2		4.1705503158		-1.0
	30459.99999998	9.814		1.63572  0.2  0.2		4.1705503158		-1.0
	30489.99999998	9.15475		1.5792  0.2  0.2		4.1705503158		-1.0
	30519.99999998	8.94027		1.24138  0.2  0.2		4.1705503158		-1.0
	30549.99999998	8.47885		1.23128  0.2  0.2		4.1705503158		-1.0
	30579.99999998	7.79414		1.13237  0.2  0.2		4.1705503158		-1.0
	30609.99999998	7.67039		1.38226  0.2  0.2		4.1705503158		-1.0
	30639.99999998	7.88441		1.35301  0.2  0.2		4.1705503158		-1.0
	30669.99999998	8.26507		1.47281  0.2  0.2		4.1705503158		-1.0
	30699.99999998	8.6061		1.64315  0.2  0.2		4.1705503158		-1.0
	30729.99999998	8.37291		1.99551  0.2  0.2		4.1705503158		-1.0
	30759.99999998	7.90458		2.16399  0.2  0.2		4.1705503158		-1.0
	30789.99999998	8.20104		2.22978  0.2  0.2		4.1705503158		-1.0
	30819.99999998	8.73927		2.56981  0.2  0.2		4.1705503158		-1.0
	30849.99999998	9.20552		2.78058  0.2  0.2		4.1705503158		-1.0
	30879.99999998	9.15658		2.67592  0.2  0.2		4.1705503158		-1.0
	30909.99999998	8.7096		2.5653  0.2  0.2		4.1705503158		-1.0
	30939.99999998	8.6589		2.81494  0.2  0.2		4.1705503158		-1.0
	30969.99999998	8.57393		3.06229  0.2  0.2		4.1705503158		-1.0
	30999.99999998	8.50972		-3.11276  0.2  0.2		4.1705503158		-1.0
	31029.99999998	8.0748		-3.13104  0.2  0.2		4.1705503158		-1.0
	31059.99999998	7.41467		-3.14024  0.2  0.2		4.1705503158		-1.0
	31089.99999998	6.99946		-2.83477  0.2  0.2		4.1705503158		-1.0
	31119.99999998	6.4651		-2.92059  0.2  0.2		4.1705503158		-1.0
	31149.99999998	6.278		-2.83965  0.2  0.2		4.1705503158		-1.0
	31179.99999998	6.64635		-3.01775  0.2  0.2		4.1705503158		-1.0
	31209.99999998	7.25821		2.91129  0.2  0.2		4.1705503158		-1.0
	31239.99999998	7.94918		2.62414  0.2  0.2		4.1705503158		-1.0
	31269.99999998	8.28284		2.51589  0.2  0.2		4.1705503158		-1.0
	31299.99999998	8.48928		2.46476  0.2  0.2		4.1705503158		-1.0
	31329.99999998	9.15372		2.56205  0.2  0.2		4.1705503158		-1.0
	31359.99999998	9.27057		2.27536  0.2  0.2		4.1705503158		-1.0
	31389.99999998	9.25554		2.03358  0.2  0.2		4.1705503158		-1.0
	31419.99999998	9.03117		1.90605  0.2  0.2		4.1705503158		-1.0
	31449.99999998	8.96604		2.09045  0.2  0.2		4.1705503158		-1.0
	31479.99999998	8.87928		2.40868  0.2  0.2		4.1705503158		-1.0
	31509.99999998	9.31476		2.4875  0.2  0.2		4.1705503158		-1.0
	31539.99999998	9.18838		2.78873  0.2  0.2		4.1705503158		-1.0
	31569.99999998	9.5824		3.03908  0.2  0.2		4.1705503158		-1.0
	31599.99999998	10.15555		2.93452  0.2  0.2		4.1705503158		-1.0
	31629.99999998	10.97198		2.96476  0.2  0.2		4.1705503158		-1.0
	31659.99999998	11.73403		3.00424  0.2  0.2		4.1705503158		-1.0
	31689.99999998	11.98893		2.63995  0.2  0.2		4.1705503158		-1.0
	31719.99999998	11.30428		2.55861  0.2  0.2		4.1705503158		-1.0
	31749.99999998	10.9182		2.73373  0.2  0.2		4.1705503158		-1.0
	31779.99999998	10.76194		2.84096  0.2  0.2		4.1705503158		-1.0
	31809.99999998	10.77589		2.64484  0.2  0.2		4.1705503158		-1.0
	31839.99999998	11.21814		2.29623  0.2  0.2		4.1705503158		-1.0
	31869.99999998	11.63928		2.34122  0.2  0.2		4.1705503158		-1.0
	31899.99999998	11.10026		2.28004  0.2  0.2		4.1705503158		-1.0
	31929.99999998	10.75203		2.04849  0.2  0.2		4.1705503158		-1.0
	31959.99999998	10.11497		2.17313  0.2  0.2		4.1705503158		-1.0
	31989.99999998	9.4302		2.23682  0.2  0.2		4.1705503158		-1.0
	32019.99999998	9.02471		2.25307  0.2  0.2		4.1705503158		-1.0
	32049.99999998	9.38325		2.26918  0.2  0.2		4.1705503158		-1.0
	32079.99999998	9.91439		2.40288  0.2  0.2		4.1705503158		-1.0
	32109.99999998	9.8257		2.05453  0.2  0.2		4.1705503158		-1.0
	32139.99999998	9.51617		1.84827  0.2  0.2		4.1705503158		-1.0
	32169.99999998	9.1672		1.79644  0.2  0.2		4.1705503158		-1.0
	32199.99999998	9.62954		1.91567  0.2  0.2		4.1705503158		-1.0
