	30.00000000	2.84256		1.07645  0.2  0.2		4.1705503158		-1.0
	60.00000000	2.97867		1.09237  0.2  0.2		4.1705503158		-1.0
	90.00000000	2.98905		1.30008  0.2  0.2		4.1705503158		-1.0
	120.00000000	3.04348		1.67639  0.2  0.2		4.1705503158		-1.0
	150.00000000	2.99751		1.54128  0.2  0.2		4.1705503158		-1.0
	180.00000000	2.7585		1.28027  0.2  0.2		4.1705503158		-1.0
	210.00000000	2.9407		1.37855  0.2  0.2		4.1705503158		-1.0
	240.00000000	3.16098		1.34261  0.2  0.2		4.1705503158		-1.0
	270.00000000	2.85547		1.27541  0.2  0.2		4.1705503158		-1.0
	300.00000000	2.95715		1.20862  0.2  0.2		4.1705503158		-1.0
	330.00000000	3.00943		0.73902  0.2  0.2		4.1705503158		-1.0
	360.00000000	2.92772		0.84662  0.2  0.2		4.1705503158		-1.0
	390.00000000	2.76493		1.01722  0.2  0.2		4.1705503158		-1.0
	420.00000000	2.90959		0.62974  0.2  0.2		4.1705503158		-1.0
	450.00000000	2.95457		0.6155  0.2  0.2		4.1705503158		-1.0
	480.00000000	2.90763		0.63913  0.2  0.2		4.1705503158		-1.0
	510.00000000	2.85465		0.41071  0.2  0.2		4.1705503158		-1.0
	540.00000000	2.92037		-0.02765  0.2  0.2		4.1705503158		-1.0
	570.00000000	2.91297		-0.36538  0.2  0.2		4.1705503158		-1.0
	600.00000000	2.89978		-0.71867  0.2  0.2		4.1705503158		-1.0
	630.00000000	2.90943		-0.93058  0.2  0.2		4.1705503158		-1.0
	660.00000000	3.00532		-0.97921  0.2  0.2		4.1705503158		-1.0
	690.00000000	3.01142		-1.18495  0.2  0.2		4.1705503158		-1.0
	720.00000000	2.92112		-1.32566  0.2  0.2		4.1705503158		-1.0
	750.00000000	2.89859		-1.51338  0.2  0.2		4.1705503158		-1.0
	780.00000000	2.99585		-1.34399  0.2  0.2		4.1705503158		-1.0
	810.00000000	2.8217		-1.24258  0.2  0.2		4.1705503158		-1.0
	840.00000000	2.85834		-1.1353  0.2  0.2		4.1705503158		-1.0
	870.00000000	2.90882		-0.76003  0.2  0.2		4.1705503158		-1.0
	900.00000000	2.9426		-0.47984  0.2  0.2		4.1705503158		-1.0
	930.00000000	2.80764		-0.52468  0.2  0.2		4.1705503158		-1.0
	960.00000000	3.04197		-0.79361  0.2  0.2		4.1705503158		-1.0
	990.00000000	2.86928		-1.13343  0.2  0.2		4.1705503158		-1.0
	1020.00000000	2.94776		-0.70362  0.2  0.2		4.1705503158		-1.0
	1050.00000000	2.88125		-0.09227  0.2  0.2		4.1705503158		-1.0
	1080.00000000	2.92394		0.18015  0.2  0.2		4.1705503158		-1.0
	1110.00000000	2.81234		0.43772  0.2  0.2		4.1705503158		-1.0
	1140.00000000	3.05953		0.64656  0.2  0.2		4.1705503158		-1.0
	1170.00000000	3.00832		0.79878  0.2  0.2		4.1705503158		-1.0
	1200.00000000	2.89843		1.06528  0.2  0.2		4.1705503158		-1.0
	1230.00000000	2.87399		1.07349  0.2  0.2		4.1705503158		-1.0
	1260.00000000	3.22767		1.0022  0.2  0.2		4.1705503158		-1.0
	1290.00000000	2.72796		0.69494  0.2  0.2		4.1705503158		-1.0
	1320.00000000	3.20982		0.69725  0.2  0.2		4.1705503158		-1.0
	1350.00000000	3.06086		1.04908  0.2  0.2		4.1705503158		-1.0
	1380.00000000	2.73046		0.97659  0.2  0.2		4.1705503158		-1.0
	1410.00000000	3.21311		0.80816  0.2  0.2		4.1705503158		-1.0
	1440.00000000	2.78273		0.61702  0.2  0.2		4.1705503158		-1.0
	1470.00000000	3.19893		0.35441  0.2  0.2		4.1705503158		-1.0
	1500.00000000	2.86674		0.07237  0.2  0.2		4.1705503158		-1.0
	1530.00000000	3.0193		-0.02346  0.2  0.2		4.1705503158		-1.0
	1560.00000000	3.06597		0.00327  0.2  0.2		4.1705503158		-1.0
	1590.00000000	2.79759		0.16313  0.2  0.2		4.1705503158		-1.0
	1620.00000000	3.09272		0.45027  0.2  0.2		4.1705503158		-1.0
	1650.00000000	2.75894		0.78167  0.2  0.2		4.1705503158		-1.0
	1680.00000000	3.3113		0.77616  0.2  0.2		4.1705503158		-1.0
	1710.00000000	2.95249		0.83716  0.2  0.2		4.1705503158		-1.0
	1740.00000000	2.85134		0.93681  0.2  0.2		4.1705503158		-1.0
	1770.00000000	2.95947		1.49546  0.2  0.2		4.1705503158		-1.0
	1800.00000000	2.81451		1.64768  0.2  0.2		4.1705503158		-1.0
	1830.00000000	3.16503		1.58938  0.2  0.2		4.1705503158		-1.0
	1860.00000000	2.92959		1.87406  0.2  0.2		4.1705503158		-1.0
	1890.00000000	2.85143		2.07875  0.2  0.2		4.1705503158		-1.0
	1920.00000000	2.85949		2.23423  0.2  0.2		4.1705503158		-1.0
	1950.00000000	2.9596		2.17459  0.2  0.2		4.1705503158		-1.0
	1980.00000000	3.06462		2.12101  0.2  0.2		4.1705503158		-1.0
	2010.00000000	2.91263		1.77582  0.2  0.2		4.1705503158		-1.0
	2040.00000000	3.17317		1.7227  0.2  0.2		4.1705503158		-1.0
	2070.00000000	2.81674		1.68347  0.2  0.2		4.1705503158		-1.0
	2100.00000000	2.96915		1.838  0.2  0.2		4.1705503158		-1.0
	2130.00000000	2.92545		1.93661  0.2  0.2		4.1705503158		-1.0
	2160.00000000	2.80056		2.10248  0.2  0.2		4.1705503158		-1.0
	2190.00000000	3.01799		2.27709  0.2  0.2		4.1705503158		-1.0
	2220.00000000	2.91064		2.46685  0.2  0.2		4.1705503158		-1.0
	2250.00000000	2.84492		2.79802  0.2  0.2		4.1705503158		-1.0
	2280.00000000	2.95304		2.82207  0.2  0.2		4.1705503158		-1.0
	2310.00000000	3.00988		2.73747  0.2  0.2		4.1705503158		-1.0
	2340.00000000	2.94034		2.80145  0.2  0.2		4.1705503158		-1.0
	2370.00000000	2.83046		2.61977  0.2  0.2		4.1705503158		-1.0
	2400.00000000	3.14469		2.49072  0.2  0.2		4.1705503158		-1.0
	2430.00000000	2.92281		2.48949  0.2  0.2		4.1705503158		-1.0
	2460.00000000	3.01445		2.52389  0.2  0.2		4.1705503158		-1.0
	2490.00000000	2.9445		2.7011  0.2  0.2		4.1705503158		-1.0
	2520.00000000	2.83515		3.09021  0.2  0.2		4.1705503158		-1.0
	2550.00000000	2.89621		-2.82627  0.2  0.2		4.1705503158		-1.0
	2580.00000000	2.95615		-2.77995  0.2  0.2		4.1705503158		-1.0
	2610.00000000	2.86609		-2.89619  0.2  0.2		4.1705503158		-1.0
	2640.00000000	3.09336		-3.02021  0.2  0.2		4.1705503158		-1.0
	2670.00000000	2.96402		3.06791  0.2  0.2		4.1705503158		-1.0
	2700.00000000	2.75029		-3.08989  0.2  0.2		4.1705503158		-1.0
	2730.00000000	2.92452		-2.8443  0.2  0.2		4.1705503158		-1.0
	2760.00000000	3.07651		-2.60885  0.2  0.2		4.1705503158		-1.0
	2790.00000000	3.03239		-2.34289  0.2  0.2		4.1705503158		-1.0
	2820.00000000	2.86919		-2.14519  0.2  0.2		4.1705503158		-1.0
	2850.00000000	2.80996		-2.07582  0.2  0.2		4.1705503158		-1.0
	2880.00000000	2.80254		-2.06381  0.2  0.2		4.1705503158		-1.0
	2910.00000000	3.11151		-1.9544  0.2  0.2		4.1705503158		-1.0
	2940.00000000	3.05716		-1.81262  0.2  0.2		4.1705503158		-1.0
	2970.00000000	2.84031		-1.90482  0.2  0.2		4.1705503158		-1.0
	3000.00000000	3.06586		-1.63951  0.2  0.2		4.1705503158		-1.0
	3030.00000000	3.03964		-1.62061  0.2  0.2		4.1705503158		-1.0
	3060.00000000	2.79068		-1.68282  0.2  0.2		4.1705503158		-1.0
	3090.00000000	2.81399		-1.60118  0.2  0.2		4.1705503158		-1.0
	3120.00000000	2.93703		-1.54499  0.2  0.2		4.1705503158		-1.0
	3150.00000000	3.01168		-1.4595  0.2  0.2		4.1705503158		-1.0
	3180.00000000	3.15483		-1.24121  0.2  0.2		4.1705503158		-1.0
	3210.00000000	3.1449		-1.12362  0.2  0.2		4.1705503158		-1.0
	3240.00000000	2.94443		-1.27872  0.2  0.2		4.1705503158		-1.0
	3270.00000000	3.21498		-1.54727  0.2  0.2		4.1705503158		-1.0
	3300.00000000	2.98393		-1.7648  0.2  0.2		4.1705503158		-1.0
	3330.00000000	3.09877		-2.11479  0.2  0.2		4.1705503158		-1.0
	3360.00000000	2.98001		-2.33071  0.2  0.2		4.1705503158		-1.0
	3390.00000000	3.01136		-2.13615  0.2  0.2		4.1705503158		-1.0
	3420.00000000	2.81533		-2.36774  0.2  0.2		4.1705503158		-1.0
	3450.00000000	3.09074		-2.3561  0.2  0.2		4.1705503158		-1.0
	3480.00000000	3.08877		-2.3759  0.2  0.2		4.1705503158		-1.0
	3510.00000000	2.86275		-2.36647  0.2  0.2		4.1705503158		-1.0
	3540.00000000	2.89496		-2.03842  0.2  0.2		4.1705503158		-1.0
	3570.00000000	3.21239		-1.8068  0.2  0.2		4.1705503158		-1.0
	3600.00000000	2.78583		-1.79169  0.2  0.2		4.1705503158		-1.0
	3630.00000000	3.30277		-1.80474  0.2  0.2		4.1705503158		-1.0
	3660.00000000	2.71821		-1.63956  0.2  0.2		4.1705503158		-1.0
	3690.00000000	2.99461		-1.55643  0.2  0.2		4.1705503158		-1.0
	3720.00000000	2.73005		-1.57958  0.2  0.2		4.1705503158		-1.0
	3750.00000000	2.75553		-1.28138  0.2  0.2		4.1705503158		-1.0
	3780.00000000	2.91901		-0.90198  0.2  0.2		4.1705503158		-1.0
	3810.00000000	2.85489		-0.74234  0.2  0.2		4.1705503158		-1.0
	3840.00000000	3.1774		-0.89479  0.2  0.2		4.1705503158		-1.0
	3870.00000000	2.66717		-1.05079  0.2  0.2		4.1705503158		-1.0
	3900.00000000	2.92322		-0.91147  0.2  0.2		4.1705503158		-1.0
	3930.00000000	2.8413		-0.91979  0.2  0.2		4.1705503158		-1.0
	3960.00000000	3.08978		-1.42993  0.2  0.2		4.1705503158		-1.0
	3990.00000000	3.15779		-1.31765  0.2  0.2		4.1705503158		-1.0
	4020.00000000	2.81201		-1.03054  0.2  0.2		4.1705503158		-1.0
	4050.00000000	3.25393		-1.17015  0.2  0.2		4.1705503158		-1.0
	4080.00000000	3.3198		-0.9937  0.2  0.2		4.1705503158		-1.0
	4110.00000000	3.16466		-0.60757  0.2  0.2		4.1705503158		-1.0
	4140.00000000	2.91603		-0.34509  0.2  0.2		4.1705503158		-1.0
	4170.00000000	2.90042		-0.43266  0.2  0.2		4.1705503158		-1.0
	4200.00000000	3.08828		-0.42395  0.2  0.2		4.1705503158		-1.0
	4230.00000000	2.99456		-0.15717  0.2  0.2		4.1705503158		-1.0
	4260.00000000	2.90987		-0.03248  0.2  0.2		4.1705503158		-1.0
	4290.00000000	2.79283		-0.00464  0.2  0.2		4.1705503158		-1.0
	4320.00000000	2.9911		0.24631  0.2  0.2		4.1705503158		-1.0
	4350.00000000	3.08515		0.32492  0.2  0.2		4.1705503158		-1.0
	4380.00000000	3.06883		0.20661  0.2  0.2		4.1705503158		-1.0
	4410.00000000	2.74797		0.3174  0.2  0.2		4.1705503158		-1.0
	4440.00000000	2.90553		0.45007  0.2  0.2		4.1705503158		-1.0
	4470.00000000	2.846		0.71274  0.2  0.2		4.1705503158		-1.0
	4500.00000000	2.74756		0.74266  0.2  0.2		4.1705503158		-1.0
	4530.00000000	2.72371		0.82675  0.2  0.2		4.1705503158		-1.0
	4560.00000000	3.4523		0.85658  0.2  0.2		4.1705503158		-1.0
	4590.00000000	3.02524		0.7184  0.2  0.2		4.1705503158		-1.0
	4620.00000000	3.18907		0.42719  0.2  0.2		4.1705503158		-1.0
	4650.00000000	2.84166		0.17793  0.2  0.2		4.1705503158		-1.0
	4680.00000000	3.31922		0.02055  0.2  0.2		4.1705503158		-1.0
	4710.00000000	3.1238		-0.22398  0.2  0.2		4.1705503158		-1.0
	4740.00000000	2.98619		-0.56551  0.2  0.2		4.1705503158		-1.0
	4770.00000000	2.89831		-0.56806  0.2  0.2		4.1705503158		-1.0
	4800.00000000	2.90376		-0.7246  0.2  0.2		4.1705503158		-1.0
	4830.00000000	2.80424		-0.70669  0.2  0.2		4.1705503158		-1.0
	4860.00000000	2.73186		-0.85421  0.2  0.2		4.1705503158		-1.0
	4890.00000000	2.92658		-1.07079  0.2  0.2		4.1705503158		-1.0
	4920.00000000	2.8402		-1.24125  0.2  0.2		4.1705503158		-1.0
	4950.00000000	2.81074		-1.03675  0.2  0.2		4.1705503158		-1.0
	4980.00000000	2.65109		-1.21305  0.2  0.2		4.1705503158		-1.0
	5010.00000000	2.6053		-1.3916  0.2  0.2		4.1705503158		-1.0
	5040.00000000	3.37433		-1.2627  0.2  0.2		4.1705503158		-1.0
	5070.00000000	3.26138		-0.98206  0.2  0.2		4.1705503158		-1.0
	5100.00000000	3.31525		-0.68616  0.2  0.2		4.1705503158		-1.0
	5130.00000000	3.23961		-0.53386  0.2  0.2		4.1705503158		-1.0
	5160.00000000	3.21911		-0.62871  0.2  0.2		4.1705503158		-1.0
	5190.00000000	3.23182		-0.36411  0.2  0.2		4.1705503158		-1.0
	5220.00000000	3.14027		-0.01524  0.2  0.2		4.1705503158		-1.0
	5250.00000000	3.06106		-0.2749  0.2  0.2		4.1705503158		-1.0
	5280.00000000	2.99124		-0.51695  0.2  0.2		4.1705503158		-1.0
	5310.00000000	3.32133		-0.77858  0.2  0.2		4.1705503158		-1.0
	5340.00000000	3.03449		-0.94323  0.2  0.2		4.1705503158		-1.0
	5370.00000000	3.33388		-0.85825  0.2  0.2		4.1705503158		-1.0
	5400.00000000	3.36964		-0.96321  0.2  0.2		4.1705503158		-1.0
	5430.00000000	3.3428		-1.23611  0.2  0.2		4.1705503158		-1.0
	5460.00000000	3.26739		-1.40853  0.2  0.2		4.1705503158		-1.0
	5490.00000000	3.26047		-1.62286  0.2  0.2		4.1705503158		-1.0
	5520.00000000	2.70004		-1.93817  0.2  0.2		4.1705503158		-1.0
	5550.00000000	2.79974		-2.13262  0.2  0.2		4.1705503158		-1.0
	5580.00000000	3.30868		-2.15736  0.2  0.2		4.1705503158		-1.0
	5610.00000000	2.77205		-2.40799  0.2  0.2		4.1705503158		-1.0
	5640.00000000	2.79332		-2.6526  0.2  0.2		4.1705503158		-1.0
	5670.00000000	2.99443		-2.63176  0.2  0.2		4.1705503158		-1.0
	5700.00000000	2.99939		-2.8049  0.2  0.2		4.1705503158		-1.0
	5730.00000000	2.77642		-2.86267  0.2  0.2		4.1705503158		-1.0
	5760.00000000	3.21017		-2.88968  0.2  0.2		4.1705503158		-1.0
	5790.00000000	2.92219		-2.94173  0.2  0.2		4.1705503158		-1.0
	5820.00000000	2.82062		-2.90204  0.2  0.2		4.1705503158		-1.0
	5850.00000000	2.94993		3.09409  0.2  0.2		4.1705503158		-1.0
	5880.00000000	3.10474		2.98176  0.2  0.2		4.1705503158		-1.0
	5910.00000000	2.75633		3.10177  0.2  0.2		4.1705503158		-1.0
	5940.00000000	3.29993		3.07205  0.2  0.2		4.1705503158		-1.0
	5970.00000000	2.86598		2.93996  0.2  0.2		4.1705503158		-1.0
	6000.00000000	3.29279		3.07693  0.2  0.2		4.1705503158		-1.0
	6030.00000000	2.74606		-3.04787  0.2  0.2		4.1705503158		-1.0
	6060.00000000	3.17329		-3.03293  0.2  0.2		4.1705503158		-1.0
	6090.00000000	3.15423		3.08848  0.2  0.2		4.1705503158		-1.0
	6120.00000000	3.00326		2.94968  0.2  0.2		4.1705503158		-1.0
	6150.00000000	2.79652		2.89357  0.2  0.2		4.1705503158		-1.0
	6180.00000000	3.31709		2.6587  0.2  0.2		4.1705503158		-1.0
	6210.00000000	3.02324		2.51727  0.2  0.2		4.1705503158		-1.0
	6240.00000000	2.9287		2.44121  0.2  0.2		4.1705503158		-1.0
	6270.00000000	3.29423		2.31619  0.2  0.2		4.1705503158		-1.0
	6300.00000000	2.85283		2.18287  0.2  0.2		4.1705503158		-1.0
	6330.00000000	2.87048		2.33857  0.2  0.2		4.1705503158		-1.0
	6360.00000000	2.91226		2.54041  0.2  0.2		4.1705503158		-1.0
	6390.00000000	2.87285		2.71099  0.2  0.2		4.1705503158		-1.0
	6420.00000000	2.7369		2.48775  0.2  0.2		4.1705503158		-1.0
	6450.00000000	3.20844		2.20978  0.2  0.2		4.1705503158		-1.0
	6480.00000000	2.90279		1.89447  0.2  0.2		4.1705503158		-1.0
	6510.00000000	2.86489		1.63238  0.2  0.2		4.1705503158		-1.0
	6540.00000000	2.91503		1.82281  0.2  0.2		4.1705503158		-1.0
	6570.00000000	3.11355		2.02067  0.2  0.2		4.1705503158		-1.0
	6600.00000000	2.91823		2.05188  0.2  0.2		4.1705503158		-1.0
	6630.00000000	3.27922		1.99878  0.2  0.2		4.1705503158		-1.0
	6660.00000000	2.69598		2.04897  0.2  0.2		4.1705503158		-1.0
	6690.00000000	3.02782		2.14663  0.2  0.2		4.1705503158		-1.0
	6720.00000000	3.32533		2.26137  0.2  0.2		4.1705503158		-1.0
	6750.00000000	2.73905		2.20016  0.2  0.2		4.1705503158		-1.0
	6780.00000000	2.88515		1.76488  0.2  0.2		4.1705503158		-1.0
	6810.00000000	2.83475		1.33839  0.2  0.2		4.1705503158		-1.0
	6840.00000000	2.76523		1.50674  0.2  0.2		4.1705503158		-1.0
	6870.00000000	2.70329		1.62777  0.2  0.2		4.1705503158		-1.0
	6900.00000000	2.89835		1.48708  0.2  0.2		4.1705503158		-1.0
	6930.00000000	2.76744		1.31499  0.2  0.2		4.1705503158		-1.0
	6960.00000000	2.7864		1.5117  0.2  0.2		4.1705503158		-1.0
	6990.00000000	3.15891		1.66  0.2  0.2		4.1705503158		-1.0
	7020.00000000	3.07388		1.52312  0.2  0.2		4.1705503158		-1.0
	7050.00000000	3.27393		1.25053  0.2  0.2		4.1705503158		-1.0
	7080.00000000	3.15566		1.07478  0.2  0.2		4.1705503158		-1.0
	7110.00000000	3.17774		1.32872  0.2  0.2		4.1705503158		-1.0
	7140.00000000	3.01176		1.74502  0.2  0.2		4.1705503158		-1.0
	7170.00000000	3.33657		1.75566  0.2  0.2		4.1705503158		-1.0
	7200.00000000	3.12298		1.71129  0.2  0.2		4.1705503158		-1.0
	7230.00000000	3.1852		1.59773  0.2  0.2		4.1705503158		-1.0
	7260.00000000	2.68178		1.66087  0.2  0.2		4.1705503158		-1.0
	7290.00000000	2.7199		1.66828  0.2  0.2		4.1705503158		-1.0
	7320.00000000	2.77438		1.43486  0.2  0.2		4.1705503158		-1.0
	7350.00000000	2.73131		1.14742  0.2  0.2		4.1705503158		-1.0
	7380.00000000	3.30801		1.2421  0.2  0.2		4.1705503158		-1.0
	7410.00000000	2.95184		1.22559  0.2  0.2		4.1705503158		-1.0
	7440.00000000	2.8069		0.93272  0.2  0.2		4.1705503158		-1.0
	7470.00000000	2.69159		1.06162  0.2  0.2		4.1705503158		-1.0
	7500.00000000	2.7395		1.16479  0.2  0.2		4.1705503158		-1.0
	7530.00000000	2.68623		1.30845  0.2  0.2		4.1705503158		-1.0
	7560.00000000	2.78692		1.43164  0.2  0.2		4.1705503158		-1.0
	7590.00000000	2.75129		1.80162  0.2  0.2		4.1705503158		-1.0
	7620.00000000	2.63864		2.11762  0.2  0.2		4.1705503158		-1.0
	7650.00000000	2.72262		2.39841  0.2  0.2		4.1705503158		-1.0
	7680.00000000	2.74095		2.63507  0.2  0.2		4.1705503158		-1.0
	7710.00000000	2.90034		2.9654  0.2  0.2		4.1705503158		-1.0
	7740.00000000	2.93179		3.05952  0.2  0.2		4.1705503158		-1.0
	7770.00000000	2.89024		-3.06451  0.2  0.2		4.1705503158		-1.0
	7800.00000000	2.63193		-3.1299  0.2  0.2		4.1705503158		-1.0
	7830.00000000	2.79332		-3.0894  0.2  0.2		4.1705503158		-1.0
	7860.00000000	2.78991		2.90268  0.2  0.2		4.1705503158		-1.0
	7890.00000000	2.81272		2.56927  0.2  0.2		4.1705503158		-1.0
	7920.00000000	2.86476		2.28013  0.2  0.2		4.1705503158		-1.0
	7950.00000000	3.43935		2.24477  0.2  0.2		4.1705503158		-1.0
	7980.00000000	3.02603		2.21055  0.2  0.2		4.1705503158		-1.0
	8010.00000000	3.11982		2.20011  0.2  0.2		4.1705503158		-1.0
	8040.00000000	3.41588		2.22117  0.2  0.2		4.1705503158		-1.0
	8070.00000000	3.24152		2.15137  0.2  0.2		4.1705503158		-1.0
	8100.00000000	3.36966		2.2157  0.2  0.2		4.1705503158		-1.0
	8130.00000000	3.1436		2.58519  0.2  0.2		4.1705503158		-1.0
	8160.00000000	3.30128		2.71821  0.2  0.2		4.1705503158		-1.0
	8190.00000000	3.42729		2.80235  0.2  0.2		4.1705503158		-1.0
	8220.00000000	3.40355		2.74161  0.2  0.2		4.1705503158		-1.0
	8250.00000000	3.00545		2.82577  0.2  0.2		4.1705503158		-1.0
	8280.00000000	3.34816		2.83243  0.2  0.2		4.1705503158		-1.0
	8310.00000000	3.05834		2.99615  0.2  0.2		4.1705503158		-1.0
	8340.00000000	3.36292		-3.08282  0.2  0.2		4.1705503158		-1.0
	8370.00000000	3.3815		-3.12509  0.2  0.2		4.1705503158		-1.0
	8400.00000000	3.16151		3.13458  0.2  0.2		4.1705503158		-1.0
	8430.00000000	3.34856		-2.96794  0.2  0.2		4.1705503158		-1.0
	8460.00000000	3.03354		-2.76211  0.2  0.2		4.1705503158		-1.0
	8490.00000000	3.24802		-2.62603  0.2  0.2		4.1705503158		-1.0
	8520.00000000	2.7727		-2.7185  0.2  0.2		4.1705503158		-1.0
	8550.00000000	2.86869		-2.72147  0.2  0.2		4.1705503158		-1.0
	8580.00000000	2.77721		-2.63708  0.2  0.2		4.1705503158		-1.0
	8610.00000000	3.11432		-2.54438  0.2  0.2		4.1705503158		-1.0
	8640.00000000	3.1865		-2.65405  0.2  0.2		4.1705503158		-1.0
	8670.00000000	3.07404		-2.82641  0.2  0.2		4.1705503158		-1.0
	8700.00000000	2.85103		-2.83681  0.2  0.2		4.1705503158		-1.0
	8730.00000000	2.93181		-2.78746  0.2  0.2		4.1705503158		-1.0
	8760.00000000	3.07062		-2.60982  0.2  0.2		4.1705503158		-1.0
	8790.00000000	3.39265		-2.51692  0.2  0.2		4.1705503158		-1.0
	8820.00000000	3.20009		-2.55415  0.2  0.2		4.1705503158		-1.0
	8850.00000000	3.04283		-2.52147  0.2  0.2		4.1705503158		-1.0
	8880.00000000	2.9867		-2.30194  0.2  0.2		4.1705503158		-1.0
	8910.00000000	2.82745		-2.11954  0.2  0.2		4.1705503158		-1.0
	8940.00000000	3.22015		-2.18078  0.2  0.2		4.1705503158		-1.0
	8970.00000000	3.07731		-2.04628  0.2  0.2		4.1705503158		-1.0
	9000.00000000	2.83551		-1.94656  0.2  0.2		4.1705503158		-1.0
	9030.00000000	2.79725		-1.90892  0.2  0.2		4.1705503158		-1.0
	9060.00000000	2.91918		-1.85806  0.2  0.2		4.1705503158		-1.0
	9090.00000000	2.78876		-1.86146  0.2  0.2		4.1705503158		-1.0
	9120.00000000	3.48387		-1.90849  0.2  0.2		4.1705503158		-1.0
	9150.00000000	3.31266		-2.07759  0.2  0.2		4.1705503158		-1.0
	9180.00000000	2.83124		-1.96637  0.2  0.2		4.1705503158		-1.0
	9210.00000000	3.12596		-1.80717  0.2  0.2		4.1705503158		-1.0
	9240.00000000	3.40134		-1.79058  0.2  0.2		4.1705503158		-1.0
	9270.00000000	2.73191		-1.73204  0.2  0.2		4.1705503158		-1.0
	9300.00000000	3.27812		-1.77813  0.2  0.2		4.1705503158		-1.0
	9330.00000000	3.0135		-1.69283  0.2  0.2		4.1705503158		-1.0
	9360.00000000	2.76158		-1.47167  0.2  0.2		4.1705503158		-1.0
	9390.00000000	2.67502		-1.34372  0.2  0.2		4.1705503158		-1.0
	9420.00000000	2.82727		-1.3472  0.2  0.2		4.1705503158		-1.0
	9450.00000000	2.72372		-1.56175  0.2  0.2		4.1705503158		-1.0
	9480.00000000	2.99788		-1.80648  0.2  0.2		4.1705503158		-1.0
	9510.00000000	3.34028		-1.63292  0.2  0.2		4.1705503158		-1.0
	9540.00000000	3.12647		-1.50132  0.2  0.2		4.1705503158		-1.0
	9570.00000000	3.36516		-1.4531  0.2  0.2		4.1705503158		-1.0
	9600.00000000	2.94951		-1.31135  0.2  0.2		4.1705503158		-1.0
	9630.00000000	2.7409		-1.44229  0.2  0.2		4.1705503158		-1.0
	9660.00000000	2.61555		-1.43156  0.2  0.2		4.1705503158		-1.0
	9690.00000000	2.72642		-1.25152  0.2  0.2		4.1705503158		-1.0
	9720.00000000	2.73048		-0.76568  0.2  0.2		4.1705503158		-1.0
	9750.00000000	2.90134		-0.29715  0.2  0.2		4.1705503158		-1.0
	9780.00000000	2.86304		0.10625  0.2  0.2		4.1705503158		-1.0
	9810.00000000	2.91639		0.42664  0.2  0.2		4.1705503158		-1.0
	9840.00000000	2.71585		0.45591  0.2  0.2		4.1705503158		-1.0
	9870.00000000	3.40092		0.49266  0.2  0.2		4.1705503158		-1.0
	9900.00000000	3.1921		0.47741  0.2  0.2		4.1705503158		-1.0
	9930.00000000	3.22503		0.45899  0.2  0.2		4.1705503158		-1.0
	9960.00000000	3.36529		0.27789  0.2  0.2		4.1705503158		-1.0
	9990.00000000	3.2049		-0.11135  0.2  0.2		4.1705503158		-1.0
	10020.00000000	3.29363		-0.44402  0.2  0.2		4.1705503158		-1.0
	10050.00000000	3.35543		-0.56108  0.2  0.2		4.1705503158		-1.0
	10080.00000000	3.34934		-0.73667  0.2  0.2		4.1705503158		-1.0
	10110.00000000	3.26579		-0.89037  0.2  0.2		4.1705503158		-1.0
	10140.00000000	2.69499		-1.11624  0.2  0.2		4.1705503158		-1.0
	10170.00000000	2.75834		-1.0855  0.2  0.2		4.1705503158		-1.0
	10200.00000000	2.80367		-0.68124  0.2  0.2		4.1705503158		-1.0
	10230.00000000	2.78386		-0.23404  0.2  0.2		4.1705503158		-1.0
	10260.00000000	3.02083		0.02011  0.2  0.2		4.1705503158		-1.0
	10290.00000000	3.41394		0.13134  0.2  0.2		4.1705503158		-1.0
	10320.00000000	3.23293		0.39155  0.2  0.2		4.1705503158		-1.0
	10350.00000000	3.21506		0.82695  0.2  0.2		4.1705503158		-1.0
	10380.00000000	3.57825		1.2175  0.2  0.2		4.1705503158		-1.0
	10410.00000000	3.3634		1.17745  0.2  0.2		4.1705503158		-1.0
	10440.00000000	3.31462		1.11474  0.2  0.2		4.1705503158		-1.0
	10470.00000000	3.25649		0.93497  0.2  0.2		4.1705503158		-1.0
	10500.00000000	3.42155		1.13408  0.2  0.2		4.1705503158		-1.0
	10530.00000000	3.21596		1.29553  0.2  0.2		4.1705503158		-1.0
	10560.00000000	3.40898		1.26616  0.2  0.2		4.1705503158		-1.0
	10590.00000000	3.42686		1.37629  0.2  0.2		4.1705503158		-1.0
	10620.00000000	3.51295		1.53235  0.2  0.2		4.1705503158		-1.0
	10650.00000000	3.3019		1.57786  0.2  0.2		4.1705503158		-1.0
	10680.00000000	3.27478		1.44523  0.2  0.2		4.1705503158		-1.0
	10710.00000000	2.64936		1.28259  0.2  0.2		4.1705503158		-1.0
	10740.00000000	2.81573		1.03294  0.2  0.2		4.1705503158		-1.0
	10770.00000000	2.86644		0.98267  0.2  0.2		4.1705503158		-1.0
	10800.00000000	3.26342		1.09669  0.2  0.2		4.1705503158		-1.0
	10830.00000001	3.40279		0.82926  0.2  0.2		4.1705503158		-1.0
	10860.00000001	3.34264		0.73877  0.2  0.2		4.1705503158		-1.0
	10890.00000001	3.53114		0.26968  0.2  0.2		4.1705503158		-1.0
	10920.00000001	2.97123		0.17862  0.2  0.2		4.1705503158		-1.0
	10950.00000001	2.80144		0.20503  0.2  0.2		4.1705503158		-1.0
	10980.00000001	2.77146		0.17033  0.2  0.2		4.1705503158		-1.0
	11010.00000001	3.16899		0.2209  0.2  0.2		4.1705503158		-1.0
	11040.00000001	3.52729		0.14031  0.2  0.2		4.1705503158		-1.0
	11070.00000001	3.34882		-0.29025  0.2  0.2		4.1705503158		-1.0
	11100.00000001	3.3714		-0.31986  0.2  0.2		4.1705503158		-1.0
	11130.00000001	3.39408		-0.25506  0.2  0.2		4.1705503158		-1.0
	11160.00000001	3.42322		-0.05347  0.2  0.2		4.1705503158		-1.0
	11190.00000001	3.28556		-0.09072  0.2  0.2		4.1705503158		-1.0
	11220.00000001	3.4144		-0.36453  0.2  0.2		4.1705503158		-1.0
	11250.00000001	2.92813		-0.51591  0.2  0.2		4.1705503158		-1.0
	11280.00000001	2.76894		-0.29005  0.2  0.2		4.1705503158		-1.0
	11310.00000001	2.67653		-0.35741  0.2  0.2		4.1705503158		-1.0
	11340.00000001	2.76038		-0.37023  0.2  0.2		4.1705503158		-1.0
	11370.00000001	2.66305		-0.20309  0.2  0.2		4.1705503158		-1.0
	11400.00000001	2.79115		-0.325  0.2  0.2		4.1705503158		-1.0
	11430.00000001	2.99079		-0.15542  0.2  0.2		4.1705503158		-1.0
	11460.00000001	3.22616		-0.14074  0.2  0.2		4.1705503158		-1.0
	11490.00000001	3.18664		0.14134  0.2  0.2		4.1705503158		-1.0
	11520.00000001	3.14385		0.42759  0.2  0.2		4.1705503158		-1.0
	11550.00000001	3.34235		0.75138  0.2  0.2		4.1705503158		-1.0
	11580.00000001	3.48881		0.81639  0.2  0.2		4.1705503158		-1.0
	11610.00000001	2.84548		0.84642  0.2  0.2		4.1705503158		-1.0
	11640.00000001	2.75346		0.7142  0.2  0.2		4.1705503158		-1.0
	11670.00000001	2.71231		0.50792  0.2  0.2		4.1705503158		-1.0
	11700.00000001	2.85827		0.46988  0.2  0.2		4.1705503158		-1.0
	11730.00000001	2.84339		0.32094  0.2  0.2		4.1705503158		-1.0
	11760.00000001	2.69577		0.14485  0.2  0.2		4.1705503158		-1.0
	11790.00000001	2.67481		0.37712  0.2  0.2		4.1705503158		-1.0
	11820.00000001	2.71805		0.60662  0.2  0.2		4.1705503158		-1.0
	11850.00000001	2.71375		0.65232  0.2  0.2		4.1705503158		-1.0
	11880.00000001	3.52795		0.42412  0.2  0.2		4.1705503158		-1.0
	11910.00000001	3.18588		0.65777  0.2  0.2		4.1705503158		-1.0
	11940.00000001	3.32912		0.71353  0.2  0.2		4.1705503158		-1.0
	11970.00000001	3.82245		0.58216  0.2  0.2		4.1705503158		-1.0
	12000.00000001	3.14353		0.64861  0.2  0.2		4.1705503158		-1.0
	12030.00000001	3.54854		1.06237  0.2  0.2		4.1705503158		-1.0
	12060.00000001	3.79536		1.00707  0.2  0.2		4.1705503158		-1.0
	12090.00000001	2.91255		1.11692  0.2  0.2		4.1705503158		-1.0
	12120.00000001	3.25962		1.07551  0.2  0.2		4.1705503158		-1.0
	12150.00000001	2.8934		1.04275  0.2  0.2		4.1705503158		-1.0
	12180.00000001	2.62486		1.14891  0.2  0.2		4.1705503158		-1.0
	12210.00000001	2.66129		1.17058  0.2  0.2		4.1705503158		-1.0
	12240.00000001	2.72182		1.36829  0.2  0.2		4.1705503158		-1.0
	12270.00000001	3.66301		1.48411  0.2  0.2		4.1705503158		-1.0
	12300.00000001	3.13548		1.77901  0.2  0.2		4.1705503158		-1.0
	12330.00000001	3.40125		1.82256  0.2  0.2		4.1705503158		-1.0
	12360.00000001	3.22429		1.60934  0.2  0.2		4.1705503158		-1.0
	12390.00000001	3.18432		1.41014  0.2  0.2		4.1705503158		-1.0
	12420.00000001	3.32757		1.39459  0.2  0.2		4.1705503158		-1.0
	12450.00000001	3.49341		1.72271  0.2  0.2		4.1705503158		-1.0
	12480.00000001	3.10705		1.92875  0.2  0.2		4.1705503158		-1.0
	12510.00000001	3.39109		1.94068  0.2  0.2		4.1705503158		-1.0
	12540.00000001	3.605		1.87605  0.2  0.2		4.1705503158		-1.0
	12570.00000001	3.05025		1.92999  0.2  0.2		4.1705503158		-1.0
	12600.00000001	2.55519		1.97601  0.2  0.2		4.1705503158		-1.0
	12630.00000001	2.75138		2.13161  0.2  0.2		4.1705503158		-1.0
	12660.00000001	2.92476		1.98803  0.2  0.2		4.1705503158		-1.0
	12690.00000001	2.66927		1.92081  0.2  0.2		4.1705503158		-1.0
	12720.00000001	2.59405		1.73318  0.2  0.2		4.1705503158		-1.0
	12750.00000001	2.74886		1.81379  0.2  0.2		4.1705503158		-1.0
	12780.00000001	2.71544		1.73504  0.2  0.2		4.1705503158		-1.0
	12810.00000001	2.74325		1.46259  0.2  0.2		4.1705503158		-1.0
	12840.00000001	3.18898		1.17108  0.2  0.2		4.1705503158		-1.0
	12870.00000001	3.62248		1.19617  0.2  0.2		4.1705503158		-1.0
	12900.00000001	3.69262		1.49698  0.2  0.2		4.1705503158		-1.0
	12930.00000001	2.87445		1.43281  0.2  0.2		4.1705503158		-1.0
