	30.00000000	2.74108		1.37438  0.2  0.2		4.1705503158		-1.0
	60.00000000	2.85426		1.56938  0.2  0.2		4.1705503158		-1.0
	90.00000000	2.85861		1.90221  0.2  0.2		4.1705503158		-1.0
	120.00000000	2.90838		1.90766  0.2  0.2		4.1705503158		-1.0
	150.00000000	2.92383		1.98129  0.2  0.2		4.1705503158		-1.0
	180.00000000	2.99869		2.1602  0.2  0.2		4.1705503158		-1.0
	210.00000000	2.95573		2.48795  0.2  0.2		4.1705503158		-1.0
	240.00000000	2.97321		2.55068  0.2  0.2		4.1705503158		-1.0
	270.00000000	2.89188		2.70538  0.2  0.2		4.1705503158		-1.0
	300.00000000	2.85224		2.8259  0.2  0.2		4.1705503158		-1.0
	330.00000000	2.85121		3.06243  0.2  0.2		4.1705503158		-1.0
	360.00000000	3.01792		3.11985  0.2  0.2		4.1705503158		-1.0
	390.00000000	2.88468		2.90833  0.2  0.2		4.1705503158		-1.0
	420.00000000	2.86128		3.1095  0.2  0.2		4.1705503158		-1.0
	450.00000000	3.02871		-3.09182  0.2  0.2		4.1705503158		-1.0
	480.00000000	2.84661		-2.94673  0.2  0.2		4.1705503158		-1.0
	510.00000000	3.05421		-2.82737  0.2  0.2		4.1705503158		-1.0
	540.00000000	3.04813		-3.09911  0.2  0.2		4.1705503158		-1.0
	570.00000000	2.95418		3.03642  0.2  0.2		4.1705503158		-1.0
	600.00000000	3.09782		3.12934  0.2  0.2		4.1705503158		-1.0
	630.00000000	3.08532		3.08632  0.2  0.2		4.1705503158		-1.0
	660.00000000	3.11465		3.00306  0.2  0.2		4.1705503158		-1.0
	690.00000000	2.89378		2.51469  0.2  0.2		4.1705503158		-1.0
	720.00000000	2.9304		2.36733  0.2  0.2		4.1705503158		-1.0
	750.00000000	2.97482		2.2898  0.2  0.2		4.1705503158		-1.0
	780.00000000	2.85991		2.34161  0.2  0.2		4.1705503158		-1.0
	810.00000000	3.03009		2.51068  0.2  0.2		4.1705503158		-1.0
	840.00000000	3.09097		2.6779  0.2  0.2		4.1705503158		-1.0
	870.00000000	3.06463		2.79098  0.2  0.2		4.1705503158		-1.0
	900.00000000	3.02918		2.87135  0.2  0.2		4.1705503158		-1.0
	930.00000000	2.96158		2.78354  0.2  0.2		4.1705503158		-1.0
	960.00000000	2.84345		2.65234  0.2  0.2		4.1705503158		-1.0
	990.00000000	2.82843		2.96677  0.2  0.2		4.1705503158		-1.0
	1020.00000000	2.85251		-3.10894  0.2  0.2		4.1705503158		-1.0
	1050.00000000	2.93339		-2.89191  0.2  0.2		4.1705503158		-1.0
	1080.00000000	2.87479		-2.67753  0.2  0.2		4.1705503158		-1.0
	1110.00000000	2.89329		-2.58946  0.2  0.2		4.1705503158		-1.0
	1140.00000000	3.04171		-2.59513  0.2  0.2		4.1705503158		-1.0
	1170.00000000	2.85303		-2.6897  0.2  0.2		4.1705503158		-1.0
	1200.00000000	2.97134		-2.7371  0.2  0.2		4.1705503158		-1.0
	1230.00000000	2.81953		-2.72575  0.2  0.2		4.1705503158		-1.0
	1260.00000000	2.99242		-2.9433  0.2  0.2		4.1705503158		-1.0
	1290.00000000	3.09712		-2.91546  0.2  0.2		4.1705503158		-1.0
	1320.00000000	3.35097		-2.91932  0.2  0.2		4.1705503158		-1.0
	1350.00000000	3.18736		3.1241  0.2  0.2		4.1705503158		-1.0
	1380.00000000	3.18131		3.11366  0.2  0.2		4.1705503158		-1.0
	1410.00000000	3.22629		-3.14052  0.2  0.2		4.1705503158		-1.0
	1440.00000000	3.34804		-3.10426  0.2  0.2		4.1705503158		-1.0
	1470.00000000	3.09469		-2.80308  0.2  0.2		4.1705503158		-1.0
	1500.00000000	2.88653		-2.70518  0.2  0.2		4.1705503158		-1.0
	1530.00000000	3.33779		-2.64867  0.2  0.2		4.1705503158		-1.0
	1560.00000000	2.94502		-2.4573  0.2  0.2		4.1705503158		-1.0
	1590.00000000	2.94006		-2.37972  0.2  0.2		4.1705503158		-1.0
	1620.00000000	3.22212		-2.31245  0.2  0.2		4.1705503158		-1.0
	1650.00000000	2.87047		-2.26578  0.2  0.2		4.1705503158		-1.0
	1680.00000000	2.87009		-2.43444  0.2  0.2		4.1705503158		-1.0
	1710.00000000	3.06028		-2.18467  0.2  0.2		4.1705503158		-1.0
	1740.00000000	3.04875		-1.96885  0.2  0.2		4.1705503158		-1.0
	1770.00000000	3.05559		-1.7501  0.2  0.2		4.1705503158		-1.0
	1800.00000000	2.92368		-1.96191  0.2  0.2		4.1705503158		-1.0
	1830.00000000	3.0198		-1.91121  0.2  0.2		4.1705503158		-1.0
	1860.00000000	3.09131		-1.92035  0.2  0.2		4.1705503158		-1.0
	1890.00000000	2.93858		-1.91381  0.2  0.2		4.1705503158		-1.0
	1920.00000000	3.13069		-1.82468  0.2  0.2		4.1705503158		-1.0
	1950.00000000	2.95872		-1.86598  0.2  0.2		4.1705503158		-1.0
	1980.00000000	2.79149		-1.71383  0.2  0.2		4.1705503158		-1.0
	2010.00000000	2.82325		-1.53816  0.2  0.2		4.1705503158		-1.0
	2040.00000000	2.92495		-1.43192  0.2  0.2		4.1705503158		-1.0
	2070.00000000	2.94091		-1.29673  0.2  0.2		4.1705503158		-1.0
	2100.00000000	3.28615		-1.35383  0.2  0.2		4.1705503158		-1.0
	2130.00000000	2.96013		-1.24435  0.2  0.2		4.1705503158		-1.0
	2160.00000000	2.76742		-0.94689  0.2  0.2		4.1705503158		-1.0
	2190.00000000	2.89018		-1.06654  0.2  0.2		4.1705503158		-1.0
	2220.00000000	3.08606		-1.28872  0.2  0.2		4.1705503158		-1.0
	2250.00000000	3.04589		-0.98869  0.2  0.2		4.1705503158		-1.0
	2280.00000000	2.8234		-0.91766  0.2  0.2		4.1705503158		-1.0
	2310.00000000	2.97106		-0.78706  0.2  0.2		4.1705503158		-1.0
	2340.00000000	3.11352		-0.61716  0.2  0.2		4.1705503158		-1.0
	2370.00000000	3.05137		-0.49135  0.2  0.2		4.1705503158		-1.0
	2400.00000000	2.89108		-0.45211  0.2  0.2		4.1705503158		-1.0
	2430.00000000	2.84152		-0.59037  0.2  0.2		4.1705503158		-1.0
	2460.00000000	3.0633		-0.77813  0.2  0.2		4.1705503158		-1.0
	2490.00000000	2.95751		-0.85123  0.2  0.2		4.1705503158		-1.0
	2520.00000000	2.92816		-0.81613  0.2  0.2		4.1705503158		-1.0
	2550.00000000	2.91048		-1.01037  0.2  0.2		4.1705503158		-1.0
	2580.00000000	2.88452		-1.24037  0.2  0.2		4.1705503158		-1.0
	2610.00000000	2.78091		-1.49759  0.2  0.2		4.1705503158		-1.0
	2640.00000000	3.01695		-1.47848  0.2  0.2		4.1705503158		-1.0
	2670.00000000	2.95876		-1.28072  0.2  0.2		4.1705503158		-1.0
	2700.00000000	3.0823		-0.99475  0.2  0.2		4.1705503158		-1.0
	2730.00000000	2.7963		-1.14946  0.2  0.2		4.1705503158		-1.0
	2760.00000000	2.9907		-1.67185  0.2  0.2		4.1705503158		-1.0
	2790.00000000	2.93768		-1.80884  0.2  0.2		4.1705503158		-1.0
	2820.00000000	3.0977		-2.01734  0.2  0.2		4.1705503158		-1.0
	2850.00000000	2.69776		-2.0996  0.2  0.2		4.1705503158		-1.0
	2880.00000000	2.78552		-1.96373  0.2  0.2		4.1705503158		-1.0
	2910.00000000	2.90622		-1.72361  0.2  0.2		4.1705503158		-1.0
	2940.00000000	2.73831		-1.62609  0.2  0.2		4.1705503158		-1.0
	2970.00000000	3.10711		-1.56866  0.2  0.2		4.1705503158		-1.0
	3000.00000000	2.76888		-1.51489  0.2  0.2		4.1705503158		-1.0
	3030.00000000	2.62214		-1.97649  0.2  0.2		4.1705503158		-1.0
	3060.00000000	3.05846		-2.26242  0.2  0.2		4.1705503158		-1.0
	3090.00000000	2.95702		-2.2542  0.2  0.2		4.1705503158		-1.0
	3120.00000000	2.75244		-2.47332  0.2  0.2		4.1705503158		-1.0
	3150.00000000	3.23232		-2.29483  0.2  0.2		4.1705503158		-1.0
	3180.00000000	2.83188		-2.30454  0.2  0.2		4.1705503158		-1.0
	3210.00000000	2.96618		-2.40449  0.2  0.2		4.1705503158		-1.0
	3240.00000000	3.22279		-2.41974  0.2  0.2		4.1705503158		-1.0
	3270.00000000	2.76132		-2.54384  0.2  0.2		4.1705503158		-1.0
	3300.00000000	2.95779		-2.21813  0.2  0.2		4.1705503158		-1.0
	3330.00000000	2.85829		-2.1434  0.2  0.2		4.1705503158		-1.0
	3360.00000000	3.24202		-2.07577  0.2  0.2		4.1705503158		-1.0
	3390.00000000	3.09743		-1.99175  0.2  0.2		4.1705503158		-1.0
	3420.00000000	3.42342		-2.08224  0.2  0.2		4.1705503158		-1.0
	3450.00000000	3.281		-2.02066  0.2  0.2		4.1705503158		-1.0
	3480.00000000	3.29501		-1.7012  0.2  0.2		4.1705503158		-1.0
	3510.00000000	2.92258		-1.36078  0.2  0.2		4.1705503158		-1.0
	3540.00000000	2.94746		-1.57693  0.2  0.2		4.1705503158		-1.0
	3570.00000000	2.72005		-1.46721  0.2  0.2		4.1705503158		-1.0
	3600.00000000	2.78787		-1.52353  0.2  0.2		4.1705503158		-1.0
	3630.00000000	2.87806		-1.516  0.2  0.2		4.1705503158		-1.0
	3660.00000000	3.19227		-1.5239  0.2  0.2		4.1705503158		-1.0
	3690.00000000	3.49616		-1.40432  0.2  0.2		4.1705503158		-1.0
	3720.00000000	3.17779		-1.33128  0.2  0.2		4.1705503158		-1.0
	3750.00000000	2.97659		-1.30485  0.2  0.2		4.1705503158		-1.0
	3780.00000000	2.72391		-1.01183  0.2  0.2		4.1705503158		-1.0
	3810.00000000	2.77571		-0.69957  0.2  0.2		4.1705503158		-1.0
	3840.00000000	2.84634		-0.28741  0.2  0.2		4.1705503158		-1.0
	3870.00000000	3.02059		0.12462  0.2  0.2		4.1705503158		-1.0
	3900.00000000	3.02647		0.65036  0.2  0.2		4.1705503158		-1.0
	3930.00000000	2.90457		1.08289  0.2  0.2		4.1705503158		-1.0
	3960.00000000	2.87205		1.33258  0.2  0.2		4.1705503158		-1.0
	3990.00000000	2.9685		1.24964  0.2  0.2		4.1705503158		-1.0
	4020.00000000	3.04147		1.04023  0.2  0.2		4.1705503158		-1.0
	4050.00000000	2.87379		0.68955  0.2  0.2		4.1705503158		-1.0
	4080.00000000	2.98768		0.75547  0.2  0.2		4.1705503158		-1.0
	4110.00000000	2.84503		0.97834  0.2  0.2		4.1705503158		-1.0
	4140.00000000	3.07768		1.14532  0.2  0.2		4.1705503158		-1.0
	4170.00000000	2.90134		1.34077  0.2  0.2		4.1705503158		-1.0
	4200.00000000	2.99187		1.49335  0.2  0.2		4.1705503158		-1.0
	4230.00000000	3.12796		1.61352  0.2  0.2		4.1705503158		-1.0
	4260.00000000	2.92971		1.63819  0.2  0.2		4.1705503158		-1.0
	4290.00000000	3.03293		1.49288  0.2  0.2		4.1705503158		-1.0
	4320.00000000	3.13917		1.56237  0.2  0.2		4.1705503158		-1.0
	4350.00000000	2.90275		1.39629  0.2  0.2		4.1705503158		-1.0
	4380.00000000	2.78093		1.13852  0.2  0.2		4.1705503158		-1.0
	4410.00000000	3.20032		1.07898  0.2  0.2		4.1705503158		-1.0
	4440.00000000	2.94236		1.03492  0.2  0.2		4.1705503158		-1.0
	4470.00000000	2.87244		0.793  0.2  0.2		4.1705503158		-1.0
	4500.00000000	2.93892		0.69144  0.2  0.2		4.1705503158		-1.0
	4530.00000000	2.96822		0.53182  0.2  0.2		4.1705503158		-1.0
	4560.00000000	2.97216		0.14465  0.2  0.2		4.1705503158		-1.0
	4590.00000000	2.88692		-0.28631  0.2  0.2		4.1705503158		-1.0
	4620.00000000	2.88545		-0.66314  0.2  0.2		4.1705503158		-1.0
	4650.00000000	3.20409		-0.42884  0.2  0.2		4.1705503158		-1.0
	4680.00000000	3.07154		-0.02536  0.2  0.2		4.1705503158		-1.0
	4710.00000000	2.79251		0.19268  0.2  0.2		4.1705503158		-1.0
	4740.00000000	2.77906		0.27506  0.2  0.2		4.1705503158		-1.0
	4770.00000000	2.97658		0.23653  0.2  0.2		4.1705503158		-1.0
	4800.00000000	3.2257		0.35629  0.2  0.2		4.1705503158		-1.0
	4830.00000000	2.8202		0.40822  0.2  0.2		4.1705503158		-1.0
	4860.00000000	2.98504		0.65057  0.2  0.2		4.1705503158		-1.0
	4890.00000000	2.98001		0.82737  0.2  0.2		4.1705503158		-1.0
	4920.00000000	3.15166		0.76585  0.2  0.2		4.1705503158		-1.0
	4950.00000000	2.70495		0.63921  0.2  0.2		4.1705503158		-1.0
	4980.00000000	2.76669		0.8736  0.2  0.2		4.1705503158		-1.0
	5010.00000000	2.86573		0.79767  0.2  0.2		4.1705503158		-1.0
	5040.00000000	2.89484		0.82317  0.2  0.2		4.1705503158		-1.0
	5070.00000000	2.74515		0.91801  0.2  0.2		4.1705503158		-1.0
	5100.00000000	3.02206		1.0025  0.2  0.2		4.1705503158		-1.0
	5130.00000000	3.21385		1.09889  0.2  0.2		4.1705503158		-1.0
	5160.00000000	3.1689		1.02609  0.2  0.2		4.1705503158		-1.0
	5190.00000000	3.22168		1.2616  0.2  0.2		4.1705503158		-1.0
	5220.00000000	2.69595		1.53426  0.2  0.2		4.1705503158		-1.0
	5250.00000000	3.25125		1.42965  0.2  0.2		4.1705503158		-1.0
	5280.00000000	2.82776		1.70166  0.2  0.2		4.1705503158		-1.0
	5310.00000000	3.30766		1.6568  0.2  0.2		4.1705503158		-1.0
	5340.00000000	2.77347		1.68006  0.2  0.2		4.1705503158		-1.0
	5370.00000000	3.29449		1.81084  0.2  0.2		4.1705503158		-1.0
	5400.00000000	2.79723		1.82299  0.2  0.2		4.1705503158		-1.0
	5430.00000000	3.09935		1.92562  0.2  0.2		4.1705503158		-1.0
	5460.00000000	2.98655		1.81021  0.2  0.2		4.1705503158		-1.0
	5490.00000000	2.88337		1.88536  0.2  0.2		4.1705503158		-1.0
	5520.00000000	3.21629		2.15464  0.2  0.2		4.1705503158		-1.0
	5550.00000000	2.86568		2.19506  0.2  0.2		4.1705503158		-1.0
	5580.00000000	3.10944		2.16615  0.2  0.2		4.1705503158		-1.0
	5610.00000000	3.06863		2.24233  0.2  0.2		4.1705503158		-1.0
	5640.00000000	2.70588		2.37807  0.2  0.2		4.1705503158		-1.0
	5670.00000000	2.87216		2.27533  0.2  0.2		4.1705503158		-1.0
	5700.00000000	2.95006		2.36502  0.2  0.2		4.1705503158		-1.0
	5730.00000000	3.36568		2.38858  0.2  0.2		4.1705503158		-1.0
	5760.00000000	3.33466		2.57621  0.2  0.2		4.1705503158		-1.0
	5790.00000000	3.19847		2.60637  0.2  0.2		4.1705503158		-1.0
	5820.00000000	3.24883		2.45444  0.2  0.2		4.1705503158		-1.0
	5850.00000000	3.31891		2.30142  0.2  0.2		4.1705503158		-1.0
	5880.00000000	3.02667		2.06207  0.2  0.2		4.1705503158		-1.0
	5910.00000000	3.07548		1.90162  0.2  0.2		4.1705503158		-1.0
	5940.00000000	3.3817		1.89129  0.2  0.2		4.1705503158		-1.0
	5970.00000000	3.21567		1.91517  0.2  0.2		4.1705503158		-1.0
	6000.00000000	3.28951		1.83334  0.2  0.2		4.1705503158		-1.0
	6030.00000000	3.09799		1.69648  0.2  0.2		4.1705503158		-1.0
	6060.00000000	2.87914		1.49498  0.2  0.2		4.1705503158		-1.0
	6090.00000000	3.38946		1.59276  0.2  0.2		4.1705503158		-1.0
	6120.00000000	3.16113		1.57623  0.2  0.2		4.1705503158		-1.0
	6150.00000000	2.74166		1.38768  0.2  0.2		4.1705503158		-1.0
	6180.00000000	3.07579		1.33037  0.2  0.2		4.1705503158		-1.0
	6210.00000000	3.23517		1.36301  0.2  0.2		4.1705503158		-1.0
	6240.00000000	3.16748		1.26891  0.2  0.2		4.1705503158		-1.0
	6270.00000000	3.39541		0.99839  0.2  0.2		4.1705503158		-1.0
	6300.00000000	3.06057		1.00303  0.2  0.2		4.1705503158		-1.0
	6330.00000000	2.83003		1.18396  0.2  0.2		4.1705503158		-1.0
	6360.00000000	2.72606		1.28056  0.2  0.2		4.1705503158		-1.0
	6390.00000000	2.64047		1.16598  0.2  0.2		4.1705503158		-1.0
	6420.00000000	2.70919		1.0391  0.2  0.2		4.1705503158		-1.0
	6450.00000000	2.82463		1.01461  0.2  0.2		4.1705503158		-1.0
	6480.00000000	2.76106		1.20995  0.2  0.2		4.1705503158		-1.0
	6510.00000000	2.96067		1.61008  0.2  0.2		4.1705503158		-1.0
	6540.00000000	2.83569		1.72237  0.2  0.2		4.1705503158		-1.0
	6570.00000000	3.40768		1.80954  0.2  0.2		4.1705503158		-1.0
	6600.00000000	3.15657		1.83771  0.2  0.2		4.1705503158		-1.0
	6630.00000000	2.97928		1.76084  0.2  0.2		4.1705503158		-1.0
	6660.00000000	2.99079		1.76696  0.2  0.2		4.1705503158		-1.0
	6690.00000000	3.04022		1.77644  0.2  0.2		4.1705503158		-1.0
	6720.00000000	3.58074		1.56977  0.2  0.2		4.1705503158		-1.0
	6750.00000000	3.3216		1.5413  0.2  0.2		4.1705503158		-1.0
	6780.00000000	3.43517		1.26678  0.2  0.2		4.1705503158		-1.0
	6810.00000000	3.42913		1.19386  0.2  0.2		4.1705503158		-1.0
	6840.00000000	3.22715		1.25192  0.2  0.2		4.1705503158		-1.0
	6870.00000000	3.68971		1.33218  0.2  0.2		4.1705503158		-1.0
	6900.00000000	3.20827		1.4579  0.2  0.2		4.1705503158		-1.0
	6930.00000000	2.64523		1.46544  0.2  0.2		4.1705503158		-1.0
	6960.00000000	2.57151		1.62032  0.2  0.2		4.1705503158		-1.0
	6990.00000000	2.81322		1.55724  0.2  0.2		4.1705503158		-1.0
	7020.00000000	2.85456		1.59166  0.2  0.2		4.1705503158		-1.0
	7050.00000000	2.83918		2.08004  0.2  0.2		4.1705503158		-1.0
	7080.00000000	2.83455		2.12887  0.2  0.2		4.1705503158		-1.0
	7110.00000000	2.70875		2.27378  0.2  0.2		4.1705503158		-1.0
	7140.00000000	2.82169		2.60286  0.2  0.2		4.1705503158		-1.0
	7170.00000000	2.81158		2.70655  0.2  0.2		4.1705503158		-1.0
	7200.00000000	2.6879		2.7376  0.2  0.2		4.1705503158		-1.0
	7230.00000000	2.9538		2.48974  0.2  0.2		4.1705503158		-1.0
	7260.00000000	2.74117		2.31706  0.2  0.2		4.1705503158		-1.0
	7290.00000000	2.76637		2.1508  0.2  0.2		4.1705503158		-1.0
	7320.00000000	2.70413		2.05541  0.2  0.2		4.1705503158		-1.0
	7350.00000000	2.70764		2.08751  0.2  0.2		4.1705503158		-1.0
	7380.00000000	2.70944		1.94914  0.2  0.2		4.1705503158		-1.0
	7410.00000000	2.73599		2.01083  0.2  0.2		4.1705503158		-1.0
	7440.00000000	2.64202		2.07245  0.2  0.2		4.1705503158		-1.0
	7470.00000000	2.60755		2.391  0.2  0.2		4.1705503158		-1.0
	7500.00000000	2.64715		2.96138  0.2  0.2		4.1705503158		-1.0
	7530.00000000	2.68653		-3.049  0.2  0.2		4.1705503158		-1.0
	7560.00000000	2.7162		3.07012  0.2  0.2		4.1705503158		-1.0
	7590.00000000	2.73279		2.92375  0.2  0.2		4.1705503158		-1.0
	7620.00000000	2.84123		2.75864  0.2  0.2		4.1705503158		-1.0
	7650.00000000	3.23641		2.72718  0.2  0.2		4.1705503158		-1.0
	7680.00000000	3.13026		2.77934  0.2  0.2		4.1705503158		-1.0
	7710.00000000	3.24628		2.82512  0.2  0.2		4.1705503158		-1.0
	7740.00000000	2.84126		2.79348  0.2  0.2		4.1705503158		-1.0
	7770.00000000	2.72454		2.894  0.2  0.2		4.1705503158		-1.0
	7800.00000000	2.70393		3.10334  0.2  0.2		4.1705503158		-1.0
	7830.00000000	2.77488		-2.90546  0.2  0.2		4.1705503158		-1.0
	7860.00000000	2.6828		-2.69572  0.2  0.2		4.1705503158		-1.0
	7890.00000000	3.45876		-2.74237  0.2  0.2		4.1705503158		-1.0
	7920.00000000	3.0403		-2.84647  0.2  0.2		4.1705503158		-1.0
	7950.00000000	3.27994		-2.73045  0.2  0.2		4.1705503158		-1.0
	7980.00000000	3.1893		-2.86843  0.2  0.2		4.1705503158		-1.0
	8010.00000000	3.35299		-2.87288  0.2  0.2		4.1705503158		-1.0
	8040.00000000	3.26345		-2.61978  0.2  0.2		4.1705503158		-1.0
	8070.00000000	3.14042		-2.64331  0.2  0.2		4.1705503158		-1.0
	8100.00000000	3.50503		-2.52778  0.2  0.2		4.1705503158		-1.0
	8130.00000000	3.13491		-2.51772  0.2  0.2		4.1705503158		-1.0
	8160.00000000	3.38731		-2.72649  0.2  0.2		4.1705503158		-1.0
	8190.00000000	2.9662		-2.65991  0.2  0.2		4.1705503158		-1.0
	8220.00000000	2.75773		-2.54642  0.2  0.2		4.1705503158		-1.0
	8250.00000000	2.63263		-2.45277  0.2  0.2		4.1705503158		-1.0
	8280.00000000	2.58852		-2.73312  0.2  0.2		4.1705503158		-1.0
	8310.00000000	3.18506		-2.77122  0.2  0.2		4.1705503158		-1.0
	8340.00000000	3.2867		-2.78493  0.2  0.2		4.1705503158		-1.0
	8370.00000000	3.66812		-2.78729  0.2  0.2		4.1705503158		-1.0
	8400.00000000	3.33596		-2.68152  0.2  0.2		4.1705503158		-1.0
	8430.00000000	2.99658		-2.56604  0.2  0.2		4.1705503158		-1.0
	8460.00000000	2.84517		-2.79583  0.2  0.2		4.1705503158		-1.0
	8490.00000000	2.81341		-2.9187  0.2  0.2		4.1705503158		-1.0
	8520.00000000	2.71787		-2.81937  0.2  0.2		4.1705503158		-1.0
	8550.00000000	2.77606		-3.03159  0.2  0.2		4.1705503158		-1.0
	8580.00000000	2.72329		3.13419  0.2  0.2		4.1705503158		-1.0
	8610.00000000	2.72607		3.12189  0.2  0.2		4.1705503158		-1.0
	8640.00000000	2.78104		-3.09204  0.2  0.2		4.1705503158		-1.0
	8670.00000000	2.72192		-2.84418  0.2  0.2		4.1705503158		-1.0
	8700.00000000	2.68459		-2.40279  0.2  0.2		4.1705503158		-1.0
	8730.00000000	2.67084		-2.26159  0.2  0.2		4.1705503158		-1.0
	8760.00000000	2.67936		-2.17627  0.2  0.2		4.1705503158		-1.0
	8790.00000000	2.75373		-2.06166  0.2  0.2		4.1705503158		-1.0
	8820.00000000	2.84255		-1.95644  0.2  0.2		4.1705503158		-1.0
	8850.00000000	2.79602		-1.96215  0.2  0.2		4.1705503158		-1.0
	8880.00000000	2.83716		-1.73344  0.2  0.2		4.1705503158		-1.0
	8910.00000000	2.71501		-1.66208  0.2  0.2		4.1705503158		-1.0
	8940.00000000	2.7425		-1.96446  0.2  0.2		4.1705503158		-1.0
	8970.00000000	2.65217		-1.81497  0.2  0.2		4.1705503158		-1.0
	9000.00000000	3.2341		-1.40555  0.2  0.2		4.1705503158		-1.0
	9030.00000000	3.17706		-0.92144  0.2  0.2		4.1705503158		-1.0
	9060.00000000	3.17445		-0.82797  0.2  0.2		4.1705503158		-1.0
	9090.00000000	2.67715		-0.9545  0.2  0.2		4.1705503158		-1.0
	9120.00000000	2.80431		-0.65048  0.2  0.2		4.1705503158		-1.0
	9150.00000000	2.95556		-0.36927  0.2  0.2		4.1705503158		-1.0
	9180.00000000	2.76503		0.17909  0.2  0.2		4.1705503158		-1.0
	9210.00000000	3.15997		0.41148  0.2  0.2		4.1705503158		-1.0
	9240.00000000	2.92429		0.30289  0.2  0.2		4.1705503158		-1.0
	9270.00000000	2.90395		0.00281  0.2  0.2		4.1705503158		-1.0
	9300.00000000	2.89667		-0.2495  0.2  0.2		4.1705503158		-1.0
	9330.00000000	2.82222		-0.13547  0.2  0.2		4.1705503158		-1.0
	9360.00000000	3.17678		-0.03034  0.2  0.2		4.1705503158		-1.0
	9390.00000000	3.21238		-0.15469  0.2  0.2		4.1705503158		-1.0
	9420.00000000	2.94457		-0.37275  0.2  0.2		4.1705503158		-1.0
	9450.00000000	2.88873		-0.34482  0.2  0.2		4.1705503158		-1.0
	9480.00000000	2.71942		-0.23139  0.2  0.2		4.1705503158		-1.0
	9510.00000000	3.0221		-0.23848  0.2  0.2		4.1705503158		-1.0
	9540.00000000	3.09583		-0.18416  0.2  0.2		4.1705503158		-1.0
	9570.00000000	2.84714		0.04541  0.2  0.2		4.1705503158		-1.0
	9600.00000000	3.11907		0.18034  0.2  0.2		4.1705503158		-1.0
	9630.00000000	3.08548		0.27849  0.2  0.2		4.1705503158		-1.0
	9660.00000000	3.18391		0.33481  0.2  0.2		4.1705503158		-1.0
	9690.00000000	3.29938		0.45326  0.2  0.2		4.1705503158		-1.0
	9720.00000000	3.40561		0.56284  0.2  0.2		4.1705503158		-1.0
	9750.00000000	3.19744		0.57807  0.2  0.2		4.1705503158		-1.0
	9780.00000000	3.32247		0.67882  0.2  0.2		4.1705503158		-1.0
	9810.00000000	3.01786		0.50585  0.2  0.2		4.1705503158		-1.0
	9840.00000000	2.98991		0.52375  0.2  0.2		4.1705503158		-1.0
	9870.00000000	3.1523		0.40233  0.2  0.2		4.1705503158		-1.0
	9900.00000000	3.2705		0.17139  0.2  0.2		4.1705503158		-1.0
	9930.00000000	3.17439		-0.13966  0.2  0.2		4.1705503158		-1.0
	9960.00000000	3.28968		-0.42611  0.2  0.2		4.1705503158		-1.0
	9990.00000000	3.18166		-0.69121  0.2  0.2		4.1705503158		-1.0
	10020.00000000	2.97645		-0.62059  0.2  0.2		4.1705503158		-1.0
	10050.00000000	2.90183		-0.37556  0.2  0.2		4.1705503158		-1.0
	10080.00000000	2.76911		-0.52328  0.2  0.2		4.1705503158		-1.0
	10110.00000000	2.82659		-0.27961  0.2  0.2		4.1705503158		-1.0
	10140.00000000	2.79459		0.09934  0.2  0.2		4.1705503158		-1.0
	10170.00000000	2.80659		0.32943  0.2  0.2		4.1705503158		-1.0
	10200.00000000	2.81905		0.40851  0.2  0.2		4.1705503158		-1.0
	10230.00000000	2.77318		0.606  0.2  0.2		4.1705503158		-1.0
	10260.00000000	2.71222		0.65861  0.2  0.2		4.1705503158		-1.0
	10290.00000000	2.67303		0.4691  0.2  0.2		4.1705503158		-1.0
	10320.00000000	2.89289		0.44002  0.2  0.2		4.1705503158		-1.0
	10350.00000000	2.76905		0.23703  0.2  0.2		4.1705503158		-1.0
	10380.00000000	2.69393		-0.24589  0.2  0.2		4.1705503158		-1.0
	10410.00000000	2.74069		-0.7206  0.2  0.2		4.1705503158		-1.0
	10440.00000000	2.75218		-1.03588  0.2  0.2		4.1705503158		-1.0
	10470.00000000	2.85202		-1.06605  0.2  0.2		4.1705503158		-1.0
	10500.00000000	2.73552		-0.81919  0.2  0.2		4.1705503158		-1.0
	10530.00000000	2.81175		-0.7176  0.2  0.2		4.1705503158		-1.0
	10560.00000000	2.8112		-0.95686  0.2  0.2		4.1705503158		-1.0
	10590.00000000	3.16565		-1.09362  0.2  0.2		4.1705503158		-1.0
	10620.00000000	3.29294		-1.02682  0.2  0.2		4.1705503158		-1.0
	10650.00000000	3.0409		-1.01338  0.2  0.2		4.1705503158		-1.0
	10680.00000000	3.09823		-1.12508  0.2  0.2		4.1705503158		-1.0
	10710.00000000	3.05065		-1.10899  0.2  0.2		4.1705503158		-1.0
	10740.00000000	3.23352		-0.94339  0.2  0.2		4.1705503158		-1.0
	10770.00000000	3.28358		-0.824  0.2  0.2		4.1705503158		-1.0
	10800.00000000	3.24079		-0.60291  0.2  0.2		4.1705503158		-1.0
	10830.00000001	3.19613		-0.35284  0.2  0.2		4.1705503158		-1.0
	10860.00000001	3.34636		-0.10232  0.2  0.2		4.1705503158		-1.0
	10890.00000001	3.09091		0.0262  0.2  0.2		4.1705503158		-1.0
	10920.00000001	2.95779		-0.03916  0.2  0.2		4.1705503158		-1.0
	10950.00000001	2.85492		-0.19306  0.2  0.2		4.1705503158		-1.0
	10980.00000001	3.64816		-0.27014  0.2  0.2		4.1705503158		-1.0
	11010.00000001	2.98653		-0.30358  0.2  0.2		4.1705503158		-1.0
	11040.00000001	2.79049		-0.44471  0.2  0.2		4.1705503158		-1.0
	11070.00000001	3.35488		-0.53895  0.2  0.2		4.1705503158		-1.0
	11100.00000001	3.41628		-0.62261  0.2  0.2		4.1705503158		-1.0
	11130.00000001	3.18098		-0.77704  0.2  0.2		4.1705503158		-1.0
	11160.00000001	3.35242		-0.55623  0.2  0.2		4.1705503158		-1.0
	11190.00000001	3.3324		-0.52449  0.2  0.2		4.1705503158		-1.0
	11220.00000001	3.23127		-0.74821  0.2  0.2		4.1705503158		-1.0
	11250.00000001	3.12638		-0.95669  0.2  0.2		4.1705503158		-1.0
	11280.00000001	2.90377		-1.1425  0.2  0.2		4.1705503158		-1.0
	11310.00000001	3.58551		-1.14129  0.2  0.2		4.1705503158		-1.0
	11340.00000001	3.46206		-1.04258  0.2  0.2		4.1705503158		-1.0
	11370.00000001	3.20386		-1.04266  0.2  0.2		4.1705503158		-1.0
	11400.00000001	3.35679		-1.29515  0.2  0.2		4.1705503158		-1.0
	11430.00000001	3.31966		-1.48194  0.2  0.2		4.1705503158		-1.0
	11460.00000001	3.23809		-1.53465  0.2  0.2		4.1705503158		-1.0
	11490.00000001	3.27884		-1.47517  0.2  0.2		4.1705503158		-1.0
	11520.00000001	3.46815		-1.71291  0.2  0.2		4.1705503158		-1.0
	11550.00000001	3.30579		-1.79448  0.2  0.2		4.1705503158		-1.0
	11580.00000001	3.29969		-1.76165  0.2  0.2		4.1705503158		-1.0
	11610.00000001	3.08942		-1.54479  0.2  0.2		4.1705503158		-1.0
	11640.00000001	2.8337		-1.46255  0.2  0.2		4.1705503158		-1.0
	11670.00000001	2.67011		-1.41135  0.2  0.2		4.1705503158		-1.0
	11700.00000001	2.6677		-1.45401  0.2  0.2		4.1705503158		-1.0
	11730.00000001	2.61461		-1.27203  0.2  0.2		4.1705503158		-1.0
	11760.00000001	2.66382		-1.22907  0.2  0.2		4.1705503158		-1.0
	11790.00000001	2.75437		-1.20582  0.2  0.2		4.1705503158		-1.0
	11820.00000001	2.65567		-1.31005  0.2  0.2		4.1705503158		-1.0
	11850.00000001	2.74818		-1.37272  0.2  0.2		4.1705503158		-1.0
	11880.00000001	2.65331		-1.50395  0.2  0.2		4.1705503158		-1.0
	11910.00000001	3.24033		-1.53994  0.2  0.2		4.1705503158		-1.0
	11940.00000001	3.46199		-1.6151  0.2  0.2		4.1705503158		-1.0
	11970.00000001	3.48155		-1.54268  0.2  0.2		4.1705503158		-1.0
	12000.00000001	3.63308		-1.5479  0.2  0.2		4.1705503158		-1.0
	12030.00000001	3.26309		-1.67335  0.2  0.2		4.1705503158		-1.0
	12060.00000001	3.17551		-1.30137  0.2  0.2		4.1705503158		-1.0
	12090.00000001	3.48485		-1.04992  0.2  0.2		4.1705503158		-1.0
	12120.00000001	3.59246		-1.07411  0.2  0.2		4.1705503158		-1.0
	12150.00000001	3.24911		-1.39675  0.2  0.2		4.1705503158		-1.0
	12180.00000001	3.70349		-1.35591  0.2  0.2		4.1705503158		-1.0
	12210.00000001	3.37868		-1.02527  0.2  0.2		4.1705503158		-1.0
	12240.00000001	3.32559		-1.23797  0.2  0.2		4.1705503158		-1.0
	12270.00000001	3.70656		-1.3059  0.2  0.2		4.1705503158		-1.0
	12300.00000001	3.34402		-1.49556  0.2  0.2		4.1705503158		-1.0
	12330.00000001	2.74795		-1.58377  0.2  0.2		4.1705503158		-1.0
	12360.00000001	2.85625		-1.93256  0.2  0.2		4.1705503158		-1.0
	12390.00000001	2.91348		-1.89278  0.2  0.2		4.1705503158		-1.0
	12420.00000001	3.68221		-1.98372  0.2  0.2		4.1705503158		-1.0
	12450.00000001	3.41015		-2.00044  0.2  0.2		4.1705503158		-1.0
	12480.00000001	3.33942		-1.83733  0.2  0.2		4.1705503158		-1.0
	12510.00000001	3.68986		-1.75898  0.2  0.2		4.1705503158		-1.0
	12540.00000001	3.37735		-1.81079  0.2  0.2		4.1705503158		-1.0
	12570.00000001	2.86535		-1.60708  0.2  0.2		4.1705503158		-1.0
	12600.00000001	2.77715		-1.62226  0.2  0.2		4.1705503158		-1.0
	12630.00000001	3.41322		-1.77515  0.2  0.2		4.1705503158		-1.0
	12660.00000001	3.92081		-1.72032  0.2  0.2		4.1705503158		-1.0
	12690.00000001	3.70484		-1.38717  0.2  0.2		4.1705503158		-1.0
	12720.00000001	3.44353		-1.33778  0.2  0.2		4.1705503158		-1.0
	12750.00000001	3.43813		-1.05915  0.2  0.2		4.1705503158		-1.0
	12780.00000001	3.51115		-0.75592  0.2  0.2		4.1705503158		-1.0
	12810.00000001	3.07109		-0.68326  0.2  0.2		4.1705503158		-1.0
	12840.00000001	2.80559		-0.68642  0.2  0.2		4.1705503158		-1.0
	12870.00000001	2.91043		-0.8583  0.2  0.2		4.1705503158		-1.0
	12900.00000001	2.55151		-1.01813  0.2  0.2		4.1705503158		-1.0
	12930.00000001	2.75383		-1.03121  0.2  0.2		4.1705503158		-1.0
	12960.00000001	2.66539		-1.29123  0.2  0.2		4.1705503158		-1.0
	12990.00000001	2.70877		-1.1208  0.2  0.2		4.1705503158		-1.0
	13020.00000001	2.62088		-0.87725  0.2  0.2		4.1705503158		-1.0
	13050.00000001	2.65193		-0.43192  0.2  0.2		4.1705503158		-1.0
	13080.00000001	2.76319		-0.05747  0.2  0.2		4.1705503158		-1.0
	13110.00000001	2.82892		0.26034  0.2  0.2		4.1705503158		-1.0
	13140.00000001	2.70459		0.91024  0.2  0.2		4.1705503158		-1.0
	13170.00000001	2.75363		1.28257  0.2  0.2		4.1705503158		-1.0
	13200.00000001	2.72873		1.22022  0.2  0.2		4.1705503158		-1.0
	13230.00000001	2.79256		1.26121  0.2  0.2		4.1705503158		-1.0
	13260.00000001	2.73098		1.07019  0.2  0.2		4.1705503158		-1.0
	13290.00000001	2.65332		0.85667  0.2  0.2		4.1705503158		-1.0
	13320.00000001	2.83752		0.60306  0.2  0.2		4.1705503158		-1.0
	13350.00000001	2.7864		0.78506  0.2  0.2		4.1705503158		-1.0
	13380.00000001	2.63015		0.80726  0.2  0.2		4.1705503158		-1.0
	13410.00000001	2.8735		0.65572  0.2  0.2		4.1705503158		-1.0
	13440.00000001	3.44798		0.58998  0.2  0.2		4.1705503158		-1.0
	13470.00000001	3.34124		0.86547  0.2  0.2		4.1705503158		-1.0
	13500.00000001	3.14906		0.84458  0.2  0.2		4.1705503158		-1.0
	13530.00000001	3.39198		0.56673  0.2  0.2		4.1705503158		-1.0
	13560.00000001	3.39576		0.31403  0.2  0.2		4.1705503158		-1.0
	13590.00000001	3.22638		0.14632  0.2  0.2		4.1705503158		-1.0
	13620.00000001	3.55527		0.1813  0.2  0.2		4.1705503158		-1.0
	13650.00000001	3.37976		-0.07751  0.2  0.2		4.1705503158		-1.0
	13680.00000001	3.38874		-0.20508  0.2  0.2		4.1705503158		-1.0
	13710.00000001	3.56745		-0.14966  0.2  0.2		4.1705503158		-1.0
	13740.00000001	3.14167		-0.1246  0.2  0.2		4.1705503158		-1.0
	13770.00000001	3.51721		-0.11208  0.2  0.2		4.1705503158		-1.0
	13800.00000001	3.29068		-0.08153  0.2  0.2		4.1705503158		-1.0
	13830.00000001	3.36407		-0.15505  0.2  0.2		4.1705503158		-1.0
	13860.00000001	3.49322		-0.35181  0.2  0.2		4.1705503158		-1.0
	13890.00000001	3.13418		-0.26573  0.2  0.2		4.1705503158		-1.0
	13920.00000001	2.73358		-0.2456  0.2  0.2		4.1705503158		-1.0
	13950.00000001	3.04839		-0.44638  0.2  0.2		4.1705503158		-1.0
	13980.00000001	2.64944		-0.53664  0.2  0.2		4.1705503158		-1.0
	14010.00000001	2.68857		-0.72354  0.2  0.2		4.1705503158		-1.0
	14040.00000001	2.73554		-0.64122  0.2  0.2		4.1705503158		-1.0
	14070.00000001	3.20388		-0.63385  0.2  0.2		4.1705503158		-1.0
	14100.00000001	3.45871		-0.55731  0.2  0.2		4.1705503158		-1.0
	14130.00000001	3.57737		-0.51293  0.2  0.2		4.1705503158		-1.0
	14160.00000001	3.61883		-0.3138  0.2  0.2		4.1705503158		-1.0
	14190.00000001	3.75558		-0.30583  0.2  0.2		4.1705503158		-1.0
	14220.00000001	3.72471		-0.06145  0.2  0.2		4.1705503158		-1.0
	14250.00000000	3.32171		0.38882  0.2  0.2		4.1705503158		-1.0
	14280.00000000	3.52354		0.51178  0.2  0.2		4.1705503158		-1.0
	14310.00000000	3.27687		0.51367  0.2  0.2		4.1705503158		-1.0
	14340.00000000	3.41211		0.83083  0.2  0.2		4.1705503158		-1.0
	14370.00000000	3.19936		1.07437  0.2  0.2		4.1705503158		-1.0
	14400.00000000	2.83884		1.04189  0.2  0.2		4.1705503158		-1.0
	14430.00000000	2.82245		0.89294  0.2  0.2		4.1705503158		-1.0
	14460.00000000	3.44352		0.77545  0.2  0.2		4.1705503158		-1.0
	14490.00000000	3.57108		0.69057  0.2  0.2		4.1705503158		-1.0
	14520.00000000	3.27489		1.02068  0.2  0.2		4.1705503158		-1.0
	14550.00000000	3.40108		1.1447  0.2  0.2		4.1705503158		-1.0
	14580.00000000	3.41502		1.12733  0.2  0.2		4.1705503158		-1.0
	14610.00000000	3.72689		1.22536  0.2  0.2		4.1705503158		-1.0
	14640.00000000	3.14024		1.0849  0.2  0.2		4.1705503158		-1.0
	14670.00000000	3.04363		0.95313  0.2  0.2		4.1705503158		-1.0
	14700.00000000	3.53708		0.9066  0.2  0.2		4.1705503158		-1.0
	14730.00000000	3.57694		0.96284  0.2  0.2		4.1705503158		-1.0
	14760.00000000	2.80767		1.02501  0.2  0.2		4.1705503158		-1.0
	14790.00000000	2.84898		1.20064  0.2  0.2		4.1705503158		-1.0
	14820.00000000	2.89158		1.45027  0.2  0.2		4.1705503158		-1.0
	14850.00000000	2.79513		1.57559  0.2  0.2		4.1705503158		-1.0
	14880.00000000	2.68379		1.83231  0.2  0.2		4.1705503158		-1.0
	14910.00000000	2.69347		2.05193  0.2  0.2		4.1705503158		-1.0
	14940.00000000	2.71694		1.96978  0.2  0.2		4.1705503158		-1.0
	14970.00000000	2.71292		1.54787  0.2  0.2		4.1705503158		-1.0
	15000.00000000	2.80979		1.27247  0.2  0.2		4.1705503158		-1.0
	15030.00000000	3.54481		1.217  0.2  0.2		4.1705503158		-1.0
	15060.00000000	3.63868		1.16904  0.2  0.2		4.1705503158		-1.0
	15090.00000000	3.14129		1.20483  0.2  0.2		4.1705503158		-1.0
	15120.00000000	3.54105		1.46228  0.2  0.2		4.1705503158		-1.0
	15150.00000000	3.29535		1.62846  0.2  0.2		4.1705503158		-1.0
	15180.00000000	3.30452		1.7621  0.2  0.2		4.1705503158		-1.0
	15210.00000000	3.19893		2.1001  0.2  0.2		4.1705503158		-1.0
	15240.00000000	3.17819		2.19488  0.2  0.2		4.1705503158		-1.0
	15270.00000000	3.36586		2.10046  0.2  0.2		4.1705503158		-1.0
	15300.00000000	3.1439		2.24386  0.2  0.2		4.1705503158		-1.0
	15330.00000000	3.35005		2.20406  0.2  0.2		4.1705503158		-1.0
	15360.00000000	3.56799		2.07382  0.2  0.2		4.1705503158		-1.0
	15390.00000000	3.11387		1.90803  0.2  0.2		4.1705503158		-1.0
	15420.00000000	2.67886		1.64095  0.2  0.2		4.1705503158		-1.0
	15450.00000000	3.25332		1.42343  0.2  0.2		4.1705503158		-1.0
	15480.00000000	3.74618		1.32628  0.2  0.2		4.1705503158		-1.0
	15510.00000000	3.65554		1.48996  0.2  0.2		4.1705503158		-1.0
	15540.00000000	3.40021		1.69556  0.2  0.2		4.1705503158		-1.0
	15570.00000000	3.6683		1.66648  0.2  0.2		4.1705503158		-1.0
	15600.00000000	3.50534		1.77243  0.2  0.2		4.1705503158		-1.0
	15630.00000000	3.49564		1.85217  0.2  0.2		4.1705503158		-1.0
	15660.00000000	3.62294		2.04868  0.2  0.2		4.1705503158		-1.0
	15690.00000000	2.96826		2.04484  0.2  0.2		4.1705503158		-1.0
	15720.00000000	3.50824		2.11527  0.2  0.2		4.1705503158		-1.0
	15750.00000000	3.26217		2.44132  0.2  0.2		4.1705503158		-1.0
	15780.00000000	3.11204		2.55569  0.2  0.2		4.1705503158		-1.0
	15810.00000000	3.36745		2.70812  0.2  0.2		4.1705503158		-1.0
	15840.00000000	3.33741		2.64532  0.2  0.2		4.1705503158		-1.0
	15870.00000000	3.4549		2.75077  0.2  0.2		4.1705503158		-1.0
	15900.00000000	3.37821		2.79482  0.2  0.2		4.1705503158		-1.0
	15930.00000000	3.34042		2.90484  0.2  0.2		4.1705503158		-1.0
	15960.00000000	3.58653		2.97089  0.2  0.2		4.1705503158		-1.0
	15990.00000000	3.32254		3.1132  0.2  0.2		4.1705503158		-1.0
	16020.00000000	3.49648		3.0197  0.2  0.2		4.1705503158		-1.0
	16050.00000000	3.44458		3.07653  0.2  0.2		4.1705503158		-1.0
	16010.00000000	3.62588		3.06669  0.2  0.2		4.1705503158		-1.0
	16040.00000000	3.37049		-3.13809  0.2  0.2		4.1705503158		-1.0
	16070.00000000	3.37052		3.04  0.2  0.2		4.1705503158		-1.0
	16100.00000000	3.30529		2.93986  0.2  0.2		4.1705503158		-1.0
	16130.00000000	2.97994		2.73914  0.2  0.2		4.1705503158		-1.0
	16160.00000000	2.83478		2.72108  0.2  0.2		4.1705503158		-1.0
	16190.00000000	2.9477		2.93445  0.2  0.2		4.1705503158		-1.0
	16220.00000000	2.64395		-3.04334  0.2  0.2		4.1705503158		-1.0
	16250.00000000	2.67923		-2.86239  0.2  0.2		4.1705503158		-1.0
	16280.00000000	2.68609		-2.99296  0.2  0.2		4.1705503158		-1.0
	16310.00000000	2.72472		-2.9534  0.2  0.2		4.1705503158		-1.0
	16340.00000000	2.68648		-3.08521  0.2  0.2		4.1705503158		-1.0
	16370.00000000	2.63116		2.92709  0.2  0.2		4.1705503158		-1.0
	16400.00000000	2.74588		2.64298  0.2  0.2		4.1705503158		-1.0
	16430.00000000	2.74975		2.59217  0.2  0.2		4.1705503158		-1.0
	16460.00000000	2.66223		2.79553  0.2  0.2		4.1705503158		-1.0
	16490.00000000	2.63735		2.91258  0.2  0.2		4.1705503158		-1.0
	16520.00000000	2.72257		2.60689  0.2  0.2		4.1705503158		-1.0
	16550.00000000	2.6682		2.49231  0.2  0.2		4.1705503158		-1.0
	16580.00000000	3.12793		2.46865  0.2  0.2		4.1705503158		-1.0
	16610.00000000	3.50571		2.42868  0.2  0.2		4.1705503158		-1.0
	16640.00000000	3.44117		2.33843  0.2  0.2		4.1705503158		-1.0
	16670.00000000	3.47055		2.26112  0.2  0.2		4.1705503158		-1.0
	16700.00000000	3.00191		2.30518  0.2  0.2		4.1705503158		-1.0
	16730.00000000	2.97945		2.20541  0.2  0.2		4.1705503158		-1.0
	16760.00000000	2.67644		2.21142  0.2  0.2		4.1705503158		-1.0
	16790.00000000	2.61071		2.27032  0.2  0.2		4.1705503158		-1.0
	16820.00000000	2.90132		2.24055  0.2  0.2		4.1705503158		-1.0
	16850.00000000	3.75409		2.33279  0.2  0.2		4.1705503158		-1.0
	16880.00000000	3.23255		2.58668  0.2  0.2		4.1705503158		-1.0
	16910.00000000	3.49554		2.77579  0.2  0.2		4.1705503158		-1.0
	16940.00000000	2.92673		2.96333  0.2  0.2		4.1705503158		-1.0
	16970.00000000	3.17643		3.02794  0.2  0.2		4.1705503158		-1.0
	17000.00000000	3.5135		2.97402  0.2  0.2		4.1705503158		-1.0
	17030.00000000	3.63178		2.68496  0.2  0.2		4.1705503158		-1.0
	17060.00000000	3.88069		2.62782  0.2  0.2		4.1705503158		-1.0
	17090.00000000	3.36678		2.68376  0.2  0.2		4.1705503158		-1.0
	17120.00000000	3.18306		2.74385  0.2  0.2		4.1705503158		-1.0
	17150.00000000	2.5606		2.98513  0.2  0.2		4.1705503158		-1.0
	17180.00000000	2.76959		3.10993  0.2  0.2		4.1705503158		-1.0
	17210.00000000	2.78864		3.04084  0.2  0.2		4.1705503158		-1.0
	17240.00000000	3.71507		-3.10465  0.2  0.2		4.1705503158		-1.0
	17270.00000000	3.17725		-3.0668  0.2  0.2		4.1705503158		-1.0
	17300.00000000	3.72148		-2.93993  0.2  0.2		4.1705503158		-1.0
	17330.00000000	3.45951		-2.90746  0.2  0.2		4.1705503158		-1.0
	17360.00000000	3.51304		-2.91773  0.2  0.2		4.1705503158		-1.0
	17390.00000000	3.60431		-2.81824  0.2  0.2		4.1705503158		-1.0
	17420.00000000	3.31108		-2.42813  0.2  0.2		4.1705503158		-1.0
	17450.00000000	3.41276		-2.28978  0.2  0.2		4.1705503158		-1.0
	17480.00000000	3.10089		-2.38704  0.2  0.2		4.1705503158		-1.0
	17510.00000000	3.18501		-2.41942  0.2  0.2		4.1705503158		-1.0
	17540.00000000	3.5076		-2.36866  0.2  0.2		4.1705503158		-1.0
	17570.00000000	3.25891		-2.28485  0.2  0.2		4.1705503158		-1.0
	17600.00000000	3.01275		-2.24162  0.2  0.2		4.1705503158		-1.0
	17630.00000000	2.81015		-2.21705  0.2  0.2		4.1705503158		-1.0
	17660.00000000	2.64965		-2.18404  0.2  0.2		4.1705503158		-1.0
	17690.00000000	3.20863		-2.34612  0.2  0.2		4.1705503158		-1.0
	17720.00000000	3.26176		-2.51549  0.2  0.2		4.1705503158		-1.0
	17750.00000000	3.38739		-2.5044  0.2  0.2		4.1705503158		-1.0
	17780.00000000	3.51656		-2.55238  0.2  0.2		4.1705503158		-1.0
	17810.00000000	3.66663		-2.62952  0.2  0.2		4.1705503158		-1.0
	17840.00000000	3.09646		-2.64744  0.2  0.2		4.1705503158		-1.0
	17870.00000000	2.68085		-2.74348  0.2  0.2		4.1705503158		-1.0
	17900.00000000	2.57125		-2.6249  0.2  0.2		4.1705503158		-1.0
	17930.00000000	2.58607		-2.49923  0.2  0.2		4.1705503158		-1.0
	17960.00000000	3.26038		-2.37886  0.2  0.2		4.1705503158		-1.0
	17990.00000000	2.9878		-2.31298  0.2  0.2		4.1705503158		-1.0
	18020.00000000	3.02038		-2.35942  0.2  0.2		4.1705503158		-1.0
	18050.00000000	3.27077		-2.54878  0.2  0.2		4.1705503158		-1.0
	18080.00000000	2.66819		-2.53626  0.2  0.2		4.1705503158		-1.0
	18110.00000000	2.87962		-2.31742  0.2  0.2		4.1705503158		-1.0
	18140.00000000	2.76064		-2.17086  0.2  0.2		4.1705503158		-1.0
	18170.00000000	2.9799		-2.21313  0.2  0.2		4.1705503158		-1.0
	18200.00000000	3.15155		-2.22611  0.2  0.2		4.1705503158		-1.0
	18230.00000000	2.60242		-2.32049  0.2  0.2		4.1705503158		-1.0
	18260.00000000	2.6061		-2.32668  0.2  0.2		4.1705503158		-1.0
	18290.00000000	2.65429		-2.30165  0.2  0.2		4.1705503158		-1.0
	18320.00000000	2.58162		-2.49326  0.2  0.2		4.1705503158		-1.0
	18350.00000000	2.70032		-2.60082  0.2  0.2		4.1705503158		-1.0
	18380.00000000	2.69185		-2.5984  0.2  0.2		4.1705503158		-1.0
	18410.00000000	2.7241		-2.76801  0.2  0.2		4.1705503158		-1.0
	18440.00000000	2.61104		-2.85869  0.2  0.2		4.1705503158		-1.0
	18470.00000000	3.0758		-3.12788  0.2  0.2		4.1705503158		-1.0
	18500.00000000	3.52467		3.04733  0.2  0.2		4.1705503158		-1.0
	18530.00000000	3.37857		-3.0337  0.2  0.2		4.1705503158		-1.0
	18560.00000000	3.00327		-3.05676  0.2  0.2		4.1705503158		-1.0
	18590.00000000	3.06069		-2.95877  0.2  0.2		4.1705503158		-1.0
	18620.00000000	2.90436		3.09645  0.2  0.2		4.1705503158		-1.0
	18650.00000000	2.71736		2.68525  0.2  0.2		4.1705503158		-1.0
	18680.00000000	2.62753		2.42274  0.2  0.2		4.1705503158		-1.0
	18710.00000000	2.57473		2.4615  0.2  0.2		4.1705503158		-1.0
	18740.00000000	2.6396		2.69761  0.2  0.2		4.1705503158		-1.0
	18770.00000000	2.53328		2.56732  0.2  0.2		4.1705503158		-1.0
	18800.00000000	2.68033		2.56269  0.2  0.2		4.1705503158		-1.0
	18830.00000000	2.89805		2.28843  0.2  0.2		4.1705503158		-1.0
	18860.00000000	2.94968		2.28449  0.2  0.2		4.1705503158		-1.0
	18890.00000000	3.18773		2.02306  0.2  0.2		4.1705503158		-1.0
	18920.00000000	2.96131		1.90749  0.2  0.2		4.1705503158		-1.0
	18950.00000000	2.66998		1.76089  0.2  0.2		4.1705503158		-1.0
	18980.00000000	2.62332		1.86403  0.2  0.2		4.1705503158		-1.0
	19010.00000000	2.65344		1.94025  0.2  0.2		4.1705503158		-1.0
	19040.00000000	2.63184		1.65743  0.2  0.2		4.1705503158		-1.0
	19070.00000000	2.67783		1.71541  0.2  0.2		4.1705503158		-1.0
	19100.00000000	2.59221		1.74037  0.2  0.2		4.1705503158		-1.0
	19130.00000000	2.84587		1.80138  0.2  0.2		4.1705503158		-1.0
	19160.00000000	3.51278		1.8283  0.2  0.2		4.1705503158		-1.0
	19190.00000000	3.48407		1.76192  0.2  0.2		4.1705503158		-1.0
	19220.00000000	3.76675		1.7527  0.2  0.2		4.1705503158		-1.0
	19250.00000000	3.57798		1.93485  0.2  0.2		4.1705503158		-1.0
	19280.00000000	3.28568		2.02438  0.2  0.2		4.1705503158		-1.0
	19310.00000000	2.95443		2.43915  0.2  0.2		4.1705503158		-1.0
	19340.00000000	3.33795		2.53539  0.2  0.2		4.1705503158		-1.0
	19370.00000000	3.75325		2.49171  0.2  0.2		4.1705503158		-1.0
	19400.00000000	3.60023		2.36006  0.2  0.2		4.1705503158		-1.0
	19430.00000000	3.68602		2.35288  0.2  0.2		4.1705503158		-1.0
	19460.00000000	3.62668		2.24026  0.2  0.2		4.1705503158		-1.0
	19490.00000000	3.70973		2.13262  0.2  0.2		4.1705503158		-1.0
	19520.00000000	3.81641		1.84759  0.2  0.2		4.1705503158		-1.0
	19550.00000000	3.52569		1.46242  0.2  0.2		4.1705503158		-1.0
	19580.00000000	3.43327		1.6406  0.2  0.2		4.1705503158		-1.0
	19610.00000000	2.53297		1.60256  0.2  0.2		4.1705503158		-1.0
	19640.00000000	2.54098		1.3109  0.2  0.2		4.1705503158		-1.0
	19670.00000000	2.62843		1.04514  0.2  0.2		4.1705503158		-1.0
	19700.00000000	2.58864		1.03834  0.2  0.2		4.1705503158		-1.0
	19730.00000000	2.58086		1.16578  0.2  0.2		4.1705503158		-1.0
	19760.00000000	2.62424		1.2901  0.2  0.2		4.1705503158		-1.0
	19790.00000000	2.60759		1.34884  0.2  0.2		4.1705503158		-1.0
	19820.00000000	2.56696		1.26438  0.2  0.2		4.1705503158		-1.0
	19850.00000000	2.65306		0.86372  0.2  0.2		4.1705503158		-1.0
	19880.00000000	2.8004		0.0703  0.2  0.2		4.1705503158		-1.0
	19910.00000000	2.77845		-0.3254  0.2  0.2		4.1705503158		-1.0
	19940.00000000	2.78867		-0.41033  0.2  0.2		4.1705503158		-1.0
	19970.00000000	2.81307		-0.17271  0.2  0.2		4.1705503158		-1.0
	20000.00000000	2.69992		0.09026  0.2  0.2		4.1705503158		-1.0
	20030.00000000	2.68741		0.2959  0.2  0.2		4.1705503158		-1.0
	20060.00000000	2.56969		0.47701  0.2  0.2		4.1705503158		-1.0
	20090.00000000	2.74609		0.38636  0.2  0.2		4.1705503158		-1.0
	20120.00000000	2.88328		0.06283  0.2  0.2		4.1705503158		-1.0
	20150.00000000	2.95843		-0.04551  0.2  0.2		4.1705503158		-1.0
	20180.00000000	2.68205		-0.34867  0.2  0.2		4.1705503158		-1.0
	20210.00000000	2.64348		-0.71607  0.2  0.2		4.1705503158		-1.0
	20240.00000000	2.70338		-0.95644  0.2  0.2		4.1705503158		-1.0
	20270.00000000	2.86206		-1.09182  0.2  0.2		4.1705503158		-1.0
	20300.00000000	2.66025		-1.27225  0.2  0.2		4.1705503158		-1.0
	20330.00000000	2.68644		-1.35725  0.2  0.2		4.1705503158		-1.0
	20360.00000000	2.78936		-1.42151  0.2  0.2		4.1705503158		-1.0
	20390.00000000	3.27955		-1.23251  0.2  0.2		4.1705503158		-1.0
	20420.00000000	2.71926		-0.93398  0.2  0.2		4.1705503158		-1.0
	20450.00000000	2.64897		-0.62041  0.2  0.2		4.1705503158		-1.0
	20480.00000000	2.65894		-0.4488  0.2  0.2		4.1705503158		-1.0
	20510.00000000	2.8811		-0.73935  0.2  0.2		4.1705503158		-1.0
	20540.00000000	2.95987		-0.89291  0.2  0.2		4.1705503158		-1.0
	20570.00000000	2.71151		-0.90272  0.2  0.2		4.1705503158		-1.0
	20600.00000000	3.5888		-1.06453  0.2  0.2		4.1705503158		-1.0
	20630.00000000	3.45458		-0.88233  0.2  0.2		4.1705503158		-1.0
	20660.00000000	3.74947		-0.64739  0.2  0.2		4.1705503158		-1.0
	20690.00000000	3.62918		-0.73116  0.2  0.2		4.1705503158		-1.0
	20720.00000000	3.56289		-1.11899  0.2  0.2		4.1705503158		-1.0
	20749.99999999	3.94842		-1.10282  0.2  0.2		4.1705503158		-1.0
	20779.99999999	3.62045		-0.96604  0.2  0.2		4.1705503158		-1.0
	20809.99999999	3.79816		-0.85353  0.2  0.2		4.1705503158		-1.0
	20839.99999999	3.27008		-0.87061  0.2  0.2		4.1705503158		-1.0
	20869.99999999	3.51186		-0.79143  0.2  0.2		4.1705503158		-1.0
	20899.99999999	3.58836		-0.40247  0.2  0.2		4.1705503158		-1.0
	20929.99999999	3.01212		-0.47589  0.2  0.2		4.1705503158		-1.0
	20959.99999999	3.53219		-0.25777  0.2  0.2		4.1705503158		-1.0
	20989.99999999	3.12074		0.20383  0.2  0.2		4.1705503158		-1.0
	21019.99999999	3.30294		0.7325  0.2  0.2		4.1705503158		-1.0
	21049.99999999	3.29458		0.78101  0.2  0.2		4.1705503158		-1.0
	21079.99999999	2.57105		0.49489  0.2  0.2		4.1705503158		-1.0
	21109.99999999	3.39763		0.39875  0.2  0.2		4.1705503158		-1.0
	21139.99999999	3.41149		0.33957  0.2  0.2		4.1705503158		-1.0
	21169.99999999	3.08777		0.10338  0.2  0.2		4.1705503158		-1.0
	21199.99999999	3.13029		0.18428  0.2  0.2		4.1705503158		-1.0
	21229.99999999	3.7647		0.19197  0.2  0.2		4.1705503158		-1.0
	21259.99999999	3.58241		0.16217  0.2  0.2		4.1705503158		-1.0
	21289.99999999	3.4193		0.18821  0.2  0.2		4.1705503158		-1.0
	21319.99999999	3.76581		0.33647  0.2  0.2		4.1705503158		-1.0
	21349.99999999	3.48011		0.4498  0.2  0.2		4.1705503158		-1.0
	21379.99999999	2.7354		0.40869  0.2  0.2		4.1705503158		-1.0
	21409.99999999	2.97946		0.62614  0.2  0.2		4.1705503158		-1.0
	21439.99999999	3.0989		0.77187  0.2  0.2		4.1705503158		-1.0
	21469.99999999	3.21514		0.88008  0.2  0.2		4.1705503158		-1.0
	21499.99999999	3.47935		0.82204  0.2  0.2		4.1705503158		-1.0
	21529.99999999	3.8992		0.68807  0.2  0.2		4.1705503158		-1.0
	21559.99999999	3.47475		0.6518  0.2  0.2		4.1705503158		-1.0
	21589.99999999	2.87018		0.70308  0.2  0.2		4.1705503158		-1.0
	21619.99999999	2.52417		0.64042  0.2  0.2		4.1705503158		-1.0
	21649.99999999	2.57833		0.45048  0.2  0.2		4.1705503158		-1.0
	21679.99999999	2.74446		0.19745  0.2  0.2		4.1705503158		-1.0
	21709.99999999	2.74904		-0.09167  0.2  0.2		4.1705503158		-1.0
	21739.99999999	2.62987		-0.08204  0.2  0.2		4.1705503158		-1.0
	21769.99999999	2.62069		-0.15034  0.2  0.2		4.1705503158		-1.0
	21799.99999999	2.61405		-0.08007  0.2  0.2		4.1705503158		-1.0
	21829.99999999	2.59502		-0.04154  0.2  0.2		4.1705503158		-1.0
	21859.99999999	2.65833		-0.04192  0.2  0.2		4.1705503158		-1.0
	21889.99999999	2.70136		0.21375  0.2  0.2		4.1705503158		-1.0
	21919.99999999	2.71599		0.47534  0.2  0.2		4.1705503158		-1.0
	21949.99999999	2.67516		0.78769  0.2  0.2		4.1705503158		-1.0
	21979.99999999	2.77735		1.09143  0.2  0.2		4.1705503158		-1.0
	22009.99999999	2.70749		0.91751  0.2  0.2		4.1705503158		-1.0
	22039.99999999	2.55785		0.9184  0.2  0.2		4.1705503158		-1.0
	22069.99999999	3.11543		0.88699  0.2  0.2		4.1705503158		-1.0
	22099.99999999	3.14342		0.84223  0.2  0.2		4.1705503158		-1.0
	22129.99999999	3.29105		0.64554  0.2  0.2		4.1705503158		-1.0
	22159.99999999	2.63547		0.4165  0.2  0.2		4.1705503158		-1.0
	22189.99999999	2.86418		0.27754  0.2  0.2		4.1705503158		-1.0
	22219.99999999	3.35235		0.34929  0.2  0.2		4.1705503158		-1.0
	22249.99999999	3.9305		0.47974  0.2  0.2		4.1705503158		-1.0
	22279.99999999	3.12705		0.41998  0.2  0.2		4.1705503158		-1.0
	22309.99999999	3.37523		0.43735  0.2  0.2		4.1705503158		-1.0
	22339.99999999	3.03926		0.20793  0.2  0.2		4.1705503158		-1.0
	22369.99999999	3.51204		-0.06249  0.2  0.2		4.1705503158		-1.0
	22399.99999999	3.51397		0.10654  0.2  0.2		4.1705503158		-1.0
	22429.99999999	4.0604		0.29954  0.2  0.2		4.1705503158		-1.0
	22459.99999999	3.53366		0.28559  0.2  0.2		4.1705503158		-1.0
	22489.99999999	3.47022		0.0312  0.2  0.2		4.1705503158		-1.0
	22519.99999999	3.96419		-0.31664  0.2  0.2		4.1705503158		-1.0
	22549.99999999	3.77715		-0.43859  0.2  0.2		4.1705503158		-1.0
	22579.99999999	3.1972		-0.24396  0.2  0.2		4.1705503158		-1.0
	22609.99999999	3.37998		-0.0873  0.2  0.2		4.1705503158		-1.0
	22639.99999999	3.14791		-0.36914  0.2  0.2		4.1705503158		-1.0
	22669.99999999	3.76282		-0.59219  0.2  0.2		4.1705503158		-1.0
	22699.99999999	3.22711		-0.7815  0.2  0.2		4.1705503158		-1.0
	22729.99999999	3.21492		-0.70687  0.2  0.2		4.1705503158		-1.0
	22759.99999999	3.60642		-0.60126  0.2  0.2		4.1705503158		-1.0
	22789.99999999	4.03014		-0.64724  0.2  0.2		4.1705503158		-1.0
	22819.99999999	3.86276		-0.52357  0.2  0.2		4.1705503158		-1.0
	22849.99999999	3.59188		-0.35656  0.2  0.2		4.1705503158		-1.0
	22879.99999999	3.94581		-0.52764  0.2  0.2		4.1705503158		-1.0
	22909.99999999	3.84187		-0.53392  0.2  0.2		4.1705503158		-1.0
	22939.99999999	3.48529		-0.80137  0.2  0.2		4.1705503158		-1.0
	22969.99999999	3.78492		-0.98287  0.2  0.2		4.1705503158		-1.0
	22999.99999999	3.33507		-1.05903  0.2  0.2		4.1705503158		-1.0
	23029.99999999	3.19111		-1.30674  0.2  0.2		4.1705503158		-1.0
	23059.99999999	2.96784		-1.4326  0.2  0.2		4.1705503158		-1.0
	23089.99999999	3.70869		-1.14724  0.2  0.2		4.1705503158		-1.0
	23119.99999999	4.24686		-1.11646  0.2  0.2		4.1705503158		-1.0
	23149.99999999	4.01252		-1.44576  0.2  0.2		4.1705503158		-1.0
	23179.99999999	3.23929		-1.55787  0.2  0.2		4.1705503158		-1.0
	23209.99999999	3.04846		-1.73261  0.2  0.2		4.1705503158		-1.0
	23239.99999999	3.42656		-2.01408  0.2  0.2		4.1705503158		-1.0
	23269.99999999	3.56706		-2.16975  0.2  0.2		4.1705503158		-1.0
	23299.99999999	3.45914		-2.10543  0.2  0.2		4.1705503158		-1.0
	23329.99999999	3.79736		-2.07553  0.2  0.2		4.1705503158		-1.0
	23359.99999999	3.36701		-1.98633  0.2  0.2		4.1705503158		-1.0
	23389.99999999	3.32389		-2.03995  0.2  0.2		4.1705503158		-1.0
	23419.99999999	3.48095		-2.0252  0.2  0.2		4.1705503158		-1.0
	23449.99999999	3.9632		-1.94712  0.2  0.2		4.1705503158		-1.0
	23479.99999999	3.68372		-1.75748  0.2  0.2		4.1705503158		-1.0
	23509.99999999	3.51578		-1.58584  0.2  0.2		4.1705503158		-1.0
	23539.99999999	4.16702		-1.57165  0.2  0.2		4.1705503158		-1.0
	23569.99999999	3.80028		-1.47433  0.2  0.2		4.1705503158		-1.0
	23599.99999999	4.05287		-1.39284  0.2  0.2		4.1705503158		-1.0
	23629.99999999	3.84088		-1.31386  0.2  0.2		4.1705503158		-1.0
	23659.99999999	3.54815		-1.4237  0.2  0.2		4.1705503158		-1.0
	23689.99999999	3.76573		-1.71899  0.2  0.2		4.1705503158		-1.0
	23719.99999999	3.72656		-1.47806  0.2  0.2		4.1705503158		-1.0
	23749.99999999	3.28174		-1.26654  0.2  0.2		4.1705503158		-1.0
	23779.99999999	3.4314		-1.26465  0.2  0.2		4.1705503158		-1.0
	23809.99999999	3.88508		-1.37814  0.2  0.2		4.1705503158		-1.0
	23839.99999999	4.44752		-1.40615  0.2  0.2		4.1705503158		-1.0
	23869.99999999	3.8165		-1.30004  0.2  0.2		4.1705503158		-1.0
	23899.99999999	4.13133		-1.24628  0.2  0.2		4.1705503158		-1.0
	23929.99999999	4.50921		-1.31333  0.2  0.2		4.1705503158		-1.0
	23959.99999999	5.237		-1.4311  0.2  0.2		4.1705503158		-1.0
	23989.99999999	5.76972		-1.39293  0.2  0.2		4.1705503158		-1.0
	24019.99999999	6.0883		-1.38784  0.2  0.2		4.1705503158		-1.0
	24049.99999999	6.4141		-1.28694  0.2  0.2		4.1705503158		-1.0
	24079.99999999	6.70262		-1.44474  0.2  0.2		4.1705503158		-1.0
	24109.99999999	7.45819		-1.34786  0.2  0.2		4.1705503158		-1.0
	24139.99999999	8.10207		-1.21121  0.2  0.2		4.1705503158		-1.0
	24169.99999999	8.33465		-1.39604  0.2  0.2		4.1705503158		-1.0
	24199.99999999	8.64029		-1.39112  0.2  0.2		4.1705503158		-1.0
	24229.99999999	9.16158		-1.42495  0.2  0.2		4.1705503158		-1.0
	24259.99999999	9.60128		-1.43219  0.2  0.2		4.1705503158		-1.0
	24289.99999999	10.07294		-1.40059  0.2  0.2		4.1705503158		-1.0
	24319.99999999	10.33198		-1.57413  0.2  0.2		4.1705503158		-1.0
	24349.99999999	10.77289		-1.50933  0.2  0.2		4.1705503158		-1.0
	24379.99999999	11.08236		-1.48584  0.2  0.2		4.1705503158		-1.0
	24409.99999999	11.72258		-1.43786  0.2  0.2		4.1705503158		-1.0
	24439.99999999	12.03827		-1.71641  0.2  0.2		4.1705503158		-1.0
	24469.99999999	12.72098		-1.66281  0.2  0.2		4.1705503158		-1.0
	24499.99999999	13.14782		-1.91639  0.2  0.2		4.1705503158		-1.0
	24529.99999999	13.71137		-2.08082  0.2  0.2		4.1705503158		-1.0
	24559.99999999	13.81464		-1.87034  0.2  0.2		4.1705503158		-1.0
	24589.99999999	14.23552		-1.87508  0.2  0.2		4.1705503158		-1.0
	24619.99999999	14.92919		-2.04345  0.2  0.2		4.1705503158		-1.0
	24649.99999999	15.19712		-2.02495  0.2  0.2		4.1705503158		-1.0
	24679.99999999	15.95356		-1.62163  0.2  0.2		4.1705503158		-1.0
	24709.99999999	16.03174		-1.80073  0.2  0.2		4.1705503158		-1.0
	24739.99999999	15.86408		-2.04517  0.2  0.2		4.1705503158		-1.0
	24769.99999999	15.83773		-1.90097  0.2  0.2		4.1705503158		-1.0
	24799.99999999	15.44539		-1.66367  0.2  0.2		4.1705503158		-1.0
	24829.99999999	14.8417		-1.7529  0.2  0.2		4.1705503158		-1.0
	24859.99999999	14.40725		-1.49076  0.2  0.2		4.1705503158		-1.0
	24889.99999999	14.37776		-1.29268  0.2  0.2		4.1705503158		-1.0
	24919.99999999	13.90199		-1.27169  0.2  0.2		4.1705503158		-1.0
	24949.99999999	13.29763		-1.30482  0.2  0.2		4.1705503158		-1.0
	24979.99999999	12.88045		-1.32364  0.2  0.2		4.1705503158		-1.0
	25009.99999999	12.03648		-1.16629  0.2  0.2		4.1705503158		-1.0
	25039.99999999	11.52138		-1.32378  0.2  0.2		4.1705503158		-1.0
	25069.99999999	10.94684		-1.22942  0.2  0.2		4.1705503158		-1.0
	25099.99999999	10.16207		-1.15985  0.2  0.2		4.1705503158		-1.0
	25129.99999999	9.81078		-1.28955  0.2  0.2		4.1705503158		-1.0
	25159.99999999	9.43262		-1.42272  0.2  0.2		4.1705503158		-1.0
	25189.99999999	8.62415		-0.9773  0.2  0.2		4.1705503158		-1.0
	25219.99999999	8.2086		-0.29395  0.2  0.2		4.1705503158		-1.0
	25249.99999999	7.96402		0.17726  0.2  0.2		4.1705503158		-1.0
	25279.99999999	8.13904		0.43523  0.2  0.2		4.1705503158		-1.0
	25309.99999999	8.59925		0.75036  0.2  0.2		4.1705503158		-1.0
	25339.99999999	9.44557		0.72778  0.2  0.2		4.1705503158		-1.0
	25369.99999999	9.95756		0.86177  0.2  0.2		4.1705503158		-1.0
	25399.99999999	10.03674		1.17501  0.2  0.2		4.1705503158		-1.0
	25429.99999999	10.26318		1.22415  0.2  0.2		4.1705503158		-1.0
	25459.99999999	10.44063		1.04576  0.2  0.2		4.1705503158		-1.0
	25489.99999999	10.78033		1.00031  0.2  0.2		4.1705503158		-1.0
	25519.99999999	11.23344		0.91433  0.2  0.2		4.1705503158		-1.0
	25549.99999999	11.5293		0.98349  0.2  0.2		4.1705503158		-1.0
	25579.99999999	12.16186		1.1042  0.2  0.2		4.1705503158		-1.0
	25609.99999999	12.6824		1.17132  0.2  0.2		4.1705503158		-1.0
	25639.99999999	13.10721		1.24857  0.2  0.2		4.1705503158		-1.0
	25669.99999999	13.88164		0.89881  0.2  0.2		4.1705503158		-1.0
	25699.99999999	14.41895		1.08375  0.2  0.2		4.1705503158		-1.0
	25729.99999999	15.02048		1.7463  0.2  0.2		4.1705503158		-1.0
	25759.99999999	15.11211		1.68403  0.2  0.2		4.1705503158		-1.0
	25789.99999999	15.35713		1.36776  0.2  0.2		4.1705503158		-1.0
	25819.99999999	15.39174		0.96428  0.2  0.2		4.1705503158		-1.0
	25849.99999999	15.27845		0.92391  0.2  0.2		4.1705503158		-1.0
	25879.99999999	14.92144		0.67465  0.2  0.2		4.1705503158		-1.0
	25909.99999999	14.70526		0.46061  0.2  0.2		4.1705503158		-1.0
	25939.99999999	14.69627		0.17066  0.2  0.2		4.1705503158		-1.0
	25969.99999999	15.20884		-0.04914  0.2  0.2		4.1705503158		-1.0
	25999.99999999	15.4684		-0.04489  0.2  0.2		4.1705503158		-1.0
	26029.99999999	15.80242		-0.26715  0.2  0.2		4.1705503158		-1.0
	26059.99999999	16.23231		-0.02322  0.2  0.2		4.1705503158		-1.0
	26089.99999999	16.52798		0.05728  0.2  0.2		4.1705503158		-1.0
	26119.99999999	16.74513		0.26586  0.2  0.2		4.1705503158		-1.0
	26149.99999999	17.26881		0.34917  0.2  0.2		4.1705503158		-1.0
	26179.99999999	17.61096		0.57313  0.2  0.2		4.1705503158		-1.0
	26209.99999999	17.81796		0.6154  0.2  0.2		4.1705503158		-1.0
	26239.99999999	18.36801		0.40289  0.2  0.2		4.1705503158		-1.0
	26269.99999999	18.8144		0.65191  0.2  0.2		4.1705503158		-1.0
	26299.99999999	19.25973		0.73996  0.2  0.2		4.1705503158		-1.0
	26329.99999999	19.58731		0.6578  0.2  0.2		4.1705503158		-1.0
	26359.99999999	20.45791		0.5402  0.2  0.2		4.1705503158		-1.0
	26389.99999999	20.66961		0.51049  0.2  0.2		4.1705503158		-1.0
	26419.99999999	20.53949		1.26165  0.2  0.2		4.1705503158		-1.0
	26449.99999999	20.60876		1.81192  0.2  0.2		4.1705503158		-1.0
	26479.99999999	20.52258		2.05226  0.2  0.2		4.1705503158		-1.0
	26509.99999999	21.15989		2.67063  0.2  0.2		4.1705503158		-1.0
	26539.99999999	21.38459		2.79731  0.2  0.2		4.1705503158		-1.0
	26569.99999999	21.19864		3.0612  0.2  0.2		4.1705503158		-1.0
	26599.99999999	21.33492		-2.69475  0.2  0.2		4.1705503158		-1.0
	26629.99999999	21.79148		-2.81013  0.2  0.2		4.1705503158		-1.0
	26659.99999999	22.05843		2.52204  0.2  0.2		4.1705503158		-1.0
	26689.99999999	22.03001		2.78338  0.2  0.2		4.1705503158		-1.0
	26719.99999999	22.4089		2.49419  0.2  0.2		4.1705503158		-1.0
	26749.99999999	22.7114		2.51999  0.2  0.2		4.1705503158		-1.0
	26779.99999999	22.95857		2.15829  0.2  0.2		4.1705503158		-1.0
	26809.99999999	23.1573		1.32053  0.2  0.2		4.1705503158		-1.0
	26839.99999999	23.50979		2.15359  0.2  0.2		4.1705503158		-1.0
	26869.99999999	23.78322		2.14158  0.2  0.2		4.1705503158		-1.0
	26899.99999999	23.67594		2.74396  0.2  0.2		4.1705503158		-1.0
	26929.99999999	23.75085		-2.50448  0.2  0.2		4.1705503158		-1.0
	26959.99999999	23.71658		-1.89481  0.2  0.2		4.1705503158		-1.0
	26989.99999999	23.8772		-1.816  0.2  0.2		4.1705503158		-1.0
	27019.99999999	24.04445		-1.33914  0.2  0.2		4.1705503158		-1.0
	27049.99999999	23.92636		-1.70639  0.2  0.2		4.1705503158		-1.0
	27079.99999999	24.29514		-1.99783  0.2  0.2		4.1705503158		-1.0
	27109.99999999	24.3059		-2.47925  0.2  0.2		4.1705503158		-1.0
	27139.99999999	24.35169		-2.59971  0.2  0.2		4.1705503158		-1.0
	27169.99999999	23.92585		2.79738  0.2  0.2		4.1705503158		-1.0
	27199.99999999	23.6657		2.51636  0.2  0.2		4.1705503158		-1.0
	27229.99999998	23.36016		2.45586  0.2  0.2		4.1705503158		-1.0
	27259.99999998	23.07684		2.53521  0.2  0.2		4.1705503158		-1.0
	27289.99999998	22.97408		3.06653  0.2  0.2		4.1705503158		-1.0
	27319.99999998	23.16754		-2.88686  0.2  0.2		4.1705503158		-1.0
	27349.99999998	23.34537		-2.48242  0.2  0.2		4.1705503158		-1.0
	27379.99999998	23.53574		-2.25306  0.2  0.2		4.1705503158		-1.0
	27409.99999998	23.91467		-2.12987  0.2  0.2		4.1705503158		-1.0
	27439.99999998	24.25285		-2.22435  0.2  0.2		4.1705503158		-1.0
	27469.99999998	24.72733		-3.00927  0.2  0.2		4.1705503158		-1.0
	27499.99999998	24.57137		-3.03568  0.2  0.2		4.1705503158		-1.0
	27529.99999998	24.46012		2.74882  0.2  0.2		4.1705503158		-1.0
	27559.99999998	24.32542		2.45002  0.2  0.2		4.1705503158		-1.0
	27589.99999998	23.86518		2.18805  0.2  0.2		4.1705503158		-1.0
	27619.99999998	23.60741		1.85384  0.2  0.2		4.1705503158		-1.0
	27649.99999998	22.88466		1.80824  0.2  0.2		4.1705503158		-1.0
	27679.99999998	22.35237		1.57905  0.2  0.2		4.1705503158		-1.0
	27709.99999998	21.76276		1.45468  0.2  0.2		4.1705503158		-1.0
	27739.99999998	21.47334		1.5164  0.2  0.2		4.1705503158		-1.0
	27769.99999998	21.09407		1.44249  0.2  0.2		4.1705503158		-1.0
	27799.99999998	20.64443		1.46851  0.2  0.2		4.1705503158		-1.0
	27829.99999998	20.1035		1.43419  0.2  0.2		4.1705503158		-1.0
	27859.99999998	19.769		1.35308  0.2  0.2		4.1705503158		-1.0
	27889.99999998	19.81835		1.3709  0.2  0.2		4.1705503158		-1.0
	27919.99999998	19.49667		1.11605  0.2  0.2		4.1705503158		-1.0
	27949.99999998	19.44842		0.94381  0.2  0.2		4.1705503158		-1.0
	27979.99999998	19.43966		0.93521  0.2  0.2		4.1705503158		-1.0
	28009.99999998	19.72131		1.11198  0.2  0.2		4.1705503158		-1.0
	28039.99999998	19.99749		1.14485  0.2  0.2		4.1705503158		-1.0
	28069.99999998	20.18018		1.07228  0.2  0.2		4.1705503158		-1.0
	28099.99999998	20.23065		1.12269  0.2  0.2		4.1705503158		-1.0
	28129.99999998	19.77584		1.02367  0.2  0.2		4.1705503158		-1.0
	28159.99999998	20.00027		0.61879  0.2  0.2		4.1705503158		-1.0
	28189.99999998	19.66838		0.42159  0.2  0.2		4.1705503158		-1.0
	28219.99999998	19.51657		0.25245  0.2  0.2		4.1705503158		-1.0
	28249.99999998	19.63881		0.23059  0.2  0.2		4.1705503158		-1.0
	28279.99999998	19.40617		0.35125  0.2  0.2		4.1705503158		-1.0
	28309.99999998	18.88042		0.45732  0.2  0.2		4.1705503158		-1.0
	28339.99999998	18.85841		0.40457  0.2  0.2		4.1705503158		-1.0
	28369.99999998	18.65798		0.43441  0.2  0.2		4.1705503158		-1.0
	28399.99999998	18.09777		0.18453  0.2  0.2		4.1705503158		-1.0
	28429.99999998	16.91713		-0.08976  0.2  0.2		4.1705503158		-1.0
	28459.99999998	16.17939		-0.05232  0.2  0.2		4.1705503158		-1.0
	28489.99999998	15.50633		0.11711  0.2  0.2		4.1705503158		-1.0
	28519.99999998	14.86019		-0.05778  0.2  0.2		4.1705503158		-1.0
	28549.99999998	14.10734		0.02934  0.2  0.2		4.1705503158		-1.0
	28579.99999998	13.88588		0.08991  0.2  0.2		4.1705503158		-1.0
	28609.99999998	13.24073		0.28347  0.2  0.2		4.1705503158		-1.0
	28639.99999998	12.60283		0.14397  0.2  0.2		4.1705503158		-1.0
	28669.99999998	11.96946		-0.0611  0.2  0.2		4.1705503158		-1.0
	28699.99999998	11.23668		-0.08741  0.2  0.2		4.1705503158		-1.0
	28729.99999998	10.59611		-0.22928  0.2  0.2		4.1705503158		-1.0
	28759.99999998	10.12525		-0.35433  0.2  0.2		4.1705503158		-1.0
