	30.00000000	2.89419		1.32298  0.2  0.2		4.1705503158		-1.0
	60.00000000	3.00928		1.37135  0.2  0.2		4.1705503158		-1.0
	90.00000000	3.08329		1.39262  0.2  0.2		4.1705503158		-1.0
	120.00000000	2.83244		1.24533  0.2  0.2		4.1705503158		-1.0
	150.00000000	3.03073		1.17204  0.2  0.2		4.1705503158		-1.0
	180.00000000	3.10734		1.1698  0.2  0.2		4.1705503158		-1.0
	210.00000000	2.81236		1.13433  0.2  0.2		4.1705503158		-1.0
	240.00000000	2.78097		0.71706  0.2  0.2		4.1705503158		-1.0
	270.00000000	2.89379		0.68297  0.2  0.2		4.1705503158		-1.0
	300.00000000	3.00067		0.81656  0.2  0.2		4.1705503158		-1.0
	330.00000000	2.90781		0.56726  0.2  0.2		4.1705503158		-1.0
	360.00000000	2.88524		0.22722  0.2  0.2		4.1705503158		-1.0
	390.00000000	2.8889		-0.28015  0.2  0.2		4.1705503158		-1.0
	420.00000000	2.93667		-0.88446  0.2  0.2		4.1705503158		-1.0
	450.00000000	2.80587		-0.90744  0.2  0.2		4.1705503158		-1.0
	480.00000000	2.8399		-0.99527  0.2  0.2		4.1705503158		-1.0
	510.00000000	3.0309		-1.09584  0.2  0.2		4.1705503158		-1.0
	540.00000000	2.97586		-1.18451  0.2  0.2		4.1705503158		-1.0
	570.00000000	3.05337		-1.3442  0.2  0.2		4.1705503158		-1.0
	600.00000000	2.9428		-1.41777  0.2  0.2		4.1705503158		-1.0
	630.00000000	2.84032		-1.38072  0.2  0.2		4.1705503158		-1.0
	660.00000000	2.92603		-1.36694  0.2  0.2		4.1705503158		-1.0
	690.00000000	2.96581		-1.40533  0.2  0.2		4.1705503158		-1.0
	720.00000000	2.87187		-1.65013  0.2  0.2		4.1705503158		-1.0
	750.00000000	2.96639		-1.87131  0.2  0.2		4.1705503158		-1.0
	780.00000000	3.04133		-1.68867  0.2  0.2		4.1705503158		-1.0
	810.00000000	2.88889		-1.63778  0.2  0.2		4.1705503158		-1.0
	840.00000000	2.97788		-1.84149  0.2  0.2		4.1705503158		-1.0
	870.00000000	2.99823		-1.74409  0.2  0.2		4.1705503158		-1.0
	900.00000000	3.04733		-1.6038  0.2  0.2		4.1705503158		-1.0
	930.00000000	2.751		-1.62336  0.2  0.2		4.1705503158		-1.0
	960.00000000	3.24101		-1.47973  0.2  0.2		4.1705503158		-1.0
	990.00000000	3.10498		-1.55395  0.2  0.2		4.1705503158		-1.0
	1020.00000000	3.25529		-1.50259  0.2  0.2		4.1705503158		-1.0
	1050.00000000	2.85549		-1.46112  0.2  0.2		4.1705503158		-1.0
	1080.00000000	2.74509		-1.46499  0.2  0.2		4.1705503158		-1.0
	1110.00000000	3.06049		-1.20545  0.2  0.2		4.1705503158		-1.0
	1140.00000000	2.94762		-0.83054  0.2  0.2		4.1705503158		-1.0
	1170.00000000	2.94371		-0.77636  0.2  0.2		4.1705503158		-1.0
	1200.00000000	2.85262		-0.89056  0.2  0.2		4.1705503158		-1.0
	1230.00000000	2.99387		-0.78263  0.2  0.2		4.1705503158		-1.0
	1260.00000000	2.87914		-0.4757  0.2  0.2		4.1705503158		-1.0
	1290.00000000	3.01834		-0.21255  0.2  0.2		4.1705503158		-1.0
	1320.00000000	3.12675		0.0097  0.2  0.2		4.1705503158		-1.0
	1350.00000000	2.98704		0.12035  0.2  0.2		4.1705503158		-1.0
	1380.00000000	2.86921		0.32028  0.2  0.2		4.1705503158		-1.0
	1410.00000000	2.91278		0.43677  0.2  0.2		4.1705503158		-1.0
	1440.00000000	3.14075		0.5356  0.2  0.2		4.1705503158		-1.0
	1470.00000000	2.84871		0.55087  0.2  0.2		4.1705503158		-1.0
	1500.00000000	3.1056		0.83546  0.2  0.2		4.1705503158		-1.0
	1530.00000000	2.80659		1.08954  0.2  0.2		4.1705503158		-1.0
	1560.00000000	3.15886		0.90367  0.2  0.2		4.1705503158		-1.0
	1590.00000000	2.88064		0.70849  0.2  0.2		4.1705503158		-1.0
	1620.00000000	2.93123		0.98474  0.2  0.2		4.1705503158		-1.0
	1650.00000000	2.85425		1.22044  0.2  0.2		4.1705503158		-1.0
	1680.00000000	3.22203		1.25671  0.2  0.2		4.1705503158		-1.0
	1710.00000000	2.84493		1.27661  0.2  0.2		4.1705503158		-1.0
	1740.00000000	2.77264		1.23791  0.2  0.2		4.1705503158		-1.0
	1770.00000000	2.98152		0.82155  0.2  0.2		4.1705503158		-1.0
	1800.00000000	3.06694		0.82325  0.2  0.2		4.1705503158		-1.0
	1830.00000000	3.19071		1.11428  0.2  0.2		4.1705503158		-1.0
	1860.00000000	3.03164		1.17855  0.2  0.2		4.1705503158		-1.0
	1890.00000000	3.09106		1.19723  0.2  0.2		4.1705503158		-1.0
	1920.00000000	2.93922		1.14799  0.2  0.2		4.1705503158		-1.0
	1950.00000000	3.22381		1.1927  0.2  0.2		4.1705503158		-1.0
	1980.00000000	3.19841		0.87236  0.2  0.2		4.1705503158		-1.0
	2010.00000000	2.90889		0.56563  0.2  0.2		4.1705503158		-1.0
	2040.00000000	2.97022		0.62845  0.2  0.2		4.1705503158		-1.0
	2070.00000000	3.18761		0.57802  0.2  0.2		4.1705503158		-1.0
	2100.00000000	3.19247		0.3415  0.2  0.2		4.1705503158		-1.0
	2130.00000000	2.8515		-0.15361  0.2  0.2		4.1705503158		-1.0
	2160.00000000	2.73712		-0.13806  0.2  0.2		4.1705503158		-1.0
	2190.00000000	3.08454		0.09368  0.2  0.2		4.1705503158		-1.0
	2220.00000000	2.966		0.18619  0.2  0.2		4.1705503158		-1.0
	2250.00000000	2.8562		0.09382  0.2  0.2		4.1705503158		-1.0
	2280.00000000	2.9592		-0.10407  0.2  0.2		4.1705503158		-1.0
	2310.00000000	3.01639		-0.45688  0.2  0.2		4.1705503158		-1.0
	2340.00000000	2.78245		-0.69062  0.2  0.2		4.1705503158		-1.0
	2370.00000000	3.09478		-0.54973  0.2  0.2		4.1705503158		-1.0
	2400.00000000	3.0581		-0.46861  0.2  0.2		4.1705503158		-1.0
	2430.00000000	2.82014		-0.50164  0.2  0.2		4.1705503158		-1.0
	2460.00000000	3.30827		-0.6988  0.2  0.2		4.1705503158		-1.0
	2490.00000000	2.88518		-1.15958  0.2  0.2		4.1705503158		-1.0
	2520.00000000	2.86024		-1.32374  0.2  0.2		4.1705503158		-1.0
	2550.00000000	2.87281		-1.24161  0.2  0.2		4.1705503158		-1.0
	2580.00000000	2.84474		-1.19966  0.2  0.2		4.1705503158		-1.0
	2610.00000000	3.26337		-1.0591  0.2  0.2		4.1705503158		-1.0
	2640.00000000	3.14791		-0.84672  0.2  0.2		4.1705503158		-1.0
	2670.00000000	2.95059		-0.74661  0.2  0.2		4.1705503158		-1.0
	2700.00000000	2.95728		-0.5766  0.2  0.2		4.1705503158		-1.0
	2730.00000000	2.89291		-0.24806  0.2  0.2		4.1705503158		-1.0
	2760.00000000	3.13761		-0.3002  0.2  0.2		4.1705503158		-1.0
	2790.00000000	3.13802		-0.44067  0.2  0.2		4.1705503158		-1.0
	2820.00000000	2.68104		-0.73269  0.2  0.2		4.1705503158		-1.0
	2850.00000000	2.70695		-0.89453  0.2  0.2		4.1705503158		-1.0
	2880.00000000	2.93554		-0.80628  0.2  0.2		4.1705503158		-1.0
	2910.00000000	2.80633		-0.66626  0.2  0.2		4.1705503158		-1.0
	2940.00000000	2.76467		-0.16018  0.2  0.2		4.1705503158		-1.0
	2970.00000000	3.00218		0.35923  0.2  0.2		4.1705503158		-1.0
	3000.00000000	2.73764		0.59384  0.2  0.2		4.1705503158		-1.0
	3030.00000000	2.90882		0.41682  0.2  0.2		4.1705503158		-1.0
	3060.00000000	2.87223		0.1142  0.2  0.2		4.1705503158		-1.0
	3090.00000000	3.21816		0.33263  0.2  0.2		4.1705503158		-1.0
	3120.00000000	3.2692		0.5816  0.2  0.2		4.1705503158		-1.0
	3150.00000000	3.02004		0.81167  0.2  0.2		4.1705503158		-1.0
	3180.00000000	2.84111		1.06438  0.2  0.2		4.1705503158		-1.0
	3210.00000000	2.72792		0.88776  0.2  0.2		4.1705503158		-1.0
	3240.00000000	2.81663		0.79282  0.2  0.2		4.1705503158		-1.0
	3270.00000000	2.72815		0.8818  0.2  0.2		4.1705503158		-1.0
	3300.00000000	2.73546		0.9092  0.2  0.2		4.1705503158		-1.0
	3330.00000000	2.71798		0.93801  0.2  0.2		4.1705503158		-1.0
	3360.00000000	2.73211		1.24657  0.2  0.2		4.1705503158		-1.0
	3390.00000000	2.8392		1.5488  0.2  0.2		4.1705503158		-1.0
	3420.00000000	2.83511		1.92137  0.2  0.2		4.1705503158		-1.0
	3450.00000000	2.84639		1.81477  0.2  0.2		4.1705503158		-1.0
	3480.00000000	2.85923		1.69134  0.2  0.2		4.1705503158		-1.0
	3510.00000000	2.98008		1.7153  0.2  0.2		4.1705503158		-1.0
	3540.00000000	2.79831		1.72129  0.2  0.2		4.1705503158		-1.0
	3570.00000000	3.03651		1.8827  0.2  0.2		4.1705503158		-1.0
	3600.00000000	2.86443		2.11298  0.2  0.2		4.1705503158		-1.0
	3630.00000000	2.89545		2.31667  0.2  0.2		4.1705503158		-1.0
	3660.00000000	2.97325		2.43501  0.2  0.2		4.1705503158		-1.0
	3690.00000000	3.06735		2.49262  0.2  0.2		4.1705503158		-1.0
	3720.00000000	2.94721		2.67254  0.2  0.2		4.1705503158		-1.0
	3750.00000000	2.79402		2.85823  0.2  0.2		4.1705503158		-1.0
	3780.00000000	2.90671		3.00553  0.2  0.2		4.1705503158		-1.0
	3810.00000000	3.0065		3.04196  0.2  0.2		4.1705503158		-1.0
	3840.00000000	3.0012		-3.11611  0.2  0.2		4.1705503158		-1.0
	3870.00000000	2.96776		-3.07246  0.2  0.2		4.1705503158		-1.0
	3900.00000000	2.91788		-3.08711  0.2  0.2		4.1705503158		-1.0
	3930.00000000	2.96836		-2.97739  0.2  0.2		4.1705503158		-1.0
	3960.00000000	2.87471		-2.72488  0.2  0.2		4.1705503158		-1.0
	3990.00000000	3.02361		-2.74033  0.2  0.2		4.1705503158		-1.0
	4020.00000000	2.92126		-2.70493  0.2  0.2		4.1705503158		-1.0
	4050.00000000	2.83743		-2.45044  0.2  0.2		4.1705503158		-1.0
	4080.00000000	2.9221		-2.33929  0.2  0.2		4.1705503158		-1.0
	4110.00000000	2.96779		-2.17976  0.2  0.2		4.1705503158		-1.0
	4140.00000000	3.03104		-2.17284  0.2  0.2		4.1705503158		-1.0
	4170.00000000	2.92401		-2.27911  0.2  0.2		4.1705503158		-1.0
	4200.00000000	2.90805		-2.53077  0.2  0.2		4.1705503158		-1.0
	4230.00000000	3.13261		-2.65663  0.2  0.2		4.1705503158		-1.0
	4260.00000000	2.89387		-2.76082  0.2  0.2		4.1705503158		-1.0
	4290.00000000	2.83222		-2.65263  0.2  0.2		4.1705503158		-1.0
	4320.00000000	2.81916		-2.58362  0.2  0.2		4.1705503158		-1.0
	4350.00000000	3.13807		-2.31215  0.2  0.2		4.1705503158		-1.0
	4380.00000000	2.76148		-1.95059  0.2  0.2		4.1705503158		-1.0
	4410.00000000	3.11851		-1.83166  0.2  0.2		4.1705503158		-1.0
	4440.00000000	3.01383		-1.91526  0.2  0.2		4.1705503158		-1.0
	4470.00000000	2.76134		-1.86818  0.2  0.2		4.1705503158		-1.0
	4500.00000000	2.97312		-1.83322  0.2  0.2		4.1705503158		-1.0
	4530.00000000	2.77828		-1.89615  0.2  0.2		4.1705503158		-1.0
	4560.00000000	3.23982		-2.03133  0.2  0.2		4.1705503158		-1.0
	4590.00000000	3.08844		-2.01193  0.2  0.2		4.1705503158		-1.0
	4620.00000000	2.97442		-2.18866  0.2  0.2		4.1705503158		-1.0
	4650.00000000	3.1354		-2.35778  0.2  0.2		4.1705503158		-1.0
	4680.00000000	2.77472		-2.11848  0.2  0.2		4.1705503158		-1.0
	4710.00000000	2.8756		-2.12857  0.2  0.2		4.1705503158		-1.0
	4740.00000000	2.95734		-2.38633  0.2  0.2		4.1705503158		-1.0
	4770.00000000	2.95917		-2.33169  0.2  0.2		4.1705503158		-1.0
	4800.00000000	3.15632		-2.27883  0.2  0.2		4.1705503158		-1.0
	4830.00000000	3.12047		-2.48747  0.2  0.2		4.1705503158		-1.0
	4860.00000000	3.08358		-2.70851  0.2  0.2		4.1705503158		-1.0
	4890.00000000	3.07885		-2.88476  0.2  0.2		4.1705503158		-1.0
	4920.00000000	3.17187		-2.98805  0.2  0.2		4.1705503158		-1.0
	4950.00000000	2.7762		3.14003  0.2  0.2		4.1705503158		-1.0
	4980.00000000	2.84475		3.13266  0.2  0.2		4.1705503158		-1.0
	5010.00000000	3.16309		3.01238  0.2  0.2		4.1705503158		-1.0
	5040.00000000	2.79971		2.68384  0.2  0.2		4.1705503158		-1.0
	5070.00000000	2.96783		2.51645  0.2  0.2		4.1705503158		-1.0
	5100.00000000	2.87506		2.42424  0.2  0.2		4.1705503158		-1.0
	5130.00000000	2.88092		2.56718  0.2  0.2		4.1705503158		-1.0
	5160.00000000	2.95458		2.85733  0.2  0.2		4.1705503158		-1.0
	5190.00000000	2.94355		2.89088  0.2  0.2		4.1705503158		-1.0
	5220.00000000	2.83017		2.72499  0.2  0.2		4.1705503158		-1.0
	5250.00000000	3.24699		2.54525  0.2  0.2		4.1705503158		-1.0
	5280.00000000	2.86079		2.50707  0.2  0.2		4.1705503158		-1.0
	5310.00000000	2.85354		2.66801  0.2  0.2		4.1705503158		-1.0
	5340.00000000	2.81067		2.76951  0.2  0.2		4.1705503158		-1.0
	5370.00000000	2.87054		2.8214  0.2  0.2		4.1705503158		-1.0
	5400.00000000	3.02179		2.9044  0.2  0.2		4.1705503158		-1.0
	5430.00000000	3.12229		2.75393  0.2  0.2		4.1705503158		-1.0
	5460.00000000	3.4413		2.76  0.2  0.2		4.1705503158		-1.0
	5490.00000000	3.19792		2.78341  0.2  0.2		4.1705503158		-1.0
	5520.00000000	3.04253		2.75047  0.2  0.2		4.1705503158		-1.0
	5550.00000000	3.21303		3.01194  0.2  0.2		4.1705503158		-1.0
	5580.00000000	2.74415		-3.01409  0.2  0.2		4.1705503158		-1.0
	5610.00000000	2.79874		-3.0367  0.2  0.2		4.1705503158		-1.0
	5640.00000000	2.8761		3.12582  0.2  0.2		4.1705503158		-1.0
	5670.00000000	2.73307		2.93918  0.2  0.2		4.1705503158		-1.0
	5700.00000000	2.75437		2.67167  0.2  0.2		4.1705503158		-1.0
	5730.00000000	2.88009		2.3268  0.2  0.2		4.1705503158		-1.0
	5760.00000000	3.06812		1.94091  0.2  0.2		4.1705503158		-1.0
	5790.00000000	3.01773		1.88022  0.2  0.2		4.1705503158		-1.0
	5820.00000000	2.89173		2.13099  0.2  0.2		4.1705503158		-1.0
	5850.00000000	2.79302		2.14682  0.2  0.2		4.1705503158		-1.0
	5880.00000000	3.13884		1.9426  0.2  0.2		4.1705503158		-1.0
	5910.00000000	2.79448		1.8971  0.2  0.2		4.1705503158		-1.0
	5940.00000000	3.07269		2.12264  0.2  0.2		4.1705503158		-1.0
	5970.00000000	3.25717		2.25777  0.2  0.2		4.1705503158		-1.0
	6000.00000000	3.0591		2.22973  0.2  0.2		4.1705503158		-1.0
	6030.00000000	2.84924		2.21081  0.2  0.2		4.1705503158		-1.0
	6060.00000000	3.17302		2.28818  0.2  0.2		4.1705503158		-1.0
	6090.00000000	2.77276		2.18012  0.2  0.2		4.1705503158		-1.0
	6120.00000000	3.00403		1.93442  0.2  0.2		4.1705503158		-1.0
	6150.00000000	3.07963		1.62387  0.2  0.2		4.1705503158		-1.0
	6180.00000000	2.78033		1.61285  0.2  0.2		4.1705503158		-1.0
	6210.00000000	3.15108		1.58776  0.2  0.2		4.1705503158		-1.0
	6240.00000000	3.08823		1.69124  0.2  0.2		4.1705503158		-1.0
	6270.00000000	3.19769		1.89004  0.2  0.2		4.1705503158		-1.0
	6300.00000000	3.23323		1.85726  0.2  0.2		4.1705503158		-1.0
	6330.00000000	3.22629		1.91693  0.2  0.2		4.1705503158		-1.0
	6360.00000000	3.1548		2.34326  0.2  0.2		4.1705503158		-1.0
	6390.00000000	2.67901		2.32517  0.2  0.2		4.1705503158		-1.0
	6420.00000000	3.02749		2.21408  0.2  0.2		4.1705503158		-1.0
	6450.00000000	3.33798		2.0439  0.2  0.2		4.1705503158		-1.0
	6480.00000000	3.23825		2.03808  0.2  0.2		4.1705503158		-1.0
	6510.00000000	3.32885		1.73313  0.2  0.2		4.1705503158		-1.0
	6540.00000000	2.66487		1.61329  0.2  0.2		4.1705503158		-1.0
	6570.00000000	2.9316		1.47033  0.2  0.2		4.1705503158		-1.0
	6600.00000000	2.87472		1.55  0.2  0.2		4.1705503158		-1.0
	6630.00000000	2.72197		1.48856  0.2  0.2		4.1705503158		-1.0
	6660.00000000	3.37492		1.61561  0.2  0.2		4.1705503158		-1.0
	6690.00000000	2.6397		1.63056  0.2  0.2		4.1705503158		-1.0
	6720.00000000	2.80519		1.74156  0.2  0.2		4.1705503158		-1.0
	6750.00000000	3.30788		1.45668  0.2  0.2		4.1705503158		-1.0
	6780.00000000	2.65403		1.45057  0.2  0.2		4.1705503158		-1.0
	6810.00000000	3.23956		1.55669  0.2  0.2		4.1705503158		-1.0
	6840.00000000	2.92864		1.54452  0.2  0.2		4.1705503158		-1.0
	6870.00000000	2.74837		1.36061  0.2  0.2		4.1705503158		-1.0
	6900.00000000	2.76194		1.38903  0.2  0.2		4.1705503158		-1.0
	6930.00000000	2.69871		1.36182  0.2  0.2		4.1705503158		-1.0
	6960.00000000	2.70317		1.395  0.2  0.2		4.1705503158		-1.0
	6990.00000000	2.97813		1.34647  0.2  0.2		4.1705503158		-1.0
	7020.00000000	3.15208		1.34679  0.2  0.2		4.1705503158		-1.0
	7050.00000000	3.39185		1.35874  0.2  0.2		4.1705503158		-1.0
	7080.00000000	3.25998		1.54945  0.2  0.2		4.1705503158		-1.0
	7110.00000000	3.32889		1.53045  0.2  0.2		4.1705503158		-1.0
	7140.00000000	3.29095		1.0831  0.2  0.2		4.1705503158		-1.0
	7170.00000000	3.25555		0.76622  0.2  0.2		4.1705503158		-1.0
	7200.00000000	3.35395		0.48655  0.2  0.2		4.1705503158		-1.0
	7230.00000000	2.8574		-0.03703  0.2  0.2		4.1705503158		-1.0
	7260.00000000	2.76561		-0.82145  0.2  0.2		4.1705503158		-1.0
	7290.00000000	2.77183		-1.10362  0.2  0.2		4.1705503158		-1.0
	7320.00000000	2.77244		-1.28667  0.2  0.2		4.1705503158		-1.0
	7350.00000000	2.8824		-1.07404  0.2  0.2		4.1705503158		-1.0
	7380.00000000	3.08537		-1.11122  0.2  0.2		4.1705503158		-1.0
	7410.00000000	3.25802		-1.35446  0.2  0.2		4.1705503158		-1.0
	7440.00000000	3.33338		-1.29035  0.2  0.2		4.1705503158		-1.0
	7470.00000000	3.23847		-1.23546  0.2  0.2		4.1705503158		-1.0
	7500.00000000	3.20278		-0.96288  0.2  0.2		4.1705503158		-1.0
	7530.00000000	3.28255		-0.85066  0.2  0.2		4.1705503158		-1.0
	7560.00000000	3.25644		-0.69433  0.2  0.2		4.1705503158		-1.0
	7590.00000000	2.77602		-0.42134  0.2  0.2		4.1705503158		-1.0
	7620.00000000	3.15786		-0.36494  0.2  0.2		4.1705503158		-1.0
	7650.00000000	2.74146		-0.07248  0.2  0.2		4.1705503158		-1.0
	7680.00000000	2.79084		0.24157  0.2  0.2		4.1705503158		-1.0
	7710.00000000	2.80074		0.40675  0.2  0.2		4.1705503158		-1.0
	7740.00000000	3.04419		0.06336  0.2  0.2		4.1705503158		-1.0
	7770.00000000	2.92199		-0.23666  0.2  0.2		4.1705503158		-1.0
	7800.00000000	2.74946		-0.57992  0.2  0.2		4.1705503158		-1.0
	7830.00000000	2.74749		-0.64104  0.2  0.2		4.1705503158		-1.0
	7860.00000000	2.9151		-0.54645  0.2  0.2		4.1705503158		-1.0
	7890.00000000	2.73821		-0.4648  0.2  0.2		4.1705503158		-1.0
	7920.00000000	2.7647		-0.34027  0.2  0.2		4.1705503158		-1.0
	7950.00000000	2.71952		-0.32441  0.2  0.2		4.1705503158		-1.0
	7980.00000000	3.20301		-0.43394  0.2  0.2		4.1705503158		-1.0
	8010.00000000	3.13429		-0.29352  0.2  0.2		4.1705503158		-1.0
	8040.00000000	3.32549		-0.10448  0.2  0.2		4.1705503158		-1.0
	8070.00000000	3.29067		0.00458  0.2  0.2		4.1705503158		-1.0
	8100.00000000	2.96553		0.22894  0.2  0.2		4.1705503158		-1.0
	8130.00000000	2.77915		0.35519  0.2  0.2		4.1705503158		-1.0
	8160.00000000	2.70829		0.48219  0.2  0.2		4.1705503158		-1.0
	8190.00000000	2.70868		0.38731  0.2  0.2		4.1705503158		-1.0
	8220.00000000	3.129		0.51296  0.2  0.2		4.1705503158		-1.0
	8250.00000000	3.23433		0.76664  0.2  0.2		4.1705503158		-1.0
	8280.00000000	3.5168		1.06233  0.2  0.2		4.1705503158		-1.0
	8310.00000000	3.36216		1.11395  0.2  0.2		4.1705503158		-1.0
	8340.00000000	3.3971		0.79261  0.2  0.2		4.1705503158		-1.0
	8370.00000000	3.21818		0.81473  0.2  0.2		4.1705503158		-1.0
	8400.00000000	2.69773		0.94935  0.2  0.2		4.1705503158		-1.0
	8430.00000000	2.64969		1.00306  0.2  0.2		4.1705503158		-1.0
	8460.00000000	2.8912		0.85369  0.2  0.2		4.1705503158		-1.0
	8490.00000000	2.78554		0.89595  0.2  0.2		4.1705503158		-1.0
	8520.00000000	2.6678		1.13332  0.2  0.2		4.1705503158		-1.0
	8550.00000000	3.42978		1.06328  0.2  0.2		4.1705503158		-1.0
	8580.00000000	3.44902		1.23097  0.2  0.2		4.1705503158		-1.0
	8610.00000000	3.21087		1.25659  0.2  0.2		4.1705503158		-1.0
	8640.00000000	3.56843		1.06203  0.2  0.2		4.1705503158		-1.0
	8670.00000000	3.14029		1.26024  0.2  0.2		4.1705503158		-1.0
	8700.00000000	2.7099		1.53597  0.2  0.2		4.1705503158		-1.0
	8730.00000000	2.97577		1.74161  0.2  0.2		4.1705503158		-1.0
	8760.00000000	2.71775		1.77632  0.2  0.2		4.1705503158		-1.0
	8790.00000000	2.75389		1.99889  0.2  0.2		4.1705503158		-1.0
	8820.00000000	2.92101		1.84892  0.2  0.2		4.1705503158		-1.0
	8850.00000000	2.70618		1.83135  0.2  0.2		4.1705503158		-1.0
	8880.00000000	2.78243		2.04805  0.2  0.2		4.1705503158		-1.0
	8910.00000000	2.77816		2.08167  0.2  0.2		4.1705503158		-1.0
	8940.00000000	2.85094		2.24646  0.2  0.2		4.1705503158		-1.0
	8970.00000000	2.81138		2.58756  0.2  0.2		4.1705503158		-1.0
	9000.00000000	2.75128		2.79461  0.2  0.2		4.1705503158		-1.0
	9030.00000000	2.87518		2.83493  0.2  0.2		4.1705503158		-1.0
	9060.00000000	3.31623		2.97335  0.2  0.2		4.1705503158		-1.0
	9090.00000000	3.12619		2.95225  0.2  0.2		4.1705503158		-1.0
	9120.00000000	3.04866		2.82516  0.2  0.2		4.1705503158		-1.0
	9150.00000000	3.43852		2.54528  0.2  0.2		4.1705503158		-1.0
	9180.00000000	3.1483		2.55618  0.2  0.2		4.1705503158		-1.0
	9210.00000000	3.12899		2.37008  0.2  0.2		4.1705503158		-1.0
	9240.00000000	2.64408		2.4254  0.2  0.2		4.1705503158		-1.0
	9270.00000000	2.71176		2.46197  0.2  0.2		4.1705503158		-1.0
	9300.00000000	2.69995		2.40799  0.2  0.2		4.1705503158		-1.0
	9330.00000000	2.77072		2.41473  0.2  0.2		4.1705503158		-1.0
	9360.00000000	3.14526		2.21798  0.2  0.2		4.1705503158		-1.0
	9390.00000000	3.32254		2.04636  0.2  0.2		4.1705503158		-1.0
	9420.00000000	3.61377		1.84403  0.2  0.2		4.1705503158		-1.0
	9450.00000000	3.39272		1.66245  0.2  0.2		4.1705503158		-1.0
	9480.00000000	3.39463		1.61839  0.2  0.2		4.1705503158		-1.0
	9510.00000000	3.57453		1.57081  0.2  0.2		4.1705503158		-1.0
	9540.00000000	3.52809		1.47509  0.2  0.2		4.1705503158		-1.0
	9570.00000000	3.69051		1.42224  0.2  0.2		4.1705503158		-1.0
	9600.00000000	3.4138		1.25101  0.2  0.2		4.1705503158		-1.0
	9630.00000000	3.13473		1.05001  0.2  0.2		4.1705503158		-1.0
	9660.00000000	2.82024		1.13629  0.2  0.2		4.1705503158		-1.0
	9690.00000000	2.65767		1.12745  0.2  0.2		4.1705503158		-1.0
	9720.00000000	2.64203		1.04597  0.2  0.2		4.1705503158		-1.0
	9750.00000000	2.79066		1.08479  0.2  0.2		4.1705503158		-1.0
	9780.00000000	3.54574		1.06322  0.2  0.2		4.1705503158		-1.0
	9810.00000000	3.46937		1.01827  0.2  0.2		4.1705503158		-1.0
	9840.00000000	3.3224		0.72672  0.2  0.2		4.1705503158		-1.0
	9870.00000000	3.32772		0.58151  0.2  0.2		4.1705503158		-1.0
	9900.00000000	3.33047		0.27339  0.2  0.2		4.1705503158		-1.0
	9930.00000000	3.19428		-0.11478  0.2  0.2		4.1705503158		-1.0
	9960.00000000	3.33524		-0.18383  0.2  0.2		4.1705503158		-1.0
	9990.00000000	3.15881		0.15059  0.2  0.2		4.1705503158		-1.0
	10020.00000000	3.54628		0.53492  0.2  0.2		4.1705503158		-1.0
	10050.00000000	3.38651		0.33706  0.2  0.2		4.1705503158		-1.0
	10080.00000000	3.20945		0.0187  0.2  0.2		4.1705503158		-1.0
	10110.00000000	3.23642		0.06772  0.2  0.2		4.1705503158		-1.0
	10140.00000000	3.43604		0.25505  0.2  0.2		4.1705503158		-1.0
	10170.00000000	2.99035		0.12575  0.2  0.2		4.1705503158		-1.0
	10200.00000000	3.02007		0.09499  0.2  0.2		4.1705503158		-1.0
	10230.00000000	2.80282		0.01272  0.2  0.2		4.1705503158		-1.0
	10260.00000000	2.72967		-0.09649  0.2  0.2		4.1705503158		-1.0
	10290.00000000	2.75746		-0.31332  0.2  0.2		4.1705503158		-1.0
	10320.00000000	2.80827		-0.55808  0.2  0.2		4.1705503158		-1.0
	10350.00000000	3.40883		-0.72623  0.2  0.2		4.1705503158		-1.0
	10380.00000000	2.85214		-0.97096  0.2  0.2		4.1705503158		-1.0
	10410.00000000	2.84445		-1.58556  0.2  0.2		4.1705503158		-1.0
	10440.00000000	2.8026		-1.54588  0.2  0.2		4.1705503158		-1.0
	10470.00000000	2.6914		-1.30738  0.2  0.2		4.1705503158		-1.0
	10500.00000000	2.65926		-1.00557  0.2  0.2		4.1705503158		-1.0
	10530.00000000	2.77292		-0.94666  0.2  0.2		4.1705503158		-1.0
	10560.00000000	3.38307		-1.04234  0.2  0.2		4.1705503158		-1.0
	10590.00000000	3.18797		-1.03416  0.2  0.2		4.1705503158		-1.0
	10620.00000000	3.205		-0.93853  0.2  0.2		4.1705503158		-1.0
	10650.00000000	3.10531		-1.06575  0.2  0.2		4.1705503158		-1.0
	10680.00000000	2.78604		-1.04893  0.2  0.2		4.1705503158		-1.0
	10710.00000000	2.58871		-1.15734  0.2  0.2		4.1705503158		-1.0
	10740.00000000	2.62589		-1.31589  0.2  0.2		4.1705503158		-1.0
	10770.00000000	2.67028		-1.43942  0.2  0.2		4.1705503158		-1.0
	10800.00000000	2.74764		-1.47202  0.2  0.2		4.1705503158		-1.0
	10830.00000001	2.72655		-1.65782  0.2  0.2		4.1705503158		-1.0
	10860.00000001	3.00394		-2.04778  0.2  0.2		4.1705503158		-1.0
	10890.00000001	2.89302		-2.21373  0.2  0.2		4.1705503158		-1.0
	10920.00000001	2.8602		-2.08686  0.2  0.2		4.1705503158		-1.0
	10950.00000001	2.75726		-1.91705  0.2  0.2		4.1705503158		-1.0
	10980.00000001	2.67752		-1.81914  0.2  0.2		4.1705503158		-1.0
	11010.00000001	3.36093		-1.87359  0.2  0.2		4.1705503158		-1.0
	11040.00000001	3.15822		-1.76032  0.2  0.2		4.1705503158		-1.0
	11070.00000001	3.08145		-1.62699  0.2  0.2		4.1705503158		-1.0
	11100.00000001	3.36087		-1.84911  0.2  0.2		4.1705503158		-1.0
	11130.00000001	2.61727		-2.43254  0.2  0.2		4.1705503158		-1.0
	11160.00000001	2.72144		-2.75309  0.2  0.2		4.1705503158		-1.0
	11190.00000001	2.81992		-2.70869  0.2  0.2		4.1705503158		-1.0
	11220.00000001	2.7163		-2.50443  0.2  0.2		4.1705503158		-1.0
	11250.00000001	2.70358		-2.16214  0.2  0.2		4.1705503158		-1.0
	11280.00000001	2.64173		-1.90569  0.2  0.2		4.1705503158		-1.0
	11310.00000001	2.71976		-1.95934  0.2  0.2		4.1705503158		-1.0
	11340.00000001	3.43288		-2.05642  0.2  0.2		4.1705503158		-1.0
	11370.00000001	2.61128		-2.2115  0.2  0.2		4.1705503158		-1.0
	11400.00000001	3.42519		-2.2316  0.2  0.2		4.1705503158		-1.0
	11430.00000001	2.8444		-2.54944  0.2  0.2		4.1705503158		-1.0
	11460.00000001	2.82021		-2.55483  0.2  0.2		4.1705503158		-1.0
	11490.00000001	2.91187		-2.49051  0.2  0.2		4.1705503158		-1.0
	11520.00000001	3.26792		-2.52504  0.2  0.2		4.1705503158		-1.0
	11550.00000001	3.35158		-2.79101  0.2  0.2		4.1705503158		-1.0
	11580.00000001	3.26755		-2.84015  0.2  0.2		4.1705503158		-1.0
	11610.00000001	2.63557		-3.02295  0.2  0.2		4.1705503158		-1.0
	11640.00000001	2.69691		-2.76163  0.2  0.2		4.1705503158		-1.0
	11670.00000001	2.76182		-2.31092  0.2  0.2		4.1705503158		-1.0
	11700.00000001	2.70203		-2.17525  0.2  0.2		4.1705503158		-1.0
	11730.00000001	3.11195		-2.18631  0.2  0.2		4.1705503158		-1.0
	11760.00000001	3.1255		-2.21925  0.2  0.2		4.1705503158		-1.0
	11790.00000001	3.43238		-2.00482  0.2  0.2		4.1705503158		-1.0
	11820.00000001	3.34358		-1.9323  0.2  0.2		4.1705503158		-1.0
	11850.00000001	3.10821		-1.84839  0.2  0.2		4.1705503158		-1.0
	11880.00000001	2.62031		-1.78051  0.2  0.2		4.1705503158		-1.0
	11910.00000001	3.12814		-1.91293  0.2  0.2		4.1705503158		-1.0
	11940.00000001	3.17525		-1.80574  0.2  0.2		4.1705503158		-1.0
	11970.00000001	3.53554		-1.64525  0.2  0.2		4.1705503158		-1.0
	12000.00000001	3.30927		-1.57982  0.2  0.2		4.1705503158		-1.0
	12030.00000001	3.05284		-1.6916  0.2  0.2		4.1705503158		-1.0
	12060.00000001	2.82052		-1.53132  0.2  0.2		4.1705503158		-1.0
	12090.00000001	2.6816		-1.56843  0.2  0.2		4.1705503158		-1.0
	12120.00000001	2.59063		-1.3228  0.2  0.2		4.1705503158		-1.0
	12150.00000001	3.24192		-1.1797  0.2  0.2		4.1705503158		-1.0
	12180.00000001	3.10067		-1.17441  0.2  0.2		4.1705503158		-1.0
	12210.00000001	2.99794		-1.17754  0.2  0.2		4.1705503158		-1.0
	12240.00000001	3.31061		-0.8104  0.2  0.2		4.1705503158		-1.0
	12270.00000001	3.26824		-0.4658  0.2  0.2		4.1705503158		-1.0
	12300.00000001	3.08202		-0.32916  0.2  0.2		4.1705503158		-1.0
	12330.00000001	2.82732		-0.71093  0.2  0.2		4.1705503158		-1.0
	12360.00000001	2.6227		-1.02237  0.2  0.2		4.1705503158		-1.0
	12390.00000001	2.63288		-0.93353  0.2  0.2		4.1705503158		-1.0
	12420.00000001	2.78641		-0.57307  0.2  0.2		4.1705503158		-1.0
	12450.00000001	2.6654		-0.39155  0.2  0.2		4.1705503158		-1.0
	12480.00000001	2.57444		-0.35328  0.2  0.2		4.1705503158		-1.0
	12510.00000001	3.36597		-0.36874  0.2  0.2		4.1705503158		-1.0
	12540.00000001	3.17875		-0.28749  0.2  0.2		4.1705503158		-1.0
	12570.00000001	3.47814		-0.6954  0.2  0.2		4.1705503158		-1.0
	12600.00000001	3.12455		-0.92207  0.2  0.2		4.1705503158		-1.0
	12630.00000001	3.17632		-0.81374  0.2  0.2		4.1705503158		-1.0
	12660.00000001	3.15746		-0.31322  0.2  0.2		4.1705503158		-1.0
	12690.00000001	3.45129		-0.23102  0.2  0.2		4.1705503158		-1.0
	12720.00000001	3.47379		0.23067  0.2  0.2		4.1705503158		-1.0
	12750.00000001	3.22164		0.56979  0.2  0.2		4.1705503158		-1.0
	12780.00000001	3.09998		0.82073  0.2  0.2		4.1705503158		-1.0
	12810.00000001	2.624		0.73443  0.2  0.2		4.1705503158		-1.0
	12840.00000001	2.71999		0.39058  0.2  0.2		4.1705503158		-1.0
	12870.00000001	2.64911		0.19464  0.2  0.2		4.1705503158		-1.0
	12900.00000001	2.78841		0.41677  0.2  0.2		4.1705503158		-1.0
	12930.00000001	2.80508		0.39771  0.2  0.2		4.1705503158		-1.0
	12960.00000001	2.66733		0.21704  0.2  0.2		4.1705503158		-1.0
	12990.00000001	2.66669		-0.03333  0.2  0.2		4.1705503158		-1.0
	13020.00000001	2.75441		-0.3185  0.2  0.2		4.1705503158		-1.0
	13050.00000001	2.80453		-0.17387  0.2  0.2		4.1705503158		-1.0
	13080.00000001	3.19989		-0.13942  0.2  0.2		4.1705503158		-1.0
	13110.00000001	3.44748		-0.22021  0.2  0.2		4.1705503158		-1.0
	13140.00000001	3.55038		-0.39949  0.2  0.2		4.1705503158		-1.0
	13170.00000001	3.4254		-0.63015  0.2  0.2		4.1705503158		-1.0
