	30.00000000	2.92586		1.50869  0.2  0.2		4.1705503158		-1.0
	60.00000000	2.85558		1.44115  0.2  0.2		4.1705503158		-1.0
	90.00000000	2.87076		1.15354  0.2  0.2		4.1705503158		-1.0
	120.00000000	2.90687		1.03939  0.2  0.2		4.1705503158		-1.0
	150.00000000	2.93813		0.88  0.2  0.2		4.1705503158		-1.0
	180.00000000	2.86582		0.82854  0.2  0.2		4.1705503158		-1.0
	210.00000000	2.9381		1.0008  0.2  0.2		4.1705503158		-1.0
	240.00000000	3.07889		1.1991  0.2  0.2		4.1705503158		-1.0
	270.00000000	2.84408		1.46622  0.2  0.2		4.1705503158		-1.0
	300.00000000	3.02864		1.49749  0.2  0.2		4.1705503158		-1.0
	330.00000000	3.02569		1.76917  0.2  0.2		4.1705503158		-1.0
	360.00000000	2.90014		1.80864  0.2  0.2		4.1705503158		-1.0
	390.00000000	3.10035		1.51308  0.2  0.2		4.1705503158		-1.0
	420.00000000	2.88952		1.15429  0.2  0.2		4.1705503158		-1.0
	450.00000000	2.75258		1.19657  0.2  0.2		4.1705503158		-1.0
	480.00000000	3.15523		1.41746  0.2  0.2		4.1705503158		-1.0
	510.00000000	2.83693		1.22817  0.2  0.2		4.1705503158		-1.0
	540.00000000	3.04872		1.05563  0.2  0.2		4.1705503158		-1.0
	570.00000000	2.92274		0.84389  0.2  0.2		4.1705503158		-1.0
	600.00000000	2.82753		0.48542  0.2  0.2		4.1705503158		-1.0
	630.00000000	3.05928		0.12272  0.2  0.2		4.1705503158		-1.0
	660.00000000	3.04539		-0.05642  0.2  0.2		4.1705503158		-1.0
	690.00000000	2.97236		-0.32128  0.2  0.2		4.1705503158		-1.0
	720.00000000	2.95588		-0.63923  0.2  0.2		4.1705503158		-1.0
	750.00000000	2.94212		-0.95955  0.2  0.2		4.1705503158		-1.0
	780.00000000	2.93739		-1.32413  0.2  0.2		4.1705503158		-1.0
	810.00000000	3.04141		-1.37541  0.2  0.2		4.1705503158		-1.0
	840.00000000	2.99336		-1.25618  0.2  0.2		4.1705503158		-1.0
	870.00000000	2.81755		-1.22038  0.2  0.2		4.1705503158		-1.0
	900.00000000	2.87326		-1.04197  0.2  0.2		4.1705503158		-1.0
	930.00000000	3.03734		-1.12815  0.2  0.2		4.1705503158		-1.0
	960.00000000	2.9291		-1.54854  0.2  0.2		4.1705503158		-1.0
	990.00000000	2.92552		-1.64471  0.2  0.2		4.1705503158		-1.0
	1020.00000000	2.99521		-1.73597  0.2  0.2		4.1705503158		-1.0
	1050.00000000	2.99302		-1.90073  0.2  0.2		4.1705503158		-1.0
	1080.00000000	2.90306		-1.88916  0.2  0.2		4.1705503158		-1.0
	1110.00000000	2.79366		-1.89927  0.2  0.2		4.1705503158		-1.0
	1140.00000000	2.86947		-2.111  0.2  0.2		4.1705503158		-1.0
	1170.00000000	2.96404		-2.442  0.2  0.2		4.1705503158		-1.0
	1200.00000000	2.99592		-2.55365  0.2  0.2		4.1705503158		-1.0
	1230.00000000	2.95174		-2.76734  0.2  0.2		4.1705503158		-1.0
	1260.00000000	2.91015		-2.72979  0.2  0.2		4.1705503158		-1.0
	1290.00000000	2.81408		-2.88646  0.2  0.2		4.1705503158		-1.0
	1320.00000000	2.75497		-3.08646  0.2  0.2		4.1705503158		-1.0
	1350.00000000	3.02882		-2.96113  0.2  0.2		4.1705503158		-1.0
	1380.00000000	3.07149		-3.08286  0.2  0.2		4.1705503158		-1.0
	1410.00000000	2.95341		2.86747  0.2  0.2		4.1705503158		-1.0
	1440.00000000	2.87321		2.85934  0.2  0.2		4.1705503158		-1.0
	1470.00000000	2.75369		2.94422  0.2  0.2		4.1705503158		-1.0
	1500.00000000	2.92185		3.13968  0.2  0.2		4.1705503158		-1.0
	1530.00000000	3.0841		3.13648  0.2  0.2		4.1705503158		-1.0
	1560.00000000	2.84243		-3.01777  0.2  0.2		4.1705503158		-1.0
	1590.00000000	2.92256		-3.05774  0.2  0.2		4.1705503158		-1.0
	1620.00000000	3.16532		-3.1249  0.2  0.2		4.1705503158		-1.0
	1650.00000000	2.82561		2.86845  0.2  0.2		4.1705503158		-1.0
	1680.00000000	3.08338		2.68341  0.2  0.2		4.1705503158		-1.0
	1710.00000000	2.95951		2.66606  0.2  0.2		4.1705503158		-1.0
	1740.00000000	2.81435		2.754  0.2  0.2		4.1705503158		-1.0
	1770.00000000	3.12429		2.67218  0.2  0.2		4.1705503158		-1.0
	1800.00000000	2.83274		2.55408  0.2  0.2		4.1705503158		-1.0
	1830.00000000	2.8879		2.38216  0.2  0.2		4.1705503158		-1.0
	1860.00000000	3.10481		2.31887  0.2  0.2		4.1705503158		-1.0
	1890.00000000	3.02448		2.29047  0.2  0.2		4.1705503158		-1.0
	1920.00000000	2.79083		2.21897  0.2  0.2		4.1705503158		-1.0
	1950.00000000	2.8503		2.0345  0.2  0.2		4.1705503158		-1.0
	1980.00000000	2.99726		1.83912  0.2  0.2		4.1705503158		-1.0
	2010.00000000	2.92048		1.86209  0.2  0.2		4.1705503158		-1.0
	2040.00000000	2.87612		2.23561  0.2  0.2		4.1705503158		-1.0
	2070.00000000	2.98233		2.35756  0.2  0.2		4.1705503158		-1.0
	2100.00000000	3.11318		2.28655  0.2  0.2		4.1705503158		-1.0
	2130.00000000	2.7105		2.15075  0.2  0.2		4.1705503158		-1.0
	2160.00000000	2.81127		2.03894  0.2  0.2		4.1705503158		-1.0
	2190.00000000	2.8409		1.91229  0.2  0.2		4.1705503158		-1.0
	2220.00000000	2.80877		1.75265  0.2  0.2		4.1705503158		-1.0
	2250.00000000	2.94033		1.65079  0.2  0.2		4.1705503158		-1.0
	2280.00000000	2.79583		1.71645  0.2  0.2		4.1705503158		-1.0
	2310.00000000	3.02684		1.80758  0.2  0.2		4.1705503158		-1.0
	2340.00000000	3.02015		2.02161  0.2  0.2		4.1705503158		-1.0
	2370.00000000	2.87465		2.17873  0.2  0.2		4.1705503158		-1.0
	2400.00000000	3.21257		2.21311  0.2  0.2		4.1705503158		-1.0
	2430.00000000	2.71284		2.30498  0.2  0.2		4.1705503158		-1.0
	2460.00000000	3.3229		2.3722  0.2  0.2		4.1705503158		-1.0
	2490.00000000	2.71398		2.55882  0.2  0.2		4.1705503158		-1.0
	2520.00000000	2.7473		2.50549  0.2  0.2		4.1705503158		-1.0
	2550.00000000	3.03906		2.54387  0.2  0.2		4.1705503158		-1.0
	2580.00000000	2.81157		2.85348  0.2  0.2		4.1705503158		-1.0
	2610.00000000	3.01446		2.9735  0.2  0.2		4.1705503158		-1.0
	2640.00000000	3.02024		2.70107  0.2  0.2		4.1705503158		-1.0
	2670.00000000	2.85656		2.3868  0.2  0.2		4.1705503158		-1.0
	2700.00000000	3.15845		2.1042  0.2  0.2		4.1705503158		-1.0
	2730.00000000	3.02811		1.97412  0.2  0.2		4.1705503158		-1.0
	2760.00000000	2.95601		2.14358  0.2  0.2		4.1705503158		-1.0
	2790.00000000	2.82511		2.27073  0.2  0.2		4.1705503158		-1.0
	2820.00000000	3.01546		2.23675  0.2  0.2		4.1705503158		-1.0
	2850.00000000	3.06139		2.40455  0.2  0.2		4.1705503158		-1.0
	2880.00000000	3.07771		2.75504  0.2  0.2		4.1705503158		-1.0
	2910.00000000	2.8021		2.93107  0.2  0.2		4.1705503158		-1.0
	2940.00000000	3.22216		3.05807  0.2  0.2		4.1705503158		-1.0
	2970.00000000	2.86791		-3.0733  0.2  0.2		4.1705503158		-1.0
	3000.00000000	3.07446		-2.84671  0.2  0.2		4.1705503158		-1.0
	3030.00000000	2.73659		-2.69953  0.2  0.2		4.1705503158		-1.0
	3060.00000000	2.85207		-2.36852  0.2  0.2		4.1705503158		-1.0
	3090.00000000	2.91782		-2.34737  0.2  0.2		4.1705503158		-1.0
	3120.00000000	2.89693		-2.53094  0.2  0.2		4.1705503158		-1.0
	3150.00000000	2.89821		-2.6174  0.2  0.2		4.1705503158		-1.0
	3180.00000000	2.92962		-2.38992  0.2  0.2		4.1705503158		-1.0
	3210.00000000	2.87452		-2.42603  0.2  0.2		4.1705503158		-1.0
	3240.00000000	2.80678		-2.53624  0.2  0.2		4.1705503158		-1.0
	3270.00000000	3.05679		-2.48141  0.2  0.2		4.1705503158		-1.0
	3300.00000000	3.11254		-2.46747  0.2  0.2		4.1705503158		-1.0
	3330.00000000	3.16383		-2.68757  0.2  0.2		4.1705503158		-1.0
	3360.00000000	2.73851		-2.68735  0.2  0.2		4.1705503158		-1.0
	3390.00000000	2.69407		-2.61548  0.2  0.2		4.1705503158		-1.0
	3420.00000000	2.86983		-2.70619  0.2  0.2		4.1705503158		-1.0
	3450.00000000	2.97927		-2.83847  0.2  0.2		4.1705503158		-1.0
	3480.00000000	3.16292		-2.88349  0.2  0.2		4.1705503158		-1.0
	3510.00000000	2.8523		-2.92142  0.2  0.2		4.1705503158		-1.0
	3540.00000000	2.72269		3.06874  0.2  0.2		4.1705503158		-1.0
	3570.00000000	3.05476		3.06664  0.2  0.2		4.1705503158		-1.0
	3600.00000000	3.17551		2.77045  0.2  0.2		4.1705503158		-1.0
	3630.00000000	3.09595		2.80786  0.2  0.2		4.1705503158		-1.0
	3660.00000000	2.93903		2.8329  0.2  0.2		4.1705503158		-1.0
	3690.00000000	2.88213		2.84019  0.2  0.2		4.1705503158		-1.0
	3720.00000000	2.79136		2.91191  0.2  0.2		4.1705503158		-1.0
	3750.00000000	3.33787		3.01586  0.2  0.2		4.1705503158		-1.0
	3780.00000000	3.3463		3.01133  0.2  0.2		4.1705503158		-1.0
	3810.00000000	3.24022		3.03258  0.2  0.2		4.1705503158		-1.0
	3840.00000000	3.2151		2.88363  0.2  0.2		4.1705503158		-1.0
	3870.00000000	3.39462		2.56401  0.2  0.2		4.1705503158		-1.0
	3900.00000000	2.66635		2.46776  0.2  0.2		4.1705503158		-1.0
	3930.00000000	2.8571		2.62876  0.2  0.2		4.1705503158		-1.0
	3960.00000000	2.76649		2.85196  0.2  0.2		4.1705503158		-1.0
	3990.00000000	3.00091		2.97354  0.2  0.2		4.1705503158		-1.0
	4020.00000000	3.29348		3.01785  0.2  0.2		4.1705503158		-1.0
	4050.00000000	3.15529		-2.92461  0.2  0.2		4.1705503158		-1.0
	4080.00000000	3.35574		-2.69984  0.2  0.2		4.1705503158		-1.0
	4110.00000000	3.32148		-2.64988  0.2  0.2		4.1705503158		-1.0
	4140.00000000	3.08798		-2.71016  0.2  0.2		4.1705503158		-1.0
	4170.00000000	2.84896		-2.91382  0.2  0.2		4.1705503158		-1.0
	4200.00000000	3.35309		-2.8629  0.2  0.2		4.1705503158		-1.0
	4230.00000000	3.32802		-2.80465  0.2  0.2		4.1705503158		-1.0
	4260.00000000	3.4249		-2.81915  0.2  0.2		4.1705503158		-1.0
	4290.00000000	3.19186		-2.7711  0.2  0.2		4.1705503158		-1.0
	4320.00000000	3.09187		-2.92541  0.2  0.2		4.1705503158		-1.0
	4350.00000000	2.81467		-2.95698  0.2  0.2		4.1705503158		-1.0
	4380.00000000	2.68623		-3.0232  0.2  0.2		4.1705503158		-1.0
	4410.00000000	2.67635		2.97677  0.2  0.2		4.1705503158		-1.0
	4440.00000000	2.68627		2.89421  0.2  0.2		4.1705503158		-1.0
	4470.00000000	2.79993		2.64223  0.2  0.2		4.1705503158		-1.0
	4500.00000000	2.70551		2.77605  0.2  0.2		4.1705503158		-1.0
	4530.00000000	2.75038		2.69005  0.2  0.2		4.1705503158		-1.0
	4560.00000000	3.5988		2.58434  0.2  0.2		4.1705503158		-1.0
	4590.00000000	3.09335		2.48058  0.2  0.2		4.1705503158		-1.0
	4620.00000000	3.3467		2.66526  0.2  0.2		4.1705503158		-1.0
	4650.00000000	3.48287		2.40206  0.2  0.2		4.1705503158		-1.0
	4680.00000000	3.31761		2.16587  0.2  0.2		4.1705503158		-1.0
	4710.00000000	3.29083		2.09705  0.2  0.2		4.1705503158		-1.0
	4740.00000000	3.17241		1.8454  0.2  0.2		4.1705503158		-1.0
	4770.00000000	3.36049		1.96387  0.2  0.2		4.1705503158		-1.0
	4800.00000000	3.13907		1.92968  0.2  0.2		4.1705503158		-1.0
	4830.00000000	3.12023		1.68093  0.2  0.2		4.1705503158		-1.0
	4860.00000000	2.96081		1.32335  0.2  0.2		4.1705503158		-1.0
	4890.00000000	2.90203		1.07853  0.2  0.2		4.1705503158		-1.0
	4920.00000000	2.98384		0.81572  0.2  0.2		4.1705503158		-1.0
	4950.00000000	2.91443		0.55398  0.2  0.2		4.1705503158		-1.0
	4980.00000000	3.0301		0.53885  0.2  0.2		4.1705503158		-1.0
	5010.00000000	2.8865		0.39086  0.2  0.2		4.1705503158		-1.0
	5040.00000000	2.88007		0.24711  0.2  0.2		4.1705503158		-1.0
	5070.00000000	2.90296		0.21671  0.2  0.2		4.1705503158		-1.0
	5100.00000000	3.00219		0.25468  0.2  0.2		4.1705503158		-1.0
	5130.00000000	2.94047		0.55844  0.2  0.2		4.1705503158		-1.0
	5160.00000000	2.79528		0.86405  0.2  0.2		4.1705503158		-1.0
	5190.00000000	2.90866		0.81976  0.2  0.2		4.1705503158		-1.0
	5220.00000000	3.16406		0.50716  0.2  0.2		4.1705503158		-1.0
	5250.00000000	3.06973		0.56669  0.2  0.2		4.1705503158		-1.0
	5280.00000000	3.36398		0.87855  0.2  0.2		4.1705503158		-1.0
	5310.00000000	3.09075		1.13207  0.2  0.2		4.1705503158		-1.0
	5340.00000000	3.23612		0.9793  0.2  0.2		4.1705503158		-1.0
	5370.00000000	3.08808		0.60175  0.2  0.2		4.1705503158		-1.0
	5400.00000000	3.17309		0.34142  0.2  0.2		4.1705503158		-1.0
	5430.00000000	2.95573		-0.05439  0.2  0.2		4.1705503158		-1.0
	5460.00000000	2.89595		-0.51942  0.2  0.2		4.1705503158		-1.0
	5490.00000000	2.91506		-0.83361  0.2  0.2		4.1705503158		-1.0
	5520.00000000	2.9265		-0.65676  0.2  0.2		4.1705503158		-1.0
	5550.00000000	2.9862		-0.7199  0.2  0.2		4.1705503158		-1.0
	5580.00000000	2.89102		-1.02498  0.2  0.2		4.1705503158		-1.0
	5610.00000000	2.91211		-0.93892  0.2  0.2		4.1705503158		-1.0
	5640.00000000	2.8444		-0.73017  0.2  0.2		4.1705503158		-1.0
	5670.00000000	2.91007		-0.30007  0.2  0.2		4.1705503158		-1.0
	5700.00000000	2.98077		-0.05462  0.2  0.2		4.1705503158		-1.0
	5730.00000000	2.95167		-0.26355  0.2  0.2		4.1705503158		-1.0
	5760.00000000	2.86975		-0.58366  0.2  0.2		4.1705503158		-1.0
	5790.00000000	2.79978		-0.88162  0.2  0.2		4.1705503158		-1.0
	5820.00000000	2.74653		-1.07454  0.2  0.2		4.1705503158		-1.0
	5850.00000000	3.18977		-1.03274  0.2  0.2		4.1705503158		-1.0
	5880.00000000	3.12766		-0.96292  0.2  0.2		4.1705503158		-1.0
	5910.00000000	3.13403		-0.58339  0.2  0.2		4.1705503158		-1.0
	5940.00000000	2.97733		-0.27972  0.2  0.2		4.1705503158		-1.0
	5970.00000000	2.88941		-0.20898  0.2  0.2		4.1705503158		-1.0
	6000.00000000	2.75728		-0.33526  0.2  0.2		4.1705503158		-1.0
	6030.00000000	3.17274		-0.39732  0.2  0.2		4.1705503158		-1.0
	6060.00000000	3.11555		-0.56674  0.2  0.2		4.1705503158		-1.0
	6090.00000000	3.19219		-0.6997  0.2  0.2		4.1705503158		-1.0
	6120.00000000	2.67433		-0.77979  0.2  0.2		4.1705503158		-1.0
	6150.00000000	3.13819		-0.76659  0.2  0.2		4.1705503158		-1.0
	6180.00000000	2.87974		-0.89309  0.2  0.2		4.1705503158		-1.0
	6210.00000000	2.94592		-1.30003  0.2  0.2		4.1705503158		-1.0
	6240.00000000	2.82241		-1.651  0.2  0.2		4.1705503158		-1.0
	6270.00000000	3.13128		-1.47146  0.2  0.2		4.1705503158		-1.0
	6300.00000000	2.81282		-1.43888  0.2  0.2		4.1705503158		-1.0
	6330.00000000	2.81857		-1.60744  0.2  0.2		4.1705503158		-1.0
	6360.00000000	3.05667		-1.81733  0.2  0.2		4.1705503158		-1.0
	6390.00000000	2.70263		-1.88459  0.2  0.2		4.1705503158		-1.0
	6420.00000000	3.0681		-1.80128  0.2  0.2		4.1705503158		-1.0
	6450.00000000	2.84534		-1.87436  0.2  0.2		4.1705503158		-1.0
	6480.00000000	3.00129		-2.05582  0.2  0.2		4.1705503158		-1.0
	6510.00000000	3.08645		-2.06574  0.2  0.2		4.1705503158		-1.0
	6540.00000000	2.86025		-2.02443  0.2  0.2		4.1705503158		-1.0
	6570.00000000	2.92049		-2.084  0.2  0.2		4.1705503158		-1.0
	6600.00000000	2.93313		-2.11797  0.2  0.2		4.1705503158		-1.0
	6630.00000000	2.80627		-2.11912  0.2  0.2		4.1705503158		-1.0
	6660.00000000	3.30025		-2.05544  0.2  0.2		4.1705503158		-1.0
	6690.00000000	2.69326		-2.15511  0.2  0.2		4.1705503158		-1.0
	6720.00000000	2.74933		-1.96271  0.2  0.2		4.1705503158		-1.0
	6750.00000000	2.89494		-1.80546  0.2  0.2		4.1705503158		-1.0
	6780.00000000	2.67542		-1.49596  0.2  0.2		4.1705503158		-1.0
	6810.00000000	3.21397		-1.25857  0.2  0.2		4.1705503158		-1.0
	6840.00000000	2.9956		-1.33946  0.2  0.2		4.1705503158		-1.0
	6870.00000000	2.71634		-1.33782  0.2  0.2		4.1705503158		-1.0
	6900.00000000	2.85868		-1.38845  0.2  0.2		4.1705503158		-1.0
	6930.00000000	2.82896		-1.28527  0.2  0.2		4.1705503158		-1.0
	6960.00000000	2.85817		-1.22852  0.2  0.2		4.1705503158		-1.0
	6990.00000000	3.11875		-0.926  0.2  0.2		4.1705503158		-1.0
	7020.00000000	2.72378		-0.56319  0.2  0.2		4.1705503158		-1.0
	7050.00000000	2.87769		-0.21367  0.2  0.2		4.1705503158		-1.0
	7080.00000000	2.97804		-0.15978  0.2  0.2		4.1705503158		-1.0
	7110.00000000	2.73953		0.2116  0.2  0.2		4.1705503158		-1.0
	7140.00000000	2.74368		0.71075  0.2  0.2		4.1705503158		-1.0
	7170.00000000	2.72562		0.94913  0.2  0.2		4.1705503158		-1.0
	7200.00000000	2.7728		0.96405  0.2  0.2		4.1705503158		-1.0
	7230.00000000	3.28327		1.10776  0.2  0.2		4.1705503158		-1.0
	7260.00000000	3.06172		1.40452  0.2  0.2		4.1705503158		-1.0
	7290.00000000	2.96109		1.36787  0.2  0.2		4.1705503158		-1.0
	7320.00000000	2.85348		1.33308  0.2  0.2		4.1705503158		-1.0
	7350.00000000	2.71476		1.34852  0.2  0.2		4.1705503158		-1.0
	7380.00000000	3.28421		1.16317  0.2  0.2		4.1705503158		-1.0
	7410.00000000	3.09461		1.03317  0.2  0.2		4.1705503158		-1.0
	7440.00000000	3.44785		1.0341  0.2  0.2		4.1705503158		-1.0
	7470.00000000	3.17234		1.33222  0.2  0.2		4.1705503158		-1.0
	7500.00000000	3.35983		1.54847  0.2  0.2		4.1705503158		-1.0
	7530.00000000	3.4274		1.54608  0.2  0.2		4.1705503158		-1.0
	7560.00000000	3.31407		1.24757  0.2  0.2		4.1705503158		-1.0
	7590.00000000	3.08673		1.09694  0.2  0.2		4.1705503158		-1.0
	7620.00000000	2.82643		1.3612  0.2  0.2		4.1705503158		-1.0
	7650.00000000	3.20205		1.22093  0.2  0.2		4.1705503158		-1.0
	7680.00000000	3.37809		1.31483  0.2  0.2		4.1705503158		-1.0
	7710.00000000	3.26073		1.63115  0.2  0.2		4.1705503158		-1.0
	7740.00000000	3.27519		1.55406  0.2  0.2		4.1705503158		-1.0
	7770.00000000	3.63834		1.28255  0.2  0.2		4.1705503158		-1.0
	7800.00000000	3.23467		1.25642  0.2  0.2		4.1705503158		-1.0
	7830.00000000	3.08147		1.02449  0.2  0.2		4.1705503158		-1.0
	7860.00000000	3.21465		0.65352  0.2  0.2		4.1705503158		-1.0
	7890.00000000	2.97094		0.43508  0.2  0.2		4.1705503158		-1.0
	7920.00000000	2.79666		0.62619  0.2  0.2		4.1705503158		-1.0
	7950.00000000	2.84653		0.56351  0.2  0.2		4.1705503158		-1.0
	7980.00000000	2.79719		0.59016  0.2  0.2		4.1705503158		-1.0
	8010.00000000	3.1251		0.66881  0.2  0.2		4.1705503158		-1.0
	8040.00000000	3.17284		0.60832  0.2  0.2		4.1705503158		-1.0
	8070.00000000	3.4491		0.45953  0.2  0.2		4.1705503158		-1.0
	8100.00000000	2.64519		0.43152  0.2  0.2		4.1705503158		-1.0
	8130.00000000	2.9614		0.37394  0.2  0.2		4.1705503158		-1.0
	8160.00000000	3.12204		0.1358  0.2  0.2		4.1705503158		-1.0
	8190.00000000	3.05666		0.07417  0.2  0.2		4.1705503158		-1.0
	8220.00000000	3.03921		0.03758  0.2  0.2		4.1705503158		-1.0
	8250.00000000	3.11655		-0.17448  0.2  0.2		4.1705503158		-1.0
	8280.00000000	2.70919		-0.56086  0.2  0.2		4.1705503158		-1.0
	8310.00000000	2.96894		-0.75813  0.2  0.2		4.1705503158		-1.0
	8340.00000000	3.38885		-0.78702  0.2  0.2		4.1705503158		-1.0
	8370.00000000	3.11942		-0.68329  0.2  0.2		4.1705503158		-1.0
	8400.00000000	3.25345		-0.64448  0.2  0.2		4.1705503158		-1.0
	8430.00000000	3.35359		-0.36473  0.2  0.2		4.1705503158		-1.0
	8460.00000000	3.15314		0.07412  0.2  0.2		4.1705503158		-1.0
	8490.00000000	3.32623		0.08602  0.2  0.2		4.1705503158		-1.0
	8520.00000000	3.33113		-0.05333  0.2  0.2		4.1705503158		-1.0
	8550.00000000	3.30347		-0.27915  0.2  0.2		4.1705503158		-1.0
	8580.00000000	2.68056		-0.54346  0.2  0.2		4.1705503158		-1.0
	8610.00000000	2.73075		-1.03604  0.2  0.2		4.1705503158		-1.0
	8640.00000000	2.77046		-1.22515  0.2  0.2		4.1705503158		-1.0
	8670.00000000	2.90828		-0.93375  0.2  0.2		4.1705503158		-1.0
	8700.00000000	2.81634		-0.63305  0.2  0.2		4.1705503158		-1.0
	8730.00000000	2.73954		-0.44414  0.2  0.2		4.1705503158		-1.0
	8760.00000000	2.70541		-0.2557  0.2  0.2		4.1705503158		-1.0
	8790.00000000	2.73978		0.0769  0.2  0.2		4.1705503158		-1.0
	8820.00000000	3.04054		0.37617  0.2  0.2		4.1705503158		-1.0
	8850.00000000	3.38295		0.43995  0.2  0.2		4.1705503158		-1.0
	8880.00000000	3.34342		0.61164  0.2  0.2		4.1705503158		-1.0
	8910.00000000	3.32196		0.79285  0.2  0.2		4.1705503158		-1.0
	8940.00000000	2.75603		0.7768  0.2  0.2		4.1705503158		-1.0
	8970.00000000	2.58826		1.01174  0.2  0.2		4.1705503158		-1.0
	9000.00000000	2.64878		0.98895  0.2  0.2		4.1705503158		-1.0
	9030.00000000	2.66489		0.75681  0.2  0.2		4.1705503158		-1.0
	9060.00000000	2.69386		0.45485  0.2  0.2		4.1705503158		-1.0
	9090.00000000	2.88423		0.09185  0.2  0.2		4.1705503158		-1.0
	9120.00000000	3.04521		-0.22262  0.2  0.2		4.1705503158		-1.0
	9150.00000000	2.71601		-0.49411  0.2  0.2		4.1705503158		-1.0
	9180.00000000	3.35369		-0.48325  0.2  0.2		4.1705503158		-1.0
	9210.00000000	2.77934		-0.49616  0.2  0.2		4.1705503158		-1.0
	9240.00000000	2.81371		-0.10412  0.2  0.2		4.1705503158		-1.0
	9270.00000000	2.94738		0.30475  0.2  0.2		4.1705503158		-1.0
	9300.00000000	2.77346		0.50034  0.2  0.2		4.1705503158		-1.0
	9330.00000000	2.82438		0.65156  0.2  0.2		4.1705503158		-1.0
	9360.00000000	2.77646		0.78434  0.2  0.2		4.1705503158		-1.0
	9390.00000000	2.77093		1.2  0.2  0.2		4.1705503158		-1.0
	9420.00000000	2.80019		1.51955  0.2  0.2		4.1705503158		-1.0
	9450.00000000	2.84793		1.66054  0.2  0.2		4.1705503158		-1.0
	9480.00000000	2.86446		1.67489  0.2  0.2		4.1705503158		-1.0
	9510.00000000	2.83373		1.64048  0.2  0.2		4.1705503158		-1.0
	9540.00000000	2.81463		1.6809  0.2  0.2		4.1705503158		-1.0
	9570.00000000	2.76524		1.74335  0.2  0.2		4.1705503158		-1.0
	9600.00000000	2.68993		1.536  0.2  0.2		4.1705503158		-1.0
	9630.00000000	2.70891		1.4109  0.2  0.2		4.1705503158		-1.0
	9660.00000000	2.74914		1.4016  0.2  0.2		4.1705503158		-1.0
	9690.00000000	2.71124		1.52636  0.2  0.2		4.1705503158		-1.0
	9720.00000000	2.71185		1.49869  0.2  0.2		4.1705503158		-1.0
	9750.00000000	2.73117		1.14446  0.2  0.2		4.1705503158		-1.0
	9780.00000000	2.76226		1.0634  0.2  0.2		4.1705503158		-1.0
	9810.00000000	2.70114		1.29698  0.2  0.2		4.1705503158		-1.0
	9840.00000000	2.62748		1.39516  0.2  0.2		4.1705503158		-1.0
	9870.00000000	3.36959		1.13837  0.2  0.2		4.1705503158		-1.0
	9900.00000000	3.37867		0.83958  0.2  0.2		4.1705503158		-1.0
	9930.00000000	3.32679		0.50782  0.2  0.2		4.1705503158		-1.0
	9960.00000000	3.3029		0.27846  0.2  0.2		4.1705503158		-1.0
	9990.00000000	3.35178		-0.0576  0.2  0.2		4.1705503158		-1.0
	10020.00000000	3.32349		-0.38587  0.2  0.2		4.1705503158		-1.0
	10050.00000000	3.25037		-0.37686  0.2  0.2		4.1705503158		-1.0
	10080.00000000	3.10934		-0.31073  0.2  0.2		4.1705503158		-1.0
	10110.00000000	2.73675		-0.30752  0.2  0.2		4.1705503158		-1.0
	10140.00000000	2.66423		0.06782  0.2  0.2		4.1705503158		-1.0
	10170.00000000	2.72489		0.19908  0.2  0.2		4.1705503158		-1.0
	10200.00000000	2.77199		0.11883  0.2  0.2		4.1705503158		-1.0
	10230.00000000	2.72562		0.1757  0.2  0.2		4.1705503158		-1.0
	10260.00000000	2.69343		0.20296  0.2  0.2		4.1705503158		-1.0
	10290.00000000	2.73796		0.11025  0.2  0.2		4.1705503158		-1.0
	10320.00000000	2.75379		0.17953  0.2  0.2		4.1705503158		-1.0
	10350.00000000	2.91458		0.2797  0.2  0.2		4.1705503158		-1.0
	10380.00000000	3.4612		0.20051  0.2  0.2		4.1705503158		-1.0
	10410.00000000	3.2265		0.18923  0.2  0.2		4.1705503158		-1.0
	10440.00000000	3.47118		0.45782  0.2  0.2		4.1705503158		-1.0
	10470.00000000	3.42655		0.44452  0.2  0.2		4.1705503158		-1.0
	10500.00000000	3.17967		0.7774  0.2  0.2		4.1705503158		-1.0
	10530.00000000	2.98979		1.0276  0.2  0.2		4.1705503158		-1.0
	10560.00000000	3.61424		1.0757  0.2  0.2		4.1705503158		-1.0
	10590.00000000	3.25347		0.85915  0.2  0.2		4.1705503158		-1.0
	10620.00000000	3.48957		0.86817  0.2  0.2		4.1705503158		-1.0
	10650.00000000	3.16085		0.88336  0.2  0.2		4.1705503158		-1.0
	10680.00000000	2.61327		0.96839  0.2  0.2		4.1705503158		-1.0
	10710.00000000	3.0941		0.72848  0.2  0.2		4.1705503158		-1.0
	10740.00000000	3.19049		0.39946  0.2  0.2		4.1705503158		-1.0
	10770.00000000	3.09279		0.17589  0.2  0.2		4.1705503158		-1.0
	10800.00000000	3.43922		-0.08529  0.2  0.2		4.1705503158		-1.0
	10830.00000001	2.99004		-0.17185  0.2  0.2		4.1705503158		-1.0
	10860.00000001	3.01427		-0.15451  0.2  0.2		4.1705503158		-1.0
	10890.00000001	2.95719		-0.59132  0.2  0.2		4.1705503158		-1.0
	10920.00000001	2.78153		-1.10471  0.2  0.2		4.1705503158		-1.0
	10950.00000001	3.29568		-1.41743  0.2  0.2		4.1705503158		-1.0
	10980.00000001	2.77794		-1.67074  0.2  0.2		4.1705503158		-1.0
	11010.00000001	2.85472		-1.39338  0.2  0.2		4.1705503158		-1.0
	11040.00000001	3.33272		-1.46308  0.2  0.2		4.1705503158		-1.0
	11070.00000001	3.01918		-1.72215  0.2  0.2		4.1705503158		-1.0
	11100.00000001	3.07186		-1.88697  0.2  0.2		4.1705503158		-1.0
	11130.00000001	3.36528		-2.08392  0.2  0.2		4.1705503158		-1.0
	11160.00000001	3.30015		-2.13524  0.2  0.2		4.1705503158		-1.0
	11190.00000001	2.92357		-2.14355  0.2  0.2		4.1705503158		-1.0
	11220.00000001	3.16365		-2.36569  0.2  0.2		4.1705503158		-1.0
	11250.00000001	3.10047		-2.26134  0.2  0.2		4.1705503158		-1.0
	11280.00000001	3.3487		-2.1534  0.2  0.2		4.1705503158		-1.0
	11310.00000001	3.22472		-2.09478  0.2  0.2		4.1705503158		-1.0
	11340.00000001	3.26312		-1.76472  0.2  0.2		4.1705503158		-1.0
	11370.00000001	3.17691		-1.7072  0.2  0.2		4.1705503158		-1.0
	11400.00000001	3.49143		-1.93508  0.2  0.2		4.1705503158		-1.0
	11430.00000001	3.23801		-1.83198  0.2  0.2		4.1705503158		-1.0
	11460.00000001	3.29895		-1.67939  0.2  0.2		4.1705503158		-1.0
	11490.00000001	3.16606		-1.4989  0.2  0.2		4.1705503158		-1.0
	11520.00000001	3.26135		-1.33352  0.2  0.2		4.1705503158		-1.0
	11550.00000001	3.35668		-1.14123  0.2  0.2		4.1705503158		-1.0
	11580.00000001	3.20755		-1.11149  0.2  0.2		4.1705503158		-1.0
	11610.00000001	3.24153		-1.27529  0.2  0.2		4.1705503158		-1.0
	11640.00000001	3.33018		-0.97882  0.2  0.2		4.1705503158		-1.0
	11670.00000001	3.23137		-1.01684  0.2  0.2		4.1705503158		-1.0
	11700.00000001	3.1199		-1.15662  0.2  0.2		4.1705503158		-1.0
	11730.00000001	3.63653		-1.40137  0.2  0.2		4.1705503158		-1.0
	11760.00000001	3.20804		-1.50982  0.2  0.2		4.1705503158		-1.0
	11790.00000001	2.75183		-1.44258  0.2  0.2		4.1705503158		-1.0
	11820.00000001	2.71459		-1.16389  0.2  0.2		4.1705503158		-1.0
	11850.00000001	2.6716		-0.81347  0.2  0.2		4.1705503158		-1.0
	11880.00000001	2.66536		-0.66867  0.2  0.2		4.1705503158		-1.0
	11910.00000001	2.73798		-0.87731  0.2  0.2		4.1705503158		-1.0
	11940.00000001	2.72109		-1.06951  0.2  0.2		4.1705503158		-1.0
	11970.00000001	2.63897		-1.08077  0.2  0.2		4.1705503158		-1.0
	12000.00000001	2.74364		-0.76723  0.2  0.2		4.1705503158		-1.0
	12030.00000001	2.72991		-0.77331  0.2  0.2		4.1705503158		-1.0
	12060.00000001	2.67297		-0.96316  0.2  0.2		4.1705503158		-1.0
	12090.00000001	3.1897		-1.00898  0.2  0.2		4.1705503158		-1.0
	12120.00000001	3.55026		-0.9816  0.2  0.2		4.1705503158		-1.0
	12150.00000001	3.2978		-0.94444  0.2  0.2		4.1705503158		-1.0
	12180.00000001	3.42318		-1.14273  0.2  0.2		4.1705503158		-1.0
	12210.00000001	3.45385		-1.22551  0.2  0.2		4.1705503158		-1.0
	12240.00000001	3.53737		-1.16701  0.2  0.2		4.1705503158		-1.0
	12270.00000001	3.43893		-1.27834  0.2  0.2		4.1705503158		-1.0
	12300.00000001	2.7773		-1.3797  0.2  0.2		4.1705503158		-1.0
	12330.00000001	2.90056		-1.50956  0.2  0.2		4.1705503158		-1.0
	12360.00000001	2.80704		-1.59579  0.2  0.2		4.1705503158		-1.0
	12390.00000001	2.89229		-1.76886  0.2  0.2		4.1705503158		-1.0
	12420.00000001	3.45202		-1.55578  0.2  0.2		4.1705503158		-1.0
	12450.00000001	3.00292		-1.56666  0.2  0.2		4.1705503158		-1.0
	12480.00000001	2.77834		-1.57374  0.2  0.2		4.1705503158		-1.0
	12510.00000001	2.83089		-1.36451  0.2  0.2		4.1705503158		-1.0
	12540.00000001	2.78965		-1.69339  0.2  0.2		4.1705503158		-1.0
	12570.00000001	3.124		-1.84074  0.2  0.2		4.1705503158		-1.0
	12600.00000001	3.41689		-1.82797  0.2  0.2		4.1705503158		-1.0
	12630.00000001	3.26047		-1.82671  0.2  0.2		4.1705503158		-1.0
	12660.00000001	3.57331		-1.81195  0.2  0.2		4.1705503158		-1.0
	12690.00000001	3.30846		-1.59852  0.2  0.2		4.1705503158		-1.0
	12720.00000001	3.45286		-1.54593  0.2  0.2		4.1705503158		-1.0
	12750.00000001	3.11175		-1.65532  0.2  0.2		4.1705503158		-1.0
	12780.00000001	3.18181		-1.58792  0.2  0.2		4.1705503158		-1.0
	12810.00000001	2.57015		-1.79524  0.2  0.2		4.1705503158		-1.0
	12840.00000001	2.72779		-2.15272  0.2  0.2		4.1705503158		-1.0
	12870.00000001	3.15041		-2.21011  0.2  0.2		4.1705503158		-1.0
	12900.00000001	3.51472		-2.17465  0.2  0.2		4.1705503158		-1.0
	12930.00000001	3.22327		-2.08518  0.2  0.2		4.1705503158		-1.0
	12960.00000001	2.70307		-2.06426  0.2  0.2		4.1705503158		-1.0
	12990.00000001	2.65025		-2.03286  0.2  0.2		4.1705503158		-1.0
	13020.00000001	2.68468		-2.26824  0.2  0.2		4.1705503158		-1.0
	13050.00000001	2.66332		-2.47824  0.2  0.2		4.1705503158		-1.0
	13080.00000001	3.15076		-2.37427  0.2  0.2		4.1705503158		-1.0
	13110.00000001	3.18051		-2.38589  0.2  0.2		4.1705503158		-1.0
	13140.00000001	3.3499		-2.46618  0.2  0.2		4.1705503158		-1.0
	13170.00000001	2.6267		-2.60779  0.2  0.2		4.1705503158		-1.0
	13200.00000001	3.09242		-2.55635  0.2  0.2		4.1705503158		-1.0
	13230.00000001	3.49711		-2.44185  0.2  0.2		4.1705503158		-1.0
	13260.00000001	3.02361		-2.14093  0.2  0.2		4.1705503158		-1.0
	13290.00000001	3.56704		-2.21039  0.2  0.2		4.1705503158		-1.0
	13320.00000001	3.24554		-2.32871  0.2  0.2		4.1705503158		-1.0
	13350.00000001	3.42328		-2.45167  0.2  0.2		4.1705503158		-1.0
	13380.00000001	2.64678		-2.53436  0.2  0.2		4.1705503158		-1.0
	13410.00000001	3.22718		-2.43765  0.2  0.2		4.1705503158		-1.0
	13440.00000001	3.64962		-2.17432  0.2  0.2		4.1705503158		-1.0
	13470.00000001	3.17395		-2.05236  0.2  0.2		4.1705503158		-1.0
	13500.00000001	2.80535		-2.07264  0.2  0.2		4.1705503158		-1.0
	13510.00000001	2.59803		-2.12676  0.2  0.2		4.1705503158		-1.0
	13540.00000001	2.56681		-2.39437  0.2  0.2		4.1705503158		-1.0
	13570.00000001	2.64112		-2.42249  0.2  0.2		4.1705503158		-1.0
	13600.00000001	2.98102		-2.43495  0.2  0.2		4.1705503158		-1.0
	13630.00000001	3.37218		-2.5288  0.2  0.2		4.1705503158		-1.0
	13660.00000001	3.63073		-2.60402  0.2  0.2		4.1705503158		-1.0
	13690.00000001	3.32707		-2.46423  0.2  0.2		4.1705503158		-1.0
	13720.00000001	3.22169		-2.68158  0.2  0.2		4.1705503158		-1.0
	13750.00000001	3.31026		3.13957  0.2  0.2		4.1705503158		-1.0
	13780.00000001	3.42029		-3.03398  0.2  0.2		4.1705503158		-1.0
	13810.00000001	3.57937		-2.95994  0.2  0.2		4.1705503158		-1.0
	13840.00000001	3.39403		3.10891  0.2  0.2		4.1705503158		-1.0
	13870.00000001	3.5854		3.06537  0.2  0.2		4.1705503158		-1.0
	13900.00000001	3.53111		3.10474  0.2  0.2		4.1705503158		-1.0
	13930.00000001	3.47773		2.92409  0.2  0.2		4.1705503158		-1.0
	13960.00000001	3.46355		3.00655  0.2  0.2		4.1705503158		-1.0
	13990.00000001	3.59497		-3.08235  0.2  0.2		4.1705503158		-1.0
	14020.00000001	3.22698		-2.9221  0.2  0.2		4.1705503158		-1.0
	14050.00000001	2.84983		-2.89351  0.2  0.2		4.1705503158		-1.0
	14080.00000001	2.59871		-2.88113  0.2  0.2		4.1705503158		-1.0
	14110.00000001	2.77467		-2.74069  0.2  0.2		4.1705503158		-1.0
	14140.00000001	2.93722		-2.905  0.2  0.2		4.1705503158		-1.0
	14170.00000001	2.87678		-2.98169  0.2  0.2		4.1705503158		-1.0
	14200.00000001	2.6343		-2.94179  0.2  0.2		4.1705503158		-1.0
	14230.00000000	2.93494		-3.1288  0.2  0.2		4.1705503158		-1.0
	14260.00000000	3.67618		3.09362  0.2  0.2		4.1705503158		-1.0
	14290.00000000	3.60118		-2.9646  0.2  0.2		4.1705503158		-1.0
	14320.00000000	3.34617		-2.83824  0.2  0.2		4.1705503158		-1.0
	14350.00000000	3.77638		-2.76727  0.2  0.2		4.1705503158		-1.0
	14380.00000000	3.32201		-2.9478  0.2  0.2		4.1705503158		-1.0
	14410.00000000	3.6811		-2.68904  0.2  0.2		4.1705503158		-1.0
	14440.00000000	3.21555		-2.66294  0.2  0.2		4.1705503158		-1.0
	14470.00000000	2.81927		-2.799  0.2  0.2		4.1705503158		-1.0
	14500.00000000	2.72244		-2.40471  0.2  0.2		4.1705503158		-1.0
	14530.00000000	2.9036		-2.19252  0.2  0.2		4.1705503158		-1.0
	14560.00000000	2.93722		-2.05406  0.2  0.2		4.1705503158		-1.0
	14590.00000000	2.7357		-1.90004  0.2  0.2		4.1705503158		-1.0
	14620.00000000	2.79486		-1.9895  0.2  0.2		4.1705503158		-1.0
	14650.00000000	2.70198		-2.24601  0.2  0.2		4.1705503158		-1.0
	14680.00000000	2.64493		-2.36863  0.2  0.2		4.1705503158		-1.0
	14710.00000000	2.76315		-2.66436  0.2  0.2		4.1705503158		-1.0
	14740.00000000	2.8375		-3.00364  0.2  0.2		4.1705503158		-1.0
	14770.00000000	2.95331		3.10572  0.2  0.2		4.1705503158		-1.0
	14800.00000000	3.22322		3.05987  0.2  0.2		4.1705503158		-1.0
	14830.00000000	2.64678		-2.97079  0.2  0.2		4.1705503158		-1.0
	14860.00000000	3.10801		-2.70496  0.2  0.2		4.1705503158		-1.0
	14890.00000000	3.84047		-2.29699  0.2  0.2		4.1705503158		-1.0
	14920.00000000	3.10894		-2.16337  0.2  0.2		4.1705503158		-1.0
	14950.00000000	2.56551		-2.10739  0.2  0.2		4.1705503158		-1.0
	14980.00000000	2.56818		-2.33071  0.2  0.2		4.1705503158		-1.0
	15010.00000000	2.68013		-2.45396  0.2  0.2		4.1705503158		-1.0
	15040.00000000	2.80878		-2.3776  0.2  0.2		4.1705503158		-1.0
	15070.00000000	3.24358		-2.26203  0.2  0.2		4.1705503158		-1.0
	15100.00000000	3.45281		-2.25743  0.2  0.2		4.1705503158		-1.0
	15130.00000000	3.75269		-2.29443  0.2  0.2		4.1705503158		-1.0
	15160.00000000	3.7392		-2.51249  0.2  0.2		4.1705503158		-1.0
	15190.00000000	3.33857		-2.65234  0.2  0.2		4.1705503158		-1.0
	15220.00000000	2.52814		-2.80568  0.2  0.2		4.1705503158		-1.0
	15250.00000000	2.63036		-2.96573  0.2  0.2		4.1705503158		-1.0
	15280.00000000	2.6816		-3.05126  0.2  0.2		4.1705503158		-1.0
	15310.00000000	2.97612		3.05115  0.2  0.2		4.1705503158		-1.0
	15340.00000000	3.29419		2.96225  0.2  0.2		4.1705503158		-1.0
	15370.00000000	3.3803		2.69264  0.2  0.2		4.1705503158		-1.0
	15400.00000000	3.2195		2.51086  0.2  0.2		4.1705503158		-1.0
	15430.00000000	3.39701		2.53674  0.2  0.2		4.1705503158		-1.0
	15460.00000000	3.23572		2.65948  0.2  0.2		4.1705503158		-1.0
	15490.00000000	3.3473		2.5059  0.2  0.2		4.1705503158		-1.0
	15520.00000000	3.2758		2.2259  0.2  0.2		4.1705503158		-1.0
	15550.00000000	3.31214		2.18697  0.2  0.2		4.1705503158		-1.0
	15580.00000000	3.28674		2.25864  0.2  0.2		4.1705503158		-1.0
	15610.00000000	2.70781		2.34095  0.2  0.2		4.1705503158		-1.0
	15640.00000000	2.65411		2.33477  0.2  0.2		4.1705503158		-1.0
	15670.00000000	2.83093		2.42971  0.2  0.2		4.1705503158		-1.0
	15700.00000000	2.71549		2.50961  0.2  0.2		4.1705503158		-1.0
	15730.00000000	2.71702		2.64663  0.2  0.2		4.1705503158		-1.0
	15760.00000000	2.66929		2.7697  0.2  0.2		4.1705503158		-1.0
	15790.00000000	2.84179		2.59582  0.2  0.2		4.1705503158		-1.0
	15820.00000000	2.61529		2.39147  0.2  0.2		4.1705503158		-1.0
	15850.00000000	3.17322		2.57406  0.2  0.2		4.1705503158		-1.0
	15880.00000000	3.53033		2.67645  0.2  0.2		4.1705503158		-1.0
	15910.00000000	3.41579		2.59472  0.2  0.2		4.1705503158		-1.0
	15940.00000000	3.3674		2.50711  0.2  0.2		4.1705503158		-1.0
	15970.00000000	3.22265		2.37927  0.2  0.2		4.1705503158		-1.0
	16000.00000000	3.40598		2.38558  0.2  0.2		4.1705503158		-1.0
	16030.00000000	3.17031		2.208  0.2  0.2		4.1705503158		-1.0
	16060.00000000	3.40382		1.88609  0.2  0.2		4.1705503158		-1.0
	16090.00000000	3.48469		1.75762  0.2  0.2		4.1705503158		-1.0
	16120.00000000	3.35979		1.95821  0.2  0.2		4.1705503158		-1.0
	16150.00000000	3.56948		2.14872  0.2  0.2		4.1705503158		-1.0
	16180.00000000	2.86434		1.91031  0.2  0.2		4.1705503158		-1.0
	16210.00000000	2.64141		1.9895  0.2  0.2		4.1705503158		-1.0
	16240.00000000	2.66278		2.10293  0.2  0.2		4.1705503158		-1.0
	16270.00000000	2.69582		1.80436  0.2  0.2		4.1705503158		-1.0
	16300.00000000	2.58524		1.91229  0.2  0.2		4.1705503158		-1.0
	16330.00000000	2.69766		2.15708  0.2  0.2		4.1705503158		-1.0
	16360.00000000	2.73273		2.22724  0.2  0.2		4.1705503158		-1.0
	16390.00000000	2.75418		2.27642  0.2  0.2		4.1705503158		-1.0
	16420.00000000	2.6687		2.17262  0.2  0.2		4.1705503158		-1.0
	16450.00000000	2.66995		2.01091  0.2  0.2		4.1705503158		-1.0
	16480.00000000	2.813		1.92106  0.2  0.2		4.1705503158		-1.0
	16510.00000000	2.77489		2.12574  0.2  0.2		4.1705503158		-1.0
	16540.00000000	2.64718		2.24918  0.2  0.2		4.1705503158		-1.0
	16570.00000000	2.82919		2.24409  0.2  0.2		4.1705503158		-1.0
	16600.00000000	2.96525		1.93146  0.2  0.2		4.1705503158		-1.0
	16630.00000000	3.38442		1.70122  0.2  0.2		4.1705503158		-1.0
	16660.00000000	3.4426		1.61859  0.2  0.2		4.1705503158		-1.0
	16690.00000000	3.23078		1.74555  0.2  0.2		4.1705503158		-1.0
	16720.00000000	3.23941		1.67264  0.2  0.2		4.1705503158		-1.0
	16750.00000000	3.22004		1.66173  0.2  0.2		4.1705503158		-1.0
	16780.00000000	3.23431		1.64727  0.2  0.2		4.1705503158		-1.0
	16810.00000000	3.39668		1.83068  0.2  0.2		4.1705503158		-1.0
	16840.00000000	3.49851		1.95817  0.2  0.2		4.1705503158		-1.0
	16870.00000000	3.1899		2.12907  0.2  0.2		4.1705503158		-1.0
	16900.00000000	3.32262		2.06287  0.2  0.2		4.1705503158		-1.0
	16930.00000000	3.13314		2.06232  0.2  0.2		4.1705503158		-1.0
	16960.00000000	3.09273		2.20009  0.2  0.2		4.1705503158		-1.0
	16990.00000000	3.24097		2.25239  0.2  0.2		4.1705503158		-1.0
	17020.00000000	3.68467		1.98954  0.2  0.2		4.1705503158		-1.0
	17050.00000000	3.70993		2.11971  0.2  0.2		4.1705503158		-1.0
	17080.00000000	3.29199		2.33953  0.2  0.2		4.1705503158		-1.0
	17110.00000000	3.03663		2.10968  0.2  0.2		4.1705503158		-1.0
	17140.00000000	2.79373		1.76471  0.2  0.2		4.1705503158		-1.0
	17170.00000000	2.6863		1.6905  0.2  0.2		4.1705503158		-1.0
	17200.00000000	2.70932		1.81608  0.2  0.2		4.1705503158		-1.0
	17230.00000000	2.72109		1.99608  0.2  0.2		4.1705503158		-1.0
	17260.00000000	3.50493		1.96269  0.2  0.2		4.1705503158		-1.0
	17290.00000000	3.50256		1.64043  0.2  0.2		4.1705503158		-1.0
	17320.00000000	3.48588		1.3645  0.2  0.2		4.1705503158		-1.0
	17350.00000000	3.50721		1.5053  0.2  0.2		4.1705503158		-1.0
	17380.00000000	3.28634		1.463  0.2  0.2		4.1705503158		-1.0
	17410.00000000	3.02352		1.32574  0.2  0.2		4.1705503158		-1.0
	17440.00000000	2.56799		1.2439  0.2  0.2		4.1705503158		-1.0
	17470.00000000	2.60709		1.13327  0.2  0.2		4.1705503158		-1.0
	17500.00000000	2.61972		0.89981  0.2  0.2		4.1705503158		-1.0
	17530.00000000	2.70799		0.92527  0.2  0.2		4.1705503158		-1.0
	17560.00000000	2.63722		1.10125  0.2  0.2		4.1705503158		-1.0
	17590.00000000	2.66863		1.2808  0.2  0.2		4.1705503158		-1.0
	17620.00000000	2.69265		1.37463  0.2  0.2		4.1705503158		-1.0
	17650.00000000	2.60027		1.3181  0.2  0.2		4.1705503158		-1.0
	17680.00000000	2.81207		1.12866  0.2  0.2		4.1705503158		-1.0
	17710.00000000	3.54951		0.94383  0.2  0.2		4.1705503158		-1.0
	17740.00000000	3.41366		0.93087  0.2  0.2		4.1705503158		-1.0
	17770.00000000	3.74775		0.8748  0.2  0.2		4.1705503158		-1.0
	17800.00000000	3.01524		0.98831  0.2  0.2		4.1705503158		-1.0
	17830.00000000	3.3629		1.11392  0.2  0.2		4.1705503158		-1.0
	17860.00000000	3.649		1.0352  0.2  0.2		4.1705503158		-1.0
	17890.00000000	3.40892		1.12871  0.2  0.2		4.1705503158		-1.0
	17920.00000000	3.5041		0.84645  0.2  0.2		4.1705503158		-1.0
	17950.00000000	3.42619		0.75758  0.2  0.2		4.1705503158		-1.0
	17980.00000000	3.50204		0.42783  0.2  0.2		4.1705503158		-1.0
	18010.00000000	3.29148		0.14548  0.2  0.2		4.1705503158		-1.0
	18040.00000000	3.56268		-0.01553  0.2  0.2		4.1705503158		-1.0
	18070.00000000	3.36833		-0.17637  0.2  0.2		4.1705503158		-1.0
	18100.00000000	3.30193		-0.39494  0.2  0.2		4.1705503158		-1.0
	18130.00000000	3.13474		-0.59101  0.2  0.2		4.1705503158		-1.0
	18160.00000000	3.56787		-0.60933  0.2  0.2		4.1705503158		-1.0
	18190.00000000	3.00286		-0.9129  0.2  0.2		4.1705503158		-1.0
	18220.00000000	3.13199		-1.25351  0.2  0.2		4.1705503158		-1.0
	18250.00000000	2.71968		-1.46802  0.2  0.2		4.1705503158		-1.0
	18280.00000000	2.61272		-1.5259  0.2  0.2		4.1705503158		-1.0
	18310.00000000	2.66771		-1.48361  0.2  0.2		4.1705503158		-1.0
	18340.00000000	2.74339		-1.25139  0.2  0.2		4.1705503158		-1.0
	18370.00000000	3.1957		-1.23092  0.2  0.2		4.1705503158		-1.0
	18400.00000000	3.77286		-1.34574  0.2  0.2		4.1705503158		-1.0
	18430.00000000	3.11356		-1.22041  0.2  0.2		4.1705503158		-1.0
	18460.00000000	3.59068		-1.13057  0.2  0.2		4.1705503158		-1.0
	18490.00000000	3.4924		-0.78426  0.2  0.2		4.1705503158		-1.0
	18520.00000000	3.51608		-0.675  0.2  0.2		4.1705503158		-1.0
	18550.00000000	3.3182		-0.52436  0.2  0.2		4.1705503158		-1.0
	18580.00000000	2.89852		-0.6727  0.2  0.2		4.1705503158		-1.0
	18610.00000000	2.77764		-0.83821  0.2  0.2		4.1705503158		-1.0
	18640.00000000	2.74704		-0.91718  0.2  0.2		4.1705503158		-1.0
	18670.00000000	2.64018		-0.82269  0.2  0.2		4.1705503158		-1.0
	18700.00000000	2.84177		-0.62868  0.2  0.2		4.1705503158		-1.0
	18730.00000000	3.56068		-0.49468  0.2  0.2		4.1705503158		-1.0
	18760.00000000	3.27025		-0.57059  0.2  0.2		4.1705503158		-1.0
	18790.00000000	3.37169		-0.77835  0.2  0.2		4.1705503158		-1.0
	18820.00000000	3.23224		-0.76319  0.2  0.2		4.1705503158		-1.0
	18850.00000000	3.23322		-0.96069  0.2  0.2		4.1705503158		-1.0
	18880.00000000	3.50673		-1.12051  0.2  0.2		4.1705503158		-1.0
	18910.00000000	3.60969		-1.09098  0.2  0.2		4.1705503158		-1.0
	18940.00000000	3.43915		-0.72943  0.2  0.2		4.1705503158		-1.0
	18970.00000000	3.67807		-0.34631  0.2  0.2		4.1705503158		-1.0
	19000.00000000	3.25654		-0.10857  0.2  0.2		4.1705503158		-1.0
	19030.00000000	3.46558		-0.13525  0.2  0.2		4.1705503158		-1.0
	19060.00000000	3.50962		-0.37511  0.2  0.2		4.1705503158		-1.0
	19090.00000000	3.28535		-0.41562  0.2  0.2		4.1705503158		-1.0
	19120.00000000	2.81293		-0.29659  0.2  0.2		4.1705503158		-1.0
	19150.00000000	2.8466		-0.12468  0.2  0.2		4.1705503158		-1.0
	19180.00000000	2.70207		-0.27459  0.2  0.2		4.1705503158		-1.0
	19210.00000000	2.65758		-0.29344  0.2  0.2		4.1705503158		-1.0
	19240.00000000	2.72168		-0.26953  0.2  0.2		4.1705503158		-1.0
	19270.00000000	2.94179		-0.16364  0.2  0.2		4.1705503158		-1.0
	19300.00000000	2.8696		0.21081  0.2  0.2		4.1705503158		-1.0
	19330.00000000	3.52539		0.32607  0.2  0.2		4.1705503158		-1.0
	19360.00000000	3.78563		0.20682  0.2  0.2		4.1705503158		-1.0
	19390.00000000	3.62251		0.06905  0.2  0.2		4.1705503158		-1.0
	19420.00000000	3.69237		0.14329  0.2  0.2		4.1705503158		-1.0
	19450.00000000	3.04605		0.00028  0.2  0.2		4.1705503158		-1.0
	19480.00000000	2.70191		-0.08921  0.2  0.2		4.1705503158		-1.0
	19510.00000000	3.32069		-0.03373  0.2  0.2		4.1705503158		-1.0
	19540.00000000	3.74859		-0.16913  0.2  0.2		4.1705503158		-1.0
	19570.00000000	3.41525		-0.40579  0.2  0.2		4.1705503158		-1.0
	19600.00000000	3.05264		-0.47716  0.2  0.2		4.1705503158		-1.0
	19630.00000000	2.58493		-0.34527  0.2  0.2		4.1705503158		-1.0
	19660.00000000	2.85311		-0.40942  0.2  0.2		4.1705503158		-1.0
	19690.00000000	3.11521		-0.37322  0.2  0.2		4.1705503158		-1.0
	19720.00000000	3.56694		-0.4255  0.2  0.2		4.1705503158		-1.0
	19750.00000000	3.89377		-0.46502  0.2  0.2		4.1705503158		-1.0
	19780.00000000	3.5669		-0.56102  0.2  0.2		4.1705503158		-1.0
	19810.00000000	3.68632		-0.55906  0.2  0.2		4.1705503158		-1.0
	19840.00000000	2.88344		-0.54537  0.2  0.2		4.1705503158		-1.0
	19870.00000000	2.69813		-0.66432  0.2  0.2		4.1705503158		-1.0
	19900.00000000	2.64834		-1.0124  0.2  0.2		4.1705503158		-1.0
	19930.00000000	2.70772		-1.20507  0.2  0.2		4.1705503158		-1.0
	19960.00000000	2.83134		-1.09743  0.2  0.2		4.1705503158		-1.0
	19990.00000000	3.19932		-1.1646  0.2  0.2		4.1705503158		-1.0
	20020.00000000	2.96728		-0.98157  0.2  0.2		4.1705503158		-1.0
	20050.00000000	3.27183		-1.10584  0.2  0.2		4.1705503158		-1.0
	20080.00000000	3.87062		-0.87332  0.2  0.2		4.1705503158		-1.0
	20110.00000000	3.81742		-0.78348  0.2  0.2		4.1705503158		-1.0
	20140.00000000	3.73084		-0.91487  0.2  0.2		4.1705503158		-1.0
	20170.00000000	3.5063		-1.23116  0.2  0.2		4.1705503158		-1.0
	20200.00000000	3.48776		-1.25824  0.2  0.2		4.1705503158		-1.0
	20230.00000000	3.74456		-1.21059  0.2  0.2		4.1705503158		-1.0
	20260.00000000	4.02682		-0.9955  0.2  0.2		4.1705503158		-1.0
	20290.00000000	3.74529		-0.54903  0.2  0.2		4.1705503158		-1.0
	20320.00000000	3.91191		-0.50697  0.2  0.2		4.1705503158		-1.0
	20350.00000000	3.5566		-0.16223  0.2  0.2		4.1705503158		-1.0
	20380.00000000	2.92806		0.10505  0.2  0.2		4.1705503158		-1.0
	20410.00000000	2.72396		0.62247  0.2  0.2		4.1705503158		-1.0
	20440.00000000	2.70453		0.88651  0.2  0.2		4.1705503158		-1.0
	20470.00000000	2.74079		0.52374  0.2  0.2		4.1705503158		-1.0
	20500.00000000	2.67163		0.42632  0.2  0.2		4.1705503158		-1.0
	20530.00000000	2.60238		0.60499  0.2  0.2		4.1705503158		-1.0
	20560.00000000	2.77357		0.48583  0.2  0.2		4.1705503158		-1.0
	20590.00000000	2.91156		0.41184  0.2  0.2		4.1705503158		-1.0
	20620.00000000	3.82962		0.44442  0.2  0.2		4.1705503158		-1.0
	20650.00000000	3.22003		0.35027  0.2  0.2		4.1705503158		-1.0
	20680.00000000	2.68687		-0.06219  0.2  0.2		4.1705503158		-1.0
	20710.00000000	3.2479		-0.0624  0.2  0.2		4.1705503158		-1.0
	20739.99999999	4.07349		0.09887  0.2  0.2		4.1705503158		-1.0
	20769.99999999	3.36376		0.17348  0.2  0.2		4.1705503158		-1.0
	20799.99999999	3.30305		0.12439  0.2  0.2		4.1705503158		-1.0
	20829.99999999	3.87867		0.17765  0.2  0.2		4.1705503158		-1.0
	20859.99999999	3.8512		0.45045  0.2  0.2		4.1705503158		-1.0
	20889.99999999	3.72905		0.55456  0.2  0.2		4.1705503158		-1.0
	20919.99999999	3.61531		0.59597  0.2  0.2		4.1705503158		-1.0
	20949.99999999	3.33		0.56066  0.2  0.2		4.1705503158		-1.0
	20979.99999999	2.85977		0.49788  0.2  0.2		4.1705503158		-1.0
	21009.99999999	3.28628		0.57916  0.2  0.2		4.1705503158		-1.0
	21039.99999999	3.59837		0.68665  0.2  0.2		4.1705503158		-1.0
	21069.99999999	3.85666		0.83522  0.2  0.2		4.1705503158		-1.0
	21099.99999999	3.14851		0.86135  0.2  0.2		4.1705503158		-1.0
	21129.99999999	2.61928		0.92973  0.2  0.2		4.1705503158		-1.0
	21159.99999999	2.56533		0.73501  0.2  0.2		4.1705503158		-1.0
	21189.99999999	2.88472		0.55878  0.2  0.2		4.1705503158		-1.0
	21219.99999999	3.69882		0.33754  0.2  0.2		4.1705503158		-1.0
	21249.99999999	4.11342		0.30322  0.2  0.2		4.1705503158		-1.0
	21279.99999999	3.75513		0.3449  0.2  0.2		4.1705503158		-1.0
	21309.99999999	3.78812		0.53845  0.2  0.2		4.1705503158		-1.0
	21339.99999999	4.34841		0.60926  0.2  0.2		4.1705503158		-1.0
	21369.99999999	3.66486		0.7026  0.2  0.2		4.1705503158		-1.0
	21399.99999999	3.80165		0.89776  0.2  0.2		4.1705503158		-1.0
	21429.99999999	3.67028		0.66101  0.2  0.2		4.1705503158		-1.0
	21459.99999999	4.01598		0.65126  0.2  0.2		4.1705503158		-1.0
	21489.99999999	4.22416		1.00209  0.2  0.2		4.1705503158		-1.0
	21519.99999999	3.84031		1.19421  0.2  0.2		4.1705503158		-1.0
	21549.99999999	3.10327		1.34871  0.2  0.2		4.1705503158		-1.0
	21579.99999999	3.41505		1.25718  0.2  0.2		4.1705503158		-1.0
	21609.99999999	3.71963		1.34533  0.2  0.2		4.1705503158		-1.0
	21639.99999999	3.66997		1.45665  0.2  0.2		4.1705503158		-1.0
	21669.99999999	3.72823		1.60841  0.2  0.2		4.1705503158		-1.0
	21699.99999999	3.7763		1.4898  0.2  0.2		4.1705503158		-1.0
	21729.99999999	4.01151		1.49502  0.2  0.2		4.1705503158		-1.0
	21759.99999999	3.46606		1.66957  0.2  0.2		4.1705503158		-1.0
	21789.99999999	3.13353		1.44758  0.2  0.2		4.1705503158		-1.0
	21819.99999999	3.32736		1.60239  0.2  0.2		4.1705503158		-1.0
	21849.99999999	3.96109		1.74244  0.2  0.2		4.1705503158		-1.0
	21879.99999999	3.95442		1.72628  0.2  0.2		4.1705503158		-1.0
	21909.99999999	3.71127		1.62689  0.2  0.2		4.1705503158		-1.0
	21939.99999999	3.91723		1.58209  0.2  0.2		4.1705503158		-1.0
	21969.99999999	3.55136		1.85302  0.2  0.2		4.1705503158		-1.0
	21999.99999999	3.99044		1.91421  0.2  0.2		4.1705503158		-1.0
	22029.99999999	3.74483		1.71154  0.2  0.2		4.1705503158		-1.0
	22059.99999999	2.90181		1.82329  0.2  0.2		4.1705503158		-1.0
	22089.99999999	2.69481		1.50963  0.2  0.2		4.1705503158		-1.0
	22119.99999999	3.20292		1.49148  0.2  0.2		4.1705503158		-1.0
	22149.99999999	4.17493		1.67654  0.2  0.2		4.1705503158		-1.0
	22179.99999999	4.64792		1.7114  0.2  0.2		4.1705503158		-1.0
	22209.99999999	4.79532		2.01414  0.2  0.2		4.1705503158		-1.0
	22239.99999999	5.27267		2.08984  0.2  0.2		4.1705503158		-1.0
	22269.99999999	5.89388		1.97547  0.2  0.2		4.1705503158		-1.0
	22299.99999999	6.19265		1.95455  0.2  0.2		4.1705503158		-1.0
	22329.99999999	6.41285		1.92126  0.2  0.2		4.1705503158		-1.0
	22359.99999999	6.50421		2.08139  0.2  0.2		4.1705503158		-1.0
	22389.99999999	6.85358		2.09708  0.2  0.2		4.1705503158		-1.0
	22419.99999999	7.14555		2.15425  0.2  0.2		4.1705503158		-1.0
	22449.99999999	7.33938		2.11503  0.2  0.2		4.1705503158		-1.0
	22479.99999999	7.84077		2.20579  0.2  0.2		4.1705503158		-1.0
	22509.99999999	8.68497		2.24604  0.2  0.2		4.1705503158		-1.0
	22539.99999999	9.13315		2.03121  0.2  0.2		4.1705503158		-1.0
	22569.99999999	9.42772		2.20562  0.2  0.2		4.1705503158		-1.0
	22599.99999999	9.61299		2.14951  0.2  0.2		4.1705503158		-1.0
	22629.99999999	10.3059		2.05125  0.2  0.2		4.1705503158		-1.0
	22659.99999999	10.60162		1.87853  0.2  0.2		4.1705503158		-1.0
	22689.99999999	10.53523		1.82722  0.2  0.2		4.1705503158		-1.0
	22719.99999999	11.23288		1.81376  0.2  0.2		4.1705503158		-1.0
	22749.99999999	11.53608		1.95737  0.2  0.2		4.1705503158		-1.0
	22779.99999999	11.36279		1.91904  0.2  0.2		4.1705503158		-1.0
	22809.99999999	11.19856		1.98915  0.2  0.2		4.1705503158		-1.0
	22839.99999999	10.54923		2.32951  0.2  0.2		4.1705503158		-1.0
	22869.99999999	10.04211		2.594  0.2  0.2		4.1705503158		-1.0
	22899.99999999	9.81216		2.72892  0.2  0.2		4.1705503158		-1.0
	22929.99999999	9.27492		2.45807  0.2  0.2		4.1705503158		-1.0
	22959.99999999	8.79433		2.46557  0.2  0.2		4.1705503158		-1.0
	22989.99999999	8.11501		2.15631  0.2  0.2		4.1705503158		-1.0
	23019.99999999	7.64197		1.97708  0.2  0.2		4.1705503158		-1.0
	23049.99999999	7.53258		1.82223  0.2  0.2		4.1705503158		-1.0
	23079.99999999	7.17093		1.73265  0.2  0.2		4.1705503158		-1.0
	23109.99999999	6.6344		1.71483  0.2  0.2		4.1705503158		-1.0
	23139.99999999	6.31965		1.72567  0.2  0.2		4.1705503158		-1.0
	23169.99999999	6.35561		1.84916  0.2  0.2		4.1705503158		-1.0
	23199.99999999	5.85929		2.06279  0.2  0.2		4.1705503158		-1.0
	23229.99999999	5.69615		2.32346  0.2  0.2		4.1705503158		-1.0
	23259.99999999	6.17595		2.45624  0.2  0.2		4.1705503158		-1.0
	23289.99999999	6.79045		2.59247  0.2  0.2		4.1705503158		-1.0
	23319.99999999	7.35665		2.96404  0.2  0.2		4.1705503158		-1.0
	23349.99999999	7.852		2.95197  0.2  0.2		4.1705503158		-1.0
	23379.99999999	7.9996		2.92967  0.2  0.2		4.1705503158		-1.0
	23409.99999999	7.89495		2.76934  0.2  0.2		4.1705503158		-1.0
	23439.99999999	7.38608		2.43865  0.2  0.2		4.1705503158		-1.0
	23469.99999999	7.61241		2.58068  0.2  0.2		4.1705503158		-1.0
	23499.99999999	8.55423		2.60082  0.2  0.2		4.1705503158		-1.0
	23529.99999999	8.79668		2.53326  0.2  0.2		4.1705503158		-1.0
	23559.99999999	8.49044		2.63431  0.2  0.2		4.1705503158		-1.0
	23589.99999999	8.3006		2.59942  0.2  0.2		4.1705503158		-1.0
	23619.99999999	7.49196		2.74126  0.2  0.2		4.1705503158		-1.0
	23649.99999999	6.75599		2.909  0.2  0.2		4.1705503158		-1.0
	23679.99999999	6.469		3.09027  0.2  0.2		4.1705503158		-1.0
	23709.99999999	6.17374		3.09268  0.2  0.2		4.1705503158		-1.0
	23739.99999999	6.37228		2.79351  0.2  0.2		4.1705503158		-1.0
	23769.99999999	6.42166		2.5964  0.2  0.2		4.1705503158		-1.0
	23799.99999999	6.22333		2.47217  0.2  0.2		4.1705503158		-1.0
	23829.99999999	6.04159		2.15993  0.2  0.2		4.1705503158		-1.0
	23859.99999999	5.26275		2.32953  0.2  0.2		4.1705503158		-1.0
	23889.99999999	4.68114		2.38049  0.2  0.2		4.1705503158		-1.0
	23919.99999999	5.31849		2.4748  0.2  0.2		4.1705503158		-1.0
	23949.99999999	5.62595		2.47121  0.2  0.2		4.1705503158		-1.0
	23979.99999999	5.17567		2.59444  0.2  0.2		4.1705503158		-1.0
	24009.99999999	5.29426		2.39402  0.2  0.2		4.1705503158		-1.0
	24039.99999999	5.91915		2.41793  0.2  0.2		4.1705503158		-1.0
	24069.99999999	6.54736		2.36312  0.2  0.2		4.1705503158		-1.0
	24099.99999999	7.35414		2.20839  0.2  0.2		4.1705503158		-1.0
	24129.99999999	7.7431		2.20193  0.2  0.2		4.1705503158		-1.0
	24159.99999999	8.28595		1.90889  0.2  0.2		4.1705503158		-1.0
	24189.99999999	8.0915		1.81781  0.2  0.2		4.1705503158		-1.0
	24219.99999999	7.28415		2.00908  0.2  0.2		4.1705503158		-1.0
	24249.99999999	7.08219		1.99559  0.2  0.2		4.1705503158		-1.0
	24279.99999999	6.99105		1.88726  0.2  0.2		4.1705503158		-1.0
	24309.99999999	6.84782		1.71464  0.2  0.2		4.1705503158		-1.0
	24339.99999999	6.63395		1.84455  0.2  0.2		4.1705503158		-1.0
	24369.99999999	6.79845		1.978  0.2  0.2		4.1705503158		-1.0
	24399.99999999	6.58312		2.08555  0.2  0.2		4.1705503158		-1.0
	24429.99999999	6.70188		2.29398  0.2  0.2		4.1705503158		-1.0
	24459.99999999	6.69111		2.44018  0.2  0.2		4.1705503158		-1.0
	24489.99999999	6.73074		2.3676  0.2  0.2		4.1705503158		-1.0
	24519.99999999	7.12772		2.45735  0.2  0.2		4.1705503158		-1.0
	24549.99999999	7.3666		2.40452  0.2  0.2		4.1705503158		-1.0
	24579.99999999	7.12826		2.45942  0.2  0.2		4.1705503158		-1.0
	24609.99999999	6.71943		2.68218  0.2  0.2		4.1705503158		-1.0
	24639.99999999	7.5885		2.8624  0.2  0.2		4.1705503158		-1.0
	24669.99999999	8.50532		-3.12976  0.2  0.2		4.1705503158		-1.0
	24699.99999999	9.08799		-2.83422  0.2  0.2		4.1705503158		-1.0
	24729.99999999	9.52262		3.10304  0.2  0.2		4.1705503158		-1.0
	24759.99999999	9.87197		3.03501  0.2  0.2		4.1705503158		-1.0
	24789.99999999	10.27247		3.02627  0.2  0.2		4.1705503158		-1.0
	24819.99999999	11.02851		-3.00145  0.2  0.2		4.1705503158		-1.0
	24849.99999999	11.713		-3.11963  0.2  0.2		4.1705503158		-1.0
	24879.99999999	12.16512		-3.13141  0.2  0.2		4.1705503158		-1.0
	24909.99999999	12.01517		-3.04872  0.2  0.2		4.1705503158		-1.0
	24939.99999999	12.04616		-2.90697  0.2  0.2		4.1705503158		-1.0
	24969.99999999	12.20173		-2.85535  0.2  0.2		4.1705503158		-1.0
	24999.99999999	12.52201		-2.75362  0.2  0.2		4.1705503158		-1.0
	25029.99999999	12.84856		-2.52412  0.2  0.2		4.1705503158		-1.0
	25059.99999999	13.2948		-2.53838  0.2  0.2		4.1705503158		-1.0
	25089.99999999	13.60809		-2.74492  0.2  0.2		4.1705503158		-1.0
	25119.99999999	13.83126		2.53339  0.2  0.2		4.1705503158		-1.0
	25149.99999999	13.74971		0.56709  0.2  0.2		4.1705503158		-1.0
	25179.99999999	13.45994		0.73004  0.2  0.2		4.1705503158		-1.0
	25209.99999999	13.14488		0.33063  0.2  0.2		4.1705503158		-1.0
	25239.99999999	12.92714		0.66436  0.2  0.2		4.1705503158		-1.0
	25269.99999999	12.06536		0.66427  0.2  0.2		4.1705503158		-1.0
	25299.99999999	11.37305		0.92008  0.2  0.2		4.1705503158		-1.0
	25329.99999999	10.4782		0.9031  0.2  0.2		4.1705503158		-1.0
	25359.99999999	9.68901		0.80777  0.2  0.2		4.1705503158		-1.0
	25389.99999999	9.28034		0.76932  0.2  0.2		4.1705503158		-1.0
	25419.99999999	8.34424		0.70111  0.2  0.2		4.1705503158		-1.0
	25449.99999999	8.18161		0.91824  0.2  0.2		4.1705503158		-1.0
	25479.99999999	8.0796		0.84631  0.2  0.2		4.1705503158		-1.0
	25509.99999999	7.56275		0.6697  0.2  0.2		4.1705503158		-1.0
	25539.99999999	7.21843		0.68238  0.2  0.2		4.1705503158		-1.0
	25569.99999999	6.99507		1.30033  0.2  0.2		4.1705503158		-1.0
	25599.99999999	7.39677		1.25429  0.2  0.2		4.1705503158		-1.0
	25629.99999999	7.96601		1.40071  0.2  0.2		4.1705503158		-1.0
	25659.99999999	8.8001		1.39654  0.2  0.2		4.1705503158		-1.0
	25689.99999999	9.56198		1.11153  0.2  0.2		4.1705503158		-1.0
	25719.99999999	10.28138		1.32693  0.2  0.2		4.1705503158		-1.0
	25749.99999999	10.3481		1.23381  0.2  0.2		4.1705503158		-1.0
	25779.99999999	10.02806		1.2018  0.2  0.2		4.1705503158		-1.0
	25809.99999999	9.4959		1.33117  0.2  0.2		4.1705503158		-1.0
	25839.99999999	9.25956		1.37697  0.2  0.2		4.1705503158		-1.0
	25869.99999999	9.18009		1.49545  0.2  0.2		4.1705503158		-1.0
	25899.99999999	8.43212		1.34574  0.2  0.2		4.1705503158		-1.0
	25929.99999999	7.79038		1.53941  0.2  0.2		4.1705503158		-1.0
	25959.99999999	7.36895		1.38445  0.2  0.2		4.1705503158		-1.0
	25989.99999999	7.23809		0.89018  0.2  0.2		4.1705503158		-1.0
	26019.99999999	7.32944		1.00423  0.2  0.2		4.1705503158		-1.0
	26049.99999999	7.57595		1.21848  0.2  0.2		4.1705503158		-1.0
	26079.99999999	8.10009		1.07109  0.2  0.2		4.1705503158		-1.0
	26109.99999999	8.74073		1.1292  0.2  0.2		4.1705503158		-1.0
	26139.99999999	8.76481		1.26427  0.2  0.2		4.1705503158		-1.0
	26169.99999999	8.94004		1.31956  0.2  0.2		4.1705503158		-1.0
	26199.99999999	8.27717		1.52894  0.2  0.2		4.1705503158		-1.0
	26229.99999999	7.81387		1.62852  0.2  0.2		4.1705503158		-1.0
	26259.99999999	7.60622		1.58338  0.2  0.2		4.1705503158		-1.0
	26289.99999999	7.99499		1.6036  0.2  0.2		4.1705503158		-1.0
	26319.99999999	8.3309		1.15974  0.2  0.2		4.1705503158		-1.0
	26349.99999999	8.74808		1.34523  0.2  0.2		4.1705503158		-1.0
	26379.99999999	9.44324		1.47042  0.2  0.2		4.1705503158		-1.0
