	30.00000000	2.76413		1.64265  0.2  0.2		4.1705503158		-1.0
	60.00000000	2.84937		1.8468  0.2  0.2		4.1705503158		-1.0
	90.00000000	2.85028		2.01036  0.2  0.2		4.1705503158		-1.0
	120.00000000	2.90426		1.97425  0.2  0.2		4.1705503158		-1.0
	150.00000000	2.98316		2.10189  0.2  0.2		4.1705503158		-1.0
	180.00000000	3.03918		2.11129  0.2  0.2		4.1705503158		-1.0
	210.00000000	2.99095		2.27514  0.2  0.2		4.1705503158		-1.0
	240.00000000	2.90287		2.50803  0.2  0.2		4.1705503158		-1.0
	270.00000000	2.83827		2.82262  0.2  0.2		4.1705503158		-1.0
	300.00000000	2.90132		3.02909  0.2  0.2		4.1705503158		-1.0
	330.00000000	2.91806		-3.04279  0.2  0.2		4.1705503158		-1.0
	360.00000000	2.95134		-3.06569  0.2  0.2		4.1705503158		-1.0
	390.00000000	2.80447		3.11614  0.2  0.2		4.1705503158		-1.0
	420.00000000	3.12694		3.08548  0.2  0.2		4.1705503158		-1.0
	450.00000000	2.95835		3.13955  0.2  0.2		4.1705503158		-1.0
	480.00000000	2.78236		-2.82616  0.2  0.2		4.1705503158		-1.0
	510.00000000	3.02178		-2.66799  0.2  0.2		4.1705503158		-1.0
	540.00000000	3.05591		-2.72859  0.2  0.2		4.1705503158		-1.0
	570.00000000	2.9676		-2.6513  0.2  0.2		4.1705503158		-1.0
	600.00000000	2.92348		-2.85549  0.2  0.2		4.1705503158		-1.0
	630.00000000	2.80302		-2.92301  0.2  0.2		4.1705503158		-1.0
	660.00000000	3.15953		-3.00848  0.2  0.2		4.1705503158		-1.0
	690.00000000	2.78682		3.10961  0.2  0.2		4.1705503158		-1.0
	720.00000000	3.04613		2.90709  0.2  0.2		4.1705503158		-1.0
	750.00000000	3.04125		2.71815  0.2  0.2		4.1705503158		-1.0
	780.00000000	2.86754		2.64341  0.2  0.2		4.1705503158		-1.0
	810.00000000	3.12889		2.44273  0.2  0.2		4.1705503158		-1.0
	840.00000000	2.90572		2.26073  0.2  0.2		4.1705503158		-1.0
	870.00000000	2.76969		2.20091  0.2  0.2		4.1705503158		-1.0
	900.00000000	3.06728		1.88252  0.2  0.2		4.1705503158		-1.0
	930.00000000	2.98008		1.47664  0.2  0.2		4.1705503158		-1.0
	960.00000000	2.95478		1.11581  0.2  0.2		4.1705503158		-1.0
	990.00000000	2.92752		0.8674  0.2  0.2		4.1705503158		-1.0
	1020.00000000	2.96898		1.06769  0.2  0.2		4.1705503158		-1.0
	1050.00000000	2.80821		1.17174  0.2  0.2		4.1705503158		-1.0
	1080.00000000	2.88734		1.24761  0.2  0.2		4.1705503158		-1.0
	1110.00000000	3.09747		1.28284  0.2  0.2		4.1705503158		-1.0
	1140.00000000	2.92254		1.34459  0.2  0.2		4.1705503158		-1.0
	1170.00000000	2.75861		1.38699  0.2  0.2		4.1705503158		-1.0
	1200.00000000	2.76362		1.17347  0.2  0.2		4.1705503158		-1.0
	1230.00000000	2.96284		0.81326  0.2  0.2		4.1705503158		-1.0
	1260.00000000	3.01695		0.68327  0.2  0.2		4.1705503158		-1.0
	1290.00000000	2.91086		0.42844  0.2  0.2		4.1705503158		-1.0
	1320.00000000	2.93268		0.15098  0.2  0.2		4.1705503158		-1.0
	1350.00000000	3.0172		0.18446  0.2  0.2		4.1705503158		-1.0
	1380.00000000	2.97625		-0.00269  0.2  0.2		4.1705503158		-1.0
	1410.00000000	2.9707		-0.33221  0.2  0.2		4.1705503158		-1.0
	1440.00000000	2.8472		-0.72482  0.2  0.2		4.1705503158		-1.0
	1470.00000000	2.78969		-0.99819  0.2  0.2		4.1705503158		-1.0
	1500.00000000	3.01197		-1.09103  0.2  0.2		4.1705503158		-1.0
	1530.00000000	3.00752		-1.30086  0.2  0.2		4.1705503158		-1.0
	1560.00000000	2.95133		-1.27079  0.2  0.2		4.1705503158		-1.0
	1590.00000000	2.97651		-1.23393  0.2  0.2		4.1705503158		-1.0
	1620.00000000	2.81967		-0.8856  0.2  0.2		4.1705503158		-1.0
	1650.00000000	2.87757		-0.47902  0.2  0.2		4.1705503158		-1.0
	1680.00000000	3.02908		-0.67584  0.2  0.2		4.1705503158		-1.0
	1710.00000000	2.96328		-0.77585  0.2  0.2		4.1705503158		-1.0
	1740.00000000	2.84332		-1.06767  0.2  0.2		4.1705503158		-1.0
	1770.00000000	3.08938		-1.32247  0.2  0.2		4.1705503158		-1.0
	1800.00000000	2.79413		-1.40884  0.2  0.2		4.1705503158		-1.0
	1830.00000000	2.98048		-1.63144  0.2  0.2		4.1705503158		-1.0
	1860.00000000	3.06523		-1.61807  0.2  0.2		4.1705503158		-1.0
	1890.00000000	2.90087		-1.57378  0.2  0.2		4.1705503158		-1.0
	1920.00000000	3.01899		-1.76643  0.2  0.2		4.1705503158		-1.0
	1950.00000000	3.12881		-1.63456  0.2  0.2		4.1705503158		-1.0
	1980.00000000	2.77802		-1.70638  0.2  0.2		4.1705503158		-1.0
	2010.00000000	2.98921		-2.00972  0.2  0.2		4.1705503158		-1.0
	2040.00000000	3.20314		-2.12772  0.2  0.2		4.1705503158		-1.0
	2070.00000000	3.01898		-2.14696  0.2  0.2		4.1705503158		-1.0
	2100.00000000	2.77009		-2.15175  0.2  0.2		4.1705503158		-1.0
	2130.00000000	2.75638		-1.80841  0.2  0.2		4.1705503158		-1.0
	2160.00000000	3.00816		-1.61106  0.2  0.2		4.1705503158		-1.0
	2190.00000000	2.73843		-1.46797  0.2  0.2		4.1705503158		-1.0
	2220.00000000	2.87966		-1.54678  0.2  0.2		4.1705503158		-1.0
	2250.00000000	2.87038		-1.76417  0.2  0.2		4.1705503158		-1.0
	2280.00000000	2.92126		-1.80701  0.2  0.2		4.1705503158		-1.0
	2310.00000000	2.98448		-1.90176  0.2  0.2		4.1705503158		-1.0
	2340.00000000	2.94493		-2.0976  0.2  0.2		4.1705503158		-1.0
	2370.00000000	2.95264		-2.25534  0.2  0.2		4.1705503158		-1.0
	2400.00000000	2.80323		-2.31127  0.2  0.2		4.1705503158		-1.0
	2430.00000000	2.93914		-2.47142  0.2  0.2		4.1705503158		-1.0
	2460.00000000	3.09991		-2.44844  0.2  0.2		4.1705503158		-1.0
	2490.00000000	2.86914		-2.29302  0.2  0.2		4.1705503158		-1.0
	2520.00000000	3.08754		-2.29789  0.2  0.2		4.1705503158		-1.0
	2550.00000000	2.95103		-2.29036  0.2  0.2		4.1705503158		-1.0
	2580.00000000	3.14678		-2.39302  0.2  0.2		4.1705503158		-1.0
	2610.00000000	2.90246		-2.57294  0.2  0.2		4.1705503158		-1.0
	2640.00000000	2.95894		-2.68002  0.2  0.2		4.1705503158		-1.0
	2670.00000000	2.79786		-2.61662  0.2  0.2		4.1705503158		-1.0
	2700.00000000	3.25584		-2.67599  0.2  0.2		4.1705503158		-1.0
	2730.00000000	3.09037		-2.64262  0.2  0.2		4.1705503158		-1.0
	2760.00000000	2.76506		-2.41321  0.2  0.2		4.1705503158		-1.0
	2790.00000000	2.90639		-2.09539  0.2  0.2		4.1705503158		-1.0
	2820.00000000	2.71698		-2.02566  0.2  0.2		4.1705503158		-1.0
	2850.00000000	3.31137		-2.00604  0.2  0.2		4.1705503158		-1.0
	2880.00000000	2.73225		-1.7458  0.2  0.2		4.1705503158		-1.0
	2910.00000000	3.19564		-1.33466  0.2  0.2		4.1705503158		-1.0
	2940.00000000	2.91204		-1.11296  0.2  0.2		4.1705503158		-1.0
	2970.00000000	2.87754		-1.00506  0.2  0.2		4.1705503158		-1.0
	3000.00000000	3.04113		-0.80451  0.2  0.2		4.1705503158		-1.0
	3030.00000000	2.85942		-0.89414  0.2  0.2		4.1705503158		-1.0
	3060.00000000	2.75306		-0.99038  0.2  0.2		4.1705503158		-1.0
	3090.00000000	3.13361		-1.09933  0.2  0.2		4.1705503158		-1.0
	3120.00000000	3.02702		-0.81295  0.2  0.2		4.1705503158		-1.0
	3150.00000000	2.87761		-0.49608  0.2  0.2		4.1705503158		-1.0
	3180.00000000	2.80905		-0.31031  0.2  0.2		4.1705503158		-1.0
	3210.00000000	2.83108		0.03208  0.2  0.2		4.1705503158		-1.0
	3240.00000000	2.99981		0.1239  0.2  0.2		4.1705503158		-1.0
	3270.00000000	2.86569		-0.23354  0.2  0.2		4.1705503158		-1.0
	3300.00000000	3.05259		-0.39612  0.2  0.2		4.1705503158		-1.0
	3330.00000000	3.05093		-0.36703  0.2  0.2		4.1705503158		-1.0
	3360.00000000	2.94546		-0.14966  0.2  0.2		4.1705503158		-1.0
	3390.00000000	3.16253		-0.41762  0.2  0.2		4.1705503158		-1.0
	3420.00000000	3.12356		-0.63519  0.2  0.2		4.1705503158		-1.0
	3450.00000000	3.2155		-0.86335  0.2  0.2		4.1705503158		-1.0
	3480.00000000	3.26925		-1.10458  0.2  0.2		4.1705503158		-1.0
	3510.00000000	3.14983		-1.05214  0.2  0.2		4.1705503158		-1.0
	3540.00000000	3.17376		-0.76931  0.2  0.2		4.1705503158		-1.0
	3570.00000000	3.16136		-0.81405  0.2  0.2		4.1705503158		-1.0
	3600.00000000	2.7504		-0.73611  0.2  0.2		4.1705503158		-1.0
	3630.00000000	2.75124		-0.62886  0.2  0.2		4.1705503158		-1.0
	3660.00000000	2.85334		-0.8583  0.2  0.2		4.1705503158		-1.0
	3690.00000000	2.94144		-1.24772  0.2  0.2		4.1705503158		-1.0
	3720.00000000	2.84841		-1.4334  0.2  0.2		4.1705503158		-1.0
	3750.00000000	2.76463		-1.29518  0.2  0.2		4.1705503158		-1.0
	3780.00000000	2.75471		-1.29786  0.2  0.2		4.1705503158		-1.0
	3810.00000000	2.88548		-1.21402  0.2  0.2		4.1705503158		-1.0
	3840.00000000	2.7075		-1.03818  0.2  0.2		4.1705503158		-1.0
	3870.00000000	2.78005		-0.8684  0.2  0.2		4.1705503158		-1.0
	3900.00000000	3.4195		-0.96454  0.2  0.2		4.1705503158		-1.0
	3930.00000000	2.91541		-1.03391  0.2  0.2		4.1705503158		-1.0
	3960.00000000	3.35985		-0.76528  0.2  0.2		4.1705503158		-1.0
	3990.00000000	3.09332		-0.4669  0.2  0.2		4.1705503158		-1.0
	4020.00000000	2.74975		-0.22779  0.2  0.2		4.1705503158		-1.0
	4050.00000000	3.26679		-0.09377  0.2  0.2		4.1705503158		-1.0
	4080.00000000	2.86747		0.34666  0.2  0.2		4.1705503158		-1.0
	4110.00000000	2.80649		0.69802  0.2  0.2		4.1705503158		-1.0
	4140.00000000	2.90122		0.7397  0.2  0.2		4.1705503158		-1.0
	4170.00000000	2.92598		0.76435  0.2  0.2		4.1705503158		-1.0
	4200.00000000	2.82386		0.98675  0.2  0.2		4.1705503158		-1.0
	4230.00000000	2.92531		1.04056  0.2  0.2		4.1705503158		-1.0
	4260.00000000	2.7129		1.17068  0.2  0.2		4.1705503158		-1.0
	4290.00000000	3.0402		1.04964  0.2  0.2		4.1705503158		-1.0
	4320.00000000	3.10772		1.26205  0.2  0.2		4.1705503158		-1.0
	4350.00000000	2.8116		1.50284  0.2  0.2		4.1705503158		-1.0
	4380.00000000	3.06013		1.7179  0.2  0.2		4.1705503158		-1.0
	4410.00000000	2.87685		1.90107  0.2  0.2		4.1705503158		-1.0
	4440.00000000	2.78978		1.84082  0.2  0.2		4.1705503158		-1.0
	4470.00000000	2.96162		1.63064  0.2  0.2		4.1705503158		-1.0
	4500.00000000	2.75		1.66178  0.2  0.2		4.1705503158		-1.0
	4530.00000000	3.18624		1.60399  0.2  0.2		4.1705503158		-1.0
	4560.00000000	2.76635		1.70931  0.2  0.2		4.1705503158		-1.0
	4590.00000000	3.28773		1.95443  0.2  0.2		4.1705503158		-1.0
	4620.00000000	2.80523		2.20145  0.2  0.2		4.1705503158		-1.0
	4650.00000000	2.76052		2.4303  0.2  0.2		4.1705503158		-1.0
	4680.00000000	2.81581		2.40181  0.2  0.2		4.1705503158		-1.0
	4710.00000000	3.11977		2.53317  0.2  0.2		4.1705503158		-1.0
	4740.00000000	2.85625		2.76691  0.2  0.2		4.1705503158		-1.0
	4770.00000000	2.88995		2.69084  0.2  0.2		4.1705503158		-1.0
	4800.00000000	3.12914		2.65103  0.2  0.2		4.1705503158		-1.0
	4830.00000000	2.69683		2.81963  0.2  0.2		4.1705503158		-1.0
	4860.00000000	3.23497		2.86988  0.2  0.2		4.1705503158		-1.0
	4890.00000000	2.93344		2.75729  0.2  0.2		4.1705503158		-1.0
	4920.00000000	3.06531		2.61951  0.2  0.2		4.1705503158		-1.0
	4950.00000000	2.94852		2.40503  0.2  0.2		4.1705503158		-1.0
	4980.00000000	2.7269		2.33809  0.2  0.2		4.1705503158		-1.0
	5010.00000000	2.83158		2.28499  0.2  0.2		4.1705503158		-1.0
	5040.00000000	3.09942		2.27107  0.2  0.2		4.1705503158		-1.0
	5070.00000000	3.10695		1.99506  0.2  0.2		4.1705503158		-1.0
	5100.00000000	3.27713		2.05637  0.2  0.2		4.1705503158		-1.0
	5130.00000000	3.25648		2.27836  0.2  0.2		4.1705503158		-1.0
	5160.00000000	3.08741		2.24231  0.2  0.2		4.1705503158		-1.0
	5190.00000000	3.20921		2.07714  0.2  0.2		4.1705503158		-1.0
	5220.00000000	2.73926		2.07186  0.2  0.2		4.1705503158		-1.0
	5250.00000000	3.00479		1.92568  0.2  0.2		4.1705503158		-1.0
	5280.00000000	2.78075		1.81832  0.2  0.2		4.1705503158		-1.0
	5310.00000000	2.99282		1.79598  0.2  0.2		4.1705503158		-1.0
	5340.00000000	3.22277		1.5632  0.2  0.2		4.1705503158		-1.0
	5370.00000000	2.8039		1.49832  0.2  0.2		4.1705503158		-1.0
	5400.00000000	3.24205		1.49956  0.2  0.2		4.1705503158		-1.0
	5430.00000000	2.80444		1.38227  0.2  0.2		4.1705503158		-1.0
	5460.00000000	3.23997		1.37447  0.2  0.2		4.1705503158		-1.0
	5490.00000000	2.98766		1.38811  0.2  0.2		4.1705503158		-1.0
	5520.00000000	2.94132		1.46058  0.2  0.2		4.1705503158		-1.0
	5550.00000000	3.23707		1.51583  0.2  0.2		4.1705503158		-1.0
	5580.00000000	3.28393		1.40255  0.2  0.2		4.1705503158		-1.0
	5610.00000000	3.05685		1.20876  0.2  0.2		4.1705503158		-1.0
	5640.00000000	2.68271		0.97782  0.2  0.2		4.1705503158		-1.0
	5670.00000000	2.77201		0.55936  0.2  0.2		4.1705503158		-1.0
	5700.00000000	3.04061		0.27249  0.2  0.2		4.1705503158		-1.0
	5730.00000000	2.90532		0.34921  0.2  0.2		4.1705503158		-1.0
	5760.00000000	3.06992		0.64134  0.2  0.2		4.1705503158		-1.0
	5790.00000000	3.12761		0.74112  0.2  0.2		4.1705503158		-1.0
	5820.00000000	3.10848		0.74869  0.2  0.2		4.1705503158		-1.0
	5850.00000000	3.29091		1.09119  0.2  0.2		4.1705503158		-1.0
	5880.00000000	2.84431		1.01631  0.2  0.2		4.1705503158		-1.0
	5910.00000000	2.77914		0.48987  0.2  0.2		4.1705503158		-1.0
	5940.00000000	2.74068		0.36396  0.2  0.2		4.1705503158		-1.0
	5970.00000000	3.06499		0.24473  0.2  0.2		4.1705503158		-1.0
	6000.00000000	3.15668		-0.05636  0.2  0.2		4.1705503158		-1.0
	6030.00000000	3.32174		-0.47225  0.2  0.2		4.1705503158		-1.0
	6060.00000000	2.68905		-0.56278  0.2  0.2		4.1705503158		-1.0
	6090.00000000	2.68482		-0.42756  0.2  0.2		4.1705503158		-1.0
	6120.00000000	2.79543		-0.14934  0.2  0.2		4.1705503158		-1.0
	6150.00000000	3.17252		0.00544  0.2  0.2		4.1705503158		-1.0
	6180.00000000	2.90596		0.11863  0.2  0.2		4.1705503158		-1.0
	6210.00000000	2.77904		-0.00996  0.2  0.2		4.1705503158		-1.0
	6240.00000000	2.81835		-0.13449  0.2  0.2		4.1705503158		-1.0
	6270.00000000	2.86588		-0.06449  0.2  0.2		4.1705503158		-1.0
	6300.00000000	2.70672		0.09847  0.2  0.2		4.1705503158		-1.0
	6330.00000000	2.90635		0.36438  0.2  0.2		4.1705503158		-1.0
	6360.00000000	3.11634		0.99362  0.2  0.2		4.1705503158		-1.0
	6390.00000000	2.98418		1.18552  0.2  0.2		4.1705503158		-1.0
	6420.00000000	2.86557		0.89682  0.2  0.2		4.1705503158		-1.0
	6450.00000000	2.87099		0.45999  0.2  0.2		4.1705503158		-1.0
	6480.00000000	3.10705		0.63287  0.2  0.2		4.1705503158		-1.0
	6510.00000000	2.78949		0.9349  0.2  0.2		4.1705503158		-1.0
	6540.00000000	2.82861		0.86705  0.2  0.2		4.1705503158		-1.0
	6570.00000000	2.78851		0.76552  0.2  0.2		4.1705503158		-1.0
	6600.00000000	2.79205		0.61087  0.2  0.2		4.1705503158		-1.0
	6630.00000000	3.01401		0.32523  0.2  0.2		4.1705503158		-1.0
	6660.00000000	3.17382		0.2846  0.2  0.2		4.1705503158		-1.0
	6690.00000000	3.26893		0.3986  0.2  0.2		4.1705503158		-1.0
	6720.00000000	3.38565		0.49243  0.2  0.2		4.1705503158		-1.0
	6750.00000000	3.27953		1.03235  0.2  0.2		4.1705503158		-1.0
	6780.00000000	2.99697		0.90224  0.2  0.2		4.1705503158		-1.0
	6810.00000000	3.3262		0.52416  0.2  0.2		4.1705503158		-1.0
	6840.00000000	3.06615		0.47178  0.2  0.2		4.1705503158		-1.0
	6870.00000000	3.22462		0.69886  0.2  0.2		4.1705503158		-1.0
	6900.00000000	3.39422		1.0652  0.2  0.2		4.1705503158		-1.0
	6930.00000000	3.2488		1.11771  0.2  0.2		4.1705503158		-1.0
	6960.00000000	3.41152		1.22161  0.2  0.2		4.1705503158		-1.0
	6990.00000000	3.34574		1.19923  0.2  0.2		4.1705503158		-1.0
	7020.00000000	2.74099		1.4358  0.2  0.2		4.1705503158		-1.0
	7050.00000000	3.09821		1.61374  0.2  0.2		4.1705503158		-1.0
	7080.00000000	2.6928		1.47512  0.2  0.2		4.1705503158		-1.0
	7110.00000000	2.72004		1.32855  0.2  0.2		4.1705503158		-1.0
	7140.00000000	2.68418		1.22053  0.2  0.2		4.1705503158		-1.0
	7170.00000000	2.72087		1.42646  0.2  0.2		4.1705503158		-1.0
	7200.00000000	2.84293		1.76414  0.2  0.2		4.1705503158		-1.0
	7230.00000000	3.41611		1.68408  0.2  0.2		4.1705503158		-1.0
	7260.00000000	3.17105		1.82227  0.2  0.2		4.1705503158		-1.0
	7290.00000000	3.3201		1.66004  0.2  0.2		4.1705503158		-1.0
	7320.00000000	2.70377		1.56271  0.2  0.2		4.1705503158		-1.0
	7350.00000000	3.30736		1.79129  0.2  0.2		4.1705503158		-1.0
	7380.00000000	3.30169		1.98178  0.2  0.2		4.1705503158		-1.0
	7410.00000000	3.28276		2.04675  0.2  0.2		4.1705503158		-1.0
	7440.00000000	3.14581		1.90623  0.2  0.2		4.1705503158		-1.0
	7470.00000000	2.83596		1.62789  0.2  0.2		4.1705503158		-1.0
	7500.00000000	3.20272		1.6453  0.2  0.2		4.1705503158		-1.0
	7530.00000000	2.91198		1.72719  0.2  0.2		4.1705503158		-1.0
	7560.00000000	2.70069		1.81355  0.2  0.2		4.1705503158		-1.0
	7590.00000000	2.76006		1.83905  0.2  0.2		4.1705503158		-1.0
	7620.00000000	2.89653		2.00915  0.2  0.2		4.1705503158		-1.0
	7650.00000000	3.12392		2.29192  0.2  0.2		4.1705503158		-1.0
	7680.00000000	2.99648		2.41727  0.2  0.2		4.1705503158		-1.0
	7710.00000000	2.70495		2.60301  0.2  0.2		4.1705503158		-1.0
	7740.00000000	2.71623		2.95833  0.2  0.2		4.1705503158		-1.0
	7770.00000000	2.89451		3.0917  0.2  0.2		4.1705503158		-1.0
	7800.00000000	2.81534		3.0057  0.2  0.2		4.1705503158		-1.0
	7830.00000000	3.25361		3.14143  0.2  0.2		4.1705503158		-1.0
	7860.00000000	2.8043		-3.05192  0.2  0.2		4.1705503158		-1.0
	7890.00000000	2.80282		-3.09322  0.2  0.2		4.1705503158		-1.0
	7920.00000000	3.18859		-3.12849  0.2  0.2		4.1705503158		-1.0
	7950.00000000	3.13067		-2.90072  0.2  0.2		4.1705503158		-1.0
	7980.00000000	3.32397		-2.75998  0.2  0.2		4.1705503158		-1.0
	8010.00000000	2.69111		-2.94972  0.2  0.2		4.1705503158		-1.0
	8040.00000000	3.37177		-3.11244  0.2  0.2		4.1705503158		-1.0
	8070.00000000	3.17554		2.99058  0.2  0.2		4.1705503158		-1.0
	8100.00000000	3.14104		2.90231  0.2  0.2		4.1705503158		-1.0
	8130.00000000	2.83997		2.93156  0.2  0.2		4.1705503158		-1.0
	8160.00000000	2.86292		2.99582  0.2  0.2		4.1705503158		-1.0
	8190.00000000	3.53005		-3.13707  0.2  0.2		4.1705503158		-1.0
	8220.00000000	2.90541		-3.02918  0.2  0.2		4.1705503158		-1.0
	8250.00000000	2.66918		-2.82944  0.2  0.2		4.1705503158		-1.0
	8280.00000000	3.25184		-2.63466  0.2  0.2		4.1705503158		-1.0
	8310.00000000	3.27183		-2.70113  0.2  0.2		4.1705503158		-1.0
	8340.00000000	3.16388		-2.97641  0.2  0.2		4.1705503158		-1.0
	8370.00000000	2.8213		-2.71136  0.2  0.2		4.1705503158		-1.0
	8400.00000000	2.87878		-2.43964  0.2  0.2		4.1705503158		-1.0
	8430.00000000	2.84954		-2.65995  0.2  0.2		4.1705503158		-1.0
	8460.00000000	2.79761		-2.79488  0.2  0.2		4.1705503158		-1.0
	8490.00000000	2.74432		-2.94321  0.2  0.2		4.1705503158		-1.0
	8520.00000000	2.90335		-2.75701  0.2  0.2		4.1705503158		-1.0
	8550.00000000	3.50413		-2.62538  0.2  0.2		4.1705503158		-1.0
	8580.00000000	3.18264		-2.85399  0.2  0.2		4.1705503158		-1.0
	8610.00000000	3.32218		-2.77957  0.2  0.2		4.1705503158		-1.0
	8640.00000000	3.24558		-2.82941  0.2  0.2		4.1705503158		-1.0
	8670.00000000	2.61983		-2.75892  0.2  0.2		4.1705503158		-1.0
	8700.00000000	3.40148		-2.76979  0.2  0.2		4.1705503158		-1.0
	8730.00000000	2.96916		3.02784  0.2  0.2		4.1705503158		-1.0
	8760.00000000	2.88915		2.81712  0.2  0.2		4.1705503158		-1.0
	8790.00000000	3.39342		2.70508  0.2  0.2		4.1705503158		-1.0
	8820.00000000	3.03477		2.80294  0.2  0.2		4.1705503158		-1.0
	8850.00000000	3.2685		2.88023  0.2  0.2		4.1705503158		-1.0
	8880.00000000	3.21144		2.60775  0.2  0.2		4.1705503158		-1.0
	8910.00000000	3.13413		2.65201  0.2  0.2		4.1705503158		-1.0
	8940.00000000	2.79303		2.74002  0.2  0.2		4.1705503158		-1.0
	8970.00000000	2.85894		2.76135  0.2  0.2		4.1705503158		-1.0
	9000.00000000	2.74416		2.64539  0.2  0.2		4.1705503158		-1.0
	9030.00000000	2.7151		2.44462  0.2  0.2		4.1705503158		-1.0
	9060.00000000	2.67865		2.23136  0.2  0.2		4.1705503158		-1.0
	9090.00000000	2.85019		2.32815  0.2  0.2		4.1705503158		-1.0
	9120.00000000	2.92856		2.42148  0.2  0.2		4.1705503158		-1.0
	9150.00000000	2.86499		2.59758  0.2  0.2		4.1705503158		-1.0
	9180.00000000	2.64709		2.41874  0.2  0.2		4.1705503158		-1.0
	9210.00000000	3.4934		2.2818  0.2  0.2		4.1705503158		-1.0
	9240.00000000	3.16527		2.34632  0.2  0.2		4.1705503158		-1.0
	9270.00000000	3.0923		2.62238  0.2  0.2		4.1705503158		-1.0
	9300.00000000	3.43132		2.79012  0.2  0.2		4.1705503158		-1.0
	9330.00000000	3.04068		3.06308  0.2  0.2		4.1705503158		-1.0
	9360.00000000	3.16003		3.0647  0.2  0.2		4.1705503158		-1.0
	9390.00000000	2.71992		2.81507  0.2  0.2		4.1705503158		-1.0
	9420.00000000	3.00261		2.73916  0.2  0.2		4.1705503158		-1.0
	9450.00000000	3.4124		2.58761  0.2  0.2		4.1705503158		-1.0
	9480.00000000	3.36969		2.48995  0.2  0.2		4.1705503158		-1.0
	9510.00000000	3.32064		2.50519  0.2  0.2		4.1705503158		-1.0
	9540.00000000	3.13973		2.26568  0.2  0.2		4.1705503158		-1.0
	9570.00000000	3.38518		2.25435  0.2  0.2		4.1705503158		-1.0
	9600.00000000	3.57399		2.15333  0.2  0.2		4.1705503158		-1.0
	9630.00000000	3.08536		2.1685  0.2  0.2		4.1705503158		-1.0
	9660.00000000	2.6422		2.11284  0.2  0.2		4.1705503158		-1.0
	9690.00000000	2.70258		1.99338  0.2  0.2		4.1705503158		-1.0
	9720.00000000	2.68762		1.85678  0.2  0.2		4.1705503158		-1.0
	9750.00000000	2.76424		2.00325  0.2  0.2		4.1705503158		-1.0
	9780.00000000	2.8102		2.11533  0.2  0.2		4.1705503158		-1.0
	9810.00000000	2.68129		2.1851  0.2  0.2		4.1705503158		-1.0
	9840.00000000	2.9677		2.07586  0.2  0.2		4.1705503158		-1.0
	9870.00000000	3.46425		2.02299  0.2  0.2		4.1705503158		-1.0
	9900.00000000	3.41401		1.88929  0.2  0.2		4.1705503158		-1.0
	9930.00000000	3.48769		1.54739  0.2  0.2		4.1705503158		-1.0
	9960.00000000	3.21219		1.4259  0.2  0.2		4.1705503158		-1.0
	9990.00000000	3.03977		1.44147  0.2  0.2		4.1705503158		-1.0
	10020.00000000	3.39623		1.63993  0.2  0.2		4.1705503158		-1.0
	10050.00000000	3.59297		1.58851  0.2  0.2		4.1705503158		-1.0
	10080.00000000	3.25261		1.63468  0.2  0.2		4.1705503158		-1.0
	10110.00000000	2.59651		1.49281  0.2  0.2		4.1705503158		-1.0
	10140.00000000	2.70079		1.10819  0.2  0.2		4.1705503158		-1.0
	10170.00000000	2.93653		1.04422  0.2  0.2		4.1705503158		-1.0
	10200.00000000	3.2494		0.88266  0.2  0.2		4.1705503158		-1.0
	10230.00000000	3.35457		0.77646  0.2  0.2		4.1705503158		-1.0
	10260.00000000	3.12725		0.643  0.2  0.2		4.1705503158		-1.0
	10290.00000000	3.08757		0.6178  0.2  0.2		4.1705503158		-1.0
	10320.00000000	3.20527		0.14983  0.2  0.2		4.1705503158		-1.0
	10350.00000000	3.08821		-0.45603  0.2  0.2		4.1705503158		-1.0
	10380.00000000	2.70346		-0.67813  0.2  0.2		4.1705503158		-1.0
	10410.00000000	3.10673		-0.66047  0.2  0.2		4.1705503158		-1.0
	10440.00000000	2.87343		-0.54661  0.2  0.2		4.1705503158		-1.0
	10470.00000000	2.82814		-0.39637  0.2  0.2		4.1705503158		-1.0
	10500.00000000	2.71348		-0.66724  0.2  0.2		4.1705503158		-1.0
	10530.00000000	2.76552		-0.95162  0.2  0.2		4.1705503158		-1.0
	10560.00000000	2.7673		-1.15862  0.2  0.2		4.1705503158		-1.0
	10590.00000000	2.90867		-1.44058  0.2  0.2		4.1705503158		-1.0
	10620.00000000	2.7393		-1.46052  0.2  0.2		4.1705503158		-1.0
	10650.00000000	2.71783		-1.39403  0.2  0.2		4.1705503158		-1.0
	10680.00000000	2.73889		-1.53745  0.2  0.2		4.1705503158		-1.0
	10710.00000000	3.10331		-1.70079  0.2  0.2		4.1705503158		-1.0
	10740.00000000	3.09611		-1.91148  0.2  0.2		4.1705503158		-1.0
	10770.00000000	3.07623		-1.83087  0.2  0.2		4.1705503158		-1.0
	10800.00000000	3.18969		-1.75676  0.2  0.2		4.1705503158		-1.0
	10830.00000001	3.08151		-1.70689  0.2  0.2		4.1705503158		-1.0
	10860.00000001	3.46629		-1.37982  0.2  0.2		4.1705503158		-1.0
	10890.00000001	3.20701		-1.07241  0.2  0.2		4.1705503158		-1.0
	10920.00000001	3.07042		-1.33061  0.2  0.2		4.1705503158		-1.0
	10950.00000001	3.23935		-1.51737  0.2  0.2		4.1705503158		-1.0
	10980.00000001	3.21752		-1.79479  0.2  0.2		4.1705503158		-1.0
	11010.00000001	3.21321		-1.92179  0.2  0.2		4.1705503158		-1.0
	11040.00000001	3.00333		-1.92038  0.2  0.2		4.1705503158		-1.0
	11070.00000001	2.75578		-1.98995  0.2  0.2		4.1705503158		-1.0
	11100.00000001	2.70598		-1.95295  0.2  0.2		4.1705503158		-1.0
	11130.00000001	2.76904		-2.11899  0.2  0.2		4.1705503158		-1.0
	11160.00000001	2.73714		-2.14881  0.2  0.2		4.1705503158		-1.0
	11190.00000001	2.81167		-2.17691  0.2  0.2		4.1705503158		-1.0
	11220.00000001	3.27497		-2.27434  0.2  0.2		4.1705503158		-1.0
	11250.00000001	3.22279		-2.05076  0.2  0.2		4.1705503158		-1.0
	11280.00000001	3.21456		-2.25222  0.2  0.2		4.1705503158		-1.0
	11310.00000001	3.38056		-2.35485  0.2  0.2		4.1705503158		-1.0
	11340.00000001	2.70661		-2.26454  0.2  0.2		4.1705503158		-1.0
	11370.00000001	2.75549		-2.43894  0.2  0.2		4.1705503158		-1.0
	11400.00000001	2.69527		-2.37006  0.2  0.2		4.1705503158		-1.0
	11430.00000001	2.81319		-2.51789  0.2  0.2		4.1705503158		-1.0
	11460.00000001	2.86932		-2.53713  0.2  0.2		4.1705503158		-1.0
	11490.00000001	3.55254		-2.38824  0.2  0.2		4.1705503158		-1.0
	11520.00000001	3.3344		-2.32265  0.2  0.2		4.1705503158		-1.0
	11550.00000001	3.12553		-2.28525  0.2  0.2		4.1705503158		-1.0
	11580.00000001	3.48351		-2.10981  0.2  0.2		4.1705503158		-1.0
	11610.00000001	3.47545		-2.03441  0.2  0.2		4.1705503158		-1.0
	11640.00000001	3.17767		-1.98954  0.2  0.2		4.1705503158		-1.0
	11670.00000001	3.59958		-2.06557  0.2  0.2		4.1705503158		-1.0
	11700.00000001	3.18709		-2.0551  0.2  0.2		4.1705503158		-1.0
	11730.00000001	3.80891		-2.04659  0.2  0.2		4.1705503158		-1.0
	11760.00000001	3.34049		-1.86539  0.2  0.2		4.1705503158		-1.0
	11790.00000001	3.34454		-1.84384  0.2  0.2		4.1705503158		-1.0
	11820.00000001	3.59217		-2.00278  0.2  0.2		4.1705503158		-1.0
	11850.00000001	3.02633		-2.0969  0.2  0.2		4.1705503158		-1.0
	11880.00000001	2.77794		-2.17027  0.2  0.2		4.1705503158		-1.0
	11910.00000001	3.74928		-2.37394  0.2  0.2		4.1705503158		-1.0
	11940.00000001	3.12419		-2.53247  0.2  0.2		4.1705503158		-1.0
	11970.00000001	3.25966		-2.53117  0.2  0.2		4.1705503158		-1.0
	12000.00000001	3.71551		-2.56508  0.2  0.2		4.1705503158		-1.0
	12030.00000001	3.20442		-2.47753  0.2  0.2		4.1705503158		-1.0
	12060.00000001	3.53343		-2.61746  0.2  0.2		4.1705503158		-1.0
	12090.00000001	2.89544		-2.71077  0.2  0.2		4.1705503158		-1.0
	12120.00000001	2.7054		-2.88258  0.2  0.2		4.1705503158		-1.0
	12150.00000001	2.71944		-2.82129  0.2  0.2		4.1705503158		-1.0
	12180.00000001	2.65811		-2.92234  0.2  0.2		4.1705503158		-1.0
	12210.00000001	3.4818		-3.05123  0.2  0.2		4.1705503158		-1.0
	12240.00000001	3.24444		3.07598  0.2  0.2		4.1705503158		-1.0
	12270.00000001	3.34343		3.00945  0.2  0.2		4.1705503158		-1.0
	12300.00000001	3.43397		2.93937  0.2  0.2		4.1705503158		-1.0
	12330.00000001	3.4277		2.90362  0.2  0.2		4.1705503158		-1.0
	12360.00000001	3.43066		2.66806  0.2  0.2		4.1705503158		-1.0
	12390.00000001	2.99106		2.63195  0.2  0.2		4.1705503158		-1.0
	12420.00000001	2.86528		2.63474  0.2  0.2		4.1705503158		-1.0
	12450.00000001	2.67954		2.87082  0.2  0.2		4.1705503158		-1.0
	12480.00000001	2.67117		2.9894  0.2  0.2		4.1705503158		-1.0
	12510.00000001	2.69571		-3.07457  0.2  0.2		4.1705503158		-1.0
	12540.00000001	2.66961		3.06186  0.2  0.2		4.1705503158		-1.0
	12570.00000001	2.87603		3.03035  0.2  0.2		4.1705503158		-1.0
	12600.00000001	3.11868		-3.11238  0.2  0.2		4.1705503158		-1.0
	12630.00000001	3.58096		-3.04699  0.2  0.2		4.1705503158		-1.0
	12660.00000001	3.56672		3.1329  0.2  0.2		4.1705503158		-1.0
	12690.00000001	3.53658		2.92569  0.2  0.2		4.1705503158		-1.0
	12720.00000001	3.5116		2.87297  0.2  0.2		4.1705503158		-1.0
	12750.00000001	3.70449		2.99183  0.2  0.2		4.1705503158		-1.0
	12780.00000001	3.87875		3.05243  0.2  0.2		4.1705503158		-1.0
	12810.00000001	3.11448		2.93315  0.2  0.2		4.1705503158		-1.0
	12840.00000001	2.63272		-3.01382  0.2  0.2		4.1705503158		-1.0
	12870.00000001	3.36272		-2.93305  0.2  0.2		4.1705503158		-1.0
	12900.00000001	3.62152		-3.0023  0.2  0.2		4.1705503158		-1.0
	12930.00000001	3.02132		-2.98946  0.2  0.2		4.1705503158		-1.0
	12960.00000001	3.36657		-2.93949  0.2  0.2		4.1705503158		-1.0
	12990.00000001	3.17017		-2.86124  0.2  0.2		4.1705503158		-1.0
	13020.00000001	2.84996		-2.91725  0.2  0.2		4.1705503158		-1.0
	13025.00000001	2.8861		-2.89308  0.2  0.2		4.1705503158		-1.0
	13055.00000001	3.2191		-2.80194  0.2  0.2		4.1705503158		-1.0
	13085.00000001	3.93481		-2.62155  0.2  0.2		4.1705503158		-1.0
	13115.00000001	3.34477		-2.74765  0.2  0.2		4.1705503158		-1.0
	13145.00000001	3.14108		-2.86571  0.2  0.2		4.1705503158		-1.0
	13175.00000001	2.85506		-2.83658  0.2  0.2		4.1705503158		-1.0
	13205.00000001	2.76179		-2.68501  0.2  0.2		4.1705503158		-1.0
	13235.00000001	2.71015		-2.58017  0.2  0.2		4.1705503158		-1.0
	13265.00000001	2.62146		-2.44828  0.2  0.2		4.1705503158		-1.0
	13295.00000001	3.11749		-2.53254  0.2  0.2		4.1705503158		-1.0
	13325.00000001	3.26519		-2.30864  0.2  0.2		4.1705503158		-1.0
	13355.00000001	3.32162		-2.38456  0.2  0.2		4.1705503158		-1.0
	13385.00000001	3.46648		-2.54009  0.2  0.2		4.1705503158		-1.0
	13415.00000001	3.65193		-2.7184  0.2  0.2		4.1705503158		-1.0
	13445.00000001	3.65719		-2.90672  0.2  0.2		4.1705503158		-1.0
	13475.00000001	3.68672		-2.81072  0.2  0.2		4.1705503158		-1.0
	13505.00000001	3.65718		-2.67628  0.2  0.2		4.1705503158		-1.0
	13535.00000001	2.9539		-2.38205  0.2  0.2		4.1705503158		-1.0
	13565.00000001	2.87159		-2.13471  0.2  0.2		4.1705503158		-1.0
	13595.00000001	2.65331		-1.97652  0.2  0.2		4.1705503158		-1.0
	13625.00000001	2.64261		-1.83324  0.2  0.2		4.1705503158		-1.0
	13655.00000001	2.71956		-1.98347  0.2  0.2		4.1705503158		-1.0
	13685.00000001	2.79046		-1.6325  0.2  0.2		4.1705503158		-1.0
	13715.00000001	2.70942		-1.67305  0.2  0.2		4.1705503158		-1.0
	13745.00000001	2.78413		-1.61165  0.2  0.2		4.1705503158		-1.0
	13775.00000001	2.82497		-1.26802  0.2  0.2		4.1705503158		-1.0
	13805.00000001	2.71814		-1.19684  0.2  0.2		4.1705503158		-1.0
	13835.00000001	2.73339		-1.47033  0.2  0.2		4.1705503158		-1.0
	13865.00000001	2.67232		-1.56891  0.2  0.2		4.1705503158		-1.0
	13895.00000001	2.67413		-1.15173  0.2  0.2		4.1705503158		-1.0
	13925.00000001	2.78907		-0.80647  0.2  0.2		4.1705503158		-1.0
	13955.00000001	2.90981		-0.52663  0.2  0.2		4.1705503158		-1.0
	13985.00000001	3.30778		-0.20937  0.2  0.2		4.1705503158		-1.0
	14015.00000001	3.12223		-0.19937  0.2  0.2		4.1705503158		-1.0
	14045.00000001	3.336		-0.18901  0.2  0.2		4.1705503158		-1.0
	14075.00000001	3.27501		-0.04252  0.2  0.2		4.1705503158		-1.0
	14105.00000001	3.43854		0.29104  0.2  0.2		4.1705503158		-1.0
	14135.00000001	3.02856		0.64586  0.2  0.2		4.1705503158		-1.0
	14165.00000001	2.80659		0.69711  0.2  0.2		4.1705503158		-1.0
	14195.00000001	2.72794		0.61489  0.2  0.2		4.1705503158		-1.0
	14225.00000001	2.83258		0.45434  0.2  0.2		4.1705503158		-1.0
	14255.00000000	2.88785		0.14726  0.2  0.2		4.1705503158		-1.0
	14285.00000000	2.7806		0.02599  0.2  0.2		4.1705503158		-1.0
	14315.00000000	2.69715		-0.25057  0.2  0.2		4.1705503158		-1.0
	14345.00000000	3.11537		-0.4883  0.2  0.2		4.1705503158		-1.0
	14375.00000000	3.12032		-0.43251  0.2  0.2		4.1705503158		-1.0
	14405.00000000	3.45014		-0.5929  0.2  0.2		4.1705503158		-1.0
	14435.00000000	3.24709		-0.77427  0.2  0.2		4.1705503158		-1.0
	14465.00000000	3.28804		-1.15667  0.2  0.2		4.1705503158		-1.0
	14495.00000000	3.20058		-1.04597  0.2  0.2		4.1705503158		-1.0
	14525.00000000	3.184		-1.13927  0.2  0.2		4.1705503158		-1.0
	14555.00000000	3.45722		-1.18157  0.2  0.2		4.1705503158		-1.0
	14585.00000000	3.01608		-0.98104  0.2  0.2		4.1705503158		-1.0
	14615.00000000	3.42046		-0.99297  0.2  0.2		4.1705503158		-1.0
	14645.00000000	3.0416		-1.30038  0.2  0.2		4.1705503158		-1.0
	14675.00000000	3.37296		-1.41006  0.2  0.2		4.1705503158		-1.0
	14705.00000000	3.40154		-1.45248  0.2  0.2		4.1705503158		-1.0
	14735.00000000	3.0977		-1.45146  0.2  0.2		4.1705503158		-1.0
	14765.00000000	3.37909		-1.29575  0.2  0.2		4.1705503158		-1.0
	14795.00000000	3.64846		-1.27364  0.2  0.2		4.1705503158		-1.0
	14825.00000000	2.97794		-1.19392  0.2  0.2		4.1705503158		-1.0
	14855.00000000	3.34575		-0.88199  0.2  0.2		4.1705503158		-1.0
	14885.00000000	3.30841		-0.67279  0.2  0.2		4.1705503158		-1.0
	14915.00000000	2.64379		-0.30691  0.2  0.2		4.1705503158		-1.0
	14945.00000000	2.96996		-0.38027  0.2  0.2		4.1705503158		-1.0
	14975.00000000	3.19237		-0.40784  0.2  0.2		4.1705503158		-1.0
	15005.00000000	3.49769		-0.25671  0.2  0.2		4.1705503158		-1.0
	15035.00000000	3.29538		-0.33618  0.2  0.2		4.1705503158		-1.0
	15065.00000000	3.21297		-0.0025  0.2  0.2		4.1705503158		-1.0
	15095.00000000	3.11824		0.02532  0.2  0.2		4.1705503158		-1.0
	15125.00000000	3.38559		0.15409  0.2  0.2		4.1705503158		-1.0
	15155.00000000	3.35301		0.15353  0.2  0.2		4.1705503158		-1.0
	15185.00000000	3.3224		0.25844  0.2  0.2		4.1705503158		-1.0
	15215.00000000	3.18166		0.25403  0.2  0.2		4.1705503158		-1.0
	15245.00000000	2.59511		0.32289  0.2  0.2		4.1705503158		-1.0
	15275.00000000	2.67598		0.30597  0.2  0.2		4.1705503158		-1.0
	15305.00000000	2.7481		0.20218  0.2  0.2		4.1705503158		-1.0
	15335.00000000	2.90094		0.0216  0.2  0.2		4.1705503158		-1.0
	15365.00000000	2.73333		-0.0406  0.2  0.2		4.1705503158		-1.0
	15395.00000000	2.73785		0.098  0.2  0.2		4.1705503158		-1.0
	15425.00000000	2.73433		0.21941  0.2  0.2		4.1705503158		-1.0
	15455.00000000	2.72348		0.36558  0.2  0.2		4.1705503158		-1.0
	15485.00000000	2.67931		0.86111  0.2  0.2		4.1705503158		-1.0
	15515.00000000	2.62159		0.82081  0.2  0.2		4.1705503158		-1.0
	15545.00000000	2.66935		0.77082  0.2  0.2		4.1705503158		-1.0
	15575.00000000	2.71472		0.7269  0.2  0.2		4.1705503158		-1.0
	15605.00000000	2.64263		0.49787  0.2  0.2		4.1705503158		-1.0
	15635.00000000	2.70509		0.67407  0.2  0.2		4.1705503158		-1.0
	15665.00000000	2.7645		0.87158  0.2  0.2		4.1705503158		-1.0
	15695.00000000	2.69035		1.2184  0.2  0.2		4.1705503158		-1.0
	15725.00000000	2.93236		1.45847  0.2  0.2		4.1705503158		-1.0
	15755.00000000	3.71518		1.54962  0.2  0.2		4.1705503158		-1.0
	15785.00000000	3.27423		1.35499  0.2  0.2		4.1705503158		-1.0
	15815.00000000	3.06371		1.30282  0.2  0.2		4.1705503158		-1.0
	15845.00000000	3.62749		1.21197  0.2  0.2		4.1705503158		-1.0
	15875.00000000	3.50344		1.15593  0.2  0.2		4.1705503158		-1.0
	15905.00000000	3.4795		0.92339  0.2  0.2		4.1705503158		-1.0
	15935.00000000	3.52242		0.85496  0.2  0.2		4.1705503158		-1.0
	15965.00000000	3.34909		0.7771  0.2  0.2		4.1705503158		-1.0
	15995.00000000	3.48934		0.73505  0.2  0.2		4.1705503158		-1.0
	16025.00000000	3.10612		0.81978  0.2  0.2		4.1705503158		-1.0
	16055.00000000	3.47892		0.9397  0.2  0.2		4.1705503158		-1.0
	16085.00000000	3.79364		1.07058  0.2  0.2		4.1705503158		-1.0
	16115.00000000	3.26218		1.14466  0.2  0.2		4.1705503158		-1.0
	16145.00000000	2.86976		1.04842  0.2  0.2		4.1705503158		-1.0
	16175.00000000	3.29269		1.10556  0.2  0.2		4.1705503158		-1.0
	16205.00000000	3.82985		1.22858  0.2  0.2		4.1705503158		-1.0
	16235.00000000	3.32329		1.33106  0.2  0.2		4.1705503158		-1.0
	16265.00000000	2.70163		1.36699  0.2  0.2		4.1705503158		-1.0
	16295.00000000	3.7192		0.97876  0.2  0.2		4.1705503158		-1.0
	16325.00000000	3.7925		0.79009  0.2  0.2		4.1705503158		-1.0
	16355.00000000	2.95864		0.75807  0.2  0.2		4.1705503158		-1.0
	16385.00000000	3.88794		0.68291  0.2  0.2		4.1705503158		-1.0
	16415.00000000	3.86808		0.67939  0.2  0.2		4.1705503158		-1.0
	16445.00000000	3.39985		0.71256  0.2  0.2		4.1705503158		-1.0
	16475.00000000	3.51139		0.58784  0.2  0.2		4.1705503158		-1.0
	16505.00000000	3.37565		0.56422  0.2  0.2		4.1705503158		-1.0
	16535.00000000	3.52175		0.53097  0.2  0.2		4.1705503158		-1.0
	16565.00000000	3.48955		0.43841  0.2  0.2		4.1705503158		-1.0
	16595.00000000	3.1697		0.38908  0.2  0.2		4.1705503158		-1.0
	16625.00000000	3.70084		0.4618  0.2  0.2		4.1705503158		-1.0
	16655.00000000	3.67524		0.40417  0.2  0.2		4.1705503158		-1.0
	16685.00000000	3.0299		0.30015  0.2  0.2		4.1705503158		-1.0
	16715.00000000	3.57438		0.33393  0.2  0.2		4.1705503158		-1.0
	16745.00000000	3.4455		0.31508  0.2  0.2		4.1705503158		-1.0
	16775.00000000	3.74741		-0.13236  0.2  0.2		4.1705503158		-1.0
	16805.00000000	3.3133		-0.28227  0.2  0.2		4.1705503158		-1.0
	16835.00000000	3.07448		-0.23109  0.2  0.2		4.1705503158		-1.0
	16865.00000000	2.62717		-0.26699  0.2  0.2		4.1705503158		-1.0
	16895.00000000	2.75408		-0.47632  0.2  0.2		4.1705503158		-1.0
	16925.00000000	2.62914		-0.78244  0.2  0.2		4.1705503158		-1.0
	16955.00000000	2.74385		-1.03984  0.2  0.2		4.1705503158		-1.0
	16985.00000000	3.302		-0.95537  0.2  0.2		4.1705503158		-1.0
	17015.00000000	3.44366		-0.76027  0.2  0.2		4.1705503158		-1.0
	17045.00000000	3.57487		-0.31969  0.2  0.2		4.1705503158		-1.0
	17075.00000000	3.32765		-0.34464  0.2  0.2		4.1705503158		-1.0
	17105.00000000	2.9836		-0.25594  0.2  0.2		4.1705503158		-1.0
	17135.00000000	2.80591		-0.52092  0.2  0.2		4.1705503158		-1.0
	17165.00000000	3.0471		-0.65132  0.2  0.2		4.1705503158		-1.0
	17195.00000000	3.40859		-0.626  0.2  0.2		4.1705503158		-1.0
	17225.00000000	3.58018		-0.52966  0.2  0.2		4.1705503158		-1.0
	17255.00000000	3.1173		-0.40622  0.2  0.2		4.1705503158		-1.0
	17285.00000000	2.68845		-0.53066  0.2  0.2		4.1705503158		-1.0
	17315.00000000	2.59665		-0.91115  0.2  0.2		4.1705503158		-1.0
	17345.00000000	2.62864		-0.98114  0.2  0.2		4.1705503158		-1.0
	17375.00000000	2.64656		-1.23733  0.2  0.2		4.1705503158		-1.0
	17405.00000000	2.62909		-1.53721  0.2  0.2		4.1705503158		-1.0
	17435.00000000	2.66241		-1.44794  0.2  0.2		4.1705503158		-1.0
	17465.00000000	2.70389		-1.54843  0.2  0.2		4.1705503158		-1.0
	17495.00000000	2.64753		-1.51339  0.2  0.2		4.1705503158		-1.0
	17525.00000000	2.67411		-1.69366  0.2  0.2		4.1705503158		-1.0
	17555.00000000	2.79863		-1.79096  0.2  0.2		4.1705503158		-1.0
	17585.00000000	2.67714		-1.74503  0.2  0.2		4.1705503158		-1.0
	17615.00000000	2.85355		-2.03059  0.2  0.2		4.1705503158		-1.0
	17645.00000000	2.91437		-2.21977  0.2  0.2		4.1705503158		-1.0
	17675.00000000	2.78449		-2.35872  0.2  0.2		4.1705503158		-1.0
	17705.00000000	2.57237		-2.49858  0.2  0.2		4.1705503158		-1.0
	17735.00000000	2.69651		-2.37735  0.2  0.2		4.1705503158		-1.0
	17765.00000000	2.70015		-2.23824  0.2  0.2		4.1705503158		-1.0
	17795.00000000	2.64594		-2.37843  0.2  0.2		4.1705503158		-1.0
	17825.00000000	2.78126		-2.44728  0.2  0.2		4.1705503158		-1.0
	17855.00000000	3.41112		-2.31307  0.2  0.2		4.1705503158		-1.0
	17885.00000000	3.63239		-1.98817  0.2  0.2		4.1705503158		-1.0
	17915.00000000	3.35786		-1.63721  0.2  0.2		4.1705503158		-1.0
	17945.00000000	3.17131		-1.54487  0.2  0.2		4.1705503158		-1.0
	17975.00000000	3.43177		-1.57578  0.2  0.2		4.1705503158		-1.0
	18005.00000000	3.30998		-1.50109  0.2  0.2		4.1705503158		-1.0
	18035.00000000	3.26413		-1.52045  0.2  0.2		4.1705503158		-1.0
	18065.00000000	3.62009		-1.57758  0.2  0.2		4.1705503158		-1.0
	18095.00000000	3.46055		-1.51719  0.2  0.2		4.1705503158		-1.0
	18125.00000000	3.30436		-1.56665  0.2  0.2		4.1705503158		-1.0
	18155.00000000	3.78426		-1.66784  0.2  0.2		4.1705503158		-1.0
	18185.00000000	3.02989		-1.59437  0.2  0.2		4.1705503158		-1.0
	18215.00000000	3.54637		-1.44381  0.2  0.2		4.1705503158		-1.0
	18245.00000000	3.70209		-1.20355  0.2  0.2		4.1705503158		-1.0
	18275.00000000	3.62602		-0.86649  0.2  0.2		4.1705503158		-1.0
	18305.00000000	3.37357		-0.94482  0.2  0.2		4.1705503158		-1.0
	18335.00000000	3.32847		-1.1868  0.2  0.2		4.1705503158		-1.0
	18365.00000000	3.63639		-1.41437  0.2  0.2		4.1705503158		-1.0
	18395.00000000	3.30806		-1.61035  0.2  0.2		4.1705503158		-1.0
	18425.00000000	3.81343		-1.66018  0.2  0.2		4.1705503158		-1.0
	18455.00000000	3.72904		-1.59634  0.2  0.2		4.1705503158		-1.0
	18485.00000000	3.27554		-1.76038  0.2  0.2		4.1705503158		-1.0
	18515.00000000	3.66213		-2.08467  0.2  0.2		4.1705503158		-1.0
	18545.00000000	3.40176		-2.13253  0.2  0.2		4.1705503158		-1.0
	18575.00000000	3.67011		-2.17284  0.2  0.2		4.1705503158		-1.0
	18605.00000000	3.91146		-2.33366  0.2  0.2		4.1705503158		-1.0
	18635.00000000	3.42832		-2.34248  0.2  0.2		4.1705503158		-1.0
	18665.00000000	3.13734		-2.26189  0.2  0.2		4.1705503158		-1.0
	18695.00000000	3.20958		-2.1512  0.2  0.2		4.1705503158		-1.0
	18725.00000000	3.6193		-1.90581  0.2  0.2		4.1705503158		-1.0
	18755.00000000	3.45506		-1.79329  0.2  0.2		4.1705503158		-1.0
	18785.00000000	3.40802		-1.89297  0.2  0.2		4.1705503158		-1.0
	18815.00000000	3.18611		-2.07893  0.2  0.2		4.1705503158		-1.0
	18845.00000000	2.6582		-1.98263  0.2  0.2		4.1705503158		-1.0
	18875.00000000	3.57514		-2.07314  0.2  0.2		4.1705503158		-1.0
	18905.00000000	4.37131		-2.12116  0.2  0.2		4.1705503158		-1.0
	18935.00000000	4.17862		-2.21282  0.2  0.2		4.1705503158		-1.0
	18965.00000000	3.10829		-2.29933  0.2  0.2		4.1705503158		-1.0
	18995.00000000	3.07736		-2.36242  0.2  0.2		4.1705503158		-1.0
	19025.00000000	3.97576		-2.42156  0.2  0.2		4.1705503158		-1.0
	19055.00000000	4.31691		-2.43297  0.2  0.2		4.1705503158		-1.0
	19085.00000000	3.89515		-2.38625  0.2  0.2		4.1705503158		-1.0
	19115.00000000	3.20288		-2.3963  0.2  0.2		4.1705503158		-1.0
	19145.00000000	3.71013		-2.57687  0.2  0.2		4.1705503158		-1.0
	19175.00000000	4.03723		-2.48485  0.2  0.2		4.1705503158		-1.0
	19205.00000000	3.85901		-2.08259  0.2  0.2		4.1705503158		-1.0
	19235.00000000	4.08471		-2.04216  0.2  0.2		4.1705503158		-1.0
	19265.00000000	4.288		-1.92961  0.2  0.2		4.1705503158		-1.0
	19295.00000000	3.79079		-1.94798  0.2  0.2		4.1705503158		-1.0
	19325.00000000	3.58304		-1.75946  0.2  0.2		4.1705503158		-1.0
	19355.00000000	3.85639		-1.63834  0.2  0.2		4.1705503158		-1.0
	19385.00000000	3.90118		-1.32889  0.2  0.2		4.1705503158		-1.0
	19415.00000000	3.54677		-1.2155  0.2  0.2		4.1705503158		-1.0
	19445.00000000	3.79107		-1.10337  0.2  0.2		4.1705503158		-1.0
	19475.00000000	3.52948		-0.88237  0.2  0.2		4.1705503158		-1.0
	19505.00000000	2.81519		-0.7034  0.2  0.2		4.1705503158		-1.0
	19535.00000000	2.6232		-0.56502  0.2  0.2		4.1705503158		-1.0
	19565.00000000	2.57603		-0.26126  0.2  0.2		4.1705503158		-1.0
	19595.00000000	2.68866		0.08776  0.2  0.2		4.1705503158		-1.0
	19625.00000000	3.15337		0.01821  0.2  0.2		4.1705503158		-1.0
	19655.00000000	3.5225		-0.20224  0.2  0.2		4.1705503158		-1.0
	19685.00000000	3.69489		-0.02963  0.2  0.2		4.1705503158		-1.0
	19715.00000000	3.44053		0.047  0.2  0.2		4.1705503158		-1.0
	19745.00000000	3.74201		0.07177  0.2  0.2		4.1705503158		-1.0
	19775.00000000	3.21938		-0.07973  0.2  0.2		4.1705503158		-1.0
	19805.00000000	2.67997		-0.14115  0.2  0.2		4.1705503158		-1.0
	19835.00000000	2.69055		-0.41167  0.2  0.2		4.1705503158		-1.0
	19865.00000000	3.01971		-0.70976  0.2  0.2		4.1705503158		-1.0
	19895.00000000	3.90566		-0.92381  0.2  0.2		4.1705503158		-1.0
	19925.00000000	3.67491		-0.81038  0.2  0.2		4.1705503158		-1.0
	19955.00000000	3.38098		-0.74301  0.2  0.2		4.1705503158		-1.0
	19985.00000000	3.79379		-1.07064  0.2  0.2		4.1705503158		-1.0
	20015.00000000	3.88941		-1.11821  0.2  0.2		4.1705503158		-1.0
	20045.00000000	3.53726		-1.061  0.2  0.2		4.1705503158		-1.0
	20075.00000000	2.65933		-1.27525  0.2  0.2		4.1705503158		-1.0
	20105.00000000	2.91879		-1.21054  0.2  0.2		4.1705503158		-1.0
	20135.00000000	3.56565		-1.32226  0.2  0.2		4.1705503158		-1.0
	20165.00000000	3.17527		-1.42569  0.2  0.2		4.1705503158		-1.0
	20195.00000000	2.94171		-1.8706  0.2  0.2		4.1705503158		-1.0
	20225.00000000	2.55727		-1.74667  0.2  0.2		4.1705503158		-1.0
	20255.00000000	2.71159		-1.69354  0.2  0.2		4.1705503158		-1.0
	20285.00000000	2.79964		-1.88606  0.2  0.2		4.1705503158		-1.0
	20315.00000000	3.03658		-1.8525  0.2  0.2		4.1705503158		-1.0
	20345.00000000	2.76071		-1.72622  0.2  0.2		4.1705503158		-1.0
	20375.00000000	2.76744		-1.57806  0.2  0.2		4.1705503158		-1.0
	20405.00000000	3.44248		-1.48689  0.2  0.2		4.1705503158		-1.0
	20435.00000000	4.4511		-1.53945  0.2  0.2		4.1705503158		-1.0
	20465.00000000	4.72995		-1.49399  0.2  0.2		4.1705503158		-1.0
	20495.00000000	4.9061		-1.06312  0.2  0.2		4.1705503158		-1.0
	20525.00000000	4.87884		-0.99751  0.2  0.2		4.1705503158		-1.0
	20555.00000000	4.62009		-1.09953  0.2  0.2		4.1705503158		-1.0
	20585.00000000	3.69548		-1.25491  0.2  0.2		4.1705503158		-1.0
	20615.00000000	2.80194		-1.37755  0.2  0.2		4.1705503158		-1.0
	20645.00000000	2.67429		-1.24122  0.2  0.2		4.1705503158		-1.0
	20675.00000000	2.7212		-1.01994  0.2  0.2		4.1705503158		-1.0
	20705.00000000	2.96346		-0.88205  0.2  0.2		4.1705503158		-1.0
	20734.99999999	3.47083		-0.87018  0.2  0.2		4.1705503158		-1.0
	20764.99999999	3.14261		-0.93594  0.2  0.2		4.1705503158		-1.0
	20794.99999999	3.32118		-1.00799  0.2  0.2		4.1705503158		-1.0
	20824.99999999	3.28452		-0.71005  0.2  0.2		4.1705503158		-1.0
	20854.99999999	3.94367		-0.64019  0.2  0.2		4.1705503158		-1.0
	20884.99999999	3.39518		-0.65136  0.2  0.2		4.1705503158		-1.0
	20914.99999999	3.6916		-0.57052  0.2  0.2		4.1705503158		-1.0
	20944.99999999	3.5371		-0.54858  0.2  0.2		4.1705503158		-1.0
	20974.99999999	3.65889		-0.53976  0.2  0.2		4.1705503158		-1.0
	21004.99999999	3.98341		-0.37233  0.2  0.2		4.1705503158		-1.0
	21034.99999999	3.44451		-0.14839  0.2  0.2		4.1705503158		-1.0
	21064.99999999	3.59391		0.12888  0.2  0.2		4.1705503158		-1.0
	21094.99999999	3.76222		0.12078  0.2  0.2		4.1705503158		-1.0
	21124.99999999	3.59802		0.05485  0.2  0.2		4.1705503158		-1.0
	21154.99999999	3.94792		-0.09306  0.2  0.2		4.1705503158		-1.0
	21184.99999999	3.47985		0.04092  0.2  0.2		4.1705503158		-1.0
	21214.99999999	2.8955		0.19289  0.2  0.2		4.1705503158		-1.0
	21244.99999999	2.73289		-0.01799  0.2  0.2		4.1705503158		-1.0
	21274.99999999	2.56109		-0.36271  0.2  0.2		4.1705503158		-1.0
	21304.99999999	2.64072		-0.66943  0.2  0.2		4.1705503158		-1.0
	21334.99999999	3.28068		-0.61525  0.2  0.2		4.1705503158		-1.0
	21364.99999999	3.74238		-0.53059  0.2  0.2		4.1705503158		-1.0
	21394.99999999	3.81375		-0.38233  0.2  0.2		4.1705503158		-1.0
	21424.99999999	3.71319		-0.38239  0.2  0.2		4.1705503158		-1.0
	21454.99999999	3.7964		-0.46337  0.2  0.2		4.1705503158		-1.0
	21484.99999999	4.25415		-0.17911  0.2  0.2		4.1705503158		-1.0
	21514.99999999	4.68855		-0.09223  0.2  0.2		4.1705503158		-1.0
	21544.99999999	5.32163		-0.1842  0.2  0.2		4.1705503158		-1.0
	21574.99999999	6.23478		-0.00952  0.2  0.2		4.1705503158		-1.0
	21604.99999999	6.95335		0.0995  0.2  0.2		4.1705503158		-1.0
	21634.99999999	7.10599		0.26961  0.2  0.2		4.1705503158		-1.0
	21664.99999999	7.66493		0.19679  0.2  0.2		4.1705503158		-1.0
	21694.99999999	8.69677		0.24122  0.2  0.2		4.1705503158		-1.0
	21724.99999999	9.54039		0.25725  0.2  0.2		4.1705503158		-1.0
	21754.99999999	9.76994		0.13364  0.2  0.2		4.1705503158		-1.0
	21784.99999999	10.14704		0.04966  0.2  0.2		4.1705503158		-1.0
	21814.99999999	10.61058		0.02162  0.2  0.2		4.1705503158		-1.0
	21844.99999999	10.8622		0.06426  0.2  0.2		4.1705503158		-1.0
	21874.99999999	10.59765		0.17446  0.2  0.2		4.1705503158		-1.0
	21904.99999999	10.36721		0.31177  0.2  0.2		4.1705503158		-1.0
	21934.99999999	10.23832		0.39775  0.2  0.2		4.1705503158		-1.0
	21964.99999999	9.75572		0.71324  0.2  0.2		4.1705503158		-1.0
	21994.99999999	9.2149		0.91324  0.2  0.2		4.1705503158		-1.0
	22024.99999999	8.80171		0.87169  0.2  0.2		4.1705503158		-1.0
	22054.99999999	8.42348		1.12561  0.2  0.2		4.1705503158		-1.0
	22084.99999999	8.32995		1.01428  0.2  0.2		4.1705503158		-1.0
	22114.99999999	8.42139		0.64224  0.2  0.2		4.1705503158		-1.0
	22144.99999999	8.40372		0.64475  0.2  0.2		4.1705503158		-1.0
	22174.99999999	7.8648		0.52733  0.2  0.2		4.1705503158		-1.0
	22204.99999999	7.61803		0.45654  0.2  0.2		4.1705503158		-1.0
	22234.99999999	7.17952		0.66509  0.2  0.2		4.1705503158		-1.0
	22264.99999999	6.72399		0.67395  0.2  0.2		4.1705503158		-1.0
	22294.99999999	6.45041		0.77019  0.2  0.2		4.1705503158		-1.0
	22324.99999999	6.22439		0.54754  0.2  0.2		4.1705503158		-1.0
	22354.99999999	5.50914		0.48212  0.2  0.2		4.1705503158		-1.0
	22384.99999999	5.26645		0.63472  0.2  0.2		4.1705503158		-1.0
	22414.99999999	4.73605		0.77275  0.2  0.2		4.1705503158		-1.0
	22444.99999999	3.48165		0.964  0.2  0.2		4.1705503158		-1.0
	22474.99999999	2.57058		1.17233  0.2  0.2		4.1705503158		-1.0
	22504.99999999	2.56048		0.91284  0.2  0.2		4.1705503158		-1.0
	22534.99999999	2.70977		0.55679  0.2  0.2		4.1705503158		-1.0
	22564.99999999	2.88459		0.42281  0.2  0.2		4.1705503158		-1.0
	22594.99999999	3.10477		0.58606  0.2  0.2		4.1705503158		-1.0
	22624.99999999	3.29135		0.48708  0.2  0.2		4.1705503158		-1.0
	22654.99999999	3.25449		0.44096  0.2  0.2		4.1705503158		-1.0
	22684.99999999	3.28571		0.57393  0.2  0.2		4.1705503158		-1.0
	22714.99999999	3.61165		0.66689  0.2  0.2		4.1705503158		-1.0
	22744.99999999	3.26472		0.65948  0.2  0.2		4.1705503158		-1.0
	22774.99999999	3.43186		1.064  0.2  0.2		4.1705503158		-1.0
	22804.99999999	2.86311		1.38168  0.2  0.2		4.1705503158		-1.0
	22834.99999999	2.62764		1.52278  0.2  0.2		4.1705503158		-1.0
	22864.99999999	3.22264		1.44326  0.2  0.2		4.1705503158		-1.0
	22894.99999999	3.25608		1.21058  0.2  0.2		4.1705503158		-1.0
	22924.99999999	3.38524		1.26169  0.2  0.2		4.1705503158		-1.0
	22954.99999999	3.01158		1.27204  0.2  0.2		4.1705503158		-1.0
	22984.99999999	2.71853		1.08485  0.2  0.2		4.1705503158		-1.0
	23014.99999999	2.91546		1.00023  0.2  0.2		4.1705503158		-1.0
	23044.99999999	3.16181		1.08464  0.2  0.2		4.1705503158		-1.0
	23074.99999999	2.65886		1.11925  0.2  0.2		4.1705503158		-1.0
	23104.99999999	2.71587		0.84482  0.2  0.2		4.1705503158		-1.0
	23134.99999999	2.54163		0.75727  0.2  0.2		4.1705503158		-1.0
	23164.99999999	2.75808		0.6107  0.2  0.2		4.1705503158		-1.0
	23194.99999999	2.71082		0.68275  0.2  0.2		4.1705503158		-1.0
	23224.99999999	2.60064		0.53347  0.2  0.2		4.1705503158		-1.0
	23254.99999999	2.62304		0.25105  0.2  0.2		4.1705503158		-1.0
	23284.99999999	2.66256		0.28655  0.2  0.2		4.1705503158		-1.0
	23314.99999999	2.85366		0.39182  0.2  0.2		4.1705503158		-1.0
	23344.99999999	3.2347		0.40332  0.2  0.2		4.1705503158		-1.0
	23374.99999999	3.22453		0.38825  0.2  0.2		4.1705503158		-1.0
	23404.99999999	3.12847		0.08324  0.2  0.2		4.1705503158		-1.0
	23434.99999999	3.32918		0.28583  0.2  0.2		4.1705503158		-1.0
	23464.99999999	3.37271		0.46197  0.2  0.2		4.1705503158		-1.0
	23494.99999999	3.55587		0.32055  0.2  0.2		4.1705503158		-1.0
	23524.99999999	3.44791		0.54687  0.2  0.2		4.1705503158		-1.0
	23554.99999999	3.09862		0.71825  0.2  0.2		4.1705503158		-1.0
	23584.99999999	2.98266		0.96505  0.2  0.2		4.1705503158		-1.0
	23614.99999999	3.23984		1.01414  0.2  0.2		4.1705503158		-1.0
	23644.99999999	3.07166		1.07823  0.2  0.2		4.1705503158		-1.0
	23674.99999999	2.96684		1.51386  0.2  0.2		4.1705503158		-1.0
	23704.99999999	2.7054		1.60481  0.2  0.2		4.1705503158		-1.0
	23734.99999999	2.7065		1.61221  0.2  0.2		4.1705503158		-1.0
	23764.99999999	2.68034		1.8459  0.2  0.2		4.1705503158		-1.0
	23794.99999999	2.57676		1.90186  0.2  0.2		4.1705503158		-1.0
	23824.99999999	3.09141		1.49666  0.2  0.2		4.1705503158		-1.0
	23854.99999999	3.33416		1.35809  0.2  0.2		4.1705503158		-1.0
	23884.99999999	3.7825		1.50926  0.2  0.2		4.1705503158		-1.0
	23914.99999999	3.61209		1.83093  0.2  0.2		4.1705503158		-1.0
	23944.99999999	3.36133		2.23196  0.2  0.2		4.1705503158		-1.0
	23974.99999999	3.65726		2.46744  0.2  0.2		4.1705503158		-1.0
	24004.99999999	3.26556		2.50109  0.2  0.2		4.1705503158		-1.0
	24034.99999999	3.55535		2.23465  0.2  0.2		4.1705503158		-1.0
	24064.99999999	3.29458		2.09038  0.2  0.2		4.1705503158		-1.0
	24094.99999999	3.1853		2.01321  0.2  0.2		4.1705503158		-1.0
	24124.99999999	2.98695		2.10522  0.2  0.2		4.1705503158		-1.0
	24154.99999999	2.61723		2.37385  0.2  0.2		4.1705503158		-1.0
	24184.99999999	2.63073		2.47837  0.2  0.2		4.1705503158		-1.0
	24214.99999999	2.6443		2.47207  0.2  0.2		4.1705503158		-1.0
	24244.99999999	2.59967		2.538  0.2  0.2		4.1705503158		-1.0
	24274.99999999	2.62511		2.60148  0.2  0.2		4.1705503158		-1.0
	24304.99999999	2.65961		2.89085  0.2  0.2		4.1705503158		-1.0
	24334.99999999	2.59641		2.84363  0.2  0.2		4.1705503158		-1.0
	24364.99999999	2.60545		2.85751  0.2  0.2		4.1705503158		-1.0
	24394.99999999	2.57077		2.7983  0.2  0.2		4.1705503158		-1.0
	24424.99999999	2.55526		2.65912  0.2  0.2		4.1705503158		-1.0
	24454.99999999	3.07794		2.37951  0.2  0.2		4.1705503158		-1.0
	24484.99999999	3.56637		2.23385  0.2  0.2		4.1705503158		-1.0
	24514.99999999	3.50458		1.95442  0.2  0.2		4.1705503158		-1.0
	24544.99999999	3.65277		1.83013  0.2  0.2		4.1705503158		-1.0
	24574.99999999	3.58651		1.88507  0.2  0.2		4.1705503158		-1.0
	24604.99999999	3.09754		1.76646  0.2  0.2		4.1705503158		-1.0
	24634.99999999	3.04184		1.65474  0.2  0.2		4.1705503158		-1.0
	24664.99999999	3.55641		1.6756  0.2  0.2		4.1705503158		-1.0
	24694.99999999	3.78422		1.73588  0.2  0.2		4.1705503158		-1.0
	24724.99999999	3.5116		1.83147  0.2  0.2		4.1705503158		-1.0
	24754.99999999	3.91136		2.08314  0.2  0.2		4.1705503158		-1.0
	24784.99999999	3.57088		2.11143  0.2  0.2		4.1705503158		-1.0
	24814.99999999	3.45632		2.319  0.2  0.2		4.1705503158		-1.0
	24844.99999999	3.23948		2.56762  0.2  0.2		4.1705503158		-1.0
	24874.99999999	3.56053		2.61306  0.2  0.2		4.1705503158		-1.0
	24904.99999999	3.60564		2.4337  0.2  0.2		4.1705503158		-1.0
	24934.99999999	2.99611		2.28867  0.2  0.2		4.1705503158		-1.0
	24964.99999999	2.77412		2.5481  0.2  0.2		4.1705503158		-1.0
	24994.99999999	2.75522		2.39533  0.2  0.2		4.1705503158		-1.0
	25024.99999999	2.78112		2.23553  0.2  0.2		4.1705503158		-1.0
	25054.99999999	2.60656		1.99739  0.2  0.2		4.1705503158		-1.0
	25084.99999999	2.69112		1.82034  0.2  0.2		4.1705503158		-1.0
	25114.99999999	2.58605		2.17805  0.2  0.2		4.1705503158		-1.0
	25144.99999999	2.6322		2.24513  0.2  0.2		4.1705503158		-1.0
	25174.99999999	3.1369		2.15655  0.2  0.2		4.1705503158		-1.0
	25204.99999999	3.41501		1.97528  0.2  0.2		4.1705503158		-1.0
	25234.99999999	3.96315		1.92633  0.2  0.2		4.1705503158		-1.0
	25264.99999999	3.44914		2.16308  0.2  0.2		4.1705503158		-1.0
	25294.99999999	3.11104		2.32474  0.2  0.2		4.1705503158		-1.0
	25324.99999999	3.73198		2.54149  0.2  0.2		4.1705503158		-1.0
	25354.99999999	3.78245		2.51962  0.2  0.2		4.1705503158		-1.0
	25384.99999999	3.83439		2.4538  0.2  0.2		4.1705503158		-1.0
	25414.99999999	3.43206		2.41742  0.2  0.2		4.1705503158		-1.0
	25444.99999999	3.22653		2.41069  0.2  0.2		4.1705503158		-1.0
	25474.99999999	3.34728		2.66139  0.2  0.2		4.1705503158		-1.0
	25504.99999999	3.42613		2.78102  0.2  0.2		4.1705503158		-1.0
	25534.99999999	3.24148		2.79631  0.2  0.2		4.1705503158		-1.0
	25564.99999999	3.26412		2.92313  0.2  0.2		4.1705503158		-1.0
	25594.99999999	3.11874		2.69349  0.2  0.2		4.1705503158		-1.0
	25624.99999999	3.70167		2.64564  0.2  0.2		4.1705503158		-1.0
	25654.99999999	3.9891		2.58832  0.2  0.2		4.1705503158		-1.0
	25684.99999999	3.7478		2.55441  0.2  0.2		4.1705503158		-1.0
	25714.99999999	3.07042		2.60354  0.2  0.2		4.1705503158		-1.0
	25744.99999999	3.32719		2.59546  0.2  0.2		4.1705503158		-1.0
	25774.99999999	3.98525		2.58995  0.2  0.2		4.1705503158		-1.0
	25804.99999999	4.39168		2.45762  0.2  0.2		4.1705503158		-1.0
	25834.99999999	4.37173		2.61961  0.2  0.2		4.1705503158		-1.0
