      0.00000000      2.87613      2.98400      0.00000      0.00000      0.00000      0.00000      0.00000      0.00000
      5.00000000      2.88226      2.97135      0.00000      0.00000      0.00000      0.00000      0.00000      0.00000
     10.00000000      2.94769      3.01602      0.00000      0.00000      0.00000      0.00000      0.00000      0.00000
     15.00000000      3.00150      3.05127      0.00000      0.00000      0.00000      0.00000      0.00000      0.00000
     20.00000000      3.00698      3.08511      0.00000      0.00000      0.00000      0.00000      0.00000      0.00000
     25.00000000      2.94909      3.08007      0.00000      0.00000      0.00000      0.00000      0.00000      0.00000
     30.00000000      2.88577      3.06737      0.00000      0.00000      0.00000      0.00000      0.00159      0.00000
     35.00000000      2.87989      3.09724     -0.00023      0.00118      0.00000      0.00000      0.00158      0.00000
     40.00000000      2.92841      3.11259      0.00162      0.00172      0.00000      0.00000      0.00152      0.00000
     45.00000000      3.00487      3.11171      0.00388      0.00144      0.00000      0.00000      0.00130      0.00000
     50.00000000      3.04924      3.04516      0.00463     -0.00063      0.00000      0.00000      0.00113      0.00000
     55.00000000      3.05759      3.04202      0.00470     -0.00069      0.00000      0.00000      0.00109      0.00000
     60.00000000      3.01393      3.02540      0.00407     -0.00133      0.00000      0.00000      0.00286      0.00000
     65.00000000      2.96065      3.01682      0.00065     -0.00215      0.00000      0.00000      0.00298      0.00000
     70.00000000      2.90181      2.94102     -0.00297     -0.00674      0.00000      0.00000      0.00255      0.00000
     75.00000000      2.87821      2.89419     -0.00367     -0.00809      0.00000      0.00000      0.00212      0.00000
     80.00000000      2.89550      2.85284     -0.00251     -0.00878      0.00000      0.00000      0.00182      0.00000
     85.00000000      2.92094      2.83767     -0.00143     -0.00898      0.00000      0.00000      0.00173      0.00000
     90.00000000      2.95368      2.86884     -0.00013     -0.00895      0.00000      0.00000      0.00363      0.00000
     95.00000000      2.95958      2.93244      0.00054     -0.00480      0.00000      0.00000      0.00408      0.00000
    100.00000000      2.94728      2.98185     -0.00054     -0.00073      0.00000      0.00000      0.00422      0.00000
    105.00000000      2.91546      3.00300     -0.00354      0.00100      0.00000      0.00000      0.00415      0.00000
    110.00000000      2.91373      3.04472     -0.00347      0.00445      0.00000      0.00000      0.00403      0.00000
    115.00000000      2.90464      3.08069     -0.00394      0.00703      0.00000      0.00000      0.00379      0.00000
    120.00000000      2.89329      3.13266     -0.00415      0.00976      0.00000      0.00000      0.00489      0.00000
    125.00000000      2.87399     -3.13002     -0.00582      0.01098      0.00000      0.00000      0.00458      0.00000
    130.00000000      2.89675     -3.09460     -0.00293      0.01349      0.00000      0.00000      0.00425      0.00000
    135.00000000      2.94219     -3.06646      0.00157      0.01487      0.00000      0.00000      0.00387      0.00000
    140.00000000      2.98398     -3.06487      0.00510      0.01458      0.00000      0.00000      0.00371      0.00000
    145.00000000      2.99200     -3.09999      0.00628      0.01327      0.00000      0.00000      0.00415      0.00000
    150.00000000      2.96304      3.13249      0.00378      0.01026      0.00000      0.00000      0.00650      0.00000
    155.00000000      2.92036      3.08670     -0.00314      0.00407      0.00000      0.00000      0.00685      0.00000
    160.00000000      2.84548      3.02427     -0.01400     -0.00448      0.00000      0.00000      0.00616      0.00000
    165.00000000      2.78313      2.96136     -0.01778     -0.00938      0.00000      0.00000      0.00467      0.00000
    170.00000000      2.75237      2.90202     -0.01619     -0.01109      0.00000      0.00000      0.00352      0.00000
    175.00000000      2.81356      2.84581     -0.01169     -0.01495      0.00000      0.00000      0.00365      0.00000
    180.00000000      2.89940      2.81090     -0.00453     -0.01755      0.00000      0.00000      0.00538      0.00000
    185.00000000      2.99561      2.80508      0.00743     -0.01750      0.00000      0.00000      0.00512      0.00000
    190.00000000      3.04986      2.82679      0.01337     -0.01529      0.00000      0.00000      0.00491      0.00000
    195.00000000      3.05387      2.83776      0.01411     -0.01478      0.00000      0.00000      0.00502      0.00000
    200.00000000      3.00313      2.81742      0.00855     -0.01703      0.00000      0.00000      0.00528      0.00000
    205.00000000      2.94090      2.75992      0.00082     -0.01852      0.00000      0.00000      0.00452      0.00000
    210.00000000      2.90916      2.69702     -0.00178     -0.01725      0.00000      0.00000      0.00496      0.00000
    215.00000000      2.92975      2.62833      0.00083     -0.01712      0.00000      0.00000      0.00377      0.00000
    220.00000000      2.97859      2.59232      0.00442     -0.01577      0.00000      0.00000      0.00304      0.00000
    225.00000000      3.01512      2.56454      0.00579     -0.01391      0.00000      0.00000      0.00244      0.00000
    230.00000000      3.04040      2.55727      0.00656     -0.01280      0.00000      0.00000      0.00218      0.00000
    235.00000000      3.04045      2.54789      0.00623     -0.01245      0.00000      0.00000      0.00207      0.00000
    240.00000000      3.03719      2.52511      0.00535     -0.01165      0.00000      0.00000      0.00340      0.00000
    245.00000000      3.00223      2.52343      0.00274     -0.01264      0.00000      0.00000      0.00353      0.00000
    250.00000000      2.94911      2.53015     -0.00144     -0.01361      0.00000      0.00000      0.00365      0.00000
    255.00000000      2.90995      2.55988     -0.00460     -0.01402      0.00000      0.00000      0.00395      0.00000
    260.00000000      2.89597      2.60917     -0.00602     -0.01413      0.00000      0.00000      0.00457      0.00000
    265.00000000      2.92696      2.69690     -0.00224     -0.01333      0.00000      0.00000      0.00592      0.00000
    270.00000000      2.94918      2.76684      0.00167     -0.01174      0.00000      0.00000      0.00840      0.00000
    275.00000000      2.96894      2.83075      0.00635     -0.00713      0.00000      0.00000      0.00893      0.00000
    280.00000000      2.97050      2.89466      0.00708     -0.00229      0.00000      0.00000      0.00922      0.00000
    285.00000000      2.98993      2.95735      0.01116      0.00284      0.00000      0.00000      0.00902      0.00000
    290.00000000      3.00783      2.99473      0.01436      0.00594      0.00000      0.00000      0.00863      0.00000
    295.00000000      3.03285      3.00746      0.01837      0.00673      0.00000      0.00000      0.00814      0.00000
    300.00000000      3.05589      3.02773      0.02112      0.00798      0.00000      0.00000      0.00913      0.00000
    305.00000000      3.06620      3.06087      0.02179      0.01159      0.00000      0.00000      0.00858      0.00000
    310.00000000      3.06306      3.10260      0.01991      0.01621      0.00000      0.00000      0.00806      0.00000
    315.00000000      3.01577      3.13593      0.01153      0.02096      0.00000      0.00000      0.00819      0.00000
    320.00000000      2.93830     -3.10021     -0.00243      0.02494      0.00000      0.00000      0.00743      0.00000
    325.00000000      2.83399     -3.08646     -0.01634      0.02147      0.00000      0.00000      0.00605      0.00000
    330.00000000      2.79661     -3.08534     -0.01908      0.01902      0.00000      0.00000      0.00696      0.00000
    335.00000000      2.83651     -3.09113     -0.01482      0.02122      0.00000      0.00000      0.00776      0.00000
    340.00000000      2.95077     -3.08273      0.00433      0.02591      0.00000      0.00000      0.00819      0.00000
    345.00000000      3.08144     -3.08671      0.02132      0.02172      0.00000      0.00000      0.00646      0.00000
    350.00000000      3.20815     -3.10222      0.02267      0.01236      0.00000      0.00000      0.00377      0.00000
    355.00000000      3.26079     -3.10681      0.01938      0.00882      0.00000      0.00000      0.00271      0.00000
    360.00000000      3.19708     -3.11352      0.02400      0.01273      0.00000      0.00000      0.00577      0.00000
    365.00000000      3.06396     -3.13559      0.01808      0.01861      0.00000      0.00000      0.00913      0.00000
    370.00000000      2.91050      3.10127     -0.00943      0.01388      0.00000      0.00000      0.01079      0.00000
    375.00000000      2.77008      3.09856     -0.02917      0.00808      0.00000      0.00000      0.00786      0.00000
    380.00000000      2.70663      3.13089     -0.02844      0.00775      0.00000      0.00000      0.00575      0.00000
    385.00000000      2.81400     -3.11091     -0.02139      0.01817      0.00000      0.00000      0.00802      0.00000
    390.00000000      2.96009     -3.10454      0.00122      0.02448      0.00000      0.00000      0.01107      0.00000
    395.00000000      3.11382     -3.11891      0.02651      0.01735      0.00000      0.00000      0.00899      0.00000
    400.00000000      3.23566      3.12168      0.02999      0.00561      0.00000      0.00000      0.00585      0.00000
    405.00000000      3.30744      3.08793      0.02537      0.00063      0.00000      0.00000      0.00394      0.00000
    410.00000000      3.27447      3.08821      0.02838      0.00132      0.00000      0.00000      0.00482      0.00000
    415.00000000      3.16369      3.12261      0.03139      0.00913      0.00000      0.00000      0.00808      0.00000
    420.00000000      3.02915      3.14123      0.01597      0.01774      0.00000      0.00000      0.01287      0.00000
    425.00000000      2.91002      3.12889     -0.01471      0.01540      0.00000      0.00000      0.01318      0.00000
    430.00000000      2.79576      3.12789     -0.03505      0.01083      0.00000      0.00000      0.01018      0.00000
    435.00000000      2.71608      3.13716     -0.03643      0.00795      0.00000      0.00000      0.00717      0.00000
    440.00000000      2.75340     -3.11835     -0.03509      0.01344      0.00000      0.00000      0.00822      0.00000
    445.00000000      2.83265     -3.09954     -0.02748      0.02160      0.00000      0.00000      0.01044      0.00000
    450.00000000      2.90582     -3.04259     -0.01166      0.03325      0.00000      0.00000      0.01189      0.00000
    455.00000000      2.93583     -2.96852     -0.00285      0.04030      0.00000      0.00000      0.00932      0.00000
    460.00000000      2.94504     -2.88182     -0.00018      0.03663      0.00000      0.00000      0.00592      0.00000
    465.00000000      2.94250     -2.83161     -0.00010      0.03077      0.00000      0.00000      0.00422      0.00000
    470.00000000      2.94417     -2.82097      0.00008      0.02937      0.00000      0.00000      0.00390      0.00000
    475.00000000      2.94666     -2.83517      0.00023      0.03125      0.00000      0.00000      0.00433      0.00000
    480.00000000      2.93255     -2.81498     -0.00074      0.02848      0.00000      0.00000      0.00532      0.00000
    485.00000000      2.90485     -2.76371     -0.00272      0.02314      0.00000      0.00000      0.00394      0.00000
    490.00000000      2.85955     -2.69363     -0.00405      0.01592      0.00000      0.00000      0.00242      0.00000
    495.00000000      2.84522     -2.65371     -0.00361      0.01262      0.00000      0.00000      0.00180      0.00000
    500.00000000      2.85641     -2.64425     -0.00301      0.01224      0.00000      0.00000      0.00172      0.00000
    505.00000000      2.89895     -2.63925     -0.00135      0.01256      0.00000      0.00000      0.00175      0.00000
    510.00000000      2.95092     -2.63340      0.00071      0.01230      0.00000      0.00000      0.00328      0.00000
    515.00000000      3.00074     -2.64351      0.00459      0.01208      0.00000      0.00000      0.00327      0.00000
    520.00000000      3.02060     -2.67276      0.00655      0.01277      0.00000      0.00000      0.00353      0.00000
    525.00000000      3.01243     -2.69928      0.00651      0.01418      0.00000      0.00000      0.00394      0.00000
    530.00000000      2.97767     -2.75317      0.00417      0.01827      0.00000      0.00000      0.00500      0.00000
    535.00000000      2.92450     -2.81516     -0.00234      0.02365      0.00000      0.00000      0.00636      0.00000
    540.00000000      2.88568     -2.86890     -0.00923      0.02725      0.00000      0.00000      0.00911      0.00000
    545.00000000      2.86632     -2.87649     -0.01313      0.02667      0.00000      0.00000      0.00910      0.00000
    550.00000000      2.88471     -2.88576     -0.01005      0.02770      0.00000      0.00000      0.00957      0.00000
    555.00000000      2.91181     -2.91118     -0.00527      0.02911      0.00000      0.00000      0.01050      0.00000
