	30.00000000	3.00474		0.95818  0.2  0.2		4.1705503158		-1.0
	60.00000000	3.02146		0.75517  0.2  0.2		4.1705503158		-1.0
	90.00000000	2.99658		0.67055  0.2  0.2		4.1705503158		-1.0
	120.00000000	3.00471		0.64499  0.2  0.2		4.1705503158		-1.0
	150.00000000	2.88946		0.64778  0.2  0.2		4.1705503158		-1.0
	180.00000000	2.86581		0.70327  0.2  0.2		4.1705503158		-1.0
	210.00000000	2.9944		0.82065  0.2  0.2		4.1705503158		-1.0
	240.00000000	3.0281		1.1645  0.2  0.2		4.1705503158		-1.0
	270.00000000	2.82027		1.16294  0.2  0.2		4.1705503158		-1.0
	300.00000000	2.83175		1.01925  0.2  0.2		4.1705503158		-1.0
	330.00000000	3.12113		0.95485  0.2  0.2		4.1705503158		-1.0
	360.00000000	3.13752		1.12475  0.2  0.2		4.1705503158		-1.0
	390.00000000	2.77954		1.45632  0.2  0.2		4.1705503158		-1.0
	420.00000000	2.78215		1.43441  0.2  0.2		4.1705503158		-1.0
	450.00000000	3.05198		1.38712  0.2  0.2		4.1705503158		-1.0
	480.00000000	3.24616		1.23442  0.2  0.2		4.1705503158		-1.0
	510.00000000	2.89275		1.15001  0.2  0.2		4.1705503158		-1.0
	540.00000000	2.79838		1.49243  0.2  0.2		4.1705503158		-1.0
	570.00000000	2.96493		1.50575  0.2  0.2		4.1705503158		-1.0
	600.00000000	3.07413		1.29365  0.2  0.2		4.1705503158		-1.0
	630.00000000	2.72178		1.06147  0.2  0.2		4.1705503158		-1.0
	660.00000000	2.99419		0.77244  0.2  0.2		4.1705503158		-1.0
	690.00000000	3.0019		0.46117  0.2  0.2		4.1705503158		-1.0
	720.00000000	2.88663		-0.14575  0.2  0.2		4.1705503158		-1.0
	750.00000000	2.9674		-0.63701  0.2  0.2		4.1705503158		-1.0
	780.00000000	2.95247		-1.10768  0.2  0.2		4.1705503158		-1.0
	810.00000000	3.01113		-1.1611  0.2  0.2		4.1705503158		-1.0
	840.00000000	2.98038		-1.04932  0.2  0.2		4.1705503158		-1.0
	870.00000000	2.95032		-0.57374  0.2  0.2		4.1705503158		-1.0
	900.00000000	2.89285		0.10605  0.2  0.2		4.1705503158		-1.0
	930.00000000	2.97785		0.38434  0.2  0.2		4.1705503158		-1.0
	960.00000000	3.09475		0.13136  0.2  0.2		4.1705503158		-1.0
	990.00000000	3.0077		-0.2866  0.2  0.2		4.1705503158		-1.0
	1020.00000000	2.78736		-0.89498  0.2  0.2		4.1705503158		-1.0
	1050.00000000	2.86511		-1.15995  0.2  0.2		4.1705503158		-1.0
	1080.00000000	2.90471		-1.30876  0.2  0.2		4.1705503158		-1.0
	1110.00000000	2.96737		-1.28528  0.2  0.2		4.1705503158		-1.0
	1140.00000000	2.80272		-1.49894  0.2  0.2		4.1705503158		-1.0
	1170.00000000	3.0313		-1.46289  0.2  0.2		4.1705503158		-1.0
	1200.00000000	3.26591		-1.27519  0.2  0.2		4.1705503158		-1.0
	1230.00000000	2.77973		-1.11644  0.2  0.2		4.1705503158		-1.0
	1260.00000000	2.91627		-0.80275  0.2  0.2		4.1705503158		-1.0
	1290.00000000	3.17298		-0.6392  0.2  0.2		4.1705503158		-1.0
	1320.00000000	2.98247		-0.51411  0.2  0.2		4.1705503158		-1.0
	1350.00000000	2.83996		-0.56124  0.2  0.2		4.1705503158		-1.0
	1380.00000000	2.77755		-0.63479  0.2  0.2		4.1705503158		-1.0
	1410.00000000	3.13312		-0.78263  0.2  0.2		4.1705503158		-1.0
	1440.00000000	3.00004		-1.02651  0.2  0.2		4.1705503158		-1.0
	1470.00000000	2.67123		-1.56159  0.2  0.2		4.1705503158		-1.0
	1500.00000000	2.82234		-1.72594  0.2  0.2		4.1705503158		-1.0
	1530.00000000	3.02665		-1.55078  0.2  0.2		4.1705503158		-1.0
	1560.00000000	3.24386		-1.44073  0.2  0.2		4.1705503158		-1.0
	1590.00000000	2.78775		-1.59364  0.2  0.2		4.1705503158		-1.0
	1620.00000000	2.90874		-1.96637  0.2  0.2		4.1705503158		-1.0
	1650.00000000	2.97671		-2.24789  0.2  0.2		4.1705503158		-1.0
	1680.00000000	2.92678		-2.05386  0.2  0.2		4.1705503158		-1.0
	1710.00000000	2.97103		-2.08684  0.2  0.2		4.1705503158		-1.0
	1740.00000000	3.00314		-1.76079  0.2  0.2		4.1705503158		-1.0
	1770.00000000	2.83309		-1.83264  0.2  0.2		4.1705503158		-1.0
	1800.00000000	2.98282		-1.84385  0.2  0.2		4.1705503158		-1.0
	1830.00000000	2.74913		-1.93109  0.2  0.2		4.1705503158		-1.0
	1860.00000000	3.06531		-2.11992  0.2  0.2		4.1705503158		-1.0
	1890.00000000	2.92585		-2.08114  0.2  0.2		4.1705503158		-1.0
	1920.00000000	3.02253		-2.05468  0.2  0.2		4.1705503158		-1.0
	1950.00000000	2.85691		-2.26551  0.2  0.2		4.1705503158		-1.0
	1980.00000000	2.92958		-2.55899  0.2  0.2		4.1705503158		-1.0
	2010.00000000	3.03674		-2.70333  0.2  0.2		4.1705503158		-1.0
	2040.00000000	2.95711		-2.53942  0.2  0.2		4.1705503158		-1.0
	2070.00000000	2.77595		-2.62401  0.2  0.2		4.1705503158		-1.0
	2100.00000000	2.88225		-2.74504  0.2  0.2		4.1705503158		-1.0
	2130.00000000	3.09402		-2.87132  0.2  0.2		4.1705503158		-1.0
	2160.00000000	2.98288		-3.13623  0.2  0.2		4.1705503158		-1.0
	2190.00000000	2.97387		-3.03156  0.2  0.2		4.1705503158		-1.0
	2220.00000000	2.86554		-2.83409  0.2  0.2		4.1705503158		-1.0
	2250.00000000	2.74346		-2.98981  0.2  0.2		4.1705503158		-1.0
	2280.00000000	2.94962		-3.00443  0.2  0.2		4.1705503158		-1.0
	2310.00000000	2.89137		-2.71939  0.2  0.2		4.1705503158		-1.0
	2340.00000000	2.93098		-2.30252  0.2  0.2		4.1705503158		-1.0
	2370.00000000	2.81119		-2.27347  0.2  0.2		4.1705503158		-1.0
	2400.00000000	3.14229		-2.38461  0.2  0.2		4.1705503158		-1.0
	2430.00000000	2.78321		-2.46783  0.2  0.2		4.1705503158		-1.0
	2460.00000000	2.95819		-2.27283  0.2  0.2		4.1705503158		-1.0
	2490.00000000	3.19286		-2.23472  0.2  0.2		4.1705503158		-1.0
	2520.00000000	3.07796		-2.25515  0.2  0.2		4.1705503158		-1.0
	2550.00000000	3.26356		-2.19203  0.2  0.2		4.1705503158		-1.0
	2580.00000000	2.59655		-2.12132  0.2  0.2		4.1705503158		-1.0
	2610.00000000	3.24542		-1.81582  0.2  0.2		4.1705503158		-1.0
	2640.00000000	2.94002		-1.5927  0.2  0.2		4.1705503158		-1.0
	2670.00000000	2.85976		-1.4352  0.2  0.2		4.1705503158		-1.0
	2700.00000000	2.76342		-1.35689  0.2  0.2		4.1705503158		-1.0
	2730.00000000	2.77686		-1.03817  0.2  0.2		4.1705503158		-1.0
	2760.00000000	2.86771		-0.65691  0.2  0.2		4.1705503158		-1.0
	2790.00000000	3.10293		-0.54351  0.2  0.2		4.1705503158		-1.0
	2820.00000000	2.78498		-0.64822  0.2  0.2		4.1705503158		-1.0
	2850.00000000	2.87663		-0.87695  0.2  0.2		4.1705503158		-1.0
	2880.00000000	2.78285		-1.17762  0.2  0.2		4.1705503158		-1.0
	2910.00000000	2.80339		-1.21416  0.2  0.2		4.1705503158		-1.0
	2940.00000000	2.83609		-1.16973  0.2  0.2		4.1705503158		-1.0
	2970.00000000	3.23047		-0.95168  0.2  0.2		4.1705503158		-1.0
	3000.00000000	2.85272		-0.73527  0.2  0.2		4.1705503158		-1.0
	3030.00000000	3.29549		-0.76702  0.2  0.2		4.1705503158		-1.0
	3060.00000000	3.13926		-1.2624  0.2  0.2		4.1705503158		-1.0
	3090.00000000	2.99905		-1.70689  0.2  0.2		4.1705503158		-1.0
	3120.00000000	2.94794		-1.7246  0.2  0.2		4.1705503158		-1.0
	3150.00000000	3.07303		-1.48649  0.2  0.2		4.1705503158		-1.0
	3180.00000000	3.36771		-1.31707  0.2  0.2		4.1705503158		-1.0
	3210.00000000	3.20141		-1.20359  0.2  0.2		4.1705503158		-1.0
	3240.00000000	2.80508		-1.31544  0.2  0.2		4.1705503158		-1.0
	3270.00000000	3.00308		-1.62522  0.2  0.2		4.1705503158		-1.0
	3300.00000000	3.1863		-1.80731  0.2  0.2		4.1705503158		-1.0
	3330.00000000	2.94393		-1.643  0.2  0.2		4.1705503158		-1.0
	3360.00000000	2.88081		-1.37153  0.2  0.2		4.1705503158		-1.0
	3390.00000000	3.32421		-1.37276  0.2  0.2		4.1705503158		-1.0
	3420.00000000	3.03942		-1.51924  0.2  0.2		4.1705503158		-1.0
	3450.00000000	3.32282		-1.52697  0.2  0.2		4.1705503158		-1.0
	3480.00000000	2.54064		-1.38905  0.2  0.2		4.1705503158		-1.0
	3510.00000000	3.26839		-0.94651  0.2  0.2		4.1705503158		-1.0
	3540.00000000	2.78929		-0.56123  0.2  0.2		4.1705503158		-1.0
	3570.00000000	3.11047		-0.17544  0.2  0.2		4.1705503158		-1.0
	3600.00000000	2.85549		0.11734  0.2  0.2		4.1705503158		-1.0
	3630.00000000	2.96067		0.20366  0.2  0.2		4.1705503158		-1.0
	3660.00000000	3.10594		0.03183  0.2  0.2		4.1705503158		-1.0
	3690.00000000	2.76047		-0.22256  0.2  0.2		4.1705503158		-1.0
	3720.00000000	3.05979		-0.37892  0.2  0.2		4.1705503158		-1.0
	3750.00000000	2.96265		-0.26954  0.2  0.2		4.1705503158		-1.0
	3780.00000000	2.73879		-0.13211  0.2  0.2		4.1705503158		-1.0
	3810.00000000	3.23816		-0.06686  0.2  0.2		4.1705503158		-1.0
	3840.00000000	2.84393		-0.04137  0.2  0.2		4.1705503158		-1.0
	3870.00000000	2.91833		-0.08147  0.2  0.2		4.1705503158		-1.0
	3900.00000000	3.15799		-0.28155  0.2  0.2		4.1705503158		-1.0
	3930.00000000	3.08932		-0.39726  0.2  0.2		4.1705503158		-1.0
	3960.00000000	2.77418		-0.50959  0.2  0.2		4.1705503158		-1.0
	3990.00000000	2.76572		-0.41373  0.2  0.2		4.1705503158		-1.0
	4020.00000000	2.76151		-0.25129  0.2  0.2		4.1705503158		-1.0
	4050.00000000	3.12444		-0.26952  0.2  0.2		4.1705503158		-1.0
	4080.00000000	3.15444		-0.38243  0.2  0.2		4.1705503158		-1.0
	4110.00000000	3.47468		-0.58435  0.2  0.2		4.1705503158		-1.0
	4140.00000000	2.67411		-0.53646  0.2  0.2		4.1705503158		-1.0
	4170.00000000	3.47178		-0.80834  0.2  0.2		4.1705503158		-1.0
	4200.00000000	2.74617		-0.98675  0.2  0.2		4.1705503158		-1.0
	4230.00000000	3.30641		-1.02289  0.2  0.2		4.1705503158		-1.0
	4260.00000000	2.84053		-0.85686  0.2  0.2		4.1705503158		-1.0
	4290.00000000	3.11684		-0.85593  0.2  0.2		4.1705503158		-1.0
	4320.00000000	2.866		-0.8454  0.2  0.2		4.1705503158		-1.0
	4350.00000000	3.00517		-0.85662  0.2  0.2		4.1705503158		-1.0
	4380.00000000	3.02313		-0.88835  0.2  0.2		4.1705503158		-1.0
	4410.00000000	2.77978		-1.02149  0.2  0.2		4.1705503158		-1.0
	4440.00000000	3.45442		-1.13106  0.2  0.2		4.1705503158		-1.0
	4470.00000000	2.70228		-1.1738  0.2  0.2		4.1705503158		-1.0
	4500.00000000	3.37556		-1.12257  0.2  0.2		4.1705503158		-1.0
	4530.00000000	2.62708		-0.94185  0.2  0.2		4.1705503158		-1.0
	4560.00000000	3.32412		-1.07691  0.2  0.2		4.1705503158		-1.0
	4590.00000000	3.05458		-1.18518  0.2  0.2		4.1705503158		-1.0
	4620.00000000	3.15198		-1.43588  0.2  0.2		4.1705503158		-1.0
	4650.00000000	2.90472		-1.73807  0.2  0.2		4.1705503158		-1.0
	4680.00000000	3.10955		-1.97001  0.2  0.2		4.1705503158		-1.0
	4710.00000000	3.3156		-1.96333  0.2  0.2		4.1705503158		-1.0
	4740.00000000	3.39455		-1.62112  0.2  0.2		4.1705503158		-1.0
	4770.00000000	3.04403		-1.26927  0.2  0.2		4.1705503158		-1.0
	4800.00000000	2.88547		-1.44071  0.2  0.2		4.1705503158		-1.0
	4830.00000000	3.17772		-1.84083  0.2  0.2		4.1705503158		-1.0
	4860.00000000	3.3305		-2.00568  0.2  0.2		4.1705503158		-1.0
	4890.00000000	3.30433		-1.97284  0.2  0.2		4.1705503158		-1.0
	4920.00000000	3.26707		-1.82901  0.2  0.2		4.1705503158		-1.0
	4950.00000000	2.66668		-1.81803  0.2  0.2		4.1705503158		-1.0
	4980.00000000	2.6894		-2.02717  0.2  0.2		4.1705503158		-1.0
	5010.00000000	2.65741		-2.27916  0.2  0.2		4.1705503158		-1.0
	5040.00000000	3.15614		-2.6273  0.2  0.2		4.1705503158		-1.0
	5070.00000000	3.06235		-2.80621  0.2  0.2		4.1705503158		-1.0
	5100.00000000	2.85519		-2.74994  0.2  0.2		4.1705503158		-1.0
	5130.00000000	2.78195		-2.62786  0.2  0.2		4.1705503158		-1.0
	5160.00000000	3.00682		-2.53806  0.2  0.2		4.1705503158		-1.0
	5190.00000000	3.18973		-2.29914  0.2  0.2		4.1705503158		-1.0
	5220.00000000	3.28812		-2.20413  0.2  0.2		4.1705503158		-1.0
	5250.00000000	3.0159		-2.60193  0.2  0.2		4.1705503158		-1.0
	5280.00000000	2.71562		-2.78339  0.2  0.2		4.1705503158		-1.0
	5310.00000000	3.04286		3.11208  0.2  0.2		4.1705503158		-1.0
	5340.00000000	3.05644		2.85365  0.2  0.2		4.1705503158		-1.0
	5370.00000000	3.015		2.92655  0.2  0.2		4.1705503158		-1.0
	5400.00000000	2.95949		3.03925  0.2  0.2		4.1705503158		-1.0
	5430.00000000	2.93684		2.9518  0.2  0.2		4.1705503158		-1.0
	5460.00000000	2.94218		2.79132  0.2  0.2		4.1705503158		-1.0
	5490.00000000	2.81994		2.81287  0.2  0.2		4.1705503158		-1.0
	5520.00000000	3.14381		2.64647  0.2  0.2		4.1705503158		-1.0
	5550.00000000	3.01345		2.62593  0.2  0.2		4.1705503158		-1.0
	5580.00000000	2.83332		2.63947  0.2  0.2		4.1705503158		-1.0
	5610.00000000	2.994		2.40742  0.2  0.2		4.1705503158		-1.0
	5640.00000000	3.04923		2.25246  0.2  0.2		4.1705503158		-1.0
	5670.00000000	2.9541		2.17033  0.2  0.2		4.1705503158		-1.0
	5700.00000000	2.89933		2.07855  0.2  0.2		4.1705503158		-1.0
	5730.00000000	2.88624		1.92864  0.2  0.2		4.1705503158		-1.0
	5760.00000000	2.8533		1.93308  0.2  0.2		4.1705503158		-1.0
	5790.00000000	3.0053		1.9938  0.2  0.2		4.1705503158		-1.0
	5820.00000000	3.05132		1.84509  0.2  0.2		4.1705503158		-1.0
	5850.00000000	3.00657		1.71876  0.2  0.2		4.1705503158		-1.0
	5880.00000000	2.80411		1.69046  0.2  0.2		4.1705503158		-1.0
	5910.00000000	3.02722		1.84507  0.2  0.2		4.1705503158		-1.0
	5940.00000000	2.91831		2.05181  0.2  0.2		4.1705503158		-1.0
	5970.00000000	2.89154		2.31256  0.2  0.2		4.1705503158		-1.0
	6000.00000000	2.805		2.35502  0.2  0.2		4.1705503158		-1.0
	6030.00000000	3.20892		2.09364  0.2  0.2		4.1705503158		-1.0
	6060.00000000	2.77684		2.35484  0.2  0.2		4.1705503158		-1.0
	6090.00000000	3.03503		2.66745  0.2  0.2		4.1705503158		-1.0
	6120.00000000	3.00939		2.57837  0.2  0.2		4.1705503158		-1.0
	6150.00000000	3.127		2.35005  0.2  0.2		4.1705503158		-1.0
	6180.00000000	3.08898		2.31074  0.2  0.2		4.1705503158		-1.0
	6210.00000000	3.28307		2.43389  0.2  0.2		4.1705503158		-1.0
	6240.00000000	2.88354		2.65714  0.2  0.2		4.1705503158		-1.0
	6270.00000000	3.15774		2.80338  0.2  0.2		4.1705503158		-1.0
	6300.00000000	2.93256		2.78961  0.2  0.2		4.1705503158		-1.0
	6330.00000000	2.88481		2.68025  0.2  0.2		4.1705503158		-1.0
	6360.00000000	2.73714		2.67002  0.2  0.2		4.1705503158		-1.0
	6390.00000000	3.24061		2.55593  0.2  0.2		4.1705503158		-1.0
	6420.00000000	3.05779		2.59421  0.2  0.2		4.1705503158		-1.0
	6450.00000000	2.81295		2.72867  0.2  0.2		4.1705503158		-1.0
	6480.00000000	2.82959		3.03873  0.2  0.2		4.1705503158		-1.0
	6510.00000000	2.78652		-2.98808  0.2  0.2		4.1705503158		-1.0
	6540.00000000	2.75723		3.11661  0.2  0.2		4.1705503158		-1.0
	6570.00000000	2.74592		2.60059  0.2  0.2		4.1705503158		-1.0
	6600.00000000	2.80189		2.45048  0.2  0.2		4.1705503158		-1.0
	6630.00000000	2.77293		2.60912  0.2  0.2		4.1705503158		-1.0
	6660.00000000	2.83562		2.51675  0.2  0.2		4.1705503158		-1.0
	6690.00000000	2.93798		2.04633  0.2  0.2		4.1705503158		-1.0
	6720.00000000	2.94711		1.64954  0.2  0.2		4.1705503158		-1.0
	6750.00000000	2.8044		1.5121  0.2  0.2		4.1705503158		-1.0
	6780.00000000	3.20177		1.60769  0.2  0.2		4.1705503158		-1.0
	6810.00000000	3.02177		1.73953  0.2  0.2		4.1705503158		-1.0
	6840.00000000	2.87655		1.70753  0.2  0.2		4.1705503158		-1.0
	6870.00000000	2.97847		1.76298  0.2  0.2		4.1705503158		-1.0
	6900.00000000	2.87194		1.93415  0.2  0.2		4.1705503158		-1.0
	6930.00000000	2.9005		1.95692  0.2  0.2		4.1705503158		-1.0
	6960.00000000	2.89922		1.9417  0.2  0.2		4.1705503158		-1.0
	6990.00000000	2.73637		2.3006  0.2  0.2		4.1705503158		-1.0
	7020.00000000	3.30605		2.53525  0.2  0.2		4.1705503158		-1.0
	7050.00000000	2.87033		2.45391  0.2  0.2		4.1705503158		-1.0
	7080.00000000	2.79044		2.17285  0.2  0.2		4.1705503158		-1.0
	7110.00000000	2.70013		1.82558  0.2  0.2		4.1705503158		-1.0
	7140.00000000	2.83677		1.52076  0.2  0.2		4.1705503158		-1.0
	7170.00000000	2.88013		1.26492  0.2  0.2		4.1705503158		-1.0
	7200.00000000	2.7885		1.35542  0.2  0.2		4.1705503158		-1.0
	7230.00000000	2.88424		1.46811  0.2  0.2		4.1705503158		-1.0
	7260.00000000	2.92162		1.32217  0.2  0.2		4.1705503158		-1.0
	7290.00000000	2.84608		1.04206  0.2  0.2		4.1705503158		-1.0
	7320.00000000	2.83328		0.82008  0.2  0.2		4.1705503158		-1.0
	7350.00000000	2.7833		0.94394  0.2  0.2		4.1705503158		-1.0
	7380.00000000	2.70024		1.21203  0.2  0.2		4.1705503158		-1.0
	7410.00000000	2.98217		1.24552  0.2  0.2		4.1705503158		-1.0
	7440.00000000	3.2574		1.1647  0.2  0.2		4.1705503158		-1.0
	7470.00000000	2.84344		1.00846  0.2  0.2		4.1705503158		-1.0
	7500.00000000	2.82712		1.23259  0.2  0.2		4.1705503158		-1.0
	7530.00000000	2.64649		0.96731  0.2  0.2		4.1705503158		-1.0
	7560.00000000	3.19871		0.48912  0.2  0.2		4.1705503158		-1.0
	7590.00000000	2.84474		0.3026  0.2  0.2		4.1705503158		-1.0
	7620.00000000	3.25028		0.75336  0.2  0.2		4.1705503158		-1.0
	7650.00000000	3.26086		1.67126  0.2  0.2		4.1705503158		-1.0
	7680.00000000	3.21651		2.24039  0.2  0.2		4.1705503158		-1.0
	7710.00000000	3.0795		2.29381  0.2  0.2		4.1705503158		-1.0
	7740.00000000	3.55224		2.1223  0.2  0.2		4.1705503158		-1.0
	7770.00000000	2.99258		2.13938  0.2  0.2		4.1705503158		-1.0
	7800.00000000	2.77858		2.20507  0.2  0.2		4.1705503158		-1.0
	7830.00000000	3.28887		2.11347  0.2  0.2		4.1705503158		-1.0
	7860.00000000	3.22046		1.80916  0.2  0.2		4.1705503158		-1.0
	7890.00000000	3.06843		1.64518  0.2  0.2		4.1705503158		-1.0
	7920.00000000	3.4359		1.62017  0.2  0.2		4.1705503158		-1.0
	7950.00000000	3.32072		1.69455  0.2  0.2		4.1705503158		-1.0
	7980.00000000	3.19902		1.8804  0.2  0.2		4.1705503158		-1.0
	8010.00000000	3.16649		1.97094  0.2  0.2		4.1705503158		-1.0
	8040.00000000	3.37848		2.05529  0.2  0.2		4.1705503158		-1.0
	8070.00000000	3.438		2.14839  0.2  0.2		4.1705503158		-1.0
	8100.00000000	3.08022		2.22226  0.2  0.2		4.1705503158		-1.0
	8000.00000000	3.32641		1.95682  0.2  0.2		4.1705503158		-1.0
	8030.00000000	3.45482		2.12421  0.2  0.2		4.1705503158		-1.0
	8060.00000000	3.23939		2.116  0.2  0.2		4.1705503158		-1.0
	8090.00000000	3.14962		2.14624  0.2  0.2		4.1705503158		-1.0
	8120.00000000	3.24982		2.34107  0.2  0.2		4.1705503158		-1.0
	8150.00000000	3.26915		2.5754  0.2  0.2		4.1705503158		-1.0
	8180.00000000	3.37624		2.71682  0.2  0.2		4.1705503158		-1.0
	8210.00000000	3.17116		3.07962  0.2  0.2		4.1705503158		-1.0
	8240.00000000	3.11703		-2.97193  0.2  0.2		4.1705503158		-1.0
	8270.00000000	3.20531		-3.08845  0.2  0.2		4.1705503158		-1.0
	8300.00000000	2.69345		2.90938  0.2  0.2		4.1705503158		-1.0
	8330.00000000	2.87084		2.9059  0.2  0.2		4.1705503158		-1.0
	8360.00000000	3.07783		3.03286  0.2  0.2		4.1705503158		-1.0
	8390.00000000	3.19389		2.99133  0.2  0.2		4.1705503158		-1.0
	8420.00000000	3.33145		3.0236  0.2  0.2		4.1705503158		-1.0
	8450.00000000	3.16865		-3.09995  0.2  0.2		4.1705503158		-1.0
	8480.00000000	3.36189		-2.98583  0.2  0.2		4.1705503158		-1.0
	8510.00000000	3.02719		-2.96659  0.2  0.2		4.1705503158		-1.0
	8540.00000000	2.69035		-3.08336  0.2  0.2		4.1705503158		-1.0
	8570.00000000	3.18457		3.13633  0.2  0.2		4.1705503158		-1.0
	8600.00000000	3.21493		-3.08738  0.2  0.2		4.1705503158		-1.0
	8630.00000000	2.75533		-2.99073  0.2  0.2		4.1705503158		-1.0
	8660.00000000	3.49578		-2.82625  0.2  0.2		4.1705503158		-1.0
	8690.00000000	2.90264		-2.80016  0.2  0.2		4.1705503158		-1.0
	8720.00000000	2.98564		-2.98537  0.2  0.2		4.1705503158		-1.0
	8750.00000000	3.61822		3.04888  0.2  0.2		4.1705503158		-1.0
	8780.00000000	2.75716		-3.12542  0.2  0.2		4.1705503158		-1.0
	8810.00000000	3.02896		-2.82219  0.2  0.2		4.1705503158		-1.0
	8840.00000000	3.19142		-2.65812  0.2  0.2		4.1705503158		-1.0
	8870.00000000	3.44521		-2.58216  0.2  0.2		4.1705503158		-1.0
	8900.00000000	2.97509		-2.63926  0.2  0.2		4.1705503158		-1.0
	8930.00000000	2.67043		-2.54939  0.2  0.2		4.1705503158		-1.0
	8960.00000000	3.30457		-2.58822  0.2  0.2		4.1705503158		-1.0
	8990.00000000	3.18641		-2.59355  0.2  0.2		4.1705503158		-1.0
	9020.00000000	3.37902		-2.65541  0.2  0.2		4.1705503158		-1.0
	9050.00000000	3.39634		-2.5849  0.2  0.2		4.1705503158		-1.0
	9080.00000000	3.35867		-2.43339  0.2  0.2		4.1705503158		-1.0
	9110.00000000	3.29068		-2.41599  0.2  0.2		4.1705503158		-1.0
	9140.00000000	3.52346		-2.44707  0.2  0.2		4.1705503158		-1.0
	9170.00000000	3.39433		-2.54296  0.2  0.2		4.1705503158		-1.0
	9200.00000000	2.69772		-2.44697  0.2  0.2		4.1705503158		-1.0
	9230.00000000	3.02158		-2.31406  0.2  0.2		4.1705503158		-1.0
	9260.00000000	2.84768		-2.38896  0.2  0.2		4.1705503158		-1.0
	9290.00000000	2.83495		-2.41365  0.2  0.2		4.1705503158		-1.0
	9320.00000000	2.87281		-2.25054  0.2  0.2		4.1705503158		-1.0
	9350.00000000	2.92132		-2.12295  0.2  0.2		4.1705503158		-1.0
	9380.00000000	2.89503		-2.01597  0.2  0.2		4.1705503158		-1.0
	9410.00000000	2.80494		-1.79472  0.2  0.2		4.1705503158		-1.0
	9440.00000000	2.72791		-1.81526  0.2  0.2		4.1705503158		-1.0
	9470.00000000	2.69634		-1.83871  0.2  0.2		4.1705503158		-1.0
	9500.00000000	2.84271		-1.98534  0.2  0.2		4.1705503158		-1.0
	9530.00000000	2.68503		-2.09789  0.2  0.2		4.1705503158		-1.0
	9560.00000000	2.66589		-2.27338  0.2  0.2		4.1705503158		-1.0
	9590.00000000	2.59428		-2.5166  0.2  0.2		4.1705503158		-1.0
	9620.00000000	2.77154		-2.86456  0.2  0.2		4.1705503158		-1.0
	9650.00000000	2.83025		-3.04094  0.2  0.2		4.1705503158		-1.0
	9680.00000000	2.86404		-2.79057  0.2  0.2		4.1705503158		-1.0
	9710.00000000	2.79616		-2.4697  0.2  0.2		4.1705503158		-1.0
	9740.00000000	2.79227		-2.1517  0.2  0.2		4.1705503158		-1.0
	9770.00000000	2.86906		-1.93898  0.2  0.2		4.1705503158		-1.0
	9800.00000000	3.51715		-1.90176  0.2  0.2		4.1705503158		-1.0
	9830.00000000	3.1555		-1.75572  0.2  0.2		4.1705503158		-1.0
	9860.00000000	3.27909		-1.58328  0.2  0.2		4.1705503158		-1.0
	9890.00000000	3.67563		-1.39634  0.2  0.2		4.1705503158		-1.0
	9920.00000000	3.03059		-1.3532  0.2  0.2		4.1705503158		-1.0
	9950.00000000	2.86361		-1.3376  0.2  0.2		4.1705503158		-1.0
	9980.00000000	3.00676		-1.11876  0.2  0.2		4.1705503158		-1.0
	10010.00000000	3.3663		-0.64855  0.2  0.2		4.1705503158		-1.0
	10040.00000000	3.08877		-0.42555  0.2  0.2		4.1705503158		-1.0
	10070.00000000	3.38782		-0.15702  0.2  0.2		4.1705503158		-1.0
	10100.00000000	2.76462		0.44087  0.2  0.2		4.1705503158		-1.0
	10130.00000000	2.68768		0.63026  0.2  0.2		4.1705503158		-1.0
	10160.00000000	2.82383		0.48542  0.2  0.2		4.1705503158		-1.0
	10190.00000000	2.87487		0.38829  0.2  0.2		4.1705503158		-1.0
	10220.00000000	2.86456		0.62479  0.2  0.2		4.1705503158		-1.0
	10250.00000000	3.08495		0.55021  0.2  0.2		4.1705503158		-1.0
	10280.00000000	2.83217		0.283  0.2  0.2		4.1705503158		-1.0
	10310.00000000	3.28309		0.27419  0.2  0.2		4.1705503158		-1.0
	10340.00000000	2.88043		0.25867  0.2  0.2		4.1705503158		-1.0
	10370.00000000	3.26142		0.23805  0.2  0.2		4.1705503158		-1.0
	10400.00000000	2.8691		0.24522  0.2  0.2		4.1705503158		-1.0
	10430.00000000	3.20707		0.30767  0.2  0.2		4.1705503158		-1.0
	10460.00000000	2.88503		0.4339  0.2  0.2		4.1705503158		-1.0
	10490.00000000	3.24083		0.33134  0.2  0.2		4.1705503158		-1.0
	10520.00000000	2.79412		-0.03904  0.2  0.2		4.1705503158		-1.0
	10550.00000000	2.98951		-0.15361  0.2  0.2		4.1705503158		-1.0
	10580.00000000	2.9059		0.0192  0.2  0.2		4.1705503158		-1.0
	10610.00000000	3.14378		0.36645  0.2  0.2		4.1705503158		-1.0
	10640.00000000	2.94793		0.70034  0.2  0.2		4.1705503158		-1.0
	10670.00000000	3.16565		0.67441  0.2  0.2		4.1705503158		-1.0
	10700.00000000	2.7964		0.76968  0.2  0.2		4.1705503158		-1.0
	10730.00000000	3.32589		0.81491  0.2  0.2		4.1705503158		-1.0
	10760.00000000	2.71565		0.82477  0.2  0.2		4.1705503158		-1.0
	10790.00000000	3.33235		0.66213  0.2  0.2		4.1705503158		-1.0
	10820.00000001	2.66925		0.46935  0.2  0.2		4.1705503158		-1.0
	10850.00000001	3.21094		0.32084  0.2  0.2		4.1705503158		-1.0
	10880.00000001	2.86325		0.45348  0.2  0.2		4.1705503158		-1.0
	10910.00000001	2.85171		0.59266  0.2  0.2		4.1705503158		-1.0
	10940.00000001	3.26222		0.83797  0.2  0.2		4.1705503158		-1.0
	10970.00000001	3.34494		1.15935  0.2  0.2		4.1705503158		-1.0
	11000.00000001	2.9452		1.18188  0.2  0.2		4.1705503158		-1.0
	11030.00000001	3.17615		1.28823  0.2  0.2		4.1705503158		-1.0
	11060.00000001	3.28006		1.37089  0.2  0.2		4.1705503158		-1.0
	11090.00000001	3.20936		1.64061  0.2  0.2		4.1705503158		-1.0
	11120.00000001	2.99687		1.12809  0.2  0.2		4.1705503158		-1.0
	11150.00000001	3.20041		0.7444  0.2  0.2		4.1705503158		-1.0
	11180.00000001	2.97847		0.84075  0.2  0.2		4.1705503158		-1.0
	11210.00000001	2.72436		1.18495  0.2  0.2		4.1705503158		-1.0
	11240.00000001	2.68252		1.25299  0.2  0.2		4.1705503158		-1.0
	11270.00000001	2.71197		1.16639  0.2  0.2		4.1705503158		-1.0
	11300.00000001	3.10062		1.16547  0.2  0.2		4.1705503158		-1.0
	11330.00000001	3.04592		0.97969  0.2  0.2		4.1705503158		-1.0
	11360.00000001	2.87571		0.84014  0.2  0.2		4.1705503158		-1.0
	11390.00000001	3.29673		0.76293  0.2  0.2		4.1705503158		-1.0
	11420.00000001	2.87676		0.98506  0.2  0.2		4.1705503158		-1.0
	11450.00000001	3.45765		1.04789  0.2  0.2		4.1705503158		-1.0
	11480.00000001	2.64766		0.72005  0.2  0.2		4.1705503158		-1.0
	11510.00000001	3.21104		0.42665  0.2  0.2		4.1705503158		-1.0
	11540.00000001	2.71604		0.15848  0.2  0.2		4.1705503158		-1.0
	11570.00000001	3.32548		0.10882  0.2  0.2		4.1705503158		-1.0
	11600.00000001	3.06334		0.15175  0.2  0.2		4.1705503158		-1.0
	11630.00000001	2.77355		0.2362  0.2  0.2		4.1705503158		-1.0
	11660.00000001	3.25532		0.41879  0.2  0.2		4.1705503158		-1.0
	11690.00000001	3.37977		0.81952  0.2  0.2		4.1705503158		-1.0
	11720.00000001	3.2626		1.25042  0.2  0.2		4.1705503158		-1.0
	11750.00000001	3.17895		1.46236  0.2  0.2		4.1705503158		-1.0
	11780.00000001	3.27793		1.40169  0.2  0.2		4.1705503158		-1.0
	11810.00000001	3.0428		1.44144  0.2  0.2		4.1705503158		-1.0
	11840.00000001	2.58899		1.4219  0.2  0.2		4.1705503158		-1.0
	11870.00000001	2.64692		1.69399  0.2  0.2		4.1705503158		-1.0
	11900.00000001	2.7705		1.66974  0.2  0.2		4.1705503158		-1.0
	11930.00000001	2.66908		1.41901  0.2  0.2		4.1705503158		-1.0
	11960.00000001	2.65966		1.23461  0.2  0.2		4.1705503158		-1.0
	11990.00000001	2.67245		1.1754  0.2  0.2		4.1705503158		-1.0
	12020.00000001	2.65894		1.17569  0.2  0.2		4.1705503158		-1.0
	12050.00000001	2.67241		1.16946  0.2  0.2		4.1705503158		-1.0
	12080.00000001	2.87659		1.28164  0.2  0.2		4.1705503158		-1.0
	12110.00000001	3.49236		1.35812  0.2  0.2		4.1705503158		-1.0
	12140.00000001	3.40221		1.27051  0.2  0.2		4.1705503158		-1.0
	12170.00000001	3.25646		1.22633  0.2  0.2		4.1705503158		-1.0
	12200.00000001	3.58867		1.42811  0.2  0.2		4.1705503158		-1.0
	12230.00000001	3.29977		1.63108  0.2  0.2		4.1705503158		-1.0
	12260.00000001	3.45543		1.88193  0.2  0.2		4.1705503158		-1.0
	12290.00000001	2.86031		2.03046  0.2  0.2		4.1705503158		-1.0
	12320.00000001	3.09599		1.90961  0.2  0.2		4.1705503158		-1.0
	12350.00000001	3.51818		1.84538  0.2  0.2		4.1705503158		-1.0
	12380.00000001	2.92096		1.71678  0.2  0.2		4.1705503158		-1.0
	12410.00000001	2.81913		1.76658  0.2  0.2		4.1705503158		-1.0
	12440.00000001	2.90473		1.66959  0.2  0.2		4.1705503158		-1.0
	12470.00000001	2.77817		1.65836  0.2  0.2		4.1705503158		-1.0
	12500.00000001	3.68069		1.54292  0.2  0.2		4.1705503158		-1.0
	12530.00000001	3.10278		1.52019  0.2  0.2		4.1705503158		-1.0
	12560.00000001	3.54233		1.21963  0.2  0.2		4.1705503158		-1.0
	12590.00000001	3.17484		1.06817  0.2  0.2		4.1705503158		-1.0
	12620.00000001	3.35839		1.05036  0.2  0.2		4.1705503158		-1.0
	12650.00000001	3.28704		0.86907  0.2  0.2		4.1705503158		-1.0
	12680.00000001	2.56119		0.62115  0.2  0.2		4.1705503158		-1.0
	12710.00000001	2.65796		0.38063  0.2  0.2		4.1705503158		-1.0
	12740.00000001	2.67463		0.4091  0.2  0.2		4.1705503158		-1.0
	12770.00000001	2.65684		0.49377  0.2  0.2		4.1705503158		-1.0
	12800.00000001	2.81563		0.47335  0.2  0.2		4.1705503158		-1.0
	12830.00000001	2.74417		0.01828  0.2  0.2		4.1705503158		-1.0
	12860.00000001	2.73949		-0.48921  0.2  0.2		4.1705503158		-1.0
	12890.00000001	2.83033		-0.65503  0.2  0.2		4.1705503158		-1.0
	12920.00000001	2.65474		-0.87068  0.2  0.2		4.1705503158		-1.0
	12950.00000001	3.16148		-0.94731  0.2  0.2		4.1705503158		-1.0
	12980.00000001	3.49468		-1.17246  0.2  0.2		4.1705503158		-1.0
	13010.00000001	3.4613		-1.46234  0.2  0.2		4.1705503158		-1.0
	13040.00000001	3.39421		-1.51009  0.2  0.2		4.1705503158		-1.0
	13070.00000001	3.33042		-1.54668  0.2  0.2		4.1705503158		-1.0
	13100.00000001	2.55719		-1.39394  0.2  0.2		4.1705503158		-1.0
	13130.00000001	3.17708		-1.18167  0.2  0.2		4.1705503158		-1.0
	13160.00000001	3.98269		-1.31117  0.2  0.2		4.1705503158		-1.0
	13190.00000001	3.14632		-1.40401  0.2  0.2		4.1705503158		-1.0
	13220.00000001	3.4514		-1.25712  0.2  0.2		4.1705503158		-1.0
	13250.00000001	3.34394		-1.4054  0.2  0.2		4.1705503158		-1.0
	13280.00000001	3.48845		-1.67996  0.2  0.2		4.1705503158		-1.0
	13310.00000001	3.52014		-1.79163  0.2  0.2		4.1705503158		-1.0
	13340.00000001	3.54447		-1.80038  0.2  0.2		4.1705503158		-1.0
	13370.00000001	3.37289		-1.84228  0.2  0.2		4.1705503158		-1.0
	13400.00000001	3.43582		-1.95183  0.2  0.2		4.1705503158		-1.0
	13430.00000001	3.64545		-1.92205  0.2  0.2		4.1705503158		-1.0
	13460.00000001	3.41557		-1.87575  0.2  0.2		4.1705503158		-1.0
	13490.00000001	3.12513		-1.96899  0.2  0.2		4.1705503158		-1.0
	13520.00000001	4.0641		-1.78651  0.2  0.2		4.1705503158		-1.0
	13550.00000001	3.18115		-1.92201  0.2  0.2		4.1705503158		-1.0
	13580.00000001	2.90907		-1.96066  0.2  0.2		4.1705503158		-1.0
	13610.00000001	3.83262		-2.09262  0.2  0.2		4.1705503158		-1.0
	13640.00000001	3.17095		-2.17975  0.2  0.2		4.1705503158		-1.0
	13670.00000001	3.82682		-1.96602  0.2  0.2		4.1705503158		-1.0
	13700.00000001	3.34584		-2.00057  0.2  0.2		4.1705503158		-1.0
	13730.00000001	3.68937		-2.15576  0.2  0.2		4.1705503158		-1.0
	13760.00000001	3.26207		-2.14837  0.2  0.2		4.1705503158		-1.0
	13790.00000001	3.65079		-2.0926  0.2  0.2		4.1705503158		-1.0
	13820.00000001	3.44085		-2.0139  0.2  0.2		4.1705503158		-1.0
	13850.00000001	3.65148		-2.20808  0.2  0.2		4.1705503158		-1.0
	13880.00000001	3.45771		-2.36047  0.2  0.2		4.1705503158		-1.0
	13910.00000001	3.61373		-2.30598  0.2  0.2		4.1705503158		-1.0
	13940.00000001	3.47506		-2.28813  0.2  0.2		4.1705503158		-1.0
	13970.00000001	3.63807		-2.39429  0.2  0.2		4.1705503158		-1.0
	14000.00000001	3.5131		-2.49008  0.2  0.2		4.1705503158		-1.0
	14030.00000001	3.18107		-2.87553  0.2  0.2		4.1705503158		-1.0
	14060.00000001	3.17581		3.13304  0.2  0.2		4.1705503158		-1.0
	14090.00000001	2.94047		3.00356  0.2  0.2		4.1705503158		-1.0
	14120.00000001	2.71815		2.9859  0.2  0.2		4.1705503158		-1.0
	14150.00000001	2.66664		3.01686  0.2  0.2		4.1705503158		-1.0
	14180.00000001	2.73473		3.11407  0.2  0.2		4.1705503158		-1.0
	14210.00000001	2.67302		3.11819  0.2  0.2		4.1705503158		-1.0
	14240.00000000	2.77012		3.06157  0.2  0.2		4.1705503158		-1.0
	14270.00000000	2.75728		3.00118  0.2  0.2		4.1705503158		-1.0
	14300.00000000	2.68791		2.70241  0.2  0.2		4.1705503158		-1.0
	14330.00000000	2.60818		2.58581  0.2  0.2		4.1705503158		-1.0
	14360.00000000	2.63625		2.77468  0.2  0.2		4.1705503158		-1.0
	14390.00000000	3.37539		2.96187  0.2  0.2		4.1705503158		-1.0
	14420.00000000	3.43427		2.71383  0.2  0.2		4.1705503158		-1.0
	14450.00000000	2.92783		2.36249  0.2  0.2		4.1705503158		-1.0
	14480.00000000	2.74813		2.20151  0.2  0.2		4.1705503158		-1.0
	14510.00000000	2.66058		2.08039  0.2  0.2		4.1705503158		-1.0
	14540.00000000	2.67624		2.23907  0.2  0.2		4.1705503158		-1.0
	14570.00000000	2.73529		2.2546  0.2  0.2		4.1705503158		-1.0
	14600.00000000	3.20401		2.22933  0.2  0.2		4.1705503158		-1.0
	14630.00000000	3.41811		2.43404  0.2  0.2		4.1705503158		-1.0
	14660.00000000	3.3828		2.42613  0.2  0.2		4.1705503158		-1.0
	14690.00000000	3.36315		2.26058  0.2  0.2		4.1705503158		-1.0
	14720.00000000	2.92498		2.21808  0.2  0.2		4.1705503158		-1.0
	14750.00000000	2.67275		2.1628  0.2  0.2		4.1705503158		-1.0
	14780.00000000	2.97591		2.16885  0.2  0.2		4.1705503158		-1.0
	14810.00000000	4.07115		2.22997  0.2  0.2		4.1705503158		-1.0
	14840.00000000	3.04032		2.16328  0.2  0.2		4.1705503158		-1.0
	14870.00000000	2.82456		2.08266  0.2  0.2		4.1705503158		-1.0
	14900.00000000	3.84507		1.86984  0.2  0.2		4.1705503158		-1.0
	14930.00000000	3.16952		1.94759  0.2  0.2		4.1705503158		-1.0
	14960.00000000	3.99207		1.83456  0.2  0.2		4.1705503158		-1.0
	14990.00000000	2.97329		1.77169  0.2  0.2		4.1705503158		-1.0
	15020.00000000	3.02852		1.82272  0.2  0.2		4.1705503158		-1.0
	15050.00000000	3.84225		1.94415  0.2  0.2		4.1705503158		-1.0
	15080.00000000	3.10889		1.91935  0.2  0.2		4.1705503158		-1.0
	15110.00000000	3.7146		1.79203  0.2  0.2		4.1705503158		-1.0
	15140.00000000	3.09878		1.74387  0.2  0.2		4.1705503158		-1.0
	15170.00000000	2.63635		1.75652  0.2  0.2		4.1705503158		-1.0
	15200.00000000	2.72167		2.01394  0.2  0.2		4.1705503158		-1.0
	15230.00000000	2.80003		1.99243  0.2  0.2		4.1705503158		-1.0
	15260.00000000	2.85454		1.99538  0.2  0.2		4.1705503158		-1.0
	15290.00000000	3.42967		2.36182  0.2  0.2		4.1705503158		-1.0
	15320.00000000	3.38131		2.40425  0.2  0.2		4.1705503158		-1.0
	15350.00000000	3.49459		2.13152  0.2  0.2		4.1705503158		-1.0
	15380.00000000	3.59315		2.09656  0.2  0.2		4.1705503158		-1.0
	15410.00000000	2.59995		2.07202  0.2  0.2		4.1705503158		-1.0
	15440.00000000	2.68064		2.17971  0.2  0.2		4.1705503158		-1.0
	15470.00000000	2.72466		2.29125  0.2  0.2		4.1705503158		-1.0
	15500.00000000	2.71823		2.43855  0.2  0.2		4.1705503158		-1.0
	15530.00000000	3.04372		2.48657  0.2  0.2		4.1705503158		-1.0
	15560.00000000	3.78665		2.32358  0.2  0.2		4.1705503158		-1.0
	15590.00000000	3.21928		2.37781  0.2  0.2		4.1705503158		-1.0
	15620.00000000	3.9045		2.48651  0.2  0.2		4.1705503158		-1.0
	15650.00000000	3.11766		2.66149  0.2  0.2		4.1705503158		-1.0
	15680.00000000	3.72753		2.69272  0.2  0.2		4.1705503158		-1.0
	15710.00000000	3.1119		2.68954  0.2  0.2		4.1705503158		-1.0
	15740.00000000	3.68928		2.84857  0.2  0.2		4.1705503158		-1.0
	15770.00000000	3.20429		2.81682  0.2  0.2		4.1705503158		-1.0
	15800.00000000	3.68625		2.81789  0.2  0.2		4.1705503158		-1.0
	15830.00000000	2.88348		2.78872  0.2  0.2		4.1705503158		-1.0
	15860.00000000	3.12636		2.63822  0.2  0.2		4.1705503158		-1.0
	15890.00000000	3.51229		2.92601  0.2  0.2		4.1705503158		-1.0
	15920.00000000	3.30064		3.12147  0.2  0.2		4.1705503158		-1.0
	15950.00000000	3.86245		2.92183  0.2  0.2		4.1705503158		-1.0
	15980.00000000	2.85622		2.80934  0.2  0.2		4.1705503158		-1.0
	16010.00000000	3.21041		2.79215  0.2  0.2		4.1705503158		-1.0
	16040.00000000	3.67768		2.67796  0.2  0.2		4.1705503158		-1.0
	16070.00000000	3.76168		2.39186  0.2  0.2		4.1705503158		-1.0
	16100.00000000	3.79694		2.46336  0.2  0.2		4.1705503158		-1.0
	16130.00000000	4.00009		2.45405  0.2  0.2		4.1705503158		-1.0
	16160.00000000	3.94544		2.4559  0.2  0.2		4.1705503158		-1.0
	16190.00000000	3.13558		2.54174  0.2  0.2		4.1705503158		-1.0
	16220.00000000	2.90918		2.55303  0.2  0.2		4.1705503158		-1.0
	16250.00000000	3.13486		2.38857  0.2  0.2		4.1705503158		-1.0
	16280.00000000	2.55429		2.417  0.2  0.2		4.1705503158		-1.0
	16310.00000000	2.64983		2.62373  0.2  0.2		4.1705503158		-1.0
	16340.00000000	2.62738		2.78296  0.2  0.2		4.1705503158		-1.0
	16370.00000000	2.62341		2.81237  0.2  0.2		4.1705503158		-1.0
	16400.00000000	2.62668		2.99796  0.2  0.2		4.1705503158		-1.0
	16430.00000000	2.57482		-3.07385  0.2  0.2		4.1705503158		-1.0
	16460.00000000	3.12016		-2.87334  0.2  0.2		4.1705503158		-1.0
	16490.00000000	2.96381		-2.81222  0.2  0.2		4.1705503158		-1.0
	16520.00000000	2.88112		-2.76361  0.2  0.2		4.1705503158		-1.0
	16550.00000000	3.06688		-2.82962  0.2  0.2		4.1705503158		-1.0
	16580.00000000	2.91061		-2.87526  0.2  0.2		4.1705503158		-1.0
	16610.00000000	3.00142		-2.79529  0.2  0.2		4.1705503158		-1.0
	16640.00000000	2.69916		-2.74521  0.2  0.2		4.1705503158		-1.0
	16670.00000000	2.67759		-2.5411  0.2  0.2		4.1705503158		-1.0
	16700.00000000	2.63679		-2.63131  0.2  0.2		4.1705503158		-1.0
	16730.00000000	2.6605		-2.72351  0.2  0.2		4.1705503158		-1.0
	16760.00000000	2.63243		-2.75504  0.2  0.2		4.1705503158		-1.0
	16790.00000000	2.71365		-2.5632  0.2  0.2		4.1705503158		-1.0
	16820.00000000	2.94806		-2.44173  0.2  0.2		4.1705503158		-1.0
	16850.00000000	3.64701		-2.69659  0.2  0.2		4.1705503158		-1.0
	16880.00000000	3.14916		-3.03093  0.2  0.2		4.1705503158		-1.0
	16910.00000000	3.3791		-3.09276  0.2  0.2		4.1705503158		-1.0
	16940.00000000	3.6035		-2.81514  0.2  0.2		4.1705503158		-1.0
	16970.00000000	3.48433		-2.89733  0.2  0.2		4.1705503158		-1.0
	17000.00000000	3.05376		-3.01731  0.2  0.2		4.1705503158		-1.0
	17030.00000000	3.77998		-2.86105  0.2  0.2		4.1705503158		-1.0
	17060.00000000	3.70674		-2.94642  0.2  0.2		4.1705503158		-1.0
	17090.00000000	3.10056		-2.91946  0.2  0.2		4.1705503158		-1.0
	17120.00000000	3.34328		-2.76212  0.2  0.2		4.1705503158		-1.0
	17150.00000000	3.78958		-2.61958  0.2  0.2		4.1705503158		-1.0
	17180.00000000	3.58659		-2.65914  0.2  0.2		4.1705503158		-1.0
	17210.00000000	4.00253		-2.72163  0.2  0.2		4.1705503158		-1.0
	17240.00000000	3.59601		-2.75833  0.2  0.2		4.1705503158		-1.0
	17270.00000000	2.49422		-2.79519  0.2  0.2		4.1705503158		-1.0
	17300.00000000	3.79371		-2.86564  0.2  0.2		4.1705503158		-1.0
	17330.00000000	4.19624		-2.84079  0.2  0.2		4.1705503158		-1.0
	17360.00000000	4.91666		-2.92995  0.2  0.2		4.1705503158		-1.0
	17390.00000000	5.614		-2.85051  0.2  0.2		4.1705503158		-1.0
	17420.00000000	5.71188		-2.43292  0.2  0.2		4.1705503158		-1.0
	17450.00000000	5.50855		-2.14246  0.2  0.2		4.1705503158		-1.0
	17480.00000000	5.02069		-2.20012  0.2  0.2		4.1705503158		-1.0
	17510.00000000	4.27119		-2.36282  0.2  0.2		4.1705503158		-1.0
	17540.00000000	3.57019		-2.30001  0.2  0.2		4.1705503158		-1.0
	17570.00000000	3.80635		-2.2435  0.2  0.2		4.1705503158		-1.0
	17600.00000000	3.59417		-2.35725  0.2  0.2		4.1705503158		-1.0
	17630.00000000	2.58696		-2.30194  0.2  0.2		4.1705503158		-1.0
	17660.00000000	3.50938		-2.44103  0.2  0.2		4.1705503158		-1.0
	17690.00000000	4.16839		-2.66294  0.2  0.2		4.1705503158		-1.0
	17720.00000000	3.4023		-2.70223  0.2  0.2		4.1705503158		-1.0
	17750.00000000	2.87284		-2.88213  0.2  0.2		4.1705503158		-1.0
	17780.00000000	3.58415		-2.59557  0.2  0.2		4.1705503158		-1.0
	17810.00000000	3.97773		-2.66801  0.2  0.2		4.1705503158		-1.0
	17840.00000000	3.19096		-2.75883  0.2  0.2		4.1705503158		-1.0
	17870.00000000	2.63589		-2.78101  0.2  0.2		4.1705503158		-1.0
	17900.00000000	2.55662		-2.79204  0.2  0.2		4.1705503158		-1.0
	17930.00000000	2.72191		-2.51345  0.2  0.2		4.1705503158		-1.0
	17960.00000000	3.8034		-2.16382  0.2  0.2		4.1705503158		-1.0
	17990.00000000	4.16086		-2.07623  0.2  0.2		4.1705503158		-1.0
	18020.00000000	4.18437		-2.1288  0.2  0.2		4.1705503158		-1.0
	18050.00000000	4.31005		-2.45644  0.2  0.2		4.1705503158		-1.0
	18080.00000000	4.23069		-2.55545  0.2  0.2		4.1705503158		-1.0
	18110.00000000	4.56241		-2.54511  0.2  0.2		4.1705503158		-1.0
	18140.00000000	5.40014		-2.63564  0.2  0.2		4.1705503158		-1.0
	18170.00000000	6.52135		-2.39354  0.2  0.2		4.1705503158		-1.0
	18200.00000000	7.85595		-2.17635  0.2  0.2		4.1705503158		-1.0
	18230.00000000	8.09387		-2.28201  0.2  0.2		4.1705503158		-1.0
	18260.00000000	8.31416		-2.50914  0.2  0.2		4.1705503158		-1.0
	18290.00000000	9.02391		-2.506  0.2  0.2		4.1705503158		-1.0
	18320.00000000	9.22832		-2.4119  0.2  0.2		4.1705503158		-1.0
	18350.00000000	9.54133		-2.19938  0.2  0.2		4.1705503158		-1.0
	18380.00000000	9.97047		-2.07724  0.2  0.2		4.1705503158		-1.0
	18410.00000000	10.33485		-2.14265  0.2  0.2		4.1705503158		-1.0
	18440.00000000	11.07792		-2.36772  0.2  0.2		4.1705503158		-1.0
	18470.00000000	11.93718		-2.39755  0.2  0.2		4.1705503158		-1.0
	18500.00000000	11.98759		-2.60282  0.2  0.2		4.1705503158		-1.0
	18530.00000000	11.70647		-2.58906  0.2  0.2		4.1705503158		-1.0
	18560.00000000	11.16818		-2.6527  0.2  0.2		4.1705503158		-1.0
	18590.00000000	10.32841		-2.77439  0.2  0.2		4.1705503158		-1.0
	18620.00000000	9.81088		-2.68537  0.2  0.2		4.1705503158		-1.0
	18650.00000000	9.4727		-2.68372  0.2  0.2		4.1705503158		-1.0
	18680.00000000	8.701		-2.7557  0.2  0.2		4.1705503158		-1.0
	18710.00000000	7.9482		-2.78426  0.2  0.2		4.1705503158		-1.0
	18740.00000000	7.64215		-2.61275  0.2  0.2		4.1705503158		-1.0
	18770.00000000	7.24801		-2.73348  0.2  0.2		4.1705503158		-1.0
	18800.00000000	6.74749		-2.89643  0.2  0.2		4.1705503158		-1.0
	18830.00000000	6.62641		-2.5534  0.2  0.2		4.1705503158		-1.0
	18860.00000000	6.43547		-2.55111  0.2  0.2		4.1705503158		-1.0
	18890.00000000	6.52595		-2.37663  0.2  0.2		4.1705503158		-1.0
	18920.00000000	7.17565		-2.35027  0.2  0.2		4.1705503158		-1.0
	18950.00000000	8.1854		-2.56966  0.2  0.2		4.1705503158		-1.0
	18980.00000000	8.93444		-2.35184  0.2  0.2		4.1705503158		-1.0
	19010.00000000	9.1639		-2.27433  0.2  0.2		4.1705503158		-1.0
	19040.00000000	8.8053		-2.43237  0.2  0.2		4.1705503158		-1.0
	19070.00000000	8.47891		-2.55159  0.2  0.2		4.1705503158		-1.0
	19100.00000000	8.49099		-2.72746  0.2  0.2		4.1705503158		-1.0
	19130.00000000	8.21432		3.11757  0.2  0.2		4.1705503158		-1.0
	19160.00000000	8.24738		2.6909  0.2  0.2		4.1705503158		-1.0
	19190.00000000	8.70031		2.25425  0.2  0.2		4.1705503158		-1.0
	19220.00000000	9.20791		2.1803  0.2  0.2		4.1705503158		-1.0
	19250.00000000	10.07624		2.15965  0.2  0.2		4.1705503158		-1.0
	19280.00000000	11.14329		2.11066  0.2  0.2		4.1705503158		-1.0
	19310.00000000	11.86156		2.13716  0.2  0.2		4.1705503158		-1.0
	19340.00000000	11.85349		2.15883  0.2  0.2		4.1705503158		-1.0
	19370.00000000	10.94199		2.39894  0.2  0.2		4.1705503158		-1.0
	19400.00000000	9.89889		2.26388  0.2  0.2		4.1705503158		-1.0
	19430.00000000	8.89792		2.19309  0.2  0.2		4.1705503158		-1.0
	19460.00000000	8.2379		2.13648  0.2  0.2		4.1705503158		-1.0
	19490.00000000	7.78051		2.36538  0.2  0.2		4.1705503158		-1.0
	19520.00000000	6.91736		2.19783  0.2  0.2		4.1705503158		-1.0
	19550.00000000	6.20599		2.02517  0.2  0.2		4.1705503158		-1.0
	19580.00000000	5.811		2.03726  0.2  0.2		4.1705503158		-1.0
	19610.00000000	5.3064		2.05666  0.2  0.2		4.1705503158		-1.0
	19640.00000000	4.71457		2.065  0.2  0.2		4.1705503158		-1.0
	19670.00000000	3.3952		1.84401  0.2  0.2		4.1705503158		-1.0
	19700.00000000	2.85564		1.72056  0.2  0.2		4.1705503158		-1.0
	19730.00000000	3.88592		1.60546  0.2  0.2		4.1705503158		-1.0
	19760.00000000	3.4322		1.68003  0.2  0.2		4.1705503158		-1.0
	19790.00000000	2.74013		1.63363  0.2  0.2		4.1705503158		-1.0
	19820.00000000	2.70859		1.60779  0.2  0.2		4.1705503158		-1.0
	19850.00000000	2.69344		1.61293  0.2  0.2		4.1705503158		-1.0
	19880.00000000	2.89981		1.21111  0.2  0.2		4.1705503158		-1.0
