	30.00000000	3.00474		0.95818  0.2  0.2		4.1705503158		-1.0
	60.00000000	3.02146		0.75517  0.2  0.2		4.1705503158		-1.0
	90.00000000	2.99658		0.67055  0.2  0.2		4.1705503158		-1.0
	120.00000000	3.00471		0.64499  0.2  0.2		4.1705503158		-1.0
	150.00000000	2.88946		0.64778  0.2  0.2		4.1705503158		-1.0
	180.00000000	2.86581		0.70327  0.2  0.2		4.1705503158		-1.0
	210.00000000	2.9944		0.82065  0.2  0.2		4.1705503158		-1.0
	240.00000000	3.0281		1.1645  0.2  0.2		4.1705503158		-1.0
	270.00000000	2.82027		1.16294  0.2  0.2		4.1705503158		-1.0
	300.00000000	2.83175		1.01925  0.2  0.2		4.1705503158		-1.0
	330.00000000	3.12113		0.95485  0.2  0.2		4.1705503158		-1.0
	360.00000000	3.13752		1.12475  0.2  0.2		4.1705503158		-1.0
	390.00000000	2.77954		1.45632  0.2  0.2		4.1705503158		-1.0
	420.00000000	2.78215		1.43441  0.2  0.2		4.1705503158		-1.0
	450.00000000	3.05198		1.38712  0.2  0.2		4.1705503158		-1.0
	480.00000000	3.24616		1.23442  0.2  0.2		4.1705503158		-1.0
	510.00000000	2.89275		1.15001  0.2  0.2		4.1705503158		-1.0
	540.00000000	2.79838		1.49243  0.2  0.2		4.1705503158		-1.0
	570.00000000	2.96493		1.50575  0.2  0.2		4.1705503158		-1.0
	600.00000000	3.07413		1.29365  0.2  0.2		4.1705503158		-1.0
	630.00000000	2.72178		1.06147  0.2  0.2		4.1705503158		-1.0
	660.00000000	2.99419		0.77244  0.2  0.2		4.1705503158		-1.0
	690.00000000	3.0019		0.46117  0.2  0.2		4.1705503158		-1.0
	720.00000000	2.88663		-0.14575  0.2  0.2		4.1705503158		-1.0
	750.00000000	2.9674		-0.63701  0.2  0.2		4.1705503158		-1.0
	780.00000000	2.95247		-1.10768  0.2  0.2		4.1705503158		-1.0
	810.00000000	3.01113		-1.1611  0.2  0.2		4.1705503158		-1.0
	840.00000000	2.98038		-1.04932  0.2  0.2		4.1705503158		-1.0
	870.00000000	2.95032		-0.57374  0.2  0.2		4.1705503158		-1.0
	900.00000000	2.89285		0.10605  0.2  0.2		4.1705503158		-1.0
	930.00000000	2.97785		0.38434  0.2  0.2		4.1705503158		-1.0
	960.00000000	3.09475		0.13136  0.2  0.2		4.1705503158		-1.0
	990.00000000	3.0077		-0.2866  0.2  0.2		4.1705503158		-1.0
	1020.00000000	2.78736		-0.89498  0.2  0.2		4.1705503158		-1.0
	1050.00000000	2.86511		-1.15995  0.2  0.2		4.1705503158		-1.0
	1080.00000000	2.90471		-1.30876  0.2  0.2		4.1705503158		-1.0
	1110.00000000	2.96737		-1.28528  0.2  0.2		4.1705503158		-1.0
	1140.00000000	2.80272		-1.49894  0.2  0.2		4.1705503158		-1.0
	1170.00000000	3.0313		-1.46289  0.2  0.2		4.1705503158		-1.0
	1200.00000000	3.26591		-1.27519  0.2  0.2		4.1705503158		-1.0
	1230.00000000	2.77972		-1.11644  0.2  0.2		4.1705503158		-1.0
	1260.00000000	2.91627		-0.80275  0.2  0.2		4.1705503158		-1.0
	1290.00000000	3.17298		-0.6392  0.2  0.2		4.1705503158		-1.0
	1320.00000000	2.98247		-0.51411  0.2  0.2		4.1705503158		-1.0
	1350.00000000	2.83996		-0.56124  0.2  0.2		4.1705503158		-1.0
	1380.00000000	2.77755		-0.63478  0.2  0.2		4.1705503158		-1.0
	1410.00000000	3.13312		-0.78262  0.2  0.2		4.1705503158		-1.0
	1440.00000000	3.00004		-1.02651  0.2  0.2		4.1705503158		-1.0
	1470.00000000	2.67123		-1.56159  0.2  0.2		4.1705503158		-1.0
	1500.00000000	2.82234		-1.72594  0.2  0.2		4.1705503158		-1.0
	1530.00000000	3.02664		-1.55078  0.2  0.2		4.1705503158		-1.0
	1560.00000000	3.24386		-1.4407  0.2  0.2		4.1705503158		-1.0
	1590.00000000	2.78774		-1.59363  0.2  0.2		4.1705503158		-1.0
	1620.00000000	2.90874		-1.96635  0.2  0.2		4.1705503158		-1.0
	1650.00000000	2.9767		-2.24793  0.2  0.2		4.1705503158		-1.0
	1680.00000000	2.92673		-2.05383  0.2  0.2		4.1705503158		-1.0
	1710.00000000	2.97122		-2.08689  0.2  0.2		4.1705503158		-1.0
	1740.00000000	3.00353		-1.76114  0.2  0.2		4.1705503158		-1.0
	1770.00000000	2.83166		-1.83303  0.2  0.2		4.1705503158		-1.0
	1800.00000000	2.98445		-1.84489  0.2  0.2		4.1705503158		-1.0
	1830.00000000	2.74831		-1.92997  0.2  0.2		4.1705503158		-1.0
	1860.00000000	3.06693		-2.11418  0.2  0.2		4.1705503158		-1.0
	1890.00000000	2.92042		-2.0746  0.2  0.2		4.1705503158		-1.0
	1920.00000000	3.02777		-2.045  0.2  0.2		4.1705503158		-1.0
	1950.00000000	2.88709		-2.24502  0.2  0.2		4.1705503158		-1.0
	1980.00000000	2.94591		-2.54134  0.2  0.2		4.1705503158		-1.0
	2010.00000000	3.03499		-2.68088  0.2  0.2		4.1705503158		-1.0
	2040.00000000	2.92194		-2.50786  0.2  0.2		4.1705503158		-1.0
	2070.00000000	2.76541		-2.61128  0.2  0.2		4.1705503158		-1.0
	2100.00000000	2.9223		-2.6919  0.2  0.2		4.1705503158		-1.0
	2130.00000000	3.14481		-2.78359  0.2  0.2		4.1705503158		-1.0
	2160.00000000	2.93689		-3.00476  0.2  0.2		4.1705503158		-1.0
	2190.00000000	2.91221		-2.98893  0.2  0.2		4.1705503158		-1.0
	2220.00000000	2.75337		-2.88091  0.2  0.2		4.1705503158		-1.0
	2250.00000000	2.7354		-2.94663  0.2  0.2		4.1705503158		-1.0
	2280.00000000	3.0306		-2.90699  0.2  0.2		4.1705503158		-1.0
	2310.00000000	2.99		-2.49463  0.2  0.2		4.1705503158		-1.0
	2340.00000000	2.80614		-2.19543  0.2  0.2		4.1705503158		-1.0
	2370.00000000	2.77459		-2.3569  0.2  0.2		4.1705503158		-1.0
	2400.00000000	3.15116		-2.41328  0.2  0.2		4.1705503158		-1.0
	2430.00000000	2.82468		-2.26742  0.2  0.2		4.1705503158		-1.0
	2460.00000000	3.29623		-2.30013  0.2  0.2		4.1705503158		-1.0
	2490.00000000	2.72097		-2.34296  0.2  0.2		4.1705503158		-1.0
	2520.00000000	3.1892		-2.40919  0.2  0.2		4.1705503158		-1.0
	2550.00000000	2.70387		-2.26268  0.2  0.2		4.1705503158		-1.0
	2580.00000000	3.2391		-2.05242  0.2  0.2		4.1705503158		-1.0
	2610.00000000	3.02424		-1.69332  0.2  0.2		4.1705503158		-1.0
	2640.00000000	2.81515		-1.47433  0.2  0.2		4.1705503158		-1.0
	2670.00000000	2.99304		-1.45605  0.2  0.2		4.1705503158		-1.0
	2700.00000000	2.77758		-1.7407  0.2  0.2		4.1705503158		-1.0
	2730.00000000	3.21137		-1.80174  0.2  0.2		4.1705503158		-1.0
	2760.00000000	2.98649		-1.59203  0.2  0.2		4.1705503158		-1.0
	2790.00000000	2.78562		-1.2824  0.2  0.2		4.1705503158		-1.0
	2820.00000000	2.91957		-1.34889  0.2  0.2		4.1705503158		-1.0
	2850.00000000	2.7614		-1.57261  0.2  0.2		4.1705503158		-1.0
	2880.00000000	3.27352		-1.68741  0.2  0.2		4.1705503158		-1.0
	2910.00000000	2.85469		-1.6299  0.2  0.2		4.1705503158		-1.0
	2940.00000000	3.03992		-1.13088  0.2  0.2		4.1705503158		-1.0
	2970.00000000	2.76277		-0.91944  0.2  0.2		4.1705503158		-1.0
	3000.00000000	3.19757		-0.90343  0.2  0.2		4.1705503158		-1.0
	3030.00000000	2.7052		-0.80428  0.2  0.2		4.1705503158		-1.0
	3060.00000000	3.3625		-0.87138  0.2  0.2		4.1705503158		-1.0
	3090.00000000	2.76156		-0.89306  0.2  0.2		4.1705503158		-1.0
	3120.00000000	3.00074		-1.17976  0.2  0.2		4.1705503158		-1.0
	3150.00000000	3.17526		-1.10863  0.2  0.2		4.1705503158		-1.0
	3180.00000000	2.79169		-1.05356  0.2  0.2		4.1705503158		-1.0
	3210.00000000	3.26475		-1.121  0.2  0.2		4.1705503158		-1.0
	3240.00000000	2.9329		-0.80872  0.2  0.2		4.1705503158		-1.0
	3270.00000000	3.17328		-0.8178  0.2  0.2		4.1705503158		-1.0
	3300.00000000	2.81327		-0.42489  0.2  0.2		4.1705503158		-1.0
	3330.00000000	3.0477		-0.03434  0.2  0.2		4.1705503158		-1.0
	3360.00000000	3.19815		-0.12022  0.2  0.2		4.1705503158		-1.0
	3390.00000000	2.80532		-0.17556  0.2  0.2		4.1705503158		-1.0
	3420.00000000	3.10961		-0.22864  0.2  0.2		4.1705503158		-1.0
	3450.00000000	2.9578		-0.17629  0.2  0.2		4.1705503158		-1.0
	3480.00000000	2.84255		-0.04646  0.2  0.2		4.1705503158		-1.0
	3510.00000000	2.98193		0.13935  0.2  0.2		4.1705503158		-1.0
	3540.00000000	3.00615		0.46111  0.2  0.2		4.1705503158		-1.0
	3570.00000000	2.88793		0.28873  0.2  0.2		4.1705503158		-1.0
	3600.00000000	2.99676		0.14273  0.2  0.2		4.1705503158		-1.0
	3630.00000000	3.29647		0.56253  0.2  0.2		4.1705503158		-1.0
	3660.00000000	2.91731		0.98693  0.2  0.2		4.1705503158		-1.0
	3690.00000000	3.03797		1.22901  0.2  0.2		4.1705503158		-1.0
	3720.00000000	2.8039		1.59801  0.2  0.2		4.1705503158		-1.0
	3750.00000000	2.80034		1.8258  0.2  0.2		4.1705503158		-1.0
	3780.00000000	2.86011		1.87197  0.2  0.2		4.1705503158		-1.0
	3810.00000000	2.93429		1.77367  0.2  0.2		4.1705503158		-1.0
	3840.00000000	2.90895		1.60604  0.2  0.2		4.1705503158		-1.0
	3870.00000000	3.0107		1.56152  0.2  0.2		4.1705503158		-1.0
	3900.00000000	3.00063		1.95722  0.2  0.2		4.1705503158		-1.0
	3930.00000000	3.0702		2.3671  0.2  0.2		4.1705503158		-1.0
	3960.00000000	2.99918		2.48867  0.2  0.2		4.1705503158		-1.0
	3990.00000000	2.99827		2.60377  0.2  0.2		4.1705503158		-1.0
	4020.00000000	3.00745		2.58242  0.2  0.2		4.1705503158		-1.0
	4050.00000000	2.9387		2.69237  0.2  0.2		4.1705503158		-1.0
	4080.00000000	2.78681		2.69783  0.2  0.2		4.1705503158		-1.0
	4110.00000000	2.75676		2.92859  0.2  0.2		4.1705503158		-1.0
	4140.00000000	3.01768		3.02748  0.2  0.2		4.1705503158		-1.0
	4170.00000000	3.17882		2.89211  0.2  0.2		4.1705503158		-1.0
	4200.00000000	2.99739		2.7943  0.2  0.2		4.1705503158		-1.0
	4230.00000000	2.79082		2.98937  0.2  0.2		4.1705503158		-1.0
	4260.00000000	3.19		3.013  0.2  0.2		4.1705503158		-1.0
	4290.00000000	2.97025		3.02357  0.2  0.2		4.1705503158		-1.0
	4320.00000000	2.99855		3.10461  0.2  0.2		4.1705503158		-1.0
	4350.00000000	2.77159		2.97783  0.2  0.2		4.1705503158		-1.0
	4380.00000000	3.19316		2.73936  0.2  0.2		4.1705503158		-1.0
	4410.00000000	3.15655		2.72777  0.2  0.2		4.1705503158		-1.0
	4440.00000000	2.84441		2.69364  0.2  0.2		4.1705503158		-1.0
	4470.00000000	3.32193		2.67233  0.2  0.2		4.1705503158		-1.0
	4500.00000000	2.99598		2.48714  0.2  0.2		4.1705503158		-1.0
	4530.00000000	3.02763		2.35977  0.2  0.2		4.1705503158		-1.0
	4560.00000000	2.85824		2.34035  0.2  0.2		4.1705503158		-1.0
	4590.00000000	3.17873		2.2858  0.2  0.2		4.1705503158		-1.0
	4620.00000000	2.80588		1.96778  0.2  0.2		4.1705503158		-1.0
	4650.00000000	3.18004		2.10543  0.2  0.2		4.1705503158		-1.0
	4680.00000000	2.8471		2.14434  0.2  0.2		4.1705503158		-1.0
	4710.00000000	3.16839		2.04607  0.2  0.2		4.1705503158		-1.0
	4740.00000000	3.11751		1.91255  0.2  0.2		4.1705503158		-1.0
	4770.00000000	3.0599		1.72245  0.2  0.2		4.1705503158		-1.0
	4800.00000000	2.76565		1.9277  0.2  0.2		4.1705503158		-1.0
	4830.00000000	3.18958		2.0729  0.2  0.2		4.1705503158		-1.0
	4860.00000000	2.9523		2.26903  0.2  0.2		4.1705503158		-1.0
	4890.00000000	2.78456		2.1995  0.2  0.2		4.1705503158		-1.0
	4920.00000000	2.75847		2.03123  0.2  0.2		4.1705503158		-1.0
	4950.00000000	3.15916		1.93781  0.2  0.2		4.1705503158		-1.0
	4980.00000000	3.17926		2.04612  0.2  0.2		4.1705503158		-1.0
	5010.00000000	2.77053		2.25245  0.2  0.2		4.1705503158		-1.0
	5040.00000000	2.88532		2.3481  0.2  0.2		4.1705503158		-1.0
	5070.00000000	2.90318		2.38855  0.2  0.2		4.1705503158		-1.0
	5100.00000000	2.84403		2.54148  0.2  0.2		4.1705503158		-1.0
	5130.00000000	3.53178		2.47732  0.2  0.2		4.1705503158		-1.0
	5160.00000000	2.69777		2.28799  0.2  0.2		4.1705503158		-1.0
	5190.00000000	3.32058		2.43471  0.2  0.2		4.1705503158		-1.0
	5220.00000000	2.99796		2.55589  0.2  0.2		4.1705503158		-1.0
	5250.00000000	3.11698		2.51972  0.2  0.2		4.1705503158		-1.0
	5280.00000000	3.2653		2.06258  0.2  0.2		4.1705503158		-1.0
	5310.00000000	2.86565		1.85946  0.2  0.2		4.1705503158		-1.0
	5340.00000000	3.1283		1.88906  0.2  0.2		4.1705503158		-1.0
	5370.00000000	3.18445		1.68816  0.2  0.2		4.1705503158		-1.0
	5400.00000000	3.04149		1.54415  0.2  0.2		4.1705503158		-1.0
	5430.00000000	2.91908		1.70585  0.2  0.2		4.1705503158		-1.0
	5460.00000000	3.39402		1.66  0.2  0.2		4.1705503158		-1.0
	5490.00000000	2.68713		1.47351  0.2  0.2		4.1705503158		-1.0
	5520.00000000	3.32178		1.19758  0.2  0.2		4.1705503158		-1.0
	5550.00000000	2.81924		1.16763  0.2  0.2		4.1705503158		-1.0
	5580.00000000	3.30829		1.17779  0.2  0.2		4.1705503158		-1.0
	5610.00000000	2.74175		1.00526  0.2  0.2		4.1705503158		-1.0
	5640.00000000	3.5526		0.79733  0.2  0.2		4.1705503158		-1.0
	5670.00000000	2.81892		0.72665  0.2  0.2		4.1705503158		-1.0
	5700.00000000	3.21975		0.65755  0.2  0.2		4.1705503158		-1.0
	5730.00000000	2.81385		0.63002  0.2  0.2		4.1705503158		-1.0
	5760.00000000	2.97618		0.52302  0.2  0.2		4.1705503158		-1.0
	5790.00000000	2.8001		0.63149  0.2  0.2		4.1705503158		-1.0
	5820.00000000	2.7948		0.64731  0.2  0.2		4.1705503158		-1.0
	5850.00000000	2.7471		0.4313  0.2  0.2		4.1705503158		-1.0
	5880.00000000	3.13274		0.14094  0.2  0.2		4.1705503158		-1.0
	5910.00000000	2.78256		-0.01926  0.2  0.2		4.1705503158		-1.0
	5940.00000000	2.82279		-0.33876  0.2  0.2		4.1705503158		-1.0
	5970.00000000	2.94611		-0.7366  0.2  0.2		4.1705503158		-1.0
	6000.00000000	2.73263		-0.97392  0.2  0.2		4.1705503158		-1.0
	6030.00000000	2.72601		-1.03613  0.2  0.2		4.1705503158		-1.0
	6060.00000000	2.77111		-1.05176  0.2  0.2		4.1705503158		-1.0
	6090.00000000	2.87062		-1.29444  0.2  0.2		4.1705503158		-1.0
	6120.00000000	2.76344		-1.42639  0.2  0.2		4.1705503158		-1.0
	6150.00000000	2.66477		-1.10831  0.2  0.2		4.1705503158		-1.0
	6180.00000000	2.88362		-0.72381  0.2  0.2		4.1705503158		-1.0
	6210.00000000	2.89463		-0.21554  0.2  0.2		4.1705503158		-1.0
	6240.00000000	2.76993		0.16873  0.2  0.2		4.1705503158		-1.0
	6270.00000000	3.29722		0.48195  0.2  0.2		4.1705503158		-1.0
	6300.00000000	2.85272		0.34043  0.2  0.2		4.1705503158		-1.0
	6330.00000000	3.09111		0.15128  0.2  0.2		4.1705503158		-1.0
	6360.00000000	2.73106		0.12146  0.2  0.2		4.1705503158		-1.0
	6390.00000000	2.7452		0.35548  0.2  0.2		4.1705503158		-1.0
	6420.00000000	2.94497		0.54121  0.2  0.2		4.1705503158		-1.0
	6450.00000000	2.74705		0.41573  0.2  0.2		4.1705503158		-1.0
	6480.00000000	3.33394		0.12099  0.2  0.2		4.1705503158		-1.0
	6510.00000000	2.75586		-0.2243  0.2  0.2		4.1705503158		-1.0
	6540.00000000	3.06814		-0.56109  0.2  0.2		4.1705503158		-1.0
	6570.00000000	3.10866		-0.72674  0.2  0.2		4.1705503158		-1.0
	6600.00000000	3.13277		-0.57256  0.2  0.2		4.1705503158		-1.0
	6630.00000000	2.78229		-0.24308  0.2  0.2		4.1705503158		-1.0
	6660.00000000	3.14745		-0.12084  0.2  0.2		4.1705503158		-1.0
	6690.00000000	3.23044		-0.26349  0.2  0.2		4.1705503158		-1.0
	6720.00000000	3.07295		-0.42615  0.2  0.2		4.1705503158		-1.0
	6750.00000000	2.86731		-0.43753  0.2  0.2		4.1705503158		-1.0
	6780.00000000	2.76295		-0.71614  0.2  0.2		4.1705503158		-1.0
	6810.00000000	2.65931		-1.16802  0.2  0.2		4.1705503158		-1.0
	6840.00000000	2.69827		-1.64518  0.2  0.2		4.1705503158		-1.0
	6870.00000000	2.96538		-1.93723  0.2  0.2		4.1705503158		-1.0
	6900.00000000	2.72454		-1.96956  0.2  0.2		4.1705503158		-1.0
	6930.00000000	3.22156		-1.89155  0.2  0.2		4.1705503158		-1.0
	6960.00000000	3.12541		-1.61163  0.2  0.2		4.1705503158		-1.0
	6990.00000000	3.21662		-1.35358  0.2  0.2		4.1705503158		-1.0
	7020.00000000	3.30171		-1.55312  0.2  0.2		4.1705503158		-1.0
	7050.00000000	3.15317		-1.77699  0.2  0.2		4.1705503158		-1.0
	7080.00000000	2.89457		-1.91711  0.2  0.2		4.1705503158		-1.0
	7110.00000000	3.05907		-1.91617  0.2  0.2		4.1705503158		-1.0
	7140.00000000	3.26039		-1.69715  0.2  0.2		4.1705503158		-1.0
	7170.00000000	3.22897		-1.47866  0.2  0.2		4.1705503158		-1.0
	7200.00000000	3.26211		-1.19455  0.2  0.2		4.1705503158		-1.0
	7230.00000000	3.15429		-1.26596  0.2  0.2		4.1705503158		-1.0
	7260.00000000	3.32736		-1.5518  0.2  0.2		4.1705503158		-1.0
	7290.00000000	3.35647		-1.7981  0.2  0.2		4.1705503158		-1.0
	7320.00000000	3.37937		-1.83927  0.2  0.2		4.1705503158		-1.0
	7350.00000000	3.21165		-2.05786  0.2  0.2		4.1705503158		-1.0
	7380.00000000	3.24098		-2.22334  0.2  0.2		4.1705503158		-1.0
	7410.00000000	3.37833		-2.32092  0.2  0.2		4.1705503158		-1.0
	7440.00000000	3.01913		-2.48282  0.2  0.2		4.1705503158		-1.0
	7470.00000000	2.86101		-2.54657  0.2  0.2		4.1705503158		-1.0
	7500.00000000	3.14887		-2.55783  0.2  0.2		4.1705503158		-1.0
	7530.00000000	3.04819		-2.70058  0.2  0.2		4.1705503158		-1.0
	7560.00000000	2.97002		-2.73991  0.2  0.2		4.1705503158		-1.0
	7590.00000000	3.10222		-2.70124  0.2  0.2		4.1705503158		-1.0
	7620.00000000	2.92429		-3.02142  0.2  0.2		4.1705503158		-1.0
	7650.00000000	2.93596		3.12752  0.2  0.2		4.1705503158		-1.0
	7680.00000000	3.19424		-3.08952  0.2  0.2		4.1705503158		-1.0
	7710.00000000	2.7327		-3.01288  0.2  0.2		4.1705503158		-1.0
	7740.00000000	2.64707		-2.79417  0.2  0.2		4.1705503158		-1.0
	7770.00000000	2.78777		-2.90718  0.2  0.2		4.1705503158		-1.0
	7800.00000000	3.23527		-3.12127  0.2  0.2		4.1705503158		-1.0
	7830.00000000	2.74826		-3.06471  0.2  0.2		4.1705503158		-1.0
	7860.00000000	3.42698		-3.01991  0.2  0.2		4.1705503158		-1.0
	7890.00000000	2.74376		-2.99461  0.2  0.2		4.1705503158		-1.0
	7920.00000000	2.79497		-2.98907  0.2  0.2		4.1705503158		-1.0
	7950.00000000	2.82493		3.09212  0.2  0.2		4.1705503158		-1.0
	7980.00000000	2.83131		2.87454  0.2  0.2		4.1705503158		-1.0
	8010.00000000	2.88999		2.88376  0.2  0.2		4.1705503158		-1.0
	8040.00000000	2.72418		-3.12886  0.2  0.2		4.1705503158		-1.0
	8070.00000000	3.01841		3.08185  0.2  0.2		4.1705503158		-1.0
	8100.00000000	3.14042		3.08364  0.2  0.2		4.1705503158		-1.0
	8130.00000000	3.39077		-3.05891  0.2  0.2		4.1705503158		-1.0
	8160.00000000	3.2367		-2.91382  0.2  0.2		4.1705503158		-1.0
	8190.00000000	2.9908		-2.7877  0.2  0.2		4.1705503158		-1.0
	8220.00000000	2.85744		-2.65547  0.2  0.2		4.1705503158		-1.0
	8250.00000000	2.88451		-2.61606  0.2  0.2		4.1705503158		-1.0
	8280.00000000	2.78337		-2.57612  0.2  0.2		4.1705503158		-1.0
	8310.00000000	2.73726		-2.64367  0.2  0.2		4.1705503158		-1.0
	8340.00000000	2.87033		-2.92462  0.2  0.2		4.1705503158		-1.0
	8370.00000000	3.35382		-2.8421  0.2  0.2		4.1705503158		-1.0
	8400.00000000	3.09944		-2.69613  0.2  0.2		4.1705503158		-1.0
	8430.00000000	3.26536		-2.62313  0.2  0.2		4.1705503158		-1.0
	8460.00000000	3.25012		-2.59708  0.2  0.2		4.1705503158		-1.0
	8490.00000000	3.31298		-2.63075  0.2  0.2		4.1705503158		-1.0
	8520.00000000	3.44489		-2.51943  0.2  0.2		4.1705503158		-1.0
	8550.00000000	2.8777		-2.18628  0.2  0.2		4.1705503158		-1.0
	8580.00000000	2.85228		-2.13414  0.2  0.2		4.1705503158		-1.0
	8610.00000000	2.79932		-2.19628  0.2  0.2		4.1705503158		-1.0
	8640.00000000	2.69254		-2.06905  0.2  0.2		4.1705503158		-1.0
	8670.00000000	2.87984		-1.59389  0.2  0.2		4.1705503158		-1.0
	8700.00000000	3.12282		-1.27042  0.2  0.2		4.1705503158		-1.0
	8730.00000000	2.58838		-1.3584  0.2  0.2		4.1705503158		-1.0
	8760.00000000	2.9002		-1.8043  0.2  0.2		4.1705503158		-1.0
	8790.00000000	2.91773		-1.9187  0.2  0.2		4.1705503158		-1.0
	8820.00000000	2.76126		-1.89558  0.2  0.2		4.1705503158		-1.0
	8850.00000000	2.77297		-2.22489  0.2  0.2		4.1705503158		-1.0
	8880.00000000	2.76016		-2.51416  0.2  0.2		4.1705503158		-1.0
	8910.00000000	2.72309		-2.6955  0.2  0.2		4.1705503158		-1.0
	8940.00000000	2.85041		-2.85242  0.2  0.2		4.1705503158		-1.0
	8970.00000000	3.21244		-2.89024  0.2  0.2		4.1705503158		-1.0
	9000.00000000	3.20943		-2.68058  0.2  0.2		4.1705503158		-1.0
	9030.00000000	3.51012		-2.25613  0.2  0.2		4.1705503158		-1.0
	9060.00000000	3.13882		-2.22448  0.2  0.2		4.1705503158		-1.0
	9090.00000000	3.30481		-2.33947  0.2  0.2		4.1705503158		-1.0
	9120.00000000	3.14514		-2.11734  0.2  0.2		4.1705503158		-1.0
	9150.00000000	3.40517		-2.03295  0.2  0.2		4.1705503158		-1.0
	9180.00000000	3.46583		-1.95323  0.2  0.2		4.1705503158		-1.0
	9210.00000000	3.5303		-1.71312  0.2  0.2		4.1705503158		-1.0
	9240.00000000	2.83475		-1.54397  0.2  0.2		4.1705503158		-1.0
	9270.00000000	2.73834		-1.64697  0.2  0.2		4.1705503158		-1.0
	9300.00000000	2.60667		-1.69819  0.2  0.2		4.1705503158		-1.0
	9330.00000000	3.1944		-1.4916  0.2  0.2		4.1705503158		-1.0
	9360.00000000	3.11252		-1.23711  0.2  0.2		4.1705503158		-1.0
	9390.00000000	2.73327		-1.37153  0.2  0.2		4.1705503158		-1.0
	9420.00000000	2.63141		-1.26945  0.2  0.2		4.1705503158		-1.0
	9450.00000000	2.68773		-0.87891  0.2  0.2		4.1705503158		-1.0
	9480.00000000	2.6842		-0.3561  0.2  0.2		4.1705503158		-1.0
	9510.00000000	2.72028		0.24251  0.2  0.2		4.1705503158		-1.0
	9540.00000000	3.37191		0.83881  0.2  0.2		4.1705503158		-1.0
	9570.00000000	2.60159		1.23718  0.2  0.2		4.1705503158		-1.0
	9600.00000000	3.40964		1.3679  0.2  0.2		4.1705503158		-1.0
	9630.00000000	2.8074		1.34947  0.2  0.2		4.1705503158		-1.0
	9660.00000000	2.88653		1.26084  0.2  0.2		4.1705503158		-1.0
	9690.00000000	2.765		0.98182  0.2  0.2		4.1705503158		-1.0
	9720.00000000	2.74003		0.73911  0.2  0.2		4.1705503158		-1.0
	9750.00000000	2.71171		0.94303  0.2  0.2		4.1705503158		-1.0
	9780.00000000	2.76467		1.28299  0.2  0.2		4.1705503158		-1.0
	9810.00000000	3.06139		1.27618  0.2  0.2		4.1705503158		-1.0
	9840.00000000	3.15398		0.91066  0.2  0.2		4.1705503158		-1.0
	9870.00000000	3.20447		0.79296  0.2  0.2		4.1705503158		-1.0
	9900.00000000	3.04229		1.19164  0.2  0.2		4.1705503158		-1.0
	9930.00000000	3.11309		1.46913  0.2  0.2		4.1705503158		-1.0
	9960.00000000	3.27136		1.39111  0.2  0.2		4.1705503158		-1.0
	9990.00000000	2.65668		1.48521  0.2  0.2		4.1705503158		-1.0
	10020.00000000	3.03716		1.64411  0.2  0.2		4.1705503158		-1.0
	10050.00000000	3.39025		1.71057  0.2  0.2		4.1705503158		-1.0
	10080.00000000	2.86473		1.78343  0.2  0.2		4.1705503158		-1.0
	10110.00000000	2.94965		1.89371  0.2  0.2		4.1705503158		-1.0
	10140.00000000	2.80661		1.84479  0.2  0.2		4.1705503158		-1.0
	10170.00000000	3.53407		1.66235  0.2  0.2		4.1705503158		-1.0
	10200.00000000	3.1847		1.71722  0.2  0.2		4.1705503158		-1.0
	10230.00000000	3.22875		1.66673  0.2  0.2		4.1705503158		-1.0
	10260.00000000	2.9119		1.49751  0.2  0.2		4.1705503158		-1.0
	10290.00000000	3.29673		1.44927  0.2  0.2		4.1705503158		-1.0
	10025.00000000	3.07704		1.67091  0.2  0.2		4.1705503158		-1.0
	10055.00000000	3.27186		1.69614  0.2  0.2		4.1705503158		-1.0
	10085.00000000	2.77168		1.81251  0.2  0.2		4.1705503158		-1.0
	10115.00000000	2.97909		1.97177  0.2  0.2		4.1705503158		-1.0
	10145.00000000	2.95768		1.81121  0.2  0.2		4.1705503158		-1.0
	10175.00000000	3.4445		1.60067  0.2  0.2		4.1705503158		-1.0
	10205.00000000	3.35157		1.65818  0.2  0.2		4.1705503158		-1.0
	10235.00000000	3.06012		1.65819  0.2  0.2		4.1705503158		-1.0
	10265.00000000	3.00091		1.50208  0.2  0.2		4.1705503158		-1.0
	10295.00000000	3.3365		1.44348  0.2  0.2		4.1705503158		-1.0
	10325.00000000	3.20683		1.16962  0.2  0.2		4.1705503158		-1.0
	10355.00000000	3.18647		0.68675  0.2  0.2		4.1705503158		-1.0
	10385.00000000	3.0527		0.63412  0.2  0.2		4.1705503158		-1.0
	10415.00000000	3.26249		1.01443  0.2  0.2		4.1705503158		-1.0
	10445.00000000	3.45297		1.22123  0.2  0.2		4.1705503158		-1.0
	10475.00000000	3.02974		1.18198  0.2  0.2		4.1705503158		-1.0
	10505.00000000	3.28022		1.11554  0.2  0.2		4.1705503158		-1.0
	10535.00000000	3.08651		1.03691  0.2  0.2		4.1705503158		-1.0
	10565.00000000	3.14319		1.10223  0.2  0.2		4.1705503158		-1.0
	10595.00000000	3.30199		1.01086  0.2  0.2		4.1705503158		-1.0
	10625.00000000	2.7288		0.79012  0.2  0.2		4.1705503158		-1.0
	10655.00000000	2.81774		0.67884  0.2  0.2		4.1705503158		-1.0
	10685.00000000	2.6938		0.96976  0.2  0.2		4.1705503158		-1.0
	10715.00000000	2.6808		1.25492  0.2  0.2		4.1705503158		-1.0
	10745.00000000	2.67629		1.29549  0.2  0.2		4.1705503158		-1.0
	10775.00000000	2.59576		1.11104  0.2  0.2		4.1705503158		-1.0
	10805.00000000	3.19145		0.90554  0.2  0.2		4.1705503158		-1.0
	10835.00000001	3.23087		0.54701  0.2  0.2		4.1705503158		-1.0
	10865.00000001	3.1435		0.26249  0.2  0.2		4.1705503158		-1.0
	10895.00000001	2.94106		0.51772  0.2  0.2		4.1705503158		-1.0
	10925.00000001	2.91254		0.69733  0.2  0.2		4.1705503158		-1.0
	10955.00000001	2.6985		1.00844  0.2  0.2		4.1705503158		-1.0
	10985.00000001	2.84277		1.16877  0.2  0.2		4.1705503158		-1.0
	11015.00000001	2.8138		1.37466  0.2  0.2		4.1705503158		-1.0
	11045.00000001	2.96278		1.85921  0.2  0.2		4.1705503158		-1.0
	11075.00000001	3.59274		1.9425  0.2  0.2		4.1705503158		-1.0
	11105.00000001	3.36639		1.93875  0.2  0.2		4.1705503158		-1.0
	11135.00000001	3.22782		1.80513  0.2  0.2		4.1705503158		-1.0
	11165.00000001	3.46514		1.69498  0.2  0.2		4.1705503158		-1.0
	11195.00000001	3.42534		1.4343  0.2  0.2		4.1705503158		-1.0
	11225.00000001	3.50492		1.2933  0.2  0.2		4.1705503158		-1.0
	11255.00000001	3.24159		1.47222  0.2  0.2		4.1705503158		-1.0
	11285.00000001	3.43566		1.93075  0.2  0.2		4.1705503158		-1.0
	11315.00000001	3.05938		2.16196  0.2  0.2		4.1705503158		-1.0
	11345.00000001	2.9637		2.32008  0.2  0.2		4.1705503158		-1.0
	11375.00000001	2.94775		2.15224  0.2  0.2		4.1705503158		-1.0
	11405.00000001	3.15959		2.12445  0.2  0.2		4.1705503158		-1.0
	11435.00000001	2.91174		2.29359  0.2  0.2		4.1705503158		-1.0
	11465.00000001	2.74676		2.33765  0.2  0.2		4.1705503158		-1.0
	11495.00000001	2.70982		2.4626  0.2  0.2		4.1705503158		-1.0
	11525.00000001	2.76504		2.46412  0.2  0.2		4.1705503158		-1.0
	11555.00000001	2.69259		2.66142  0.2  0.2		4.1705503158		-1.0
	11585.00000001	2.65387		2.7946  0.2  0.2		4.1705503158		-1.0
	11615.00000001	2.67182		2.7821  0.2  0.2		4.1705503158		-1.0
	11645.00000001	2.64638		2.67882  0.2  0.2		4.1705503158		-1.0
	11675.00000001	2.96386		2.69738  0.2  0.2		4.1705503158		-1.0
	11705.00000001	3.35166		2.84891  0.2  0.2		4.1705503158		-1.0
	11735.00000001	3.16478		2.8849  0.2  0.2		4.1705503158		-1.0
	11765.00000001	3.30212		2.84748  0.2  0.2		4.1705503158		-1.0
	11795.00000001	3.18512		2.71925  0.2  0.2		4.1705503158		-1.0
	11825.00000001	3.21424		2.56946  0.2  0.2		4.1705503158		-1.0
	11855.00000001	3.5194		2.5886  0.2  0.2		4.1705503158		-1.0
	11885.00000001	2.62929		2.6304  0.2  0.2		4.1705503158		-1.0
	11915.00000001	2.67055		2.90698  0.2  0.2		4.1705503158		-1.0
	11945.00000001	2.67367		2.88474  0.2  0.2		4.1705503158		-1.0
	11975.00000001	2.66579		3.06709  0.2  0.2		4.1705503158		-1.0
	12005.00000001	2.68329		3.0285  0.2  0.2		4.1705503158		-1.0
	12035.00000001	3.38008		2.8406  0.2  0.2		4.1705503158		-1.0
	12065.00000001	2.89927		2.76501  0.2  0.2		4.1705503158		-1.0
	12095.00000001	2.9533		2.96766  0.2  0.2		4.1705503158		-1.0
	12125.00000001	3.20355		2.68503  0.2  0.2		4.1705503158		-1.0
	12155.00000001	3.36052		2.38854  0.2  0.2		4.1705503158		-1.0
	12185.00000001	3.28139		2.34384  0.2  0.2		4.1705503158		-1.0
	12215.00000001	3.19675		2.3122  0.2  0.2		4.1705503158		-1.0
	12245.00000001	2.91991		2.10467  0.2  0.2		4.1705503158		-1.0
	12275.00000001	2.84448		2.02291  0.2  0.2		4.1705503158		-1.0
	12305.00000001	2.65703		1.98247  0.2  0.2		4.1705503158		-1.0
	12335.00000001	2.63837		1.90357  0.2  0.2		4.1705503158		-1.0
	12365.00000001	2.70036		1.76225  0.2  0.2		4.1705503158		-1.0
	12395.00000001	2.68793		1.56841  0.2  0.2		4.1705503158		-1.0
	12425.00000001	2.66679		1.62847  0.2  0.2		4.1705503158		-1.0
	12455.00000001	2.64053		1.64585  0.2  0.2		4.1705503158		-1.0
	12485.00000001	2.67418		1.49187  0.2  0.2		4.1705503158		-1.0
	12515.00000001	2.64951		1.30064  0.2  0.2		4.1705503158		-1.0
	12545.00000001	2.74613		1.15079  0.2  0.2		4.1705503158		-1.0
	12575.00000001	2.76752		0.95577  0.2  0.2		4.1705503158		-1.0
	12605.00000001	2.6978		0.50675  0.2  0.2		4.1705503158		-1.0
	12635.00000001	2.72589		0.01371  0.2  0.2		4.1705503158		-1.0
	12665.00000001	2.80538		-0.38436  0.2  0.2		4.1705503158		-1.0
	12695.00000001	2.77603		-0.63544  0.2  0.2		4.1705503158		-1.0
	12725.00000001	2.68985		-0.48234  0.2  0.2		4.1705503158		-1.0
	12755.00000001	2.95902		-0.32928  0.2  0.2		4.1705503158		-1.0
	12785.00000001	3.21363		-0.29874  0.2  0.2		4.1705503158		-1.0
	12815.00000001	3.24457		-0.41865  0.2  0.2		4.1705503158		-1.0
	12845.00000001	3.03949		-0.6032  0.2  0.2		4.1705503158		-1.0
	12875.00000001	3.37537		-0.78756  0.2  0.2		4.1705503158		-1.0
	12905.00000001	3.12085		-0.97278  0.2  0.2		4.1705503158		-1.0
	12935.00000001	2.89058		-0.85032  0.2  0.2		4.1705503158		-1.0
	12965.00000001	2.76492		-0.45102  0.2  0.2		4.1705503158		-1.0
	12995.00000001	2.81911		0.07382  0.2  0.2		4.1705503158		-1.0
	13025.00000001	2.6591		0.52147  0.2  0.2		4.1705503158		-1.0
	13055.00000001	3.19339		0.30549  0.2  0.2		4.1705503158		-1.0
	13085.00000001	3.00746		-0.0911  0.2  0.2		4.1705503158		-1.0
	13115.00000001	3.11367		0.07679  0.2  0.2		4.1705503158		-1.0
	13145.00000001	3.28988		0.49599  0.2  0.2		4.1705503158		-1.0
	13175.00000001	3.60708		0.53469  0.2  0.2		4.1705503158		-1.0
	13205.00000001	3.1847		0.79887  0.2  0.2		4.1705503158		-1.0
	13235.00000001	3.60208		1.08186  0.2  0.2		4.1705503158		-1.0
	13265.00000001	3.47386		0.9131  0.2  0.2		4.1705503158		-1.0
	13295.00000001	3.422		0.38311  0.2  0.2		4.1705503158		-1.0
	13325.00000001	3.21		0.45325  0.2  0.2		4.1705503158		-1.0
	13355.00000001	3.50536		0.45804  0.2  0.2		4.1705503158		-1.0
	13385.00000001	3.27198		0.15017  0.2  0.2		4.1705503158		-1.0
	13415.00000001	3.21978		-0.12086  0.2  0.2		4.1705503158		-1.0
	13445.00000001	3.32997		-0.29819  0.2  0.2		4.1705503158		-1.0
	13475.00000001	3.23934		-0.28493  0.2  0.2		4.1705503158		-1.0
	13505.00000001	3.3396		-0.18071  0.2  0.2		4.1705503158		-1.0
	13535.00000001	3.29367		0.23397  0.2  0.2		4.1705503158		-1.0
	13565.00000001	3.43439		0.69982  0.2  0.2		4.1705503158		-1.0
	13595.00000001	3.00481		0.9322  0.2  0.2		4.1705503158		-1.0
	13625.00000001	2.85875		0.8341  0.2  0.2		4.1705503158		-1.0
	13655.00000001	2.6805		0.67176  0.2  0.2		4.1705503158		-1.0
	13685.00000001	2.67879		0.37157  0.2  0.2		4.1705503158		-1.0
	13715.00000001	2.63387		-0.23414  0.2  0.2		4.1705503158		-1.0
	13745.00000001	2.9514		-0.65718  0.2  0.2		4.1705503158		-1.0
	13775.00000001	2.67676		-0.77321  0.2  0.2		4.1705503158		-1.0
	13805.00000001	3.33576		-0.81106  0.2  0.2		4.1705503158		-1.0
	13835.00000001	3.40998		-0.60477  0.2  0.2		4.1705503158		-1.0
	13865.00000001	3.51111		-0.43745  0.2  0.2		4.1705503158		-1.0
	13895.00000001	3.54343		-0.66997  0.2  0.2		4.1705503158		-1.0
	13925.00000001	3.22049		-1.05203  0.2  0.2		4.1705503158		-1.0
	13955.00000001	3.59357		-0.9716  0.2  0.2		4.1705503158		-1.0
	13985.00000001	3.31195		-0.59631  0.2  0.2		4.1705503158		-1.0
	14015.00000001	3.41414		-0.4884  0.2  0.2		4.1705503158		-1.0
	14045.00000001	3.19937		-0.38714  0.2  0.2		4.1705503158		-1.0
	14075.00000001	3.29276		-0.02779  0.2  0.2		4.1705503158		-1.0
	14105.00000001	3.21831		0.37933  0.2  0.2		4.1705503158		-1.0
	14135.00000001	2.66788		0.16047  0.2  0.2		4.1705503158		-1.0
	14165.00000001	2.63717		-0.10819  0.2  0.2		4.1705503158		-1.0
	14195.00000001	2.80716		-0.29234  0.2  0.2		4.1705503158		-1.0
	14225.00000001	2.73523		-0.51002  0.2  0.2		4.1705503158		-1.0
	14255.00000000	2.63901		-0.80568  0.2  0.2		4.1705503158		-1.0
	14285.00000000	2.62896		-1.17186  0.2  0.2		4.1705503158		-1.0
	14315.00000000	3.32682		-1.28037  0.2  0.2		4.1705503158		-1.0
	14345.00000000	3.17215		-1.21325  0.2  0.2		4.1705503158		-1.0
	14375.00000000	3.68853		-1.01178  0.2  0.2		4.1705503158		-1.0
	14405.00000000	2.55825		-0.98061  0.2  0.2		4.1705503158		-1.0
	14435.00000000	3.46622		-0.77728  0.2  0.2		4.1705503158		-1.0
	14465.00000000	3.25154		-0.50429  0.2  0.2		4.1705503158		-1.0
	14495.00000000	3.13465		-0.18601  0.2  0.2		4.1705503158		-1.0
	14525.00000000	3.50683		0.10678  0.2  0.2		4.1705503158		-1.0
	14555.00000000	3.542		-0.06107  0.2  0.2		4.1705503158		-1.0
	14585.00000000	3.41044		-0.27274  0.2  0.2		4.1705503158		-1.0
	14615.00000000	3.56394		-0.36344  0.2  0.2		4.1705503158		-1.0
	14645.00000000	3.58691		-0.67572  0.2  0.2		4.1705503158		-1.0
	14675.00000000	3.45031		-0.89368  0.2  0.2		4.1705503158		-1.0
	14705.00000000	3.41593		-0.98286  0.2  0.2		4.1705503158		-1.0
	14735.00000000	3.49921		-1.20837  0.2  0.2		4.1705503158		-1.0
	14765.00000000	3.44516		-1.56044  0.2  0.2		4.1705503158		-1.0
	14795.00000000	3.56945		-1.49797  0.2  0.2		4.1705503158		-1.0
	14825.00000000	3.47115		-1.19563  0.2  0.2		4.1705503158		-1.0
	14855.00000000	3.38435		-0.91521  0.2  0.2		4.1705503158		-1.0
	14885.00000000	3.40365		-0.56555  0.2  0.2		4.1705503158		-1.0
	14915.00000000	3.76992		-0.55973  0.2  0.2		4.1705503158		-1.0
	14945.00000000	3.35535		-0.58294  0.2  0.2		4.1705503158		-1.0
	14975.00000000	3.7246		-0.7757  0.2  0.2		4.1705503158		-1.0
	15005.00000000	3.05411		-0.9887  0.2  0.2		4.1705503158		-1.0
	15035.00000000	2.84554		-0.85386  0.2  0.2		4.1705503158		-1.0
	15065.00000000	2.88896		-0.77926  0.2  0.2		4.1705503158		-1.0
	15095.00000000	2.83488		-0.61808  0.2  0.2		4.1705503158		-1.0
	15125.00000000	2.76425		-0.5397  0.2  0.2		4.1705503158		-1.0
	15155.00000000	2.72183		-0.63568  0.2  0.2		4.1705503158		-1.0
	15185.00000000	2.65362		-0.85759  0.2  0.2		4.1705503158		-1.0
	15215.00000000	2.64768		-1.20546  0.2  0.2		4.1705503158		-1.0
	15245.00000000	2.64319		-1.33007  0.2  0.2		4.1705503158		-1.0
	15275.00000000	2.72975		-1.24643  0.2  0.2		4.1705503158		-1.0
	15305.00000000	3.54323		-1.23301  0.2  0.2		4.1705503158		-1.0
	15335.00000000	3.50105		-1.12771  0.2  0.2		4.1705503158		-1.0
	15365.00000000	3.44834		-1.07861  0.2  0.2		4.1705503158		-1.0
	15395.00000000	3.61986		-1.12033  0.2  0.2		4.1705503158		-1.0
	15425.00000000	3.55295		-1.35636  0.2  0.2		4.1705503158		-1.0
	15455.00000000	3.39796		-1.50854  0.2  0.2		4.1705503158		-1.0
	15485.00000000	2.81516		-1.58219  0.2  0.2		4.1705503158		-1.0
	15515.00000000	2.72913		-1.84796  0.2  0.2		4.1705503158		-1.0
	15545.00000000	2.67735		-1.91051  0.2  0.2		4.1705503158		-1.0
	15575.00000000	2.61899		-1.76334  0.2  0.2		4.1705503158		-1.0
	15605.00000000	2.61691		-1.77164  0.2  0.2		4.1705503158		-1.0
	15635.00000000	2.68332		-2.08028  0.2  0.2		4.1705503158		-1.0
	15665.00000000	2.74595		-2.36468  0.2  0.2		4.1705503158		-1.0
	15695.00000000	2.66842		-2.70702  0.2  0.2		4.1705503158		-1.0
	15725.00000000	2.68977		-2.75683  0.2  0.2		4.1705503158		-1.0
	15755.00000000	2.80242		-2.42714  0.2  0.2		4.1705503158		-1.0
	15785.00000000	3.02317		-2.34118  0.2  0.2		4.1705503158		-1.0
	15815.00000000	3.52698		-2.51985  0.2  0.2		4.1705503158		-1.0
	15845.00000000	3.42024		-2.49021  0.2  0.2		4.1705503158		-1.0
	15875.00000000	3.38665		-2.62707  0.2  0.2		4.1705503158		-1.0
	15905.00000000	3.45314		-2.88682  0.2  0.2		4.1705503158		-1.0
	15935.00000000	3.31266		3.09172  0.2  0.2		4.1705503158		-1.0
	15965.00000000	3.41775		-3.13673  0.2  0.2		4.1705503158		-1.0
	15995.00000000	3.20108		-2.95913  0.2  0.2		4.1705503158		-1.0
	16025.00000000	3.18153		-2.93991  0.2  0.2		4.1705503158		-1.0
	16055.00000000	3.04448		-2.96665  0.2  0.2		4.1705503158		-1.0
	16085.00000000	3.60206		-3.0381  0.2  0.2		4.1705503158		-1.0
	16115.00000000	3.04974		3.11999  0.2  0.2		4.1705503158		-1.0
	16145.00000000	2.92868		-2.92775  0.2  0.2		4.1705503158		-1.0
	16175.00000000	2.8096		-2.74331  0.2  0.2		4.1705503158		-1.0
	16205.00000000	3.72993		-2.79901  0.2  0.2		4.1705503158		-1.0
	16235.00000000	3.49307		-2.83664  0.2  0.2		4.1705503158		-1.0
	16265.00000000	3.19101		-2.66596  0.2  0.2		4.1705503158		-1.0
	16295.00000000	2.55328		-2.46952  0.2  0.2		4.1705503158		-1.0
	16325.00000000	2.59121		-2.24959  0.2  0.2		4.1705503158		-1.0
	16355.00000000	3.38247		-2.17429  0.2  0.2		4.1705503158		-1.0
	16385.00000000	3.24462		-1.86253  0.2  0.2		4.1705503158		-1.0
	16415.00000000	3.42961		-1.79259  0.2  0.2		4.1705503158		-1.0
	16445.00000000	3.42546		-2.09372  0.2  0.2		4.1705503158		-1.0
	16475.00000000	3.30018		-2.18891  0.2  0.2		4.1705503158		-1.0
	16505.00000000	3.09493		-2.45424  0.2  0.2		4.1705503158		-1.0
	16535.00000000	3.30163		-2.32546  0.2  0.2		4.1705503158		-1.0
	16565.00000000	3.27272		-1.97403  0.2  0.2		4.1705503158		-1.0
	16595.00000000	3.8679		-1.69419  0.2  0.2		4.1705503158		-1.0
	16625.00000000	3.49702		-1.60832  0.2  0.2		4.1705503158		-1.0
	16655.00000000	3.65912		-1.98603  0.2  0.2		4.1705503158		-1.0
	16685.00000000	3.65148		-1.88827  0.2  0.2		4.1705503158		-1.0
	16715.00000000	3.6415		-1.67628  0.2  0.2		4.1705503158		-1.0
	16745.00000000	4.00038		-2.00776  0.2  0.2		4.1705503158		-1.0
	16775.00000000	3.15043		-2.29023  0.2  0.2		4.1705503158		-1.0
	16805.00000000	2.56258		-2.48886  0.2  0.2		4.1705503158		-1.0
	16835.00000000	3.17019		-2.39525  0.2  0.2		4.1705503158		-1.0
	16865.00000000	3.98098		-2.15025  0.2  0.2		4.1705503158		-1.0
	16895.00000000	3.31138		-2.22957  0.2  0.2		4.1705503158		-1.0
	16925.00000000	2.66007		-2.47447  0.2  0.2		4.1705503158		-1.0
	16955.00000000	2.84216		-2.60207  0.2  0.2		4.1705503158		-1.0
	16985.00000000	2.97179		-2.65933  0.2  0.2		4.1705503158		-1.0
	17015.00000000	3.54997		-2.55977  0.2  0.2		4.1705503158		-1.0
	17045.00000000	3.78983		-2.38529  0.2  0.2		4.1705503158		-1.0
	17075.00000000	3.41339		-2.42062  0.2  0.2		4.1705503158		-1.0
	17105.00000000	2.93491		-2.36047  0.2  0.2		4.1705503158		-1.0
	17135.00000000	2.7571		-2.43709  0.2  0.2		4.1705503158		-1.0
	17165.00000000	2.78666		-2.46805  0.2  0.2		4.1705503158		-1.0
	17195.00000000	2.77561		-2.28312  0.2  0.2		4.1705503158		-1.0
	17225.00000000	2.89119		-1.95098  0.2  0.2		4.1705503158		-1.0
	17255.00000000	3.45216		-1.4783  0.2  0.2		4.1705503158		-1.0
	17285.00000000	3.89122		-1.3881  0.2  0.2		4.1705503158		-1.0
	17315.00000000	3.67887		-1.30747  0.2  0.2		4.1705503158		-1.0
	17345.00000000	3.45367		-1.45874  0.2  0.2		4.1705503158		-1.0
	17375.00000000	2.54308		-1.45211  0.2  0.2		4.1705503158		-1.0
	17405.00000000	3.45773		-1.30387  0.2  0.2		4.1705503158		-1.0
	17435.00000000	4.3199		-1.28655  0.2  0.2		4.1705503158		-1.0
	17465.00000000	4.40696		-1.30546  0.2  0.2		4.1705503158		-1.0
	17495.00000000	3.80877		-1.47317  0.2  0.2		4.1705503158		-1.0
	17525.00000000	3.09084		-1.89403  0.2  0.2		4.1705503158		-1.0
	17555.00000000	2.76548		-2.12061  0.2  0.2		4.1705503158		-1.0
	17585.00000000	3.80888		-2.09087  0.2  0.2		4.1705503158		-1.0
	17615.00000000	3.57115		-1.86888  0.2  0.2		4.1705503158		-1.0
	17645.00000000	2.65633		-2.06058  0.2  0.2		4.1705503158		-1.0
	17675.00000000	2.56299		-1.99307  0.2  0.2		4.1705503158		-1.0
	17705.00000000	2.64139		-1.55822  0.2  0.2		4.1705503158		-1.0
	17735.00000000	2.64634		-1.28639  0.2  0.2		4.1705503158		-1.0
	17765.00000000	2.63676		-1.2898  0.2  0.2		4.1705503158		-1.0
	17795.00000000	3.15007		-1.29241  0.2  0.2		4.1705503158		-1.0
	17825.00000000	3.5645		-1.34591  0.2  0.2		4.1705503158		-1.0
	17855.00000000	3.75258		-1.17954  0.2  0.2		4.1705503158		-1.0
	17885.00000000	3.65278		-0.86211  0.2  0.2		4.1705503158		-1.0
	17915.00000000	3.77865		-0.72895  0.2  0.2		4.1705503158		-1.0
	17945.00000000	3.98217		-0.7429  0.2  0.2		4.1705503158		-1.0
	17975.00000000	3.85064		-1.04156  0.2  0.2		4.1705503158		-1.0
	18005.00000000	3.69937		-0.97341  0.2  0.2		4.1705503158		-1.0
	18035.00000000	3.46888		-0.66318  0.2  0.2		4.1705503158		-1.0
	18065.00000000	3.01413		-0.90865  0.2  0.2		4.1705503158		-1.0
	18095.00000000	2.58497		-1.22376  0.2  0.2		4.1705503158		-1.0
	18125.00000000	3.06904		-1.02828  0.2  0.2		4.1705503158		-1.0
	18155.00000000	3.71096		-0.84935  0.2  0.2		4.1705503158		-1.0
	18185.00000000	3.73048		-0.5863  0.2  0.2		4.1705503158		-1.0
	18215.00000000	3.71643		-0.25311  0.2  0.2		4.1705503158		-1.0
	18245.00000000	3.41424		0.00766  0.2  0.2		4.1705503158		-1.0
	18275.00000000	3.38027		0.35236  0.2  0.2		4.1705503158		-1.0
	18305.00000000	2.77255		0.70333  0.2  0.2		4.1705503158		-1.0
	18335.00000000	2.74789		1.10736  0.2  0.2		4.1705503158		-1.0
	18365.00000000	2.66716		0.73724  0.2  0.2		4.1705503158		-1.0
	18395.00000000	2.64302		0.68431  0.2  0.2		4.1705503158		-1.0
	18425.00000000	2.61575		1.06077  0.2  0.2		4.1705503158		-1.0
	18455.00000000	2.6954		1.42283  0.2  0.2		4.1705503158		-1.0
	18485.00000000	2.81672		1.74563  0.2  0.2		4.1705503158		-1.0
	18515.00000000	2.71749		1.63919  0.2  0.2		4.1705503158		-1.0
	18545.00000000	2.71551		1.28154  0.2  0.2		4.1705503158		-1.0
	18575.00000000	2.85572		0.74813  0.2  0.2		4.1705503158		-1.0
	18605.00000000	2.68445		0.54403  0.2  0.2		4.1705503158		-1.0
	18635.00000000	3.28627		0.66059  0.2  0.2		4.1705503158		-1.0
	18665.00000000	3.42324		0.83154  0.2  0.2		4.1705503158		-1.0
	18695.00000000	3.42708		1.2559  0.2  0.2		4.1705503158		-1.0
	18725.00000000	3.50519		1.62755  0.2  0.2		4.1705503158		-1.0
	18755.00000000	2.60277		1.74688  0.2  0.2		4.1705503158		-1.0
	18785.00000000	2.54682		1.54175  0.2  0.2		4.1705503158		-1.0
	18815.00000000	2.7777		1.14299  0.2  0.2		4.1705503158		-1.0
	18845.00000000	2.77054		1.05368  0.2  0.2		4.1705503158		-1.0
	18875.00000000	2.81172		0.9636  0.2  0.2		4.1705503158		-1.0
	18905.00000000	2.67596		0.8839  0.2  0.2		4.1705503158		-1.0
	18935.00000000	2.64342		0.45622  0.2  0.2		4.1705503158		-1.0
	18965.00000000	2.86686		-0.07493  0.2  0.2		4.1705503158		-1.0
	18995.00000000	2.88596		-0.26612  0.2  0.2		4.1705503158		-1.0
	19025.00000000	2.70936		-0.19766  0.2  0.2		4.1705503158		-1.0
	19055.00000000	2.61732		-0.14273  0.2  0.2		4.1705503158		-1.0
	19085.00000000	2.61351		-0.21638  0.2  0.2		4.1705503158		-1.0
	19115.00000000	2.62146		-0.63967  0.2  0.2		4.1705503158		-1.0
	19145.00000000	2.63335		-0.73671  0.2  0.2		4.1705503158		-1.0
	19175.00000000	2.642		-0.57343  0.2  0.2		4.1705503158		-1.0
	19205.00000000	2.78481		0.07615  0.2  0.2		4.1705503158		-1.0
	19235.00000000	2.5883		0.47997  0.2  0.2		4.1705503158		-1.0
	19265.00000000	2.6597		0.14121  0.2  0.2		4.1705503158		-1.0
	19295.00000000	2.74357		-0.08671  0.2  0.2		4.1705503158		-1.0
	19325.00000000	2.76065		0.03733  0.2  0.2		4.1705503158		-1.0
	19355.00000000	3.20461		0.26811  0.2  0.2		4.1705503158		-1.0
	19385.00000000	3.45839		0.25161  0.2  0.2		4.1705503158		-1.0
	19415.00000000	3.38153		0.22448  0.2  0.2		4.1705503158		-1.0
	19445.00000000	3.32161		0.29438  0.2  0.2		4.1705503158		-1.0
	19475.00000000	2.62308		0.17444  0.2  0.2		4.1705503158		-1.0
	19505.00000000	3.36653		0.33597  0.2  0.2		4.1705503158		-1.0
	19535.00000000	3.03123		0.49525  0.2  0.2		4.1705503158		-1.0
	19565.00000000	3.26382		0.49039  0.2  0.2		4.1705503158		-1.0
	19595.00000000	2.8844		0.13281  0.2  0.2		4.1705503158		-1.0
	19625.00000000	2.96001		0.19027  0.2  0.2		4.1705503158		-1.0
	19655.00000000	3.39169		0.24413  0.2  0.2		4.1705503158		-1.0
	19685.00000000	2.9609		0.03223  0.2  0.2		4.1705503158		-1.0
	19715.00000000	3.48888		-0.27239  0.2  0.2		4.1705503158		-1.0
	19745.00000000	2.727		-0.53403  0.2  0.2		4.1705503158		-1.0
	19775.00000000	2.99732		-0.59867  0.2  0.2		4.1705503158		-1.0
	19805.00000000	3.45785		-0.7862  0.2  0.2		4.1705503158		-1.0
	19835.00000000	2.96154		-0.78129  0.2  0.2		4.1705503158		-1.0
	19865.00000000	3.38706		-0.71457  0.2  0.2		4.1705503158		-1.0
	19895.00000000	3.20986		-0.48776  0.2  0.2		4.1705503158		-1.0
	19925.00000000	3.60826		-0.1384  0.2  0.2		4.1705503158		-1.0
	19955.00000000	3.31203		-0.62802  0.2  0.2		4.1705503158		-1.0
	19985.00000000	2.67164		-0.79158  0.2  0.2		4.1705503158		-1.0
	20015.00000000	3.511		-0.74536  0.2  0.2		4.1705503158		-1.0
	20045.00000000	4.06339		-0.80358  0.2  0.2		4.1705503158		-1.0
	20075.00000000	4.33265		-0.64055  0.2  0.2		4.1705503158		-1.0
	20105.00000000	3.66505		-0.1995  0.2  0.2		4.1705503158		-1.0
	20135.00000000	3.24585		0.0722  0.2  0.2		4.1705503158		-1.0
	20165.00000000	2.80752		0.32348  0.2  0.2		4.1705503158		-1.0
	20195.00000000	2.56652		0.70847  0.2  0.2		4.1705503158		-1.0
	20225.00000000	2.63822		1.33374  0.2  0.2		4.1705503158		-1.0
	20255.00000000	2.64327		1.3151  0.2  0.2		4.1705503158		-1.0
	20285.00000000	2.7697		0.94904  0.2  0.2		4.1705503158		-1.0
	20315.00000000	2.6704		0.5881  0.2  0.2		4.1705503158		-1.0
	20345.00000000	2.70078		0.14548  0.2  0.2		4.1705503158		-1.0
	20375.00000000	2.71981		-0.50373  0.2  0.2		4.1705503158		-1.0
	20405.00000000	2.6286		-0.6837  0.2  0.2		4.1705503158		-1.0
	20435.00000000	2.59764		-0.68083  0.2  0.2		4.1705503158		-1.0
	20465.00000000	3.27524		-0.58978  0.2  0.2		4.1705503158		-1.0
	20495.00000000	2.98902		-0.70004  0.2  0.2		4.1705503158		-1.0
	20525.00000000	2.91885		-0.97864  0.2  0.2		4.1705503158		-1.0
	20555.00000000	3.14885		-1.17004  0.2  0.2		4.1705503158		-1.0
	20585.00000000	3.55945		-1.05874  0.2  0.2		4.1705503158		-1.0
	20615.00000000	4.42456		-1.02721  0.2  0.2		4.1705503158		-1.0
	20645.00000000	5.01518		-0.83523  0.2  0.2		4.1705503158		-1.0
	20675.00000000	5.34274		-0.79277  0.2  0.2		4.1705503158		-1.0
	20705.00000000	5.82274		-0.77889  0.2  0.2		4.1705503158		-1.0
	20734.99999999	5.92543		-0.87694  0.2  0.2		4.1705503158		-1.0
	20764.99999999	6.02631		-1.28084  0.2  0.2		4.1705503158		-1.0
	20794.99999999	5.52703		-1.05658  0.2  0.2		4.1705503158		-1.0
	20824.99999999	4.94257		-0.83112  0.2  0.2		4.1705503158		-1.0
	20854.99999999	4.11312		-1.00864  0.2  0.2		4.1705503158		-1.0
	20884.99999999	4.00192		-1.11856  0.2  0.2		4.1705503158		-1.0
	20914.99999999	4.57508		-1.42417  0.2  0.2		4.1705503158		-1.0
	20944.99999999	5.0885		-1.43105  0.2  0.2		4.1705503158		-1.0
	20974.99999999	4.54705		-1.52277  0.2  0.2		4.1705503158		-1.0
	21004.99999999	3.45667		-1.49047  0.2  0.2		4.1705503158		-1.0
	21034.99999999	2.97487		-1.5378  0.2  0.2		4.1705503158		-1.0
	21064.99999999	3.37942		-1.59113  0.2  0.2		4.1705503158		-1.0
	21094.99999999	3.01337		-1.50054  0.2  0.2		4.1705503158		-1.0
	21124.99999999	3.27642		-1.59117  0.2  0.2		4.1705503158		-1.0
	21154.99999999	2.95596		-1.47159  0.2  0.2		4.1705503158		-1.0
	21184.99999999	3.08428		-1.0873  0.2  0.2		4.1705503158		-1.0
	21214.99999999	3.88658		-0.85339  0.2  0.2		4.1705503158		-1.0
	21244.99999999	4.43496		-0.9013  0.2  0.2		4.1705503158		-1.0
	21274.99999999	4.86844		-1.01673  0.2  0.2		4.1705503158		-1.0
	21304.99999999	4.55898		-1.16466  0.2  0.2		4.1705503158		-1.0
	21334.99999999	4.24422		-0.95563  0.2  0.2		4.1705503158		-1.0
	21364.99999999	3.85701		-1.13505  0.2  0.2		4.1705503158		-1.0
	21394.99999999	4.0868		-1.42009  0.2  0.2		4.1705503158		-1.0
	21424.99999999	3.69489		-1.36049  0.2  0.2		4.1705503158		-1.0
	21454.99999999	4.09422		-1.3095  0.2  0.2		4.1705503158		-1.0
	21484.99999999	3.86545		-0.99765  0.2  0.2		4.1705503158		-1.0
	21514.99999999	4.44162		-0.87165  0.2  0.2		4.1705503158		-1.0
	21544.99999999	5.31154		-1.04417  0.2  0.2		4.1705503158		-1.0
	21574.99999999	5.70619		-1.24392  0.2  0.2		4.1705503158		-1.0
	21604.99999999	5.73784		-1.36359  0.2  0.2		4.1705503158		-1.0
	21634.99999999	5.28718		-1.50086  0.2  0.2		4.1705503158		-1.0
	21664.99999999	4.91903		-1.64668  0.2  0.2		4.1705503158		-1.0
	21694.99999999	5.44152		-1.54276  0.2  0.2		4.1705503158		-1.0
	21724.99999999	6.64588		-1.44996  0.2  0.2		4.1705503158		-1.0
	21754.99999999	7.83317		-1.3866  0.2  0.2		4.1705503158		-1.0
	21784.99999999	8.50812		-1.30834  0.2  0.2		4.1705503158		-1.0
	21814.99999999	8.67898		-1.35127  0.2  0.2		4.1705503158		-1.0
	21844.99999999	8.51476		-1.46282  0.2  0.2		4.1705503158		-1.0
	21874.99999999	8.03804		-1.60704  0.2  0.2		4.1705503158		-1.0
	21904.99999999	7.41076		-2.00426  0.2  0.2		4.1705503158		-1.0
	21934.99999999	7.2171		-2.39642  0.2  0.2		4.1705503158		-1.0
	21964.99999999	7.34108		-2.30334  0.2  0.2		4.1705503158		-1.0
	21994.99999999	8.0722		-2.17467  0.2  0.2		4.1705503158		-1.0
	22024.99999999	9.21594		-1.87492  0.2  0.2		4.1705503158		-1.0
	22054.99999999	10.59208		-1.72357  0.2  0.2		4.1705503158		-1.0
	22084.99999999	11.53187		-1.71566  0.2  0.2		4.1705503158		-1.0
