	30.00000000	3.00474		0.95818  0.2  0.2		4.1705503158		-1.0
	60.00000000	3.02146		0.75517  0.2  0.2		4.1705503158		-1.0
	90.00000000	2.99658		0.67055  0.2  0.2		4.1705503158		-1.0
	120.00000000	3.00471		0.64499  0.2  0.2		4.1705503158		-1.0
	150.00000000	2.88946		0.64778  0.2  0.2		4.1705503158		-1.0
	180.00000000	2.86581		0.70327  0.2  0.2		4.1705503158		-1.0
	210.00000000	2.9944		0.82065  0.2  0.2		4.1705503158		-1.0
	240.00000000	3.0281		1.1645  0.2  0.2		4.1705503158		-1.0
	270.00000000	2.82027		1.16294  0.2  0.2		4.1705503158		-1.0
	300.00000000	2.83175		1.01925  0.2  0.2		4.1705503158		-1.0
	330.00000000	3.12113		0.95485  0.2  0.2		4.1705503158		-1.0
	360.00000000	3.13752		1.12475  0.2  0.2		4.1705503158		-1.0
	390.00000000	2.77954		1.45632  0.2  0.2		4.1705503158		-1.0
	420.00000000	2.78215		1.43441  0.2  0.2		4.1705503158		-1.0
	450.00000000	3.05198		1.38712  0.2  0.2		4.1705503158		-1.0
	480.00000000	3.24616		1.23442  0.2  0.2		4.1705503158		-1.0
	510.00000000	2.89275		1.15001  0.2  0.2		4.1705503158		-1.0
	540.00000000	2.79838		1.49243  0.2  0.2		4.1705503158		-1.0
	570.00000000	2.96493		1.50575  0.2  0.2		4.1705503158		-1.0
	600.00000000	3.07413		1.29365  0.2  0.2		4.1705503158		-1.0
	630.00000000	2.72178		1.06147  0.2  0.2		4.1705503158		-1.0
	660.00000000	2.99419		0.77244  0.2  0.2		4.1705503158		-1.0
	690.00000000	3.0019		0.46117  0.2  0.2		4.1705503158		-1.0
	720.00000000	2.88663		-0.14575  0.2  0.2		4.1705503158		-1.0
	750.00000000	2.9674		-0.63701  0.2  0.2		4.1705503158		-1.0
	780.00000000	2.95247		-1.10768  0.2  0.2		4.1705503158		-1.0
	810.00000000	3.01113		-1.1611  0.2  0.2		4.1705503158		-1.0
	840.00000000	2.98038		-1.04932  0.2  0.2		4.1705503158		-1.0
	870.00000000	2.95032		-0.57374  0.2  0.2		4.1705503158		-1.0
	900.00000000	2.89285		0.10605  0.2  0.2		4.1705503158		-1.0
	930.00000000	2.97785		0.38434  0.2  0.2		4.1705503158		-1.0
	960.00000000	3.09475		0.13136  0.2  0.2		4.1705503158		-1.0
	990.00000000	3.0077		-0.2866  0.2  0.2		4.1705503158		-1.0
	1020.00000000	2.78736		-0.89498  0.2  0.2		4.1705503158		-1.0
	1050.00000000	2.86511		-1.15995  0.2  0.2		4.1705503158		-1.0
	1080.00000000	2.90471		-1.30876  0.2  0.2		4.1705503158		-1.0
	1110.00000000	2.96737		-1.28528  0.2  0.2		4.1705503158		-1.0
	1140.00000000	2.80271		-1.49894  0.2  0.2		4.1705503158		-1.0
	1170.00000000	3.0313		-1.46289  0.2  0.2		4.1705503158		-1.0
	1200.00000000	3.2659		-1.27519  0.2  0.2		4.1705503158		-1.0
	1230.00000000	2.77972		-1.11644  0.2  0.2		4.1705503158		-1.0
	1260.00000000	2.91627		-0.80275  0.2  0.2		4.1705503158		-1.0
	1290.00000000	3.17298		-0.6392  0.2  0.2		4.1705503158		-1.0
	1320.00000000	2.98247		-0.51411  0.2  0.2		4.1705503158		-1.0
	1350.00000000	2.83996		-0.56124  0.2  0.2		4.1705503158		-1.0
	1380.00000000	2.77755		-0.63478  0.2  0.2		4.1705503158		-1.0
	1410.00000000	3.13313		-0.7826  0.2  0.2		4.1705503158		-1.0
	1440.00000000	3.00003		-1.02651  0.2  0.2		4.1705503158		-1.0
	1470.00000000	2.67124		-1.56163  0.2  0.2		4.1705503158		-1.0
	1500.00000000	2.82234		-1.72599  0.2  0.2		4.1705503158		-1.0
	1530.00000000	3.02665		-1.55079  0.2  0.2		4.1705503158		-1.0
	1560.00000000	3.24385		-1.4407  0.2  0.2		4.1705503158		-1.0
	1590.00000000	2.78772		-1.59361  0.2  0.2		4.1705503158		-1.0
	1620.00000000	2.90877		-1.96634  0.2  0.2		4.1705503158		-1.0
	1650.00000000	2.97674		-2.24791  0.2  0.2		4.1705503158		-1.0
	1680.00000000	2.9268		-2.05384  0.2  0.2		4.1705503158		-1.0
	1710.00000000	2.97099		-2.08691  0.2  0.2		4.1705503158		-1.0
	1740.00000000	3.00319		-1.76098  0.2  0.2		4.1705503158		-1.0
	1770.00000000	2.83301		-1.83253  0.2  0.2		4.1705503158		-1.0
	1800.00000000	2.98269		-1.84343  0.2  0.2		4.1705503158		-1.0
	1830.00000000	2.74946		-1.93111  0.2  0.2		4.1705503158		-1.0
	1860.00000000	3.06537		-2.12085  0.2  0.2		4.1705503158		-1.0
	1890.00000000	2.92639		-2.08247  0.2  0.2		4.1705503158		-1.0
	1920.00000000	3.02251		-2.05534  0.2  0.2		4.1705503158		-1.0
	1950.00000000	2.84792		-2.26554  0.2  0.2		4.1705503158		-1.0
	1980.00000000	2.92557		-2.55962  0.2  0.2		4.1705503158		-1.0
	2010.00000000	3.03642		-2.70356  0.2  0.2		4.1705503158		-1.0
	2040.00000000	2.96756		-2.53665  0.2  0.2		4.1705503158		-1.0
	2070.00000000	2.77339		-2.61484  0.2  0.2		4.1705503158		-1.0
	2100.00000000	2.87264		-2.71223  0.2  0.2		4.1705503158		-1.0
	2130.00000000	3.09272		-2.84326  0.2  0.2		4.1705503158		-1.0
	2160.00000000	2.97627		-3.09854  0.2  0.2		4.1705503158		-1.0
	2190.00000000	2.96961		-2.9893  0.2  0.2		4.1705503158		-1.0
	2220.00000000	2.84707		-2.8117  0.2  0.2		4.1705503158		-1.0
	2250.00000000	2.76153		-2.98979  0.2  0.2		4.1705503158		-1.0
	2280.00000000	2.96319		-2.99816  0.2  0.2		4.1705503158		-1.0
	2310.00000000	2.857		-2.71232  0.2  0.2		4.1705503158		-1.0
	2340.00000000	3.01749		-2.35547  0.2  0.2		4.1705503158		-1.0
	2370.00000000	2.70264		-2.28329  0.2  0.2		4.1705503158		-1.0
	2400.00000000	3.14858		-2.24363  0.2  0.2		4.1705503158		-1.0
	2430.00000000	2.92696		-2.41557  0.2  0.2		4.1705503158		-1.0
	2460.00000000	2.92468		-2.42271  0.2  0.2		4.1705503158		-1.0
	2490.00000000	2.93802		-2.03017  0.2  0.2		4.1705503158		-1.0
	2520.00000000	3.21197		-1.5361  0.2  0.2		4.1705503158		-1.0
	2550.00000000	2.83464		-1.50622  0.2  0.2		4.1705503158		-1.0
	2580.00000000	2.89136		-1.50364  0.2  0.2		4.1705503158		-1.0
	2610.00000000	3.1018		-1.53808  0.2  0.2		4.1705503158		-1.0
	2640.00000000	2.67744		-1.30811  0.2  0.2		4.1705503158		-1.0
	2670.00000000	3.03311		-0.90191  0.2  0.2		4.1705503158		-1.0
	2700.00000000	2.85819		-0.9053  0.2  0.2		4.1705503158		-1.0
	2730.00000000	2.78311		-0.92739  0.2  0.2		4.1705503158		-1.0
	2760.00000000	2.72954		-0.96444  0.2  0.2		4.1705503158		-1.0
	2790.00000000	3.05854		-0.772  0.2  0.2		4.1705503158		-1.0
	2820.00000000	2.87372		-0.52369  0.2  0.2		4.1705503158		-1.0
	2850.00000000	3.13867		0.06083  0.2  0.2		4.1705503158		-1.0
	2880.00000000	2.8895		0.476  0.2  0.2		4.1705503158		-1.0
	2910.00000000	3.06315		0.63158  0.2  0.2		4.1705503158		-1.0
	2940.00000000	2.87839		0.83468  0.2  0.2		4.1705503158		-1.0
	2970.00000000	2.85092		1.18905  0.2  0.2		4.1705503158		-1.0
	3000.00000000	3.09537		1.42213  0.2  0.2		4.1705503158		-1.0
	3030.00000000	2.87418		1.69969  0.2  0.2		4.1705503158		-1.0
	3060.00000000	2.91313		1.74446  0.2  0.2		4.1705503158		-1.0
	3090.00000000	3.09633		1.70069  0.2  0.2		4.1705503158		-1.0
	3120.00000000	2.78018		1.81922  0.2  0.2		4.1705503158		-1.0
	3150.00000000	2.76334		2.03694  0.2  0.2		4.1705503158		-1.0
	3180.00000000	2.79997		2.09977  0.2  0.2		4.1705503158		-1.0
	3210.00000000	3.10551		2.08044  0.2  0.2		4.1705503158		-1.0
	3240.00000000	2.99146		2.30062  0.2  0.2		4.1705503158		-1.0
	3270.00000000	2.92978		2.45933  0.2  0.2		4.1705503158		-1.0
	3300.00000000	2.83984		2.53853  0.2  0.2		4.1705503158		-1.0
	3330.00000000	2.81699		2.59564  0.2  0.2		4.1705503158		-1.0
	3360.00000000	2.91022		2.87665  0.2  0.2		4.1705503158		-1.0
	3390.00000000	3.0118		2.8619  0.2  0.2		4.1705503158		-1.0
	3420.00000000	3.0238		2.55684  0.2  0.2		4.1705503158		-1.0
	3450.00000000	2.8571		2.18412  0.2  0.2		4.1705503158		-1.0
	3480.00000000	2.67558		1.97809  0.2  0.2		4.1705503158		-1.0
	3510.00000000	2.88868		1.97574  0.2  0.2		4.1705503158		-1.0
	3540.00000000	3.02282		1.95484  0.2  0.2		4.1705503158		-1.0
	3570.00000000	2.93113		1.91138  0.2  0.2		4.1705503158		-1.0
	3600.00000000	2.91108		1.63527  0.2  0.2		4.1705503158		-1.0
	3630.00000000	2.95961		1.4893  0.2  0.2		4.1705503158		-1.0
	3660.00000000	3.1182		1.54106  0.2  0.2		4.1705503158		-1.0
	3690.00000000	2.9122		1.72238  0.2  0.2		4.1705503158		-1.0
	3720.00000000	2.89511		1.8359  0.2  0.2		4.1705503158		-1.0
	3750.00000000	3.28597		1.79259  0.2  0.2		4.1705503158		-1.0
	3780.00000000	2.72363		1.73978  0.2  0.2		4.1705503158		-1.0
	3810.00000000	3.18019		1.80615  0.2  0.2		4.1705503158		-1.0
	3840.00000000	2.79971		2.15428  0.2  0.2		4.1705503158		-1.0
	3870.00000000	2.97556		2.43475  0.2  0.2		4.1705503158		-1.0
	3900.00000000	2.96909		2.79748  0.2  0.2		4.1705503158		-1.0
	3930.00000000	2.87502		2.85657  0.2  0.2		4.1705503158		-1.0
	3960.00000000	2.84755		2.74457  0.2  0.2		4.1705503158		-1.0
	3990.00000000	3.24054		2.66844  0.2  0.2		4.1705503158		-1.0
	4020.00000000	2.91716		2.59489  0.2  0.2		4.1705503158		-1.0
	4050.00000000	3.2884		2.64058  0.2  0.2		4.1705503158		-1.0
	4080.00000000	2.69732		2.60777  0.2  0.2		4.1705503158		-1.0
	4110.00000000	3.26593		2.72725  0.2  0.2		4.1705503158		-1.0
	4140.00000000	2.89413		3.09243  0.2  0.2		4.1705503158		-1.0
	4170.00000000	2.94845		3.0856  0.2  0.2		4.1705503158		-1.0
	4200.00000000	3.07409		3.02014  0.2  0.2		4.1705503158		-1.0
	4230.00000000	2.90772		-3.09786  0.2  0.2		4.1705503158		-1.0
	4260.00000000	3.21649		2.98842  0.2  0.2		4.1705503158		-1.0
	4290.00000000	2.85052		3.13077  0.2  0.2		4.1705503158		-1.0
	4320.00000000	3.16329		-2.97091  0.2  0.2		4.1705503158		-1.0
	4350.00000000	3.23916		-2.78618  0.2  0.2		4.1705503158		-1.0
	4380.00000000	2.72347		-2.88962  0.2  0.2		4.1705503158		-1.0
	4410.00000000	2.63231		-2.91043  0.2  0.2		4.1705503158		-1.0
	4440.00000000	3.00764		-2.70025  0.2  0.2		4.1705503158		-1.0
	4470.00000000	3.24077		-2.84776  0.2  0.2		4.1705503158		-1.0
	4500.00000000	3.1445		-2.65926  0.2  0.2		4.1705503158		-1.0
	4530.00000000	3.17603		-2.7876  0.2  0.2		4.1705503158		-1.0
	4560.00000000	2.88598		-3.02354  0.2  0.2		4.1705503158		-1.0
	4590.00000000	2.96239		3.04694  0.2  0.2		4.1705503158		-1.0
	4620.00000000	2.90623		3.06774  0.2  0.2		4.1705503158		-1.0
	4650.00000000	2.78354		-3.06004  0.2  0.2		4.1705503158		-1.0
	4680.00000000	3.37981		-2.871  0.2  0.2		4.1705503158		-1.0
	4710.00000000	3.04941		-2.5542  0.2  0.2		4.1705503158		-1.0
	4740.00000000	3.11944		-2.36331  0.2  0.2		4.1705503158		-1.0
	4770.00000000	3.27359		-2.33084  0.2  0.2		4.1705503158		-1.0
	4800.00000000	2.77169		-2.48829  0.2  0.2		4.1705503158		-1.0
	4830.00000000	2.67686		-2.84417  0.2  0.2		4.1705503158		-1.0
	4860.00000000	2.73799		-2.90699  0.2  0.2		4.1705503158		-1.0
	4890.00000000	2.73579		-3.10367  0.2  0.2		4.1705503158		-1.0
	4920.00000000	2.93218		2.95432  0.2  0.2		4.1705503158		-1.0
	4950.00000000	2.85992		2.60621  0.2  0.2		4.1705503158		-1.0
	4980.00000000	3.21535		2.85981  0.2  0.2		4.1705503158		-1.0
	5010.00000000	2.86202		2.86003  0.2  0.2		4.1705503158		-1.0
	5040.00000000	2.78639		2.94306  0.2  0.2		4.1705503158		-1.0
	5070.00000000	2.69005		2.81369  0.2  0.2		4.1705503158		-1.0
	5100.00000000	2.7169		2.81462  0.2  0.2		4.1705503158		-1.0
	5130.00000000	2.77851		2.96612  0.2  0.2		4.1705503158		-1.0
	5160.00000000	2.74745		-3.06978  0.2  0.2		4.1705503158		-1.0
	5190.00000000	2.80436		-2.62406  0.2  0.2		4.1705503158		-1.0
	5220.00000000	2.88074		-2.23468  0.2  0.2		4.1705503158		-1.0
	5250.00000000	2.77303		-2.1894  0.2  0.2		4.1705503158		-1.0
	5280.00000000	2.72358		-2.33403  0.2  0.2		4.1705503158		-1.0
	5310.00000000	2.75967		-2.32839  0.2  0.2		4.1705503158		-1.0
	5340.00000000	2.81769		-2.36932  0.2  0.2		4.1705503158		-1.0
	5370.00000000	2.76446		-2.69123  0.2  0.2		4.1705503158		-1.0
	5400.00000000	3.36203		-2.68835  0.2  0.2		4.1705503158		-1.0
	5430.00000000	3.17122		-2.49556  0.2  0.2		4.1705503158		-1.0
	5460.00000000	3.19169		-2.49915  0.2  0.2		4.1705503158		-1.0
	5490.00000000	3.36018		-2.75976  0.2  0.2		4.1705503158		-1.0
	5520.00000000	2.8665		-2.79613  0.2  0.2		4.1705503158		-1.0
	5550.00000000	2.97612		-2.91229  0.2  0.2		4.1705503158		-1.0
	5580.00000000	3.20996		-3.06697  0.2  0.2		4.1705503158		-1.0
	5610.00000000	3.60597		3.08386  0.2  0.2		4.1705503158		-1.0
	5640.00000000	3.36547		2.93394  0.2  0.2		4.1705503158		-1.0
	5670.00000000	3.19014		2.93527  0.2  0.2		4.1705503158		-1.0
	5700.00000000	3.28077		3.13404  0.2  0.2		4.1705503158		-1.0
	5730.00000000	3.41494		-3.03298  0.2  0.2		4.1705503158		-1.0
	5760.00000000	3.30558		-3.00744  0.2  0.2		4.1705503158		-1.0
	5790.00000000	3.30488		-3.08215  0.2  0.2		4.1705503158		-1.0
	5820.00000000	3.33885		3.05916  0.2  0.2		4.1705503158		-1.0
	5850.00000000	3.39384		-3.1296  0.2  0.2		4.1705503158		-1.0
	5880.00000000	2.71516		2.96603  0.2  0.2		4.1705503158		-1.0
	5910.00000000	3.50964		2.833  0.2  0.2		4.1705503158		-1.0
	5940.00000000	3.05861		2.71602  0.2  0.2		4.1705503158		-1.0
	5970.00000000	2.97381		2.80085  0.2  0.2		4.1705503158		-1.0
	6000.00000000	3.39091		2.66  0.2  0.2		4.1705503158		-1.0
	6030.00000000	2.94969		2.41941  0.2  0.2		4.1705503158		-1.0
	6060.00000000	2.93877		2.44535  0.2  0.2		4.1705503158		-1.0
	6090.00000000	3.26564		2.3874  0.2  0.2		4.1705503158		-1.0
	6120.00000000	2.73379		2.42473  0.2  0.2		4.1705503158		-1.0
	6150.00000000	3.30227		2.2853  0.2  0.2		4.1705503158		-1.0
	6180.00000000	3.09098		2.23338  0.2  0.2		4.1705503158		-1.0
	6210.00000000	3.11342		2.30697  0.2  0.2		4.1705503158		-1.0
	6240.00000000	3.19468		2.28033  0.2  0.2		4.1705503158		-1.0
	6270.00000000	3.02254		2.12011  0.2  0.2		4.1705503158		-1.0
	6300.00000000	3.21766		2.00011  0.2  0.2		4.1705503158		-1.0
	6330.00000000	2.99575		2.07745  0.2  0.2		4.1705503158		-1.0
	6360.00000000	3.10013		2.35903  0.2  0.2		4.1705503158		-1.0
	6390.00000000	3.35285		2.3361  0.2  0.2		4.1705503158		-1.0
	6420.00000000	3.24109		2.15587  0.2  0.2		4.1705503158		-1.0
	6450.00000000	3.09242		1.94001  0.2  0.2		4.1705503158		-1.0
	6480.00000000	3.43977		2.01588  0.2  0.2		4.1705503158		-1.0
	6510.00000000	3.3236		2.1721  0.2  0.2		4.1705503158		-1.0
	6540.00000000	3.01563		2.1772  0.2  0.2		4.1705503158		-1.0
	6570.00000000	2.93738		2.1237  0.2  0.2		4.1705503158		-1.0
	6600.00000000	3.00749		1.77737  0.2  0.2		4.1705503158		-1.0
	6630.00000000	3.14708		1.36013  0.2  0.2		4.1705503158		-1.0
	6660.00000000	3.01306		1.08477  0.2  0.2		4.1705503158		-1.0
	6690.00000000	2.70735		1.18774  0.2  0.2		4.1705503158		-1.0
	6720.00000000	2.67272		1.4183  0.2  0.2		4.1705503158		-1.0
	6750.00000000	3.05817		1.46941  0.2  0.2		4.1705503158		-1.0
	6780.00000000	3.35978		1.17031  0.2  0.2		4.1705503158		-1.0
	6810.00000000	2.75903		0.98992  0.2  0.2		4.1705503158		-1.0
	6840.00000000	2.74244		1.1265  0.2  0.2		4.1705503158		-1.0
	6870.00000000	2.80826		0.91831  0.2  0.2		4.1705503158		-1.0
	6900.00000000	2.87459		0.92783  0.2  0.2		4.1705503158		-1.0
	6930.00000000	2.94492		0.34877  0.2  0.2		4.1705503158		-1.0
	6960.00000000	2.89045		0.43892  0.2  0.2		4.1705503158		-1.0
	6990.00000000	2.76367		0.73222  0.2  0.2		4.1705503158		-1.0
	7020.00000000	2.80035		0.43479  0.2  0.2		4.1705503158		-1.0
	7050.00000000	2.89583		0.07734  0.2  0.2		4.1705503158		-1.0
	7080.00000000	2.88449		-0.40651  0.2  0.2		4.1705503158		-1.0
	7110.00000000	2.79163		-0.84044  0.2  0.2		4.1705503158		-1.0
	7140.00000000	2.80261		-1.26996  0.2  0.2		4.1705503158		-1.0
	7170.00000000	2.92177		-1.73714  0.2  0.2		4.1705503158		-1.0
	7200.00000000	2.8335		-1.70926  0.2  0.2		4.1705503158		-1.0
	7230.00000000	2.81054		-1.43786  0.2  0.2		4.1705503158		-1.0
	7260.00000000	2.81664		-1.24112  0.2  0.2		4.1705503158		-1.0
	7290.00000000	3.21364		-1.23343  0.2  0.2		4.1705503158		-1.0
	7320.00000000	2.71655		-1.30568  0.2  0.2		4.1705503158		-1.0
	7350.00000000	2.89253		-1.59447  0.2  0.2		4.1705503158		-1.0
	7380.00000000	3.31571		-1.9169  0.2  0.2		4.1705503158		-1.0
	7410.00000000	2.75836		-1.8164  0.2  0.2		4.1705503158		-1.0
	7440.00000000	3.15397		-1.80608  0.2  0.2		4.1705503158		-1.0
	7470.00000000	3.11222		-1.77125  0.2  0.2		4.1705503158		-1.0
	7500.00000000	3.26208		-1.88337  0.2  0.2		4.1705503158		-1.0
	7530.00000000	2.73685		-2.10199  0.2  0.2		4.1705503158		-1.0
	7560.00000000	2.75085		-1.93318  0.2  0.2		4.1705503158		-1.0
	7590.00000000	3.06967		-1.81828  0.2  0.2		4.1705503158		-1.0
	7620.00000000	3.12554		-1.75418  0.2  0.2		4.1705503158		-1.0
	7650.00000000	3.42159		-1.49373  0.2  0.2		4.1705503158		-1.0
	7680.00000000	2.74199		-1.4099  0.2  0.2		4.1705503158		-1.0
	7710.00000000	2.61406		-1.58278  0.2  0.2		4.1705503158		-1.0
	7740.00000000	2.66024		-1.73992  0.2  0.2		4.1705503158		-1.0
	7770.00000000	3.10509		-1.88797  0.2  0.2		4.1705503158		-1.0
	7800.00000000	3.18748		-2.06404  0.2  0.2		4.1705503158		-1.0
	7830.00000000	3.4439		-2.11802  0.2  0.2		4.1705503158		-1.0
	7860.00000000	3.34398		-2.32716  0.2  0.2		4.1705503158		-1.0
	7890.00000000	3.00473		-2.37629  0.2  0.2		4.1705503158		-1.0
	7920.00000000	2.74748		-2.24229  0.2  0.2		4.1705503158		-1.0
	7950.00000000	2.78836		-2.31494  0.2  0.2		4.1705503158		-1.0
	7980.00000000	2.72459		-2.60744  0.2  0.2		4.1705503158		-1.0
	8010.00000000	2.88042		-2.68442  0.2  0.2		4.1705503158		-1.0
	8040.00000000	3.156		-2.6397  0.2  0.2		4.1705503158		-1.0
	8070.00000000	3.30334		-2.44843  0.2  0.2		4.1705503158		-1.0
	8100.00000000	3.22148		-2.53154  0.2  0.2		4.1705503158		-1.0
	8130.00000000	3.14556		-2.79433  0.2  0.2		4.1705503158		-1.0
	8160.00000000	2.72494		-3.01126  0.2  0.2		4.1705503158		-1.0
	8190.00000000	3.24992		-3.01812  0.2  0.2		4.1705503158		-1.0
	8220.00000000	3.11931		-3.10844  0.2  0.2		4.1705503158		-1.0
	8250.00000000	3.23214		-2.85997  0.2  0.2		4.1705503158		-1.0
	8280.00000000	3.11206		-2.58972  0.2  0.2		4.1705503158		-1.0
	8310.00000000	3.79296		-2.61127  0.2  0.2		4.1705503158		-1.0
	8340.00000000	2.65272		-2.73147  0.2  0.2		4.1705503158		-1.0
	8370.00000000	2.78179		-3.06048  0.2  0.2		4.1705503158		-1.0
	8400.00000000	2.77159		2.97412  0.2  0.2		4.1705503158		-1.0
	8430.00000000	2.76191		2.89818  0.2  0.2		4.1705503158		-1.0
	8460.00000000	2.803		2.94171  0.2  0.2		4.1705503158		-1.0
	8490.00000000	2.75725		2.82069  0.2  0.2		4.1705503158		-1.0
	8520.00000000	2.88825		2.65216  0.2  0.2		4.1705503158		-1.0
	8550.00000000	3.65261		2.44411  0.2  0.2		4.1705503158		-1.0
	8580.00000000	2.63828		2.24777  0.2  0.2		4.1705503158		-1.0
	8610.00000000	3.43423		2.14392  0.2  0.2		4.1705503158		-1.0
	8640.00000000	3.44234		1.93852  0.2  0.2		4.1705503158		-1.0
	8670.00000000	3.3957		1.59998  0.2  0.2		4.1705503158		-1.0
	8700.00000000	3.40244		1.55577  0.2  0.2		4.1705503158		-1.0
	8730.00000000	3.0183		1.74961  0.2  0.2		4.1705503158		-1.0
	8520.00000000	2.88825		2.65216  0.2  0.2		4.1705503158		-1.0
	8550.00000000	3.65261		2.44411  0.2  0.2		4.1705503158		-1.0
	8580.00000000	2.63828		2.24777  0.2  0.2		4.1705503158		-1.0
	8610.00000000	3.43423		2.14392  0.2  0.2		4.1705503158		-1.0
	8640.00000000	3.44234		1.93852  0.2  0.2		4.1705503158		-1.0
	8670.00000000	3.3957		1.59998  0.2  0.2		4.1705503158		-1.0
	8700.00000000	3.40244		1.55577  0.2  0.2		4.1705503158		-1.0
	8730.00000000	3.0183		1.74961  0.2  0.2		4.1705503158		-1.0
	8760.00000000	2.79615		1.71934  0.2  0.2		4.1705503158		-1.0
	8790.00000000	2.84317		1.45393  0.2  0.2		4.1705503158		-1.0
	8820.00000000	2.77261		1.43754  0.2  0.2		4.1705503158		-1.0
	8850.00000000	2.82071		1.49861  0.2  0.2		4.1705503158		-1.0
	8880.00000000	2.9373		1.2803  0.2  0.2		4.1705503158		-1.0
	8910.00000000	3.50609		1.09662  0.2  0.2		4.1705503158		-1.0
	8940.00000000	3.22594		1.02385  0.2  0.2		4.1705503158		-1.0
	8970.00000000	3.15068		1.1378  0.2  0.2		4.1705503158		-1.0
	9000.00000000	3.21115		0.87729  0.2  0.2		4.1705503158		-1.0
	9030.00000000	3.41198		0.69395  0.2  0.2		4.1705503158		-1.0
	9060.00000000	2.66301		0.68364  0.2  0.2		4.1705503158		-1.0
	9090.00000000	3.46831		0.78397  0.2  0.2		4.1705503158		-1.0
	9120.00000000	2.69087		0.50084  0.2  0.2		4.1705503158		-1.0
	9150.00000000	3.17366		0.18411  0.2  0.2		4.1705503158		-1.0
	9180.00000000	2.84965		-0.15348  0.2  0.2		4.1705503158		-1.0
	9210.00000000	3.08131		-0.33444  0.2  0.2		4.1705503158		-1.0
	9240.00000000	2.92964		-0.32371  0.2  0.2		4.1705503158		-1.0
	9270.00000000	3.079		-0.26531  0.2  0.2		4.1705503158		-1.0
	9300.00000000	2.76698		-0.31537  0.2  0.2		4.1705503158		-1.0
	9330.00000000	3.1192		-0.44207  0.2  0.2		4.1705503158		-1.0
	9360.00000000	3.12288		-0.23659  0.2  0.2		4.1705503158		-1.0
	9390.00000000	2.87768		0.16375  0.2  0.2		4.1705503158		-1.0
	9420.00000000	2.79771		0.24929  0.2  0.2		4.1705503158		-1.0
	9450.00000000	2.86064		-0.03394  0.2  0.2		4.1705503158		-1.0
	9480.00000000	2.75388		-0.51127  0.2  0.2		4.1705503158		-1.0
	9510.00000000	2.8429		-1.06406  0.2  0.2		4.1705503158		-1.0
	9540.00000000	3.12488		-0.94346  0.2  0.2		4.1705503158		-1.0
	9570.00000000	3.06773		-0.72902  0.2  0.2		4.1705503158		-1.0
	9600.00000000	2.75629		-0.66095  0.2  0.2		4.1705503158		-1.0
	9630.00000000	2.70483		-0.94171  0.2  0.2		4.1705503158		-1.0
	9660.00000000	3.12298		-1.23222  0.2  0.2		4.1705503158		-1.0
	9690.00000000	3.06052		-1.02947  0.2  0.2		4.1705503158		-1.0
	9720.00000000	3.24739		-0.86725  0.2  0.2		4.1705503158		-1.0
	9750.00000000	3.3007		-0.75911  0.2  0.2		4.1705503158		-1.0
	9780.00000000	2.63693		-0.64712  0.2  0.2		4.1705503158		-1.0
	9810.00000000	3.22205		-0.32169  0.2  0.2		4.1705503158		-1.0
	9840.00000000	3.05919		-0.02732  0.2  0.2		4.1705503158		-1.0
	9870.00000000	2.8402		0.15294  0.2  0.2		4.1705503158		-1.0
	9900.00000000	3.31552		0.23778  0.2  0.2		4.1705503158		-1.0
	9930.00000000	2.80719		0.17802  0.2  0.2		4.1705503158		-1.0
	9960.00000000	2.95537		-0.05559  0.2  0.2		4.1705503158		-1.0
	9990.00000000	3.38813		-0.05269  0.2  0.2		4.1705503158		-1.0
	10020.00000000	2.89439		0.09212  0.2  0.2		4.1705503158		-1.0
	10050.00000000	2.76347		0.00554  0.2  0.2		4.1705503158		-1.0
	10080.00000000	2.79418		-0.39136  0.2  0.2		4.1705503158		-1.0
	10110.00000000	2.83264		-0.37919  0.2  0.2		4.1705503158		-1.0
	10140.00000000	2.75274		-0.24121  0.2  0.2		4.1705503158		-1.0
	10170.00000000	2.98904		-0.13549  0.2  0.2		4.1705503158		-1.0
	10200.00000000	3.40377		-0.18629  0.2  0.2		4.1705503158		-1.0
	10230.00000000	3.34122		-0.30878  0.2  0.2		4.1705503158		-1.0
	10260.00000000	3.14125		-0.58246  0.2  0.2		4.1705503158		-1.0
	10290.00000000	3.25338		-0.80498  0.2  0.2		4.1705503158		-1.0
	10320.00000000	2.57307		-0.79113  0.2  0.2		4.1705503158		-1.0
	10350.00000000	3.57569		-0.53455  0.2  0.2		4.1705503158		-1.0
	10380.00000000	3.07911		-0.3765  0.2  0.2		4.1705503158		-1.0
	10410.00000000	3.29373		-0.51486  0.2  0.2		4.1705503158		-1.0
	10440.00000000	3.25418		-0.58956  0.2  0.2		4.1705503158		-1.0
	10470.00000000	2.9568		-0.58064  0.2  0.2		4.1705503158		-1.0
	10500.00000000	2.72934		-0.88628  0.2  0.2		4.1705503158		-1.0
	10530.00000000	2.9226		-0.97799  0.2  0.2		4.1705503158		-1.0
	10560.00000000	3.28922		-1.05377  0.2  0.2		4.1705503158		-1.0
	10590.00000000	3.23422		-1.04458  0.2  0.2		4.1705503158		-1.0
	10620.00000000	3.36609		-0.71553  0.2  0.2		4.1705503158		-1.0
	10650.00000000	2.7768		-0.65835  0.2  0.2		4.1705503158		-1.0
	10680.00000000	2.93831		-0.94738  0.2  0.2		4.1705503158		-1.0
	10710.00000000	2.68365		-1.30727  0.2  0.2		4.1705503158		-1.0
	10740.00000000	2.72479		-1.37999  0.2  0.2		4.1705503158		-1.0
	10770.00000000	3.39867		-1.22265  0.2  0.2		4.1705503158		-1.0
	10800.00000000	3.17149		-1.18196  0.2  0.2		4.1705503158		-1.0
	10830.00000001	3.16274		-1.32352  0.2  0.2		4.1705503158		-1.0
	10860.00000001	2.60659		-1.16309  0.2  0.2		4.1705503158		-1.0
	10890.00000001	3.42895		-0.79279  0.2  0.2		4.1705503158		-1.0
	10920.00000001	2.82509		-0.66002  0.2  0.2		4.1705503158		-1.0
	10950.00000001	3.07106		-0.70921  0.2  0.2		4.1705503158		-1.0
	10980.00000001	3.03189		-0.78401  0.2  0.2		4.1705503158		-1.0
	11010.00000001	3.08818		-0.93787  0.2  0.2		4.1705503158		-1.0
	11040.00000001	3.06861		-1.39867  0.2  0.2		4.1705503158		-1.0
	11070.00000001	3.1447		-1.42916  0.2  0.2		4.1705503158		-1.0
	11100.00000001	3.44794		-1.03014  0.2  0.2		4.1705503158		-1.0
	11130.00000001	3.14215		-0.79653  0.2  0.2		4.1705503158		-1.0
	11160.00000001	2.90142		-0.41465  0.2  0.2		4.1705503158		-1.0
	11190.00000001	3.1844		0.2139  0.2  0.2		4.1705503158		-1.0
	11220.00000001	3.29595		0.66735  0.2  0.2		4.1705503158		-1.0
	11250.00000001	3.27355		0.68996  0.2  0.2		4.1705503158		-1.0
	11280.00000001	3.08437		0.30408  0.2  0.2		4.1705503158		-1.0
	11310.00000001	3.62413		0.58116  0.2  0.2		4.1705503158		-1.0
	11340.00000001	3.03146		0.98096  0.2  0.2		4.1705503158		-1.0
	11370.00000001	3.27993		1.15734  0.2  0.2		4.1705503158		-1.0
	11400.00000001	3.27632		1.15844  0.2  0.2		4.1705503158		-1.0
	11430.00000001	2.72412		0.82407  0.2  0.2		4.1705503158		-1.0
	11460.00000001	3.36522		0.34717  0.2  0.2		4.1705503158		-1.0
	11490.00000001	3.13303		0.40775  0.2  0.2		4.1705503158		-1.0
	11520.00000001	3.25155		0.84164  0.2  0.2		4.1705503158		-1.0
	11550.00000001	3.41744		0.95369  0.2  0.2		4.1705503158		-1.0
	11580.00000001	3.49908		1.00024  0.2  0.2		4.1705503158		-1.0
	11610.00000001	2.98465		0.96564  0.2  0.2		4.1705503158		-1.0
	11640.00000001	3.06231		1.32607  0.2  0.2		4.1705503158		-1.0
	11670.00000001	3.57365		1.33237  0.2  0.2		4.1705503158		-1.0
	11700.00000001	2.58423		1.17987  0.2  0.2		4.1705503158		-1.0
	11730.00000001	3.24589		0.69756  0.2  0.2		4.1705503158		-1.0
	11760.00000001	3.22007		0.34246  0.2  0.2		4.1705503158		-1.0
	11790.00000001	3.21849		0.58194  0.2  0.2		4.1705503158		-1.0
	11820.00000001	3.40304		0.77006  0.2  0.2		4.1705503158		-1.0
	11850.00000001	2.92968		0.47626  0.2  0.2		4.1705503158		-1.0
	11880.00000001	2.82392		0.06055  0.2  0.2		4.1705503158		-1.0
	11910.00000001	2.73746		-0.21048  0.2  0.2		4.1705503158		-1.0
	11940.00000001	2.7226		-0.29444  0.2  0.2		4.1705503158		-1.0
	11970.00000001	2.77234		-0.16116  0.2  0.2		4.1705503158		-1.0
	12000.00000001	2.81432		0.24094  0.2  0.2		4.1705503158		-1.0
	12030.00000001	2.76079		0.64955  0.2  0.2		4.1705503158		-1.0
	12060.00000001	2.67783		0.72193  0.2  0.2		4.1705503158		-1.0
	12090.00000001	2.68769		0.65484  0.2  0.2		4.1705503158		-1.0
	12120.00000001	2.75741		0.46042  0.2  0.2		4.1705503158		-1.0
	12150.00000001	2.729		0.58209  0.2  0.2		4.1705503158		-1.0
	12180.00000001	2.84786		0.77596  0.2  0.2		4.1705503158		-1.0
	12210.00000001	3.41563		0.92775  0.2  0.2		4.1705503158		-1.0
	12240.00000001	3.18663		0.54405  0.2  0.2		4.1705503158		-1.0
	12270.00000001	3.3117		0.15356  0.2  0.2		4.1705503158		-1.0
	12300.00000001	3.22867		0.02107  0.2  0.2		4.1705503158		-1.0
	12330.00000001	3.34219		0.09943  0.2  0.2		4.1705503158		-1.0
	12360.00000001	3.46038		0.46452  0.2  0.2		4.1705503158		-1.0
	12390.00000001	3.17232		0.47811  0.2  0.2		4.1705503158		-1.0
	12420.00000001	2.73382		0.33987  0.2  0.2		4.1705503158		-1.0
	12450.00000001	2.74279		0.24906  0.2  0.2		4.1705503158		-1.0
	12480.00000001	2.77444		0.61735  0.2  0.2		4.1705503158		-1.0
	12510.00000001	2.61697		0.93202  0.2  0.2		4.1705503158		-1.0
	12540.00000001	3.19993		1.03843  0.2  0.2		4.1705503158		-1.0
	12570.00000001	3.75125		1.04882  0.2  0.2		4.1705503158		-1.0
	12600.00000001	3.57125		0.65733  0.2  0.2		4.1705503158		-1.0
	12630.00000001	3.27676		0.55945  0.2  0.2		4.1705503158		-1.0
	12660.00000001	3.06757		0.65343  0.2  0.2		4.1705503158		-1.0
	12690.00000001	3.7428		0.55322  0.2  0.2		4.1705503158		-1.0
	12720.00000001	3.44461		0.54244  0.2  0.2		4.1705503158		-1.0
	12750.00000001	2.92604		0.45179  0.2  0.2		4.1705503158		-1.0
	12780.00000001	2.69877		0.20288  0.2  0.2		4.1705503158		-1.0
	12810.00000001	2.7842		0.39104  0.2  0.2		4.1705503158		-1.0
	12840.00000001	3.43235		0.41547  0.2  0.2		4.1705503158		-1.0
	12870.00000001	3.61666		0.21293  0.2  0.2		4.1705503158		-1.0
	12900.00000001	3.02049		-0.03251  0.2  0.2		4.1705503158		-1.0
	12930.00000001	3.48432		-0.12013  0.2  0.2		4.1705503158		-1.0
	12960.00000001	3.01651		0.01373  0.2  0.2		4.1705503158		-1.0
	12990.00000001	3.77699		0.20932  0.2  0.2		4.1705503158		-1.0
	13020.00000001	3.1323		0.34916  0.2  0.2		4.1705503158		-1.0
	13050.00000001	2.57015		0.06188  0.2  0.2		4.1705503158		-1.0
	13080.00000001	2.56706		-0.32345  0.2  0.2		4.1705503158		-1.0
	13110.00000001	2.5873		-0.84778  0.2  0.2		4.1705503158		-1.0
	13140.00000001	2.63227		-1.28592  0.2  0.2		4.1705503158		-1.0
	13170.00000001	2.88225		-1.19362  0.2  0.2		4.1705503158		-1.0
	13200.00000001	2.83296		-0.9135  0.2  0.2		4.1705503158		-1.0
	13230.00000001	2.71425		-0.57729  0.2  0.2		4.1705503158		-1.0
	13260.00000001	2.71112		-0.49617  0.2  0.2		4.1705503158		-1.0
	13290.00000001	2.74047		-0.69718  0.2  0.2		4.1705503158		-1.0
	13320.00000001	2.6931		-1.19101  0.2  0.2		4.1705503158		-1.0
	13350.00000001	2.71513		-1.56181  0.2  0.2		4.1705503158		-1.0
	13380.00000001	2.70631		-1.73485  0.2  0.2		4.1705503158		-1.0
	13410.00000001	2.72195		-1.84081  0.2  0.2		4.1705503158		-1.0
	13440.00000001	2.67265		-1.97332  0.2  0.2		4.1705503158		-1.0
	13470.00000001	2.76569		-2.02905  0.2  0.2		4.1705503158		-1.0
	13500.00000001	2.72554		-2.32947  0.2  0.2		4.1705503158		-1.0
	13530.00000001	2.66825		-2.65141  0.2  0.2		4.1705503158		-1.0
	13560.00000001	2.66824		-2.72049  0.2  0.2		4.1705503158		-1.0
	13590.00000001	2.69075		-2.38405  0.2  0.2		4.1705503158		-1.0
	13620.00000001	2.86215		-2.07176  0.2  0.2		4.1705503158		-1.0
	13650.00000001	3.30636		-1.88617  0.2  0.2		4.1705503158		-1.0
	13680.00000001	3.50806		-1.91301  0.2  0.2		4.1705503158		-1.0
	13710.00000001	2.96475		-1.88616  0.2  0.2		4.1705503158		-1.0
	13740.00000001	3.35159		-1.58483  0.2  0.2		4.1705503158		-1.0
	13770.00000001	3.0073		-1.459  0.2  0.2		4.1705503158		-1.0
	13800.00000001	3.28185		-1.59405  0.2  0.2		4.1705503158		-1.0
	13830.00000001	3.20387		-1.37893  0.2  0.2		4.1705503158		-1.0
	13860.00000001	3.45854		-1.21381  0.2  0.2		4.1705503158		-1.0
	13890.00000001	3.22257		-1.31897  0.2  0.2		4.1705503158		-1.0
	13920.00000001	3.49798		-1.29621  0.2  0.2		4.1705503158		-1.0
	13950.00000001	3.06102		-0.99085  0.2  0.2		4.1705503158		-1.0
	13980.00000001	3.61927		-0.87696  0.2  0.2		4.1705503158		-1.0
	14010.00000001	2.76666		-1.13598  0.2  0.2		4.1705503158		-1.0
	14040.00000001	2.94508		-1.48898  0.2  0.2		4.1705503158		-1.0
	14070.00000001	3.60144		-1.4982  0.2  0.2		4.1705503158		-1.0
	14100.00000001	3.16734		-1.42533  0.2  0.2		4.1705503158		-1.0
	14130.00000001	3.64066		-1.41455  0.2  0.2		4.1705503158		-1.0
	14160.00000001	3.42966		-1.74784  0.2  0.2		4.1705503158		-1.0
	14190.00000001	3.3056		-2.16568  0.2  0.2		4.1705503158		-1.0
	14220.00000001	3.42863		-2.2048  0.2  0.2		4.1705503158		-1.0
	14250.00000000	3.28257		-1.95788  0.2  0.2		4.1705503158		-1.0
	14280.00000000	3.35297		-1.99811  0.2  0.2		4.1705503158		-1.0
	14310.00000000	3.3668		-2.25516  0.2  0.2		4.1705503158		-1.0
	14340.00000000	3.21763		-2.43982  0.2  0.2		4.1705503158		-1.0
	14370.00000000	3.11945		-2.0818  0.2  0.2		4.1705503158		-1.0
	14400.00000000	3.22424		-1.76711  0.2  0.2		4.1705503158		-1.0
	14430.00000000	3.43389		-1.85561  0.2  0.2		4.1705503158		-1.0
	14460.00000000	3.53346		-2.00933  0.2  0.2		4.1705503158		-1.0
	14490.00000000	3.58691		-2.16057  0.2  0.2		4.1705503158		-1.0
	14520.00000000	3.55308		-1.91487  0.2  0.2		4.1705503158		-1.0
	14550.00000000	3.61096		-1.52131  0.2  0.2		4.1705503158		-1.0
	14580.00000000	3.1822		-1.21018  0.2  0.2		4.1705503158		-1.0
	14610.00000000	3.65371		-1.20819  0.2  0.2		4.1705503158		-1.0
	14640.00000000	3.00058		-1.19921  0.2  0.2		4.1705503158		-1.0
	14670.00000000	2.82337		-0.72945  0.2  0.2		4.1705503158		-1.0
	14700.00000000	2.77336		-0.24449  0.2  0.2		4.1705503158		-1.0
	14730.00000000	2.74912		0.22554  0.2  0.2		4.1705503158		-1.0
	14760.00000000	2.60806		0.50492  0.2  0.2		4.1705503158		-1.0
	14790.00000000	2.61539		0.42781  0.2  0.2		4.1705503158		-1.0
	14820.00000000	2.7317		-0.03727  0.2  0.2		4.1705503158		-1.0
	14850.00000000	2.67534		-0.45715  0.2  0.2		4.1705503158		-1.0
	14880.00000000	2.71882		-0.44931  0.2  0.2		4.1705503158		-1.0
	14910.00000000	2.68412		-0.34365  0.2  0.2		4.1705503158		-1.0
	14940.00000000	2.67245		-0.0183  0.2  0.2		4.1705503158		-1.0
	14970.00000000	2.64688		0.24245  0.2  0.2		4.1705503158		-1.0
	15000.00000000	2.71995		0.31529  0.2  0.2		4.1705503158		-1.0
	15030.00000000	2.792		-0.16432  0.2  0.2		4.1705503158		-1.0
	15060.00000000	3.60044		-0.43078  0.2  0.2		4.1705503158		-1.0
	15090.00000000	2.94192		-0.12668  0.2  0.2		4.1705503158		-1.0
	15120.00000000	3.63036		0.15727  0.2  0.2		4.1705503158		-1.0
	15150.00000000	2.64204		0.06675  0.2  0.2		4.1705503158		-1.0
	15180.00000000	2.59177		-0.3372  0.2  0.2		4.1705503158		-1.0
	15210.00000000	2.63459		-0.77171  0.2  0.2		4.1705503158		-1.0
	15240.00000000	2.58573		-1.16664  0.2  0.2		4.1705503158		-1.0
	15270.00000000	2.66286		-1.08373  0.2  0.2		4.1705503158		-1.0
	15300.00000000	2.63812		-0.48294  0.2  0.2		4.1705503158		-1.0
	15330.00000000	3.3695		0.02359  0.2  0.2		4.1705503158		-1.0
	15360.00000000	3.2324		0.28607  0.2  0.2		4.1705503158		-1.0
	15390.00000000	3.44752		0.19869  0.2  0.2		4.1705503158		-1.0
	15420.00000000	3.21551		-0.33695  0.2  0.2		4.1705503158		-1.0
	15450.00000000	3.58327		-0.5899  0.2  0.2		4.1705503158		-1.0
	15480.00000000	3.22291		-0.19058  0.2  0.2		4.1705503158		-1.0
	15510.00000000	3.2394		-0.17523  0.2  0.2		4.1705503158		-1.0
	15540.00000000	3.40971		-0.38852  0.2  0.2		4.1705503158		-1.0
	15570.00000000	3.38874		-0.63061  0.2  0.2		4.1705503158		-1.0
	15600.00000000	3.00093		-0.51436  0.2  0.2		4.1705503158		-1.0
	15630.00000000	3.60168		-0.27633  0.2  0.2		4.1705503158		-1.0
	15660.00000000	3.18608		0.07674  0.2  0.2		4.1705503158		-1.0
	15690.00000000	3.53431		0.10571  0.2  0.2		4.1705503158		-1.0
	15720.00000000	3.15446		-0.06912  0.2  0.2		4.1705503158		-1.0
	15750.00000000	3.45412		-0.09808  0.2  0.2		4.1705503158		-1.0
	15780.00000000	3.13117		-0.22203  0.2  0.2		4.1705503158		-1.0
	15810.00000000	3.55247		-0.31713  0.2  0.2		4.1705503158		-1.0
	15840.00000000	3.21844		-0.39747  0.2  0.2		4.1705503158		-1.0
	15870.00000000	3.31573		-0.65482  0.2  0.2		4.1705503158		-1.0
	15900.00000000	3.37978		-0.8338  0.2  0.2		4.1705503158		-1.0
	15930.00000000	3.46219		-0.90002  0.2  0.2		4.1705503158		-1.0
	15960.00000000	3.48142		-0.96925  0.2  0.2		4.1705503158		-1.0
	15990.00000000	3.24642		-0.91504  0.2  0.2		4.1705503158		-1.0
	16020.00000000	2.73714		-0.86988  0.2  0.2		4.1705503158		-1.0
	16050.00000000	3.23246		-0.83908  0.2  0.2		4.1705503158		-1.0
	16080.00000000	3.3726		-0.58016  0.2  0.2		4.1705503158		-1.0
	16110.00000000	3.48218		-0.30999  0.2  0.2		4.1705503158		-1.0
	16140.00000000	3.20198		0.0613  0.2  0.2		4.1705503158		-1.0
	16170.00000000	3.9014		0.54118  0.2  0.2		4.1705503158		-1.0
	16200.00000000	3.55414		0.88672  0.2  0.2		4.1705503158		-1.0
	16230.00000000	3.50746		1.16447  0.2  0.2		4.1705503158		-1.0
	16260.00000000	3.19856		1.62274  0.2  0.2		4.1705503158		-1.0
	16290.00000000	3.2908		1.61313  0.2  0.2		4.1705503158		-1.0
	16320.00000000	3.23579		1.35511  0.2  0.2		4.1705503158		-1.0
	16350.00000000	3.41851		1.39868  0.2  0.2		4.1705503158		-1.0
	16380.00000000	3.47295		1.76662  0.2  0.2		4.1705503158		-1.0
	16410.00000000	3.08374		1.84132  0.2  0.2		4.1705503158		-1.0
	16440.00000000	3.34905		1.55993  0.2  0.2		4.1705503158		-1.0
	16470.00000000	3.51395		1.59358  0.2  0.2		4.1705503158		-1.0
	16500.00000000	3.40219		1.69193  0.2  0.2		4.1705503158		-1.0
	16530.00000000	3.49663		1.65702  0.2  0.2		4.1705503158		-1.0
	16560.00000000	3.48875		1.5679  0.2  0.2		4.1705503158		-1.0
	16590.00000000	3.15739		1.63714  0.2  0.2		4.1705503158		-1.0
	16620.00000000	2.95441		1.71046  0.2  0.2		4.1705503158		-1.0
	16650.00000000	2.61238		1.52874  0.2  0.2		4.1705503158		-1.0
	16680.00000000	2.58774		1.35667  0.2  0.2		4.1705503158		-1.0
	16710.00000000	3.02229		1.16625  0.2  0.2		4.1705503158		-1.0
	16740.00000000	2.98408		1.32076  0.2  0.2		4.1705503158		-1.0
	16770.00000000	2.61013		1.46414  0.2  0.2		4.1705503158		-1.0
	16800.00000000	2.60583		1.12933  0.2  0.2		4.1705503158		-1.0
	16830.00000000	2.75392		0.93573  0.2  0.2		4.1705503158		-1.0
	16860.00000000	2.77009		1.05099  0.2  0.2		4.1705503158		-1.0
	16890.00000000	2.76589		1.22957  0.2  0.2		4.1705503158		-1.0
	16920.00000000	2.70593		1.05608  0.2  0.2		4.1705503158		-1.0
	16950.00000000	2.63314		0.93949  0.2  0.2		4.1705503158		-1.0
	16980.00000000	2.76896		0.91363  0.2  0.2		4.1705503158		-1.0
	17010.00000000	2.67739		0.94575  0.2  0.2		4.1705503158		-1.0
	17040.00000000	3.24522		0.91209  0.2  0.2		4.1705503158		-1.0
	17070.00000000	3.6571		1.16126  0.2  0.2		4.1705503158		-1.0
	17100.00000000	3.14517		1.4306  0.2  0.2		4.1705503158		-1.0
	17130.00000000	2.61103		1.51869  0.2  0.2		4.1705503158		-1.0
	17160.00000000	2.71259		1.60492  0.2  0.2		4.1705503158		-1.0
	17190.00000000	2.72176		1.77068  0.2  0.2		4.1705503158		-1.0
	17220.00000000	2.72231		2.00894  0.2  0.2		4.1705503158		-1.0
	17250.00000000	2.71969		2.10885  0.2  0.2		4.1705503158		-1.0
	17280.00000000	2.83535		2.20014  0.2  0.2		4.1705503158		-1.0
	17310.00000000	2.81905		2.24654  0.2  0.2		4.1705503158		-1.0
	17340.00000000	2.83264		2.37446  0.2  0.2		4.1705503158		-1.0
	17370.00000000	3.01531		2.49976  0.2  0.2		4.1705503158		-1.0
	17400.00000000	3.34153		2.55411  0.2  0.2		4.1705503158		-1.0
	17430.00000000	3.47214		2.67414  0.2  0.2		4.1705503158		-1.0
	17460.00000000	3.22325		2.81563  0.2  0.2		4.1705503158		-1.0
	17490.00000000	3.68606		3.01498  0.2  0.2		4.1705503158		-1.0
	17520.00000000	2.91241		3.11427  0.2  0.2		4.1705503158		-1.0
	17550.00000000	2.77557		2.88447  0.2  0.2		4.1705503158		-1.0
	17580.00000000	2.77918		2.70408  0.2  0.2		4.1705503158		-1.0
	17610.00000000	2.63999		2.65043  0.2  0.2		4.1705503158		-1.0
	17640.00000000	2.65361		2.30232  0.2  0.2		4.1705503158		-1.0
	17670.00000000	2.70663		2.40821  0.2  0.2		4.1705503158		-1.0
	17700.00000000	2.60742		2.67868  0.2  0.2		4.1705503158		-1.0
	17730.00000000	3.01225		2.50661  0.2  0.2		4.1705503158		-1.0
	17760.00000000	3.34275		2.31443  0.2  0.2		4.1705503158		-1.0
	17790.00000000	3.11738		2.52797  0.2  0.2		4.1705503158		-1.0
	17820.00000000	3.22132		2.72926  0.2  0.2		4.1705503158		-1.0
	17850.00000000	3.17481		2.72062  0.2  0.2		4.1705503158		-1.0
	17880.00000000	3.23192		2.5383  0.2  0.2		4.1705503158		-1.0
	17910.00000000	3.42715		2.48453  0.2  0.2		4.1705503158		-1.0
	17940.00000000	3.52575		2.52972  0.2  0.2		4.1705503158		-1.0
	17970.00000000	3.37661		2.48769  0.2  0.2		4.1705503158		-1.0
	18000.00000000	2.54174		2.36609  0.2  0.2		4.1705503158		-1.0
	18030.00000000	3.06476		2.39372  0.2  0.2		4.1705503158		-1.0
	18060.00000000	3.49058		2.32262  0.2  0.2		4.1705503158		-1.0
	18090.00000000	3.55977		2.22036  0.2  0.2		4.1705503158		-1.0
	18120.00000000	3.34522		2.20745  0.2  0.2		4.1705503158		-1.0
	18150.00000000	3.0342		1.98677  0.2  0.2		4.1705503158		-1.0
	18180.00000000	2.75362		2.00386  0.2  0.2		4.1705503158		-1.0
	18210.00000000	2.71954		2.07312  0.2  0.2		4.1705503158		-1.0
	18240.00000000	2.75182		1.90996  0.2  0.2		4.1705503158		-1.0
	18270.00000000	2.73922		1.83434  0.2  0.2		4.1705503158		-1.0
	18300.00000000	2.75425		2.07407  0.2  0.2		4.1705503158		-1.0
	18330.00000000	2.86759		2.11822  0.2  0.2		4.1705503158		-1.0
	18360.00000000	3.49477		2.07036  0.2  0.2		4.1705503158		-1.0
	18390.00000000	3.57795		1.99829  0.2  0.2		4.1705503158		-1.0
	18420.00000000	3.17526		1.8868  0.2  0.2		4.1705503158		-1.0
	18450.00000000	3.8035		2.03158  0.2  0.2		4.1705503158		-1.0
	18480.00000000	3.40111		2.06344  0.2  0.2		4.1705503158		-1.0
	18510.00000000	3.20192		1.77252  0.2  0.2		4.1705503158		-1.0
	18540.00000000	3.81675		1.73845  0.2  0.2		4.1705503158		-1.0
	18570.00000000	3.3748		1.87129  0.2  0.2		4.1705503158		-1.0
	18600.00000000	3.32776		1.94541  0.2  0.2		4.1705503158		-1.0
	18630.00000000	3.08055		1.92884  0.2  0.2		4.1705503158		-1.0
	18660.00000000	3.29452		1.97546  0.2  0.2		4.1705503158		-1.0
	18690.00000000	3.9107		2.25579  0.2  0.2		4.1705503158		-1.0
	18720.00000000	3.54809		2.33768  0.2  0.2		4.1705503158		-1.0
	18750.00000000	3.82845		2.21758  0.2  0.2		4.1705503158		-1.0
	18780.00000000	3.63896		2.36172  0.2  0.2		4.1705503158		-1.0
	18810.00000000	3.99455		2.35201  0.2  0.2		4.1705503158		-1.0
	18840.00000000	3.45848		2.24938  0.2  0.2		4.1705503158		-1.0
	18870.00000000	3.94024		2.47365  0.2  0.2		4.1705503158		-1.0
	18900.00000000	3.35784		2.69951  0.2  0.2		4.1705503158		-1.0
	18930.00000000	2.59959		2.57569  0.2  0.2		4.1705503158		-1.0
	18960.00000000	2.81674		2.43165  0.2  0.2		4.1705503158		-1.0
	18990.00000000	2.79813		2.27707  0.2  0.2		4.1705503158		-1.0
	19020.00000000	2.99797		2.30995  0.2  0.2		4.1705503158		-1.0
	19050.00000000	3.40384		2.40332  0.2  0.2		4.1705503158		-1.0
	19080.00000000	3.34214		2.12646  0.2  0.2		4.1705503158		-1.0
	19110.00000000	2.86431		2.38531  0.2  0.2		4.1705503158		-1.0
	19140.00000000	2.74857		2.37227  0.2  0.2		4.1705503158		-1.0
	19170.00000000	2.62098		2.34061  0.2  0.2		4.1705503158		-1.0
	19200.00000000	2.65047		2.47561  0.2  0.2		4.1705503158		-1.0
	19230.00000000	2.60152		2.50334  0.2  0.2		4.1705503158		-1.0
	19260.00000000	2.59166		2.37041  0.2  0.2		4.1705503158		-1.0
	19290.00000000	2.88097		2.31862  0.2  0.2		4.1705503158		-1.0
	19320.00000000	3.45933		2.32027  0.2  0.2		4.1705503158		-1.0
	19350.00000000	3.73632		2.05413  0.2  0.2		4.1705503158		-1.0
	19380.00000000	3.92453		1.82595  0.2  0.2		4.1705503158		-1.0
	19410.00000000	3.28378		1.60411  0.2  0.2		4.1705503158		-1.0
	19440.00000000	2.76762		1.61689  0.2  0.2		4.1705503158		-1.0
	19470.00000000	2.53916		1.94701  0.2  0.2		4.1705503158		-1.0
	19500.00000000	2.71751		1.8172  0.2  0.2		4.1705503158		-1.0
	19530.00000000	2.712		1.9097  0.2  0.2		4.1705503158		-1.0
	19560.00000000	2.72809		1.79743  0.2  0.2		4.1705503158		-1.0
	19590.00000000	3.25843		1.53893  0.2  0.2		4.1705503158		-1.0
	19620.00000000	3.70878		1.63792  0.2  0.2		4.1705503158		-1.0
	19650.00000000	3.51314		1.58561  0.2  0.2		4.1705503158		-1.0
	19680.00000000	3.88772		1.24044  0.2  0.2		4.1705503158		-1.0
	19710.00000000	3.50439		1.154  0.2  0.2		4.1705503158		-1.0
	19740.00000000	2.89754		1.37168  0.2  0.2		4.1705503158		-1.0
	19770.00000000	2.7342		1.46564  0.2  0.2		4.1705503158		-1.0
	19800.00000000	2.82207		1.29952  0.2  0.2		4.1705503158		-1.0
	19830.00000000	3.04035		1.0371  0.2  0.2		4.1705503158		-1.0
	19860.00000000	2.84764		1.16877  0.2  0.2		4.1705503158		-1.0
	19890.00000000	2.74819		1.08573  0.2  0.2		4.1705503158		-1.0
	19920.00000000	2.78676		1.31636  0.2  0.2		4.1705503158		-1.0
	19950.00000000	2.70969		1.52557  0.2  0.2		4.1705503158		-1.0
	19980.00000000	2.56529		1.54721  0.2  0.2		4.1705503158		-1.0
	20010.00000000	3.66805		1.3334  0.2  0.2		4.1705503158		-1.0
	20040.00000000	3.44039		1.42415  0.2  0.2		4.1705503158		-1.0
	20070.00000000	3.08406		1.73548  0.2  0.2		4.1705503158		-1.0
	20100.00000000	2.86024		1.98712  0.2  0.2		4.1705503158		-1.0
	20130.00000000	2.69535		1.88162  0.2  0.2		4.1705503158		-1.0
	20160.00000000	2.62552		1.82783  0.2  0.2		4.1705503158		-1.0
	20190.00000000	2.62518		1.60667  0.2  0.2		4.1705503158		-1.0
	20220.00000000	2.65639		1.41955  0.2  0.2		4.1705503158		-1.0
	20250.00000000	3.32072		1.02575  0.2  0.2		4.1705503158		-1.0
	20280.00000000	3.70684		0.81211  0.2  0.2		4.1705503158		-1.0
	20310.00000000	3.09434		0.5797  0.2  0.2		4.1705503158		-1.0
	20340.00000000	3.02179		0.68344  0.2  0.2		4.1705503158		-1.0
	20370.00000000	3.27974		0.95895  0.2  0.2		4.1705503158		-1.0
	20400.00000000	3.29609		1.4208  0.2  0.2		4.1705503158		-1.0
	20430.00000000	3.21783		1.69147  0.2  0.2		4.1705503158		-1.0
	20460.00000000	3.27086		1.93045  0.2  0.2		4.1705503158		-1.0
	20490.00000000	3.07488		1.92266  0.2  0.2		4.1705503158		-1.0
	20520.00000000	3.25541		1.87464  0.2  0.2		4.1705503158		-1.0
	20550.00000000	4.15616		1.95289  0.2  0.2		4.1705503158		-1.0
	20580.00000000	3.68528		1.87094  0.2  0.2		4.1705503158		-1.0
	20610.00000000	3.84174		1.56008  0.2  0.2		4.1705503158		-1.0
	20640.00000000	3.2788		1.32065  0.2  0.2		4.1705503158		-1.0
	20670.00000000	2.90646		1.23899  0.2  0.2		4.1705503158		-1.0
	20700.00000000	2.83223		1.34151  0.2  0.2		4.1705503158		-1.0
	20729.99999999	2.53031		1.03827  0.2  0.2		4.1705503158		-1.0
	20759.99999999	3.58689		0.50797  0.2  0.2		4.1705503158		-1.0
	20789.99999999	3.61787		0.63615  0.2  0.2		4.1705503158		-1.0
	20819.99999999	3.45631		1.19075  0.2  0.2		4.1705503158		-1.0
	20849.99999999	3.79798		1.61248  0.2  0.2		4.1705503158		-1.0
	20879.99999999	3.66568		1.67913  0.2  0.2		4.1705503158		-1.0
	20909.99999999	3.61108		1.93606  0.2  0.2		4.1705503158		-1.0
	20939.99999999	3.84492		1.8963  0.2  0.2		4.1705503158		-1.0
	20969.99999999	3.57321		2.18629  0.2  0.2		4.1705503158		-1.0
	20999.99999999	3.86322		2.53474  0.2  0.2		4.1705503158		-1.0
	21029.99999999	3.37951		2.6274  0.2  0.2		4.1705503158		-1.0
	21059.99999999	3.90887		2.73081  0.2  0.2		4.1705503158		-1.0
	21089.99999999	3.32581		2.85203  0.2  0.2		4.1705503158		-1.0
	21119.99999999	3.35556		2.8572  0.2  0.2		4.1705503158		-1.0
	21149.99999999	3.58849		2.90266  0.2  0.2		4.1705503158		-1.0
	21179.99999999	3.2336		2.97671  0.2  0.2		4.1705503158		-1.0
	21209.99999999	4.00332		2.978  0.2  0.2		4.1705503158		-1.0
	21239.99999999	3.28314		2.94419  0.2  0.2		4.1705503158		-1.0
	21269.99999999	3.11327		-3.00144  0.2  0.2		4.1705503158		-1.0
	21299.99999999	3.87302		-3.04748  0.2  0.2		4.1705503158		-1.0
	21329.99999999	3.0006		3.0876  0.2  0.2		4.1705503158		-1.0
	21359.99999999	3.50553		-3.14084  0.2  0.2		4.1705503158		-1.0
	21389.99999999	3.24625		-3.12645  0.2  0.2		4.1705503158		-1.0
	21419.99999999	2.911		-3.14157  0.2  0.2		4.1705503158		-1.0
	21449.99999999	3.51506		-2.85636  0.2  0.2		4.1705503158		-1.0
	21479.99999999	2.99456		-2.71446  0.2  0.2		4.1705503158		-1.0
	21509.99999999	2.82475		-2.92706  0.2  0.2		4.1705503158		-1.0
	21539.99999999	2.80436		-3.0526  0.2  0.2		4.1705503158		-1.0
	21569.99999999	2.52562		3.05848  0.2  0.2		4.1705503158		-1.0
	21599.99999999	2.64145		2.95103  0.2  0.2		4.1705503158		-1.0
	21629.99999999	2.69312		-3.11861  0.2  0.2		4.1705503158		-1.0
	21659.99999999	2.53611		-2.98631  0.2  0.2		4.1705503158		-1.0
	21689.99999999	2.69369		-2.91684  0.2  0.2		4.1705503158		-1.0
	21719.99999999	2.69782		-2.62717  0.2  0.2		4.1705503158		-1.0
	21749.99999999	2.69852		-2.52484  0.2  0.2		4.1705503158		-1.0
	21779.99999999	2.6654		-2.80178  0.2  0.2		4.1705503158		-1.0
	21809.99999999	2.61172		-2.98264  0.2  0.2		4.1705503158		-1.0
	21839.99999999	2.55045		3.07828  0.2  0.2		4.1705503158		-1.0
	21869.99999999	2.6526		3.07881  0.2  0.2		4.1705503158		-1.0
	21899.99999999	2.57366		2.96134  0.2  0.2		4.1705503158		-1.0
	21929.99999999	2.66751		2.75608  0.2  0.2		4.1705503158		-1.0
	21959.99999999	2.72953		2.59058  0.2  0.2		4.1705503158		-1.0
	21989.99999999	2.65331		2.74823  0.2  0.2		4.1705503158		-1.0
	22019.99999999	2.60263		2.81468  0.2  0.2		4.1705503158		-1.0
	22049.99999999	2.61979		3.02741  0.2  0.2		4.1705503158		-1.0
	22079.99999999	2.5966		3.11685  0.2  0.2		4.1705503158		-1.0
	22109.99999999	2.53258		-2.8676  0.2  0.2		4.1705503158		-1.0
	22139.99999999	3.13126		-2.625  0.2  0.2		4.1705503158		-1.0
	22169.99999999	3.24382		-2.48685  0.2  0.2		4.1705503158		-1.0
	22199.99999999	2.63121		-2.57274  0.2  0.2		4.1705503158		-1.0
	22229.99999999	3.03482		-2.71723  0.2  0.2		4.1705503158		-1.0
	22259.99999999	3.03352		-2.90828  0.2  0.2		4.1705503158		-1.0
	22289.99999999	3.50255		-2.89161  0.2  0.2		4.1705503158		-1.0
	22319.99999999	3.45976		-2.82216  0.2  0.2		4.1705503158		-1.0
	22349.99999999	3.37144		-2.61228  0.2  0.2		4.1705503158		-1.0
	22379.99999999	3.39152		-2.46335  0.2  0.2		4.1705503158		-1.0
	22409.99999999	3.60268		-2.63382  0.2  0.2		4.1705503158		-1.0
	22439.99999999	3.61449		-2.71863  0.2  0.2		4.1705503158		-1.0
	22469.99999999	3.38604		-2.9443  0.2  0.2		4.1705503158		-1.0
	22499.99999999	3.45848		3.09708  0.2  0.2		4.1705503158		-1.0
	22529.99999999	3.37242		3.04675  0.2  0.2		4.1705503158		-1.0
	22559.99999999	3.28003		-3.08236  0.2  0.2		4.1705503158		-1.0
	22589.99999999	3.18225		-3.14007  0.2  0.2		4.1705503158		-1.0
	22619.99999999	2.97333		3.12683  0.2  0.2		4.1705503158		-1.0
	22649.99999999	3.35446		3.1169  0.2  0.2		4.1705503158		-1.0
	22679.99999999	2.95123		2.76405  0.2  0.2		4.1705503158		-1.0
	22709.99999999	3.2496		2.57108  0.2  0.2		4.1705503158		-1.0
	22739.99999999	2.85811		2.74882  0.2  0.2		4.1705503158		-1.0
	22769.99999999	3.03206		2.77404  0.2  0.2		4.1705503158		-1.0
	22799.99999999	3.21995		2.59943  0.2  0.2		4.1705503158		-1.0
	22829.99999999	2.67691		2.55536  0.2  0.2		4.1705503158		-1.0
	22859.99999999	3.27205		2.86634  0.2  0.2		4.1705503158		-1.0
	22889.99999999	2.96305		3.13724  0.2  0.2		4.1705503158		-1.0
	22919.99999999	3.08714		-2.73335  0.2  0.2		4.1705503158		-1.0
	22949.99999999	2.57724		-2.32625  0.2  0.2		4.1705503158		-1.0
	22979.99999999	2.58061		-2.15684  0.2  0.2		4.1705503158		-1.0
	23009.99999999	2.89169		-2.53035  0.2  0.2		4.1705503158		-1.0
	23039.99999999	2.63505		-2.57167  0.2  0.2		4.1705503158		-1.0
	23069.99999999	2.60495		-2.48234  0.2  0.2		4.1705503158		-1.0
	23099.99999999	2.63369		-2.27211  0.2  0.2		4.1705503158		-1.0
	23129.99999999	2.68771		-1.87665  0.2  0.2		4.1705503158		-1.0
	23159.99999999	2.62198		-1.67105  0.2  0.2		4.1705503158		-1.0
	23189.99999999	2.76859		-2.12505  0.2  0.2		4.1705503158		-1.0
	23219.99999999	3.01602		-2.52055  0.2  0.2		4.1705503158		-1.0
	23249.99999999	3.18491		-2.18513  0.2  0.2		4.1705503158		-1.0
	23279.99999999	3.27133		-1.74607  0.2  0.2		4.1705503158		-1.0
	23309.99999999	2.82862		-2.00177  0.2  0.2		4.1705503158		-1.0
	23339.99999999	2.72381		-2.17844  0.2  0.2		4.1705503158		-1.0
	23369.99999999	2.54788		-2.0322  0.2  0.2		4.1705503158		-1.0
	23399.99999999	2.65399		-1.83243  0.2  0.2		4.1705503158		-1.0
	23429.99999999	2.8294		-1.55469  0.2  0.2		4.1705503158		-1.0
	23459.99999999	2.56869		-1.56824  0.2  0.2		4.1705503158		-1.0
	23489.99999999	2.65503		-1.92542  0.2  0.2		4.1705503158		-1.0
	23519.99999999	2.5723		-2.1923  0.2  0.2		4.1705503158		-1.0
	23549.99999999	2.67361		-2.08182  0.2  0.2		4.1705503158		-1.0
	23579.99999999	2.64813		-1.90741  0.2  0.2		4.1705503158		-1.0
	23609.99999999	3.00497		-1.70281  0.2  0.2		4.1705503158		-1.0
	23639.99999999	2.93581		-1.90667  0.2  0.2		4.1705503158		-1.0
	23669.99999999	3.43961		-2.23235  0.2  0.2		4.1705503158		-1.0
	23699.99999999	3.53884		-2.40995  0.2  0.2		4.1705503158		-1.0
	23729.99999999	3.59707		-2.5095  0.2  0.2		4.1705503158		-1.0
	23759.99999999	3.65417		-2.39098  0.2  0.2		4.1705503158		-1.0
	23789.99999999	3.61174		-2.34598  0.2  0.2		4.1705503158		-1.0
	23819.99999999	3.00079		-2.27843  0.2  0.2		4.1705503158		-1.0
	23849.99999999	3.3151		-2.15439  0.2  0.2		4.1705503158		-1.0
	23879.99999999	3.12721		-2.18243  0.2  0.2		4.1705503158		-1.0
	23909.99999999	2.99209		-2.27477  0.2  0.2		4.1705503158		-1.0
	23939.99999999	3.56702		-2.35195  0.2  0.2		4.1705503158		-1.0
	23969.99999999	3.68295		-2.3583  0.2  0.2		4.1705503158		-1.0
	23999.99999999	3.44965		-2.67583  0.2  0.2		4.1705503158		-1.0
	24029.99999999	3.68431		-2.95584  0.2  0.2		4.1705503158		-1.0
	24059.99999999	3.71635		-2.87703  0.2  0.2		4.1705503158		-1.0
	24089.99999999	3.87828		-2.56957  0.2  0.2		4.1705503158		-1.0
	24119.99999999	3.81353		-2.16928  0.2  0.2		4.1705503158		-1.0
	24149.99999999	3.75466		-2.10643  0.2  0.2		4.1705503158		-1.0
	24179.99999999	3.78771		-2.19568  0.2  0.2		4.1705503158		-1.0
	24209.99999999	3.94001		-2.10005  0.2  0.2		4.1705503158		-1.0
	24239.99999999	3.46021		-1.96715  0.2  0.2		4.1705503158		-1.0
	24269.99999999	3.83768		-1.73292  0.2  0.2		4.1705503158		-1.0
	24299.99999999	3.44326		-1.6416  0.2  0.2		4.1705503158		-1.0
	24329.99999999	3.42372		-1.74714  0.2  0.2		4.1705503158		-1.0
	24359.99999999	3.0635		-1.71243  0.2  0.2		4.1705503158		-1.0
	24389.99999999	3.39365		-1.53278  0.2  0.2		4.1705503158		-1.0
	24419.99999999	3.62158		-1.55877  0.2  0.2		4.1705503158		-1.0
	24449.99999999	3.31783		-1.5925  0.2  0.2		4.1705503158		-1.0
	24479.99999999	3.11852		-1.76717  0.2  0.2		4.1705503158		-1.0
	24509.99999999	2.72095		-1.5094  0.2  0.2		4.1705503158		-1.0
	24539.99999999	2.67232		-1.40778  0.2  0.2		4.1705503158		-1.0
	24569.99999999	2.65871		-1.07525  0.2  0.2		4.1705503158		-1.0
	24599.99999999	2.56856		-0.93829  0.2  0.2		4.1705503158		-1.0
	24629.99999999	2.636		-1.14558  0.2  0.2		4.1705503158		-1.0
	24659.99999999	2.62738		-1.19983  0.2  0.2		4.1705503158		-1.0
	24689.99999999	3.12409		-1.15955  0.2  0.2		4.1705503158		-1.0
	24719.99999999	3.66487		-1.06577  0.2  0.2		4.1705503158		-1.0
	24749.99999999	3.39781		-1.15687  0.2  0.2		4.1705503158		-1.0
	24779.99999999	3.99606		-1.35969  0.2  0.2		4.1705503158		-1.0
	24809.99999999	3.29749		-1.3483  0.2  0.2		4.1705503158		-1.0
	24839.99999999	3.94172		-1.20024  0.2  0.2		4.1705503158		-1.0
	24869.99999999	3.57355		-1.17664  0.2  0.2		4.1705503158		-1.0
	24899.99999999	3.98808		-1.1655  0.2  0.2		4.1705503158		-1.0
	24929.99999999	4.00147		-1.10436  0.2  0.2		4.1705503158		-1.0
	24959.99999999	2.97187		-1.37227  0.2  0.2		4.1705503158		-1.0
	24989.99999999	2.87653		-1.51628  0.2  0.2		4.1705503158		-1.0
	25019.99999999	3.06816		-1.48346  0.2  0.2		4.1705503158		-1.0
	25049.99999999	3.9737		-1.42795  0.2  0.2		4.1705503158		-1.0
	25079.99999999	3.24751		-1.1057  0.2  0.2		4.1705503158		-1.0
	25109.99999999	3.61622		-1.39245  0.2  0.2		4.1705503158		-1.0
	25139.99999999	3.52049		-1.35304  0.2  0.2		4.1705503158		-1.0
	25169.99999999	3.38438		-1.22378  0.2  0.2		4.1705503158		-1.0
	25199.99999999	3.75266		-0.9605  0.2  0.2		4.1705503158		-1.0
	25229.99999999	3.17346		-0.79905  0.2  0.2		4.1705503158		-1.0
	25259.99999999	3.84006		-1.097  0.2  0.2		4.1705503158		-1.0
	25289.99999999	3.12366		-1.12628  0.2  0.2		4.1705503158		-1.0
	25319.99999999	3.11331		-1.10482  0.2  0.2		4.1705503158		-1.0
	25349.99999999	3.23093		-1.11373  0.2  0.2		4.1705503158		-1.0
	25379.99999999	3.78118		-0.73607  0.2  0.2		4.1705503158		-1.0
	25409.99999999	3.80494		-0.74505  0.2  0.2		4.1705503158		-1.0
	25439.99999999	4.29979		-1.15848  0.2  0.2		4.1705503158		-1.0
	25469.99999999	4.49664		-1.54098  0.2  0.2		4.1705503158		-1.0
	25499.99999999	3.61504		-1.61617  0.2  0.2		4.1705503158		-1.0
	25529.99999999	4.1469		-1.66427  0.2  0.2		4.1705503158		-1.0
	25559.99999999	4.75214		-1.78077  0.2  0.2		4.1705503158		-1.0
	25589.99999999	5.2649		-1.79997  0.2  0.2		4.1705503158		-1.0
	25619.99999999	6.34081		-1.73386  0.2  0.2		4.1705503158		-1.0
	25649.99999999	7.57548		-1.75739  0.2  0.2		4.1705503158		-1.0
	25679.99999999	8.04129		-1.51929  0.2  0.2		4.1705503158		-1.0
	25709.99999999	7.89708		-1.51012  0.2  0.2		4.1705503158		-1.0
	25739.99999999	7.25465		-1.36625  0.2  0.2		4.1705503158		-1.0
	25769.99999999	6.68113		-1.08481  0.2  0.2		4.1705503158		-1.0
	25799.99999999	5.96771		-0.97379  0.2  0.2		4.1705503158		-1.0
	25829.99999999	5.47301		-0.51684  0.2  0.2		4.1705503158		-1.0
	25859.99999999	5.90231		-0.14319  0.2  0.2		4.1705503158		-1.0
	25889.99999999	6.64459		-0.15886  0.2  0.2		4.1705503158		-1.0
	25919.99999999	7.09869		-0.30897  0.2  0.2		4.1705503158		-1.0
	25949.99999999	7.36983		-0.18945  0.2  0.2		4.1705503158		-1.0
	25979.99999999	7.83151		-0.29419  0.2  0.2		4.1705503158		-1.0
	26009.99999999	8.60939		-0.02096  0.2  0.2		4.1705503158		-1.0
	26039.99999999	9.26786		-0.44787  0.2  0.2		4.1705503158		-1.0
	26069.99999999	9.38739		-0.99347  0.2  0.2		4.1705503158		-1.0
	26099.99999999	9.73264		-1.63173  0.2  0.2		4.1705503158		-1.0
	26129.99999999	10.3628		-1.9003  0.2  0.2		4.1705503158		-1.0
	26159.99999999	11.23542		-1.83152  0.2  0.2		4.1705503158		-1.0
	26189.99999999	12.07452		-1.9075  0.2  0.2		4.1705503158		-1.0
	26219.99999999	11.3497		-1.57469  0.2  0.2		4.1705503158		-1.0
	26249.99999999	10.64313		-1.49223  0.2  0.2		4.1705503158		-1.0
	26279.99999999	9.77603		-1.32074  0.2  0.2		4.1705503158		-1.0
	26309.99999999	9.34877		-1.3724  0.2  0.2		4.1705503158		-1.0
	26339.99999999	8.62904		-1.53161  0.2  0.2		4.1705503158		-1.0
	26369.99999999	8.4718		-1.28356  0.2  0.2		4.1705503158		-1.0
	26399.99999999	8.32496		-1.44729  0.2  0.2		4.1705503158		-1.0
	26429.99999999	8.32317		-1.71932  0.2  0.2		4.1705503158		-1.0
	26459.99999999	8.37985		-1.83776  0.2  0.2		4.1705503158		-1.0
	26489.99999999	8.8267		-1.93492  0.2  0.2		4.1705503158		-1.0
	26519.99999999	9.70094		-2.01877  0.2  0.2		4.1705503158		-1.0
	26549.99999999	10.1162		-1.92667  0.2  0.2		4.1705503158		-1.0
	26579.99999999	9.83033		-1.85683  0.2  0.2		4.1705503158		-1.0
	26609.99999999	9.29072		-1.73741  0.2  0.2		4.1705503158		-1.0
	26639.99999999	8.35894		-1.56227  0.2  0.2		4.1705503158		-1.0
	26669.99999999	7.95806		-0.98155  0.2  0.2		4.1705503158		-1.0
	26699.99999999	7.30041		-0.51501  0.2  0.2		4.1705503158		-1.0
	26729.99999999	6.78396		-0.40053  0.2  0.2		4.1705503158		-1.0
	26759.99999999	6.06907		-0.21859  0.2  0.2		4.1705503158		-1.0
	26789.99999999	5.75687		-0.18805  0.2  0.2		4.1705503158		-1.0
	26819.99999999	5.15075		-0.13671  0.2  0.2		4.1705503158		-1.0
	26849.99999999	5.02658		-0.23085  0.2  0.2		4.1705503158		-1.0
	26879.99999999	5.43215		0.09664  0.2  0.2		4.1705503158		-1.0
	26909.99999999	5.98828		0.34699  0.2  0.2		4.1705503158		-1.0
	26939.99999999	5.78991		0.63109  0.2  0.2		4.1705503158		-1.0
	26969.99999999	4.98595		0.83907  0.2  0.2		4.1705503158		-1.0
	26999.99999999	4.78431		0.94404  0.2  0.2		4.1705503158		-1.0
	27029.99999999	5.5487		0.82488  0.2  0.2		4.1705503158		-1.0
	27059.99999999	6.64434		0.59408  0.2  0.2		4.1705503158		-1.0
	27089.99999999	7.71012		0.31188  0.2  0.2		4.1705503158		-1.0
	27119.99999999	8.55901		-0.11227  0.2  0.2		4.1705503158		-1.0
	27149.99999999	9.2778		-0.30563  0.2  0.2		4.1705503158		-1.0
	27179.99999999	9.94805		-0.48799  0.2  0.2		4.1705503158		-1.0
	27209.99999999	10.35826		-0.54041  0.2  0.2		4.1705503158		-1.0
	27239.99999998	10.85429		-0.59667  0.2  0.2		4.1705503158		-1.0
	27269.99999998	11.44675		-1.07056  0.2  0.2		4.1705503158		-1.0
	27299.99999998	11.9495		-1.39837  0.2  0.2		4.1705503158		-1.0
	27329.99999998	11.80907		-1.38639  0.2  0.2		4.1705503158		-1.0
	27359.99999998	10.67929		-1.1526  0.2  0.2		4.1705503158		-1.0
	27389.99999998	9.50991		-0.73197  0.2  0.2		4.1705503158		-1.0
	27419.99999998	8.49632		-0.41197  0.2  0.2		4.1705503158		-1.0
	27449.99999998	7.70415		0.16491  0.2  0.2		4.1705503158		-1.0
	27479.99999998	7.7545		0.86522  0.2  0.2		4.1705503158		-1.0
	27509.99999998	7.62323		1.05914  0.2  0.2		4.1705503158		-1.0
	27539.99999998	7.25637		1.11715  0.2  0.2		4.1705503158		-1.0
	27569.99999998	6.76199		1.03282  0.2  0.2		4.1705503158		-1.0
	27599.99999998	6.17125		0.01058  0.2  0.2		4.1705503158		-1.0
	27629.99999998	6.3027		-0.60391  0.2  0.2		4.1705503158		-1.0
	27659.99999998	6.5782		-0.98532  0.2  0.2		4.1705503158		-1.0
	27689.99999998	7.04261		-0.67113  0.2  0.2		4.1705503158		-1.0
	27719.99999998	7.65993		-0.78768  0.2  0.2		4.1705503158		-1.0
	27749.99999998	7.54291		-0.89365  0.2  0.2		4.1705503158		-1.0
	27779.99999998	8.03068		-0.93954  0.2  0.2		4.1705503158		-1.0
	27809.99999998	8.57844		-0.8368  0.2  0.2		4.1705503158		-1.0
	27839.99999998	9.23372		-0.61785  0.2  0.2		4.1705503158		-1.0
	27869.99999998	10.20924		-0.83873  0.2  0.2		4.1705503158		-1.0
	27899.99999998	9.92245		-0.76818  0.2  0.2		4.1705503158		-1.0
	27929.99999998	9.62145		-0.83769  0.2  0.2		4.1705503158		-1.0
	27959.99999998	8.94537		-0.87786  0.2  0.2		4.1705503158		-1.0
	27989.99999998	8.57644		-0.92558  0.2  0.2		4.1705503158		-1.0
	28019.99999998	8.61298		-0.89216  0.2  0.2		4.1705503158		-1.0
	28049.99999998	8.40917		-1.03309  0.2  0.2		4.1705503158		-1.0
	28079.99999998	8.60839		-1.15485  0.2  0.2		4.1705503158		-1.0
	28109.99999998	9.22578		-1.38232  0.2  0.2		4.1705503158		-1.0
	28139.99999998	9.54017		-1.40394  0.2  0.2		4.1705503158		-1.0
	28169.99999998	9.44667		-1.08759  0.2  0.2		4.1705503158		-1.0
	28199.99999998	8.86374		-1.09407  0.2  0.2		4.1705503158		-1.0
	28229.99999998	8.82079		-1.31623  0.2  0.2		4.1705503158		-1.0
	28259.99999998	9.22542		-1.61932  0.2  0.2		4.1705503158		-1.0
	28289.99999998	8.8797		-1.59951  0.2  0.2		4.1705503158		-1.0
	28319.99999998	8.71257		-1.55855  0.2  0.2		4.1705503158		-1.0
	28349.99999998	8.81831		-1.45817  0.2  0.2		4.1705503158		-1.0
	28379.99999998	9.54702		-1.30176  0.2  0.2		4.1705503158		-1.0
	28409.99999998	10.28735		-1.21798  0.2  0.2		4.1705503158		-1.0
	28439.99999998	10.47917		-1.41416  0.2  0.2		4.1705503158		-1.0
	28469.99999998	9.8965		-1.27424  0.2  0.2		4.1705503158		-1.0
	28499.99999998	9.69403		-0.90005  0.2  0.2		4.1705503158		-1.0
	28529.99999998	10.33775		-0.87884  0.2  0.2		4.1705503158		-1.0
	28559.99999998	10.86782		-1.0167  0.2  0.2		4.1705503158		-1.0
	28589.99999998	11.12184		-1.11718  0.2  0.2		4.1705503158		-1.0
	28619.99999998	10.9178		-1.051  0.2  0.2		4.1705503158		-1.0
	28649.99999998	10.8216		-0.88984  0.2  0.2		4.1705503158		-1.0
	28679.99999998	10.37378		-0.9239  0.2  0.2		4.1705503158		-1.0
	28709.99999998	10.39837		-0.55351  0.2  0.2		4.1705503158		-1.0
	28739.99999998	10.57157		-0.34907  0.2  0.2		4.1705503158		-1.0
	28769.99999998	11.23054		-0.56532  0.2  0.2		4.1705503158		-1.0
	28799.99999998	12.11014		-0.70367  0.2  0.2		4.1705503158		-1.0
	28829.99999998	11.73658		-0.84677  0.2  0.2		4.1705503158		-1.0
	28859.99999998	11.40676		-1.00888  0.2  0.2		4.1705503158		-1.0
	28889.99999998	11.46967		-1.05378  0.2  0.2		4.1705503158		-1.0
	28919.99999998	11.7832		-0.99844  0.2  0.2		4.1705503158		-1.0
	28949.99999998	11.78139		-0.90388  0.2  0.2		4.1705503158		-1.0
	28979.99999998	11.7773		-0.43146  0.2  0.2		4.1705503158		-1.0
	29009.99999998	11.86573		0.00012  0.2  0.2		4.1705503158		-1.0
	29039.99999998	11.79929		0.44267  0.2  0.2		4.1705503158		-1.0
	29069.99999998	10.94991		0.35184  0.2  0.2		4.1705503158		-1.0
	29099.99999998	10.11108		0.19246  0.2  0.2		4.1705503158		-1.0
	29129.99999998	10.16679		0.06636  0.2  0.2		4.1705503158		-1.0
	29159.99999998	10.15988		-0.28406  0.2  0.2		4.1705503158		-1.0
	29189.99999998	10.11126		-0.32559  0.2  0.2		4.1705503158		-1.0
	29219.99999998	9.5785		-0.26443  0.2  0.2		4.1705503158		-1.0
	29249.99999998	9.07434		0.17904  0.2  0.2		4.1705503158		-1.0
	29279.99999998	8.58323		0.45691  0.2  0.2		4.1705503158		-1.0
	29309.99999998	7.9244		0.28858  0.2  0.2		4.1705503158		-1.0
	29339.99999998	8.09026		1.1331  0.2  0.2		4.1705503158		-1.0
	29369.99999998	8.72532		1.43873  0.2  0.2		4.1705503158		-1.0
	29399.99999998	8.96089		1.86965  0.2  0.2		4.1705503158		-1.0
	29429.99999998	9.47512		2.37007  0.2  0.2		4.1705503158		-1.0
	29459.99999998	9.84249		2.32435  0.2  0.2		4.1705503158		-1.0
	29489.99999998	10.33301		2.02661  0.2  0.2		4.1705503158		-1.0
	29519.99999998	10.42165		2.23888  0.2  0.2		4.1705503158		-1.0
	29549.99999998	10.54342		2.97503  0.2  0.2		4.1705503158		-1.0
	29579.99999998	10.40202		-2.84902  0.2  0.2		4.1705503158		-1.0
	29609.99999998	10.72925		-2.35342  0.2  0.2		4.1705503158		-1.0
	29639.99999998	10.93424		2.72696  0.2  0.2		4.1705503158		-1.0
	29669.99999998	11.00953		-2.94291  0.2  0.2		4.1705503158		-1.0
	29699.99999998	11.24156		-2.41286  0.2  0.2		4.1705503158		-1.0
	29729.99999998	11.56839		-2.04097  0.2  0.2		4.1705503158		-1.0
	29759.99999998	11.74071		-1.86675  0.2  0.2		4.1705503158		-1.0
	29789.99999998	12.1058		-1.81161  0.2  0.2		4.1705503158		-1.0
	29819.99999998	12.02002		-1.52722  0.2  0.2		4.1705503158		-1.0
	29849.99999998	11.52301		-1.33516  0.2  0.2		4.1705503158		-1.0
	29879.99999998	10.76507		-1.37463  0.2  0.2		4.1705503158		-1.0
	29909.99999998	10.19172		-1.45572  0.2  0.2		4.1705503158		-1.0
	29939.99999998	9.53308		-2.04973  0.2  0.2		4.1705503158		-1.0
	29969.99999998	8.72478		-2.40292  0.2  0.2		4.1705503158		-1.0
	29999.99999998	8.16536		-2.69943  0.2  0.2		4.1705503158		-1.0
	30029.99999998	7.67545		-3.11292  0.2  0.2		4.1705503158		-1.0
	30059.99999998	7.50235		2.42969  0.2  0.2		4.1705503158		-1.0
	30089.99999998	7.38885		2.16928  0.2  0.2		4.1705503158		-1.0
	30119.99999998	6.93902		2.11943  0.2  0.2		4.1705503158		-1.0
