	30.00000000	3.00474		0.95818  0.2  0.2		4.1705503158		-1.0
	60.00000000	3.02146		0.75517  0.2  0.2		4.1705503158		-1.0
	90.00000000	2.99658		0.67055  0.2  0.2		4.1705503158		-1.0
	120.00000000	3.00471		0.64499  0.2  0.2		4.1705503158		-1.0
	150.00000000	2.88946		0.64778  0.2  0.2		4.1705503158		-1.0
	180.00000000	2.86581		0.70327  0.2  0.2		4.1705503158		-1.0
	210.00000000	2.9944		0.82065  0.2  0.2		4.1705503158		-1.0
	240.00000000	3.0281		1.1645  0.2  0.2		4.1705503158		-1.0
	270.00000000	2.82027		1.16294  0.2  0.2		4.1705503158		-1.0
	300.00000000	2.83175		1.01925  0.2  0.2		4.1705503158		-1.0
	330.00000000	3.12113		0.95485  0.2  0.2		4.1705503158		-1.0
	360.00000000	3.13752		1.12475  0.2  0.2		4.1705503158		-1.0
	390.00000000	2.77954		1.45632  0.2  0.2		4.1705503158		-1.0
	420.00000000	2.78215		1.43441  0.2  0.2		4.1705503158		-1.0
	450.00000000	3.05198		1.38712  0.2  0.2		4.1705503158		-1.0
	480.00000000	3.24616		1.23442  0.2  0.2		4.1705503158		-1.0
	510.00000000	2.89275		1.15001  0.2  0.2		4.1705503158		-1.0
	540.00000000	2.79838		1.49243  0.2  0.2		4.1705503158		-1.0
	570.00000000	2.96493		1.50575  0.2  0.2		4.1705503158		-1.0
	600.00000000	3.07413		1.29365  0.2  0.2		4.1705503158		-1.0
	630.00000000	2.72178		1.06147  0.2  0.2		4.1705503158		-1.0
	660.00000000	2.99419		0.77244  0.2  0.2		4.1705503158		-1.0
	690.00000000	3.0019		0.46117  0.2  0.2		4.1705503158		-1.0
	720.00000000	2.88663		-0.14575  0.2  0.2		4.1705503158		-1.0
	750.00000000	2.9674		-0.63701  0.2  0.2		4.1705503158		-1.0
	780.00000000	2.95247		-1.10768  0.2  0.2		4.1705503158		-1.0
	810.00000000	3.01113		-1.1611  0.2  0.2		4.1705503158		-1.0
	840.00000000	2.98038		-1.04932  0.2  0.2		4.1705503158		-1.0
	870.00000000	2.95032		-0.57374  0.2  0.2		4.1705503158		-1.0
	900.00000000	2.89285		0.10605  0.2  0.2		4.1705503158		-1.0
	930.00000000	2.97785		0.38434  0.2  0.2		4.1705503158		-1.0
	960.00000000	3.09475		0.13136  0.2  0.2		4.1705503158		-1.0
	990.00000000	3.0077		-0.2866  0.2  0.2		4.1705503158		-1.0
	1020.00000000	2.78736		-0.89498  0.2  0.2		4.1705503158		-1.0
	1050.00000000	2.86511		-1.15995  0.2  0.2		4.1705503158		-1.0
	1080.00000000	2.90471		-1.30876  0.2  0.2		4.1705503158		-1.0
	1110.00000000	2.96737		-1.28528  0.2  0.2		4.1705503158		-1.0
	1140.00000000	2.80271		-1.49894  0.2  0.2		4.1705503158		-1.0
	1170.00000000	3.0313		-1.46289  0.2  0.2		4.1705503158		-1.0
	1200.00000000	3.2659		-1.27519  0.2  0.2		4.1705503158		-1.0
	1230.00000000	2.77972		-1.11644  0.2  0.2		4.1705503158		-1.0
	1260.00000000	2.91627		-0.80275  0.2  0.2		4.1705503158		-1.0
	1290.00000000	3.17298		-0.6392  0.2  0.2		4.1705503158		-1.0
	1320.00000000	2.98247		-0.51411  0.2  0.2		4.1705503158		-1.0
	1350.00000000	2.83996		-0.56124  0.2  0.2		4.1705503158		-1.0
	1380.00000000	2.77755		-0.63478  0.2  0.2		4.1705503158		-1.0
	1410.00000000	3.13313		-0.78259  0.2  0.2		4.1705503158		-1.0
	1440.00000000	3.00003		-1.02651  0.2  0.2		4.1705503158		-1.0
	1470.00000000	2.67124		-1.56162  0.2  0.2		4.1705503158		-1.0
	1500.00000000	2.82236		-1.72599  0.2  0.2		4.1705503158		-1.0
	1530.00000000	3.02665		-1.55081  0.2  0.2		4.1705503158		-1.0
	1560.00000000	3.24386		-1.44068  0.2  0.2		4.1705503158		-1.0
	1590.00000000	2.78765		-1.5935  0.2  0.2		4.1705503158		-1.0
	1620.00000000	2.90893		-1.96621  0.2  0.2		4.1705503158		-1.0
	1650.00000000	2.97685		-2.24797  0.2  0.2		4.1705503158		-1.0
	1680.00000000	2.92682		-2.05431  0.2  0.2		4.1705503158		-1.0
	1710.00000000	2.9708		-2.08713  0.2  0.2		4.1705503158		-1.0
	1740.00000000	3.00261		-1.76035  0.2  0.2		4.1705503158		-1.0
	1770.00000000	2.83523		-1.83122  0.2  0.2		4.1705503158		-1.0
	1800.00000000	2.98005		-1.83817  0.2  0.2		4.1705503158		-1.0
	1830.00000000	2.7525		-1.92821  0.2  0.2		4.1705503158		-1.0
	1860.00000000	3.06774		-2.12328  0.2  0.2		4.1705503158		-1.0
	1890.00000000	2.92456		-2.08406  0.2  0.2		4.1705503158		-1.0
	1920.00000000	3.01978		-2.05058  0.2  0.2		4.1705503158		-1.0
	1950.00000000	2.85411		-2.25877  0.2  0.2		4.1705503158		-1.0
	1980.00000000	2.92621		-2.56065  0.2  0.2		4.1705503158		-1.0
	2010.00000000	3.02904		-2.71177  0.2  0.2		4.1705503158		-1.0
	2040.00000000	2.96364		-2.52147  0.2  0.2		4.1705503158		-1.0
	2070.00000000	2.76732		-2.62212  0.2  0.2		4.1705503158		-1.0
	2100.00000000	2.86236		-2.80079  0.2  0.2		4.1705503158		-1.0
	2130.00000000	3.05136		-2.93246  0.2  0.2		4.1705503158		-1.0
	2160.00000000	2.98462		-3.07894  0.2  0.2		4.1705503158		-1.0
	2190.00000000	2.9892		-2.97375  0.2  0.2		4.1705503158		-1.0
	2220.00000000	2.8758		-2.87133  0.2  0.2		4.1705503158		-1.0
	2250.00000000	2.79917		-3.02716  0.2  0.2		4.1705503158		-1.0
	2280.00000000	2.85355		-3.12915  0.2  0.2		4.1705503158		-1.0
	2310.00000000	2.841		-3.06411  0.2  0.2		4.1705503158		-1.0
	2340.00000000	3.03793		-2.89092  0.2  0.2		4.1705503158		-1.0
	2370.00000000	2.79091		-2.76324  0.2  0.2		4.1705503158		-1.0
	2400.00000000	3.14352		-2.57589  0.2  0.2		4.1705503158		-1.0
	2430.00000000	2.77775		-2.4427  0.2  0.2		4.1705503158		-1.0
	2460.00000000	3.04864		-2.57947  0.2  0.2		4.1705503158		-1.0
	2490.00000000	2.81488		-2.64759  0.2  0.2		4.1705503158		-1.0
	2520.00000000	3.1008		-2.29999  0.2  0.2		4.1705503158		-1.0
	2550.00000000	2.78924		-2.38481  0.2  0.2		4.1705503158		-1.0
	2580.00000000	2.8615		-2.38977  0.2  0.2		4.1705503158		-1.0
	2610.00000000	2.85408		-2.29378  0.2  0.2		4.1705503158		-1.0
	2640.00000000	2.83355		-2.20076  0.2  0.2		4.1705503158		-1.0
	2670.00000000	2.77731		-2.15675  0.2  0.2		4.1705503158		-1.0
	2700.00000000	3.21145		-1.99223  0.2  0.2		4.1705503158		-1.0
	2730.00000000	2.80753		-1.71032  0.2  0.2		4.1705503158		-1.0
	2760.00000000	2.94939		-1.60617  0.2  0.2		4.1705503158		-1.0
	2790.00000000	3.15293		-1.69171  0.2  0.2		4.1705503158		-1.0
	2820.00000000	2.89071		-1.65764  0.2  0.2		4.1705503158		-1.0
	2850.00000000	2.91284		-1.48693  0.2  0.2		4.1705503158		-1.0
	2880.00000000	2.67462		-1.13126  0.2  0.2		4.1705503158		-1.0
	2910.00000000	2.99696		-1.07644  0.2  0.2		4.1705503158		-1.0
	2940.00000000	2.75785		-0.9115  0.2  0.2		4.1705503158		-1.0
	2970.00000000	2.84492		-0.56229  0.2  0.2		4.1705503158		-1.0
	3000.00000000	2.86265		-0.35002  0.2  0.2		4.1705503158		-1.0
	3030.00000000	2.95767		-0.08874  0.2  0.2		4.1705503158		-1.0
	3060.00000000	3.04739		0.164  0.2  0.2		4.1705503158		-1.0
	3090.00000000	3.01619		0.40155  0.2  0.2		4.1705503158		-1.0
	3120.00000000	3.2167		0.47136  0.2  0.2		4.1705503158		-1.0
	3150.00000000	2.7924		0.11871  0.2  0.2		4.1705503158		-1.0
	3180.00000000	3.03386		-0.3076  0.2  0.2		4.1705503158		-1.0
	3210.00000000	3.12571		-0.24038  0.2  0.2		4.1705503158		-1.0
	3240.00000000	2.70697		-0.27045  0.2  0.2		4.1705503158		-1.0
	3270.00000000	3.23947		-0.70146  0.2  0.2		4.1705503158		-1.0
	3300.00000000	2.82698		-1.17217  0.2  0.2		4.1705503158		-1.0
	3330.00000000	2.74215		-1.32006  0.2  0.2		4.1705503158		-1.0
	3360.00000000	3.03777		-1.35588  0.2  0.2		4.1705503158		-1.0
	3390.00000000	3.15038		-1.16261  0.2  0.2		4.1705503158		-1.0
	3420.00000000	3.21886		-0.91449  0.2  0.2		4.1705503158		-1.0
	3450.00000000	2.90806		-0.75617  0.2  0.2		4.1705503158		-1.0
	3480.00000000	3.19336		-0.81095  0.2  0.2		4.1705503158		-1.0
	3510.00000000	2.65517		-1.03714  0.2  0.2		4.1705503158		-1.0
	3540.00000000	2.82167		-1.6308  0.2  0.2		4.1705503158		-1.0
	3570.00000000	3.00385		-1.62135  0.2  0.2		4.1705503158		-1.0
	3600.00000000	3.04708		-1.61773  0.2  0.2		4.1705503158		-1.0
	3630.00000000	3.38854		-1.49448  0.2  0.2		4.1705503158		-1.0
	3660.00000000	2.69027		-1.32009  0.2  0.2		4.1705503158		-1.0
	3690.00000000	2.75001		-1.54834  0.2  0.2		4.1705503158		-1.0
	3720.00000000	2.75429		-1.3853  0.2  0.2		4.1705503158		-1.0
	3750.00000000	2.84085		-0.64547  0.2  0.2		4.1705503158		-1.0
	3780.00000000	2.79831		-0.50664  0.2  0.2		4.1705503158		-1.0
	3810.00000000	3.18691		-0.63051  0.2  0.2		4.1705503158		-1.0
	3840.00000000	2.925		-0.44413  0.2  0.2		4.1705503158		-1.0
	3870.00000000	2.86908		-0.05866  0.2  0.2		4.1705503158		-1.0
	3900.00000000	2.87518		0.41449  0.2  0.2		4.1705503158		-1.0
	3930.00000000	2.77567		0.71863  0.2  0.2		4.1705503158		-1.0
	3960.00000000	2.84286		0.92188  0.2  0.2		4.1705503158		-1.0
	3990.00000000	2.83408		1.22231  0.2  0.2		4.1705503158		-1.0
	4020.00000000	2.96041		1.29932  0.2  0.2		4.1705503158		-1.0
	4050.00000000	2.95244		1.54708  0.2  0.2		4.1705503158		-1.0
	4080.00000000	2.74876		1.69011  0.2  0.2		4.1705503158		-1.0
	4110.00000000	2.84234		1.7699  0.2  0.2		4.1705503158		-1.0
	4140.00000000	2.96529		1.76575  0.2  0.2		4.1705503158		-1.0
	4170.00000000	2.91458		1.86481  0.2  0.2		4.1705503158		-1.0
	4200.00000000	2.90982		2.06622  0.2  0.2		4.1705503158		-1.0
	4230.00000000	2.96735		1.99357  0.2  0.2		4.1705503158		-1.0
	4260.00000000	2.88113		2.17698  0.2  0.2		4.1705503158		-1.0
	4290.00000000	2.8404		2.528  0.2  0.2		4.1705503158		-1.0
	4320.00000000	2.87741		2.71888  0.2  0.2		4.1705503158		-1.0
	4350.00000000	3.01199		2.76436  0.2  0.2		4.1705503158		-1.0
	4380.00000000	2.97125		2.80934  0.2  0.2		4.1705503158		-1.0
	4410.00000000	2.80007		2.71987  0.2  0.2		4.1705503158		-1.0
	4440.00000000	2.86952		2.42467  0.2  0.2		4.1705503158		-1.0
	4470.00000000	3.02953		2.25554  0.2  0.2		4.1705503158		-1.0
	4500.00000000	2.92249		2.34239  0.2  0.2		4.1705503158		-1.0
	4530.00000000	3.00105		2.26306  0.2  0.2		4.1705503158		-1.0
	4560.00000000	2.83361		2.29067  0.2  0.2		4.1705503158		-1.0
	4590.00000000	3.03342		2.52827  0.2  0.2		4.1705503158		-1.0
	4620.00000000	2.99577		2.57007  0.2  0.2		4.1705503158		-1.0
	4650.00000000	2.90881		2.76  0.2  0.2		4.1705503158		-1.0
	4680.00000000	2.98422		2.95497  0.2  0.2		4.1705503158		-1.0
	4710.00000000	2.77133		3.05013  0.2  0.2		4.1705503158		-1.0
	4740.00000000	3.07641		2.75388  0.2  0.2		4.1705503158		-1.0
	4770.00000000	2.91654		2.75697  0.2  0.2		4.1705503158		-1.0
	4800.00000000	2.96811		2.97492  0.2  0.2		4.1705503158		-1.0
	4830.00000000	2.99779		2.80678  0.2  0.2		4.1705503158		-1.0
	4860.00000000	3.14995		2.66598  0.2  0.2		4.1705503158		-1.0
	4890.00000000	3.21752		2.65687  0.2  0.2		4.1705503158		-1.0
	4920.00000000	2.72612		2.39199  0.2  0.2		4.1705503158		-1.0
	4950.00000000	3.09943		2.17035  0.2  0.2		4.1705503158		-1.0
	4980.00000000	3.08829		2.11084  0.2  0.2		4.1705503158		-1.0
	5010.00000000	3.13882		2.07418  0.2  0.2		4.1705503158		-1.0
	5040.00000000	2.87973		1.84328  0.2  0.2		4.1705503158		-1.0
	5070.00000000	3.31806		1.54903  0.2  0.2		4.1705503158		-1.0
	5100.00000000	2.77985		1.57248  0.2  0.2		4.1705503158		-1.0
	5130.00000000	3.15907		1.77228  0.2  0.2		4.1705503158		-1.0
	5160.00000000	2.67335		1.80982  0.2  0.2		4.1705503158		-1.0
	5190.00000000	2.85532		1.95773  0.2  0.2		4.1705503158		-1.0
	5220.00000000	2.98107		2.07664  0.2  0.2		4.1705503158		-1.0
	5250.00000000	2.97659		1.98543  0.2  0.2		4.1705503158		-1.0
	5280.00000000	3.16007		1.66331  0.2  0.2		4.1705503158		-1.0
	5310.00000000	2.88869		1.52027  0.2  0.2		4.1705503158		-1.0
	5340.00000000	2.81828		1.91001  0.2  0.2		4.1705503158		-1.0
	5370.00000000	2.78199		2.27231  0.2  0.2		4.1705503158		-1.0
	5400.00000000	2.75297		2.35085  0.2  0.2		4.1705503158		-1.0
	5430.00000000	2.90499		2.39388  0.2  0.2		4.1705503158		-1.0
	5460.00000000	2.73419		2.56918  0.2  0.2		4.1705503158		-1.0
	5490.00000000	2.66962		2.67647  0.2  0.2		4.1705503158		-1.0
	5520.00000000	2.70246		2.68226  0.2  0.2		4.1705503158		-1.0
	5550.00000000	2.77846		2.92042  0.2  0.2		4.1705503158		-1.0
	5580.00000000	3.02074		3.08278  0.2  0.2		4.1705503158		-1.0
	5610.00000000	3.10938		3.05255  0.2  0.2		4.1705503158		-1.0
	5640.00000000	3.06477		3.09749  0.2  0.2		4.1705503158		-1.0
	5670.00000000	2.80163		3.11579  0.2  0.2		4.1705503158		-1.0
	5700.00000000	3.22818		3.1106  0.2  0.2		4.1705503158		-1.0
	5730.00000000	2.87667		-3.12787  0.2  0.2		4.1705503158		-1.0
	5760.00000000	2.75605		-3.03465  0.2  0.2		4.1705503158		-1.0
	5790.00000000	2.8342		-2.94885  0.2  0.2		4.1705503158		-1.0
	5820.00000000	2.92836		-2.72857  0.2  0.2		4.1705503158		-1.0
	5850.00000000	3.03625		-2.62476  0.2  0.2		4.1705503158		-1.0
	5880.00000000	2.67916		-2.8615  0.2  0.2		4.1705503158		-1.0
	5910.00000000	3.27642		-2.98546  0.2  0.2		4.1705503158		-1.0
	5940.00000000	3.20101		-3.02341  0.2  0.2		4.1705503158		-1.0
	5970.00000000	3.1598		-2.93753  0.2  0.2		4.1705503158		-1.0
	6000.00000000	3.00092		-2.73097  0.2  0.2		4.1705503158		-1.0
	6030.00000000	3.16962		-2.58361  0.2  0.2		4.1705503158		-1.0
	6060.00000000	3.22504		-2.55547  0.2  0.2		4.1705503158		-1.0
	6090.00000000	3.1367		-2.52638  0.2  0.2		4.1705503158		-1.0
	6120.00000000	3.09647		-2.32728  0.2  0.2		4.1705503158		-1.0
	6150.00000000	3.3294		-2.32467  0.2  0.2		4.1705503158		-1.0
	6180.00000000	3.26054		-2.278  0.2  0.2		4.1705503158		-1.0
	6210.00000000	3.26812		-2.25945  0.2  0.2		4.1705503158		-1.0
	6240.00000000	3.21756		-2.18912  0.2  0.2		4.1705503158		-1.0
	6270.00000000	3.30974		-2.02298  0.2  0.2		4.1705503158		-1.0
	6300.00000000	3.21078		-1.54133  0.2  0.2		4.1705503158		-1.0
	6330.00000000	3.1988		-1.54775  0.2  0.2		4.1705503158		-1.0
	6360.00000000	3.14201		-1.92945  0.2  0.2		4.1705503158		-1.0
	6390.00000000	2.7348		-2.17157  0.2  0.2		4.1705503158		-1.0
	6420.00000000	3.02265		-2.26564  0.2  0.2		4.1705503158		-1.0
	6450.00000000	2.944		-2.35938  0.2  0.2		4.1705503158		-1.0
	6480.00000000	2.64808		-2.35997  0.2  0.2		4.1705503158		-1.0
	6510.00000000	3.16866		-2.3916  0.2  0.2		4.1705503158		-1.0
	6540.00000000	3.35657		-2.3336  0.2  0.2		4.1705503158		-1.0
	6570.00000000	3.45495		-2.17156  0.2  0.2		4.1705503158		-1.0
	6600.00000000	3.27042		-1.97335  0.2  0.2		4.1705503158		-1.0
	6630.00000000	3.20772		-1.69798  0.2  0.2		4.1705503158		-1.0
	6660.00000000	3.04146		-1.8131  0.2  0.2		4.1705503158		-1.0
	6690.00000000	2.77034		-2.10241  0.2  0.2		4.1705503158		-1.0
	6720.00000000	2.81858		-2.35521  0.2  0.2		4.1705503158		-1.0
	6750.00000000	2.79809		-2.5206  0.2  0.2		4.1705503158		-1.0
	6780.00000000	3.30963		-2.74551  0.2  0.2		4.1705503158		-1.0
	6810.00000000	3.16666		-2.72166  0.2  0.2		4.1705503158		-1.0
	6840.00000000	3.28156		-2.80749  0.2  0.2		4.1705503158		-1.0
	6870.00000000	2.9436		-3.03565  0.2  0.2		4.1705503158		-1.0
	6900.00000000	3.05948		3.0076  0.2  0.2		4.1705503158		-1.0
	6930.00000000	3.2162		2.92745  0.2  0.2		4.1705503158		-1.0
	6960.00000000	3.26984		2.86845  0.2  0.2		4.1705503158		-1.0
	6990.00000000	3.4219		2.74542  0.2  0.2		4.1705503158		-1.0
	7020.00000000	3.29421		2.48434  0.2  0.2		4.1705503158		-1.0
	7050.00000000	3.08538		2.579  0.2  0.2		4.1705503158		-1.0
	7080.00000000	3.49786		2.54697  0.2  0.2		4.1705503158		-1.0
	7110.00000000	2.98874		2.46744  0.2  0.2		4.1705503158		-1.0
	7140.00000000	3.55626		2.42358  0.2  0.2		4.1705503158		-1.0
	7170.00000000	2.74199		2.48037  0.2  0.2		4.1705503158		-1.0
	7200.00000000	2.96392		2.47889  0.2  0.2		4.1705503158		-1.0
	7230.00000000	3.47898		2.61935  0.2  0.2		4.1705503158		-1.0
	7260.00000000	3.23027		2.64426  0.2  0.2		4.1705503158		-1.0
	7290.00000000	3.22129		2.76994  0.2  0.2		4.1705503158		-1.0
	7320.00000000	2.60211		2.81215  0.2  0.2		4.1705503158		-1.0
	7350.00000000	2.64694		2.96876  0.2  0.2		4.1705503158		-1.0
	7380.00000000	3.16387		-3.05662  0.2  0.2		4.1705503158		-1.0
	7410.00000000	3.34588		-3.0527  0.2  0.2		4.1705503158		-1.0
	7440.00000000	3.36807		-3.13915  0.2  0.2		4.1705503158		-1.0
	7470.00000000	3.45752		-3.0692  0.2  0.2		4.1705503158		-1.0
	7500.00000000	2.9214		-3.11554  0.2  0.2		4.1705503158		-1.0
	7530.00000000	2.79997		3.00581  0.2  0.2		4.1705503158		-1.0
	7560.00000000	2.70069		-3.12059  0.2  0.2		4.1705503158		-1.0
	7590.00000000	2.67688		-3.0246  0.2  0.2		4.1705503158		-1.0
	7620.00000000	2.63285		-2.73254  0.2  0.2		4.1705503158		-1.0
	7650.00000000	2.71653		-2.52181  0.2  0.2		4.1705503158		-1.0
	7680.00000000	2.7356		-2.74383  0.2  0.2		4.1705503158		-1.0
	7710.00000000	2.80949		-2.946  0.2  0.2		4.1705503158		-1.0
	7740.00000000	2.64333		-2.95475  0.2  0.2		4.1705503158		-1.0
	7770.00000000	2.76226		-2.68909  0.2  0.2		4.1705503158		-1.0
	7800.00000000	2.8409		-2.49895  0.2  0.2		4.1705503158		-1.0
	7830.00000000	2.7559		-2.38451  0.2  0.2		4.1705503158		-1.0
	7860.00000000	2.92486		-2.47793  0.2  0.2		4.1705503158		-1.0
	7890.00000000	2.57026		-2.53609  0.2  0.2		4.1705503158		-1.0
	7920.00000000	3.35646		-2.70192  0.2  0.2		4.1705503158		-1.0
	7950.00000000	3.29944		-2.86132  0.2  0.2		4.1705503158		-1.0
	7980.00000000	3.44977		-2.89445  0.2  0.2		4.1705503158		-1.0
	8010.00000000	3.52056		-2.921  0.2  0.2		4.1705503158		-1.0
	8040.00000000	3.30478		-2.98709  0.2  0.2		4.1705503158		-1.0
	8070.00000000	3.46226		3.04224  0.2  0.2		4.1705503158		-1.0
	8100.00000000	3.47796		2.95391  0.2  0.2		4.1705503158		-1.0
	8130.00000000	3.1833		3.04554  0.2  0.2		4.1705503158		-1.0
	8160.00000000	3.46888		2.85323  0.2  0.2		4.1705503158		-1.0
	8190.00000000	3.16197		2.7936  0.2  0.2		4.1705503158		-1.0
	8220.00000000	2.64952		2.78762  0.2  0.2		4.1705503158		-1.0
	8250.00000000	3.16277		2.70563  0.2  0.2		4.1705503158		-1.0
	8280.00000000	3.41394		2.52778  0.2  0.2		4.1705503158		-1.0
	8310.00000000	3.53883		2.12855  0.2  0.2		4.1705503158		-1.0
	8340.00000000	3.0631		2.22972  0.2  0.2		4.1705503158		-1.0
	8370.00000000	3.22752		2.15965  0.2  0.2		4.1705503158		-1.0
	8400.00000000	3.42084		1.92501  0.2  0.2		4.1705503158		-1.0
	8430.00000000	3.30289		1.8075  0.2  0.2		4.1705503158		-1.0
	8460.00000000	3.0379		1.62605  0.2  0.2		4.1705503158		-1.0
	8490.00000000	3.05709		1.53671  0.2  0.2		4.1705503158		-1.0
	8520.00000000	3.2749		1.5728  0.2  0.2		4.1705503158		-1.0
	8550.00000000	3.16721		1.69509  0.2  0.2		4.1705503158		-1.0
	8580.00000000	3.12708		1.51927  0.2  0.2		4.1705503158		-1.0
	8610.00000000	2.98126		1.34791  0.2  0.2		4.1705503158		-1.0
	8640.00000000	2.77721		1.0294  0.2  0.2		4.1705503158		-1.0
	8670.00000000	3.19424		0.76196  0.2  0.2		4.1705503158		-1.0
	8700.00000000	3.03652		0.77812  0.2  0.2		4.1705503158		-1.0
	8730.00000000	2.66069		0.74862  0.2  0.2		4.1705503158		-1.0
	8760.00000000	2.73544		0.60787  0.2  0.2		4.1705503158		-1.0
	8790.00000000	2.8726		0.34003  0.2  0.2		4.1705503158		-1.0
	8820.00000000	2.91048		-0.08454  0.2  0.2		4.1705503158		-1.0
	8850.00000000	2.97646		-0.08604  0.2  0.2		4.1705503158		-1.0
	8880.00000000	2.86947		0.29334  0.2  0.2		4.1705503158		-1.0
	8910.00000000	2.83721		0.3706  0.2  0.2		4.1705503158		-1.0
	8940.00000000	2.82291		0.33188  0.2  0.2		4.1705503158		-1.0
	8970.00000000	3.33597		0.14305  0.2  0.2		4.1705503158		-1.0
	9000.00000000	2.78183		-0.21488  0.2  0.2		4.1705503158		-1.0
	9030.00000000	2.96425		-0.49797  0.2  0.2		4.1705503158		-1.0
	9060.00000000	2.74648		-0.81853  0.2  0.2		4.1705503158		-1.0
	9090.00000000	2.97871		-1.01406  0.2  0.2		4.1705503158		-1.0
	9120.00000000	2.89794		-1.09809  0.2  0.2		4.1705503158		-1.0
	9150.00000000	3.23047		-0.92555  0.2  0.2		4.1705503158		-1.0
	9180.00000000	2.77506		-0.60662  0.2  0.2		4.1705503158		-1.0
	9210.00000000	3.41131		-0.33563  0.2  0.2		4.1705503158		-1.0
	9240.00000000	3.27128		-0.03931  0.2  0.2		4.1705503158		-1.0
	9270.00000000	3.04202		0.28821  0.2  0.2		4.1705503158		-1.0
	9300.00000000	3.24617		0.56451  0.2  0.2		4.1705503158		-1.0
	9330.00000000	2.83164		0.88246  0.2  0.2		4.1705503158		-1.0
	9360.00000000	2.7222		1.33073  0.2  0.2		4.1705503158		-1.0
	9390.00000000	2.71113		1.14312  0.2  0.2		4.1705503158		-1.0
	9420.00000000	2.78837		0.7436  0.2  0.2		4.1705503158		-1.0
	9450.00000000	2.85524		0.94653  0.2  0.2		4.1705503158		-1.0
	9480.00000000	2.68535		1.31662  0.2  0.2		4.1705503158		-1.0
	9510.00000000	3.15287		1.13978  0.2  0.2		4.1705503158		-1.0
	9540.00000000	3.28838		0.64323  0.2  0.2		4.1705503158		-1.0
	9570.00000000	3.04728		0.11954  0.2  0.2		4.1705503158		-1.0
	9600.00000000	3.02061		-0.27605  0.2  0.2		4.1705503158		-1.0
	9630.00000000	2.96424		-0.18718  0.2  0.2		4.1705503158		-1.0
	9660.00000000	2.95479		-0.06286  0.2  0.2		4.1705503158		-1.0
	9690.00000000	3.02925		0.06514  0.2  0.2		4.1705503158		-1.0
	9720.00000000	3.20802		0.38525  0.2  0.2		4.1705503158		-1.0
	9750.00000000	3.32976		0.82507  0.2  0.2		4.1705503158		-1.0
	9780.00000000	3.01929		1.15045  0.2  0.2		4.1705503158		-1.0
	9810.00000000	2.67454		1.22967  0.2  0.2		4.1705503158		-1.0
	9840.00000000	3.12285		1.02725  0.2  0.2		4.1705503158		-1.0
	9870.00000000	3.28514		0.89888  0.2  0.2		4.1705503158		-1.0
	9900.00000000	3.38355		0.64518  0.2  0.2		4.1705503158		-1.0
	9930.00000000	2.6475		0.37843  0.2  0.2		4.1705503158		-1.0
	9960.00000000	3.39881		0.23166  0.2  0.2		4.1705503158		-1.0
	9990.00000000	2.88277		0.1381  0.2  0.2		4.1705503158		-1.0
	10020.00000000	2.66038		-0.05699  0.2  0.2		4.1705503158		-1.0
	10020.00000000	2.66038		-0.05699  0.2  0.2		4.1705503158		-1.0
	10050.00000000	2.83715		-0.64584  0.2  0.2		4.1705503158		-1.0
	10080.00000000	2.76586		-1.18281  0.2  0.2		4.1705503158		-1.0
	10110.00000000	2.70546		-1.0702  0.2  0.2		4.1705503158		-1.0
	10140.00000000	2.74702		-0.83205  0.2  0.2		4.1705503158		-1.0
	10170.00000000	2.7515		-0.65294  0.2  0.2		4.1705503158		-1.0
	10200.00000000	2.77398		-0.61428  0.2  0.2		4.1705503158		-1.0
	10230.00000000	3.11762		-1.00607  0.2  0.2		4.1705503158		-1.0
	10260.00000000	2.86115		-1.30802  0.2  0.2		4.1705503158		-1.0
	10290.00000000	3.30476		-1.35113  0.2  0.2		4.1705503158		-1.0
	10320.00000000	3.03695		-1.11583  0.2  0.2		4.1705503158		-1.0
	10350.00000000	3.3899		-0.61123  0.2  0.2		4.1705503158		-1.0
	10380.00000000	3.41138		-0.22652  0.2  0.2		4.1705503158		-1.0
	10410.00000000	3.17688		-0.12508  0.2  0.2		4.1705503158		-1.0
	10440.00000000	3.1981		-0.09604  0.2  0.2		4.1705503158		-1.0
	10470.00000000	2.70294		0.15343  0.2  0.2		4.1705503158		-1.0
	10500.00000000	2.71255		0.55356  0.2  0.2		4.1705503158		-1.0
	10530.00000000	2.89251		0.47518  0.2  0.2		4.1705503158		-1.0
	10560.00000000	2.74086		0.26784  0.2  0.2		4.1705503158		-1.0
	10590.00000000	2.73644		-0.04823  0.2  0.2		4.1705503158		-1.0
	10620.00000000	2.77616		-0.38552  0.2  0.2		4.1705503158		-1.0
	10650.00000000	2.804		-0.30139  0.2  0.2		4.1705503158		-1.0
	10680.00000000	2.8183		-0.12462  0.2  0.2		4.1705503158		-1.0
	10710.00000000	2.76329		0.17305  0.2  0.2		4.1705503158		-1.0
	10740.00000000	2.96873		0.65679  0.2  0.2		4.1705503158		-1.0
	10770.00000000	2.5897		1.00213  0.2  0.2		4.1705503158		-1.0
	10800.00000000	3.22299		1.10305  0.2  0.2		4.1705503158		-1.0
	10830.00000001	3.32459		0.90439  0.2  0.2		4.1705503158		-1.0
	10860.00000001	3.22992		0.28099  0.2  0.2		4.1705503158		-1.0
	10890.00000001	3.42014		-0.33785  0.2  0.2		4.1705503158		-1.0
	10920.00000001	3.41856		-0.63516  0.2  0.2		4.1705503158		-1.0
	10950.00000001	3.10886		-1.04893  0.2  0.2		4.1705503158		-1.0
	10980.00000001	3.48317		-1.07723  0.2  0.2		4.1705503158		-1.0
	11010.00000001	3.44555		-0.99788  0.2  0.2		4.1705503158		-1.0
	11040.00000001	3.19589		-1.14998  0.2  0.2		4.1705503158		-1.0
	11070.00000001	3.36913		-1.00926  0.2  0.2		4.1705503158		-1.0
	11100.00000001	3.132		-0.75195  0.2  0.2		4.1705503158		-1.0
	11130.00000001	3.30537		-0.30429  0.2  0.2		4.1705503158		-1.0
	11160.00000001	3.22913		-0.07178  0.2  0.2		4.1705503158		-1.0
	11190.00000001	3.3495		-0.0496  0.2  0.2		4.1705503158		-1.0
	11220.00000001	3.4748		-0.15048  0.2  0.2		4.1705503158		-1.0
	11250.00000001	3.09463		-0.27057  0.2  0.2		4.1705503158		-1.0
	11280.00000001	3.42794		-0.70719  0.2  0.2		4.1705503158		-1.0
	11310.00000001	3.2503		-0.61984  0.2  0.2		4.1705503158		-1.0
	11340.00000001	3.19981		-0.46822  0.2  0.2		4.1705503158		-1.0
	11370.00000001	3.19466		-0.52584  0.2  0.2		4.1705503158		-1.0
	11400.00000001	3.51641		-0.59213  0.2  0.2		4.1705503158		-1.0
	11430.00000001	3.30558		-0.84206  0.2  0.2		4.1705503158		-1.0
	11460.00000001	3.08787		-0.79191  0.2  0.2		4.1705503158		-1.0
	11490.00000001	2.786		-0.77611  0.2  0.2		4.1705503158		-1.0
	11520.00000001	3.56117		-0.97366  0.2  0.2		4.1705503158		-1.0
	11550.00000001	3.53404		-0.81006  0.2  0.2		4.1705503158		-1.0
	11580.00000001	3.57513		-0.6858  0.2  0.2		4.1705503158		-1.0
	11610.00000001	3.08549		-0.45411  0.2  0.2		4.1705503158		-1.0
	11640.00000001	2.59863		-0.11289  0.2  0.2		4.1705503158		-1.0
	11670.00000001	3.38671		0.09563  0.2  0.2		4.1705503158		-1.0
	11700.00000001	3.30219		0.61823  0.2  0.2		4.1705503158		-1.0
	11730.00000001	3.17075		0.9907  0.2  0.2		4.1705503158		-1.0
	11760.00000001	2.83125		0.95842  0.2  0.2		4.1705503158		-1.0
	11790.00000001	3.4654		0.4645  0.2  0.2		4.1705503158		-1.0
	11820.00000001	3.17703		0.13943  0.2  0.2		4.1705503158		-1.0
	11850.00000001	3.40318		0.38772  0.2  0.2		4.1705503158		-1.0
	11880.00000001	2.58182		0.63369  0.2  0.2		4.1705503158		-1.0
	11910.00000001	2.73489		0.95269  0.2  0.2		4.1705503158		-1.0
	11940.00000001	2.93995		1.12516  0.2  0.2		4.1705503158		-1.0
	11970.00000001	2.60312		1.13848  0.2  0.2		4.1705503158		-1.0
	12000.00000001	3.10478		1.19671  0.2  0.2		4.1705503158		-1.0
	12030.00000001	3.30943		1.11144  0.2  0.2		4.1705503158		-1.0
	12060.00000001	3.41737		1.18869  0.2  0.2		4.1705503158		-1.0
	12090.00000001	2.9199		1.43006  0.2  0.2		4.1705503158		-1.0
	12120.00000001	2.74771		1.5425  0.2  0.2		4.1705503158		-1.0
	12150.00000001	2.7443		1.71675  0.2  0.2		4.1705503158		-1.0
	12180.00000001	2.87347		1.83096  0.2  0.2		4.1705503158		-1.0
	12210.00000001	2.72031		1.83079  0.2  0.2		4.1705503158		-1.0
	12240.00000001	2.74722		1.82745  0.2  0.2		4.1705503158		-1.0
	12270.00000001	2.67151		1.6478  0.2  0.2		4.1705503158		-1.0
	12300.00000001	2.71399		1.46533  0.2  0.2		4.1705503158		-1.0
	12330.00000001	2.77776		1.19094  0.2  0.2		4.1705503158		-1.0
	12360.00000001	2.69808		1.11733  0.2  0.2		4.1705503158		-1.0
	12390.00000001	2.75069		1.33491  0.2  0.2		4.1705503158		-1.0
	12420.00000001	2.71385		1.28276  0.2  0.2		4.1705503158		-1.0
	12450.00000001	2.81437		0.75026  0.2  0.2		4.1705503158		-1.0
	12480.00000001	2.70449		0.50707  0.2  0.2		4.1705503158		-1.0
	12510.00000001	2.82642		0.51518  0.2  0.2		4.1705503158		-1.0
	12540.00000001	2.72212		0.4753  0.2  0.2		4.1705503158		-1.0
	12570.00000001	3.03443		0.18095  0.2  0.2		4.1705503158		-1.0
	12600.00000001	3.54004		0.15185  0.2  0.2		4.1705503158		-1.0
	12630.00000001	2.87348		0.53065  0.2  0.2		4.1705503158		-1.0
	12660.00000001	2.78464		0.92365  0.2  0.2		4.1705503158		-1.0
	12690.00000001	3.43749		1.00415  0.2  0.2		4.1705503158		-1.0
	12720.00000001	3.37937		0.68424  0.2  0.2		4.1705503158		-1.0
	12750.00000001	3.14446		0.25427  0.2  0.2		4.1705503158		-1.0
	12780.00000001	2.62831		0.09646  0.2  0.2		4.1705503158		-1.0
	12810.00000001	3.0139		0.14148  0.2  0.2		4.1705503158		-1.0
	12840.00000001	3.47044		0.6094  0.2  0.2		4.1705503158		-1.0
	12870.00000001	3.32516		1.04827  0.2  0.2		4.1705503158		-1.0
	12900.00000001	3.11826		1.32086  0.2  0.2		4.1705503158		-1.0
	12930.00000001	3.27436		1.37127  0.2  0.2		4.1705503158		-1.0
	12960.00000001	3.4936		1.21826  0.2  0.2		4.1705503158		-1.0
	12990.00000001	3.49791		1.39725  0.2  0.2		4.1705503158		-1.0
	13020.00000001	3.19678		1.56824  0.2  0.2		4.1705503158		-1.0
	13050.00000001	3.25069		1.73975  0.2  0.2		4.1705503158		-1.0
	13080.00000001	2.84427		1.71902  0.2  0.2		4.1705503158		-1.0
	13110.00000001	2.7277		1.98024  0.2  0.2		4.1705503158		-1.0
	13140.00000001	2.7035		2.289  0.2  0.2		4.1705503158		-1.0
	13170.00000001	2.72331		2.22768  0.2  0.2		4.1705503158		-1.0
	13200.00000001	2.84759		2.00144  0.2  0.2		4.1705503158		-1.0
	13230.00000001	3.33398		1.94295  0.2  0.2		4.1705503158		-1.0
	13260.00000001	3.03275		2.00591  0.2  0.2		4.1705503158		-1.0
	13290.00000001	3.0276		2.10208  0.2  0.2		4.1705503158		-1.0
	13320.00000001	3.41894		2.08127  0.2  0.2		4.1705503158		-1.0
	13350.00000001	2.56235		2.01884  0.2  0.2		4.1705503158		-1.0
	13380.00000001	3.24801		1.85694  0.2  0.2		4.1705503158		-1.0
	13410.00000001	3.06423		1.7053  0.2  0.2		4.1705503158		-1.0
	13440.00000001	3.3389		1.41384  0.2  0.2		4.1705503158		-1.0
	13470.00000001	3.32166		1.38884  0.2  0.2		4.1705503158		-1.0
	13500.00000001	3.3674		1.34153  0.2  0.2		4.1705503158		-1.0
	13530.00000001	3.63392		1.12988  0.2  0.2		4.1705503158		-1.0
	13560.00000001	3.20095		0.84679  0.2  0.2		4.1705503158		-1.0
	13590.00000001	3.27719		0.74079  0.2  0.2		4.1705503158		-1.0
	13620.00000001	2.91251		0.77354  0.2  0.2		4.1705503158		-1.0
	13650.00000001	2.83892		0.8407  0.2  0.2		4.1705503158		-1.0
	13680.00000001	2.84532		0.78814  0.2  0.2		4.1705503158		-1.0
	13710.00000001	3.52873		0.62241  0.2  0.2		4.1705503158		-1.0
	13740.00000001	3.47741		0.84358  0.2  0.2		4.1705503158		-1.0
	13770.00000001	3.55492		1.20529  0.2  0.2		4.1705503158		-1.0
	13800.00000001	3.14158		1.40725  0.2  0.2		4.1705503158		-1.0
	13830.00000001	2.57978		1.42687  0.2  0.2		4.1705503158		-1.0
	13860.00000001	3.11533		1.34492  0.2  0.2		4.1705503158		-1.0
	13890.00000001	3.52963		1.20614  0.2  0.2		4.1705503158		-1.0
	13920.00000001	3.65645		1.03339  0.2  0.2		4.1705503158		-1.0
	13950.00000001	3.6775		0.66382  0.2  0.2		4.1705503158		-1.0
	13980.00000001	3.21557		0.37351  0.2  0.2		4.1705503158		-1.0
	14010.00000001	3.05217		0.39894  0.2  0.2		4.1705503158		-1.0
	14040.00000001	3.10253		0.58786  0.2  0.2		4.1705503158		-1.0
	14070.00000001	3.53221		0.63255  0.2  0.2		4.1705503158		-1.0
	14100.00000001	3.85636		0.74086  0.2  0.2		4.1705503158		-1.0
	14130.00000001	3.37315		0.39339  0.2  0.2		4.1705503158		-1.0
	14160.00000001	3.54451		-0.07007  0.2  0.2		4.1705503158		-1.0
	14190.00000001	3.47493		-0.04702  0.2  0.2		4.1705503158		-1.0
	14220.00000001	3.48544		0.16912  0.2  0.2		4.1705503158		-1.0
	14250.00000000	3.67627		0.28932  0.2  0.2		4.1705503158		-1.0
	14280.00000000	3.44875		0.41135  0.2  0.2		4.1705503158		-1.0
	14310.00000000	2.74314		0.24656  0.2  0.2		4.1705503158		-1.0
	14340.00000000	3.06823		-0.09284  0.2  0.2		4.1705503158		-1.0
	14370.00000000	2.82811		-0.01064  0.2  0.2		4.1705503158		-1.0
	14400.00000000	2.86332		0.2421  0.2  0.2		4.1705503158		-1.0
	14430.00000000	2.83597		0.44392  0.2  0.2		4.1705503158		-1.0
	14460.00000000	2.79708		0.36265  0.2  0.2		4.1705503158		-1.0
	14490.00000000	2.64036		0.35034  0.2  0.2		4.1705503158		-1.0
	14520.00000000	2.60886		0.3341  0.2  0.2		4.1705503158		-1.0
	14550.00000000	2.59207		0.18097  0.2  0.2		4.1705503158		-1.0
	14580.00000000	2.60837		-0.26355  0.2  0.2		4.1705503158		-1.0
	14610.00000000	2.82105		-0.39016  0.2  0.2		4.1705503158		-1.0
	14640.00000000	2.76381		-0.23221  0.2  0.2		4.1705503158		-1.0
	14670.00000000	2.62005		-0.3386  0.2  0.2		4.1705503158		-1.0
	14700.00000000	2.56722		-0.66176  0.2  0.2		4.1705503158		-1.0
	14730.00000000	3.14262		-1.04653  0.2  0.2		4.1705503158		-1.0
	14760.00000000	3.43658		-1.16354  0.2  0.2		4.1705503158		-1.0
	14790.00000000	3.14331		-1.29592  0.2  0.2		4.1705503158		-1.0
	14820.00000000	3.45465		-1.42512  0.2  0.2		4.1705503158		-1.0
	14850.00000000	3.31458		-1.7608  0.2  0.2		4.1705503158		-1.0
	14880.00000000	3.25367		-1.92872  0.2  0.2		4.1705503158		-1.0
	14910.00000000	3.50916		-1.68244  0.2  0.2		4.1705503158		-1.0
	14940.00000000	3.51132		-1.38762  0.2  0.2		4.1705503158		-1.0
	14970.00000000	3.19122		-1.65548  0.2  0.2		4.1705503158		-1.0
	15000.00000000	2.70856		-1.81049  0.2  0.2		4.1705503158		-1.0
	15030.00000000	2.66763		-1.85843  0.2  0.2		4.1705503158		-1.0
	15060.00000000	2.82579		-1.58137  0.2  0.2		4.1705503158		-1.0
	15090.00000000	2.8247		-1.35304  0.2  0.2		4.1705503158		-1.0
	15120.00000000	2.75917		-1.16795  0.2  0.2		4.1705503158		-1.0
	15150.00000000	2.78717		-1.17312  0.2  0.2		4.1705503158		-1.0
	15180.00000000	2.73129		-1.46501  0.2  0.2		4.1705503158		-1.0
	15210.00000000	2.74983		-1.36493  0.2  0.2		4.1705503158		-1.0
	15240.00000000	2.71882		-1.22967  0.2  0.2		4.1705503158		-1.0
	15270.00000000	2.66576		-0.97978  0.2  0.2		4.1705503158		-1.0
	15300.00000000	2.65809		-0.86722  0.2  0.2		4.1705503158		-1.0
	15330.00000000	2.75751		-1.04344  0.2  0.2		4.1705503158		-1.0
	15360.00000000	2.95301		-0.77578  0.2  0.2		4.1705503158		-1.0
	15390.00000000	3.42528		-0.80538  0.2  0.2		4.1705503158		-1.0
	15420.00000000	3.77657		-0.9182  0.2  0.2		4.1705503158		-1.0
	15450.00000000	3.77535		-0.88557  0.2  0.2		4.1705503158		-1.0
	15480.00000000	3.36883		-1.34688  0.2  0.2		4.1705503158		-1.0
	15510.00000000	3.27883		-1.82736  0.2  0.2		4.1705503158		-1.0
	15540.00000000	3.51254		-1.93268  0.2  0.2		4.1705503158		-1.0
	15570.00000000	2.80407		-1.79841  0.2  0.2		4.1705503158		-1.0
	15600.00000000	3.13681		-1.80192  0.2  0.2		4.1705503158		-1.0
	15630.00000000	3.60696		-1.74847  0.2  0.2		4.1705503158		-1.0
	15660.00000000	3.41641		-1.85622  0.2  0.2		4.1705503158		-1.0
	15690.00000000	3.49547		-2.02824  0.2  0.2		4.1705503158		-1.0
	15720.00000000	2.73089		-1.89784  0.2  0.2		4.1705503158		-1.0
	15750.00000000	3.28736		-1.77395  0.2  0.2		4.1705503158		-1.0
	15780.00000000	3.61012		-1.65749  0.2  0.2		4.1705503158		-1.0
	15810.00000000	3.32984		-1.22314  0.2  0.2		4.1705503158		-1.0
	15840.00000000	3.65593		-1.19452  0.2  0.2		4.1705503158		-1.0
	15870.00000000	2.6656		-1.37271  0.2  0.2		4.1705503158		-1.0
	15900.00000000	3.31154		-1.48241  0.2  0.2		4.1705503158		-1.0
	15930.00000000	3.61966		-1.60826  0.2  0.2		4.1705503158		-1.0
	15960.00000000	3.15846		-1.53057  0.2  0.2		4.1705503158		-1.0
	15990.00000000	2.98504		-1.49778  0.2  0.2		4.1705503158		-1.0
	16020.00000000	2.65795		-1.66359  0.2  0.2		4.1705503158		-1.0
	16050.00000000	3.14022		-2.06782  0.2  0.2		4.1705503158		-1.0
	16080.00000000	2.59996		-1.89184  0.2  0.2		4.1705503158		-1.0
	16110.00000000	2.93425		-1.93997  0.2  0.2		4.1705503158		-1.0
	16140.00000000	2.80658		-1.99891  0.2  0.2		4.1705503158		-1.0
	16170.00000000	2.77379		-2.19147  0.2  0.2		4.1705503158		-1.0
	16200.00000000	2.72181		-2.16765  0.2  0.2		4.1705503158		-1.0
	16230.00000000	2.67378		-1.84236  0.2  0.2		4.1705503158		-1.0
	16260.00000000	2.62001		-1.90437  0.2  0.2		4.1705503158		-1.0
	16290.00000000	2.72418		-1.88939  0.2  0.2		4.1705503158		-1.0
	16320.00000000	2.62176		-1.73039  0.2  0.2		4.1705503158		-1.0
	16350.00000000	2.6438		-1.30286  0.2  0.2		4.1705503158		-1.0
	16380.00000000	2.70113		-1.32296  0.2  0.2		4.1705503158		-1.0
	16410.00000000	2.70112		-1.5644  0.2  0.2		4.1705503158		-1.0
	16440.00000000	2.74283		-1.4799  0.2  0.2		4.1705503158		-1.0
	16470.00000000	2.98574		-1.09738  0.2  0.2		4.1705503158		-1.0
	16500.00000000	3.39502		-0.9003  0.2  0.2		4.1705503158		-1.0
	16530.00000000	3.05		-0.70492  0.2  0.2		4.1705503158		-1.0
	16560.00000000	2.69653		-0.83364  0.2  0.2		4.1705503158		-1.0
	16590.00000000	2.62728		-0.92117  0.2  0.2		4.1705503158		-1.0
	16620.00000000	2.6665		-0.63126  0.2  0.2		4.1705503158		-1.0
	16650.00000000	2.65346		-0.7449  0.2  0.2		4.1705503158		-1.0
	16680.00000000	2.56493		-1.00524  0.2  0.2		4.1705503158		-1.0
	16710.00000000	2.59741		-0.9318  0.2  0.2		4.1705503158		-1.0
	16740.00000000	3.11635		-0.94255  0.2  0.2		4.1705503158		-1.0
	16770.00000000	3.43085		-0.96667  0.2  0.2		4.1705503158		-1.0
	16800.00000000	3.22289		-1.31943  0.2  0.2		4.1705503158		-1.0
	16830.00000000	3.38249		-1.56813  0.2  0.2		4.1705503158		-1.0
	16860.00000000	3.39134		-1.68151  0.2  0.2		4.1705503158		-1.0
	16890.00000000	2.84764		-1.74715  0.2  0.2		4.1705503158		-1.0
	16920.00000000	2.5823		-1.72687  0.2  0.2		4.1705503158		-1.0
	16950.00000000	2.66329		-1.83531  0.2  0.2		4.1705503158		-1.0
	16980.00000000	2.99352		-1.91432  0.2  0.2		4.1705503158		-1.0
	17010.00000000	3.42447		-2.1069  0.2  0.2		4.1705503158		-1.0
	17040.00000000	3.39199		-2.26727  0.2  0.2		4.1705503158		-1.0
	17070.00000000	3.43137		-2.32542  0.2  0.2		4.1705503158		-1.0
	17100.00000000	2.79698		-2.35669  0.2  0.2		4.1705503158		-1.0
	17130.00000000	2.83756		-2.24369  0.2  0.2		4.1705503158		-1.0
	17160.00000000	2.80839		-2.13866  0.2  0.2		4.1705503158		-1.0
	17190.00000000	2.65091		-2.15368  0.2  0.2		4.1705503158		-1.0
	17220.00000000	2.71209		-2.33657  0.2  0.2		4.1705503158		-1.0
	17250.00000000	2.74965		-2.62732  0.2  0.2		4.1705503158		-1.0
	17280.00000000	2.79387		-2.61175  0.2  0.2		4.1705503158		-1.0
	17310.00000000	2.62032		-2.81858  0.2  0.2		4.1705503158		-1.0
	17340.00000000	2.81272		-2.85008  0.2  0.2		4.1705503158		-1.0
	17370.00000000	3.50038		-2.61747  0.2  0.2		4.1705503158		-1.0
	17400.00000000	3.16641		-2.25418  0.2  0.2		4.1705503158		-1.0
	17430.00000000	3.35036		-2.20906  0.2  0.2		4.1705503158		-1.0
	17460.00000000	3.43217		-2.52665  0.2  0.2		4.1705503158		-1.0
	17490.00000000	3.16907		-2.90876  0.2  0.2		4.1705503158		-1.0
	17520.00000000	2.8047		-2.74513  0.2  0.2		4.1705503158		-1.0
	17550.00000000	2.75926		-2.59765  0.2  0.2		4.1705503158		-1.0
	17580.00000000	2.7753		-2.7138  0.2  0.2		4.1705503158		-1.0
	17610.00000000	2.77064		-2.96994  0.2  0.2		4.1705503158		-1.0
	17640.00000000	2.82237		-3.03628  0.2  0.2		4.1705503158		-1.0
	17670.00000000	2.80173		2.89864  0.2  0.2		4.1705503158		-1.0
	17700.00000000	2.81031		3.01111  0.2  0.2		4.1705503158		-1.0
	17730.00000000	2.69559		-3.1139  0.2  0.2		4.1705503158		-1.0
	17760.00000000	2.55859		3.09363  0.2  0.2		4.1705503158		-1.0
	17790.00000000	2.54349		-3.05001  0.2  0.2		4.1705503158		-1.0
	17820.00000000	2.56822		-3.11807  0.2  0.2		4.1705503158		-1.0
	17850.00000000	2.59235		2.91312  0.2  0.2		4.1705503158		-1.0
	17880.00000000	2.72536		2.63637  0.2  0.2		4.1705503158		-1.0
	17910.00000000	2.96906		2.96417  0.2  0.2		4.1705503158		-1.0
	17940.00000000	3.11961		-2.95891  0.2  0.2		4.1705503158		-1.0
	17970.00000000	3.52052		-2.68608  0.2  0.2		4.1705503158		-1.0
	18000.00000000	3.21266		-2.50183  0.2  0.2		4.1705503158		-1.0
	18030.00000000	3.72998		-2.52783  0.2  0.2		4.1705503158		-1.0
	18060.00000000	3.27335		-2.53796  0.2  0.2		4.1705503158		-1.0
	18090.00000000	3.6582		-2.65251  0.2  0.2		4.1705503158		-1.0
	18120.00000000	3.15558		-2.69699  0.2  0.2		4.1705503158		-1.0
	18150.00000000	3.52761		-2.8144  0.2  0.2		4.1705503158		-1.0
	18180.00000000	3.32172		-2.70469  0.2  0.2		4.1705503158		-1.0
	18210.00000000	3.59581		-2.71361  0.2  0.2		4.1705503158		-1.0
	18240.00000000	3.15082		-2.65688  0.2  0.2		4.1705503158		-1.0
	18270.00000000	3.51605		-2.52275  0.2  0.2		4.1705503158		-1.0
	18300.00000000	3.54234		-2.44852  0.2  0.2		4.1705503158		-1.0
	18330.00000000	3.58995		-2.32318  0.2  0.2		4.1705503158		-1.0
	18360.00000000	3.53007		-1.98704  0.2  0.2		4.1705503158		-1.0
	18390.00000000	3.4594		-2.03072  0.2  0.2		4.1705503158		-1.0
	18420.00000000	2.97484		-2.07101  0.2  0.2		4.1705503158		-1.0
	18450.00000000	3.34137		-2.02629  0.2  0.2		4.1705503158		-1.0
	18480.00000000	3.08749		-1.851  0.2  0.2		4.1705503158		-1.0
	18510.00000000	3.72625		-1.62713  0.2  0.2		4.1705503158		-1.0
	18540.00000000	3.7355		-1.32629  0.2  0.2		4.1705503158		-1.0
	18570.00000000	3.80555		-1.1018  0.2  0.2		4.1705503158		-1.0
	18600.00000000	3.36987		-1.18891  0.2  0.2		4.1705503158		-1.0
	18630.00000000	3.2386		-1.45598  0.2  0.2		4.1705503158		-1.0
	18660.00000000	3.21146		-1.54964  0.2  0.2		4.1705503158		-1.0
	18690.00000000	3.22673		-1.3542  0.2  0.2		4.1705503158		-1.0
	18720.00000000	3.07558		-1.19986  0.2  0.2		4.1705503158		-1.0
	18750.00000000	3.65913		-1.05378  0.2  0.2		4.1705503158		-1.0
	18780.00000000	3.67434		-1.30554  0.2  0.2		4.1705503158		-1.0
	18810.00000000	3.47488		-1.61188  0.2  0.2		4.1705503158		-1.0
	18840.00000000	3.8671		-1.52193  0.2  0.2		4.1705503158		-1.0
	18870.00000000	3.64838		-1.32872  0.2  0.2		4.1705503158		-1.0
	18900.00000000	3.9486		-1.33419  0.2  0.2		4.1705503158		-1.0
	18930.00000000	3.8748		-1.47097  0.2  0.2		4.1705503158		-1.0
	18960.00000000	2.88484		-1.4296  0.2  0.2		4.1705503158		-1.0
	18990.00000000	2.78832		-1.53169  0.2  0.2		4.1705503158		-1.0
	19020.00000000	3.02747		-1.62094  0.2  0.2		4.1705503158		-1.0
	19050.00000000	3.04584		-1.83417  0.2  0.2		4.1705503158		-1.0
	19080.00000000	3.24285		-2.10216  0.2  0.2		4.1705503158		-1.0
	19110.00000000	3.79285		-2.19023  0.2  0.2		4.1705503158		-1.0
	19140.00000000	3.7563		-1.95846  0.2  0.2		4.1705503158		-1.0
	19170.00000000	3.48515		-1.91389  0.2  0.2		4.1705503158		-1.0
	19200.00000000	3.5134		-1.94773  0.2  0.2		4.1705503158		-1.0
	19230.00000000	3.98679		-1.69072  0.2  0.2		4.1705503158		-1.0
	19260.00000000	3.23759		-1.67389  0.2  0.2		4.1705503158		-1.0
	19290.00000000	2.67705		-1.86958  0.2  0.2		4.1705503158		-1.0
	19320.00000000	3.09218		-2.06881  0.2  0.2		4.1705503158		-1.0
	19350.00000000	3.09103		-2.20362  0.2  0.2		4.1705503158		-1.0
	19380.00000000	2.74839		-2.22526  0.2  0.2		4.1705503158		-1.0
	19410.00000000	2.78916		-2.00652  0.2  0.2		4.1705503158		-1.0
	19440.00000000	3.61985		-1.67893  0.2  0.2		4.1705503158		-1.0
	19470.00000000	3.81503		-1.69101  0.2  0.2		4.1705503158		-1.0
	19500.00000000	3.79997		-2.06349  0.2  0.2		4.1705503158		-1.0
	19530.00000000	3.51859		-2.44983  0.2  0.2		4.1705503158		-1.0
	19560.00000000	2.77184		-2.83663  0.2  0.2		4.1705503158		-1.0
	19590.00000000	3.50319		-3.04598  0.2  0.2		4.1705503158		-1.0
	19620.00000000	3.48838		3.1174  0.2  0.2		4.1705503158		-1.0
	19650.00000000	3.51158		-3.08466  0.2  0.2		4.1705503158		-1.0
	19680.00000000	3.74389		-2.83487  0.2  0.2		4.1705503158		-1.0
	19710.00000000	3.11801		-2.79124  0.2  0.2		4.1705503158		-1.0
	19740.00000000	3.6959		-2.87223  0.2  0.2		4.1705503158		-1.0
	19770.00000000	3.66363		-3.1035  0.2  0.2		4.1705503158		-1.0
	19800.00000000	3.32568		3.01488  0.2  0.2		4.1705503158		-1.0
	19830.00000000	3.25295		2.94489  0.2  0.2		4.1705503158		-1.0
	19860.00000000	2.56698		2.97072  0.2  0.2		4.1705503158		-1.0
	19890.00000000	3.21769		-3.06723  0.2  0.2		4.1705503158		-1.0
	19920.00000000	3.03689		-3.08425  0.2  0.2		4.1705503158		-1.0
	19950.00000000	3.43558		2.87847  0.2  0.2		4.1705503158		-1.0
	19980.00000000	3.17107		2.58879  0.2  0.2		4.1705503158		-1.0
	20010.00000000	2.81057		2.64397  0.2  0.2		4.1705503158		-1.0
	20040.00000000	2.61703		2.63696  0.2  0.2		4.1705503158		-1.0
	20070.00000000	2.91824		2.35988  0.2  0.2		4.1705503158		-1.0
	20100.00000000	3.26706		2.43362  0.2  0.2		4.1705503158		-1.0
	20130.00000000	3.34212		2.49608  0.2  0.2		4.1705503158		-1.0
	20160.00000000	3.41921		2.59142  0.2  0.2		4.1705503158		-1.0
	20190.00000000	2.80382		2.61285  0.2  0.2		4.1705503158		-1.0
	20220.00000000	3.05443		2.62926  0.2  0.2		4.1705503158		-1.0
	20250.00000000	3.20692		2.33732  0.2  0.2		4.1705503158		-1.0
	20280.00000000	3.30169		2.21376  0.2  0.2		4.1705503158		-1.0
	20310.00000000	2.9585		2.45346  0.2  0.2		4.1705503158		-1.0
	20340.00000000	2.90941		2.6913  0.2  0.2		4.1705503158		-1.0
	20370.00000000	2.72125		2.65071  0.2  0.2		4.1705503158		-1.0
	20400.00000000	3.10844		2.33396  0.2  0.2		4.1705503158		-1.0
	20430.00000000	3.34455		2.23831  0.2  0.2		4.1705503158		-1.0
	20460.00000000	3.21728		2.61012  0.2  0.2		4.1705503158		-1.0
	20490.00000000	3.55181		2.85375  0.2  0.2		4.1705503158		-1.0
	20520.00000000	2.67622		2.83375  0.2  0.2		4.1705503158		-1.0
	20550.00000000	2.74882		2.92633  0.2  0.2		4.1705503158		-1.0
	20580.00000000	3.12158		3.00059  0.2  0.2		4.1705503158		-1.0
	20610.00000000	3.64376		2.85284  0.2  0.2		4.1705503158		-1.0
	20640.00000000	3.60556		2.48611  0.2  0.2		4.1705503158		-1.0
	20670.00000000	3.67722		2.38948  0.2  0.2		4.1705503158		-1.0
	20700.00000000	3.46771		2.50298  0.2  0.2		4.1705503158		-1.0
	20729.99999999	2.55778		2.48682  0.2  0.2		4.1705503158		-1.0
	20759.99999999	2.5923		2.37817  0.2  0.2		4.1705503158		-1.0
	20789.99999999	2.69449		2.20304  0.2  0.2		4.1705503158		-1.0
	20819.99999999	2.6704		2.05746  0.2  0.2		4.1705503158		-1.0
	20849.99999999	2.63258		2.12838  0.2  0.2		4.1705503158		-1.0
	20879.99999999	2.66779		2.13605  0.2  0.2		4.1705503158		-1.0
	20909.99999999	3.03694		2.15507  0.2  0.2		4.1705503158		-1.0
	20939.99999999	3.54342		2.05568  0.2  0.2		4.1705503158		-1.0
	20969.99999999	3.28833		1.98604  0.2  0.2		4.1705503158		-1.0
	20999.99999999	3.41078		1.95373  0.2  0.2		4.1705503158		-1.0
	21029.99999999	3.28355		1.68361  0.2  0.2		4.1705503158		-1.0
	21059.99999999	3.49723		1.79037  0.2  0.2		4.1705503158		-1.0
	21089.99999999	3.70281		1.85767  0.2  0.2		4.1705503158		-1.0
	21119.99999999	3.46722		2.03356  0.2  0.2		4.1705503158		-1.0
	21149.99999999	3.21131		2.15278  0.2  0.2		4.1705503158		-1.0
	21179.99999999	3.95478		2.05022  0.2  0.2		4.1705503158		-1.0
	21209.99999999	3.24244		2.07566  0.2  0.2		4.1705503158		-1.0
	21239.99999999	3.21649		1.84996  0.2  0.2		4.1705503158		-1.0
	21269.99999999	3.68855		1.65364  0.2  0.2		4.1705503158		-1.0
	21299.99999999	3.51409		1.72637  0.2  0.2		4.1705503158		-1.0
	21329.99999999	3.46917		1.60758  0.2  0.2		4.1705503158		-1.0
	21359.99999999	3.17696		1.48749  0.2  0.2		4.1705503158		-1.0
	21389.99999999	2.75247		1.68379  0.2  0.2		4.1705503158		-1.0
	21419.99999999	2.94784		1.61944  0.2  0.2		4.1705503158		-1.0
	21449.99999999	3.14796		1.70872  0.2  0.2		4.1705503158		-1.0
	21479.99999999	3.21864		1.64379  0.2  0.2		4.1705503158		-1.0
	21509.99999999	3.88652		1.70224  0.2  0.2		4.1705503158		-1.0
	21539.99999999	3.30906		1.74339  0.2  0.2		4.1705503158		-1.0
	21569.99999999	3.76962		1.58894  0.2  0.2		4.1705503158		-1.0
	21599.99999999	3.5603		1.54231  0.2  0.2		4.1705503158		-1.0
	21629.99999999	3.68545		1.61343  0.2  0.2		4.1705503158		-1.0
	21659.99999999	3.49509		1.62619  0.2  0.2		4.1705503158		-1.0
	21689.99999999	3.7186		1.73505  0.2  0.2		4.1705503158		-1.0
	21719.99999999	3.47455		1.69241  0.2  0.2		4.1705503158		-1.0
	21749.99999999	3.69082		1.53873  0.2  0.2		4.1705503158		-1.0
	21779.99999999	3.38588		1.7516  0.2  0.2		4.1705503158		-1.0
	21809.99999999	2.60641		1.91902  0.2  0.2		4.1705503158		-1.0
	21839.99999999	3.40039		2.06668  0.2  0.2		4.1705503158		-1.0
	21869.99999999	3.79213		2.27972  0.2  0.2		4.1705503158		-1.0
	21899.99999999	3.22929		2.33763  0.2  0.2		4.1705503158		-1.0
	21929.99999999	3.7333		2.24174  0.2  0.2		4.1705503158		-1.0
	21959.99999999	3.60909		2.01407  0.2  0.2		4.1705503158		-1.0
	21989.99999999	3.18289		2.05948  0.2  0.2		4.1705503158		-1.0
	22019.99999999	2.74683		2.21747  0.2  0.2		4.1705503158		-1.0
	22049.99999999	2.70967		1.98083  0.2  0.2		4.1705503158		-1.0
	22079.99999999	3.09853		1.79713  0.2  0.2		4.1705503158		-1.0
	22109.99999999	2.83486		1.75343  0.2  0.2		4.1705503158		-1.0
	22139.99999999	2.7683		1.72137  0.2  0.2		4.1705503158		-1.0
	22169.99999999	2.93264		1.81764  0.2  0.2		4.1705503158		-1.0
	22199.99999999	2.6579		1.67708  0.2  0.2		4.1705503158		-1.0
	22229.99999999	2.7185		1.17155  0.2  0.2		4.1705503158		-1.0
	22684.99999999	3.00153		1.14572  0.2  0.2		4.1705503158		-1.0
	22714.99999999	3.20803		0.87425  0.2  0.2		4.1705503158		-1.0
	22744.99999999	3.40884		0.74841  0.2  0.2		4.1705503158		-1.0
	22774.99999999	3.79542		0.60226  0.2  0.2		4.1705503158		-1.0
	22804.99999999	3.58233		0.82478  0.2  0.2		4.1705503158		-1.0
	22834.99999999	3.54067		1.20203  0.2  0.2		4.1705503158		-1.0
	22864.99999999	3.49743		1.33051  0.2  0.2		4.1705503158		-1.0
	22894.99999999	3.6617		1.26359  0.2  0.2		4.1705503158		-1.0
	22924.99999999	3.80775		1.08648  0.2  0.2		4.1705503158		-1.0
	22954.99999999	3.4714		0.85226  0.2  0.2		4.1705503158		-1.0
	22984.99999999	3.04612		0.61672  0.2  0.2		4.1705503158		-1.0
	23014.99999999	3.12102		0.51299  0.2  0.2		4.1705503158		-1.0
	23044.99999999	3.25733		0.64081  0.2  0.2		4.1705503158		-1.0
	23074.99999999	3.06813		0.86731  0.2  0.2		4.1705503158		-1.0
	23104.99999999	3.43508		1.06012  0.2  0.2		4.1705503158		-1.0
	23134.99999999	3.61642		0.90452  0.2  0.2		4.1705503158		-1.0
	23164.99999999	3.76595		0.93478  0.2  0.2		4.1705503158		-1.0
	23194.99999999	3.1544		1.07782  0.2  0.2		4.1705503158		-1.0
	23224.99999999	2.70399		0.83617  0.2  0.2		4.1705503158		-1.0
	23254.99999999	2.53804		0.56234  0.2  0.2		4.1705503158		-1.0
	23284.99999999	2.60243		0.50196  0.2  0.2		4.1705503158		-1.0
	23314.99999999	2.57317		0.71375  0.2  0.2		4.1705503158		-1.0
	23344.99999999	2.69611		0.87835  0.2  0.2		4.1705503158		-1.0
	23374.99999999	2.59371		0.99008  0.2  0.2		4.1705503158		-1.0
	23404.99999999	3.83619		1.0885  0.2  0.2		4.1705503158		-1.0
	23434.99999999	3.64747		0.98882  0.2  0.2		4.1705503158		-1.0
	23464.99999999	3.11759		0.93988  0.2  0.2		4.1705503158		-1.0
	23494.99999999	2.64741		1.21119  0.2  0.2		4.1705503158		-1.0
	23524.99999999	2.57186		1.19893  0.2  0.2		4.1705503158		-1.0
	23554.99999999	2.63031		0.78654  0.2  0.2		4.1705503158		-1.0
	23584.99999999	2.60733		0.33746  0.2  0.2		4.1705503158		-1.0
	23614.99999999	2.69926		-0.09149  0.2  0.2		4.1705503158		-1.0
	23644.99999999	2.65442		-0.5317  0.2  0.2		4.1705503158		-1.0
	23674.99999999	2.66369		-0.31528  0.2  0.2		4.1705503158		-1.0
	23704.99999999	2.68959		-0.25769  0.2  0.2		4.1705503158		-1.0
	23734.99999999	2.68254		-0.45522  0.2  0.2		4.1705503158		-1.0
	23764.99999999	2.61528		-0.63613  0.2  0.2		4.1705503158		-1.0
	23794.99999999	2.86536		-0.33897  0.2  0.2		4.1705503158		-1.0
	23824.99999999	3.34135		-0.02404  0.2  0.2		4.1705503158		-1.0
	23854.99999999	3.45404		0.1372  0.2  0.2		4.1705503158		-1.0
	23884.99999999	3.64886		0.24483  0.2  0.2		4.1705503158		-1.0
	23914.99999999	3.74849		0.44578  0.2  0.2		4.1705503158		-1.0
	23944.99999999	3.20473		0.48867  0.2  0.2		4.1705503158		-1.0
	23974.99999999	3.1566		0.26708  0.2  0.2		4.1705503158		-1.0
	24004.99999999	3.27563		-0.12593  0.2  0.2		4.1705503158		-1.0
	24034.99999999	3.38853		-0.32525  0.2  0.2		4.1705503158		-1.0
	24064.99999999	3.02796		-0.2699  0.2  0.2		4.1705503158		-1.0
	24094.99999999	3.67136		-0.27871  0.2  0.2		4.1705503158		-1.0
	24124.99999999	3.31593		-0.48593  0.2  0.2		4.1705503158		-1.0
	24154.99999999	3.26937		-0.46458  0.2  0.2		4.1705503158		-1.0
	24184.99999999	3.70505		-0.39476  0.2  0.2		4.1705503158		-1.0
	24214.99999999	3.23272		-0.39232  0.2  0.2		4.1705503158		-1.0
	24244.99999999	3.14615		-0.38253  0.2  0.2		4.1705503158		-1.0
	24274.99999999	3.71233		-0.3631  0.2  0.2		4.1705503158		-1.0
	24304.99999999	3.73487		-0.46368  0.2  0.2		4.1705503158		-1.0
	24334.99999999	3.69181		-0.29259  0.2  0.2		4.1705503158		-1.0
	24364.99999999	3.82134		-0.21576  0.2  0.2		4.1705503158		-1.0
	24394.99999999	3.06752		-0.24914  0.2  0.2		4.1705503158		-1.0
	24424.99999999	3.09819		-0.11832  0.2  0.2		4.1705503158		-1.0
	24454.99999999	3.50712		0.13537  0.2  0.2		4.1705503158		-1.0
	24484.99999999	3.8923		0.32577  0.2  0.2		4.1705503158		-1.0
	24514.99999999	3.6404		0.09084  0.2  0.2		4.1705503158		-1.0
	24544.99999999	3.75066		0.28508  0.2  0.2		4.1705503158		-1.0
	24574.99999999	3.82591		0.44998  0.2  0.2		4.1705503158		-1.0
	24604.99999999	3.75785		0.41295  0.2  0.2		4.1705503158		-1.0
	24634.99999999	3.81249		0.3533  0.2  0.2		4.1705503158		-1.0
	24664.99999999	3.71071		0.07226  0.2  0.2		4.1705503158		-1.0
	24694.99999999	3.98665		-0.22447  0.2  0.2		4.1705503158		-1.0
	24724.99999999	3.2035		-0.09912  0.2  0.2		4.1705503158		-1.0
	24754.99999999	2.73592		-0.04876  0.2  0.2		4.1705503158		-1.0
	24784.99999999	3.17314		-0.21223  0.2  0.2		4.1705503158		-1.0
	24814.99999999	3.47382		-0.44621  0.2  0.2		4.1705503158		-1.0
	24844.99999999	3.82747		-0.4599  0.2  0.2		4.1705503158		-1.0
	24874.99999999	3.17076		-0.54442  0.2  0.2		4.1705503158		-1.0
	24904.99999999	2.62858		-0.80013  0.2  0.2		4.1705503158		-1.0
	24934.99999999	2.64207		-0.99327  0.2  0.2		4.1705503158		-1.0
	24964.99999999	2.5649		-1.03248  0.2  0.2		4.1705503158		-1.0
	24994.99999999	2.61614		-1.36107  0.2  0.2		4.1705503158		-1.0
	25024.99999999	2.52832		-1.31936  0.2  0.2		4.1705503158		-1.0
	25054.99999999	2.57215		-1.17976  0.2  0.2		4.1705503158		-1.0
	25084.99999999	2.90788		-0.92775  0.2  0.2		4.1705503158		-1.0
	25114.99999999	3.57717		-0.94455  0.2  0.2		4.1705503158		-1.0
	25144.99999999	2.87029		-0.8811  0.2  0.2		4.1705503158		-1.0
	25174.99999999	3.30553		-0.84869  0.2  0.2		4.1705503158		-1.0
	25204.99999999	3.14121		-0.89814  0.2  0.2		4.1705503158		-1.0
	25234.99999999	2.93511		-0.84054  0.2  0.2		4.1705503158		-1.0
	25264.99999999	3.1424		-0.8175  0.2  0.2		4.1705503158		-1.0
	25294.99999999	2.91151		-0.6297  0.2  0.2		4.1705503158		-1.0
	25324.99999999	3.15165		-0.25545  0.2  0.2		4.1705503158		-1.0
	25354.99999999	2.94968		0.09033  0.2  0.2		4.1705503158		-1.0
	25384.99999999	2.8299		0.25718  0.2  0.2		4.1705503158		-1.0
	25414.99999999	3.5608		0.11822  0.2  0.2		4.1705503158		-1.0
	25444.99999999	3.99692		0.15988  0.2  0.2		4.1705503158		-1.0
	25474.99999999	3.5565		0.03209  0.2  0.2		4.1705503158		-1.0
	25504.99999999	3.91734		-0.04917  0.2  0.2		4.1705503158		-1.0
	25534.99999999	3.14027		0.30698  0.2  0.2		4.1705503158		-1.0
	25564.99999999	2.6143		0.50297  0.2  0.2		4.1705503158		-1.0
	25594.99999999	2.6786		0.24424  0.2  0.2		4.1705503158		-1.0
	25624.99999999	2.57393		-0.39914  0.2  0.2		4.1705503158		-1.0
	25654.99999999	2.56296		-0.68098  0.2  0.2		4.1705503158		-1.0
	25684.99999999	2.62748		-0.3697  0.2  0.2		4.1705503158		-1.0
	25714.99999999	2.59394		-0.11758  0.2  0.2		4.1705503158		-1.0
	25744.99999999	2.69724		-0.21361  0.2  0.2		4.1705503158		-1.0
	25774.99999999	2.92332		-0.33965  0.2  0.2		4.1705503158		-1.0
	25804.99999999	3.78778		-0.39025  0.2  0.2		4.1705503158		-1.0
	25834.99999999	4.05433		-0.17531  0.2  0.2		4.1705503158		-1.0
	25864.99999999	4.26424		-0.20099  0.2  0.2		4.1705503158		-1.0
	25894.99999999	4.81687		-0.1781  0.2  0.2		4.1705503158		-1.0
	25924.99999999	5.36249		-0.22652  0.2  0.2		4.1705503158		-1.0
	25954.99999999	6.04692		-0.32693  0.2  0.2		4.1705503158		-1.0
	25984.99999999	6.43592		-0.1728  0.2  0.2		4.1705503158		-1.0
	26014.99999999	6.9354		0.04782  0.2  0.2		4.1705503158		-1.0
	26044.99999999	7.298		-0.0507  0.2  0.2		4.1705503158		-1.0
	26074.99999999	7.76538		-0.25659  0.2  0.2		4.1705503158		-1.0
	26104.99999999	8.08554		-0.28791  0.2  0.2		4.1705503158		-1.0
	26134.99999999	8.53449		-0.21146  0.2  0.2		4.1705503158		-1.0
	26164.99999999	8.93748		-0.2999  0.2  0.2		4.1705503158		-1.0
	26194.99999999	9.14264		-0.34358  0.2  0.2		4.1705503158		-1.0
	26224.99999999	9.03357		-0.68973  0.2  0.2		4.1705503158		-1.0
	26254.99999999	8.42919		-0.91424  0.2  0.2		4.1705503158		-1.0
	26284.99999999	7.5119		-1.01618  0.2  0.2		4.1705503158		-1.0
	26314.99999999	6.41452		-0.91655  0.2  0.2		4.1705503158		-1.0
	26344.99999999	5.98064		-1.03756  0.2  0.2		4.1705503158		-1.0
	26374.99999999	5.80448		-1.08282  0.2  0.2		4.1705503158		-1.0
	26404.99999999	5.35227		-1.14912  0.2  0.2		4.1705503158		-1.0
	26434.99999999	5.37083		-1.25695  0.2  0.2		4.1705503158		-1.0
	26464.99999999	5.69328		-1.58469  0.2  0.2		4.1705503158		-1.0
	26494.99999999	6.41705		-1.56409  0.2  0.2		4.1705503158		-1.0
	26524.99999999	6.82252		-1.33298  0.2  0.2		4.1705503158		-1.0
	26554.99999999	7.05079		-1.27041  0.2  0.2		4.1705503158		-1.0
	26584.99999999	7.12546		-0.98667  0.2  0.2		4.1705503158		-1.0
	26614.99999999	7.20341		-0.55635  0.2  0.2		4.1705503158		-1.0
	26644.99999999	7.04412		-0.407  0.2  0.2		4.1705503158		-1.0
	26674.99999999	6.5514		-0.30087  0.2  0.2		4.1705503158		-1.0
	26704.99999999	6.55652		-0.49763  0.2  0.2		4.1705503158		-1.0
	26734.99999999	7.10772		-0.88849  0.2  0.2		4.1705503158		-1.0
	26764.99999999	7.75173		-0.97993  0.2  0.2		4.1705503158		-1.0
	26794.99999999	8.22015		-1.08684  0.2  0.2		4.1705503158		-1.0
	26824.99999999	8.83925		-1.15548  0.2  0.2		4.1705503158		-1.0
	26854.99999999	9.13257		-1.157  0.2  0.2		4.1705503158		-1.0
	26884.99999999	9.36217		-1.42068  0.2  0.2		4.1705503158		-1.0
	26914.99999999	9.1217		-1.55679  0.2  0.2		4.1705503158		-1.0
	26944.99999999	8.25931		-1.83177  0.2  0.2		4.1705503158		-1.0
	26974.99999999	7.51084		-2.01507  0.2  0.2		4.1705503158		-1.0
	27004.99999999	7.04505		-2.34362  0.2  0.2		4.1705503158		-1.0
	27034.99999999	7.098		-2.64396  0.2  0.2		4.1705503158		-1.0
	27064.99999999	7.60014		-2.92152  0.2  0.2		4.1705503158		-1.0
	27094.99999999	8.30158		-2.74325  0.2  0.2		4.1705503158		-1.0
	27124.99999999	7.95537		-2.35943  0.2  0.2		4.1705503158		-1.0
	27154.99999999	7.46896		-1.84823  0.2  0.2		4.1705503158		-1.0
	27184.99999999	7.15128		-1.2198  0.2  0.2		4.1705503158		-1.0
	27214.99999999	6.32928		-1.00138  0.2  0.2		4.1705503158		-1.0
	27244.99999998	5.58522		-0.88401  0.2  0.2		4.1705503158		-1.0
	27274.99999998	5.96829		-0.57749  0.2  0.2		4.1705503158		-1.0
	27304.99999998	6.51665		-0.56397  0.2  0.2		4.1705503158		-1.0
	27334.99999998	7.3392		-0.40369  0.2  0.2		4.1705503158		-1.0
	27364.99999998	8.0765		0.10823  0.2  0.2		4.1705503158		-1.0
	27394.99999998	8.93261		0.10045  0.2  0.2		4.1705503158		-1.0
	27424.99999998	9.95768		0.14236  0.2  0.2		4.1705503158		-1.0
	27454.99999998	10.91308		0.20929  0.2  0.2		4.1705503158		-1.0
	27484.99999998	11.62334		0.09574  0.2  0.2		4.1705503158		-1.0
	27514.99999998	12.10884		-0.13697  0.2  0.2		4.1705503158		-1.0
	27544.99999998	11.78246		-0.5412  0.2  0.2		4.1705503158		-1.0
	27574.99999998	11.24421		-0.72127  0.2  0.2		4.1705503158		-1.0
	27604.99999998	10.5555		-0.94073  0.2  0.2		4.1705503158		-1.0
	27634.99999998	9.84805		-0.75892  0.2  0.2		4.1705503158		-1.0
	27664.99999998	9.49911		-0.38096  0.2  0.2		4.1705503158		-1.0
	27694.99999998	9.29903		0.05762  0.2  0.2		4.1705503158		-1.0
	27724.99999998	9.34694		0.69383  0.2  0.2		4.1705503158		-1.0
	27754.99999998	9.93649		1.1999  0.2  0.2		4.1705503158		-1.0
	27784.99999998	10.42079		1.2246  0.2  0.2		4.1705503158		-1.0
	27814.99999998	11.39857		0.86929  0.2  0.2		4.1705503158		-1.0
	27844.99999998	11.92783		0.418  0.2  0.2		4.1705503158		-1.0
	27874.99999998	11.76948		0.48857  0.2  0.2		4.1705503158		-1.0
	27904.99999998	10.63925		0.28366  0.2  0.2		4.1705503158		-1.0
	27934.99999998	9.81716		-0.36835  0.2  0.2		4.1705503158		-1.0
	27964.99999998	9.37119		-0.82178  0.2  0.2		4.1705503158		-1.0
	27994.99999998	9.12365		-1.33624  0.2  0.2		4.1705503158		-1.0
	28024.99999998	8.85255		-1.3094  0.2  0.2		4.1705503158		-1.0
	28054.99999998	8.41344		-1.50089  0.2  0.2		4.1705503158		-1.0
	28084.99999998	8.11759		-1.79752  0.2  0.2		4.1705503158		-1.0
	28114.99999998	7.8837		-1.91482  0.2  0.2		4.1705503158		-1.0
	28144.99999998	7.68568		-2.07222  0.2  0.2		4.1705503158		-1.0
	28174.99999998	7.69116		-2.42545  0.2  0.2		4.1705503158		-1.0
	28204.99999998	7.61464		-2.61304  0.2  0.2		4.1705503158		-1.0
	28234.99999998	7.27029		-2.7582  0.2  0.2		4.1705503158		-1.0
	28264.99999998	7.38439		2.99889  0.2  0.2		4.1705503158		-1.0
	28294.99999998	7.16386		2.98393  0.2  0.2		4.1705503158		-1.0
	28324.99999998	6.93696		-2.96547  0.2  0.2		4.1705503158		-1.0
	28354.99999998	7.00628		2.87863  0.2  0.2		4.1705503158		-1.0
	28384.99999998	7.20505		0.54879  0.2  0.2		4.1705503158		-1.0
	28414.99999998	7.46494		2.56145  0.2  0.2		4.1705503158		-1.0
	28444.99999998	7.94376		2.3587  0.2  0.2		4.1705503158		-1.0
	28474.99999998	8.47276		2.72789  0.2  0.2		4.1705503158		-1.0
	28504.99999998	9.23642		-3.08786  0.2  0.2		4.1705503158		-1.0
	28534.99999998	9.78172		-2.71938  0.2  0.2		4.1705503158		-1.0
	28564.99999998	10.15006		-0.27754  0.2  0.2		4.1705503158		-1.0
	28594.99999998	10.20997		-1.18391  0.2  0.2		4.1705503158		-1.0
	28624.99999998	10.69211		-0.22706  0.2  0.2		4.1705503158		-1.0
	28654.99999998	11.05727		1.16423  0.2  0.2		4.1705503158		-1.0
	28684.99999998	11.40613		2.20388  0.2  0.2		4.1705503158		-1.0
	28714.99999998	11.72453		2.56628  0.2  0.2		4.1705503158		-1.0
	28744.99999998	12.0601		2.17493  0.2  0.2		4.1705503158		-1.0
	28774.99999998	11.94276		1.76881  0.2  0.2		4.1705503158		-1.0
	28804.99999998	11.35592		1.35739  0.2  0.2		4.1705503158		-1.0
	28834.99999998	11.12161		1.66276  0.2  0.2		4.1705503158		-1.0
	28864.99999998	10.88253		2.41181  0.2  0.2		4.1705503158		-1.0
	28894.99999998	11.06532		1.77894  0.2  0.2		4.1705503158		-1.0
	28924.99999998	10.97001		1.8919  0.2  0.2		4.1705503158		-1.0
	28954.99999998	10.43467		2.27241  0.2  0.2		4.1705503158		-1.0
	28984.99999998	9.92701		2.17533  0.2  0.2		4.1705503158		-1.0
	29014.99999998	9.44747		1.80231  0.2  0.2		4.1705503158		-1.0
	29044.99999998	8.968		1.66363  0.2  0.2		4.1705503158		-1.0
	29074.99999998	8.63508		0.74094  0.2  0.2		4.1705503158		-1.0
	29104.99999998	8.36669		1.32827  0.2  0.2		4.1705503158		-1.0
	29134.99999998	7.8969		1.24191  0.2  0.2		4.1705503158		-1.0
	29164.99999998	7.52619		1.34919  0.2  0.2		4.1705503158		-1.0
	29194.99999998	7.63402		0.88438  0.2  0.2		4.1705503158		-1.0
	29224.99999998	7.46147		-0.0615  0.2  0.2		4.1705503158		-1.0
	29254.99999998	7.62915		-0.50203  0.2  0.2		4.1705503158		-1.0
	29284.99999998	7.53155		-0.7279  0.2  0.2		4.1705503158		-1.0
	29314.99999998	7.23808		-0.96078  0.2  0.2		4.1705503158		-1.0
	29344.99999998	7.5626		-1.61886  0.2  0.2		4.1705503158		-1.0
	29374.99999998	7.84644		-1.54227  0.2  0.2		4.1705503158		-1.0
	29404.99999998	8.04022		-0.44202  0.2  0.2		4.1705503158		-1.0
	29434.99999998	8.46055		0.49557  0.2  0.2		4.1705503158		-1.0
	29464.99999998	9.3468		0.58845  0.2  0.2		4.1705503158		-1.0
	29494.99999998	10.39872		0.67649  0.2  0.2		4.1705503158		-1.0
	29524.99999998	11.33258		0.61733  0.2  0.2		4.1705503158		-1.0
	29554.99999998	11.84556		0.81877  0.2  0.2		4.1705503158		-1.0
	29584.99999998	12.04062		0.85235  0.2  0.2		4.1705503158		-1.0
	29614.99999998	11.65595		0.9397  0.2  0.2		4.1705503158		-1.0
	29644.99999998	11.32776		0.71708  0.2  0.2		4.1705503158		-1.0
	29674.99999998	10.84268		0.2487  0.2  0.2		4.1705503158		-1.0
	29704.99999998	10.2472		0.15673  0.2  0.2		4.1705503158		-1.0
	29734.99999998	10.30647		-0.28731  0.2  0.2		4.1705503158		-1.0
	29764.99999998	10.23174		-0.83076  0.2  0.2		4.1705503158		-1.0
	29794.99999998	10.15984		-0.44377  0.2  0.2		4.1705503158		-1.0
	29824.99999998	10.12206		-0.59098  0.2  0.2		4.1705503158		-1.0
	29854.99999998	9.71698		-0.97581  0.2  0.2		4.1705503158		-1.0
	29884.99999998	9.39348		-0.73619  0.2  0.2		4.1705503158		-1.0
	29914.99999998	8.82957		-0.33452  0.2  0.2		4.1705503158		-1.0
	29944.99999998	8.84808		-0.06424  0.2  0.2		4.1705503158		-1.0
	29974.99999998	8.44934		0.37721  0.2  0.2		4.1705503158		-1.0
	30004.99999998	8.97253		0.92527  0.2  0.2		4.1705503158		-1.0
	30034.99999998	9.38735		0.95521  0.2  0.2		4.1705503158		-1.0
	30064.99999998	9.56069		1.02737  0.2  0.2		4.1705503158		-1.0
	30094.99999998	9.73691		0.91535  0.2  0.2		4.1705503158		-1.0
	30124.99999998	9.94499		0.308  0.2  0.2		4.1705503158		-1.0
	30154.99999998	9.79341		0.57952  0.2  0.2		4.1705503158		-1.0
	30184.99999998	9.5141		0.42494  0.2  0.2		4.1705503158		-1.0
	30214.99999998	9.00125		0.30508  0.2  0.2		4.1705503158		-1.0
	30244.99999998	8.86263		0.52753  0.2  0.2		4.1705503158		-1.0
	30274.99999998	8.75043		0.71806  0.2  0.2		4.1705503158		-1.0
	30304.99999998	8.4595		0.80098  0.2  0.2		4.1705503158		-1.0
	30334.99999998	8.30861		1.15309  0.2  0.2		4.1705503158		-1.0
	30364.99999998	8.04734		1.54126  0.2  0.2		4.1705503158		-1.0
	30394.99999998	7.63281		1.56773  0.2  0.2		4.1705503158		-1.0
	30424.99999998	7.21579		1.62806  0.2  0.2		4.1705503158		-1.0
	30454.99999998	6.64172		1.63476  0.2  0.2		4.1705503158		-1.0
	30484.99999998	6.4829		1.50371  0.2  0.2		4.1705503158		-1.0
	30514.99999998	6.18659		1.85175  0.2  0.2		4.1705503158		-1.0
	30544.99999998	6.20506		1.72363  0.2  0.2		4.1705503158		-1.0
	30574.99999998	6.21736		2.18776  0.2  0.2		4.1705503158		-1.0
	30604.99999998	6.97852		2.23712  0.2  0.2		4.1705503158		-1.0
	30634.99999998	7.7486		2.34527  0.2  0.2		4.1705503158		-1.0
	30664.99999998	8.09806		2.15293  0.2  0.2		4.1705503158		-1.0
	30694.99999998	8.31156		1.7685  0.2  0.2		4.1705503158		-1.0
	30724.99999998	8.67714		1.60059  0.2  0.2		4.1705503158		-1.0
	30754.99999998	8.71764		1.39018  0.2  0.2		4.1705503158		-1.0
	30784.99999998	8.69459		1.80445  0.2  0.2		4.1705503158		-1.0
	30814.99999998	8.25214		2.1258  0.2  0.2		4.1705503158		-1.0
	30844.99999998	8.19027		2.48408  0.2  0.2		4.1705503158		-1.0
	30874.99999998	8.86133		2.63522  0.2  0.2		4.1705503158		-1.0
	30904.99999998	9.28253		2.61753  0.2  0.2		4.1705503158		-1.0
	30934.99999998	9.98312		2.53979  0.2  0.2		4.1705503158		-1.0
	30964.99999998	10.48813		2.43527  0.2  0.2		4.1705503158		-1.0
	30994.99999998	11.00249		2.23299  0.2  0.2		4.1705503158		-1.0
	31024.99999998	11.80546		2.04932  0.2  0.2		4.1705503158		-1.0
	31054.99999998	12.14382		2.03272  0.2  0.2		4.1705503158		-1.0
	31084.99999998	12.02408		2.1173  0.2  0.2		4.1705503158		-1.0
	31114.99999998	11.59407		1.97775  0.2  0.2		4.1705503158		-1.0
	31144.99999998	10.82461		1.77316  0.2  0.2		4.1705503158		-1.0
	31174.99999998	9.87365		1.71024  0.2  0.2		4.1705503158		-1.0
	31204.99999998	9.2133		1.18132  0.2  0.2		4.1705503158		-1.0
	31234.99999998	9.17791		0.78019  0.2  0.2		4.1705503158		-1.0
	31264.99999998	8.73104		0.39073  0.2  0.2		4.1705503158		-1.0
	31294.99999998	8.2905		-0.10022  0.2  0.2		4.1705503158		-1.0
	31324.99999998	7.96554		-0.26808  0.2  0.2		4.1705503158		-1.0
	31354.99999998	7.94442		-0.61278  0.2  0.2		4.1705503158		-1.0
	31384.99999998	7.84034		-0.93447  0.2  0.2		4.1705503158		-1.0
	31414.99999998	7.94347		-1.14434  0.2  0.2		4.1705503158		-1.0
	31444.99999998	7.79577		-1.0423  0.2  0.2		4.1705503158		-1.0
	31474.99999998	7.33956		-1.21039  0.2  0.2		4.1705503158		-1.0
	31504.99999998	7.17363		-1.66884  0.2  0.2		4.1705503158		-1.0
	31534.99999998	7.09171		-2.10739  0.2  0.2		4.1705503158		-1.0
	31564.99999998	7.05414		-2.52343  0.2  0.2		4.1705503158		-1.0
	31594.99999998	6.7771		-1.7463  0.2  0.2		4.1705503158		-1.0
	31624.99999998	6.65831		-1.25315  0.2  0.2		4.1705503158		-1.0
	31654.99999998	6.85342		-0.82158  0.2  0.2		4.1705503158		-1.0
	31684.99999998	6.82213		-1.54526  0.2  0.2		4.1705503158		-1.0
	31714.99999998	6.88544		-1.70195  0.2  0.2		4.1705503158		-1.0
	31744.99999998	6.64831		-2.58129  0.2  0.2		4.1705503158		-1.0
	31774.99999998	6.56447		3.12692  0.2  0.2		4.1705503158		-1.0
	31804.99999998	6.63716		-2.59606  0.2  0.2		4.1705503158		-1.0
	31834.99999998	6.37949		-2.31249  0.2  0.2		4.1705503158		-1.0
	31864.99999998	5.96519		-1.84331  0.2  0.2		4.1705503158		-1.0
	31894.99999998	6.05728		-1.15611  0.2  0.2		4.1705503158		-1.0
	31924.99999998	6.48544		-0.98592  0.2  0.2		4.1705503158		-1.0
	31954.99999998	6.70232		-0.51285  0.2  0.2		4.1705503158		-1.0
	31984.99999998	7.02822		-0.38958  0.2  0.2		4.1705503158		-1.0
	32014.99999998	7.40411		-0.91031  0.2  0.2		4.1705503158		-1.0
	32044.99999998	7.60889		-0.76297  0.2  0.2		4.1705503158		-1.0
	32074.99999998	7.70592		0.00078  0.2  0.2		4.1705503158		-1.0
	32104.99999998	7.92848		0.89103  0.2  0.2		4.1705503158		-1.0
	32134.99999998	8.07438		0.65786  0.2  0.2		4.1705503158		-1.0
	32164.99999998	8.37725		0.25122  0.2  0.2		4.1705503158		-1.0
	32194.99999998	8.39774		0.66518  0.2  0.2		4.1705503158		-1.0
	32224.99999998	8.29515		0.45279  0.2  0.2		4.1705503158		-1.0
	32254.99999998	7.31845		0.44954  0.2  0.2		4.1705503158		-1.0
	32284.99999998	5.99875		0.68121  0.2  0.2		4.1705503158		-1.0
	32314.99999998	5.63307		0.62731  0.2  0.2		4.1705503158		-1.0
	32344.99999998	5.73859		1.04622  0.2  0.2		4.1705503158		-1.0
	32374.99999998	6.10135		1.10653  0.2  0.2		4.1705503158		-1.0
	32404.99999998	6.38689		1.08962  0.2  0.2		4.1705503158		-1.0
	32434.99999998	7.20717		0.959  0.2  0.2		4.1705503158		-1.0
	32464.99999998	8.10571		1.12008  0.2  0.2		4.1705503158		-1.0
	32494.99999998	8.8069		1.03441  0.2  0.2		4.1705503158		-1.0
	32524.99999998	9.59156		0.6787  0.2  0.2		4.1705503158		-1.0
	32554.99999998	9.83338		-0.19603  0.2  0.2		4.1705503158		-1.0
	32584.99999998	9.75625		-1.82979  0.2  0.2		4.1705503158		-1.0
	32614.99999998	9.07868		2.15484  0.2  0.2		4.1705503158		-1.0
	32644.99999998	8.71798		2.34953  0.2  0.2		4.1705503158		-1.0
	32674.99999998	8.36614		2.33891  0.2  0.2		4.1705503158		-1.0
	32704.99999998	8.25764		1.26915  0.2  0.2		4.1705503158		-1.0
	32734.99999998	8.48316		0.99299  0.2  0.2		4.1705503158		-1.0
	32764.99999998	8.8104		1.07679  0.2  0.2		4.1705503158		-1.0
	32794.99999998	9.52458		1.43442  0.2  0.2		4.1705503158		-1.0
	32824.99999998	10.13766		1.53508  0.2  0.2		4.1705503158		-1.0
	32854.99999998	10.8672		1.56931  0.2  0.2		4.1705503158		-1.0
	32884.99999998	11.54594		1.49915  0.2  0.2		4.1705503158		-1.0
	32914.99999998	12.04132		1.3909  0.2  0.2		4.1705503158		-1.0
	32944.99999998	12.00269		1.52801  0.2  0.2		4.1705503158		-1.0
	32974.99999998	11.70095		1.44947  0.2  0.2		4.1705503158		-1.0
	33004.99999998	11.60708		0.99497  0.2  0.2		4.1705503158		-1.0
	33034.99999998	11.0316		1.00047  0.2  0.2		4.1705503158		-1.0
	33064.99999998	10.40065		1.14963  0.2  0.2		4.1705503158		-1.0
	33094.99999998	10.01795		1.05162  0.2  0.2		4.1705503158		-1.0
	33124.99999998	10.00571		0.92998  0.2  0.2		4.1705503158		-1.0
	33154.99999998	10.34623		1.11855  0.2  0.2		4.1705503158		-1.0
	33184.99999998	10.87641		1.05374  0.2  0.2		4.1705503158		-1.0
	33214.99999998	11.5859		0.98564  0.2  0.2		4.1705503158		-1.0
	33244.99999998	11.96814		1.37141  0.2  0.2		4.1705503158		-1.0
	33274.99999998	12.07821		1.34381  0.2  0.2		4.1705503158		-1.0
	33304.99999998	11.64222		1.0825  0.2  0.2		4.1705503158		-1.0
	33334.99999998	11.44243		1.24835  0.2  0.2		4.1705503158		-1.0
	33364.99999998	11.20722		1.79542  0.2  0.2		4.1705503158		-1.0
	33394.99999998	10.86518		2.21063  0.2  0.2		4.1705503158		-1.0
	33424.99999998	10.78132		2.33665  0.2  0.2		4.1705503158		-1.0
	33454.99999998	10.33739		2.54345  0.2  0.2		4.1705503158		-1.0
	33484.99999998	9.58143		2.15465  0.2  0.2		4.1705503158		-1.0
	33514.99999998	8.96491		1.55991  0.2  0.2		4.1705503158		-1.0
	33544.99999998	9.0638		0.84167  0.2  0.2		4.1705503158		-1.0
	33574.99999998	9.13358		0.5736  0.2  0.2		4.1705503158		-1.0
	33604.99999998	8.96852		0.35328  0.2  0.2		4.1705503158		-1.0
	33634.99999998	8.88328		-0.19046  0.2  0.2		4.1705503158		-1.0
	33664.99999998	9.0582		-0.62711  0.2  0.2		4.1705503158		-1.0
	33694.99999998	9.18566		-0.83682  0.2  0.2		4.1705503158		-1.0
	33724.99999997	8.79218		-0.75929  0.2  0.2		4.1705503158		-1.0
	33754.99999997	8.20889		-0.59446  0.2  0.2		4.1705503158		-1.0
	33784.99999997	7.79133		-0.38763  0.2  0.2		4.1705503158		-1.0
	33814.99999997	7.31363		0.11891  0.2  0.2		4.1705503158		-1.0
	33844.99999997	7.06345		1.18236  0.2  0.2		4.1705503158		-1.0
	33874.99999997	7.059		1.86143  0.2  0.2		4.1705503158		-1.0
	33904.99999997	7.32122		2.10675  0.2  0.2		4.1705503158		-1.0
	33934.99999997	7.45146		2.10889  0.2  0.2		4.1705503158		-1.0
	33964.99999997	7.93808		1.59445  0.2  0.2		4.1705503158		-1.0
	33994.99999997	8.46062		1.94742  0.2  0.2		4.1705503158		-1.0
	34024.99999997	9.04256		2.38312  0.2  0.2		4.1705503158		-1.0
	34054.99999997	9.70194		2.62405  0.2  0.2		4.1705503158		-1.0
	34084.99999997	10.02055		2.82968  0.2  0.2		4.1705503158		-1.0
	34114.99999997	9.83363		-2.38633  0.2  0.2		4.1705503158		-1.0
	34144.99999997	9.27928		-2.98844  0.2  0.2		4.1705503158		-1.0
	34174.99999997	8.71191		-2.62487  0.2  0.2		4.1705503158		-1.0
	34204.99999997	8.03056		-1.29881  0.2  0.2		4.1705503158		-1.0
	34234.99999997	7.87744		-2.49599  0.2  0.2		4.1705503158		-1.0
	34264.99999997	8.00669		-1.3728  0.2  0.2		4.1705503158		-1.0
	34294.99999997	8.28027		-1.34138  0.2  0.2		4.1705503158		-1.0
	34324.99999997	8.9218		-1.10985  0.2  0.2		4.1705503158		-1.0
	34354.99999997	9.44441		-0.99792  0.2  0.2		4.1705503158		-1.0
	34384.99999997	10.12258		-0.99885  0.2  0.2		4.1705503158		-1.0
	34414.99999997	10.56138		-1.03977  0.2  0.2		4.1705503158		-1.0
	34444.99999997	10.96263		-0.72083  0.2  0.2		4.1705503158		-1.0
	34474.99999997	11.31543		-0.68182  0.2  0.2		4.1705503158		-1.0
	34504.99999997	11.28342		-1.01327  0.2  0.2		4.1705503158		-1.0
	34534.99999997	11.04476		-0.90151  0.2  0.2		4.1705503158		-1.0
	34564.99999997	10.66533		-1.11381  0.2  0.2		4.1705503158		-1.0
	34594.99999997	10.18198		-1.69517  0.2  0.2		4.1705503158		-1.0
	34624.99999997	9.76618		-1.85573  0.2  0.2		4.1705503158		-1.0
	34654.99999997	9.55275		-1.99608  0.2  0.2		4.1705503158		-1.0
	34684.99999997	9.45279		-2.24333  0.2  0.2		4.1705503158		-1.0
	34714.99999997	8.94807		-1.85292  0.2  0.2		4.1705503158		-1.0
	34744.99999997	8.66896		-1.67883  0.2  0.2		4.1705503158		-1.0
	34774.99999997	8.8309		-1.87816  0.2  0.2		4.1705503158		-1.0
	34804.99999997	9.31708		-1.71486  0.2  0.2		4.1705503158		-1.0
	34834.99999997	9.8162		-1.70765  0.2  0.2		4.1705503158		-1.0
	34864.99999997	10.61379		-1.72626  0.2  0.2		4.1705503158		-1.0
