	30.00000000	3.00474		0.95818  0.2  0.2		4.1705503158		-1.0
	60.00000000	3.02146		0.75517  0.2  0.2		4.1705503158		-1.0
	90.00000000	2.99658		0.67055  0.2  0.2		4.1705503158		-1.0
	120.00000000	3.00471		0.64499  0.2  0.2		4.1705503158		-1.0
	150.00000000	2.88946		0.64778  0.2  0.2		4.1705503158		-1.0
	180.00000000	2.86581		0.70327  0.2  0.2		4.1705503158		-1.0
	210.00000000	2.9944		0.82065  0.2  0.2		4.1705503158		-1.0
	240.00000000	3.0281		1.1645  0.2  0.2		4.1705503158		-1.0
	270.00000000	2.82027		1.16294  0.2  0.2		4.1705503158		-1.0
	300.00000000	2.83175		1.01925  0.2  0.2		4.1705503158		-1.0
	330.00000000	3.12113		0.95485  0.2  0.2		4.1705503158		-1.0
	360.00000000	3.13752		1.12475  0.2  0.2		4.1705503158		-1.0
	390.00000000	2.77954		1.45632  0.2  0.2		4.1705503158		-1.0
	420.00000000	2.78215		1.43441  0.2  0.2		4.1705503158		-1.0
	450.00000000	3.05198		1.38712  0.2  0.2		4.1705503158		-1.0
	480.00000000	3.24616		1.23442  0.2  0.2		4.1705503158		-1.0
	510.00000000	2.89275		1.15001  0.2  0.2		4.1705503158		-1.0
	540.00000000	2.79838		1.49243  0.2  0.2		4.1705503158		-1.0
	570.00000000	2.96493		1.50575  0.2  0.2		4.1705503158		-1.0
	600.00000000	3.07413		1.29365  0.2  0.2		4.1705503158		-1.0
	630.00000000	2.72178		1.06147  0.2  0.2		4.1705503158		-1.0
	660.00000000	2.99419		0.77244  0.2  0.2		4.1705503158		-1.0
	690.00000000	3.0019		0.46117  0.2  0.2		4.1705503158		-1.0
	720.00000000	2.88663		-0.14575  0.2  0.2		4.1705503158		-1.0
	750.00000000	2.9674		-0.63701  0.2  0.2		4.1705503158		-1.0
	780.00000000	2.95247		-1.10768  0.2  0.2		4.1705503158		-1.0
	810.00000000	3.01113		-1.1611  0.2  0.2		4.1705503158		-1.0
	840.00000000	2.98038		-1.04932  0.2  0.2		4.1705503158		-1.0
	870.00000000	2.95032		-0.57374  0.2  0.2		4.1705503158		-1.0
	900.00000000	2.89285		0.10605  0.2  0.2		4.1705503158		-1.0
	930.00000000	2.97785		0.38434  0.2  0.2		4.1705503158		-1.0
	960.00000000	3.09475		0.13136  0.2  0.2		4.1705503158		-1.0
	990.00000000	3.0077		-0.2866  0.2  0.2		4.1705503158		-1.0
	1020.00000000	2.78736		-0.89498  0.2  0.2		4.1705503158		-1.0
	1050.00000000	2.86511		-1.15995  0.2  0.2		4.1705503158		-1.0
	1080.00000000	2.90471		-1.30876  0.2  0.2		4.1705503158		-1.0
	1110.00000000	2.96737		-1.28528  0.2  0.2		4.1705503158		-1.0
	1140.00000000	2.80271		-1.49894  0.2  0.2		4.1705503158		-1.0
	1170.00000000	3.0313		-1.46289  0.2  0.2		4.1705503158		-1.0
	1200.00000000	3.26591		-1.27519  0.2  0.2		4.1705503158		-1.0
	1230.00000000	2.77972		-1.11644  0.2  0.2		4.1705503158		-1.0
	1260.00000000	2.91627		-0.80275  0.2  0.2		4.1705503158		-1.0
	1290.00000000	3.17298		-0.6392  0.2  0.2		4.1705503158		-1.0
	1320.00000000	2.98247		-0.51411  0.2  0.2		4.1705503158		-1.0
	1350.00000000	2.83996		-0.56124  0.2  0.2		4.1705503158		-1.0
	1380.00000000	2.77755		-0.63478  0.2  0.2		4.1705503158		-1.0
	1410.00000000	3.13312		-0.78261  0.2  0.2		4.1705503158		-1.0
	1440.00000000	3.00004		-1.02651  0.2  0.2		4.1705503158		-1.0
	1470.00000000	2.67124		-1.5616  0.2  0.2		4.1705503158		-1.0
	1500.00000000	2.82235		-1.72596  0.2  0.2		4.1705503158		-1.0
	1530.00000000	3.02665		-1.55079  0.2  0.2		4.1705503158		-1.0
	1560.00000000	3.24386		-1.44071  0.2  0.2		4.1705503158		-1.0
	1590.00000000	2.78772		-1.5936  0.2  0.2		4.1705503158		-1.0
	1620.00000000	2.90881		-1.96633  0.2  0.2		4.1705503158		-1.0
	1650.00000000	2.97676		-2.24795  0.2  0.2		4.1705503158		-1.0
	1680.00000000	2.92683		-2.05406  0.2  0.2		4.1705503158		-1.0
	1710.00000000	2.97104		-2.0869  0.2  0.2		4.1705503158		-1.0
	1740.00000000	3.00267		-1.76067  0.2  0.2		4.1705503158		-1.0
	1770.00000000	2.83476		-1.83174  0.2  0.2		4.1705503158		-1.0
	1800.00000000	2.98087		-1.84056  0.2  0.2		4.1705503158		-1.0
	1830.00000000	2.75103		-1.92816  0.2  0.2		4.1705503158		-1.0
	1860.00000000	3.06677		-2.1206  0.2  0.2		4.1705503158		-1.0
	1890.00000000	2.92354		-2.0831  0.2  0.2		4.1705503158		-1.0
	1920.00000000	3.02152		-2.05851  0.2  0.2		4.1705503158		-1.0
	1950.00000000	2.82649		-2.29326  0.2  0.2		4.1705503158		-1.0
	1980.00000000	2.90371		-2.58625  0.2  0.2		4.1705503158		-1.0
	2010.00000000	3.03155		-2.70573  0.2  0.2		4.1705503158		-1.0
	2040.00000000	3.00008		-2.50906  0.2  0.2		4.1705503158		-1.0
	2070.00000000	2.77177		-2.61377  0.2  0.2		4.1705503158		-1.0
	2100.00000000	2.85152		-2.79298  0.2  0.2		4.1705503158		-1.0
	2130.00000000	3.03222		-2.88847  0.2  0.2		4.1705503158		-1.0
	2160.00000000	2.96045		-3.00987  0.2  0.2		4.1705503158		-1.0
	2190.00000000	2.99584		-2.91223  0.2  0.2		4.1705503158		-1.0
	2220.00000000	2.83717		-2.79615  0.2  0.2		4.1705503158		-1.0
	2250.00000000	2.82922		-2.94449  0.2  0.2		4.1705503158		-1.0
	2280.00000000	2.93288		-3.07724  0.2  0.2		4.1705503158		-1.0
	2310.00000000	2.86525		3.08421  0.2  0.2		4.1705503158		-1.0
	2340.00000000	2.86377		2.93991  0.2  0.2		4.1705503158		-1.0
	2370.00000000	2.88578		2.79773  0.2  0.2		4.1705503158		-1.0
	2400.00000000	3.0398		2.9447  0.2  0.2		4.1705503158		-1.0
	2430.00000000	2.88303		2.84135  0.2  0.2		4.1705503158		-1.0
	2460.00000000	3.0558		2.9479  0.2  0.2		4.1705503158		-1.0
	2490.00000000	2.89159		3.08133  0.2  0.2		4.1705503158		-1.0
	2520.00000000	3.06099		2.99688  0.2  0.2		4.1705503158		-1.0
	2550.00000000	3.08822		2.54539  0.2  0.2		4.1705503158		-1.0
	2580.00000000	2.8932		2.30986  0.2  0.2		4.1705503158		-1.0
	2610.00000000	2.85096		2.34184  0.2  0.2		4.1705503158		-1.0
	2640.00000000	2.75802		2.57924  0.2  0.2		4.1705503158		-1.0
	2670.00000000	2.76248		2.68748  0.2  0.2		4.1705503158		-1.0
	2700.00000000	3.04797		2.718  0.2  0.2		4.1705503158		-1.0
	2730.00000000	2.75638		2.7215  0.2  0.2		4.1705503158		-1.0
	2760.00000000	2.97987		2.57835  0.2  0.2		4.1705503158		-1.0
	2790.00000000	3.12509		2.5473  0.2  0.2		4.1705503158		-1.0
	2820.00000000	2.72103		2.42145  0.2  0.2		4.1705503158		-1.0
	2850.00000000	2.95668		2.31032  0.2  0.2		4.1705503158		-1.0
	2880.00000000	3.12513		1.97867  0.2  0.2		4.1705503158		-1.0
	2910.00000000	2.89695		1.99592  0.2  0.2		4.1705503158		-1.0
	2940.00000000	2.82297		1.94511  0.2  0.2		4.1705503158		-1.0
	2970.00000000	2.90462		1.69285  0.2  0.2		4.1705503158		-1.0
	3000.00000000	2.95956		1.78624  0.2  0.2		4.1705503158		-1.0
	3030.00000000	2.95088		1.98828  0.2  0.2		4.1705503158		-1.0
	3060.00000000	2.92179		1.94465  0.2  0.2		4.1705503158		-1.0
	3090.00000000	3.00384		1.91125  0.2  0.2		4.1705503158		-1.0
	3120.00000000	2.74502		2.11958  0.2  0.2		4.1705503158		-1.0
	3150.00000000	2.93166		2.22227  0.2  0.2		4.1705503158		-1.0
	3180.00000000	2.7801		2.03743  0.2  0.2		4.1705503158		-1.0
	3210.00000000	2.73724		1.68683  0.2  0.2		4.1705503158		-1.0
	3240.00000000	2.98893		1.56942  0.2  0.2		4.1705503158		-1.0
	3270.00000000	3.16526		1.52378  0.2  0.2		4.1705503158		-1.0
	3300.00000000	2.81771		1.60969  0.2  0.2		4.1705503158		-1.0
	3330.00000000	3.14097		1.37473  0.2  0.2		4.1705503158		-1.0
	3360.00000000	2.77584		1.14252  0.2  0.2		4.1705503158		-1.0
	3390.00000000	2.79218		1.18589  0.2  0.2		4.1705503158		-1.0
	3420.00000000	2.80609		1.40925  0.2  0.2		4.1705503158		-1.0
	3450.00000000	2.90743		1.71665  0.2  0.2		4.1705503158		-1.0
	3480.00000000	2.75724		1.92207  0.2  0.2		4.1705503158		-1.0
	3510.00000000	3.20676		1.92926  0.2  0.2		4.1705503158		-1.0
	3540.00000000	2.85425		2.08434  0.2  0.2		4.1705503158		-1.0
	3570.00000000	2.91245		2.51174  0.2  0.2		4.1705503158		-1.0
	3600.00000000	2.90907		2.58531  0.2  0.2		4.1705503158		-1.0
	3630.00000000	2.81187		2.4186  0.2  0.2		4.1705503158		-1.0
	3660.00000000	2.92525		2.30373  0.2  0.2		4.1705503158		-1.0
	3690.00000000	3.00092		2.32065  0.2  0.2		4.1705503158		-1.0
	3720.00000000	3.30647		2.25347  0.2  0.2		4.1705503158		-1.0
	3750.00000000	2.66207		2.09215  0.2  0.2		4.1705503158		-1.0
	3780.00000000	3.25128		1.77886  0.2  0.2		4.1705503158		-1.0
	3810.00000000	2.76574		1.69735  0.2  0.2		4.1705503158		-1.0
	3840.00000000	2.8791		1.5552  0.2  0.2		4.1705503158		-1.0
	3870.00000000	2.88917		1.36305  0.2  0.2		4.1705503158		-1.0
	3900.00000000	2.94328		0.97453  0.2  0.2		4.1705503158		-1.0
	3930.00000000	2.88574		0.77924  0.2  0.2		4.1705503158		-1.0
	3960.00000000	2.66408		0.80452  0.2  0.2		4.1705503158		-1.0
	3990.00000000	3.28004		0.7554  0.2  0.2		4.1705503158		-1.0
	4020.00000000	2.78724		0.68877  0.2  0.2		4.1705503158		-1.0
	4050.00000000	2.85723		0.43874  0.2  0.2		4.1705503158		-1.0
	4080.00000000	3.101		-0.01867  0.2  0.2		4.1705503158		-1.0
	4110.00000000	3.06324		-0.21561  0.2  0.2		4.1705503158		-1.0
	4140.00000000	2.86485		-0.23275  0.2  0.2		4.1705503158		-1.0
	4170.00000000	2.87982		-0.40909  0.2  0.2		4.1705503158		-1.0
	4200.00000000	3.0284		-0.63772  0.2  0.2		4.1705503158		-1.0
	4230.00000000	2.74191		-0.95595  0.2  0.2		4.1705503158		-1.0
	4260.00000000	3.03647		-1.13088  0.2  0.2		4.1705503158		-1.0
	4290.00000000	2.87445		-1.05803  0.2  0.2		4.1705503158		-1.0
	4320.00000000	2.72469		-1.35572  0.2  0.2		4.1705503158		-1.0
	4350.00000000	2.85896		-1.55921  0.2  0.2		4.1705503158		-1.0
	4380.00000000	3.09407		-1.49731  0.2  0.2		4.1705503158		-1.0
	4410.00000000	3.02745		-1.73875  0.2  0.2		4.1705503158		-1.0
	4440.00000000	3.21097		-1.76866  0.2  0.2		4.1705503158		-1.0
	4470.00000000	3.13963		-1.60292  0.2  0.2		4.1705503158		-1.0
	4500.00000000	2.80195		-1.72631  0.2  0.2		4.1705503158		-1.0
	4530.00000000	3.14063		-1.56972  0.2  0.2		4.1705503158		-1.0
	4560.00000000	2.70609		-1.49748  0.2  0.2		4.1705503158		-1.0
	4590.00000000	2.95955		-1.60156  0.2  0.2		4.1705503158		-1.0
	4620.00000000	3.25736		-1.69412  0.2  0.2		4.1705503158		-1.0
	4650.00000000	3.16606		-2.0461  0.2  0.2		4.1705503158		-1.0
	4680.00000000	3.05778		-2.26521  0.2  0.2		4.1705503158		-1.0
	4710.00000000	2.92384		-2.31792  0.2  0.2		4.1705503158		-1.0
	4740.00000000	2.79205		-2.33102  0.2  0.2		4.1705503158		-1.0
	4770.00000000	2.7535		-2.1353  0.2  0.2		4.1705503158		-1.0
	4800.00000000	2.81327		-1.74218  0.2  0.2		4.1705503158		-1.0
	4830.00000000	2.7055		-1.86415  0.2  0.2		4.1705503158		-1.0
	4860.00000000	3.0053		-2.14072  0.2  0.2		4.1705503158		-1.0
	4890.00000000	3.15023		-2.3892  0.2  0.2		4.1705503158		-1.0
	4920.00000000	2.80661		-2.39781  0.2  0.2		4.1705503158		-1.0
	4950.00000000	3.24555		-2.1574  0.2  0.2		4.1705503158		-1.0
	4980.00000000	3.32331		-1.85958  0.2  0.2		4.1705503158		-1.0
	5010.00000000	3.20619		-1.83991  0.2  0.2		4.1705503158		-1.0
	5040.00000000	3.09399		-1.85866  0.2  0.2		4.1705503158		-1.0
	5070.00000000	3.29303		-1.93523  0.2  0.2		4.1705503158		-1.0
	5100.00000000	3.00482		-2.55041  0.2  0.2		4.1705503158		-1.0
	5130.00000000	2.95833		-2.52216  0.2  0.2		4.1705503158		-1.0
	5160.00000000	3.15207		-2.3278  0.2  0.2		4.1705503158		-1.0
	5190.00000000	3.16923		-2.51459  0.2  0.2		4.1705503158		-1.0
	5220.00000000	3.10839		-2.78849  0.2  0.2		4.1705503158		-1.0
	5250.00000000	3.09717		-3.0989  0.2  0.2		4.1705503158		-1.0
	5280.00000000	2.97738		-2.94059  0.2  0.2		4.1705503158		-1.0
	5310.00000000	3.1336		-2.76993  0.2  0.2		4.1705503158		-1.0
	5340.00000000	2.89958		-2.92745  0.2  0.2		4.1705503158		-1.0
	5370.00000000	2.88072		-2.97098  0.2  0.2		4.1705503158		-1.0
	5400.00000000	3.22185		-3.08645  0.2  0.2		4.1705503158		-1.0
	5430.00000000	2.93196		3.10227  0.2  0.2		4.1705503158		-1.0
	5460.00000000	2.94001		3.06624  0.2  0.2		4.1705503158		-1.0
	5490.00000000	2.75544		-3.0256  0.2  0.2		4.1705503158		-1.0
	5520.00000000	2.82139		-2.8042  0.2  0.2		4.1705503158		-1.0
	5550.00000000	2.76174		-2.73363  0.2  0.2		4.1705503158		-1.0
	5580.00000000	2.76905		-2.62478  0.2  0.2		4.1705503158		-1.0
	5610.00000000	2.81449		-2.61419  0.2  0.2		4.1705503158		-1.0
	5640.00000000	2.7814		-2.55733  0.2  0.2		4.1705503158		-1.0
	5670.00000000	2.682		-2.54597  0.2  0.2		4.1705503158		-1.0
	5700.00000000	2.63056		-2.76833  0.2  0.2		4.1705503158		-1.0
	5730.00000000	2.68566		-3.0439  0.2  0.2		4.1705503158		-1.0
	5760.00000000	2.71953		3.04568  0.2  0.2		4.1705503158		-1.0
	5790.00000000	2.71307		2.83881  0.2  0.2		4.1705503158		-1.0
	5820.00000000	2.72338		2.84611  0.2  0.2		4.1705503158		-1.0
	5850.00000000	3.03267		3.09208  0.2  0.2		4.1705503158		-1.0
	5880.00000000	3.18968		-3.01525  0.2  0.2		4.1705503158		-1.0
	5910.00000000	3.35247		3.05431  0.2  0.2		4.1705503158		-1.0
	5940.00000000	2.69046		2.81864  0.2  0.2		4.1705503158		-1.0
	5970.00000000	3.23099		2.64276  0.2  0.2		4.1705503158		-1.0
	6000.00000000	2.85749		2.65882  0.2  0.2		4.1705503158		-1.0
	6030.00000000	3.13162		2.72573  0.2  0.2		4.1705503158		-1.0
	6060.00000000	3.17697		2.86881  0.2  0.2		4.1705503158		-1.0
	6090.00000000	3.3035		2.68294  0.2  0.2		4.1705503158		-1.0
	6120.00000000	3.18519		2.47108  0.2  0.2		4.1705503158		-1.0
	6150.00000000	3.09665		2.296  0.2  0.2		4.1705503158		-1.0
	6180.00000000	2.74053		2.34772  0.2  0.2		4.1705503158		-1.0
	6210.00000000	2.78667		2.67816  0.2  0.2		4.1705503158		-1.0
	6240.00000000	2.73527		3.10677  0.2  0.2		4.1705503158		-1.0
	6270.00000000	2.72523		-2.88219  0.2  0.2		4.1705503158		-1.0
	6300.00000000	2.75092		-3.11173  0.2  0.2		4.1705503158		-1.0
	6330.00000000	2.91049		2.85212  0.2  0.2		4.1705503158		-1.0
	6360.00000000	2.74018		3.04298  0.2  0.2		4.1705503158		-1.0
	6390.00000000	2.68217		2.98533  0.2  0.2		4.1705503158		-1.0
	6420.00000000	3.2427		2.72816  0.2  0.2		4.1705503158		-1.0
	6450.00000000	3.08983		2.85356  0.2  0.2		4.1705503158		-1.0
	6480.00000000	3.29219		3.08786  0.2  0.2		4.1705503158		-1.0
	6510.00000000	3.39823		-3.07348  0.2  0.2		4.1705503158		-1.0
	6540.00000000	3.41659		-2.99147  0.2  0.2		4.1705503158		-1.0
	6570.00000000	3.15846		3.12349  0.2  0.2		4.1705503158		-1.0
	6600.00000000	3.32371		-3.1209  0.2  0.2		4.1705503158		-1.0
	6630.00000000	3.26334		-2.87207  0.2  0.2		4.1705503158		-1.0
	6660.00000000	3.2658		-2.82408  0.2  0.2		4.1705503158		-1.0
	6690.00000000	3.17526		-2.66689  0.2  0.2		4.1705503158		-1.0
	6720.00000000	3.18133		-2.71119  0.2  0.2		4.1705503158		-1.0
	6750.00000000	3.35127		-2.83332  0.2  0.2		4.1705503158		-1.0
	6780.00000000	3.01583		-2.68078  0.2  0.2		4.1705503158		-1.0
	6810.00000000	3.21292		-2.48544  0.2  0.2		4.1705503158		-1.0
	6840.00000000	3.15871		-2.51203  0.2  0.2		4.1705503158		-1.0
	6870.00000000	3.21149		-2.70979  0.2  0.2		4.1705503158		-1.0
	6900.00000000	2.6532		-2.98604  0.2  0.2		4.1705503158		-1.0
	6930.00000000	2.57532		2.8959  0.2  0.2		4.1705503158		-1.0
	6960.00000000	3.57786		2.56513  0.2  0.2		4.1705503158		-1.0
	6990.00000000	3.13441		2.49577  0.2  0.2		4.1705503158		-1.0
	7020.00000000	3.33737		2.54416  0.2  0.2		4.1705503158		-1.0
	7050.00000000	2.75495		2.57073  0.2  0.2		4.1705503158		-1.0
	7080.00000000	3.47006		2.73495  0.2  0.2		4.1705503158		-1.0
	7110.00000000	3.07603		2.66724  0.2  0.2		4.1705503158		-1.0
	7140.00000000	2.75841		2.72326  0.2  0.2		4.1705503158		-1.0
	7170.00000000	2.91881		2.88811  0.2  0.2		4.1705503158		-1.0
	7200.00000000	3.51647		2.7044  0.2  0.2		4.1705503158		-1.0
	7230.00000000	3.03291		2.66125  0.2  0.2		4.1705503158		-1.0
	7260.00000000	3.52665		2.7203  0.2  0.2		4.1705503158		-1.0
	7290.00000000	3.15213		2.44967  0.2  0.2		4.1705503158		-1.0
	7320.00000000	3.15614		2.05966  0.2  0.2		4.1705503158		-1.0
	7350.00000000	3.28516		1.89944  0.2  0.2		4.1705503158		-1.0
	7380.00000000	3.20465		2.10607  0.2  0.2		4.1705503158		-1.0
	7410.00000000	3.04038		1.77896  0.2  0.2		4.1705503158		-1.0
	7440.00000000	2.81844		1.45045  0.2  0.2		4.1705503158		-1.0
	7470.00000000	3.16479		1.55457  0.2  0.2		4.1705503158		-1.0
	7500.00000000	3.14095		1.68941  0.2  0.2		4.1705503158		-1.0
	7530.00000000	3.23265		1.61177  0.2  0.2		4.1705503158		-1.0
	7560.00000000	3.07584		1.543  0.2  0.2		4.1705503158		-1.0
	7590.00000000	2.65515		1.65569  0.2  0.2		4.1705503158		-1.0
	7620.00000000	2.65586		1.60135  0.2  0.2		4.1705503158		-1.0
	7650.00000000	3.01339		1.11659  0.2  0.2		4.1705503158		-1.0
	7680.00000000	3.22076		0.733  0.2  0.2		4.1705503158		-1.0
	7710.00000000	2.67114		1.02915  0.2  0.2		4.1705503158		-1.0
	7740.00000000	3.04992		1.51106  0.2  0.2		4.1705503158		-1.0
	7770.00000000	2.61349		1.26791  0.2  0.2		4.1705503158		-1.0
	7800.00000000	3.22127		0.88779  0.2  0.2		4.1705503158		-1.0
	7830.00000000	2.929		0.35724  0.2  0.2		4.1705503158		-1.0
	7860.00000000	3.02765		-0.21237  0.2  0.2		4.1705503158		-1.0
	7890.00000000	3.1303		-0.44362  0.2  0.2		4.1705503158		-1.0
	7920.00000000	2.80742		-0.61773  0.2  0.2		4.1705503158		-1.0
	7950.00000000	2.93565		-0.77767  0.2  0.2		4.1705503158		-1.0
	7980.00000000	3.14444		-0.88976  0.2  0.2		4.1705503158		-1.0
	8010.00000000	3.22908		-0.82745  0.2  0.2		4.1705503158		-1.0
	8040.00000000	3.15556		-0.89589  0.2  0.2		4.1705503158		-1.0
	8070.00000000	3.17578		-1.02859  0.2  0.2		4.1705503158		-1.0
	8100.00000000	3.3813		-1.00189  0.2  0.2		4.1705503158		-1.0
	8130.00000000	3.18161		-1.21056  0.2  0.2		4.1705503158		-1.0
	8160.00000000	3.26551		-1.21059  0.2  0.2		4.1705503158		-1.0
	8190.00000000	2.61815		-1.0734  0.2  0.2		4.1705503158		-1.0
	8220.00000000	3.31301		-0.91781  0.2  0.2		4.1705503158		-1.0
	8250.00000000	3.27082		-0.68199  0.2  0.2		4.1705503158		-1.0
	8280.00000000	2.74788		-0.34325  0.2  0.2		4.1705503158		-1.0
	8310.00000000	3.23967		-0.15322  0.2  0.2		4.1705503158		-1.0
	8340.00000000	3.1796		-0.07362  0.2  0.2		4.1705503158		-1.0
	8370.00000000	2.61847		0.11227  0.2  0.2		4.1705503158		-1.0
	8400.00000000	3.07901		0.33019  0.2  0.2		4.1705503158		-1.0
	8430.00000000	3.00795		0.19752  0.2  0.2		4.1705503158		-1.0
	8460.00000000	2.80888		-0.18523  0.2  0.2		4.1705503158		-1.0
	8490.00000000	3.12994		-0.36878  0.2  0.2		4.1705503158		-1.0
	8520.00000000	2.9653		-0.28548  0.2  0.2		4.1705503158		-1.0
	8550.00000000	3.10036		0.05921  0.2  0.2		4.1705503158		-1.0
	8580.00000000	2.70169		0.57801  0.2  0.2		4.1705503158		-1.0
	8610.00000000	2.71895		1.01276  0.2  0.2		4.1705503158		-1.0
	8640.00000000	2.87619		1.07152  0.2  0.2		4.1705503158		-1.0
	8670.00000000	3.31568		1.08062  0.2  0.2		4.1705503158		-1.0
	8700.00000000	3.04156		0.99381  0.2  0.2		4.1705503158		-1.0
	8730.00000000	3.25313		0.95215  0.2  0.2		4.1705503158		-1.0
	8760.00000000	2.96323		0.78093  0.2  0.2		4.1705503158		-1.0
	8790.00000000	2.83551		0.59035  0.2  0.2		4.1705503158		-1.0
	8820.00000000	2.90156		0.07872  0.2  0.2		4.1705503158		-1.0
	8850.00000000	2.87594		-0.00354  0.2  0.2		4.1705503158		-1.0
	8880.00000000	2.83325		0.3441  0.2  0.2		4.1705503158		-1.0
	8910.00000000	2.8912		0.41374  0.2  0.2		4.1705503158		-1.0
	8940.00000000	2.79539		0.19877  0.2  0.2		4.1705503158		-1.0
	8970.00000000	3.08944		0.16448  0.2  0.2		4.1705503158		-1.0
	9000.00000000	3.08275		0.43044  0.2  0.2		4.1705503158		-1.0
	9030.00000000	3.3224		0.52509  0.2  0.2		4.1705503158		-1.0
	9060.00000000	2.85238		0.15644  0.2  0.2		4.1705503158		-1.0
	9090.00000000	2.74835		-0.17345  0.2  0.2		4.1705503158		-1.0
	9120.00000000	2.80305		-0.22984  0.2  0.2		4.1705503158		-1.0
	9150.00000000	2.81208		-0.51108  0.2  0.2		4.1705503158		-1.0
	9180.00000000	2.7393		-0.74826  0.2  0.2		4.1705503158		-1.0
	9210.00000000	2.76601		-0.8674  0.2  0.2		4.1705503158		-1.0
	9240.00000000	3.12783		-1.21595  0.2  0.2		4.1705503158		-1.0
	9270.00000000	2.90035		-1.4292  0.2  0.2		4.1705503158		-1.0
	9010.00000000	3.00553		0.49982  0.2  0.2		4.1705503158		-1.0
	9040.00000000	3.34738		0.43431  0.2  0.2		4.1705503158		-1.0
	9070.00000000	2.74199		-0.0446  0.2  0.2		4.1705503158		-1.0
	9100.00000000	2.86894		-0.29805  0.2  0.2		4.1705503158		-1.0
	9130.00000000	2.77432		-0.31725  0.2  0.2		4.1705503158		-1.0
	9160.00000000	2.86499		-0.63145  0.2  0.2		4.1705503158		-1.0
	9190.00000000	2.77076		-0.77442  0.2  0.2		4.1705503158		-1.0
	9220.00000000	2.8965		-0.99424  0.2  0.2		4.1705503158		-1.0
	9250.00000000	3.17133		-1.33767  0.2  0.2		4.1705503158		-1.0
	9280.00000000	2.67376		-1.38115  0.2  0.2		4.1705503158		-1.0
	9310.00000000	2.74023		-1.11775  0.2  0.2		4.1705503158		-1.0
	9340.00000000	2.9231		-1.01289  0.2  0.2		4.1705503158		-1.0
	9370.00000000	2.84867		-0.95601  0.2  0.2		4.1705503158		-1.0
	9400.00000000	3.17666		-0.85551  0.2  0.2		4.1705503158		-1.0
	9430.00000000	3.40946		-0.72913  0.2  0.2		4.1705503158		-1.0
	9460.00000000	3.07102		-0.76689  0.2  0.2		4.1705503158		-1.0
	9490.00000000	2.83325		-0.94028  0.2  0.2		4.1705503158		-1.0
	9520.00000000	2.99962		-1.15358  0.2  0.2		4.1705503158		-1.0
	9550.00000000	2.72506		-1.31969  0.2  0.2		4.1705503158		-1.0
	9580.00000000	2.96448		-1.28116  0.2  0.2		4.1705503158		-1.0
	9610.00000000	3.32401		-1.16997  0.2  0.2		4.1705503158		-1.0
	9640.00000000	2.79259		-1.23039  0.2  0.2		4.1705503158		-1.0
	9670.00000000	3.56324		-1.3399  0.2  0.2		4.1705503158		-1.0
	9700.00000000	2.99688		-1.46796  0.2  0.2		4.1705503158		-1.0
	9730.00000000	2.67953		-1.75311  0.2  0.2		4.1705503158		-1.0
	9760.00000000	2.90801		-2.06236  0.2  0.2		4.1705503158		-1.0
	9790.00000000	2.84619		-2.19016  0.2  0.2		4.1705503158		-1.0
	9820.00000000	2.76453		-2.22471  0.2  0.2		4.1705503158		-1.0
	9850.00000000	2.8398		-2.17769  0.2  0.2		4.1705503158		-1.0
	9880.00000000	3.35008		-2.05399  0.2  0.2		4.1705503158		-1.0
	9910.00000000	3.38863		-2.08427  0.2  0.2		4.1705503158		-1.0
	9940.00000000	3.32997		-2.15374  0.2  0.2		4.1705503158		-1.0
	9970.00000000	2.75154		-2.20414  0.2  0.2		4.1705503158		-1.0
	10000.00000000	3.30922		-2.34643  0.2  0.2		4.1705503158		-1.0
	10030.00000000	3.30451		-2.5024  0.2  0.2		4.1705503158		-1.0
	10060.00000000	3.47251		-2.65628  0.2  0.2		4.1705503158		-1.0
	10090.00000000	3.70736		-2.70684  0.2  0.2		4.1705503158		-1.0
	10120.00000000	3.46933		-2.87052  0.2  0.2		4.1705503158		-1.0
	10150.00000000	3.45906		-2.90708  0.2  0.2		4.1705503158		-1.0
	10180.00000000	2.68008		-2.85652  0.2  0.2		4.1705503158		-1.0
	10210.00000000	3.31312		-2.66967  0.2  0.2		4.1705503158		-1.0
	10240.00000000	3.32254		-2.49509  0.2  0.2		4.1705503158		-1.0
	10270.00000000	3.6692		-2.34557  0.2  0.2		4.1705503158		-1.0
	10300.00000000	3.26331		-2.31035  0.2  0.2		4.1705503158		-1.0
	10330.00000000	3.47389		-2.2937  0.2  0.2		4.1705503158		-1.0
	10360.00000000	3.2428		-2.28021  0.2  0.2		4.1705503158		-1.0
	10390.00000000	3.48916		-2.25135  0.2  0.2		4.1705503158		-1.0
	10420.00000000	3.36923		-2.17297  0.2  0.2		4.1705503158		-1.0
	10450.00000000	2.57827		-2.08958  0.2  0.2		4.1705503158		-1.0
	10480.00000000	2.94242		-1.81542  0.2  0.2		4.1705503158		-1.0
	10510.00000000	2.80831		-1.48345  0.2  0.2		4.1705503158		-1.0
	10540.00000000	3.35956		-1.47754  0.2  0.2		4.1705503158		-1.0
	10570.00000000	3.33888		-1.42002  0.2  0.2		4.1705503158		-1.0
	10600.00000000	2.83167		-1.29327  0.2  0.2		4.1705503158		-1.0
	10630.00000000	3.10214		-1.20866  0.2  0.2		4.1705503158		-1.0
	10660.00000000	3.37452		-1.30551  0.2  0.2		4.1705503158		-1.0
	10690.00000000	3.29717		-1.37244  0.2  0.2		4.1705503158		-1.0
	10720.00000000	2.58706		-0.91167  0.2  0.2		4.1705503158		-1.0
	10750.00000000	3.52373		-0.5192  0.2  0.2		4.1705503158		-1.0
	10780.00000000	3.29185		-0.23294  0.2  0.2		4.1705503158		-1.0
	10810.00000000	3.26262		-0.26043  0.2  0.2		4.1705503158		-1.0
	10840.00000001	3.38504		-0.3848  0.2  0.2		4.1705503158		-1.0
	10870.00000001	3.43039		-0.51185  0.2  0.2		4.1705503158		-1.0
	10900.00000001	3.18572		-0.72144  0.2  0.2		4.1705503158		-1.0
	10930.00000001	2.76458		-0.81218  0.2  0.2		4.1705503158		-1.0
	10960.00000001	3.40114		-0.51257  0.2  0.2		4.1705503158		-1.0
	10990.00000001	3.44099		-0.50986  0.2  0.2		4.1705503158		-1.0
	11020.00000001	3.45416		-0.78783  0.2  0.2		4.1705503158		-1.0
	11050.00000001	3.56694		-0.60216  0.2  0.2		4.1705503158		-1.0
	11080.00000001	3.12935		-0.16284  0.2  0.2		4.1705503158		-1.0
	11110.00000001	3.35794		0.00459  0.2  0.2		4.1705503158		-1.0
	11140.00000001	3.20657		0.23523  0.2  0.2		4.1705503158		-1.0
	11170.00000001	3.04156		0.30736  0.2  0.2		4.1705503158		-1.0
	11200.00000001	2.86105		0.25489  0.2  0.2		4.1705503158		-1.0
	11230.00000001	2.77595		0.46724  0.2  0.2		4.1705503158		-1.0
	11260.00000001	2.68239		0.3727  0.2  0.2		4.1705503158		-1.0
	11290.00000001	2.74946		0.29268  0.2  0.2		4.1705503158		-1.0
	11320.00000001	2.93308		0.08036  0.2  0.2		4.1705503158		-1.0
	11350.00000001	3.43203		0.03706  0.2  0.2		4.1705503158		-1.0
	11380.00000001	3.14361		0.32271  0.2  0.2		4.1705503158		-1.0
	11410.00000001	3.30369		0.49709  0.2  0.2		4.1705503158		-1.0
	11440.00000001	3.24989		0.66061  0.2  0.2		4.1705503158		-1.0
	11470.00000001	3.14463		0.53636  0.2  0.2		4.1705503158		-1.0
	11500.00000001	3.43444		0.40377  0.2  0.2		4.1705503158		-1.0
	11530.00000001	3.04197		0.44542  0.2  0.2		4.1705503158		-1.0
	11560.00000001	2.79747		0.58977  0.2  0.2		4.1705503158		-1.0
	11590.00000001	2.61286		1.05938  0.2  0.2		4.1705503158		-1.0
	11620.00000001	2.60626		0.88445  0.2  0.2		4.1705503158		-1.0
	11650.00000001	2.71464		0.63169  0.2  0.2		4.1705503158		-1.0
	11680.00000001	2.65344		0.82248  0.2  0.2		4.1705503158		-1.0
	11710.00000001	2.65719		0.88346  0.2  0.2		4.1705503158		-1.0
	11740.00000001	2.66377		1.00184  0.2  0.2		4.1705503158		-1.0
	11770.00000001	2.784		1.17305  0.2  0.2		4.1705503158		-1.0
	11800.00000001	2.79882		1.53948  0.2  0.2		4.1705503158		-1.0
	11830.00000001	2.8546		1.73861  0.2  0.2		4.1705503158		-1.0
	11860.00000001	3.44926		1.73654  0.2  0.2		4.1705503158		-1.0
	11890.00000001	3.34006		1.60012  0.2  0.2		4.1705503158		-1.0
	11920.00000001	3.31206		1.27791  0.2  0.2		4.1705503158		-1.0
	11950.00000001	3.27122		1.20989  0.2  0.2		4.1705503158		-1.0
	11980.00000001	3.23945		1.44363  0.2  0.2		4.1705503158		-1.0
	12010.00000001	3.22133		1.32396  0.2  0.2		4.1705503158		-1.0
	12040.00000001	3.4181		1.19129  0.2  0.2		4.1705503158		-1.0
	12070.00000001	3.25393		1.03977  0.2  0.2		4.1705503158		-1.0
	12100.00000001	3.42153		0.83033  0.2  0.2		4.1705503158		-1.0
	12130.00000001	3.37988		0.74331  0.2  0.2		4.1705503158		-1.0
	12160.00000001	3.21948		0.46491  0.2  0.2		4.1705503158		-1.0
	12190.00000001	3.35097		0.3532  0.2  0.2		4.1705503158		-1.0
	12220.00000001	2.64472		0.06754  0.2  0.2		4.1705503158		-1.0
	12250.00000001	2.66757		-0.20245  0.2  0.2		4.1705503158		-1.0
	12280.00000001	2.62889		-0.24609  0.2  0.2		4.1705503158		-1.0
	12310.00000001	3.26952		-0.1116  0.2  0.2		4.1705503158		-1.0
	12340.00000001	3.21694		0.05603  0.2  0.2		4.1705503158		-1.0
	12370.00000001	3.06377		0.15411  0.2  0.2		4.1705503158		-1.0
	12400.00000001	2.74968		0.04506  0.2  0.2		4.1705503158		-1.0
	12430.00000001	2.72175		-0.18693  0.2  0.2		4.1705503158		-1.0
	12460.00000001	2.66437		-0.46821  0.2  0.2		4.1705503158		-1.0
	12490.00000001	2.81085		-0.30876  0.2  0.2		4.1705503158		-1.0
	12520.00000001	2.6223		-0.44279  0.2  0.2		4.1705503158		-1.0
	12550.00000001	2.75022		-0.72403  0.2  0.2		4.1705503158		-1.0
	12580.00000001	2.98865		-0.88685  0.2  0.2		4.1705503158		-1.0
	12610.00000001	2.77211		-0.55204  0.2  0.2		4.1705503158		-1.0
	12640.00000001	2.81743		-0.47355  0.2  0.2		4.1705503158		-1.0
	12670.00000001	2.81557		-0.73016  0.2  0.2		4.1705503158		-1.0
	12700.00000001	2.75348		-0.91569  0.2  0.2		4.1705503158		-1.0
	12730.00000001	3.48141		-0.74993  0.2  0.2		4.1705503158		-1.0
	12760.00000001	3.45476		-1.0063  0.2  0.2		4.1705503158		-1.0
	12790.00000001	3.31855		-1.30525  0.2  0.2		4.1705503158		-1.0
	12820.00000001	2.89091		-1.304  0.2  0.2		4.1705503158		-1.0
	12850.00000001	2.88467		-1.28566  0.2  0.2		4.1705503158		-1.0
	12880.00000001	2.69182		-1.00903  0.2  0.2		4.1705503158		-1.0
	12910.00000001	3.12541		-0.57553  0.2  0.2		4.1705503158		-1.0
	12940.00000001	3.6937		-0.37262  0.2  0.2		4.1705503158		-1.0
	12970.00000001	3.21691		-0.40506  0.2  0.2		4.1705503158		-1.0
	13000.00000001	3.49328		-0.44936  0.2  0.2		4.1705503158		-1.0
	13030.00000001	3.32582		-0.18964  0.2  0.2		4.1705503158		-1.0
	13060.00000001	3.48305		0.21827  0.2  0.2		4.1705503158		-1.0
	13090.00000001	3.06097		0.57533  0.2  0.2		4.1705503158		-1.0
	13120.00000001	2.61657		0.96358  0.2  0.2		4.1705503158		-1.0
	13150.00000001	3.26342		1.09987  0.2  0.2		4.1705503158		-1.0
	13180.00000001	3.09504		1.02992  0.2  0.2		4.1705503158		-1.0
	13210.00000001	3.22332		1.17078  0.2  0.2		4.1705503158		-1.0
	13240.00000001	3.25486		1.28901  0.2  0.2		4.1705503158		-1.0
	13270.00000001	2.77245		1.44269  0.2  0.2		4.1705503158		-1.0
	13300.00000001	2.88729		1.29801  0.2  0.2		4.1705503158		-1.0
	13330.00000001	2.73121		1.15464  0.2  0.2		4.1705503158		-1.0
	13360.00000001	2.83552		1.35123  0.2  0.2		4.1705503158		-1.0
	13390.00000001	2.72326		1.47346  0.2  0.2		4.1705503158		-1.0
	13420.00000001	2.84402		1.36059  0.2  0.2		4.1705503158		-1.0
	13450.00000001	2.64165		0.90201  0.2  0.2		4.1705503158		-1.0
	13480.00000001	2.75292		0.36784  0.2  0.2		4.1705503158		-1.0
	13510.00000001	2.80819		-0.14856  0.2  0.2		4.1705503158		-1.0
	13540.00000001	2.85933		-0.31898  0.2  0.2		4.1705503158		-1.0
	13570.00000001	3.03827		-0.13556  0.2  0.2		4.1705503158		-1.0
	13600.00000001	3.71847		0.15653  0.2  0.2		4.1705503158		-1.0
	13630.00000001	3.04144		0.0621  0.2  0.2		4.1705503158		-1.0
	13660.00000001	2.95986		0.17645  0.2  0.2		4.1705503158		-1.0
	13690.00000001	2.91422		0.54835  0.2  0.2		4.1705503158		-1.0
	13720.00000001	2.92665		0.67068  0.2  0.2		4.1705503158		-1.0
	13750.00000001	3.5205		0.54362  0.2  0.2		4.1705503158		-1.0
	13780.00000001	3.03108		0.71801  0.2  0.2		4.1705503158		-1.0
	13810.00000001	3.43704		0.95322  0.2  0.2		4.1705503158		-1.0
	13840.00000001	3.28332		0.96178  0.2  0.2		4.1705503158		-1.0
	13870.00000001	3.17293		1.16854  0.2  0.2		4.1705503158		-1.0
	13900.00000001	3.20222		1.25438  0.2  0.2		4.1705503158		-1.0
	13930.00000001	2.52407		1.17592  0.2  0.2		4.1705503158		-1.0
	13960.00000001	2.88514		1.08392  0.2  0.2		4.1705503158		-1.0
	13990.00000001	2.69045		0.71897  0.2  0.2		4.1705503158		-1.0
	14020.00000001	2.752		0.23426  0.2  0.2		4.1705503158		-1.0
	14050.00000001	2.72678		-0.05475  0.2  0.2		4.1705503158		-1.0
	14080.00000001	2.62156		0.21802  0.2  0.2		4.1705503158		-1.0
	14110.00000001	2.71886		0.39018  0.2  0.2		4.1705503158		-1.0
	14140.00000001	2.71434		0.51592  0.2  0.2		4.1705503158		-1.0
	14170.00000001	2.75999		0.55716  0.2  0.2		4.1705503158		-1.0
	14200.00000001	2.68285		0.70064  0.2  0.2		4.1705503158		-1.0
	14230.00000000	2.67317		0.93924  0.2  0.2		4.1705503158		-1.0
	14260.00000000	2.6184		1.33019  0.2  0.2		4.1705503158		-1.0
	14290.00000000	2.68758		1.53936  0.2  0.2		4.1705503158		-1.0
	14320.00000000	2.82036		1.44381  0.2  0.2		4.1705503158		-1.0
	14350.00000000	3.00305		1.79637  0.2  0.2		4.1705503158		-1.0
	14380.00000000	3.37615		2.05188  0.2  0.2		4.1705503158		-1.0
	14410.00000000	2.72394		2.07471  0.2  0.2		4.1705503158		-1.0
	14440.00000000	3.1155		2.25178  0.2  0.2		4.1705503158		-1.0
	14470.00000000	3.16538		2.07264  0.2  0.2		4.1705503158		-1.0
	14500.00000000	3.16924		1.98951  0.2  0.2		4.1705503158		-1.0
	14530.00000000	3.03645		2.13598  0.2  0.2		4.1705503158		-1.0
	14560.00000000	2.97993		2.2362  0.2  0.2		4.1705503158		-1.0
	14590.00000000	2.80507		2.06506  0.2  0.2		4.1705503158		-1.0
	14620.00000000	2.9879		1.89143  0.2  0.2		4.1705503158		-1.0
	14650.00000000	2.72101		2.07992  0.2  0.2		4.1705503158		-1.0
	14680.00000000	2.85505		2.38106  0.2  0.2		4.1705503158		-1.0
	14710.00000000	2.84992		2.52296  0.2  0.2		4.1705503158		-1.0
	14740.00000000	2.85826		2.53807  0.2  0.2		4.1705503158		-1.0
	14770.00000000	2.77831		2.66336  0.2  0.2		4.1705503158		-1.0
	14800.00000000	3.42047		2.67618  0.2  0.2		4.1705503158		-1.0
	14830.00000000	3.19111		2.80838  0.2  0.2		4.1705503158		-1.0
	14860.00000000	3.20754		3.01417  0.2  0.2		4.1705503158		-1.0
	14890.00000000	3.31019		2.97742  0.2  0.2		4.1705503158		-1.0
	14920.00000000	3.149		2.63325  0.2  0.2		4.1705503158		-1.0
	14950.00000000	2.87629		2.34753  0.2  0.2		4.1705503158		-1.0
	14980.00000000	3.33546		1.88507  0.2  0.2		4.1705503158		-1.0
	15010.00000000	3.46876		1.6461  0.2  0.2		4.1705503158		-1.0
	15040.00000000	3.30158		1.91088  0.2  0.2		4.1705503158		-1.0
	15070.00000000	3.16659		2.36017  0.2  0.2		4.1705503158		-1.0
	15100.00000000	2.70219		2.71594  0.2  0.2		4.1705503158		-1.0
	15130.00000000	2.65942		2.83051  0.2  0.2		4.1705503158		-1.0
	15160.00000000	2.85511		2.93736  0.2  0.2		4.1705503158		-1.0
	15190.00000000	2.77534		2.97539  0.2  0.2		4.1705503158		-1.0
	15220.00000000	2.66448		3.04292  0.2  0.2		4.1705503158		-1.0
	15250.00000000	3.22625		-2.99022  0.2  0.2		4.1705503158		-1.0
	15280.00000000	3.00823		-3.0013  0.2  0.2		4.1705503158		-1.0
	15310.00000000	2.82835		3.10443  0.2  0.2		4.1705503158		-1.0
	15340.00000000	2.74196		-3.12327  0.2  0.2		4.1705503158		-1.0
	15370.00000000	3.64915		2.96903  0.2  0.2		4.1705503158		-1.0
	15400.00000000	3.41057		2.68145  0.2  0.2		4.1705503158		-1.0
	15430.00000000	3.40899		2.38515  0.2  0.2		4.1705503158		-1.0
	15460.00000000	3.46636		2.16323  0.2  0.2		4.1705503158		-1.0
	15490.00000000	3.19182		2.20469  0.2  0.2		4.1705503158		-1.0
	15520.00000000	3.06234		2.38241  0.2  0.2		4.1705503158		-1.0
	15550.00000000	2.82351		2.15877  0.2  0.2		4.1705503158		-1.0
	15580.00000000	2.62485		1.80741  0.2  0.2		4.1705503158		-1.0
	15610.00000000	2.60255		1.76738  0.2  0.2		4.1705503158		-1.0
	15640.00000000	2.64114		1.97872  0.2  0.2		4.1705503158		-1.0
	15670.00000000	2.63286		2.11526  0.2  0.2		4.1705503158		-1.0
	15700.00000000	3.03963		2.2371  0.2  0.2		4.1705503158		-1.0
	15730.00000000	3.58388		2.31767  0.2  0.2		4.1705503158		-1.0
	15760.00000000	3.16024		2.37977  0.2  0.2		4.1705503158		-1.0
	15790.00000000	3.29591		2.35401  0.2  0.2		4.1705503158		-1.0
	15820.00000000	3.60138		2.13688  0.2  0.2		4.1705503158		-1.0
	15850.00000000	2.49705		2.20486  0.2  0.2		4.1705503158		-1.0
	15880.00000000	3.07105		2.23573  0.2  0.2		4.1705503158		-1.0
	15910.00000000	3.21966		2.22877  0.2  0.2		4.1705503158		-1.0
	15940.00000000	3.48032		2.10156  0.2  0.2		4.1705503158		-1.0
	15970.00000000	3.51499		1.93422  0.2  0.2		4.1705503158		-1.0
	16000.00000000	3.37916		1.75455  0.2  0.2		4.1705503158		-1.0
	16030.00000000	3.5604		1.73327  0.2  0.2		4.1705503158		-1.0
	16060.00000000	3.40863		1.83899  0.2  0.2		4.1705503158		-1.0
	16090.00000000	3.22954		1.9415  0.2  0.2		4.1705503158		-1.0
	16120.00000000	2.83045		1.80118  0.2  0.2		4.1705503158		-1.0
	16150.00000000	2.93444		1.81484  0.2  0.2		4.1705503158		-1.0
	16180.00000000	2.88925		1.74171  0.2  0.2		4.1705503158		-1.0
	16210.00000000	3.49291		1.59115  0.2  0.2		4.1705503158		-1.0
	16240.00000000	3.42785		1.64784  0.2  0.2		4.1705503158		-1.0
	16270.00000000	3.44886		1.89557  0.2  0.2		4.1705503158		-1.0
	16300.00000000	3.15873		2.04931  0.2  0.2		4.1705503158		-1.0
	16330.00000000	2.89556		2.07506  0.2  0.2		4.1705503158		-1.0
	16360.00000000	2.50636		2.17176  0.2  0.2		4.1705503158		-1.0
	16390.00000000	2.61823		2.3233  0.2  0.2		4.1705503158		-1.0
	16420.00000000	2.56512		2.44326  0.2  0.2		4.1705503158		-1.0
	16450.00000000	2.58334		2.57455  0.2  0.2		4.1705503158		-1.0
	16480.00000000	2.59561		2.56468  0.2  0.2		4.1705503158		-1.0
	16510.00000000	2.68678		2.32687  0.2  0.2		4.1705503158		-1.0
	16540.00000000	2.58182		2.02821  0.2  0.2		4.1705503158		-1.0
	16570.00000000	3.13787		1.83775  0.2  0.2		4.1705503158		-1.0
	16600.00000000	3.40787		1.3987  0.2  0.2		4.1705503158		-1.0
	16630.00000000	3.35405		0.95416  0.2  0.2		4.1705503158		-1.0
	16660.00000000	3.4243		0.85266  0.2  0.2		4.1705503158		-1.0
	16690.00000000	3.76356		0.90919  0.2  0.2		4.1705503158		-1.0
	16720.00000000	3.30314		0.6623  0.2  0.2		4.1705503158		-1.0
	16750.00000000	3.2502		0.45821  0.2  0.2		4.1705503158		-1.0
	16780.00000000	3.44848		0.2369  0.2  0.2		4.1705503158		-1.0
	16810.00000000	3.3856		0.09922  0.2  0.2		4.1705503158		-1.0
	16840.00000000	3.5659		0.21659  0.2  0.2		4.1705503158		-1.0
	16870.00000000	3.56728		0.35007  0.2  0.2		4.1705503158		-1.0
	16900.00000000	3.76841		0.44519  0.2  0.2		4.1705503158		-1.0
	16930.00000000	3.48475		0.37655  0.2  0.2		4.1705503158		-1.0
	16960.00000000	3.48855		0.35796  0.2  0.2		4.1705503158		-1.0
	16990.00000000	3.58371		0.21932  0.2  0.2		4.1705503158		-1.0
	17020.00000000	3.54847		-0.1013  0.2  0.2		4.1705503158		-1.0
	17050.00000000	3.34389		-0.41355  0.2  0.2		4.1705503158		-1.0
	17080.00000000	3.52944		-0.54364  0.2  0.2		4.1705503158		-1.0
	17110.00000000	3.1207		-0.56648  0.2  0.2		4.1705503158		-1.0
	17140.00000000	2.93459		-0.50998  0.2  0.2		4.1705503158		-1.0
	17170.00000000	3.59788		-0.51424  0.2  0.2		4.1705503158		-1.0
	17200.00000000	3.7193		-0.55202  0.2  0.2		4.1705503158		-1.0
	17230.00000000	3.24348		-0.53525  0.2  0.2		4.1705503158		-1.0
	17260.00000000	2.74881		-0.702  0.2  0.2		4.1705503158		-1.0
	17290.00000000	2.78098		-0.90143  0.2  0.2		4.1705503158		-1.0
	17320.00000000	2.81065		-1.26681  0.2  0.2		4.1705503158		-1.0
	17350.00000000	2.61524		-1.64223  0.2  0.2		4.1705503158		-1.0
	17380.00000000	3.14557		-1.52996  0.2  0.2		4.1705503158		-1.0
	17410.00000000	3.31305		-1.60594  0.2  0.2		4.1705503158		-1.0
	17440.00000000	3.33484		-1.85566  0.2  0.2		4.1705503158		-1.0
	17470.00000000	3.09146		-1.5474  0.2  0.2		4.1705503158		-1.0
	17500.00000000	2.58514		-1.44602  0.2  0.2		4.1705503158		-1.0
	17530.00000000	2.61398		-1.561  0.2  0.2		4.1705503158		-1.0
	17560.00000000	2.71195		-1.9863  0.2  0.2		4.1705503158		-1.0
	17590.00000000	2.74499		-2.44077  0.2  0.2		4.1705503158		-1.0
	17620.00000000	2.69701		-2.37276  0.2  0.2		4.1705503158		-1.0
	17650.00000000	2.67602		-2.32269  0.2  0.2		4.1705503158		-1.0
	17680.00000000	2.77054		-2.44205  0.2  0.2		4.1705503158		-1.0
	17710.00000000	2.88099		-2.56921  0.2  0.2		4.1705503158		-1.0
	17740.00000000	2.66279		-2.38648  0.2  0.2		4.1705503158		-1.0
	17770.00000000	2.69993		-2.22961  0.2  0.2		4.1705503158		-1.0
	17800.00000000	2.68133		-2.04183  0.2  0.2		4.1705503158		-1.0
	17830.00000000	2.77303		-2.00635  0.2  0.2		4.1705503158		-1.0
	17860.00000000	2.58066		-2.13222  0.2  0.2		4.1705503158		-1.0
	17890.00000000	3.26865		-2.07086  0.2  0.2		4.1705503158		-1.0
	17920.00000000	3.40219		-1.63396  0.2  0.2		4.1705503158		-1.0
	17950.00000000	3.42856		-1.14904  0.2  0.2		4.1705503158		-1.0
	17980.00000000	3.51		-0.94899  0.2  0.2		4.1705503158		-1.0
	18010.00000000	3.55684		-0.98172  0.2  0.2		4.1705503158		-1.0
	18040.00000000	2.94419		-1.03678  0.2  0.2		4.1705503158		-1.0
	18070.00000000	2.80087		-1.0668  0.2  0.2		4.1705503158		-1.0
	18100.00000000	3.74572		-1.28849  0.2  0.2		4.1705503158		-1.0
	18130.00000000	3.42017		-1.19708  0.2  0.2		4.1705503158		-1.0
	18160.00000000	2.85495		-0.75988  0.2  0.2		4.1705503158		-1.0
	18190.00000000	2.75852		-0.68054  0.2  0.2		4.1705503158		-1.0
	18220.00000000	2.76131		-1.01549  0.2  0.2		4.1705503158		-1.0
	18250.00000000	2.69686		-1.52798  0.2  0.2		4.1705503158		-1.0
	18280.00000000	2.67429		-1.75415  0.2  0.2		4.1705503158		-1.0
	18310.00000000	2.67068		-1.67143  0.2  0.2		4.1705503158		-1.0
	18340.00000000	2.59921		-1.67718  0.2  0.2		4.1705503158		-1.0
	18370.00000000	2.61113		-1.79624  0.2  0.2		4.1705503158		-1.0
	18400.00000000	2.66729		-1.95142  0.2  0.2		4.1705503158		-1.0
	18430.00000000	2.80218		-1.99727  0.2  0.2		4.1705503158		-1.0
	18460.00000000	2.78204		-2.16272  0.2  0.2		4.1705503158		-1.0
	18490.00000000	2.7512		-2.77197  0.2  0.2		4.1705503158		-1.0
	18520.00000000	2.74324		-2.90459  0.2  0.2		4.1705503158		-1.0
	18550.00000000	2.74909		-2.82216  0.2  0.2		4.1705503158		-1.0
	18580.00000000	2.64694		-2.50292  0.2  0.2		4.1705503158		-1.0
	18610.00000000	2.65817		-2.30334  0.2  0.2		4.1705503158		-1.0
	18640.00000000	2.62548		-2.38058  0.2  0.2		4.1705503158		-1.0
	18670.00000000	2.78489		-2.74707  0.2  0.2		4.1705503158		-1.0
	18700.00000000	2.71431		-2.95135  0.2  0.2		4.1705503158		-1.0
	18730.00000000	2.80731		-2.96078  0.2  0.2		4.1705503158		-1.0
	18760.00000000	3.46774		-2.97552  0.2  0.2		4.1705503158		-1.0
	18790.00000000	3.61931		-3.10466  0.2  0.2		4.1705503158		-1.0
	18820.00000000	3.40728		3.09422  0.2  0.2		4.1705503158		-1.0
	18850.00000000	3.10738		2.8999  0.2  0.2		4.1705503158		-1.0
	18880.00000000	3.39107		2.96107  0.2  0.2		4.1705503158		-1.0
	18910.00000000	3.61309		2.9611  0.2  0.2		4.1705503158		-1.0
	18940.00000000	3.64814		2.95474  0.2  0.2		4.1705503158		-1.0
	18970.00000000	3.72127		3.07603  0.2  0.2		4.1705503158		-1.0
	19000.00000000	3.58066		-3.07856  0.2  0.2		4.1705503158		-1.0
	19030.00000000	3.84358		-3.06908  0.2  0.2		4.1705503158		-1.0
	19060.00000000	3.02071		-2.97949  0.2  0.2		4.1705503158		-1.0
	19090.00000000	2.77817		-3.01622  0.2  0.2		4.1705503158		-1.0
	19120.00000000	3.86249		-3.13137  0.2  0.2		4.1705503158		-1.0
	19150.00000000	3.7661		3.11647  0.2  0.2		4.1705503158		-1.0
	19180.00000000	3.89102		2.97794  0.2  0.2		4.1705503158		-1.0
	19210.00000000	4.2812		3.08095  0.2  0.2		4.1705503158		-1.0
	19240.00000000	4.6147		-2.93703  0.2  0.2		4.1705503158		-1.0
	19270.00000000	4.54046		-3.07345  0.2  0.2		4.1705503158		-1.0
	19300.00000000	4.67757		3.07338  0.2  0.2		4.1705503158		-1.0
	19330.00000000	5.14254		-3.09659  0.2  0.2		4.1705503158		-1.0
	19360.00000000	6.06959		-3.03658  0.2  0.2		4.1705503158		-1.0
	19390.00000000	6.61902		3.03633  0.2  0.2		4.1705503158		-1.0
	19420.00000000	7.10393		2.9668  0.2  0.2		4.1705503158		-1.0
	19450.00000000	7.41372		2.9075  0.2  0.2		4.1705503158		-1.0
	19480.00000000	7.4519		2.7601  0.2  0.2		4.1705503158		-1.0
	19510.00000000	7.08571		2.78375  0.2  0.2		4.1705503158		-1.0
	19540.00000000	6.17176		2.80339  0.2  0.2		4.1705503158		-1.0
	19570.00000000	4.95572		2.80463  0.2  0.2		4.1705503158		-1.0
	19600.00000000	4.35219		2.7515  0.2  0.2		4.1705503158		-1.0
	19630.00000000	3.30556		2.74  0.2  0.2		4.1705503158		-1.0
	19660.00000000	3.41999		2.90234  0.2  0.2		4.1705503158		-1.0
	19690.00000000	4.02296		3.04554  0.2  0.2		4.1705503158		-1.0
	19720.00000000	3.46682		2.84854  0.2  0.2		4.1705503158		-1.0
	19750.00000000	3.53934		2.85657  0.2  0.2		4.1705503158		-1.0
	19780.00000000	4.17853		2.97381  0.2  0.2		4.1705503158		-1.0
	19810.00000000	3.52517		2.79894  0.2  0.2		4.1705503158		-1.0
	19840.00000000	3.78214		2.61912  0.2  0.2		4.1705503158		-1.0
	19870.00000000	4.44897		2.67199  0.2  0.2		4.1705503158		-1.0
	19900.00000000	3.88032		2.89025  0.2  0.2		4.1705503158		-1.0
	19930.00000000	3.04267		2.98925  0.2  0.2		4.1705503158		-1.0
	19960.00000000	2.64623		2.91033  0.2  0.2		4.1705503158		-1.0
	19990.00000000	2.66709		2.87929  0.2  0.2		4.1705503158		-1.0
	20020.00000000	2.69609		2.77279  0.2  0.2		4.1705503158		-1.0
	20050.00000000	2.62967		2.65891  0.2  0.2		4.1705503158		-1.0
	20080.00000000	2.66826		2.53265  0.2  0.2		4.1705503158		-1.0
	20110.00000000	2.67582		2.64741  0.2  0.2		4.1705503158		-1.0
	20140.00000000	2.58328		2.86884  0.2  0.2		4.1705503158		-1.0
	20170.00000000	3.07738		3.10408  0.2  0.2		4.1705503158		-1.0
	20200.00000000	3.0756		3.02191  0.2  0.2		4.1705503158		-1.0
	20230.00000000	3.20815		2.92994  0.2  0.2		4.1705503158		-1.0
	20260.00000000	3.01625		2.87518  0.2  0.2		4.1705503158		-1.0
	20290.00000000	3.59151		2.43868  0.2  0.2		4.1705503158		-1.0
	20320.00000000	3.23467		2.10585  0.2  0.2		4.1705503158		-1.0
	20350.00000000	3.53502		2.11974  0.2  0.2		4.1705503158		-1.0
	20380.00000000	2.76839		2.26037  0.2  0.2		4.1705503158		-1.0
	20410.00000000	3.35983		2.31461  0.2  0.2		4.1705503158		-1.0
	20440.00000000	3.7165		2.37334  0.2  0.2		4.1705503158		-1.0
	20470.00000000	3.06363		1.9759  0.2  0.2		4.1705503158		-1.0
	20500.00000000	3.42802		1.43871  0.2  0.2		4.1705503158		-1.0
	20530.00000000	3.19054		1.22303  0.2  0.2		4.1705503158		-1.0
	20560.00000000	3.23026		1.36669  0.2  0.2		4.1705503158		-1.0
	20590.00000000	2.9209		1.44676  0.2  0.2		4.1705503158		-1.0
	20620.00000000	3.08385		1.11251  0.2  0.2		4.1705503158		-1.0
	20650.00000000	3.34939		0.96486  0.2  0.2		4.1705503158		-1.0
	20680.00000000	3.10468		0.87764  0.2  0.2		4.1705503158		-1.0
	20710.00000000	2.87891		1.03852  0.2  0.2		4.1705503158		-1.0
	20739.99999999	3.11425		1.3467  0.2  0.2		4.1705503158		-1.0
	20769.99999999	3.35776		1.64326  0.2  0.2		4.1705503158		-1.0
	20799.99999999	3.55916		1.3011  0.2  0.2		4.1705503158		-1.0
	20829.99999999	3.16781		0.83363  0.2  0.2		4.1705503158		-1.0
	20859.99999999	3.5763		0.87659  0.2  0.2		4.1705503158		-1.0
	20889.99999999	2.54979		1.04378  0.2  0.2		4.1705503158		-1.0
	20919.99999999	2.53686		1.03343  0.2  0.2		4.1705503158		-1.0
	20949.99999999	2.64084		0.9799  0.2  0.2		4.1705503158		-1.0
	20979.99999999	2.62974		0.93664  0.2  0.2		4.1705503158		-1.0
	21009.99999999	2.74165		0.70087  0.2  0.2		4.1705503158		-1.0
	21039.99999999	2.68666		0.55565  0.2  0.2		4.1705503158		-1.0
	21069.99999999	3.21902		0.46279  0.2  0.2		4.1705503158		-1.0
	21099.99999999	2.83533		0.32308  0.2  0.2		4.1705503158		-1.0
	21129.99999999	2.79793		0.04483  0.2  0.2		4.1705503158		-1.0
	21159.99999999	2.80297		-0.26592  0.2  0.2		4.1705503158		-1.0
	21189.99999999	2.81186		-0.12844  0.2  0.2		4.1705503158		-1.0
	21219.99999999	2.76185		0.07404  0.2  0.2		4.1705503158		-1.0
	21249.99999999	2.72364		0.1496  0.2  0.2		4.1705503158		-1.0
	21279.99999999	2.87237		-0.00223  0.2  0.2		4.1705503158		-1.0
	21309.99999999	3.68876		0.00432  0.2  0.2		4.1705503158		-1.0
	21339.99999999	3.48399		-0.40495  0.2  0.2		4.1705503158		-1.0
	21369.99999999	3.63369		-0.50134  0.2  0.2		4.1705503158		-1.0
	21399.99999999	3.70601		-0.25727  0.2  0.2		4.1705503158		-1.0
