	45.00000000	4.51464		-1.08111  0.2  0.2		2.0852751579		-1.0
	90.00000000	4.04462		-0.81439  0.2  0.2		2.0852751579		-1.0
	135.00000000	3.6315		-1.043  0.2  0.2		2.0852751579		-1.0
	180.00000000	3.85296		-0.72501  0.2  0.2		2.0852751579		-1.0
	225.00000000	4.14372		-0.81659  0.2  0.2		2.0852751579		-1.0
	270.00000000	4.30407		-0.57033  0.2  0.2		2.0852751579		-1.0
	315.00000000	4.04343		-0.88464  0.2  0.2		2.0852751579		-1.0
	360.00000000	3.90781		-0.23399  0.2  0.2		2.0852751579		-1.0
	405.00000000	3.48975		0.12106  0.2  0.2		2.0852751579		-1.0
	450.00000000	3.4951		0.73066  0.2  0.2		2.0852751579		-1.0
	495.00000000	3.49223		-0.77225  0.2  0.2		2.0852751579		-1.0
	540.00000000	4.34104		-0.07583  0.2  0.2		2.0852751579		-1.0
	585.00000000	3.74792		-0.16141  0.2  0.2		2.0852751579		-1.0
	630.00000000	3.03608		-0.14056  0.2  0.2		2.0852751579		-1.0
	675.00000000	2.40569		0.16186  0.2  0.2		2.0852751579		-1.0
	720.00000000	2.11015		0.21305  0.2  0.2		2.0852751579		-1.0
	765.00000000	2.07186		-0.22524  0.2  0.2		2.0852751579		-1.0
	810.00000000	2.08638		-0.48733  0.2  0.2		2.0852751579		-1.0
	855.00000000	2.10416		-0.46999  0.2  0.2		2.0852751579		-1.0
	900.00000000	2.07224		-0.20691  0.2  0.2		2.0852751579		-1.0
	945.00000000	2.03096		-0.35736  0.2  0.2		2.0852751579		-1.0
	990.00000000	2.05079		0.02129  0.2  0.2		2.0852751579		-1.0
	1035.00000000	2.06949		-0.04447  0.2  0.2		2.0852751579		-1.0
	1080.00000000	2.05149		0.46489  0.2  0.2		2.0852751579		-1.0
	1125.00000000	2.03817		0.83227  0.2  0.2		2.0852751579		-1.0
	1170.00000000	2.01807		0.84243  0.2  0.2		2.0852751579		-1.0
	1215.00000000	1.99524		0.71328  0.2  0.2		2.0852751579		-1.0
	1260.00000000	2.02119		0.35975  0.2  0.2		2.0852751579		-1.0
	1305.00000000	2.1174		0.43114  0.2  0.2		2.0852751579		-1.0
	1350.00000000	2.05406		0.38468  0.2  0.2		2.0852751579		-1.0
	1395.00000000	2.07635		0.25333  0.2  0.2		2.0852751579		-1.0
	1440.00000000	2.12166		-0.1085  0.2  0.2		2.0852751579		-1.0
	1485.00000000	2.05322		-0.11985  0.2  0.2		2.0852751579		-1.0
	1530.00000000	2.22494		-0.38574  0.2  0.2		2.0852751579		-1.0
	1575.00000000	1.99458		-0.67198  0.2  0.2		2.0852751579		-1.0
	1620.00000000	1.97012		-0.58005  0.2  0.2		2.0852751579		-1.0
	1665.00000000	2.18726		-0.87373  0.2  0.2		2.0852751579		-1.0
	1710.00000000	2.13616		-0.82296  0.2  0.2		2.0852751579		-1.0
	1755.00000000	1.96949		-0.6953  0.2  0.2		2.0852751579		-1.0
	1800.00000000	2.22029		-0.3683  0.2  0.2		2.0852751579		-1.0
	1845.00000000	1.89727		-0.55252  0.2  0.2		2.0852751579		-1.0
	1890.00000000	2.17703		-0.63083  0.2  0.2		2.0852751579		-1.0
	1935.00000000	1.91254		-1.06751  0.2  0.2		2.0852751579		-1.0
	1980.00000000	2.21844		-1.04664  0.2  0.2		2.0852751579		-1.0
	2025.00000000	2.07403		-1.05047  0.2  0.2		2.0852751579		-1.0
	2070.00000000	2.04485		-1.17913  0.2  0.2		2.0852751579		-1.0
	2115.00000000	2.26296		-1.13859  0.2  0.2		2.0852751579		-1.0
	2160.00000000	1.93876		-0.90389  0.2  0.2		2.0852751579		-1.0
	2205.00000000	2.26919		-0.80161  0.2  0.2		2.0852751579		-1.0
	2250.00000000	1.94431		-1.02571  0.2  0.2		2.0852751579		-1.0
	2295.00000000	2.14933		-0.86716  0.2  0.2		2.0852751579		-1.0
	2340.00000000	2.23742		-0.84007  0.2  0.2		2.0852751579		-1.0
	2385.00000000	2.09105		-0.00818  0.2  0.2		2.0852751579		-1.0
	2430.00000000	2.0789		0.4148  0.2  0.2		2.0852751579		-1.0
	2475.00000000	2.05764		0.60384  0.2  0.2		2.0852751579		-1.0
	2520.00000000	2.05622		0.68075  0.2  0.2		2.0852751579		-1.0
	2565.00000000	2.09751		0.89125  0.2  0.2		2.0852751579		-1.0
	2610.00000000	2.09944		1.37476  0.2  0.2		2.0852751579		-1.0
	2655.00000000	2.05599		1.51062  0.2  0.2		2.0852751579		-1.0
	2700.00000000	2.04527		1.46261  0.2  0.2		2.0852751579		-1.0
	2745.00000000	2.03054		1.16999  0.2  0.2		2.0852751579		-1.0
	2790.00000000	2.07127		0.20297  0.2  0.2		2.0852751579		-1.0
	2835.00000000	2.06408		-0.09958  0.2  0.2		2.0852751579		-1.0
	2880.00000000	2.1213		0.22774  0.2  0.2		2.0852751579		-1.0
	2925.00000000	2.10126		0.99733  0.2  0.2		2.0852751579		-1.0
	2970.00000000	2.1148		1.28995  0.2  0.2		2.0852751579		-1.0
	3015.00000000	1.99455		1.39055  0.2  0.2		2.0852751579		-1.0
	3060.00000000	2.13087		1.621  0.2  0.2		2.0852751579		-1.0
	3105.00000000	2.0605		1.62767  0.2  0.2		2.0852751579		-1.0
	3150.00000000	2.00623		1.85343  0.2  0.2		2.0852751579		-1.0
	3195.00000000	2.03149		1.9857  0.2  0.2		2.0852751579		-1.0
	3240.00000000	2.07182		2.17274  0.2  0.2		2.0852751579		-1.0
	3285.00000000	1.99965		2.91804  0.2  0.2		2.0852751579		-1.0
	3330.00000000	1.99523		-3.13201  0.2  0.2		2.0852751579		-1.0
	3375.00000000	1.98582		2.925  0.2  0.2		2.0852751579		-1.0
	3420.00000000	2.02326		2.71024  0.2  0.2		2.0852751579		-1.0
	3465.00000000	2.09814		-3.03134  0.2  0.2		2.0852751579		-1.0
	3510.00000000	2.14253		-2.92693  0.2  0.2		2.0852751579		-1.0
	3555.00000000	2.14383		2.87989  0.2  0.2		2.0852751579		-1.0
	3600.00000000	1.98557		2.42738  0.2  0.2		2.0852751579		-1.0
	3645.00000000	2.08267		2.84291  0.2  0.2		2.0852751579		-1.0
	3690.00000000	2.17548		2.83818  0.2  0.2		2.0852751579		-1.0
	3735.00000000	2.00703		2.74014  0.2  0.2		2.0852751579		-1.0
	3780.00000000	2.06788		2.44531  0.2  0.2		2.0852751579		-1.0
	3825.00000000	2.13615		2.52886  0.2  0.2		2.0852751579		-1.0
	3870.00000000	1.96287		2.30185  0.2  0.2		2.0852751579		-1.0
	3915.00000000	2.22405		2.55442  0.2  0.2		2.0852751579		-1.0
	3960.00000000	2.03975		2.42645  0.2  0.2		2.0852751579		-1.0
	4005.00000000	2.19211		2.03722  0.2  0.2		2.0852751579		-1.0
	4050.00000000	1.98699		2.2203  0.2  0.2		2.0852751579		-1.0
	4095.00000000	2.24493		2.45466  0.2  0.2		2.0852751579		-1.0
	4140.00000000	2.04371		2.58708  0.2  0.2		2.0852751579		-1.0
	4185.00000000	2.07658		3.08091  0.2  0.2		2.0852751579		-1.0
	4230.00000000	2.08287		2.94919  0.2  0.2		2.0852751579		-1.0
	4275.00000000	1.99711		2.77148  0.2  0.2		2.0852751579		-1.0
	4320.00000000	1.89353		2.68006  0.2  0.2		2.0852751579		-1.0
	4365.00000000	2.02394		2.53326  0.2  0.2		2.0852751579		-1.0
	4410.00000000	2.2742		2.21383  0.2  0.2		2.0852751579		-1.0
	4455.00000000	2.01016		2.2513  0.2  0.2		2.0852751579		-1.0
	4500.00000000	1.97326		2.08692  0.2  0.2		2.0852751579		-1.0
	4545.00000000	2.26712		2.48481  0.2  0.2		2.0852751579		-1.0
	4590.00000000	2.04071		-2.86417  0.2  0.2		2.0852751579		-1.0
	4635.00000000	2.14565		-2.71402  0.2  0.2		2.0852751579		-1.0
	4680.00000000	2.28901		-2.72197  0.2  0.2		2.0852751579		-1.0
	4725.00000000	2.28332		-2.44015  0.2  0.2		2.0852751579		-1.0
	4770.00000000	2.30562		-2.28052  0.2  0.2		2.0852751579		-1.0
	4815.00000000	2.32539		-1.93012  0.2  0.2		2.0852751579		-1.0
	4860.00000000	2.33764		-1.81432  0.2  0.2		2.0852751579		-1.0
	4905.00000000	2.3404		-1.43021  0.2  0.2		2.0852751579		-1.0
	4950.00000000	2.34137		-1.51276  0.2  0.2		2.0852751579		-1.0
	4995.00000000	2.309		-1.6921  0.2  0.2		2.0852751579		-1.0
	5040.00000000	2.30103		-1.5119  0.2  0.2		2.0852751579		-1.0
	5085.00000000	2.29247		-1.40088  0.2  0.2		2.0852751579		-1.0
	5130.00000000	2.20507		-1.45494  0.2  0.2		2.0852751579		-1.0
	5175.00000000	2.39707		-1.07754  0.2  0.2		2.0852751579		-1.0
	5220.00000000	1.87201		-1.06756  0.2  0.2		2.0852751579		-1.0
	5265.00000000	1.87624		-1.61318  0.2  0.2		2.0852751579		-1.0
	5310.00000000	1.85365		-1.6767  0.2  0.2		2.0852751579		-1.0
	5355.00000000	1.88799		-1.82706  0.2  0.2		2.0852751579		-1.0
	5400.00000000	1.84575		-2.11637  0.2  0.2		2.0852751579		-1.0
	5445.00000000	1.86012		-2.09102  0.2  0.2		2.0852751579		-1.0
	5490.00000000	1.86179		-2.10905  0.2  0.2		2.0852751579		-1.0
	5535.00000000	1.90994		-1.87516  0.2  0.2		2.0852751579		-1.0
	5580.00000000	1.9101		-2.18911  0.2  0.2		2.0852751579		-1.0
	5625.00000000	1.99348		-2.62056  0.2  0.2		2.0852751579		-1.0
	5670.00000000	2.23555		-2.40079  0.2  0.2		2.0852751579		-1.0
	5715.00000000	2.39832		-1.97985  0.2  0.2		2.0852751579		-1.0
	5760.00000000	2.35759		-1.7752  0.2  0.2		2.0852751579		-1.0
	5805.00000000	2.34722		-1.71317  0.2  0.2		2.0852751579		-1.0
	5850.00000000	2.32992		-1.77176  0.2  0.2		2.0852751579		-1.0
	5895.00000000	2.32649		-2.13304  0.2  0.2		2.0852751579		-1.0
	5940.00000000	2.28011		-1.82674  0.2  0.2		2.0852751579		-1.0
	5985.00000000	2.28847		-1.54141  0.2  0.2		2.0852751579		-1.0
	6030.00000000	2.19145		-1.21369  0.2  0.2		2.0852751579		-1.0
	6075.00000000	2.25444		-1.01726  0.2  0.2		2.0852751579		-1.0
	6120.00000000	2.11189		-1.28062  0.2  0.2		2.0852751579		-1.0
	6165.00000000	1.9903		-1.39908  0.2  0.2		2.0852751579		-1.0
	6210.00000000	2.04996		-1.47208  0.2  0.2		2.0852751579		-1.0
	6255.00000000	2.12022		-1.47458  0.2  0.2		2.0852751579		-1.0
	6300.00000000	1.87197		-1.37105  0.2  0.2		2.0852751579		-1.0
	6345.00000000	1.99613		-1.32534  0.2  0.2		2.0852751579		-1.0
	6390.00000000	1.89677		-1.80699  0.2  0.2		2.0852751579		-1.0
	6435.00000000	1.94595		-2.28274  0.2  0.2		2.0852751579		-1.0
	6480.00000000	1.93811		-2.50675  0.2  0.2		2.0852751579		-1.0
	6525.00000000	1.9857		-2.29174  0.2  0.2		2.0852751579		-1.0
	6570.00000000	2.09591		-2.30016  0.2  0.2		2.0852751579		-1.0
	6615.00000000	2.15146		-2.47093  0.2  0.2		2.0852751579		-1.0
	6660.00000000	2.02834		-2.70777  0.2  0.2		2.0852751579		-1.0
	6705.00000000	2.08342		-2.59223  0.2  0.2		2.0852751579		-1.0
	6750.00000000	2.07828		-2.47054  0.2  0.2		2.0852751579		-1.0
	6795.00000000	2.0826		-2.3162  0.2  0.2		2.0852751579		-1.0
	6840.00000000	2.1329		-2.07503  0.2  0.2		2.0852751579		-1.0
	6885.00000000	2.10916		-2.02256  0.2  0.2		2.0852751579		-1.0
	6930.00000000	2.07907		-1.94058  0.2  0.2		2.0852751579		-1.0
	6975.00000000	2.02959		-1.86401  0.2  0.2		2.0852751579		-1.0
	7020.00000000	2.01183		-1.45932  0.2  0.2		2.0852751579		-1.0
	7065.00000000	2.01328		-1.67097  0.2  0.2		2.0852751579		-1.0
	7110.00000000	2.04191		-1.84559  0.2  0.2		2.0852751579		-1.0
	7155.00000000	2.15436		-2.00656  0.2  0.2		2.0852751579		-1.0
	7200.00000000	2.0499		-2.1303  0.2  0.2		2.0852751579		-1.0
	7245.00000000	1.98471		-2.28538  0.2  0.2		2.0852751579		-1.0
	7290.00000000	1.96823		-2.73025  0.2  0.2		2.0852751579		-1.0
	7335.00000000	2.0273		-2.75688  0.2  0.2		2.0852751579		-1.0
	7380.00000000	2.08088		-2.83681  0.2  0.2		2.0852751579		-1.0
	7425.00000000	2.14678		3.12024  0.2  0.2		2.0852751579		-1.0
	7470.00000000	2.19461		3.03772  0.2  0.2		2.0852751579		-1.0
	7515.00000000	2.09285		2.9343  0.2  0.2		2.0852751579		-1.0
	7560.00000000	1.97003		2.60442  0.2  0.2		2.0852751579		-1.0
	7605.00000000	2.06628		2.2591  0.2  0.2		2.0852751579		-1.0
	7650.00000000	1.95776		2.09204  0.2  0.2		2.0852751579		-1.0
	7695.00000000	2.13763		1.82645  0.2  0.2		2.0852751579		-1.0
	7740.00000000	2.03022		1.65254  0.2  0.2		2.0852751579		-1.0
	7785.00000000	2.07384		1.67174  0.2  0.2		2.0852751579		-1.0
	7830.00000000	2.09096		1.49653  0.2  0.2		2.0852751579		-1.0
	7875.00000000	2.04882		1.37383  0.2  0.2		2.0852751579		-1.0
	7920.00000000	2.06598		1.89921  0.2  0.2		2.0852751579		-1.0
	7965.00000000	2.08428		1.81228  0.2  0.2		2.0852751579		-1.0
	8010.00000000	2.07142		1.82834  0.2  0.2		2.0852751579		-1.0
	8055.00000000	2.05849		2.10095  0.2  0.2		2.0852751579		-1.0
	8100.00000000	2.13597		2.08997  0.2  0.2		2.0852751579		-1.0
	8145.00000000	2.04175		1.82598  0.2  0.2		2.0852751579		-1.0
	8190.00000000	2.01137		1.79241  0.2  0.2		2.0852751579		-1.0
	8235.00000000	2.08653		1.44324  0.2  0.2		2.0852751579		-1.0
	8280.00000000	2.04043		1.29366  0.2  0.2		2.0852751579		-1.0
	8325.00000000	2.07614		1.23019  0.2  0.2		2.0852751579		-1.0
	8370.00000000	1.99799		1.0429  0.2  0.2		2.0852751579		-1.0
	8415.00000000	2.09941		1.05737  0.2  0.2		2.0852751579		-1.0
	8460.00000000	2.10539		0.82753  0.2  0.2		2.0852751579		-1.0
	8505.00000000	2.23279		1.01891  0.2  0.2		2.0852751579		-1.0
	8550.00000000	2.195		0.91329  0.2  0.2		2.0852751579		-1.0
	8595.00000000	1.98309		1.09442  0.2  0.2		2.0852751579		-1.0
	8640.00000000	2.12219		1.09605  0.2  0.2		2.0852751579		-1.0
	8685.00000000	2.16058		0.69067  0.2  0.2		2.0852751579		-1.0
	8730.00000000	2.13581		0.86039  0.2  0.2		2.0852751579		-1.0
	8775.00000000	1.9479		0.86924  0.2  0.2		2.0852751579		-1.0
	8820.00000000	2.06495		1.27794  0.2  0.2		2.0852751579		-1.0
	8865.00000000	2.26111		1.23637  0.2  0.2		2.0852751579		-1.0
	8910.00000000	2.29284		1.35309  0.2  0.2		2.0852751579		-1.0
	8955.00000000	2.09956		1.52351  0.2  0.2		2.0852751579		-1.0
	9000.00000000	2.03142		1.12817  0.2  0.2		2.0852751579		-1.0
	9045.00000000	1.96541		1.45378  0.2  0.2		2.0852751579		-1.0
	9090.00000000	2.21135		0.73989  0.2  0.2		2.0852751579		-1.0
	9135.00000000	1.97254		0.53388  0.2  0.2		2.0852751579		-1.0
	9180.00000000	2.07394		0.93044  0.2  0.2		2.0852751579		-1.0
	9225.00000000	2.06863		1.1593  0.2  0.2		2.0852751579		-1.0
	9270.00000000	2.2239		1.03414  0.2  0.2		2.0852751579		-1.0
	9315.00000000	2.20264		1.39941  0.2  0.2		2.0852751579		-1.0
	9360.00000000	2.28782		1.59287  0.2  0.2		2.0852751579		-1.0
	9405.00000000	1.92117		1.35536  0.2  0.2		2.0852751579		-1.0
	9450.00000000	2.37379		1.44693  0.2  0.2		2.0852751579		-1.0
	9495.00000000	1.88577		1.34961  0.2  0.2		2.0852751579		-1.0
	9540.00000000	1.92533		1.19307  0.2  0.2		2.0852751579		-1.0
	9585.00000000	2.0851		1.13325  0.2  0.2		2.0852751579		-1.0
	9630.00000000	1.89214		1.20385  0.2  0.2		2.0852751579		-1.0
	9675.00000000	2.1539		1.59886  0.2  0.2		2.0852751579		-1.0
	9720.00000000	2.17453		1.996  0.2  0.2		2.0852751579		-1.0
	9765.00000000	2.31368		2.22469  0.2  0.2		2.0852751579		-1.0
	9810.00000000	2.18562		1.9433  0.2  0.2		2.0852751579		-1.0
	9855.00000000	2.24473		2.25209  0.2  0.2		2.0852751579		-1.0
	9900.00000000	2.42197		2.4318  0.2  0.2		2.0852751579		-1.0
	9945.00000000	2.2949		2.10875  0.2  0.2		2.0852751579		-1.0
	9990.00000000	2.24748		2.13685  0.2  0.2		2.0852751579		-1.0
