	45.00000000	5.66544		-0.78052  0.2  0.2		2.0852751579		-1.0
	90.00000000	5.90843		-0.93028  0.2  0.2		2.0852751579		-1.0
	135.00000000	5.74111		-0.8337  0.2  0.2		2.0852751579		-1.0
	180.00000000	5.29385		-0.73853  0.2  0.2		2.0852751579		-1.0
	225.00000000	4.59334		-0.74409  0.2  0.2		2.0852751579		-1.0
	270.00000000	5.3407		-0.71216  0.2  0.2		2.0852751579		-1.0
	315.00000000	5.53074		-0.78155  0.2  0.2		2.0852751579		-1.0
	360.00000000	5.02804		-0.61848  0.2  0.2		2.0852751579		-1.0
	405.00000000	4.70062		-0.70687  0.2  0.2		2.0852751579		-1.0
	450.00000000	4.9676		-0.92461  0.2  0.2		2.0852751579		-1.0
	495.00000000	5.17512		-0.80921  0.2  0.2		2.0852751579		-1.0
	540.00000000	5.20453		-1.13625  0.2  0.2		2.0852751579		-1.0
	585.00000000	4.65736		-0.67184  0.2  0.2		2.0852751579		-1.0
	630.00000000	4.49923		-1.10544  0.2  0.2		2.0852751579		-1.0
	675.00000000	5.28397		-0.93897  0.2  0.2		2.0852751579		-1.0
	720.00000000	5.77948		-1.12669  0.2  0.2		2.0852751579		-1.0
	765.00000000	5.79922		-1.08179  0.2  0.2		2.0852751579		-1.0
	810.00000000	5.91674		-0.80618  0.2  0.2		2.0852751579		-1.0
	855.00000000	5.98059		-0.90488  0.2  0.2		2.0852751579		-1.0
	900.00000000	5.5792		-1.05178  0.2  0.2		2.0852751579		-1.0
	945.00000000	4.87892		-1.12128  0.2  0.2		2.0852751579		-1.0
	990.00000000	5.22134		-1.08298  0.2  0.2		2.0852751579		-1.0
	1035.00000000	5.69958		-1.0495  0.2  0.2		2.0852751579		-1.0
	1080.00000000	5.66781		-0.9572  0.2  0.2		2.0852751579		-1.0
	1125.00000000	4.94728		-1.13918  0.2  0.2		2.0852751579		-1.0
	1170.00000000	4.97491		-0.94648  0.2  0.2		2.0852751579		-1.0
	1215.00000000	4.67635		-1.05798  0.2  0.2		2.0852751579		-1.0
	1260.00000000	4.611		-0.78055  0.2  0.2		2.0852751579		-1.0
	1305.00000000	5.21149		-0.52826  0.2  0.2		2.0852751579		-1.0
	1350.00000000	4.96629		-0.51636  0.2  0.2		2.0852751579		-1.0
	1395.00000000	4.55997		-0.41075  0.2  0.2		2.0852751579		-1.0
	1440.00000000	4.67256		-0.03061  0.2  0.2		2.0852751579		-1.0
	1485.00000000	4.85097		0.10259  0.2  0.2		2.0852751579		-1.0
	1530.00000000	5.19488		-0.07301  0.2  0.2		2.0852751579		-1.0
	1575.00000000	5.43796		-0.32632  0.2  0.2		2.0852751579		-1.0
	1620.00000000	5.49125		-0.26276  0.2  0.2		2.0852751579		-1.0
	1665.00000000	4.95332		-0.32742  0.2  0.2		2.0852751579		-1.0
	1710.00000000	5.21975		-0.51187  0.2  0.2		2.0852751579		-1.0
	1755.00000000	5.48309		-0.66405  0.2  0.2		2.0852751579		-1.0
	1800.00000000	6.38374		-0.65929  0.2  0.2		2.0852751579		-1.0
	1845.00000000	6.89892		-0.81333  0.2  0.2		2.0852751579		-1.0
	1890.00000000	6.70764		-0.89658  0.2  0.2		2.0852751579		-1.0
	1935.00000000	6.00153		-0.74019  0.2  0.2		2.0852751579		-1.0
	1980.00000000	6.4597		-0.92774  0.2  0.2		2.0852751579		-1.0
	2025.00000000	6.95409		-0.93148  0.2  0.2		2.0852751579		-1.0
	2070.00000000	7.09322		-1.09015  0.2  0.2		2.0852751579		-1.0
	2115.00000000	7.2439		-0.94348  0.2  0.2		2.0852751579		-1.0
	2160.00000000	7.01469		-1.07771  0.2  0.2		2.0852751579		-1.0
	2205.00000000	7.15101		-1.14558  0.2  0.2		2.0852751579		-1.0
	2250.00000000	7.28201		-1.15176  0.2  0.2		2.0852751579		-1.0
	2295.00000000	7.57848		-1.26929  0.2  0.2		2.0852751579		-1.0
	2340.00000000	7.90523		-1.10781  0.2  0.2		2.0852751579		-1.0
	2385.00000000	7.57275		-1.10047  0.2  0.2		2.0852751579		-1.0
	2430.00000000	6.98929		-1.10639  0.2  0.2		2.0852751579		-1.0
	2475.00000000	6.20377		-1.15282  0.2  0.2		2.0852751579		-1.0
	2520.00000000	6.21976		-0.89242  0.2  0.2		2.0852751579		-1.0
	2565.00000000	6.13949		-0.8552  0.2  0.2		2.0852751579		-1.0
	2610.00000000	6.33062		-1.07961  0.2  0.2		2.0852751579		-1.0
	2655.00000000	6.2542		-1.09896  0.2  0.2		2.0852751579		-1.0
	2700.00000000	6.23724		-0.94486  0.2  0.2		2.0852751579		-1.0
	2745.00000000	6.28917		-0.8333  0.2  0.2		2.0852751579		-1.0
	2790.00000000	6.84014		-1.08326  0.2  0.2		2.0852751579		-1.0
	2835.00000000	6.60668		-1.27594  0.2  0.2		2.0852751579		-1.0
	2880.00000000	6.16355		-1.13527  0.2  0.2		2.0852751579		-1.0
	2925.00000000	5.54258		-1.25712  0.2  0.2		2.0852751579		-1.0
	2970.00000000	6.31841		-1.17797  0.2  0.2		2.0852751579		-1.0
	3015.00000000	6.66758		-1.25389  0.2  0.2		2.0852751579		-1.0
	3060.00000000	7.09725		-1.21018  0.2  0.2		2.0852751579		-1.0
	3105.00000000	7.73493		-1.19172  0.2  0.2		2.0852751579		-1.0
	3150.00000000	8.01758		-1.09735  0.2  0.2		2.0852751579		-1.0
	3195.00000000	8.17129		-1.21881  0.2  0.2		2.0852751579		-1.0
	3240.00000000	7.76909		-1.22008  0.2  0.2		2.0852751579		-1.0
	3285.00000000	7.55804		-1.21188  0.2  0.2		2.0852751579		-1.0
	3330.00000000	6.84845		-1.22578  0.2  0.2		2.0852751579		-1.0
	3375.00000000	6.21573		-1.35023  0.2  0.2		2.0852751579		-1.0
	3420.00000000	5.65786		-1.46129  0.2  0.2		2.0852751579		-1.0
	3465.00000000	5.10675		-1.26479  0.2  0.2		2.0852751579		-1.0
	3510.00000000	4.74952		-1.16591  0.2  0.2		2.0852751579		-1.0
	3555.00000000	4.42023		-1.10699  0.2  0.2		2.0852751579		-1.0
	3600.00000000	4.63717		-1.21498  0.2  0.2		2.0852751579		-1.0
	3645.00000000	5.33113		-1.342  0.2  0.2		2.0852751579		-1.0
	3690.00000000	5.40276		-1.30335  0.2  0.2		2.0852751579		-1.0
	3735.00000000	5.84004		-1.28989  0.2  0.2		2.0852751579		-1.0
	3780.00000000	4.89936		-1.16732  0.2  0.2		2.0852751579		-1.0
	3825.00000000	5.08829		-1.31201  0.2  0.2		2.0852751579		-1.0
	3870.00000000	6.05724		-1.28696  0.2  0.2		2.0852751579		-1.0
	3915.00000000	5.34269		-1.20763  0.2  0.2		2.0852751579		-1.0
	3960.00000000	5.80193		-1.25586  0.2  0.2		2.0852751579		-1.0
	4005.00000000	5.64639		-1.42135  0.2  0.2		2.0852751579		-1.0
	4050.00000000	5.23901		-1.23197  0.2  0.2		2.0852751579		-1.0
	4095.00000000	5.08828		-1.1699  0.2  0.2		2.0852751579		-1.0
	4140.00000000	4.67523		-1.33532  0.2  0.2		2.0852751579		-1.0
	4185.00000000	4.55314		-1.1338  0.2  0.2		2.0852751579		-1.0
	4230.00000000	4.18424		-1.02958  0.2  0.2		2.0852751579		-1.0
	4275.00000000	4.75883		-0.92873  0.2  0.2		2.0852751579		-1.0
	4320.00000000	4.36802		-1.25633  0.2  0.2		2.0852751579		-1.0
	4365.00000000	3.67002		-0.46724  0.2  0.2		2.0852751579		-1.0
	4410.00000000	3.91248		-0.69236  0.2  0.2		2.0852751579		-1.0
	4455.00000000	4.25948		-0.77386  0.2  0.2		2.0852751579		-1.0
	4500.00000000	3.70633		-0.97697  0.2  0.2		2.0852751579		-1.0
	4545.00000000	4.30177		-0.7455  0.2  0.2		2.0852751579		-1.0
	4590.00000000	4.46465		-0.73011  0.2  0.2		2.0852751579		-1.0
	4635.00000000	3.8063		-0.50483  0.2  0.2		2.0852751579		-1.0
	4680.00000000	3.3833		-0.46504  0.2  0.2		2.0852751579		-1.0
	4725.00000000	3.77802		0.11559  0.2  0.2		2.0852751579		-1.0
	4770.00000000	4.42729		-0.11703  0.2  0.2		2.0852751579		-1.0
	4815.00000000	4.35809		-0.1854  0.2  0.2		2.0852751579		-1.0
	4860.00000000	3.11658		-0.04344  0.2  0.2		2.0852751579		-1.0
	4905.00000000	2.2354		0.61654  0.2  0.2		2.0852751579		-1.0
	4950.00000000	2.19399		-0.0587  0.2  0.2		2.0852751579		-1.0
	4995.00000000	2.14295		-0.68609  0.2  0.2		2.0852751579		-1.0
	5040.00000000	2.13667		-0.21254  0.2  0.2		2.0852751579		-1.0
	5085.00000000	2.1936		-0.2142  0.2  0.2		2.0852751579		-1.0
	5130.00000000	2.24105		0.432  0.2  0.2		2.0852751579		-1.0
	5175.00000000	2.2548		0.92765  0.2  0.2		2.0852751579		-1.0
	5220.00000000	2.20875		-0.19223  0.2  0.2		2.0852751579		-1.0
	5265.00000000	2.23446		-1.14864  0.2  0.2		2.0852751579		-1.0
	5310.00000000	2.23219		-1.25414  0.2  0.2		2.0852751579		-1.0
	5355.00000000	2.24534		-1.06453  0.2  0.2		2.0852751579		-1.0
	5400.00000000	2.21959		-0.52656  0.2  0.2		2.0852751579		-1.0
	5445.00000000	2.18024		0.0164  0.2  0.2		2.0852751579		-1.0
	5490.00000000	2.21692		0.19516  0.2  0.2		2.0852751579		-1.0
	5535.00000000	2.2085		0.16492  0.2  0.2		2.0852751579		-1.0
	5580.00000000	2.18627		0.15304  0.2  0.2		2.0852751579		-1.0
	5625.00000000	2.20061		0.39728  0.2  0.2		2.0852751579		-1.0
	5670.00000000	2.28183		0.1409  0.2  0.2		2.0852751579		-1.0
	5715.00000000	2.06118		-0.49057  0.2  0.2		2.0852751579		-1.0
	5760.00000000	1.9558		-0.66551  0.2  0.2		2.0852751579		-1.0
	5805.00000000	1.85334		-0.9881  0.2  0.2		2.0852751579		-1.0
	5850.00000000	2.09304		-0.48047  0.2  0.2		2.0852751579		-1.0
	5895.00000000	2.27677		-0.30016  0.2  0.2		2.0852751579		-1.0
	5940.00000000	1.91111		-0.31507  0.2  0.2		2.0852751579		-1.0
	5985.00000000	2.30826		-0.53156  0.2  0.2		2.0852751579		-1.0
	6030.00000000	2.11274		-0.83598  0.2  0.2		2.0852751579		-1.0
	6075.00000000	1.93936		-1.18757  0.2  0.2		2.0852751579		-1.0
	6120.00000000	2.08753		-0.68612  0.2  0.2		2.0852751579		-1.0
	6165.00000000	2.27633		-0.32642  0.2  0.2		2.0852751579		-1.0
	6210.00000000	1.98712		0.00523  0.2  0.2		2.0852751579		-1.0
	6255.00000000	2.10391		-0.56025  0.2  0.2		2.0852751579		-1.0
	6300.00000000	2.12855		-0.12811  0.2  0.2		2.0852751579		-1.0
	6345.00000000	2.02109		-0.21217  0.2  0.2		2.0852751579		-1.0
	6390.00000000	2.08426		0.68673  0.2  0.2		2.0852751579		-1.0
	6435.00000000	1.91315		0.40458  0.2  0.2		2.0852751579		-1.0
	6480.00000000	1.99647		0.70579  0.2  0.2		2.0852751579		-1.0
	6525.00000000	2.11599		0.32536  0.2  0.2		2.0852751579		-1.0
	6570.00000000	2.19281		0.48989  0.2  0.2		2.0852751579		-1.0
	6615.00000000	2.10551		1.00352  0.2  0.2		2.0852751579		-1.0
	6660.00000000	2.19755		0.97269  0.2  0.2		2.0852751579		-1.0
	6705.00000000	2.20554		0.9889  0.2  0.2		2.0852751579		-1.0
	6750.00000000	2.16708		0.95707  0.2  0.2		2.0852751579		-1.0
	6795.00000000	2.15459		1.18713  0.2  0.2		2.0852751579		-1.0
	6840.00000000	2.15512		0.98462  0.2  0.2		2.0852751579		-1.0
	6885.00000000	2.01414		0.87659  0.2  0.2		2.0852751579		-1.0
	6930.00000000	1.98227		0.32799  0.2  0.2		2.0852751579		-1.0
	6975.00000000	2.19026		0.32824  0.2  0.2		2.0852751579		-1.0
	7020.00000000	1.92113		0.52238  0.2  0.2		2.0852751579		-1.0
	7065.00000000	2.25766		0.67888  0.2  0.2		2.0852751579		-1.0
	7110.00000000	1.98877		0.58965  0.2  0.2		2.0852751579		-1.0
	7155.00000000	2.23147		0.77745  0.2  0.2		2.0852751579		-1.0
	7200.00000000	2.1482		1.17409  0.2  0.2		2.0852751579		-1.0
	7245.00000000	2.20161		1.45501  0.2  0.2		2.0852751579		-1.0
	7290.00000000	2.127		1.50569  0.2  0.2		2.0852751579		-1.0
	7335.00000000	1.88761		1.36226  0.2  0.2		2.0852751579		-1.0
	7380.00000000	2.11335		1.54305  0.2  0.2		2.0852751579		-1.0
	7425.00000000	2.22378		1.47088  0.2  0.2		2.0852751579		-1.0
	7470.00000000	1.86398		1.17255  0.2  0.2		2.0852751579		-1.0
	7515.00000000	2.29146		1.1915  0.2  0.2		2.0852751579		-1.0
	7560.00000000	2.12914		1.52599  0.2  0.2		2.0852751579		-1.0
	7605.00000000	1.9441		1.25454  0.2  0.2		2.0852751579		-1.0
	7650.00000000	2.30782		0.43959  0.2  0.2		2.0852751579		-1.0
	7695.00000000	2.07364		0.37885  0.2  0.2		2.0852751579		-1.0
	7740.00000000	1.85914		0.22928  0.2  0.2		2.0852751579		-1.0
	7785.00000000	2.04379		0.69155  0.2  0.2		2.0852751579		-1.0
	7830.00000000	2.21809		1.29199  0.2  0.2		2.0852751579		-1.0
	7875.00000000	1.96162		1.16995  0.2  0.2		2.0852751579		-1.0
	7920.00000000	2.17983		1.15367  0.2  0.2		2.0852751579		-1.0
	7965.00000000	1.97653		0.73718  0.2  0.2		2.0852751579		-1.0
	8010.00000000	2.15261		0.86721  0.2  0.2		2.0852751579		-1.0
	8055.00000000	2.06276		1.24339  0.2  0.2		2.0852751579		-1.0
	8100.00000000	2.02767		1.69805  0.2  0.2		2.0852751579		-1.0
	8145.00000000	1.99847		1.51833  0.2  0.2		2.0852751579		-1.0
	8190.00000000	2.09445		1.83694  0.2  0.2		2.0852751579		-1.0
	8235.00000000	1.89157		1.9586  0.2  0.2		2.0852751579		-1.0
	8280.00000000	1.93138		2.0422  0.2  0.2		2.0852751579		-1.0
	8325.00000000	1.913		2.44992  0.2  0.2		2.0852751579		-1.0
	8370.00000000	2.00275		2.25146  0.2  0.2		2.0852751579		-1.0
	8415.00000000	2.03884		2.5009  0.2  0.2		2.0852751579		-1.0
	8460.00000000	2.06077		2.48214  0.2  0.2		2.0852751579		-1.0
	8505.00000000	1.9261		2.50802  0.2  0.2		2.0852751579		-1.0
	8550.00000000	1.99347		2.77055  0.2  0.2		2.0852751579		-1.0
	8595.00000000	2.11822		3.06139  0.2  0.2		2.0852751579		-1.0
	8640.00000000	2.16288		-2.89611  0.2  0.2		2.0852751579		-1.0
	8685.00000000	2.14244		-2.88329  0.2  0.2		2.0852751579		-1.0
	8730.00000000	2.127		-3.0674  0.2  0.2		2.0852751579		-1.0
	8775.00000000	2.14555		2.50628  0.2  0.2		2.0852751579		-1.0
	8820.00000000	1.95304		2.32231  0.2  0.2		2.0852751579		-1.0
	8865.00000000	2.18977		2.19198  0.2  0.2		2.0852751579		-1.0
	8910.00000000	2.04983		2.05759  0.2  0.2		2.0852751579		-1.0
	8955.00000000	2.12487		1.90474  0.2  0.2		2.0852751579		-1.0
	9000.00000000	2.12769		2.17462  0.2  0.2		2.0852751579		-1.0
	9045.00000000	1.99201		2.62281  0.2  0.2		2.0852751579		-1.0
	9090.00000000	2.03255		2.628  0.2  0.2		2.0852751579		-1.0
	9135.00000000	2.28322		2.81526  0.2  0.2		2.0852751579		-1.0
	9180.00000000	2.02873		3.03588  0.2  0.2		2.0852751579		-1.0
	9225.00000000	2.0229		3.03369  0.2  0.2		2.0852751579		-1.0
	9270.00000000	2.07591		-2.66522  0.2  0.2		2.0852751579		-1.0
	9315.00000000	2.19234		-2.41823  0.2  0.2		2.0852751579		-1.0
	9360.00000000	2.20471		-2.38814  0.2  0.2		2.0852751579		-1.0
	9405.00000000	2.25546		-2.06087  0.2  0.2		2.0852751579		-1.0
	9450.00000000	2.22218		-2.16053  0.2  0.2		2.0852751579		-1.0
	9495.00000000	2.14387		-2.03848  0.2  0.2		2.0852751579		-1.0
	9540.00000000	2.06133		-1.95008  0.2  0.2		2.0852751579		-1.0
	9585.00000000	1.99109		-1.9221  0.2  0.2		2.0852751579		-1.0
	9630.00000000	1.99192		-1.71853  0.2  0.2		2.0852751579		-1.0
	9675.00000000	2.01783		-1.82208  0.2  0.2		2.0852751579		-1.0
	9720.00000000	2.13671		-1.49921  0.2  0.2		2.0852751579		-1.0
	9765.00000000	2.14944		-1.48751  0.2  0.2		2.0852751579		-1.0
	9810.00000000	2.12828		-1.46654  0.2  0.2		2.0852751579		-1.0
	9855.00000000	1.98806		-1.55313  0.2  0.2		2.0852751579		-1.0
	9900.00000000	2.04692		-1.54704  0.2  0.2		2.0852751579		-1.0
	9945.00000000	2.1009		-1.42557  0.2  0.2		2.0852751579		-1.0
	9990.00000000	1.95994		-1.38959  0.2  0.2		2.0852751579		-1.0
