	45.00000000	9.81836		-0.56551  0.2  0.2		2.0852751579		-1.0
	90.00000000	9.26742		-0.57752  0.2  0.2		2.0852751579		-1.0
	135.00000000	8.84458		-0.69589  0.2  0.2		2.0852751579		-1.0
	180.00000000	8.7571		-0.74936  0.2  0.2		2.0852751579		-1.0
	225.00000000	9.16235		-0.73705  0.2  0.2		2.0852751579		-1.0
	270.00000000	9.6147		-0.63081  0.2  0.2		2.0852751579		-1.0
	315.00000000	9.64936		-0.39144  0.2  0.2		2.0852751579		-1.0
	360.00000000	10.10307		-0.37518  0.2  0.2		2.0852751579		-1.0
	405.00000000	10.35103		-0.23651  0.2  0.2		2.0852751579		-1.0
	450.00000000	10.07604		-0.27367  0.2  0.2		2.0852751579		-1.0
	495.00000000	10.09575		-0.31858  0.2  0.2		2.0852751579		-1.0
	540.00000000	9.9721		-0.36792  0.2  0.2		2.0852751579		-1.0
	585.00000000	9.64456		-0.33975  0.2  0.2		2.0852751579		-1.0
	630.00000000	9.47269		-0.47328  0.2  0.2		2.0852751579		-1.0
	675.00000000	9.40965		-0.3843  0.2  0.2		2.0852751579		-1.0
	720.00000000	9.24094		-0.44995  0.2  0.2		2.0852751579		-1.0
	765.00000000	8.48358		-0.59287  0.2  0.2		2.0852751579		-1.0
	810.00000000	8.92954		-0.51126  0.2  0.2		2.0852751579		-1.0
	855.00000000	9.53849		-0.66546  0.2  0.2		2.0852751579		-1.0
	900.00000000	9.69332		-0.50936  0.2  0.2		2.0852751579		-1.0
	945.00000000	10.6354		-0.37433  0.2  0.2		2.0852751579		-1.0
	990.00000000	10.58247		-0.23144  0.2  0.2		2.0852751579		-1.0
	1035.00000000	10.50322		-0.25762  0.2  0.2		2.0852751579		-1.0
	1080.00000000	9.91926		-0.43812  0.2  0.2		2.0852751579		-1.0
	1125.00000000	10.0753		-0.40747  0.2  0.2		2.0852751579		-1.0
	1170.00000000	10.03127		-0.38732  0.2  0.2		2.0852751579		-1.0
	1215.00000000	9.95206		-0.43123  0.2  0.2		2.0852751579		-1.0
	1260.00000000	10.44797		-0.20037  0.2  0.2		2.0852751579		-1.0
	1305.00000000	10.866		-0.36254  0.2  0.2		2.0852751579		-1.0
	1350.00000000	10.70347		-0.26262  0.2  0.2		2.0852751579		-1.0
	1395.00000000	10.22864		-0.32412  0.2  0.2		2.0852751579		-1.0
	1440.00000000	9.62936		-0.25011  0.2  0.2		2.0852751579		-1.0
	1485.00000000	9.34817		-0.30775  0.2  0.2		2.0852751579		-1.0
	1530.00000000	9.14765		-0.18567  0.2  0.2		2.0852751579		-1.0
	1575.00000000	10.00988		-0.23629  0.2  0.2		2.0852751579		-1.0
	1620.00000000	9.21005		-0.12559  0.2  0.2		2.0852751579		-1.0
	1665.00000000	9.00461		-0.31056  0.2  0.2		2.0852751579		-1.0
	1710.00000000	8.75959		-0.29484  0.2  0.2		2.0852751579		-1.0
	1755.00000000	8.54719		-0.4264  0.2  0.2		2.0852751579		-1.0
	1800.00000000	8.38748		-0.46307  0.2  0.2		2.0852751579		-1.0
	1845.00000000	9.08607		-0.41116  0.2  0.2		2.0852751579		-1.0
	1890.00000000	9.05289		-0.37231  0.2  0.2		2.0852751579		-1.0
	1935.00000000	8.71227		-0.34248  0.2  0.2		2.0852751579		-1.0
	1980.00000000	8.9437		-0.39016  0.2  0.2		2.0852751579		-1.0
	2025.00000000	9.6898		-0.34709  0.2  0.2		2.0852751579		-1.0
	2070.00000000	9.54846		-0.20409  0.2  0.2		2.0852751579		-1.0
	2115.00000000	8.62769		-0.12688  0.2  0.2		2.0852751579		-1.0
	2160.00000000	9.01116		-0.06918  0.2  0.2		2.0852751579		-1.0
	2205.00000000	8.91077		-0.01043  0.2  0.2		2.0852751579		-1.0
	2250.00000000	8.27193		-0.02989  0.2  0.2		2.0852751579		-1.0
	2295.00000000	8.83119		0.04589  0.2  0.2		2.0852751579		-1.0
	2340.00000000	9.42498		0.14537  0.2  0.2		2.0852751579		-1.0
	2385.00000000	9.73672		0.08715  0.2  0.2		2.0852751579		-1.0
	2430.00000000	8.73295		0.08314  0.2  0.2		2.0852751579		-1.0
	2475.00000000	8.66079		0.20234  0.2  0.2		2.0852751579		-1.0
	2520.00000000	8.54171		0.14747  0.2  0.2		2.0852751579		-1.0
	2565.00000000	9.13571		0.29657  0.2  0.2		2.0852751579		-1.0
	2610.00000000	9.67898		0.22725  0.2  0.2		2.0852751579		-1.0
	2655.00000000	9.42574		0.24179  0.2  0.2		2.0852751579		-1.0
	2700.00000000	9.88847		0.17229  0.2  0.2		2.0852751579		-1.0
	2745.00000000	9.66805		-0.01822  0.2  0.2		2.0852751579		-1.0
	2790.00000000	9.41483		-0.00336  0.2  0.2		2.0852751579		-1.0
	2835.00000000	9.03342		0.04407  0.2  0.2		2.0852751579		-1.0
	2880.00000000	9.406		-0.03745  0.2  0.2		2.0852751579		-1.0
	2925.00000000	10.30429		-0.03675  0.2  0.2		2.0852751579		-1.0
	2970.00000000	9.94884		-0.1051  0.2  0.2		2.0852751579		-1.0
	3015.00000000	10.00665		0.05791  0.2  0.2		2.0852751579		-1.0
	3060.00000000	9.98255		-0.06683  0.2  0.2		2.0852751579		-1.0
	3105.00000000	10.19775		-0.04637  0.2  0.2		2.0852751579		-1.0
	3150.00000000	9.87673		0.09418  0.2  0.2		2.0852751579		-1.0
	3195.00000000	9.23715		0.12456  0.2  0.2		2.0852751579		-1.0
	3240.00000000	9.18664		0.13928  0.2  0.2		2.0852751579		-1.0
	3285.00000000	8.66897		0.25743  0.2  0.2		2.0852751579		-1.0
	3330.00000000	8.59042		0.12965  0.2  0.2		2.0852751579		-1.0
	3375.00000000	9.42016		0.04551  0.2  0.2		2.0852751579		-1.0
	3420.00000000	9.84721		-0.10413  0.2  0.2		2.0852751579		-1.0
	3465.00000000	9.26293		-0.11269  0.2  0.2		2.0852751579		-1.0
	3510.00000000	9.26874		-0.23066  0.2  0.2		2.0852751579		-1.0
	3555.00000000	8.85071		-0.25344  0.2  0.2		2.0852751579		-1.0
	3600.00000000	8.32657		-0.28048  0.2  0.2		2.0852751579		-1.0
	3645.00000000	8.51993		-0.23494  0.2  0.2		2.0852751579		-1.0
	3690.00000000	8.37462		-0.21046  0.2  0.2		2.0852751579		-1.0
	3735.00000000	8.52416		-0.28047  0.2  0.2		2.0852751579		-1.0
	3780.00000000	8.11154		-0.3974  0.2  0.2		2.0852751579		-1.0
	3825.00000000	7.84951		-0.45677  0.2  0.2		2.0852751579		-1.0
	3870.00000000	8.41903		-0.52862  0.2  0.2		2.0852751579		-1.0
	3915.00000000	7.76371		-0.52896  0.2  0.2		2.0852751579		-1.0
	3960.00000000	7.97009		-0.52164  0.2  0.2		2.0852751579		-1.0
	4005.00000000	8.80622		-0.54737  0.2  0.2		2.0852751579		-1.0
	4050.00000000	8.14088		-0.5474  0.2  0.2		2.0852751579		-1.0
	4095.00000000	8.4824		-0.5881  0.2  0.2		2.0852751579		-1.0
	4140.00000000	8.79524		-0.54348  0.2  0.2		2.0852751579		-1.0
	4185.00000000	7.86936		-0.76237  0.2  0.2		2.0852751579		-1.0
	4230.00000000	7.77806		-0.75903  0.2  0.2		2.0852751579		-1.0
	4275.00000000	8.27915		-0.74918  0.2  0.2		2.0852751579		-1.0
	4320.00000000	8.4535		-0.69235  0.2  0.2		2.0852751579		-1.0
	4365.00000000	8.61733		-0.68197  0.2  0.2		2.0852751579		-1.0
	4410.00000000	9.00769		-0.70711  0.2  0.2		2.0852751579		-1.0
	4455.00000000	9.29349		-0.68599  0.2  0.2		2.0852751579		-1.0
	4500.00000000	9.65142		-0.59917  0.2  0.2		2.0852751579		-1.0
	4545.00000000	8.9404		-0.44504  0.2  0.2		2.0852751579		-1.0
	4590.00000000	9.62664		-0.58463  0.2  0.2		2.0852751579		-1.0
	4635.00000000	9.27669		-0.54623  0.2  0.2		2.0852751579		-1.0
	4680.00000000	9.24826		-0.30207  0.2  0.2		2.0852751579		-1.0
	4725.00000000	8.89183		-0.22409  0.2  0.2		2.0852751579		-1.0
	4770.00000000	8.43191		-0.17972  0.2  0.2		2.0852751579		-1.0
	4815.00000000	8.3372		-0.07397  0.2  0.2		2.0852751579		-1.0
	4860.00000000	9.14691		-0.10023  0.2  0.2		2.0852751579		-1.0
	4905.00000000	8.59863		0.01706  0.2  0.2		2.0852751579		-1.0
	4950.00000000	8.41174		-0.00728  0.2  0.2		2.0852751579		-1.0
	4995.00000000	8.53044		0.04255  0.2  0.2		2.0852751579		-1.0
	5040.00000000	8.26213		0.14076  0.2  0.2		2.0852751579		-1.0
	5085.00000000	8.27264		0.20905  0.2  0.2		2.0852751579		-1.0
	5130.00000000	8.119		0.20153  0.2  0.2		2.0852751579		-1.0
	5175.00000000	8.79259		0.21645  0.2  0.2		2.0852751579		-1.0
	5220.00000000	9.04246		0.19012  0.2  0.2		2.0852751579		-1.0
	5265.00000000	10.23176		0.17263  0.2  0.2		2.0852751579		-1.0
	5310.00000000	10.47968		0.10146  0.2  0.2		2.0852751579		-1.0
	5355.00000000	9.96907		0.12436  0.2  0.2		2.0852751579		-1.0
	5400.00000000	10.34375		-0.1563  0.2  0.2		2.0852751579		-1.0
	5445.00000000	9.47893		-0.01035  0.2  0.2		2.0852751579		-1.0
	5490.00000000	9.6121		-0.06194  0.2  0.2		2.0852751579		-1.0
	5535.00000000	10.72778		0.0859  0.2  0.2		2.0852751579		-1.0
	5580.00000000	10.85085		0.05675  0.2  0.2		2.0852751579		-1.0
	5625.00000000	10.15099		0.15336  0.2  0.2		2.0852751579		-1.0
	5670.00000000	9.6579		0.14122  0.2  0.2		2.0852751579		-1.0
	5715.00000000	9.40066		0.30937  0.2  0.2		2.0852751579		-1.0
	5760.00000000	8.94938		0.25671  0.2  0.2		2.0852751579		-1.0
	5805.00000000	9.23033		0.25796  0.2  0.2		2.0852751579		-1.0
	5850.00000000	8.94276		0.22038  0.2  0.2		2.0852751579		-1.0
	5895.00000000	7.91492		0.28644  0.2  0.2		2.0852751579		-1.0
	5940.00000000	8.19301		0.16009  0.2  0.2		2.0852751579		-1.0
	5985.00000000	7.94033		0.11314  0.2  0.2		2.0852751579		-1.0
	6030.00000000	8.13848		0.17831  0.2  0.2		2.0852751579		-1.0
	6075.00000000	7.88928		0.15465  0.2  0.2		2.0852751579		-1.0
	6120.00000000	7.78082		0.0474  0.2  0.2		2.0852751579		-1.0
	6165.00000000	8.26901		0.05704  0.2  0.2		2.0852751579		-1.0
	6210.00000000	8.66025		0.11325  0.2  0.2		2.0852751579		-1.0
	6255.00000000	8.45641		0.31035  0.2  0.2		2.0852751579		-1.0
	6300.00000000	8.76163		0.45193  0.2  0.2		2.0852751579		-1.0
	6345.00000000	8.10656		0.35332  0.2  0.2		2.0852751579		-1.0
	6390.00000000	8.63296		0.37585  0.2  0.2		2.0852751579		-1.0
	6435.00000000	8.83529		0.47801  0.2  0.2		2.0852751579		-1.0
	6480.00000000	9.34511		0.49841  0.2  0.2		2.0852751579		-1.0
	6525.00000000	9.00342		0.45494  0.2  0.2		2.0852751579		-1.0
	6570.00000000	9.72365		0.43492  0.2  0.2		2.0852751579		-1.0
	6615.00000000	9.50824		0.40475  0.2  0.2		2.0852751579		-1.0
	6660.00000000	10.00068		0.38407  0.2  0.2		2.0852751579		-1.0
	6705.00000000	9.42944		0.20598  0.2  0.2		2.0852751579		-1.0
	6750.00000000	9.81232		0.22071  0.2  0.2		2.0852751579		-1.0
	6795.00000000	9.9766		0.11027  0.2  0.2		2.0852751579		-1.0
	6840.00000000	9.64364		0.22414  0.2  0.2		2.0852751579		-1.0
	6885.00000000	9.16331		0.42745  0.2  0.2		2.0852751579		-1.0
	6930.00000000	9.09609		0.35498  0.2  0.2		2.0852751579		-1.0
	6975.00000000	9.13429		0.3273  0.2  0.2		2.0852751579		-1.0
	7020.00000000	9.28031		0.32363  0.2  0.2		2.0852751579		-1.0
	7065.00000000	9.73918		0.25081  0.2  0.2		2.0852751579		-1.0
	7110.00000000	9.89682		0.31343  0.2  0.2		2.0852751579		-1.0
	7155.00000000	10.02614		0.27704  0.2  0.2		2.0852751579		-1.0
	7200.00000000	10.25182		0.31467  0.2  0.2		2.0852751579		-1.0
	7245.00000000	10.44246		0.06505  0.2  0.2		2.0852751579		-1.0
	7290.00000000	10.54503		0.08384  0.2  0.2		2.0852751579		-1.0
	7335.00000000	10.53983		0.26599  0.2  0.2		2.0852751579		-1.0
	7380.00000000	10.30959		0.3849  0.2  0.2		2.0852751579		-1.0
	7425.00000000	10.25611		0.34197  0.2  0.2		2.0852751579		-1.0
	7470.00000000	10.0125		0.21123  0.2  0.2		2.0852751579		-1.0
	7515.00000000	10.40154		0.13241  0.2  0.2		2.0852751579		-1.0
	7560.00000000	9.95908		0.13788  0.2  0.2		2.0852751579		-1.0
	7605.00000000	10.33454		0.18528  0.2  0.2		2.0852751579		-1.0
	7650.00000000	10.23722		0.21626  0.2  0.2		2.0852751579		-1.0
	7695.00000000	10.81356		-0.03427  0.2  0.2		2.0852751579		-1.0
	7740.00000000	10.43451		0.15802  0.2  0.2		2.0852751579		-1.0
	7785.00000000	10.9083		-0.02424  0.2  0.2		2.0852751579		-1.0
	7830.00000000	11.24446		0.05652  0.2  0.2		2.0852751579		-1.0
	7875.00000000	10.92265		0.09302  0.2  0.2		2.0852751579		-1.0
	7920.00000000	10.54644		-0.05911  0.2  0.2		2.0852751579		-1.0
	7965.00000000	11.13095		0.03972  0.2  0.2		2.0852751579		-1.0
	8010.00000000	11.01217		-0.04595  0.2  0.2		2.0852751579		-1.0
	8055.00000000	10.68129		0.07502  0.2  0.2		2.0852751579		-1.0
	8100.00000000	10.88701		0.1266  0.2  0.2		2.0852751579		-1.0
	8145.00000000	11.57208		0.27114  0.2  0.2		2.0852751579		-1.0
	8190.00000000	10.94087		0.04142  0.2  0.2		2.0852751579		-1.0
	8235.00000000	11.32647		0.07572  0.2  0.2		2.0852751579		-1.0
	8280.00000000	11.33848		0.02408  0.2  0.2		2.0852751579		-1.0
	8325.00000000	11.53471		-0.09824  0.2  0.2		2.0852751579		-1.0
	8370.00000000	11.54824		-0.14757  0.2  0.2		2.0852751579		-1.0
	8415.00000000	11.35501		-0.07812  0.2  0.2		2.0852751579		-1.0
	8460.00000000	11.4362		-0.18051  0.2  0.2		2.0852751579		-1.0
	8505.00000000	11.36192		-0.23307  0.2  0.2		2.0852751579		-1.0
	8550.00000000	11.14398		-0.66128  0.2  0.2		2.0852751579		-1.0
	8595.00000000	10.76996		-0.62668  0.2  0.2		2.0852751579		-1.0
	8640.00000000	11.15146		-0.43514  0.2  0.2		2.0852751579		-1.0
	8685.00000000	11.19396		-0.4001  0.2  0.2		2.0852751579		-1.0
	8730.00000000	10.85381		-0.55498  0.2  0.2		2.0852751579		-1.0
	8775.00000000	10.56971		-0.64426  0.2  0.2		2.0852751579		-1.0
	8820.00000000	10.68032		-0.82534  0.2  0.2		2.0852751579		-1.0
	8865.00000000	10.88582		-0.55618  0.2  0.2		2.0852751579		-1.0
	8910.00000000	11.23192		-0.54422  0.2  0.2		2.0852751579		-1.0
	8955.00000000	11.20406		-0.18307  0.2  0.2		2.0852751579		-1.0
	9000.00000000	11.66503		-0.04564  0.2  0.2		2.0852751579		-1.0
	9045.00000000	11.34315		-0.09032  0.2  0.2		2.0852751579		-1.0
	9090.00000000	11.24308		0.19435  0.2  0.2		2.0852751579		-1.0
	9135.00000000	11.79183		0.27265  0.2  0.2		2.0852751579		-1.0
	9180.00000000	11.56374		0.12705  0.2  0.2		2.0852751579		-1.0
	9225.00000000	11.25095		0.08756  0.2  0.2		2.0852751579		-1.0
	9270.00000000	11.88696		-0.04852  0.2  0.2		2.0852751579		-1.0
	9315.00000000	11.06258		0.08013  0.2  0.2		2.0852751579		-1.0
	9360.00000000	11.56258		-0.05272  0.2  0.2		2.0852751579		-1.0
	9405.00000000	11.73944		-0.00359  0.2  0.2		2.0852751579		-1.0
	9450.00000000	11.52716		0.049  0.2  0.2		2.0852751579		-1.0
	9495.00000000	11.81427		-0.03851  0.2  0.2		2.0852751579		-1.0
	9540.00000000	11.09602		0.18105  0.2  0.2		2.0852751579		-1.0
	9585.00000000	11.11673		0.10722  0.2  0.2		2.0852751579		-1.0
	9630.00000000	11.18485		0.29093  0.2  0.2		2.0852751579		-1.0
	9675.00000000	10.72715		0.3046  0.2  0.2		2.0852751579		-1.0
	9720.00000000	10.92832		0.26769  0.2  0.2		2.0852751579		-1.0
	9765.00000000	10.83753		0.3159  0.2  0.2		2.0852751579		-1.0
	9810.00000000	10.69873		0.41716  0.2  0.2		2.0852751579		-1.0
	9855.00000000	11.07785		0.38674  0.2  0.2		2.0852751579		-1.0
	9900.00000000	10.23001		0.39027  0.2  0.2		2.0852751579		-1.0
	9945.00000000	10.22504		0.49024  0.2  0.2		2.0852751579		-1.0
	9990.00000000	10.67151		0.52946  0.2  0.2		2.0852751579		-1.0
