	45.00000000	9.27942		-0.47977  0.2  0.2		2.0852751579		-1.0
	90.00000000	9.03405		-0.49126  0.2  0.2		2.0852751579		-1.0
	135.00000000	9.03251		-0.32533  0.2  0.2		2.0852751579		-1.0
	180.00000000	9.62381		-0.28386  0.2  0.2		2.0852751579		-1.0
	225.00000000	10.25317		-0.21948  0.2  0.2		2.0852751579		-1.0
	270.00000000	10.32081		-0.16838  0.2  0.2		2.0852751579		-1.0
	315.00000000	9.60423		-0.02932  0.2  0.2		2.0852751579		-1.0
	360.00000000	9.16074		-0.03604  0.2  0.2		2.0852751579		-1.0
	405.00000000	9.17661		-0.15827  0.2  0.2		2.0852751579		-1.0
	450.00000000	9.68822		-0.16343  0.2  0.2		2.0852751579		-1.0
	495.00000000	10.02189		-0.12731  0.2  0.2		2.0852751579		-1.0
	540.00000000	9.77635		-0.15529  0.2  0.2		2.0852751579		-1.0
	585.00000000	9.72818		-0.17321  0.2  0.2		2.0852751579		-1.0
	630.00000000	9.64422		-0.44423  0.2  0.2		2.0852751579		-1.0
	675.00000000	9.54568		-0.39817  0.2  0.2		2.0852751579		-1.0
	720.00000000	9.81168		-0.36799  0.2  0.2		2.0852751579		-1.0
	765.00000000	10.59061		-0.38103  0.2  0.2		2.0852751579		-1.0
	810.00000000	10.32409		-0.37847  0.2  0.2		2.0852751579		-1.0
	855.00000000	9.07142		-0.29966  0.2  0.2		2.0852751579		-1.0
	900.00000000	9.51004		-0.40321  0.2  0.2		2.0852751579		-1.0
	945.00000000	9.60677		-0.49746  0.2  0.2		2.0852751579		-1.0
	990.00000000	9.93677		-0.44931  0.2  0.2		2.0852751579		-1.0
	1035.00000000	9.59082		-0.47039  0.2  0.2		2.0852751579		-1.0
	1080.00000000	9.11254		-0.61685  0.2  0.2		2.0852751579		-1.0
	1125.00000000	8.67411		-0.62511  0.2  0.2		2.0852751579		-1.0
	1170.00000000	8.4754		-0.61992  0.2  0.2		2.0852751579		-1.0
	1215.00000000	9.02011		-0.46079  0.2  0.2		2.0852751579		-1.0
	1260.00000000	9.58396		-0.54171  0.2  0.2		2.0852751579		-1.0
	1305.00000000	9.388		-0.37026  0.2  0.2		2.0852751579		-1.0
	1350.00000000	8.33819		-0.61283  0.2  0.2		2.0852751579		-1.0
	1395.00000000	9.07593		-0.71519  0.2  0.2		2.0852751579		-1.0
	1440.00000000	8.75302		-0.81937  0.2  0.2		2.0852751579		-1.0
	1485.00000000	9.34352		-0.56799  0.2  0.2		2.0852751579		-1.0
	1530.00000000	9.82579		-0.57794  0.2  0.2		2.0852751579		-1.0
	1575.00000000	10.30307		-0.41287  0.2  0.2		2.0852751579		-1.0
	1620.00000000	9.83721		-0.44023  0.2  0.2		2.0852751579		-1.0
	1665.00000000	10.40687		-0.73929  0.2  0.2		2.0852751579		-1.0
	1710.00000000	10.11795		-0.77915  0.2  0.2		2.0852751579		-1.0
	1755.00000000	8.8017		-0.56311  0.2  0.2		2.0852751579		-1.0
	1800.00000000	8.50234		-0.51268  0.2  0.2		2.0852751579		-1.0
	1845.00000000	8.74349		-0.57882  0.2  0.2		2.0852751579		-1.0
	1890.00000000	7.85417		-0.5805  0.2  0.2		2.0852751579		-1.0
	1935.00000000	8.31447		-0.44855  0.2  0.2		2.0852751579		-1.0
	1980.00000000	8.08012		-0.58794  0.2  0.2		2.0852751579		-1.0
	2025.00000000	8.57761		-0.72219  0.2  0.2		2.0852751579		-1.0
	2070.00000000	8.41886		-0.81054  0.2  0.2		2.0852751579		-1.0
	2115.00000000	7.72705		-0.74264  0.2  0.2		2.0852751579		-1.0
	2160.00000000	7.61417		-0.71697  0.2  0.2		2.0852751579		-1.0
	2205.00000000	8.06933		-0.65214  0.2  0.2		2.0852751579		-1.0
	2250.00000000	8.29177		-0.56981  0.2  0.2		2.0852751579		-1.0
	2295.00000000	8.00848		-0.66973  0.2  0.2		2.0852751579		-1.0
	2340.00000000	7.40436		-0.61301  0.2  0.2		2.0852751579		-1.0
	2385.00000000	6.64164		-0.77289  0.2  0.2		2.0852751579		-1.0
	2430.00000000	6.85399		-0.75163  0.2  0.2		2.0852751579		-1.0
	2475.00000000	6.36262		-0.67082  0.2  0.2		2.0852751579		-1.0
	2520.00000000	5.25076		-0.47073  0.2  0.2		2.0852751579		-1.0
	2565.00000000	4.6682		-0.80107  0.2  0.2		2.0852751579		-1.0
	2610.00000000	4.97184		-0.48599  0.2  0.2		2.0852751579		-1.0
	2655.00000000	4.79643		0.09322  0.2  0.2		2.0852751579		-1.0
	2700.00000000	3.99047		0.06127  0.2  0.2		2.0852751579		-1.0
	2745.00000000	4.02586		-0.06857  0.2  0.2		2.0852751579		-1.0
	2790.00000000	4.30616		-0.15712  0.2  0.2		2.0852751579		-1.0
	2835.00000000	5.12394		0.07567  0.2  0.2		2.0852751579		-1.0
	2880.00000000	5.5051		-0.15431  0.2  0.2		2.0852751579		-1.0
	2925.00000000	5.91492		-0.5449  0.2  0.2		2.0852751579		-1.0
	2970.00000000	5.37595		-0.48169  0.2  0.2		2.0852751579		-1.0
	3015.00000000	5.50917		-0.44988  0.2  0.2		2.0852751579		-1.0
	3060.00000000	5.65184		-0.05162  0.2  0.2		2.0852751579		-1.0
	3105.00000000	5.73366		-0.02386  0.2  0.2		2.0852751579		-1.0
	3150.00000000	5.83204		-0.22887  0.2  0.2		2.0852751579		-1.0
	3195.00000000	6.02256		0.03591  0.2  0.2		2.0852751579		-1.0
	3240.00000000	6.24041		-0.2358  0.2  0.2		2.0852751579		-1.0
	3285.00000000	5.75777		-0.56776  0.2  0.2		2.0852751579		-1.0
	3330.00000000	6.01419		-0.31033  0.2  0.2		2.0852751579		-1.0
	3375.00000000	6.01752		-0.36169  0.2  0.2		2.0852751579		-1.0
	3420.00000000	4.98915		-0.10512  0.2  0.2		2.0852751579		-1.0
	3465.00000000	4.87169		0.2751  0.2  0.2		2.0852751579		-1.0
	3510.00000000	5.32091		0.36849  0.2  0.2		2.0852751579		-1.0
	3555.00000000	5.48388		0.04921  0.2  0.2		2.0852751579		-1.0
	3600.00000000	5.45521		-0.09744  0.2  0.2		2.0852751579		-1.0
	3645.00000000	5.51085		0.21288  0.2  0.2		2.0852751579		-1.0
	3690.00000000	5.23741		0.32714  0.2  0.2		2.0852751579		-1.0
	3735.00000000	5.01634		0.0861  0.2  0.2		2.0852751579		-1.0
	3780.00000000	6.17833		-0.15949  0.2  0.2		2.0852751579		-1.0
	3825.00000000	6.23622		-0.23639  0.2  0.2		2.0852751579		-1.0
	3870.00000000	7.27664		-0.32148  0.2  0.2		2.0852751579		-1.0
	3915.00000000	7.23899		-0.32133  0.2  0.2		2.0852751579		-1.0
	3960.00000000	6.7388		-0.31016  0.2  0.2		2.0852751579		-1.0
	4005.00000000	5.64679		-0.40753  0.2  0.2		2.0852751579		-1.0
	4050.00000000	5.91042		-0.10771  0.2  0.2		2.0852751579		-1.0
	4095.00000000	6.00944		-0.33091  0.2  0.2		2.0852751579		-1.0
	4140.00000000	6.42495		-0.24997  0.2  0.2		2.0852751579		-1.0
	4185.00000000	6.60171		-0.30939  0.2  0.2		2.0852751579		-1.0
	4230.00000000	6.74689		-0.40468  0.2  0.2		2.0852751579		-1.0
	4275.00000000	6.61949		-0.26579  0.2  0.2		2.0852751579		-1.0
	4320.00000000	6.48385		-0.05207  0.2  0.2		2.0852751579		-1.0
	4365.00000000	6.63065		0.00605  0.2  0.2		2.0852751579		-1.0
	4410.00000000	6.13268		0.11061  0.2  0.2		2.0852751579		-1.0
	4455.00000000	6.28703		0.23787  0.2  0.2		2.0852751579		-1.0
	4500.00000000	5.79155		0.31959  0.2  0.2		2.0852751579		-1.0
	4545.00000000	5.80226		0.23154  0.2  0.2		2.0852751579		-1.0
	4590.00000000	5.96302		0.01551  0.2  0.2		2.0852751579		-1.0
	4635.00000000	6.71613		0.11217  0.2  0.2		2.0852751579		-1.0
	4680.00000000	6.7963		0.16577  0.2  0.2		2.0852751579		-1.0
	4725.00000000	7.23587		-0.05304  0.2  0.2		2.0852751579		-1.0
	4770.00000000	5.99917		0.26218  0.2  0.2		2.0852751579		-1.0
	4815.00000000	5.42327		0.47004  0.2  0.2		2.0852751579		-1.0
	4860.00000000	4.93636		0.46931  0.2  0.2		2.0852751579		-1.0
	4905.00000000	5.73247		0.40204  0.2  0.2		2.0852751579		-1.0
	4950.00000000	6.03219		0.2407  0.2  0.2		2.0852751579		-1.0
	4995.00000000	5.85692		0.40526  0.2  0.2		2.0852751579		-1.0
	5040.00000000	5.89613		0.48859  0.2  0.2		2.0852751579		-1.0
	5085.00000000	6.11087		0.4846  0.2  0.2		2.0852751579		-1.0
	5130.00000000	6.21279		0.5722  0.2  0.2		2.0852751579		-1.0
	5175.00000000	5.50239		0.64271  0.2  0.2		2.0852751579		-1.0
	5220.00000000	5.79855		0.20228  0.2  0.2		2.0852751579		-1.0
	5265.00000000	5.77867		-0.00652  0.2  0.2		2.0852751579		-1.0
	5310.00000000	6.35076		-0.08518  0.2  0.2		2.0852751579		-1.0
	5355.00000000	6.24354		-0.4257  0.2  0.2		2.0852751579		-1.0
	5400.00000000	6.26164		-0.2762  0.2  0.2		2.0852751579		-1.0
	5445.00000000	6.82182		-0.27021  0.2  0.2		2.0852751579		-1.0
	5490.00000000	6.97471		-0.27693  0.2  0.2		2.0852751579		-1.0
	5535.00000000	6.49793		-0.46852  0.2  0.2		2.0852751579		-1.0
	5580.00000000	6.27001		-0.32554  0.2  0.2		2.0852751579		-1.0
	5625.00000000	5.97023		-0.52372  0.2  0.2		2.0852751579		-1.0
	5670.00000000	5.4206		-0.16297  0.2  0.2		2.0852751579		-1.0
	5715.00000000	4.75983		0.02733  0.2  0.2		2.0852751579		-1.0
	5760.00000000	5.03143		-0.11883  0.2  0.2		2.0852751579		-1.0
	5805.00000000	5.44241		-0.24972  0.2  0.2		2.0852751579		-1.0
	5850.00000000	4.74687		-0.35038  0.2  0.2		2.0852751579		-1.0
	5895.00000000	5.02299		-0.37635  0.2  0.2		2.0852751579		-1.0
	5940.00000000	4.60003		-0.4818  0.2  0.2		2.0852751579		-1.0
	5985.00000000	4.40677		-0.118  0.2  0.2		2.0852751579		-1.0
	6030.00000000	4.58359		-0.01082  0.2  0.2		2.0852751579		-1.0
	6075.00000000	4.78411		0.15903  0.2  0.2		2.0852751579		-1.0
	6120.00000000	4.89748		-0.28036  0.2  0.2		2.0852751579		-1.0
	6165.00000000	5.567		-0.55167  0.2  0.2		2.0852751579		-1.0
	6210.00000000	5.52559		-0.5409  0.2  0.2		2.0852751579		-1.0
	6255.00000000	5.72974		-0.43272  0.2  0.2		2.0852751579		-1.0
	6300.00000000	5.69792		-0.6271  0.2  0.2		2.0852751579		-1.0
	6345.00000000	5.07761		-0.33489  0.2  0.2		2.0852751579		-1.0
	6390.00000000	4.60225		-0.55173  0.2  0.2		2.0852751579		-1.0
	6435.00000000	5.18139		-0.72133  0.2  0.2		2.0852751579		-1.0
	6480.00000000	5.11636		-0.50102  0.2  0.2		2.0852751579		-1.0
	6525.00000000	4.8067		-0.49077  0.2  0.2		2.0852751579		-1.0
	6570.00000000	4.42815		-0.1893  0.2  0.2		2.0852751579		-1.0
	6615.00000000	3.78431		-0.53216  0.2  0.2		2.0852751579		-1.0
	6660.00000000	4.12065		-0.51733  0.2  0.2		2.0852751579		-1.0
	6705.00000000	4.05993		-0.60816  0.2  0.2		2.0852751579		-1.0
	6750.00000000	3.80139		-0.56462  0.2  0.2		2.0852751579		-1.0
	6795.00000000	4.42754		-0.54566  0.2  0.2		2.0852751579		-1.0
	6840.00000000	4.72956		-0.59842  0.2  0.2		2.0852751579		-1.0
	6885.00000000	3.93695		-0.41865  0.2  0.2		2.0852751579		-1.0
	6930.00000000	3.54592		-0.13221  0.2  0.2		2.0852751579		-1.0
	6975.00000000	4.03314		-0.05457  0.2  0.2		2.0852751579		-1.0
	7020.00000000	4.68327		-0.03035  0.2  0.2		2.0852751579		-1.0
	7065.00000000	4.51653		-0.12974  0.2  0.2		2.0852751579		-1.0
	7110.00000000	5.66619		-0.19338  0.2  0.2		2.0852751579		-1.0
	7155.00000000	6.17756		-0.1343  0.2  0.2		2.0852751579		-1.0
	7200.00000000	6.90251		-0.33908  0.2  0.2		2.0852751579		-1.0
	7245.00000000	6.99988		-0.60401  0.2  0.2		2.0852751579		-1.0
	7290.00000000	7.24913		-0.36149  0.2  0.2		2.0852751579		-1.0
	7335.00000000	6.99835		-0.27659  0.2  0.2		2.0852751579		-1.0
	7380.00000000	7.1731		-0.36417  0.2  0.2		2.0852751579		-1.0
	7425.00000000	6.8794		-0.28751  0.2  0.2		2.0852751579		-1.0
	7470.00000000	7.44306		0.06308  0.2  0.2		2.0852751579		-1.0
	7515.00000000	6.8351		0.02765  0.2  0.2		2.0852751579		-1.0
	7560.00000000	7.1661		0.1527  0.2  0.2		2.0852751579		-1.0
	7605.00000000	6.09039		0.46563  0.2  0.2		2.0852751579		-1.0
	7650.00000000	5.78166		0.54385  0.2  0.2		2.0852751579		-1.0
	7695.00000000	5.32294		0.59112  0.2  0.2		2.0852751579		-1.0
	7740.00000000	5.36945		0.11696  0.2  0.2		2.0852751579		-1.0
	7785.00000000	5.23557		0.2438  0.2  0.2		2.0852751579		-1.0
	7830.00000000	5.78018		0.46211  0.2  0.2		2.0852751579		-1.0
	7875.00000000	5.87168		0.05566  0.2  0.2		2.0852751579		-1.0
	7920.00000000	5.82528		0.16768  0.2  0.2		2.0852751579		-1.0
	7965.00000000	6.09609		0.46982  0.2  0.2		2.0852751579		-1.0
	8010.00000000	6.39514		0.28051  0.2  0.2		2.0852751579		-1.0
	8055.00000000	6.54654		0.37643  0.2  0.2		2.0852751579		-1.0
	8100.00000000	6.67316		0.53781  0.2  0.2		2.0852751579		-1.0
	8145.00000000	6.78212		0.60109  0.2  0.2		2.0852751579		-1.0
	8190.00000000	6.62006		0.47611  0.2  0.2		2.0852751579		-1.0
	8235.00000000	6.88296		0.80958  0.2  0.2		2.0852751579		-1.0
	8280.00000000	6.93557		0.57445  0.2  0.2		2.0852751579		-1.0
	8325.00000000	7.59726		0.30171  0.2  0.2		2.0852751579		-1.0
	8370.00000000	7.25767		0.34591  0.2  0.2		2.0852751579		-1.0
	8415.00000000	7.02361		0.37994  0.2  0.2		2.0852751579		-1.0
	8460.00000000	7.82574		0.45879  0.2  0.2		2.0852751579		-1.0
	8505.00000000	7.93397		0.2507  0.2  0.2		2.0852751579		-1.0
	8550.00000000	7.77046		0.56277  0.2  0.2		2.0852751579		-1.0
	8595.00000000	8.07453		0.67313  0.2  0.2		2.0852751579		-1.0
	8640.00000000	7.38511		0.55872  0.2  0.2		2.0852751579		-1.0
	8685.00000000	8.05345		0.6563  0.2  0.2		2.0852751579		-1.0
	8730.00000000	8.36693		0.6289  0.2  0.2		2.0852751579		-1.0
	8775.00000000	9.04801		0.59911  0.2  0.2		2.0852751579		-1.0
	8820.00000000	8.62076		0.54361  0.2  0.2		2.0852751579		-1.0
	8865.00000000	8.57577		0.60329  0.2  0.2		2.0852751579		-1.0
	8910.00000000	8.21855		0.66735  0.2  0.2		2.0852751579		-1.0
	8955.00000000	8.94303		0.66784  0.2  0.2		2.0852751579		-1.0
	9000.00000000	8.28386		0.66763  0.2  0.2		2.0852751579		-1.0
	9045.00000000	7.70114		0.8457  0.2  0.2		2.0852751579		-1.0
	9090.00000000	7.45201		0.92942  0.2  0.2		2.0852751579		-1.0
	9135.00000000	8.01955		0.94064  0.2  0.2		2.0852751579		-1.0
	9180.00000000	7.11949		0.99712  0.2  0.2		2.0852751579		-1.0
	9225.00000000	7.47521		0.95648  0.2  0.2		2.0852751579		-1.0
	9270.00000000	7.64018		1.00614  0.2  0.2		2.0852751579		-1.0
	9315.00000000	6.8735		1.08751  0.2  0.2		2.0852751579		-1.0
	9360.00000000	6.62057		1.17757  0.2  0.2		2.0852751579		-1.0
	9405.00000000	6.45773		0.96951  0.2  0.2		2.0852751579		-1.0
	9450.00000000	6.3939		0.87465  0.2  0.2		2.0852751579		-1.0
	9495.00000000	6.86533		0.7795  0.2  0.2		2.0852751579		-1.0
	9540.00000000	6.12336		0.82395  0.2  0.2		2.0852751579		-1.0
	9585.00000000	6.30423		0.8266  0.2  0.2		2.0852751579		-1.0
	9630.00000000	7.23815		0.91076  0.2  0.2		2.0852751579		-1.0
	9675.00000000	7.30308		0.97637  0.2  0.2		2.0852751579		-1.0
	9720.00000000	7.28342		1.05891  0.2  0.2		2.0852751579		-1.0
	9765.00000000	7.85843		0.99145  0.2  0.2		2.0852751579		-1.0
	9810.00000000	8.37217		0.90364  0.2  0.2		2.0852751579		-1.0
	9855.00000000	8.74587		0.72099  0.2  0.2		2.0852751579		-1.0
	9900.00000000	8.59759		0.60848  0.2  0.2		2.0852751579		-1.0
	9945.00000000	9.28068		0.61947  0.2  0.2		2.0852751579		-1.0
	9990.00000000	9.62657		0.73842  0.2  0.2		2.0852751579		-1.0
