	0.00000000		4.84981		-0.87252
	5.00000000		4.90250		-1.01465
	10.00000000		4.93089		-1.12453
	15.00000000		4.86196		-1.13609
	20.00000000		4.78756		-1.05268
	25.00000000		4.80592		-0.92243
	30.00000000		4.71646		-0.86784
	35.00000000		4.66209		-0.92484
	40.00000000		4.45562		-1.02963
	45.00000000		4.51464		-1.08111
	50.00000000		4.50126		-1.04528
	55.00000000		4.57170		-0.95989
	60.00000000		4.52679		-0.83940
	65.00000000		4.39521		-0.83511
	70.00000000		4.33131		-0.97028
	75.00000000		4.19650		-1.04722
	80.00000000		4.29822		-0.98575
	85.00000000		4.13384		-0.87376
	90.00000000		4.04462		-0.81439
	95.00000000		3.74491		-0.93515
	100.00000000		3.68530		-1.14329
	105.00000000		3.83432		-1.19879
	110.00000000		3.81903		-1.09144
	115.00000000		3.89924		-0.93649
	120.00000000		3.61267		-0.85267
	125.00000000		3.57030		-0.92288
	130.00000000		3.53106		-1.07368
	135.00000000		3.63150		-1.04300
	140.00000000		3.86643		-0.92881
	145.00000000		3.77008		-0.86319
	150.00000000		3.76529		-0.81373
	155.00000000		3.63249		-0.81058
	160.00000000		3.88675		-0.76941
	165.00000000		4.18478		-0.75797
	170.00000000		4.28501		-0.78406
	175.00000000		4.17767		-0.76079
	180.00000000		3.85296		-0.72501
	185.00000000		4.00530		-0.64949
	190.00000000		4.09939		-0.60049
	195.00000000		4.42180		-0.66555
	200.00000000		4.53937		-0.82674
	205.00000000		4.43684		-0.90483
	210.00000000		4.40867		-0.92448
	215.00000000		4.23876		-0.87221
	220.00000000		4.37001		-0.83683
	225.00000000		4.14372		-0.81659
	230.00000000		4.16772		-0.80231
	235.00000000		4.14816		-0.77717
	240.00000000		4.38843		-0.77699
	245.00000000		4.65578		-0.83840
	250.00000000		4.49017		-0.83605
	255.00000000		4.18499		-0.69538
	260.00000000		3.93801		-0.39516
	265.00000000		4.15175		-0.30981
	270.00000000		4.30407		-0.57033
	275.00000000		4.53752		-0.80231
	280.00000000		4.37626		-0.81886
	285.00000000		4.18911		-0.60080
	290.00000000		4.20328		-0.21839
	295.00000000		4.17197		-0.33879
	300.00000000		4.35717		-0.79607
	305.00000000		4.36091		-1.14479
	310.00000000		4.31290		-1.19386
	315.00000000		4.04343		-0.88464
	320.00000000		4.13914		-0.49201
	325.00000000		4.23797		-0.38826
	330.00000000		4.06361		-0.57430
	335.00000000		3.89548		-0.69798
	340.00000000		3.67982		-0.54304
	345.00000000		3.93587		-0.23119
	350.00000000		4.13201		-0.20341
	355.00000000		4.19585		-0.26017
	360.00000000		3.90781		-0.23399
	365.00000000		3.54185		-0.10303
	370.00000000		3.55428		-0.01283
	375.00000000		3.47054		-0.07226
	380.00000000		3.66994		-0.09308
	385.00000000		3.66728		0.09322
	390.00000000		3.49881		0.43157
	395.00000000		3.60373		0.53436
	400.00000000		3.39431		0.28684
	405.00000000		3.48975		0.12106
	410.00000000		3.53133		0.44165
	415.00000000		3.43250		0.87772
	420.00000000		3.65146		0.92999
	425.00000000		3.36239		0.58243
	430.00000000		3.33267		0.09944
	435.00000000		3.43647		-0.14998
	440.00000000		3.13615		0.22632
	445.00000000		3.20637		0.64950
	450.00000000		3.49510		0.73066
	455.00000000		3.28789		0.52345
	460.00000000		3.28756		0.13067
	465.00000000		3.25647		-0.39285
	470.00000000		3.06440		-0.32541
	475.00000000		3.24018		0.15619
	480.00000000		3.33498		0.40203
	485.00000000		3.27406		0.23884
	490.00000000		3.38138		-0.41957
	495.00000000		3.49223		-0.77225
	500.00000000		3.69062		-0.45418
	505.00000000		3.83849		0.04008
	510.00000000		3.93695		0.25456
	515.00000000		3.95243		0.05025
	520.00000000		4.00426		-0.39388
	525.00000000		4.28824		-0.37186
	530.00000000		4.44769		-0.13958
	535.00000000		4.51729		-0.00589
	540.00000000		4.34104		-0.07583
	545.00000000		4.35161		-0.26006
	550.00000000		4.39310		-0.28447
	555.00000000		4.42696		-0.20272
	560.00000000		4.38518		-0.19595
	565.00000000		4.08055		-0.32725
	570.00000000		3.98617		-0.47960
	575.00000000		3.79945		-0.34974
	580.00000000		3.80513		-0.14791
	585.00000000		3.74792		-0.16141
	590.00000000		3.59967		-0.42287
	595.00000000		3.61739		-0.71765
	600.00000000		3.46215		-0.61329
	605.00000000		3.42427		-0.15876
	610.00000000		3.32200		0.12345
	615.00000000		3.06075		-0.04603
	620.00000000		2.99023		-0.45779
	625.00000000		3.05159		-0.45848
	630.00000000		3.03608		-0.14056
	635.00000000		3.11250		0.22537
	640.00000000		3.17929		0.48054
	645.00000000		3.07952		0.28905
	650.00000000		3.04850		-0.01004
	655.00000000		2.99456		-0.01042
	660.00000000		2.78672		0.11556
	665.00000000		2.62284		0.29022
	670.00000000		2.53842		0.24642
	675.00000000		2.40569		0.16186
	680.00000000		2.10633		0.21611
	685.00000000		2.10920		0.26225
	690.00000000		2.22597		0.14177
	695.00000000		2.10200		-0.40783
	700.00000000		2.19161		-0.93607
	705.00000000		2.15718		0.30562
	710.00000000		2.11666		0.58262
	715.00000000		2.09535		0.52013
	720.00000000		2.11015		0.21305
	725.00000000		2.12314		-0.19569
	730.00000000		2.09065		-0.11479
	735.00000000		2.09562		0.25819
	740.00000000		2.06985		0.41687
	745.00000000		2.09733		0.34486
	750.00000000		2.10793		0.10286
	755.00000000		2.10804		-0.34154
	760.00000000		2.09813		-0.39750
	765.00000000		2.07186		-0.22524
	770.00000000		2.06364		-0.20351
	775.00000000		2.06933		-0.25770
	780.00000000		2.09419		-0.27180
	785.00000000		2.11278		-0.32899
	790.00000000		2.08778		-0.67644
	795.00000000		2.08083		-0.78590
	800.00000000		2.08772		-0.67482
	805.00000000		2.04597		-0.53501
	810.00000000		2.08638		-0.48733
	815.00000000		2.05867		-0.66794
	820.00000000		2.07365		-0.84005
	825.00000000		2.09613		-0.59415
	830.00000000		2.08175		-0.22230
	835.00000000		2.05517		-0.00296
	840.00000000		2.09539		-0.20274
	845.00000000		2.08135		-0.62452
	850.00000000		2.06081		-0.71531
	855.00000000		2.10416		-0.46999
	860.00000000		2.02417		-0.23519
	865.00000000		2.08836		-0.22313
	870.00000000		2.07190		-0.37167
	875.00000000		2.06991		-0.43259
	880.00000000		2.09879		-0.18831
	885.00000000		2.03610		0.09429
	890.00000000		2.08231		0.05244
	895.00000000		2.06323		-0.14368
	900.00000000		2.07224		-0.20691
	905.00000000		2.06535		-0.05794
	910.00000000		2.03967		0.10068
	915.00000000		2.07665		0.07793
	920.00000000		2.05616		0.00917
	925.00000000		2.08389		0.07599
	930.00000000		2.03866		0.13975
	935.00000000		2.08201		-0.03321
	940.00000000		2.08467		-0.26431
	945.00000000		2.03096		-0.35736
	950.00000000		2.10609		-0.27782
	955.00000000		2.05064		-0.08220
	960.00000000		2.05874		0.06582
	965.00000000		2.08532		0.02234
	970.00000000		2.05184		-0.00371
	975.00000000		2.09319		0.13091
	980.00000000		2.02967		0.20624
	985.00000000		2.09594		0.11382
	990.00000000		2.05079		0.02129
	995.00000000		2.07587		0.05092
	1000.00000000		2.07772		0.15386
	1005.00000000		2.03450		0.20355
	1010.00000000		2.09441		0.14543
	1015.00000000		2.03125		0.12551
	1020.00000000		2.09763		0.21425
	1025.00000000		2.03547		0.24413
	1030.00000000		2.06113		0.11250
	1035.00000000		2.06949		-0.04447
	1040.00000000		2.01070		0.02274
	1045.00000000		2.10410		0.36087
	1050.00000000		2.03242		0.68657
	1055.00000000		2.08802		0.77541
	1060.00000000		2.06004		0.63830
	1065.00000000		2.06199		0.58249
	1070.00000000		2.04637		0.67035
	1075.00000000		2.04353		0.64194
	1080.00000000		2.05149		0.46489
	1085.00000000		2.05471		0.40312
	1090.00000000		2.07769		0.70492
	1095.00000000		2.03903		1.01378
	1100.00000000		2.06845		0.90473
	1105.00000000		2.04840		0.62252
	1110.00000000		2.06170		0.52206
	1115.00000000		2.04341		0.70889
	1120.00000000		2.05783		0.89870
	1125.00000000		2.03817		0.83227
	1130.00000000		2.08080		0.72827
	1135.00000000		2.05332		0.83011
	1140.00000000		2.08821		1.09041
	1145.00000000		2.03576		1.18890
	1150.00000000		2.09626		0.97315
	1155.00000000		2.07252		0.69079
	1160.00000000		2.04236		0.63072
	1165.00000000		2.07434		0.75255
	1170.00000000		2.01807		0.84243
	1175.00000000		2.10901		0.84227
	1180.00000000		2.02845		0.86396
	1185.00000000		2.10781		1.00122
	1190.00000000		2.03403		1.05598
	1195.00000000		2.07881		0.93736
	1200.00000000		2.08578		0.72535
	1205.00000000		2.02478		0.57647
	1210.00000000		2.10392		0.61808
	1215.00000000		1.99524		0.71328
	1220.00000000		2.12212		0.76952
	1225.00000000		2.04084		0.82331
	1230.00000000		2.09657		0.94313
	1235.00000000		2.06758		0.95224
	1240.00000000		2.05145		0.74606
	1245.00000000		2.15012		0.41796
	1250.00000000		1.97607		0.14384
	1255.00000000		2.10661		0.13689
	1260.00000000		2.02119		0.35975
	1265.00000000		2.06842		0.52762
	1270.00000000		2.10223		0.52553
	1275.00000000		2.03022		0.47387
	1280.00000000		2.11590		0.45855
	1285.00000000		1.99646		0.40078
	1290.00000000		2.08687		0.23835
	1295.00000000		2.05905		0.15971
	1300.00000000		2.03620		0.24435
	1305.00000000		2.11740		0.43114
	1310.00000000		2.00256		0.51419
	1315.00000000		2.09606		0.37579
	1320.00000000		2.05655		0.23033
	1325.00000000		2.04427		0.28649
	1330.00000000		2.09175		0.42144
	1335.00000000		2.00237		0.42755
	1340.00000000		2.09658		0.27225
	1345.00000000		2.03639		0.20885
	1350.00000000		2.05406		0.38468
	1355.00000000		2.09057		0.59272
	1360.00000000		2.01387		0.63027
	1365.00000000		2.11166		0.47447
	1370.00000000		2.06438		0.40451
	1375.00000000		2.02372		0.43869
	1380.00000000		2.10354		0.43444
	1385.00000000		2.00274		0.28032
	1390.00000000		2.09005		0.14003
	1395.00000000		2.07635		0.25333
	1400.00000000		2.02688		0.43913
	1405.00000000		2.09620		0.42436
	1410.00000000		2.04133		0.04515
	1415.00000000		2.10173		-0.29686
	1420.00000000		2.04714		-0.17312
	1425.00000000		2.05725		0.14395
	1430.00000000		2.03518		0.21318
	1435.00000000		2.05957		-0.00393
	1440.00000000		2.12166		-0.10850
	1445.00000000		2.02338		0.18256
	1450.00000000		2.09441		0.37843
	1455.00000000		2.04868		0.23685
	1460.00000000		2.06381		-0.10136
	1465.00000000		2.10140		-0.26083
	1470.00000000		1.99131		-0.13355
	1475.00000000		2.09697		0.00296
	1480.00000000		2.03445		-0.03010
	1485.00000000		2.05322		-0.11985
	1490.00000000		2.16131		-0.10329
	1495.00000000		1.98828		-0.05705
	1500.00000000		2.06882		-0.13734
	1505.00000000		2.16742		-0.28255
	1510.00000000		1.97959		-0.37631
	1515.00000000		2.13651		-0.30943
	1520.00000000		2.12964		-0.20923
	1525.00000000		1.93805		-0.23585
	1530.00000000		2.22494		-0.38574
	1535.00000000		2.05317		-0.45090
	1540.00000000		2.03477		-0.41489
	1545.00000000		2.17560		-0.41541
	1550.00000000		1.94223		-0.56874
	1555.00000000		2.19416		-0.70251
	1560.00000000		1.98569		-0.67841
	1565.00000000		2.13972		-0.54885
	1570.00000000		2.11778		-0.52301
	1575.00000000		1.99458		-0.67198
	1580.00000000		2.23827		-0.69069
	1585.00000000		1.94506		-0.52039
	1590.00000000		2.15144		-0.38173
	1595.00000000		2.09752		-0.53436
	1600.00000000		2.03195		-0.82923
	1605.00000000		2.14432		-0.90181
	1610.00000000		1.98106		-0.71506
	1615.00000000		2.18562		-0.52719
	1620.00000000		1.97012		-0.58005
	1625.00000000		2.16662		-0.68896
	1630.00000000		2.10904		-0.64189
	1635.00000000		1.98513		-0.48763
	1640.00000000		2.19426		-0.47076
	1645.00000000		1.98986		-0.60518
	1650.00000000		2.15203		-0.70652
	1655.00000000		2.11600		-0.66029
	1660.00000000		1.99481		-0.67046
	1665.00000000		2.18726		-0.87373
	1670.00000000		1.96667		-1.01480
	1675.00000000		2.18827		-0.94191
	1680.00000000		2.04163		-0.72862
	1685.00000000		2.05905		-0.63661
	1690.00000000		2.18382		-0.78426
	1695.00000000		1.96368		-0.97375
	1700.00000000		2.19150		-1.00806
	1705.00000000		1.97007		-0.87212
	1710.00000000		2.13616		-0.82296
	1715.00000000		2.13575		-0.93761
	1720.00000000		2.00792		-1.04899
	1725.00000000		2.15629		-1.05609
	1730.00000000		1.95776		-0.97405
	1735.00000000		2.14080		-0.93538
	1740.00000000		2.01142		-0.91553
	1745.00000000		2.14231		-0.81768
	1750.00000000		2.14931		-0.67348
	1755.00000000		1.96949		-0.69530
	1760.00000000		2.21673		-0.88759
	1765.00000000		2.01644		-0.95915
	1770.00000000		2.10000		-0.88461
	1775.00000000		2.17231		-0.78131
	1780.00000000		1.94276		-0.76754
	1785.00000000		2.21715		-0.86278
	1790.00000000		1.99882		-0.82201
	1795.00000000		2.12300		-0.58178
	1800.00000000		2.22029		-0.36830
	1805.00000000		1.89828		-0.34462
	1810.00000000		2.24007		-0.46986
	1815.00000000		2.14448		-0.54924
	1820.00000000		1.95476		-0.55393
	1825.00000000		2.26213		-0.51272
	1830.00000000		1.94338		-0.51047
	1835.00000000		2.13986		-0.51965
	1840.00000000		2.25818		-0.52204
	1845.00000000		1.89727		-0.55252
	1850.00000000		2.25374		-0.66720
	1855.00000000		2.10600		-0.77831
	1860.00000000		2.01220		-0.82321
	1865.00000000		2.26927		-0.74459
	1870.00000000		1.96537		-0.57408
	1875.00000000		2.15967		-0.48292
	1880.00000000		2.17989		-0.60492
	1885.00000000		2.02065		-0.69690
	1890.00000000		2.17703		-0.63083
	1895.00000000		2.05974		-0.56463
	1900.00000000		1.99560		-0.69074
	1905.00000000		2.20806		-0.89582
	1910.00000000		1.95926		-0.93109
	1915.00000000		2.20610		-0.73611
	1920.00000000		2.18265		-0.61458
	1925.00000000		1.92871		-0.81000
	1930.00000000		2.29812		-1.06888
	1935.00000000		1.91254		-1.06751
	1940.00000000		2.24315		-0.84929
	1945.00000000		2.15238		-0.75140
	1950.00000000		1.96987		-0.87800
	1955.00000000		2.35137		-1.03107
	1960.00000000		1.88501		-1.08034
	1965.00000000		2.26686		-1.05877
	1970.00000000		2.02011		-1.05834
	1975.00000000		2.13911		-1.09910
	1980.00000000		2.21844		-1.04664
	1985.00000000		1.92716		-0.85876
	1990.00000000		2.35165		-0.71981
	1995.00000000		1.93728		-0.74828
	2000.00000000		2.18927		-0.84025
	2005.00000000		2.25569		-0.81387
	2010.00000000		1.88879		-0.64520
	2015.00000000		2.32099		-0.65030
	2020.00000000		2.06385		-0.85456
	2025.00000000		2.07403		-1.05047
	2030.00000000		2.20887		-1.03875
	2035.00000000		1.91125		-0.85998
	2040.00000000		2.24453		-0.78747
	2045.00000000		2.02810		-0.88574
	2050.00000000		2.09075		-0.97480
	2055.00000000		2.22940		-0.95008
	2060.00000000		1.89508		-0.95651
	2065.00000000		2.23729		-1.08730
	2070.00000000		2.04485		-1.17913
	2075.00000000		2.07489		-1.14262
	2080.00000000		2.22797		-1.05264
	2085.00000000		1.91646		-1.08918
	2090.00000000		2.20009		-1.26059
	2095.00000000		2.02642		-1.29714
	2100.00000000		2.10275		-1.14193
	2105.00000000		2.17710		-0.98416
	2110.00000000		1.91778		-0.97214
	2115.00000000		2.26296		-1.13859
	2120.00000000		1.99942		-1.22563
	2125.00000000		2.12064		-1.15832
	2130.00000000		2.17792		-1.03401
	2135.00000000		1.91579		-0.96665
	2140.00000000		2.27117		-1.02044
	2145.00000000		2.01058		-0.92711
	2150.00000000		2.13320		-0.63573
	2155.00000000		2.29877		-0.60068
	2160.00000000		1.93876		-0.90389
	2165.00000000		2.19192		-1.16145
	2170.00000000		2.07827		-1.18783
	2175.00000000		2.02769		-1.06162
	2180.00000000		2.24066		-0.96658
	2185.00000000		1.91270		-0.98126
	2190.00000000		2.22858		-1.07916
	2195.00000000		2.10559		-1.06259
	2200.00000000		1.99405		-0.89450
	2205.00000000		2.26919		-0.80161
	2210.00000000		1.96105		-0.80934
	2215.00000000		2.13905		-0.89673
	2220.00000000		2.24024		-0.94666
	2225.00000000		1.92093		-1.00019
	2230.00000000		2.19615		-1.11172
	2235.00000000		2.07697		-1.18170
	2240.00000000		2.04190		-1.13258
	2245.00000000		2.17238		-1.05157
	2250.00000000		1.94431		-1.02571
	2255.00000000		2.15317		-1.09442
	2260.00000000		2.09799		-1.15409
	2265.00000000		2.03225		-1.10722
	2270.00000000		2.19333		-0.97859
	2275.00000000		1.99825		-0.86132
	2280.00000000		2.09068		-0.88660
	2285.00000000		2.22123		-0.94253
	2290.00000000		1.97062		-0.94577
	2295.00000000		2.14933		-0.86716
	2300.00000000		2.14619		-0.84045
	2305.00000000		1.93833		-0.92151
	2310.00000000		2.24090		-1.00407
	2315.00000000		2.11117		-0.97947
	2320.00000000		1.98337		-0.82278
	2325.00000000		2.23617		-0.75548
	2330.00000000		2.05782		-0.80702
	2335.00000000		2.01919		-0.89459
	2340.00000000		2.23742		-0.84007
	2345.00000000		2.02891		-0.60706
	2350.00000000		2.03890		-0.23701
	2355.00000000		2.18715		-0.10453
	2360.00000000		2.04246		-0.04614
	2365.00000000		2.10681		0.13924
	2370.00000000		2.14966		0.19507
	2375.00000000		1.97345		0.07003
	2380.00000000		2.12214		-0.05057
	2385.00000000		2.09105		-0.00818
	2390.00000000		2.03846		0.29057
	2395.00000000		2.18553		0.63554
	2400.00000000		2.01256		0.69097
	2405.00000000		2.11668		0.57028
	2410.00000000		2.14452		0.54204
	2415.00000000		1.96616		0.62799
	2420.00000000		2.15423		0.62726
	2425.00000000		2.01133		0.46123
	2430.00000000		2.07890		0.41480
	2435.00000000		2.19430		0.66256
	2440.00000000		2.02987		1.05817
	2445.00000000		2.07955		1.28524
	2450.00000000		2.04001		1.14206
	2455.00000000		2.11841		0.88746
	2460.00000000		2.07283		0.87687
	2465.00000000		2.04123		0.93944
	2470.00000000		2.11036		0.85081
	2475.00000000		2.05764		0.60384
	2480.00000000		2.08762		0.54674
	2485.00000000		2.09495		0.79757
	2490.00000000		2.07639		0.97978
	2495.00000000		2.06366		0.94479
	2500.00000000		2.14490		0.75609
	2505.00000000		2.11088		0.69128
	2510.00000000		2.04248		0.75178
	2515.00000000		2.10221		0.75814
	2520.00000000		2.05622		0.68075
	2525.00000000		2.11676		0.69591
	2530.00000000		2.17627		1.00448
	2535.00000000		2.02888		1.20680
	2540.00000000		2.12743		1.03604
	2545.00000000		2.12711		0.67124
	2550.00000000		2.08577		0.40164
	2555.00000000		2.08452		0.48625
	2560.00000000		2.13248		0.77036
	2565.00000000		2.09751		0.89125
	2570.00000000		2.08404		0.95315
	2575.00000000		2.15443		1.19863
	2580.00000000		2.03801		1.42598
	2585.00000000		2.11232		1.27510
	2590.00000000		2.07985		1.02182
	2595.00000000		2.06472		0.89742
	2600.00000000		2.14884		1.03179
	2605.00000000		2.04092		1.33302
	2610.00000000		2.09944		1.37476
	2615.00000000		2.06593		1.22915
	2620.00000000		2.07033		1.13040
	2625.00000000		2.10634		1.22343
	2630.00000000		2.01304		1.31061
	2635.00000000		2.10978		1.15216
	2640.00000000		2.02140		0.95312
	2645.00000000		2.09772		0.97220
	2650.00000000		2.07972		1.22815
	2655.00000000		2.05599		1.51062
	2660.00000000		2.09675		1.61283
	2665.00000000		2.02515		1.50004
	2670.00000000		2.12491		1.35406
	2675.00000000		2.00795		1.28113
	2680.00000000		2.11244		1.26186
	2685.00000000		2.02089		1.23529
	2690.00000000		2.08176		1.25010
	2695.00000000		2.06803		1.33762
	2700.00000000		2.04527		1.46261
	2705.00000000		2.11482		1.49736
	2710.00000000		2.02389		1.38796
	2715.00000000		2.11940		1.17412
	2720.00000000		2.01572		1.03553
	2725.00000000		2.08570		1.08908
	2730.00000000		2.06671		1.18520
	2735.00000000		2.05781		1.20518
	2740.00000000		2.13288		1.16504
	2745.00000000		2.03054		1.16999
	2750.00000000		2.11252		1.17607
	2755.00000000		2.08331		1.09525
	2760.00000000		2.07733		0.87572
	2765.00000000		2.14779		0.67884
	2770.00000000		2.08660		0.58957
	2775.00000000		2.04560		0.49580
	2780.00000000		2.10382		0.34503
	2785.00000000		2.11173		0.15242
	2790.00000000		2.07127		0.20297
	2795.00000000		2.08573		0.39088
	2800.00000000		2.17502		0.39029
	2805.00000000		2.10793		0.26281
	2810.00000000		2.04038		0.01861
	2815.00000000		2.16550		-0.22555
	2820.00000000		2.05334		-0.22140
	2825.00000000		1.99648		-0.08693
	2830.00000000		2.19352		-0.05863
	2835.00000000		2.06408		-0.09958
	2840.00000000		2.01410		-0.16244
	2845.00000000		2.15646		-0.17654
	2850.00000000		2.04923		-0.15547
	2855.00000000		2.01007		-0.10090
	2860.00000000		2.11872		0.01372
	2865.00000000		2.10433		0.22099
	2870.00000000		2.05266		0.37990
	2875.00000000		2.08378		0.32859
	2880.00000000		2.12130		0.22774
	2885.00000000		2.01307		0.24086
	2890.00000000		2.01621		0.34979
	2895.00000000		2.14239		0.48291
	2900.00000000		2.06915		0.61766
	2905.00000000		2.07106		0.74024
	2910.00000000		2.17544		0.83538
	2915.00000000		2.02440		0.91757
	2920.00000000		2.10336		1.00039
	2925.00000000		2.10126		0.99733
	2930.00000000		2.00590		0.96460
	2935.00000000		2.13634		0.94240
	2940.00000000		2.02017		0.98165
	2945.00000000		2.07015		1.09040
	2950.00000000		2.10138		1.20589
	2955.00000000		2.00122		1.24916
	2960.00000000		2.15437		1.23624
	2965.00000000		1.99368		1.23519
	2970.00000000		2.11480		1.28995
	2975.00000000		2.08917		1.35483
	2980.00000000		2.00018		1.35882
	2985.00000000		2.15784		1.29514
	2990.00000000		1.96687		1.22921
	2995.00000000		2.11709		1.28217
	3000.00000000		2.05511		1.44624
	3005.00000000		2.03520		1.60338
	3010.00000000		2.11666		1.55994
	3015.00000000		1.99455		1.39055
	3020.00000000		2.16195		1.25482
	3025.00000000		2.04845		1.29617
	3030.00000000		2.04867		1.43139
	3035.00000000		2.13310		1.46716
	3040.00000000		1.97950		1.41025
	3045.00000000		2.14406		1.35839
	3050.00000000		2.07815		1.43634
	3055.00000000		2.03523		1.57484
	3060.00000000		2.13087		1.62100
	3065.00000000		1.96149		1.50547
	3070.00000000		2.15221		1.34324
	3075.00000000		2.04922		1.27292
	3080.00000000		2.02652		1.34150
	3085.00000000		2.19256		1.52071
	3090.00000000		1.98123		1.76952
	3095.00000000		2.12966		1.84746
	3100.00000000		2.02642		1.75142
	3105.00000000		2.06050		1.62767
	3110.00000000		2.11767		1.63982
	3115.00000000		1.99271		1.78874
	3120.00000000		2.12569		1.83432
	3125.00000000		2.00961		1.71546
	3130.00000000		2.09242		1.56419
	3135.00000000		2.04302		1.57989
	3140.00000000		2.03141		1.74000
	3145.00000000		2.09679		1.87949
	3150.00000000		2.00623		1.85343
	3155.00000000		2.15506		1.72078
	3160.00000000		1.99068		1.69052
	3165.00000000		2.11052		1.76132
	3170.00000000		2.07370		1.83181
	3175.00000000		2.01717		1.79398
	3180.00000000		2.17309		1.70344
	3185.00000000		1.95605		1.69253
	3190.00000000		2.16227		1.82487
	3195.00000000		2.03149		1.98570
	3200.00000000		2.08000		2.06746
	3205.00000000		2.12248		2.04141
	3210.00000000		2.00532		2.02771
	3215.00000000		2.16503		2.04794
	3220.00000000		1.97405		2.10645
	3225.00000000		2.15454		2.08506
	3230.00000000		2.01289		2.04290
	3235.00000000		2.10704		2.05752
	3240.00000000		2.07182		2.17274
	3245.00000000		2.04784		2.38117
	3250.00000000		2.11615		2.52413
	3255.00000000		2.01641		2.61215
	3260.00000000		2.15183		2.65160
	3265.00000000		1.98424		2.71615
	3270.00000000		2.14083		2.78691
	3275.00000000		1.99789		2.85427
	3280.00000000		2.11887		2.91514
	3285.00000000		1.99965		2.91804
	3290.00000000		2.10621		2.88963
	3295.00000000		2.04471		2.84320
	3300.00000000		2.07163		2.86001
	3305.00000000		2.08655		2.89677
	3310.00000000		2.01299		2.92583
	3315.00000000		2.12351		2.88785
	3320.00000000		1.99342		2.88434
	3325.00000000		2.17502		2.99199
	3330.00000000		1.99523		-3.13201
	3335.00000000		2.16046		-3.08191
	3340.00000000		2.02726		3.04974
	3345.00000000		2.10265		2.81857
	3350.00000000		2.05787		2.68213
	3355.00000000		2.04669		2.72899
	3360.00000000		2.10702		2.81796
	3365.00000000		2.00978		2.86560
	3370.00000000		2.14912		2.85915
	3375.00000000		1.98582		2.92500
	3380.00000000		2.15772		3.06377
	3385.00000000		2.02401		-3.08626
	3390.00000000		2.09870		-2.97689
	3395.00000000		2.09798		-2.97395
	3400.00000000		2.04097		-2.98279
	3405.00000000		2.12982		-3.06251
	3410.00000000		1.99468		3.05256
	3415.00000000		2.14487		2.82744
	3420.00000000		2.02326		2.71024
	3425.00000000		2.10776		2.78033
	3430.00000000		2.11744		2.99590
	3435.00000000		2.01180		-3.07466
	3440.00000000		2.14254		-3.03457
	3445.00000000		2.02669		-3.08916
	3450.00000000		2.12541		-3.04948
	3455.00000000		2.06187		-2.87503
	3460.00000000		2.07680		-2.84829
	3465.00000000		2.09814		-3.03134
	3470.00000000		2.06823		2.98427
	3475.00000000		2.12264		2.89831
	3480.00000000		2.04196		2.99500
	3485.00000000		2.12805		3.07725
	3490.00000000		2.04602		3.04212
	3495.00000000		2.11196		2.96876
	3500.00000000		2.09890		3.04313
	3505.00000000		2.03640		-3.05264
	3510.00000000		2.14253		-2.92693
	3515.00000000		1.99108		-3.02206
	3520.00000000		2.17572		3.06063
	3525.00000000		2.05504		2.86094
	3530.00000000		2.06812		2.73617
	3535.00000000		2.13562		2.68249
	3540.00000000		1.98683		2.66359
	3545.00000000		2.17620		2.67710
	3550.00000000		1.99237		2.76427
	3555.00000000		2.14383		2.87989
	3560.00000000		2.07739		2.92686
	3565.00000000		2.02781		2.92630
	3570.00000000		2.17504		2.87249
	3575.00000000		1.97993		2.82169
	3580.00000000		2.15072		2.76311
	3585.00000000		2.06274		2.69941
	3590.00000000		2.05195		2.58331
	3595.00000000		2.12766		2.45503
	3600.00000000		1.98557		2.42738
	3605.00000000		2.17037		2.50558
	3610.00000000		2.00501		2.68919
	3615.00000000		2.12503		2.82423
	3620.00000000		2.10452		2.90029
	3625.00000000		2.02285		2.91071
	3630.00000000		2.15777		2.87895
	3635.00000000		2.01882		2.85505
	3640.00000000		2.12642		2.86361
	3645.00000000		2.08267		2.84291
	3650.00000000		2.02638		2.68575
	3655.00000000		2.16680		2.50692
	3660.00000000		1.98347		2.48147
	3665.00000000		2.16442		2.61942
	3670.00000000		2.02731		2.75108
	3675.00000000		2.06177		2.76392
	3680.00000000		2.16115		2.71970
	3685.00000000		1.99348		2.76809
	3690.00000000		2.17548		2.83818
	3695.00000000		2.05607		2.77951
	3700.00000000		2.04778		2.58397
	3705.00000000		2.15319		2.42345
	3710.00000000		1.97495		2.40861
	3715.00000000		2.16184		2.45374
	3720.00000000		2.00710		2.50959
	3725.00000000		2.10705		2.53055
	3730.00000000		2.09590		2.61229
	3735.00000000		2.00703		2.74014
	3740.00000000		2.17266		2.80516
	3745.00000000		2.03633		2.76008
	3750.00000000		2.08368		2.57840
	3755.00000000		2.14592		2.45686
	3760.00000000		1.97862		2.45848
	3765.00000000		2.17091		2.46451
	3770.00000000		1.97931		2.41283
	3775.00000000		2.15223		2.36946
	3780.00000000		2.06788		2.44531
	3785.00000000		2.03579		2.57157
	3790.00000000		2.17923		2.60338
	3795.00000000		1.97779		2.58325
	3800.00000000		2.15525		2.55349
	3805.00000000		2.10325		2.51243
	3810.00000000		2.02037		2.39871
	3815.00000000		2.16523		2.28813
	3820.00000000		2.00574		2.36638
	3825.00000000		2.13615		2.52886
	3830.00000000		2.07737		2.62505
	3835.00000000		2.04308		2.54579
	3840.00000000		2.16329		2.42538
	3845.00000000		2.00319		2.42937
	3850.00000000		2.14484		2.51878
	3855.00000000		2.08501		2.55931
	3860.00000000		2.01915		2.45678
	3865.00000000		2.19918		2.32101
	3870.00000000		1.96287		2.30185
	3875.00000000		2.16736		2.39145
	3880.00000000		2.10379		2.45849
	3885.00000000		1.99164		2.42972
	3890.00000000		2.22183		2.34964
	3895.00000000		1.97082		2.37183
	3900.00000000		2.14627		2.48486
	3905.00000000		2.14370		2.58360
	3910.00000000		1.96470		2.61815
	3915.00000000		2.22405		2.55442
	3920.00000000		2.04260		2.51955
	3925.00000000		2.03072		2.47093
	3930.00000000		2.19753		2.45797
	3935.00000000		1.93772		2.50081
	3940.00000000		2.18997		2.62445
	3945.00000000		2.13223		2.73216
	3950.00000000		1.95226		2.74002
	3955.00000000		2.22896		2.60514
	3960.00000000		2.03975		2.42645
	3965.00000000		2.06367		2.30059
	3970.00000000		2.21159		2.28093
	3975.00000000		1.94897		2.32009
	3980.00000000		2.18664		2.30331
	3985.00000000		2.08674		2.27051
	3990.00000000		2.01846		2.19296
	3995.00000000		2.20550		2.13684
	4000.00000000		1.95940		2.10634
	4005.00000000		2.19211		2.03722
	4010.00000000		2.02780		2.01354
	4015.00000000		2.06603		1.98755
	4020.00000000		2.17824		2.00339
	4025.00000000		1.93256		2.08707
	4030.00000000		2.23475		2.14683
	4035.00000000		1.96096		2.21070
	4040.00000000		2.11637		2.21468
	4045.00000000		2.09968		2.20300
	4050.00000000		1.98699		2.22030
	4055.00000000		2.23832		2.25147
	4060.00000000		1.99090		2.36800
	4065.00000000		2.09340		2.49082
	4070.00000000		2.18484		2.51866
	4075.00000000		1.93876		2.44399
	4080.00000000		2.20193		2.33873
	4085.00000000		2.12305		2.31350
	4090.00000000		1.97228		2.37300
	4095.00000000		2.24493		2.45466
	4100.00000000		1.97938		2.52804
	4105.00000000		2.07838		2.55483
	4110.00000000		2.21829		2.53663
	4115.00000000		1.93211		2.55588
	4120.00000000		2.15253		2.56921
	4125.00000000		2.15188		2.58680
	4130.00000000		1.92900		2.57975
	4135.00000000		2.20801		2.56403
	4140.00000000		2.04371		2.58708
	4145.00000000		2.00722		2.64641
	4150.00000000		2.23004		2.73469
	4155.00000000		1.99740		2.86866
	4160.00000000		2.08617		3.03229
	4165.00000000		2.16619		3.10078
	4170.00000000		1.94276		3.11071
	4175.00000000		2.19477		3.08418
	4180.00000000		2.00113		3.07460
	4185.00000000		2.07658		3.08091
	4190.00000000		2.13426		3.06665
	4195.00000000		1.93348		2.98741
	4200.00000000		2.20425		2.95605
	4205.00000000		1.98324		2.97553
	4210.00000000		2.07412		3.03951
	4215.00000000		2.19871		3.08595
	4220.00000000		1.92459		3.06025
	4225.00000000		2.21219		3.02537
	4230.00000000		2.08287		2.94919
	4235.00000000		1.97549		2.86995
	4240.00000000		2.25095		2.80287
	4245.00000000		2.06906		2.81110
	4250.00000000		1.98216		2.84592
	4255.00000000		2.24952		2.87471
	4260.00000000		2.02751		2.84941
	4265.00000000		2.02976		2.78700
	4270.00000000		2.27257		2.74955
	4275.00000000		1.99711		2.77148
	4280.00000000		2.05760		2.80707
	4285.00000000		2.27641		2.76190
	4290.00000000		1.98504		2.64706
	4295.00000000		2.07971		2.44445
	4300.00000000		2.25368		2.36053
	4305.00000000		1.90517		2.40427
	4310.00000000		2.19003		2.53949
	4315.00000000		2.21942		2.62180
	4320.00000000		1.89353		2.68006
	4325.00000000		2.22382		2.60716
	4330.00000000		2.20904		2.53287
	4335.00000000		1.89667		2.47360
	4340.00000000		2.25239		2.43298
	4345.00000000		2.11234		2.44969
	4350.00000000		1.95451		2.48525
	4355.00000000		2.28805		2.49994
	4360.00000000		2.03824		2.52040
	4365.00000000		2.02394		2.53326
	4370.00000000		2.29466		2.47678
	4375.00000000		2.00188		2.35958
	4380.00000000		2.08409		2.12686
	4385.00000000		2.22150		2.06751
	4390.00000000		1.90827		2.20477
	4395.00000000		2.24149		2.33701
	4400.00000000		2.11894		2.36652
	4405.00000000		1.96788		2.29117
	4410.00000000		2.27420		2.21383
	4415.00000000		1.99940		2.21690
	4420.00000000		2.08232		2.23534
	4425.00000000		2.24382		2.21640
	4430.00000000		1.90103		2.23069
	4435.00000000		2.22223		2.21064
	4440.00000000		2.12481		2.24142
	4445.00000000		1.96052		2.28849
	4450.00000000		2.28022		2.28000
	4455.00000000		2.01016		2.25130
	4460.00000000		2.07181		2.13083
	4465.00000000		2.23683		2.09600
	4470.00000000		1.89757		2.21041
	4475.00000000		2.24034		2.36383
	4480.00000000		2.21597		2.44545
	4485.00000000		1.90022		2.41332
	4490.00000000		2.22974		2.22002
	4495.00000000		2.12072		2.10144
	4500.00000000		1.97326		2.08692
	4505.00000000		2.32114		2.14527
	4510.00000000		1.94988		2.18923
	4515.00000000		2.12904		2.13726
	4520.00000000		2.25618		2.12769
	4525.00000000		1.89921		2.30541
	4530.00000000		2.24892		2.51374
	4535.00000000		2.23042		2.59357
	4540.00000000		1.88230		2.57050
	4545.00000000		2.26712		2.48481
	4550.00000000		2.21162		2.53925
	4555.00000000		1.87447		2.74209
	4560.00000000		2.31511		2.91565
	4565.00000000		2.13404		2.98632
	4570.00000000		1.96545		3.13128
	4575.00000000		2.31427		-2.97204
	4580.00000000		1.88077		-2.84710
	4585.00000000		2.24407		-2.82193
	4590.00000000		2.04071		-2.86417
	4595.00000000		2.08528		-2.79101
	4600.00000000		2.21986		-2.65896
	4605.00000000		1.92042		-2.59479
	4610.00000000		2.30469		-2.67078
	4615.00000000		1.88122		-2.75842
	4620.00000000		2.26500		-2.73845
	4625.00000000		1.99881		-2.66540
	4630.00000000		2.14572		-2.65664
	4635.00000000		2.14565		-2.71402
	4640.00000000		1.98606		-2.80389
	4645.00000000		2.29649		-2.81694
	4650.00000000		1.84161		-2.81594
	4655.00000000		2.31439		-2.81815
	4660.00000000		1.98686		-2.81945
	4665.00000000		2.15326		-2.74917
	4670.00000000		2.17568		-2.64113
	4675.00000000		1.97660		-2.65431
	4680.00000000		2.28901		-2.72197
	4685.00000000		1.84055		-2.83028
	4690.00000000		2.30488		-2.74305
	4695.00000000		1.90991		-2.51347
	4700.00000000		2.25297		-2.18584
	4705.00000000		1.99877		-2.14758
	4710.00000000		2.18530		-2.24548
	4715.00000000		2.13858		-2.25863
	4720.00000000		2.03400		-2.32610
	4725.00000000		2.28332		-2.44015
	4730.00000000		1.86249		-2.73150
	4735.00000000		2.37086		-2.81851
	4740.00000000		1.90893		-2.71340
	4745.00000000		2.25581		-2.43468
	4750.00000000		2.06555		-2.34536
	4755.00000000		2.11966		-2.42758
	4760.00000000		2.21521		-2.47805
	4765.00000000		1.95228		-2.40372
	4770.00000000		2.30562		-2.28052
	4775.00000000		1.85548		-2.30094
	4780.00000000		2.32591		-2.33891
	4785.00000000		1.86727		-2.36457
	4790.00000000		2.29449		-2.21498
	4795.00000000		1.97811		-2.12073
	4800.00000000		2.20788		-2.01980
	4805.00000000		2.17436		-2.03279
	4810.00000000		2.01521		-1.98873
	4815.00000000		2.32539		-1.93012
	4820.00000000		1.85450		-1.97400
	4825.00000000		2.34638		-1.97579
	4830.00000000		1.85778		-2.00819
	4835.00000000		2.31014		-1.91192
	4840.00000000		2.02586		-1.88958
	4845.00000000		2.16855		-1.85035
	4850.00000000		2.22121		-1.86567
	4855.00000000		1.96151		-1.89276
	4860.00000000		2.33764		-1.81432
	4865.00000000		1.83257		-1.68898
	4870.00000000		2.37008		-1.51193
	4875.00000000		1.90364		-1.46745
	4880.00000000		2.27381		-1.42966
	4885.00000000		2.13338		-1.46974
	4890.00000000		2.04401		-1.48180
	4895.00000000		2.28276		-1.45409
	4900.00000000		1.88272		-1.45715
	4905.00000000		2.34040		-1.43021
	4910.00000000		1.86106		-1.47057
	4915.00000000		2.28621		-1.45893
	4920.00000000		1.98033		-1.50866
	4925.00000000		2.18423		-1.50810
	4930.00000000		2.13416		-1.50420
	4935.00000000		2.02523		-1.49188
	4940.00000000		2.27283		-1.48743
	4945.00000000		1.88851		-1.55341
	4950.00000000		2.34137		-1.51276
	4955.00000000		1.84398		-1.47824
	4960.00000000		2.31582		-1.44193
	4965.00000000		1.95970		-1.52435
	4970.00000000		2.21348		-1.58553
	4975.00000000		2.10139		-1.55204
	4980.00000000		2.06190		-1.53942
	4985.00000000		2.22370		-1.60683
	4990.00000000		1.94145		-1.74667
	4995.00000000		2.30900		-1.69210
	5000.00000000		1.86093		-1.55849
	5005.00000000		2.32497		-1.40325
	5010.00000000		1.87731		-1.44247
	5015.00000000		2.27080		-1.45877
	5020.00000000		2.04765		-1.40357
	5025.00000000		2.10806		-1.32091
	5030.00000000		2.23613		-1.34585
	5035.00000000		1.91922		-1.51466
	5040.00000000		2.30103		-1.51190
	5045.00000000		1.83394		-1.39807
	5050.00000000		2.34794		-1.23835
	5055.00000000		1.94826		-1.29232
	5060.00000000		2.19125		-1.42648
	5065.00000000		2.07362		-1.46069
	5070.00000000		2.07309		-1.38811
	5075.00000000		2.17971		-1.34029
	5080.00000000		1.96050		-1.39897
	5085.00000000		2.29247		-1.40088
	5090.00000000		1.85615		-1.39574
	5095.00000000		2.27859		-1.35175
	5100.00000000		1.88477		-1.46207
	5105.00000000		2.23779		-1.56669
	5110.00000000		1.95012		-1.59346
	5115.00000000		2.19376		-1.45484
	5120.00000000		2.07468		-1.36472
	5125.00000000		2.06531		-1.39935
	5130.00000000		2.20507		-1.45494
	5135.00000000		1.93017		-1.47667
	5140.00000000		2.33219		-1.39207
	5145.00000000		1.83067		-1.36578
	5150.00000000		2.31557		-1.35487
	5155.00000000		1.97663		-1.39766
	5160.00000000		2.18187		-1.36208
	5165.00000000		2.21264		-1.26769
	5170.00000000		1.91742		-1.14697
	5175.00000000		2.39707		-1.07754
	5180.00000000		1.94369		-1.11142
	5185.00000000		2.18709		-1.11750
	5190.00000000		2.26327		-1.13382
	5195.00000000		1.86336		-1.19477
	5200.00000000		2.35688		-1.20285
	5205.00000000		1.89545		-1.15440
	5210.00000000		2.23205		-1.02589
	5215.00000000		2.25362		-0.99165
	5220.00000000		1.87201		-1.06756
	5225.00000000		2.33842		-1.15603
	5230.00000000		1.96847		-1.24133
	5235.00000000		2.17272		-1.28558
	5240.00000000		2.22020		-1.29800
	5245.00000000		1.92431		-1.37621
	5250.00000000		2.31475		-1.46319
	5255.00000000		1.84323		-1.57009
	5260.00000000		2.28542		-1.57927
	5265.00000000		1.87624		-1.61318
	5270.00000000		2.27654		-1.59162
	5275.00000000		2.00954		-1.61306
	5280.00000000		2.14412		-1.66188
	5285.00000000		2.12317		-1.72301
	5290.00000000		2.02928		-1.81432
	5295.00000000		2.22146		-1.79287
	5300.00000000		1.91535		-1.71862
	5305.00000000		2.26924		-1.62537
	5310.00000000		1.85365		-1.67670
	5315.00000000		2.30525		-1.68892
	5320.00000000		1.88468		-1.71065
	5325.00000000		2.24928		-1.64154
	5330.00000000		1.97221		-1.66281
	5335.00000000		2.17615		-1.72445
	5340.00000000		2.11326		-1.79809
	5345.00000000		2.04979		-1.82386
	5350.00000000		2.26640		-1.78687
	5355.00000000		1.88799		-1.82706
	5360.00000000		2.36234		-1.88349
	5365.00000000		1.84553		-2.03743
	5370.00000000		2.32547		-2.06285
	5375.00000000		1.97103		-2.01487
	5380.00000000		2.20589		-1.91941
	5385.00000000		2.17453		-1.95026
	5390.00000000		2.02153		-2.07008
	5395.00000000		2.31149		-2.08142
	5400.00000000		1.84575		-2.11637
	5405.00000000		2.36965		-2.19556
	5410.00000000		1.83103		-2.38898
	5415.00000000		2.34379		-2.42818
	5420.00000000		2.00885		-2.26681
	5425.00000000		2.18205		-2.03623
	5430.00000000		2.16205		-2.07436
	5435.00000000		2.03081		-2.26647
	5440.00000000		2.32192		-2.26557
	5445.00000000		1.86012		-2.09102
	5450.00000000		2.34685		-1.98688
	5455.00000000		1.87345		-2.16511
	5460.00000000		2.31186		-2.29953
	5465.00000000		2.07973		-2.18577
	5470.00000000		2.11469		-1.91426
	5475.00000000		2.23166		-1.87740
	5480.00000000		1.95668		-2.13377
	5485.00000000		2.34349		-2.24060
	5490.00000000		1.86179		-2.10905
	5495.00000000		2.34948		-1.88779
	5500.00000000		1.95879		-1.87545
	5505.00000000		2.23695		-1.95431
	5510.00000000		2.20394		-1.99778
	5515.00000000		2.01031		-1.96549
	5520.00000000		2.26165		-1.91212
	5525.00000000		1.92664		-1.91396
	5530.00000000		2.34809		-1.86995
	5535.00000000		1.90994		-1.87516
	5540.00000000		2.26666		-1.88826
	5545.00000000		2.01657		-2.07321
	5550.00000000		2.15147		-2.36957
	5555.00000000		2.15212		-2.38331
	5560.00000000		2.02881		-2.08720
	5565.00000000		2.28259		-1.93065
	5570.00000000		1.89669		-2.06821
	5575.00000000		2.34348		-2.20359
	5580.00000000		1.91010		-2.18911
	5585.00000000		2.27797		-1.97413
	5590.00000000		2.04542		-1.91178
	5595.00000000		2.12836		-2.03285
	5600.00000000		2.28419		-2.17083
	5605.00000000		1.91356		-2.26326
	5610.00000000		2.32014		-2.28253
	5615.00000000		1.89531		-2.37570
	5620.00000000		2.28844		-2.55322
	5625.00000000		1.99348		-2.62056
	5630.00000000		2.16312		-2.50002
	5635.00000000		2.18763		-2.40329
	5640.00000000		1.97486		-2.34842
	5645.00000000		2.38644		-2.32845
	5650.00000000		1.86824		-2.28340
	5655.00000000		2.33668		-2.21779
	5660.00000000		2.00748		-2.24212
	5665.00000000		2.16342		-2.37238
	5670.00000000		2.23555		-2.40079
	5675.00000000		1.93058		-2.29133
	5680.00000000		2.37077		-2.17309
	5685.00000000		1.83307		-2.18139
	5690.00000000		2.35663		-2.25736
	5695.00000000		2.00994		-2.31745
	5700.00000000		2.16963		-2.22256
	5705.00000000		2.23464		-2.10800
	5710.00000000		1.94524		-2.01770
	5715.00000000		2.39832		-1.97985
	5720.00000000		1.87827		-1.99885
	5725.00000000		2.33187		-1.93773
	5730.00000000		2.00419		-1.97359
	5735.00000000		2.18104		-2.04914
	5740.00000000		2.21409		-2.09081
	5745.00000000		1.95422		-2.08308
	5750.00000000		2.33849		-2.00893
	5755.00000000		1.83942		-1.93310
	5760.00000000		2.35759		-1.77520
	5765.00000000		1.91148		-1.66950
	5770.00000000		2.24080		-1.52788
	5775.00000000		2.07865		-1.55606
	5780.00000000		2.08833		-1.67044
	5785.00000000		2.18807		-1.71750
	5790.00000000		1.96421		-1.68479
	5795.00000000		2.29848		-1.60782
	5800.00000000		1.83659		-1.65694
	5805.00000000		2.34722		-1.71317
	5810.00000000		1.90238		-1.82780
	5815.00000000		2.24595		-1.81412
	5820.00000000		2.05506		-1.76659
	5825.00000000		2.10109		-1.69236
	5830.00000000		2.17344		-1.73922
	5835.00000000		1.97658		-1.89837
	5840.00000000		2.29954		-1.92446
	5845.00000000		1.86068		-1.88155
	5850.00000000		2.32992		-1.77176
	5855.00000000		1.86775		-1.80823
	5860.00000000		2.28839		-1.84140
	5865.00000000		2.01151		-1.92008
	5870.00000000		2.14160		-1.95368
	5875.00000000		2.16139		-2.00450
	5880.00000000		2.00658		-2.06464
	5885.00000000		2.32176		-2.05681
	5890.00000000		1.87063		-2.08608
	5895.00000000		2.32649		-2.13304
	5900.00000000		1.90676		-2.28829
	5905.00000000		2.24322		-2.42831
	5910.00000000		2.09502		-2.40364
	5915.00000000		2.05574		-2.27146
	5920.00000000		2.27562		-2.18478
	5925.00000000		1.89065		-2.14354
	5930.00000000		2.34747		-2.02820
	5935.00000000		1.87508		-1.94439
	5940.00000000		2.28011		-1.82674
	5945.00000000		1.97990		-1.87828
	5950.00000000		2.18350		-2.00407
	5955.00000000		2.17023		-2.03767
	5960.00000000		1.99432		-1.98811
	5965.00000000		2.26119		-1.84545
	5970.00000000		1.87571		-1.74717
	5975.00000000		2.31184		-1.60462
	5980.00000000		1.84799		-1.58083
	5985.00000000		2.28847		-1.54141
	5990.00000000		1.92119		-1.56975
	5995.00000000		2.21946		-1.50522
	6000.00000000		2.14848		-1.42590
	6005.00000000		2.01456		-1.34757
	6010.00000000		2.35867		-1.35752
	6015.00000000		1.81600		-1.47529
	6020.00000000		2.31969		-1.46617
	6025.00000000		1.95592		-1.38980
	6030.00000000		2.19145		-1.21369
	6035.00000000		2.29016		-1.16492
	6040.00000000		1.85151		-1.18803
	6045.00000000		2.31858		-1.15213
	6050.00000000		2.00108		-1.08035
	6055.00000000		2.09819		-0.95979
	6060.00000000		2.34919		-0.91651
	6065.00000000		1.87905		-0.94015
	6070.00000000		2.22222		-0.96771
	6075.00000000		2.25444		-1.01726
	6080.00000000		1.86011		-1.15375
	6085.00000000		2.29343		-1.23110
	6090.00000000		1.93400		-1.22882
	6095.00000000		2.17068		-1.11882
	6100.00000000		2.24034		-1.06922
	6105.00000000		1.86948		-1.10767
	6110.00000000		2.30568		-1.16091
	6115.00000000		2.00402		-1.23178
	6120.00000000		2.11189		-1.28062
	6125.00000000		2.20924		-1.29392
	6130.00000000		1.89157		-1.33582
	6135.00000000		2.28213		-1.34553
	6140.00000000		1.86776		-1.37985
	6145.00000000		2.22496		-1.36580
	6150.00000000		2.00245		-1.38579
	6155.00000000		2.11313		-1.41428
	6160.00000000		2.11587		-1.40697
	6165.00000000		1.99030		-1.39908
	6170.00000000		2.21861		-1.37656
	6175.00000000		1.87472		-1.38371
	6180.00000000		2.24822		-1.34827
	6185.00000000		1.89271		-1.38019
	6190.00000000		2.18560		-1.40958
	6195.00000000		1.97095		-1.48615
	6200.00000000		2.13214		-1.50913
	6205.00000000		2.05203		-1.49455
	6210.00000000		2.04996		-1.47208
	6215.00000000		2.13688		-1.49331
	6220.00000000		1.95438		-1.55765
	6225.00000000		2.19474		-1.50024
	6230.00000000		1.88670		-1.43032
	6235.00000000		2.23401		-1.36467
	6240.00000000		1.91215		-1.48185
	6245.00000000		2.18938		-1.57973
	6250.00000000		1.98131		-1.58995
	6255.00000000		2.12022		-1.47458
	6260.00000000		2.13910		-1.40487
	6265.00000000		1.94423		-1.38683
	6270.00000000		2.27054		-1.34695
	6275.00000000		1.89712		-1.32870
	6280.00000000		2.17916		-1.27602
	6285.00000000		2.12412		-1.30944
	6290.00000000		1.95582		-1.37502
	6295.00000000		2.23974		-1.37072
	6300.00000000		1.87197		-1.37105
	6305.00000000		2.18867		-1.36507
	6310.00000000		1.98544		-1.43528
	6315.00000000		2.08306		-1.48340
	6320.00000000		2.09352		-1.44205
	6325.00000000		1.96900		-1.31235
	6330.00000000		2.20389		-1.22966
	6335.00000000		1.87816		-1.27363
	6340.00000000		2.19348		-1.31256
	6345.00000000		1.99613		-1.32534
	6350.00000000		2.05644		-1.31375
	6355.00000000		2.17633		-1.36969
	6360.00000000		1.90104		-1.55299
	6365.00000000		2.19816		-1.64690
	6370.00000000		1.88138		-1.71204
	6375.00000000		2.20192		-1.71129
	6380.00000000		1.88070		-1.83899
	6385.00000000		2.23239		-1.85596
	6390.00000000		1.89677		-1.80699
	6395.00000000		2.20289		-1.64106
	6400.00000000		1.92525		-1.65648
	6405.00000000		2.17944		-1.77072
	6410.00000000		2.03670		-1.93817
	6415.00000000		2.10328		-2.00497
	6420.00000000		2.11338		-1.99959
	6425.00000000		2.01797		-2.07960
	6430.00000000		2.19311		-2.17454
	6435.00000000		1.94595		-2.28274
	6440.00000000		2.23703		-2.24230
	6445.00000000		1.94413		-2.23605
	6450.00000000		2.19417		-2.29400
	6455.00000000		1.99746		-2.40557
	6460.00000000		2.13443		-2.36056
	6465.00000000		2.11322		-2.22029
	6470.00000000		2.03293		-2.12293
	6475.00000000		2.20743		-2.21331
	6480.00000000		1.93811		-2.50675
	6485.00000000		2.23972		-2.56240
	6490.00000000		1.96445		-2.47364
	6495.00000000		2.13628		-2.38421
	6500.00000000		2.12225		-2.44226
	6505.00000000		2.00485		-2.46687
	6510.00000000		2.20621		-2.32486
	6515.00000000		1.95978		-2.19110
	6520.00000000		2.19226		-2.16602
	6525.00000000		1.98570		-2.29174
	6530.00000000		2.15758		-2.31663
	6535.00000000		2.09270		-2.22911
	6540.00000000		2.04702		-2.20113
	6545.00000000		2.16994		-2.34805
	6550.00000000		1.95963		-2.59519
	6555.00000000		2.17073		-2.61650
	6560.00000000		1.99595		-2.43756
	6565.00000000		2.12045		-2.28856
	6570.00000000		2.09591		-2.30016
	6575.00000000		2.03431		-2.33448
	6580.00000000		2.18282		-2.27433
	6585.00000000		1.96296		-2.22113
	6590.00000000		2.17591		-2.26859
	6595.00000000		2.04624		-2.40320
	6600.00000000		2.07153		-2.45747
	6605.00000000		2.16620		-2.35510
	6610.00000000		1.97521		-2.32974
	6615.00000000		2.15146		-2.47093
	6620.00000000		2.03273		-2.71142
	6625.00000000		2.05664		-2.77396
	6630.00000000		2.09587		-2.61143
	6635.00000000		1.97109		-2.51192
	6640.00000000		2.13261		-2.57365
	6645.00000000		2.02016		-2.66512
	6650.00000000		2.10019		-2.59136
	6655.00000000		2.04423		-2.54076
	6660.00000000		2.02834		-2.70777
	6665.00000000		2.15394		-2.97012
	6670.00000000		2.00041		-3.04580
	6675.00000000		2.10248		-2.83028
	6680.00000000		2.06233		-2.68834
	6685.00000000		2.00471		-2.84778
	6690.00000000		2.20778		-3.05645
	6695.00000000		1.99545		-2.99848
	6700.00000000		2.09567		-2.70352
	6705.00000000		2.08342		-2.59223
	6710.00000000		1.97432		-2.73003
	6715.00000000		2.21828		-2.82106
	6720.00000000		1.97547		-2.73313
	6725.00000000		2.08592		-2.55131
	6730.00000000		2.08746		-2.57059
	6735.00000000		1.97410		-2.74462
	6740.00000000		2.21888		-2.79477
	6745.00000000		1.98509		-2.65302
	6750.00000000		2.07828		-2.47054
	6755.00000000		2.12244		-2.46115
	6760.00000000		1.94478		-2.53729
	6765.00000000		2.20847		-2.47296
	6770.00000000		2.08507		-2.27026
	6775.00000000		2.04127		-2.13910
	6780.00000000		2.16863		-2.22495
	6785.00000000		1.98702		-2.44184
	6790.00000000		2.12363		-2.46550
	6795.00000000		2.08260		-2.31620
	6800.00000000		2.02703		-2.17936
	6805.00000000		2.13737		-2.19964
	6810.00000000		2.03303		-2.23746
	6815.00000000		2.14706		-2.09466
	6820.00000000		2.05329		-1.92996
	6825.00000000		2.05768		-1.90114
	6830.00000000		2.11671		-2.06967
	6835.00000000		2.03094		-2.19534
	6840.00000000		2.13290		-2.07503
	6845.00000000		2.01267		-1.89099
	6850.00000000		2.07968		-1.83875
	6855.00000000		2.04403		-1.89858
	6860.00000000		2.07583		-1.92277
	6865.00000000		2.04108		-1.86717
	6870.00000000		2.03529		-1.83835
	6875.00000000		2.07131		-1.91320
	6880.00000000		2.06223		-2.02355
	6885.00000000		2.10916		-2.02256
	6890.00000000		2.02293		-1.95841
	6895.00000000		2.08072		-1.95851
	6900.00000000		2.03896		-1.99250
	6905.00000000		2.10634		-1.94345
	6910.00000000		2.02689		-1.81367
	6915.00000000		2.04895		-1.78694
	6920.00000000		2.03731		-1.92114
	6925.00000000		2.07573		-2.04589
	6930.00000000		2.07907		-1.94058
	6935.00000000		2.04107		-1.72041
	6940.00000000		2.02336		-1.70991
	6945.00000000		2.05207		-1.89908
	6950.00000000		2.07923		-2.03064
	6955.00000000		2.03994		-1.88154
	6960.00000000		2.04541		-1.65054
	6965.00000000		2.00203		-1.61930
	6970.00000000		2.07399		-1.78800
	6975.00000000		2.02959		-1.86401
	6980.00000000		2.05667		-1.71305
	6985.00000000		2.00840		-1.53511
	6990.00000000		2.02936		-1.52547
	6995.00000000		2.04035		-1.62847
	7000.00000000		2.02272		-1.60913
	7005.00000000		2.02438		-1.47481
	7010.00000000		2.00521		-1.36093
	7015.00000000		2.04898		-1.37730
	7020.00000000		2.01183		-1.45932
	7025.00000000		2.05844		-1.50940
	7030.00000000		1.99272		-1.51650
	7035.00000000		2.04064		-1.54059
	7040.00000000		2.05549		-1.58577
	7045.00000000		1.99832		-1.60910
	7050.00000000		2.07918		-1.61667
	7055.00000000		1.98016		-1.67274
	7060.00000000		2.07206		-1.71801
	7065.00000000		2.01328		-1.67097
	7070.00000000		2.06087		-1.55288
	7075.00000000		2.03175		-1.49744
	7080.00000000		2.01829		-1.60537
	7085.00000000		2.07535		-1.74518
	7090.00000000		2.01517		-1.76070
	7095.00000000		2.09147		-1.60664
	7100.00000000		1.98862		-1.54405
	7105.00000000		2.08485		-1.66193
	7110.00000000		2.04191		-1.84559
	7115.00000000		2.05528		-1.94196
	7120.00000000		2.11116		-1.92173
	7125.00000000		1.98071		-1.95859
	7130.00000000		2.14894		-2.04322
	7135.00000000		2.06139		-2.12795
	7140.00000000		2.03769		-2.06220
	7145.00000000		2.13839		-1.94807
	7150.00000000		1.96147		-1.94287
	7155.00000000		2.15436		-2.00656
	7160.00000000		2.08806		-2.06146
	7165.00000000		1.99512		-2.01699
	7170.00000000		2.13275		-1.95208
	7175.00000000		1.98371		-1.98049
	7180.00000000		2.10658		-2.03872
	7185.00000000		2.12452		-2.05763
	7190.00000000		1.98295		-2.05860
	7195.00000000		2.14235		-2.04639
	7200.00000000		2.04990		-2.13030
	7205.00000000		2.03821		-2.23356
	7210.00000000		2.15353		-2.26805
	7215.00000000		2.01610		-2.29542
	7220.00000000		2.03281		-2.37189
	7225.00000000		2.12655		-2.44495
	7230.00000000		1.98711		-2.40895
	7235.00000000		2.09069		-2.26763
	7240.00000000		2.15313		-2.19498
	7245.00000000		1.98471		-2.28538
	7250.00000000		2.10496		-2.39428
	7255.00000000		2.12795		-2.40667
	7260.00000000		1.96803		-2.35129
	7265.00000000		2.10990		-2.32891
	7270.00000000		2.16161		-2.36064
	7275.00000000		2.00907		-2.42793
	7280.00000000		2.06991		-2.51913
	7285.00000000		2.10896		-2.61372
	7290.00000000		1.96823		-2.73025
	7295.00000000		2.13200		-2.75114
	7300.00000000		2.11466		-2.69482
	7305.00000000		1.97518		-2.62375
	7310.00000000		2.14924		-2.65719
	7315.00000000		2.08028		-2.75626
	7320.00000000		1.99949		-2.82845
	7325.00000000		2.17562		-2.77351
	7330.00000000		2.02541		-2.70997
	7335.00000000		2.02730		-2.75688
	7340.00000000		2.20402		-2.86748
	7345.00000000		2.00978		-2.90067
	7350.00000000		2.05973		-2.75913
	7355.00000000		2.18416		-2.65148
	7360.00000000		1.97494		-2.67460
	7365.00000000		2.09300		-2.76991
	7370.00000000		2.21100		-2.77493
	7375.00000000		1.97921		-2.75120
	7380.00000000		2.08088		-2.83681
	7385.00000000		2.15151		-3.02734
	7390.00000000		1.94963		-3.10228
	7395.00000000		2.16093		-2.91107
	7400.00000000		2.16076		-2.74845
	7405.00000000		1.95698		-2.71802
	7410.00000000		2.14619		-2.89116
	7415.00000000		2.18252		-3.10041
	7420.00000000		1.94333		3.07708
	7425.00000000		2.14678		3.12024
	7430.00000000		2.13882		3.14037
	7435.00000000		1.95877		3.13783
	7440.00000000		2.18653		-3.11021
	7445.00000000		2.14101		-3.09586
	7450.00000000		1.93267		3.11652
	7455.00000000		2.20472		2.98360
	7460.00000000		2.16277		2.90359
	7465.00000000		1.92861		2.90029
	7470.00000000		2.19461		3.03772
	7475.00000000		2.19918		3.12949
	7480.00000000		1.90496		3.11854
	7485.00000000		2.19748		3.02209
	7490.00000000		2.21273		2.94096
	7495.00000000		1.91405		2.88919
	7500.00000000		2.13895		2.89489
	7505.00000000		2.23780		2.90766
	7510.00000000		1.96111		2.89511
	7515.00000000		2.09285		2.93430
	7520.00000000		2.25077		2.95118
	7525.00000000		2.03601		2.93454
	7530.00000000		1.99097		2.85809
	7535.00000000		2.25136		2.78637
	7540.00000000		2.18811		2.69529
	7545.00000000		1.93561		2.59816
	7550.00000000		2.11906		2.52172
	7555.00000000		2.19137		2.52572
	7560.00000000		1.97003		2.60442
	7565.00000000		2.08617		2.66606
	7570.00000000		2.29200		2.67401
	7575.00000000		2.06559		2.59251
	7580.00000000		1.97255		2.45082
	7585.00000000		2.25577		2.33319
	7590.00000000		2.08816		2.30505
	7595.00000000		1.96458		2.31992
	7600.00000000		2.26877		2.29993
	7605.00000000		2.06628		2.25910
	7610.00000000		1.99197		2.17336
	7615.00000000		2.25775		2.12073
	7620.00000000		2.02060		2.09652
	7625.00000000		2.04953		2.03206
	7630.00000000		2.20125		1.97912
	7635.00000000		1.93833		2.00475
	7640.00000000		2.17118		2.02795
	7645.00000000		2.14477		2.06998
	7650.00000000		1.95776		2.09204
	7655.00000000		2.21712		2.04519
	7660.00000000		2.09434		1.99930
	7665.00000000		1.99973		1.90647
	7670.00000000		2.18648		1.87266
	7675.00000000		1.99868		1.92668
	7680.00000000		2.10259		1.96266
	7685.00000000		2.13036		1.91276
	7690.00000000		2.00156		1.85153
	7695.00000000		2.13763		1.82645
	7700.00000000		2.05039		1.89527
	7705.00000000		2.07562		1.96396
	7710.00000000		2.11500		1.96178
	7715.00000000		2.04288		1.95149
	7720.00000000		2.10206		1.92210
	7725.00000000		2.08511		1.91545
	7730.00000000		2.06565		1.83902
	7735.00000000		2.08094		1.72015
	7740.00000000		2.03022		1.65254
	7745.00000000		2.07243		1.63740
	7750.00000000		2.05300		1.61985
	7755.00000000		2.05030		1.57402
	7760.00000000		2.10121		1.57100
	7765.00000000		2.04020		1.66040
	7770.00000000		2.04803		1.77252
	7775.00000000		2.08254		1.77426
	7780.00000000		2.04091		1.71005
	7785.00000000		2.07384		1.67174
	7790.00000000		2.07535		1.73092
	7795.00000000		2.02202		1.77570
	7800.00000000		2.06558		1.72608
	7805.00000000		2.07982		1.67387
	7810.00000000		2.04664		1.71281
	7815.00000000		2.07298		1.79333
	7820.00000000		2.06418		1.77181
	7825.00000000		2.05278		1.64193
	7830.00000000		2.09096		1.49653
	7835.00000000		2.05649		1.44907
	7840.00000000		2.02701		1.45757
	7845.00000000		2.07191		1.45149
	7850.00000000		2.04948		1.40717
	7855.00000000		2.05747		1.36694
	7860.00000000		2.07512		1.37201
	7865.00000000		2.05146		1.39953
	7870.00000000		2.07966		1.40161
	7875.00000000		2.04882		1.37383
	7880.00000000		2.07430		1.37516
	7885.00000000		2.10602		1.40866
	7890.00000000		2.01931		1.46795
	7895.00000000		2.07820		1.50347
	7900.00000000		2.12228		1.53985
	7905.00000000		2.03069		1.62624
	7910.00000000		2.10146		1.77859
	7915.00000000		2.08179		1.89754
	7920.00000000		2.06598		1.89921
	7925.00000000		2.14857		1.86108
	7930.00000000		2.03849		1.85808
	7935.00000000		2.06257		1.86121
	7940.00000000		2.11886		1.81080
	7945.00000000		2.02952		1.77570
	7950.00000000		2.07099		1.79561
	7955.00000000		2.07959		1.84613
	7960.00000000		2.02006		1.84719
	7965.00000000		2.08428		1.81228
	7970.00000000		2.07556		1.84522
	7975.00000000		2.06318		1.92642
	7980.00000000		2.07437		1.91670
	7985.00000000		2.05119		1.78963
	7990.00000000		2.05400		1.66625
	7995.00000000		2.07414		1.68111
	8000.00000000		2.06624		1.78985
	8005.00000000		2.04212		1.85681
	8010.00000000		2.07142		1.82834
	8015.00000000		2.09783		1.80584
	8020.00000000		2.06020		1.87109
	8025.00000000		2.03820		1.94194
	8030.00000000		2.07042		1.90887
	8035.00000000		2.06543		1.85265
	8040.00000000		2.06771		1.90983
	8045.00000000		2.12419		2.07206
	8050.00000000		2.12738		2.18157
	8055.00000000		2.05849		2.10095
	8060.00000000		2.09130		1.90014
	8065.00000000		2.11184		1.80405
	8070.00000000		2.03276		1.85478
	8075.00000000		2.05126		1.89146
	8080.00000000		2.10048		1.84225
	8085.00000000		2.09415		1.81201
	8090.00000000		2.06386		1.88747
	8095.00000000		2.05345		2.02597
	8100.00000000		2.13597		2.08997
	8105.00000000		2.14184		2.07887
	8110.00000000		2.07017		2.08200
	8115.00000000		2.11085		2.13965
	8120.00000000		2.13468		2.13505
	8125.00000000		2.08464		2.01000
	8130.00000000		2.08353		1.82542
	8135.00000000		2.05841		1.71811
	8140.00000000		2.03547		1.75361
	8145.00000000		2.04175		1.82598
	8150.00000000		2.06197		1.83232
	8155.00000000		2.17666		1.79975
	8160.00000000		2.19153		1.81542
	8165.00000000		2.02491		1.84120
	8170.00000000		2.00060		1.80536
	8175.00000000		2.11780		1.75465
	8180.00000000		2.12928		1.76323
	8185.00000000		2.05440		1.81525
	8190.00000000		2.01137		1.79241
	8195.00000000		2.09887		1.66256
	8200.00000000		2.16905		1.52049
	8205.00000000		2.08814		1.48622
	8210.00000000		1.99684		1.53656
	8215.00000000		2.09063		1.59663
	8220.00000000		2.15104		1.60489
	8225.00000000		2.10755		1.57880
	8230.00000000		2.07077		1.53273
	8235.00000000		2.08653		1.44324
	8240.00000000		2.08543		1.28964
	8245.00000000		2.06015		1.13220
	8250.00000000		2.05885		1.12733
	8255.00000000		2.08505		1.25511
	8260.00000000		2.10251		1.32374
	8265.00000000		2.05082		1.23704
	8270.00000000		2.07655		1.12510
	8275.00000000		2.12003		1.16978
	8280.00000000		2.04043		1.29366
	8285.00000000		2.04508		1.32879
	8290.00000000		2.14663		1.27235
	8295.00000000		2.12107		1.29595
	8300.00000000		2.06478		1.43745
	8305.00000000		2.12890		1.56558
	8310.00000000		2.16029		1.53149
	8315.00000000		2.11673		1.34870
	8320.00000000		2.06433		1.18219
	8325.00000000		2.07614		1.23019
	8330.00000000		2.16351		1.35537
	8335.00000000		2.14442		1.38045
	8340.00000000		2.04299		1.25819
	8345.00000000		2.13160		1.08664
	8350.00000000		2.12117		1.14266
	8355.00000000		1.98508		1.25708
	8360.00000000		2.12823		1.19264
	8365.00000000		2.17365		1.06174
	8370.00000000		1.99799		1.04290
	8375.00000000		2.11088		1.13627
	8380.00000000		2.15869		1.16889
	8385.00000000		2.02058		1.10704
	8390.00000000		2.10381		1.06013
	8395.00000000		2.19701		1.12418
	8400.00000000		2.03958		1.21755
	8405.00000000		2.02299		1.16232
	8410.00000000		2.22219		1.03903
	8415.00000000		2.09941		1.05737
	8420.00000000		2.00016		1.17669
	8425.00000000		2.18833		1.20481
	8430.00000000		2.14513		1.11330
	8435.00000000		1.96588		1.03329
	8440.00000000		2.12842		1.07304
	8445.00000000		2.10484		1.11307
	8450.00000000		1.96299		1.02486
	8455.00000000		2.15246		0.86485
	8460.00000000		2.10539		0.82753
	8465.00000000		1.96766		0.97235
	8470.00000000		2.16798		1.15891
	8475.00000000		2.15866		1.19185
	8480.00000000		1.99709		1.10331
	8485.00000000		2.09449		1.04532
	8490.00000000		2.17830		1.08273
	8495.00000000		2.02897		1.11740
	8500.00000000		2.02753		1.05283
	8505.00000000		2.23279		1.01891
	8510.00000000		2.10790		1.07040
	8515.00000000		1.94539		1.13975
	8520.00000000		2.18584		1.04778
	8525.00000000		2.11342		0.95037
	8530.00000000		1.95968		0.98665
	8535.00000000		2.22669		1.12054
	8540.00000000		2.16676		1.20036
	8545.00000000		1.92140		1.07557
	8550.00000000		2.19500		0.91329
	8555.00000000		2.19470		0.98517
	8560.00000000		1.94107		1.21852
	8565.00000000		2.10439		1.28977
	8570.00000000		2.22733		1.14522
	8575.00000000		2.04945		0.99952
	8580.00000000		1.99207		1.04148
	8585.00000000		2.20582		1.18427
	8590.00000000		2.15442		1.22305
	8595.00000000		1.98309		1.09442
	8600.00000000		2.13518		0.94926
	8605.00000000		2.21611		0.94210
	8610.00000000		1.98160		1.01550
	8615.00000000		2.03750		1.02763
	8620.00000000		2.21773		0.99160
	8625.00000000		2.10133		0.99537
	8630.00000000		1.96187		1.07950
	8635.00000000		2.13538		1.13784
	8640.00000000		2.12219		1.09605
	8645.00000000		1.94895		1.05620
	8650.00000000		2.08990		1.10299
	8655.00000000		2.19497		1.20743
	8660.00000000		2.01622		1.21473
	8665.00000000		2.00203		1.03320
	8670.00000000		2.21787		0.87816
	8675.00000000		2.07888		0.79014
	8680.00000000		1.93746		0.72369
	8685.00000000		2.16058		0.69067
	8690.00000000		2.05844		0.67452
	8695.00000000		1.99029		0.69856
	8700.00000000		2.16904		0.73434
	8705.00000000		2.08072		0.70252
	8710.00000000		1.94624		0.64446
	8715.00000000		2.19600		0.69390
	8720.00000000		2.16213		0.81607
	8725.00000000		1.93441		0.91557
	8730.00000000		2.13581		0.86039
	8735.00000000		2.24049		0.69070
	8740.00000000		2.03926		0.56588
	8745.00000000		2.00473		0.57341
	8750.00000000		2.16370		0.61073
	8755.00000000		2.05247		0.59231
	8760.00000000		1.98542		0.56519
	8765.00000000		2.19284		0.63984
	8770.00000000		2.16220		0.76654
	8775.00000000		1.94790		0.86924
	8780.00000000		2.05627		0.86857
	8785.00000000		2.19560		0.83772
	8790.00000000		2.12070		0.90597
	8795.00000000		1.98729		1.13080
	8800.00000000		2.08003		1.31453
	8805.00000000		2.16026		1.24959
	8810.00000000		2.09440		1.08152
	8815.00000000		1.97797		1.06829
	8820.00000000		2.06495		1.27794
	8825.00000000		2.13251		1.40396
	8830.00000000		2.05601		1.32132
	8835.00000000		2.02444		1.20265
	8840.00000000		2.13878		1.22587
	8845.00000000		2.21407		1.30143
	8850.00000000		2.09004		1.27584
	8855.00000000		1.93156		1.10025
	8860.00000000		2.12403		1.06478
	8865.00000000		2.26111		1.23637
	8870.00000000		2.17379		1.41692
	8875.00000000		1.96598		1.44913
	8880.00000000		2.05852		1.25577
	8885.00000000		2.28256		1.17608
	8890.00000000		2.19865		1.31286
	8895.00000000		1.98150		1.50243
	8900.00000000		2.01848		1.53389
	8905.00000000		2.23890		1.42702
	8910.00000000		2.29284		1.35309
	8915.00000000		2.03297		1.37769
	8920.00000000		1.97057		1.40043
	8925.00000000		2.18102		1.30779
	8930.00000000		2.19705		1.21011
	8935.00000000		2.06347		1.25891
	8940.00000000		2.01555		1.58301
	8945.00000000		2.21320		1.77861
	8950.00000000		2.29387		1.68203
	8955.00000000		2.09956		1.52351
	8960.00000000		1.97685		1.47612
	8965.00000000		2.04070		1.61497
	8970.00000000		2.06334		1.68364
	8975.00000000		2.01525		1.57784
	8980.00000000		2.02379		1.43697
	8985.00000000		2.09908		1.39994
	8990.00000000		2.11014		1.41124
	8995.00000000		1.94518		1.31962
	9000.00000000		2.03142		1.12817
	9005.00000000		2.15543		1.09534
	9010.00000000		2.08898		1.22661
	9015.00000000		1.96696		1.46077
	9020.00000000		2.02179		1.54051
	9025.00000000		2.08697		1.40765
	9030.00000000		2.10944		1.31230
	9035.00000000		2.10051		1.39163
	9040.00000000		2.03980		1.51496
	9045.00000000		1.96541		1.45378
	9050.00000000		2.05236		1.22879
	9055.00000000		2.19010		1.03666
	9060.00000000		2.24755		1.01397
	9065.00000000		2.06810		1.09977
	9070.00000000		1.95358		1.05278
	9075.00000000		2.23524		0.87402
	9080.00000000		2.20242		0.72425
	9085.00000000		1.87137		0.66581
	9090.00000000		2.21135		0.73989
	9095.00000000		2.27809		0.87289
	9100.00000000		2.08749		0.94196
	9105.00000000		1.96039		0.83646
	9110.00000000		2.12433		0.56912
	9115.00000000		2.07864		0.40118
	9120.00000000		1.95622		0.45424
	9125.00000000		2.18074		0.60555
	9130.00000000		2.13935		0.67182
	9135.00000000		1.97254		0.53388
	9140.00000000		2.08320		0.35051
	9145.00000000		2.09572		0.39348
	9150.00000000		1.99896		0.58173
	9155.00000000		2.06243		0.77869
	9160.00000000		2.17447		0.84888
	9165.00000000		2.14169		0.79809
	9170.00000000		1.99988		0.78927
	9175.00000000		2.02411		0.87978
	9180.00000000		2.07394		0.93044
	9185.00000000		1.97563		0.82696
	9190.00000000		2.02946		0.69853
	9195.00000000		2.20831		0.77007
	9200.00000000		2.24309		0.88799
	9205.00000000		2.04153		0.92664
	9210.00000000		1.93422		0.80753
	9215.00000000		2.24569		0.73143
	9220.00000000		2.25206		0.87034
	9225.00000000		2.06863		1.15930
	9230.00000000		1.91489		1.34475
	9235.00000000		2.05885		1.19972
	9240.00000000		2.26307		0.95349
	9245.00000000		2.28724		0.89888
	9250.00000000		2.05848		1.09362
	9255.00000000		1.92226		1.28915
	9260.00000000		2.05203		1.21941
	9265.00000000		2.13744		1.03884
	9270.00000000		2.22390		1.03414
	9275.00000000		2.28968		1.30084
	9280.00000000		2.24751		1.58847
	9285.00000000		2.09160		1.68705
	9290.00000000		1.99161		1.56087
	9295.00000000		2.16829		1.44389
	9300.00000000		2.36027		1.49153
	9305.00000000		2.12049		1.59719
	9310.00000000		1.88819		1.57388
	9315.00000000		2.20264		1.39941
	9320.00000000		2.40883		1.28586
	9325.00000000		2.07926		1.28482
	9330.00000000		1.90295		1.38859
	9335.00000000		2.26596		1.40425
	9340.00000000		2.29218		1.38454
	9345.00000000		2.02937		1.40800
	9350.00000000		1.94841		1.54806
	9355.00000000		2.25654		1.61539
	9360.00000000		2.28782		1.59287
	9365.00000000		1.89446		1.51952
	9370.00000000		2.10043		1.44602
	9375.00000000		2.36440		1.51163
	9380.00000000		2.15727		1.61920
	9385.00000000		1.87226		1.64541
	9390.00000000		2.18732		1.48632
	9395.00000000		2.38218		1.33387
	9400.00000000		2.06512		1.27312
	9405.00000000		1.92117		1.35536
	9410.00000000		2.35095		1.42030
	9415.00000000		2.28573		1.46195
	9420.00000000		1.88324		1.48286
	9425.00000000		2.11505		1.43781
	9430.00000000		2.39735		1.41068
	9435.00000000		2.17866		1.43671
	9440.00000000		1.85736		1.46899
	9445.00000000		2.16374		1.46920
	9450.00000000		2.37379		1.44693
	9455.00000000		2.08105		1.39861
	9460.00000000		1.90236		1.34564
	9465.00000000		2.26560		1.29630
	9470.00000000		2.32538		1.28430
	9475.00000000		1.99469		1.28021
	9480.00000000		1.97252		1.25062
	9485.00000000		2.34069		1.25280
	9490.00000000		2.27114		1.28507
	9495.00000000		1.88577		1.34961
	9500.00000000		2.09109		1.37434
	9505.00000000		2.37636		1.34446
	9510.00000000		2.24601		1.33068
	9515.00000000		1.96792		1.33932
	9520.00000000		1.98107		1.35589
	9525.00000000		2.28224		1.31536
	9530.00000000		2.29888		1.23963
	9535.00000000		2.06904		1.19164
	9540.00000000		1.92533		1.19307
	9545.00000000		2.06986		1.14163
	9550.00000000		2.16527		0.98910
	9555.00000000		2.14679		0.85158
	9560.00000000		2.00417		0.87071
	9565.00000000		1.96578		1.09288
	9570.00000000		2.22307		1.28436
	9575.00000000		2.36439		1.28950
	9580.00000000		2.15691		1.16956
	9585.00000000		2.08510		1.13325
	9590.00000000		2.12054		1.24100
	9595.00000000		2.19219		1.30993
	9600.00000000		2.26855		1.22712
	9605.00000000		2.30287		1.07101
	9610.00000000		2.27792		1.06392
	9615.00000000		2.30557		1.22574
	9620.00000000		2.25824		1.37247
	9625.00000000		2.07612		1.36070
	9630.00000000		1.89214		1.20385
	9635.00000000		2.14277		1.17122
	9640.00000000		2.49671		1.37546
	9645.00000000		2.16880		1.71058
	9650.00000000		1.87091		1.90860
	9655.00000000		2.38823		1.61943
	9660.00000000		2.32478		1.38458
	9665.00000000		1.97860		1.32009
	9670.00000000		1.96284		1.50234
	9675.00000000		2.15390		1.59886
	9680.00000000		2.12861		1.49880
	9685.00000000		2.00684		1.36476
	9690.00000000		1.96415		1.47499
	9695.00000000		2.09875		1.84479
	9700.00000000		2.12767		1.96622
	9705.00000000		2.04202		1.78089
	9710.00000000		2.01158		1.66177
	9715.00000000		2.06388		1.83852
	9720.00000000		2.17453		1.99600
	9725.00000000		2.13634		1.90156
	9730.00000000		2.00579		1.67094
	9735.00000000		1.99239		1.66353
	9740.00000000		2.10859		1.85440
	9745.00000000		2.14297		1.88419
	9750.00000000		1.98060		1.73691
	9755.00000000		1.97699		1.69877
	9760.00000000		2.23671		1.96216
	9765.00000000		2.31368		2.22469
	9770.00000000		1.93430		2.28019
	9775.00000000		2.10749		2.03683
	9780.00000000		2.43508		1.85054
	9785.00000000		2.07437		1.88959
	9790.00000000		1.93969		1.99643
	9795.00000000		2.33266		1.89607
	9800.00000000		2.20631		1.80132
	9805.00000000		1.87186		1.81420
	9810.00000000		2.18562		1.94330
	9815.00000000		2.35652		2.05989
	9820.00000000		1.88008		2.17344
	9825.00000000		2.17102		2.17675
	9830.00000000		2.38195		2.27541
	9835.00000000		1.87437		2.48431
	9840.00000000		2.18519		2.51650
	9845.00000000		2.28477		2.36945
	9850.00000000		1.83589		2.26625
	9855.00000000		2.24473		2.25209
	9860.00000000		2.24921		2.35936
	9865.00000000		1.81785		2.40416
	9870.00000000		2.34949		2.24929
	9875.00000000		2.25033		2.24747
	9880.00000000		1.83662		2.47148
	9885.00000000		2.35745		2.63760
	9890.00000000		2.17053		2.65156
	9895.00000000		1.91391		2.51536
	9900.00000000		2.42197		2.43180
	9905.00000000		2.15526		2.50426
	9910.00000000		1.91981		2.50107
	9915.00000000		2.36514		2.29555
	9920.00000000		2.14253		2.17355
	9925.00000000		1.89507		2.22427
	9930.00000000		2.27901		2.33718
	9935.00000000		2.18828		2.39816
	9940.00000000		1.85686		2.31000
	9945.00000000		2.29490		2.10875
	9950.00000000		2.32270		2.12354
	9955.00000000		1.84849		2.38104
	9960.00000000		2.23098		2.55528
	9965.00000000		2.30051		2.54442
	9970.00000000		1.85422		2.44935
	9975.00000000		2.22709		2.33219
	9980.00000000		2.24727		2.34834
	9985.00000000		1.82577		2.32586
	9990.00000000		2.24748		2.13685
	9995.00000000		2.34650		2.06551
	10000.00000000		1.94565		2.14581
