	0.00000000		3.93464		-0.03684
	5.00000000		3.88398		0.02505
	10.00000000		4.03988		0.01239
	15.00000000		4.18491		-0.05624
	20.00000000		4.21561		-0.13640
	25.00000000		3.98350		-0.20206
	30.00000000		3.72860		-0.24475
	35.00000000		3.66045		-0.20387
	40.00000000		3.71266		-0.10932
	45.00000000		3.93917		-0.10343
	50.00000000		4.02467		-0.22431
	55.00000000		4.04777		-0.36412
	60.00000000		3.95378		-0.39101
	65.00000000		3.89784		-0.24542
	70.00000000		3.95246		-0.07703
	75.00000000		4.00449		-0.00964
	80.00000000		4.09834		-0.05261
	85.00000000		4.11942		-0.14813
	90.00000000		4.20165		-0.20446
	95.00000000		4.20226		-0.16708
	100.00000000		4.17620		-0.03902
	105.00000000		4.09844		0.12295
	110.00000000		4.07320		0.19352
	115.00000000		4.09225		0.12291
	120.00000000		4.15079		0.07546
	125.00000000		4.25685		0.13082
	130.00000000		4.23162		0.21723
	135.00000000		4.16375		0.23718
	140.00000000		3.99687		0.16113
	145.00000000		3.89996		0.05623
	150.00000000		3.80770		0.05078
	155.00000000		3.75416		0.12263
	160.00000000		3.75196		0.14750
	165.00000000		3.73764		0.04227
	170.00000000		3.80108		-0.08462
	175.00000000		3.73567		-0.09249
	180.00000000		3.66399		0.02073
	185.00000000		3.52528		0.17109
	190.00000000		3.43215		0.13330
	195.00000000		3.39730		-0.15065
	200.00000000		3.36019		-0.39959
	205.00000000		3.32399		-0.33618
	210.00000000		3.20356		0.04133
	215.00000000		3.30890		0.31602
	220.00000000		3.38988		0.23875
	225.00000000		3.39522		-0.03485
	230.00000000		3.43638		-0.26289
	235.00000000		3.31048		-0.24276
	240.00000000		3.35103		0.02049
	245.00000000		3.47759		0.23851
	250.00000000		3.64699		0.20352
	255.00000000		3.80647		-0.05234
	260.00000000		3.87233		-0.38925
	265.00000000		4.00148		-0.54930
	270.00000000		3.97606		-0.27118
	275.00000000		4.06309		0.01454
	280.00000000		4.09088		0.13586
	285.00000000		4.02160		0.00279
	290.00000000		4.03193		-0.29478
	295.00000000		4.02476		-0.59569
	300.00000000		4.17962		-0.57531
	305.00000000		4.11559		-0.39323
	310.00000000		4.05054		-0.33216
	315.00000000		3.91329		-0.54436
	320.00000000		3.89907		-0.73211
	325.00000000		3.94997		-0.64113
	330.00000000		3.91887		-0.45550
	335.00000000		4.00899		-0.39058
	340.00000000		3.90329		-0.48846
	345.00000000		3.89452		-0.61200
	350.00000000		3.75162		-0.58958
	355.00000000		3.60775		-0.34532
	360.00000000		3.60951		-0.14124
	365.00000000		3.51413		-0.32988
	370.00000000		3.65226		-0.62029
	375.00000000		3.63175		-0.61274
	380.00000000		3.55146		-0.28059
	385.00000000		3.62292		0.10127
	390.00000000		3.61346		0.34294
	395.00000000		3.73409		0.28792
	400.00000000		3.74200		0.13075
	405.00000000		3.77338		0.17829
	410.00000000		3.82205		0.37460
	415.00000000		3.78078		0.48135
	420.00000000		3.88014		0.40386
	425.00000000		3.88300		0.43128
	430.00000000		4.04196		0.58440
	435.00000000		4.07821		0.66570
	440.00000000		4.08005		0.55596
	445.00000000		4.11689		0.37939
	450.00000000		4.08083		0.42626
	455.00000000		4.13701		0.60897
	460.00000000		4.06647		0.67799
	465.00000000		4.05424		0.54124
	470.00000000		4.01729		0.38185
	475.00000000		4.00457		0.34574
	480.00000000		4.02665		0.40050
	485.00000000		3.99672		0.43901
	490.00000000		4.10302		0.43085
	495.00000000		4.18106		0.41987
	500.00000000		4.34373		0.46227
	505.00000000		4.38888		0.48194
	510.00000000		4.35048		0.35668
	515.00000000		4.31614		0.05414
	520.00000000		4.30372		-0.09147
	525.00000000		4.42404		0.13480
	530.00000000		4.51731		0.38792
	535.00000000		4.69645		0.41406
	540.00000000		4.63802		0.19387
	545.00000000		4.72946		-0.04596
	550.00000000		4.74037		-0.10043
	555.00000000		4.74007		0.08649
	560.00000000		4.71348		0.29941
	565.00000000		4.61876		0.31165
	570.00000000		4.66572		0.10132
	575.00000000		4.75396		-0.10116
	580.00000000		5.06969		-0.05480
	585.00000000		5.19924		0.19155
	590.00000000		5.31271		0.38549
	595.00000000		5.16150		0.39383
	600.00000000		5.02975		0.26924
	605.00000000		4.95377		0.19204
	610.00000000		4.88482		0.32602
	615.00000000		4.93897		0.48469
	620.00000000		4.71530		0.45293
	625.00000000		4.55131		0.20654
	630.00000000		4.28374		0.01013
	635.00000000		4.29995		0.22061
	640.00000000		4.36195		0.57152
	645.00000000		4.49990		0.66524
	650.00000000		4.39034		0.39183
	655.00000000		4.24569		0.01344
	660.00000000		4.20062		-0.12720
	665.00000000		3.96119		0.07829
	670.00000000		3.91410		0.38654
	675.00000000		3.68461		0.44065
	680.00000000		3.59691		0.09901
	685.00000000		3.74681		-0.34894
	690.00000000		3.86923		-0.40418
	695.00000000		4.03950		-0.11538
	700.00000000		4.02643		0.10743
	705.00000000		3.96861		0.01223
	710.00000000		3.76462		-0.40465
	715.00000000		3.80954		-0.78017
	720.00000000		3.93424		-0.56659
	725.00000000		3.97588		-0.15979
	730.00000000		4.36407		0.04644
	735.00000000		4.40853		0.01570
	740.00000000		4.44146		-0.14501
	745.00000000		4.36066		-0.22382
	750.00000000		4.41889		0.03750
	755.00000000		4.52155		0.31079
	760.00000000		4.52494		0.39929
	765.00000000		4.32694		0.29102
	770.00000000		4.08849		0.02435
	775.00000000		4.26507		-0.23236
	780.00000000		4.35933		-0.12953
	785.00000000		4.66251		0.08591
	790.00000000		4.75802		0.29378
	795.00000000		4.71680		0.35406
	800.00000000		4.71621		0.29575
	805.00000000		4.84986		0.16617
	810.00000000		5.25391		0.10512
	815.00000000		5.52859		0.13762
	820.00000000		5.54527		0.20133
	825.00000000		5.35416		0.21845
	830.00000000		5.47283		0.17881
	835.00000000		5.64710		0.13616
	840.00000000		5.95312		0.15418
	845.00000000		5.93449		0.21189
	850.00000000		5.69713		0.20766
	855.00000000		5.51738		0.14493
	860.00000000		5.50382		0.14606
	865.00000000		5.64193		0.32820
	870.00000000		5.53521		0.58306
	875.00000000		5.24943		0.75387
	880.00000000		4.87050		0.69456
	885.00000000		4.85095		0.41062
	890.00000000		4.99076		0.37483
	895.00000000		5.01839		0.67327
	900.00000000		4.90273		0.94659
	905.00000000		4.70226		0.98575
	910.00000000		4.48708		0.77069
	915.00000000		4.60957		0.57687
	920.00000000		4.86367		0.75719
	925.00000000		4.90855		1.02347
	930.00000000		4.77086		1.15940
	935.00000000		4.47442		1.11960
	940.00000000		4.41556		0.90320
	945.00000000		4.49745		0.89049
	950.00000000		4.70604		1.11015
	955.00000000		4.80136		1.28925
	960.00000000		4.73768		1.25917
	965.00000000		4.62418		1.07817
	970.00000000		4.69359		1.04352
	975.00000000		4.83065		1.22568
	980.00000000		4.92324		1.33707
	985.00000000		4.82262		1.27367
	990.00000000		4.61383		1.07172
	995.00000000		4.63580		0.93994
	1000.00000000		4.66949		1.05868
	1005.00000000		4.84428		1.21180
	1010.00000000		4.90425		1.25774
	1015.00000000		4.84568		1.18562
	1020.00000000		4.74913		1.12070
	1025.00000000		4.71892		1.17040
	1030.00000000		4.69127		1.25287
	1035.00000000		4.56432		1.20335
	1040.00000000		4.36988		1.02380
	1045.00000000		4.16591		0.90150
	1050.00000000		4.19912		1.02581
	1055.00000000		4.32979		1.21599
	1060.00000000		4.52799		1.24979
	1065.00000000		4.49723		1.12397
	1070.00000000		4.41469		0.90031
	1075.00000000		4.31378		0.81374
	1080.00000000		4.42536		1.01551
	1085.00000000		4.66645		1.20250
	1090.00000000		4.81305		1.21928
	1095.00000000		4.75278		1.07241
	1100.00000000		4.54026		0.86359
	1105.00000000		4.46074		0.76842
	1110.00000000		4.48695		0.86418
	1115.00000000		4.77349		0.94494
	1120.00000000		5.03563		0.95378
	1125.00000000		5.00418		0.86270
	1130.00000000		4.70589		0.74040
	1135.00000000		4.44803		0.65211
	1140.00000000		4.44018		0.68741
	1145.00000000		4.52827		0.74786
	1150.00000000		4.70137		0.73626
	1155.00000000		4.63019		0.66591
	1160.00000000		4.56387		0.61160
	1165.00000000		4.42507		0.57551
	1170.00000000		4.45648		0.54478
	1175.00000000		4.54321		0.48429
	1180.00000000		4.66059		0.41193
	1185.00000000		4.75872		0.38331
	1190.00000000		4.75794		0.38196
	1195.00000000		4.77923		0.36120
	1200.00000000		4.73719		0.31371
	1205.00000000		4.85863		0.31892
	1210.00000000		4.96965		0.40235
	1215.00000000		5.20459		0.48813
	1220.00000000		5.34359		0.46788
	1225.00000000		5.50885		0.33777
	1230.00000000		5.59194		0.25267
	1235.00000000		5.65975		0.33083
	1240.00000000		5.77503		0.52612
	1245.00000000		5.85838		0.61280
	1250.00000000		5.85339		0.52493
	1255.00000000		5.71752		0.37822
	1260.00000000		5.68071		0.35911
	1265.00000000		5.63176		0.48197
	1270.00000000		5.69681		0.57531
	1275.00000000		5.53747		0.52119
	1280.00000000		5.32502		0.40487
	1285.00000000		5.05152		0.44905
	1290.00000000		4.87909		0.60643
	1295.00000000		4.86644		0.70905
	1300.00000000		4.71538		0.63295
	1305.00000000		4.64068		0.46310
	1310.00000000		4.44545		0.45648
	1315.00000000		4.41886		0.71212
	1320.00000000		4.29177		0.91956
	1325.00000000		4.09491		0.86743
	1330.00000000		3.87500		0.65161
	1335.00000000		3.80761		0.67308
	1340.00000000		3.97051		0.95483
	1345.00000000		4.03671		1.06883
	1350.00000000		3.96936		0.99447
	1355.00000000		3.64724		0.79484
	1360.00000000		3.52129		0.73634
	1365.00000000		3.62096		0.98350
	1370.00000000		3.84108		1.07166
	1375.00000000		4.17122		0.98930
	1380.00000000		4.09137		0.88779
	1385.00000000		3.82037		0.87865
	1390.00000000		3.53927		1.05078
	1395.00000000		3.56151		1.13109
	1400.00000000		3.82216		0.97954
	1405.00000000		3.95370		0.89563
	1410.00000000		3.98881		0.92891
	1415.00000000		3.81634		1.06896
	1420.00000000		3.92597		0.98365
	1425.00000000		4.05036		0.80696
	1430.00000000		4.26839		0.80242
	1435.00000000		4.23758		0.86027
	1440.00000000		3.96456		0.91548
	1445.00000000		3.99707		0.83080
	1450.00000000		3.95474		0.59672
	1455.00000000		4.22644		0.57814
	1460.00000000		4.26075		0.71712
	1465.00000000		4.06214		0.77630
	1470.00000000		3.86218		0.66197
	1475.00000000		3.63310		0.48851
	1480.00000000		3.78906		0.51532
	1485.00000000		3.76044		0.65084
	1490.00000000		3.84210		0.64165
	1495.00000000		3.82449		0.43811
	1500.00000000		3.78343		0.26149
	1505.00000000		3.94166		0.25027
	1510.00000000		3.82653		0.34564
	1515.00000000		3.90109		0.44504
	1520.00000000		3.70893		0.43733
	1525.00000000		3.74743		0.26078
	1530.00000000		3.88115		0.09371
	1535.00000000		3.86475		0.15778
	1540.00000000		4.05919		0.29698
	1545.00000000		3.81698		0.26886
	1550.00000000		3.77951		0.08806
	1555.00000000		3.65660		-0.15178
	1560.00000000		3.40785		-0.29173
	1565.00000000		3.41122		-0.21138
	1570.00000000		3.00570		-0.06776
	1575.00000000		2.67982		0.02423
	1580.00000000		2.42165		0.06468
	1585.00000000		2.10311		0.18993
	1590.00000000		2.19113		0.45709
	1595.00000000		2.31054		0.62086
	1600.00000000		2.07720		0.75589
	1605.00000000		2.15794		0.82771
	1610.00000000		2.22306		0.54997
	1615.00000000		1.98263		0.21100
	1620.00000000		2.17847		0.12488
	1625.00000000		1.96824		0.11920
	1630.00000000		2.14021		0.06155
	1635.00000000		2.02603		-0.11527
	1640.00000000		2.09095		-0.37135
	1645.00000000		2.07861		-0.41645
	1650.00000000		2.04444		-0.34192
	1655.00000000		2.13169		-0.37242
	1660.00000000		1.99505		-0.52933
	1665.00000000		2.17104		-0.65158
	1670.00000000		1.95800		-0.61126
	1675.00000000		2.19738		-0.52915
	1680.00000000		1.96378		-0.55244
	1685.00000000		2.16227		-0.72668
	1690.00000000		2.03086		-0.86608
	1695.00000000		2.08703		-0.91583
	1700.00000000		2.10848		-0.84029
	1705.00000000		2.01432		-0.76872
	1710.00000000		2.16897		-0.82261
	1715.00000000		1.95907		-0.90210
	1720.00000000		2.19640		-0.83239
	1725.00000000		1.95968		-0.62944
	1730.00000000		2.17111		-0.46906
	1735.00000000		2.02534		-0.48083
	1740.00000000		2.10422		-0.61730
	1745.00000000		2.10283		-0.68450
	1750.00000000		2.00818		-0.68706
	1755.00000000		2.15733		-0.69942
	1760.00000000		1.93912		-0.77233
	1765.00000000		2.19449		-0.82547
	1770.00000000		1.95065		-0.78423
	1775.00000000		2.16188		-0.63069
	1780.00000000		2.04490		-0.53053
	1785.00000000		2.06860		-0.57068
	1790.00000000		2.14161		-0.64472
	1795.00000000		1.96381		-0.67046
	1800.00000000		2.19538		-0.58370
	1805.00000000		1.94037		-0.45278
	1810.00000000		2.19297		-0.41640
	1815.00000000		1.98057		-0.48868
	1820.00000000		2.12586		-0.62559
	1825.00000000		2.04802		-0.64840
	1830.00000000		2.04721		-0.53444
	1835.00000000		2.15240		-0.39184
	1840.00000000		1.97820		-0.30947
	1845.00000000		2.21958		-0.36937
	1850.00000000		1.91223		-0.44616
	1855.00000000		2.21623		-0.42761
	1860.00000000		1.97135		-0.28662
	1865.00000000		2.15313		-0.11587
	1870.00000000		2.08258		-0.03182
	1875.00000000		2.05060		0.03735
	1880.00000000		2.16490		0.11540
	1885.00000000		1.96380		0.19842
	1890.00000000		2.19492		0.27938
	1895.00000000		1.93626		0.40847
	1900.00000000		2.21762		0.60856
	1905.00000000		1.98119		0.71778
	1910.00000000		2.16214		0.69534
	1915.00000000		2.06965		0.63044
	1920.00000000		2.06615		0.63295
	1925.00000000		2.16482		0.72050
	1930.00000000		1.96939		0.82591
	1935.00000000		2.23183		0.81212
	1940.00000000		1.92900		0.74175
	1945.00000000		2.22351		0.74564
	1950.00000000		1.99938		0.81350
	1955.00000000		2.16909		0.87620
	1960.00000000		2.14812		0.62252
	1965.00000000		2.01201		0.28408
	1970.00000000		2.17694		0.16983
	1975.00000000		1.94243		0.05553
	1980.00000000		2.20974		-0.09532
	1985.00000000		1.96374		-0.18443
	1990.00000000		2.16560		-0.04407
	1995.00000000		2.07855		0.10584
	2000.00000000		2.03792		0.12658
	2005.00000000		2.14787		0.01091
	2010.00000000		1.96891		-0.13507
	2015.00000000		2.18950		-0.11281
	2020.00000000		1.94798		0.01297
	2025.00000000		2.20133		0.00659
	2030.00000000		1.96822		-0.12544
	2035.00000000		2.14892		-0.28031
	2040.00000000		2.04295		-0.26392
	2045.00000000		2.06280		-0.07041
	2050.00000000		2.14654		-0.00926
	2055.00000000		1.97318		-0.09225
	2060.00000000		2.20059		-0.20892
	2065.00000000		1.92719		-0.30672
	2070.00000000		2.18258		-0.35804
	2075.00000000		1.94796		-0.33430
	2080.00000000		2.15716		-0.29545
	2085.00000000		2.06170		-0.27080
	2090.00000000		2.05312		-0.25246
	2095.00000000		2.13886		-0.31056
	2100.00000000		1.95837		-0.42464
	2105.00000000		2.16788		-0.45036
	2110.00000000		1.92758		-0.34566
	2115.00000000		2.18904		-0.20225
	2120.00000000		1.95662		-0.10106
	2125.00000000		2.15653		-0.07242
	2130.00000000		2.06583		-0.09889
	2135.00000000		2.03047		-0.13371
	2140.00000000		2.14880		-0.14645
	2145.00000000		1.94325		-0.09868
	2150.00000000		2.22080		-0.04646
	2155.00000000		1.93441		0.02752
	2160.00000000		2.17256		0.04290
	2165.00000000		2.01149		-0.00425
	2170.00000000		2.07638		-0.04988
	2175.00000000		2.13805		-0.00565
	2180.00000000		1.96550		0.09172
	2185.00000000		2.20096		0.09527
	2190.00000000		1.91218		-0.03760
	2195.00000000		2.18030		-0.20990
	2200.00000000		1.96766		-0.22372
	2205.00000000		2.11719		-0.11001
	2210.00000000		2.07273		-0.00058
	2215.00000000		2.01691		0.03464
	2220.00000000		2.20171		-0.00094
	2225.00000000		1.89881		-0.05897
	2230.00000000		2.21530		-0.11681
	2235.00000000		1.96097		-0.23428
	2240.00000000		2.13397		-0.42649
	2245.00000000		2.09940		-0.55671
	2250.00000000		2.00253		-0.60559
	2255.00000000		2.23685		-0.54904
	2260.00000000		1.89474		-0.49294
	2265.00000000		2.22302		-0.49954
	2270.00000000		2.03521		-0.55791
	2275.00000000		2.05166		-0.61422
	2280.00000000		2.17503		-0.60694
	2285.00000000		1.91893		-0.50243
	2290.00000000		2.24977		-0.36827
	2295.00000000		1.94102		-0.31838
	2300.00000000		2.16573		-0.39532
	2305.00000000		2.15515		-0.57413
	2310.00000000		1.95171		-0.82000
	2315.00000000		2.24502		-0.87106
	2320.00000000		1.90069		-0.74655
	2325.00000000		2.21859		-0.59870
	2330.00000000		2.02516		-0.51219
	2335.00000000		2.06997		-0.51128
	2340.00000000		2.21189		-0.55103
	2345.00000000		1.88790		-0.57160
	2350.00000000		2.25065		-0.51759
	2355.00000000		1.95970		-0.41411
	2360.00000000		2.13615		-0.30161
	2365.00000000		2.17458		-0.30006
	2370.00000000		1.92891		-0.38756
	2375.00000000		2.26701		-0.42953
	2380.00000000		1.90490		-0.45834
	2385.00000000		2.16553		-0.52569
	2390.00000000		2.08570		-0.58154
	2395.00000000		1.99447		-0.58686
	2400.00000000		2.25275		-0.57885
	2405.00000000		1.87387		-0.56235
	2410.00000000		2.19221		-0.55793
	2415.00000000		2.04934		-0.51173
	2420.00000000		2.04028		-0.32997
	2425.00000000		2.25255		-0.08690
	2430.00000000		1.88714		0.12797
	2435.00000000		2.26181		0.17696
	2440.00000000		2.09650		0.13354
	2445.00000000		2.02236		-0.00405
	2450.00000000		2.23717		-0.15250
	2455.00000000		1.86855		-0.34592
	2460.00000000		2.22147		-0.44602
	2465.00000000		1.99880		-0.36878
	2470.00000000		2.09661		-0.10002
	2475.00000000		2.19552		0.09604
	2480.00000000		1.91112		0.20521
	2485.00000000		2.27765		0.24557
	2490.00000000		1.90323		0.36468
	2495.00000000		2.24692		0.56124
	2500.00000000		2.00851		0.60255
	2505.00000000		2.14011		0.56614
	2510.00000000		2.10335		0.51631
	2515.00000000		2.03477		0.52438
	2520.00000000		2.18763		0.56892
	2525.00000000		1.93538		0.58482
	2530.00000000		2.25597		0.59412
	2535.00000000		1.87352		0.59282
	2540.00000000		2.27053		0.67290
	2545.00000000		1.88688		0.70978
	2550.00000000		2.24881		0.73132
	2555.00000000		1.97780		0.66984
	2560.00000000		2.16506		0.61349
	2565.00000000		2.11738		0.56575
	2570.00000000		2.01498		0.47689
	2575.00000000		2.26139		0.33476
	2580.00000000		1.86557		0.06492
	2585.00000000		2.24874		-0.20152
	2590.00000000		1.99663		-0.29280
	2595.00000000		2.08644		-0.26362
	2600.00000000		2.16907		-0.24365
	2605.00000000		1.90946		-0.26536
	2610.00000000		2.25887		-0.30970
	2615.00000000		1.91928		-0.21487
	2620.00000000		2.16858		-0.09284
	2625.00000000		2.11768		-0.08280
	2630.00000000		1.97704		-0.29733
	2635.00000000		2.24823		-0.52301
	2640.00000000		1.86849		-0.62822
	2645.00000000		2.23203		-0.61278
	2650.00000000		2.05086		-0.60083
	2655.00000000		2.04326		-0.65911
	2660.00000000		2.26926		-0.72807
	2665.00000000		1.84431		-0.78949
	2670.00000000		2.29738		-0.72870
	2675.00000000		2.04928		-0.64209
	2680.00000000		2.05454		-0.53243
	2685.00000000		2.27681		-0.51391
	2690.00000000		1.85367		-0.53297
	2695.00000000		2.23111		-0.54661
	2700.00000000		2.07536		-0.55560
	2705.00000000		2.00082		-0.58214
	2710.00000000		2.29274		-0.60838
	2715.00000000		1.90696		-0.58821
	2720.00000000		2.16834		-0.45304
	2725.00000000		2.17935		-0.28960
	2730.00000000		1.90311		-0.27965
	2735.00000000		2.29981		-0.41949
	2740.00000000		1.98627		-0.60082
	2745.00000000		2.09134		-0.62077
	2750.00000000		2.22844		-0.40700
	2755.00000000		1.88888		-0.10184
	2760.00000000		2.20460		-0.01655
	2765.00000000		1.98019		-0.10858
	2770.00000000		2.10424		-0.17961
	2775.00000000		2.08672		-0.02346
	2780.00000000		1.99644		0.17760
	2785.00000000		2.17678		0.26310
	2790.00000000		1.93371		0.36873
	2795.00000000		2.23853		0.47910
	2800.00000000		1.92595		0.45521
	2805.00000000		2.18528		0.34862
	2810.00000000		2.05560		0.28829
	2815.00000000		2.03885		0.25870
	2820.00000000		2.21186		0.31721
	2825.00000000		1.89454		0.52295
	2830.00000000		2.25371		0.62216
	2835.00000000		1.90253		0.52513
	2840.00000000		2.21728		0.41209
	2845.00000000		2.05623		0.38868
	2850.00000000		2.05360		0.34966
	2855.00000000		2.19020		0.28731
	2860.00000000		1.91839		0.24883
	2865.00000000		2.26518		0.27424
	2870.00000000		1.92701		0.39233
	2875.00000000		2.20177		0.46691
	2880.00000000		2.05979		0.33851
	2885.00000000		2.04576		0.12544
	2890.00000000		2.20668		0.10328
	2895.00000000		1.87860		0.16941
	2900.00000000		2.25901		0.21754
	2905.00000000		1.93982		0.25792
	2910.00000000		2.16472		0.31173
	2915.00000000		2.18433		0.40794
	2920.00000000		1.94344		0.57324
	2925.00000000		2.29054		0.62902
	2930.00000000		1.88747		0.38832
	2935.00000000		2.22509		0.12331
	2940.00000000		2.07456		0.12790
	2945.00000000		2.02075		0.26071
	2950.00000000		2.27437		0.25901
	2955.00000000		1.88243		0.13313
	2960.00000000		2.21321		-0.04011
	2965.00000000		2.04298		-0.04528
	2970.00000000		2.03610		-0.11371
	2975.00000000		2.22088		-0.25458
	2980.00000000		1.88495		-0.44583
	2985.00000000		2.18230		-0.46861
	2990.00000000		2.08331		-0.34135
	2995.00000000		1.97359		-0.21517
	3000.00000000		2.22279		-0.20161
	3005.00000000		1.92404		-0.19325
	3010.00000000		2.15131		-0.02941
	3015.00000000		2.09081		0.04751
	3020.00000000		1.97790		-0.02036
	3025.00000000		2.13080		-0.19297
	3030.00000000		1.94562		-0.30815
	3035.00000000		2.13103		-0.21576
	3040.00000000		1.98075		-0.09275
	3045.00000000		2.06966		-0.14188
	3050.00000000		2.10478		-0.19941
	3055.00000000		1.94750		-0.21965
	3060.00000000		2.13141		-0.25879
	3065.00000000		1.90797		-0.28969
	3070.00000000		2.14139		-0.25400
	3075.00000000		2.05228		-0.12624
	3080.00000000		1.99952		0.04227
	3085.00000000		2.18542		0.12017
	3090.00000000		1.90294		0.07600
	3095.00000000		2.17430		-0.00240
	3100.00000000		2.07449		0.05464
	3105.00000000		2.00178		0.27619
	3110.00000000		2.23397		0.39764
	3115.00000000		1.90273		0.35868
	3120.00000000		2.20768		0.32525
	3125.00000000		2.06778		0.38549
	3130.00000000		2.01033		0.48717
	3135.00000000		2.18007		0.41335
	3140.00000000		1.90152		0.17092
	3145.00000000		2.17028		0.05112
	3150.00000000		1.94409		0.17925
	3155.00000000		2.08919		0.26045
	3160.00000000		2.11312		0.18520
	3165.00000000		1.93277		0.11349
	3170.00000000		2.20347		0.20610
	3175.00000000		1.99408		0.48933
	3180.00000000		2.06716		0.60727
	3185.00000000		2.09225		0.35909
	3190.00000000		1.98210		-0.03250
	3195.00000000		2.10131		-0.19065
	3200.00000000		1.93150		-0.16619
	3205.00000000		2.06852		-0.29176
	3210.00000000		2.00953		-0.53784
	3215.00000000		2.02720		-0.73704
	3220.00000000		2.11027		-0.82409
	3225.00000000		1.98196		-0.90411
	3230.00000000		2.09399		-0.95071
	3235.00000000		2.03151		-0.94255
	3240.00000000		2.07407		-0.85745
	3245.00000000		2.01891		-0.82381
	3250.00000000		2.03550		-0.89471
	3255.00000000		2.04111		-0.96218
	3260.00000000		2.02875		-0.82271
	3265.00000000		2.08884		-0.62454
	3270.00000000		1.94600		-0.49132
	3275.00000000		2.04944		-0.47218
	3280.00000000		1.97768		-0.61056
	3285.00000000		2.04563		-0.73730
	3290.00000000		2.06935		-0.78703
	3295.00000000		1.97190		-0.79269
	3300.00000000		2.08594		-0.88281
	3305.00000000		2.02832		-1.03157
	3310.00000000		2.07598		-1.06656
	3315.00000000		2.05231		-0.96631
	3320.00000000		2.02550		-0.91477
	3325.00000000		2.07702		-1.00644
	3330.00000000		2.03370		-1.03208
	3335.00000000		2.09031		-0.88812
	3340.00000000		2.02660		-0.72613
	3345.00000000		1.97849		-0.72102
	3350.00000000		2.09453		-0.84301
	3355.00000000		2.03233		-0.94580
	3360.00000000		2.05535		-0.78421
	3365.00000000		2.03653		-0.53320
	3370.00000000		1.96875		-0.40652
	3375.00000000		2.06276		-0.50222
	3380.00000000		2.00104		-0.68935
	3385.00000000		2.05606		-0.80139
	3390.00000000		2.03168		-0.75514
	3395.00000000		1.97631		-0.60716
	3400.00000000		2.04623		-0.45020
	3405.00000000		1.97067		-0.26730
	3410.00000000		2.06422		-0.17750
	3415.00000000		2.01837		-0.19180
	3420.00000000		1.99370		-0.21089
	3425.00000000		2.06784		-0.14506
	3430.00000000		1.96274		-0.03978
	3435.00000000		2.07436		0.03311
	3440.00000000		2.09586		0.10757
	3445.00000000		2.02001		0.22548
	3450.00000000		2.11858		0.31497
	3455.00000000		2.06384		0.31212
	3460.00000000		2.02919		0.35282
	3465.00000000		2.12465		0.49698
	3470.00000000		2.01987		0.74334
	3475.00000000		2.09991		0.89517
	3480.00000000		2.04869		0.80386
	3485.00000000		2.06306		0.63806
	3490.00000000		2.07622		0.61064
	3495.00000000		2.01244		0.72038
	3500.00000000		2.08701		0.83738
	3505.00000000		1.99470		0.79497
	3510.00000000		2.10111		0.67455
	3515.00000000		1.99401		0.69565
	3520.00000000		2.06740		0.82627
	3525.00000000		2.01532		0.96801
	3530.00000000		2.05309		1.03941
	3535.00000000		2.06124		1.06511
	3540.00000000		2.06930		1.10448
	3545.00000000		2.07682		1.17251
	3550.00000000		2.04899		1.21744
	3555.00000000		2.09069		1.22752
	3560.00000000		1.99949		1.19522
	3565.00000000		2.10270		1.14181
	3570.00000000		1.99250		1.07254
	3575.00000000		2.11438		1.00729
	3580.00000000		2.00470		1.03076
	3585.00000000		2.10181		1.06264
	3590.00000000		2.03437		1.01671
	3595.00000000		2.06439		0.86399
	3600.00000000		2.06755		0.75172
	3605.00000000		2.01142		0.74836
	3610.00000000		2.10023		0.81775
	3615.00000000		1.98895		0.80413
	3620.00000000		2.10032		0.70448
	3625.00000000		2.02068		0.63989
	3630.00000000		2.05430		0.67402
	3635.00000000		2.08699		0.75365
	3640.00000000		1.99317		0.74674
	3645.00000000		2.11714		0.68030
	3650.00000000		2.00177		0.61014
	3655.00000000		2.07124		0.62817
	3660.00000000		2.07975		0.65448
	3665.00000000		1.98069		0.59971
	3670.00000000		2.12185		0.44681
	3675.00000000		2.03191		0.28478
	3680.00000000		2.02865		0.30960
	3685.00000000		2.11225		0.45845
	3690.00000000		1.98534		0.53961
	3695.00000000		2.07953		0.55927
	3700.00000000		2.09856		0.63092
	3705.00000000		2.00384		0.84414
	3710.00000000		2.12363		1.05496
	3715.00000000		2.01179		0.97725
	3720.00000000		2.12298		0.82784
	3725.00000000		2.03411		0.83298
	3730.00000000		2.05270		0.95582
	3735.00000000		2.05383		1.01159
	3740.00000000		2.00523		0.93597
	3745.00000000		2.11517		0.88064
	3750.00000000		1.98354		0.95841
	3755.00000000		2.14442		1.07312
	3760.00000000		2.00057		1.06034
	3765.00000000		2.09088		0.96840
	3770.00000000		2.04569		0.92782
	3775.00000000		2.03036		0.96477
	3780.00000000		2.11366		0.96682
	3785.00000000		1.98757		0.94406
	3790.00000000		2.13417		0.94183
	3795.00000000		2.00484		0.95570
	3800.00000000		2.06257		0.90399
	3805.00000000		2.07415		0.78344
	3810.00000000		1.98057		0.70065
	3815.00000000		2.13444		0.77175
	3820.00000000		2.04363		0.95877
	3825.00000000		2.05944		1.05175
	3830.00000000		2.11953		0.97081
	3835.00000000		2.01612		0.82671
	3840.00000000		2.07187		0.82842
	3845.00000000		2.04518		0.92785
	3850.00000000		2.01235		0.94630
	3855.00000000		2.08705		0.85062
	3860.00000000		2.00684		0.82930
	3865.00000000		2.09326		0.98303
	3870.00000000		2.08012		1.15028
	3875.00000000		2.01911		1.22616
	3880.00000000		2.13186		1.14757
	3885.00000000		2.02701		1.06656
	3890.00000000		2.06465		1.04719
	3895.00000000		2.08460		1.06090
	3900.00000000		2.00560		1.08083
	3905.00000000		2.12710		1.16121
	3910.00000000		2.02140		1.29882
	3915.00000000		2.10021		1.35027
	3920.00000000		2.08147		1.27312
	3925.00000000		2.01801		1.14429
	3930.00000000		2.15089		1.12029
	3935.00000000		2.00774		1.19648
	3940.00000000		2.07337		1.26407
	3945.00000000		2.06457		1.18442
	3950.00000000		2.01064		1.04228
	3955.00000000		2.11983		1.01744
	3960.00000000		2.01794		1.13550
	3965.00000000		2.06038		1.22482
	3970.00000000		2.08476		1.15480
	3975.00000000		1.99229		0.94322
	3980.00000000		2.07236		0.81876
	3985.00000000		2.01589		0.90304
	3990.00000000		2.05000		1.03584
	3995.00000000		2.09087		1.09338
	4000.00000000		1.99154		1.10744
	4005.00000000		2.07922		1.14916
	4010.00000000		2.04378		1.16459
	4015.00000000		2.00717		1.10908
	4020.00000000		2.09568		0.99397
	4025.00000000		2.01492		0.93251
	4030.00000000		2.03488		0.97673
	4035.00000000		2.06231		0.98912
	4040.00000000		1.99047		0.87539
	4045.00000000		2.09645		0.71465
	4050.00000000		2.03845		0.68926
	4055.00000000		2.00043		0.77259
	4060.00000000		2.09506		0.65674
	4065.00000000		2.06805		0.22034
	4070.00000000		2.07303		-0.15770
	4075.00000000		1.94695		-0.25847
	4080.00000000		2.06186		-0.13394
	4085.00000000		1.98483		-0.00455
	4090.00000000		2.03460		-0.03756
	4095.00000000		2.10366		-0.14045
	4100.00000000		1.95031		-0.17423
	4105.00000000		2.05218		-0.19698
	4110.00000000		2.00214		-0.31622
	4115.00000000		1.98992		-0.51917
	4120.00000000		2.04841		-0.65562
	4125.00000000		1.97181		-0.64702
	4130.00000000		2.02864		-0.51051
	4135.00000000		1.97491		-0.40369
	4140.00000000		2.01705		-0.44123
	4145.00000000		2.00447		-0.53671
	4150.00000000		1.98441		-0.60616
	4155.00000000		2.01303		-0.55999
	4160.00000000		1.98973		-0.39577
	4165.00000000		2.03094		-0.21729
	4170.00000000		1.99447		-0.11122
	4175.00000000		2.04482		-0.07807
	4180.00000000		2.00412		0.01675
	4185.00000000		2.04742		0.22119
	4190.00000000		2.18713		0.39222
	4195.00000000		2.06654		0.47612
	4200.00000000		1.99292		0.53007
	4205.00000000		2.13147		0.54843
	4210.00000000		2.00051		0.57390
	4215.00000000		2.01886		0.73500
	4220.00000000		2.11012		0.97518
	4225.00000000		1.98523		1.17165
	4230.00000000		2.09167		1.24855
	4235.00000000		2.09932		1.19311
	4240.00000000		1.99916		1.02652
	4245.00000000		2.07940		0.87601
	4250.00000000		1.99682		0.85652
	4255.00000000		2.02853		0.98056
	4260.00000000		2.10289		1.12239
	4265.00000000		2.04779		1.24150
	4270.00000000		2.09115		1.26591
	4275.00000000		2.08916		1.14394
	4280.00000000		2.07409		0.94593
	4285.00000000		2.03327		0.77158
	4290.00000000		1.99789		0.75642
	4295.00000000		2.07768		0.84745
	4300.00000000		2.05515		0.96694
	4305.00000000		2.05935		1.01007
	4310.00000000		2.14497		0.96090
	4315.00000000		2.06951		0.84645
	4320.00000000		1.97333		0.70562
	4325.00000000		2.11703		0.56639
	4330.00000000		2.07764		0.44258
	4335.00000000		2.02716		0.41851
	4340.00000000		2.13257		0.47388
	4345.00000000		2.09563		0.51500
	4350.00000000		1.99334		0.49653
	4355.00000000		2.11424		0.50542
	4360.00000000		2.12306		0.53354
	4365.00000000		2.00819		0.53047
	4370.00000000		2.09042		0.43471
	4375.00000000		2.17976		0.30831
	4380.00000000		2.07205		0.25530
	4385.00000000		2.01768		0.35338
	4390.00000000		2.13471		0.44296
	4395.00000000		2.08804		0.38448
	4400.00000000		2.03038		0.31865
	4405.00000000		2.14634		0.35581
	4410.00000000		2.17644		0.44683
	4415.00000000		1.99650		0.40756
	4420.00000000		2.04691		0.25653
	4425.00000000		2.18636		0.19237
	4430.00000000		2.02404		0.36525
	4435.00000000		2.03384		0.60033
	4440.00000000		2.14779		0.68207
	4445.00000000		2.04851		0.60732
	4450.00000000		2.00804		0.53835
	4455.00000000		2.11103		0.61607
	4460.00000000		2.03496		0.79352
	4465.00000000		1.99894		0.96309
	4470.00000000		2.13188		0.97397
	4475.00000000		2.08531		0.95736
	4480.00000000		2.01348		1.00972
	4485.00000000		2.09065		1.08625
	4490.00000000		2.03786		1.05894
	4495.00000000		1.99286		0.92032
	4500.00000000		2.09431		0.85123
	4505.00000000		2.02096		0.98057
	4510.00000000		2.03032		1.16906
	4515.00000000		2.13723		1.30236
	4520.00000000		2.02888		1.37153
	4525.00000000		2.05510		1.37053
	4530.00000000		2.09341		1.35428
	4535.00000000		1.98515		1.32402
	4540.00000000		2.10608		1.33576
	4545.00000000		2.01381		1.41520
	4550.00000000		2.06870		1.48738
	4555.00000000		2.08662		1.47904
	4560.00000000		1.99581		1.43511
	4565.00000000		2.13724		1.43388
	4570.00000000		2.00800		1.52742
	4575.00000000		2.08898		1.57697
	4580.00000000		2.04766		1.46712
	4585.00000000		2.01561		1.35111
	4590.00000000		2.10320		1.40335
	4595.00000000		2.02704		1.66877
	4600.00000000		2.10412		1.82074
	4605.00000000		2.04626		1.73626
	4610.00000000		2.09925		1.61277
	4615.00000000		2.05631		1.68725
	4620.00000000		2.07570		1.88087
	4625.00000000		2.06799		1.97803
	4630.00000000		2.06151		1.90563
	4635.00000000		2.10318		1.80118
	4640.00000000		2.02530		1.84340
	4645.00000000		2.13075		1.95590
	4650.00000000		1.99411		2.00485
	4655.00000000		2.12327		1.88419
	4660.00000000		2.02965		1.77213
	4665.00000000		2.06519		1.76747
	4670.00000000		2.08782		1.89793
	4675.00000000		2.03018		2.06711
	4680.00000000		2.11051		2.09586
	4685.00000000		2.03251		2.03444
	4690.00000000		2.09319		1.99440
	4695.00000000		2.02783		2.06718
	4700.00000000		2.09458		2.18053
	4705.00000000		2.02340		2.25257
	4710.00000000		2.10352		2.22885
	4715.00000000		2.02846		2.18994
	4720.00000000		2.09214		2.18116
	4725.00000000		2.08182		2.24545
	4730.00000000		2.00711		2.28265
	4735.00000000		2.14041		2.23621
	4740.00000000		1.98308		2.19645
	4745.00000000		2.13462		2.24070
	4750.00000000		2.02852		2.39562
	4755.00000000		2.08957		2.53702
	4760.00000000		2.07421		2.53570
	4765.00000000		2.05735		2.45881
	4770.00000000		2.10994		2.50379
	4775.00000000		2.02922		2.64047
	4780.00000000		2.11104		2.69675
	4785.00000000		2.01729		2.60848
	4790.00000000		2.11082		2.52083
	4795.00000000		2.02128		2.61918
	4800.00000000		2.11931		2.84629
	4805.00000000		2.03293		2.97200
	4810.00000000		2.10893		2.92017
	4815.00000000		2.07576		2.83451
	4820.00000000		2.05267		2.88288
	4825.00000000		2.11687		3.00883
	4830.00000000		2.00610		3.09421
	4835.00000000		2.14773		3.12874
	4840.00000000		2.01734		-3.10223
	4845.00000000		2.14464		-3.04333
	4850.00000000		2.03004		-3.10780
	4855.00000000		2.10076		3.01642
	4860.00000000		2.06944		2.91555
	4865.00000000		2.03150		2.99055
	4870.00000000		2.15520		-3.04350
	4875.00000000		2.00423		-2.78675
	4880.00000000		2.15303		-2.67168
	4885.00000000		2.01976		-2.69726
	4890.00000000		2.12768		-2.67147
	4895.00000000		2.03223		-2.62390
	4900.00000000		2.08742		-2.62599
	4905.00000000		2.07929		-2.72418
	4910.00000000		2.05699		-2.87151
	4915.00000000		2.11357		-2.98250
	4920.00000000		2.01019		-3.08590
	4925.00000000		2.11359		3.10912
	4930.00000000		2.00194		3.05847
	4935.00000000		2.12733		3.13294
	4940.00000000		2.03511		-2.99773
	4945.00000000		2.08914		-2.94468
	4950.00000000		2.07957		-3.11856
	4955.00000000		2.04479		2.95024
	4960.00000000		2.08857		2.84843
	4965.00000000		2.00842		2.87594
	4970.00000000		2.09728		2.96334
	4975.00000000		2.02088		3.06241
	4980.00000000		2.08825		-3.11314
	4985.00000000		2.05166		-3.06727
	4990.00000000		2.05880		-3.10984
	4995.00000000		2.07090		3.03155
	5000.00000000		2.02152		2.91508
	5005.00000000		2.08963		2.90425
	5010.00000000		2.03847		3.04834
	5015.00000000		2.09641		-3.06387
	5020.00000000		2.04714		-3.08367
	5025.00000000		2.06455		2.99271
	5030.00000000		2.09788		2.78563
	5035.00000000		2.00105		2.72131
	5040.00000000		2.09797		2.74114
	5045.00000000		1.99913		2.79433
	5050.00000000		2.09370		2.82490
	5055.00000000		2.08360		2.92017
	5060.00000000		2.02440		3.09500
	5065.00000000		2.12170		-3.05953
	5070.00000000		1.99583		-3.07072
	5075.00000000		2.13371		3.12649
	5080.00000000		2.06588		3.12371
	5085.00000000		2.04445		-3.06399
	5090.00000000		2.11605		-2.97621
	5095.00000000		2.00198		-2.99745
	5100.00000000		2.14559		-2.99744
	5105.00000000		2.04119		-2.89310
	5110.00000000		2.09185		-2.77715
	5115.00000000		2.07851		-2.89422
	5120.00000000		2.05061		3.13171
	5125.00000000		2.10703		2.98113
	5130.00000000		2.00536		2.99238
	5135.00000000		2.09273		-3.13899
	5140.00000000		2.06907		-2.98046
	5145.00000000		2.03947		-2.87541
	5150.00000000		2.12632		-2.88409
	5155.00000000		2.01737		-2.93321
	5160.00000000		2.08398		-2.97872
	5165.00000000		2.05223		-3.00895
	5170.00000000		2.02826		-3.05048
	5175.00000000		2.10264		-3.00171
	5180.00000000		2.03925		-2.78227
	5185.00000000		2.11349		-2.56650
	5190.00000000		2.03542		-2.62856
	5195.00000000		2.10345		-2.84607
	5200.00000000		2.02819		-2.94119
	5205.00000000		2.06422		-2.85164
	5210.00000000		2.10231		-2.66634
	5215.00000000		2.02204		-2.57566
	5220.00000000		2.15056		-2.58264
	5225.00000000		1.99170		-2.57758
	5230.00000000		2.12885		-2.50340
	5235.00000000		2.01860		-2.46457
	5240.00000000		2.08985		-2.51990
	5245.00000000		2.08378		-2.58396
	5250.00000000		2.02943		-2.54382
	5255.00000000		2.12113		-2.41030
	5260.00000000		1.99468		-2.35130
	5265.00000000		2.14232		-2.40459
	5270.00000000		1.98740		-2.52214
	5275.00000000		2.12370		-2.50128
	5280.00000000		2.03221		-2.40376
	5285.00000000		2.07717		-2.31078
	5290.00000000		2.09053		-2.30982
	5295.00000000		2.03093		-2.36933
	5300.00000000		2.11735		-2.42339
	5305.00000000		1.99277		-2.49741
	5310.00000000		2.11927		-2.58550
	5315.00000000		2.01216		-2.68738
	5320.00000000		2.08577		-2.69365
	5325.00000000		2.07966		-2.63001
	5330.00000000		2.00758		-2.54294
	5335.00000000		2.11445		-2.48400
	5340.00000000		1.99905		-2.40365
	5345.00000000		2.12763		-2.26082
	5350.00000000		2.03310		-2.11092
	5355.00000000		2.09691		-2.04194
	5360.00000000		2.07531		-2.12850
	5365.00000000		2.04287		-2.19674
	5370.00000000		2.10795		-2.17295
	5375.00000000		2.00432		-2.09570
	5380.00000000		2.12237		-2.04300
	5385.00000000		2.01031		-1.97853
	5390.00000000		2.11324		-1.86984
	5395.00000000		2.04927		-1.75521
	5400.00000000		2.06484		-1.66093
	5405.00000000		2.08447		-1.59074
	5410.00000000		2.03231		-1.49332
	5415.00000000		2.12212		-1.40373
	5420.00000000		2.00741		-1.41798
	5425.00000000		2.12521		-1.54090
	5430.00000000		2.01046		-1.68005
	5435.00000000		2.11238		-1.77214
	5440.00000000		2.03407		-1.78184
	5445.00000000		2.06441		-1.79757
	5450.00000000		2.08396		-1.83090
	5455.00000000		2.02244		-1.86666
	5460.00000000		2.12924		-1.83192
	5465.00000000		2.00954		-1.74821
	5470.00000000		2.13707		-1.67347
	5475.00000000		2.04755		-1.69602
	5480.00000000		2.07303		-1.84221
	5485.00000000		2.11417		-1.96096
	5490.00000000		1.99118		-2.04564
	5495.00000000		2.15396		-2.06842
	5500.00000000		1.99921		-2.14800
	5505.00000000		2.10091		-2.26419
	5510.00000000		2.05572		-2.32785
	5515.00000000		2.03929		-2.30579
	5520.00000000		2.09955		-2.26229
	5525.00000000		2.03880		-2.22894
	5530.00000000		2.11258		-2.24039
	5535.00000000		2.01680		-2.32436
	5540.00000000		2.11030		-2.40048
	5545.00000000		2.03554		-2.45661
	5550.00000000		2.05423		-2.50828
	5555.00000000		2.10982		-2.58720
	5560.00000000		1.98516		-2.70422
	5565.00000000		2.14268		-2.82280
	5570.00000000		2.02178		-2.86302
	5575.00000000		2.06552		-2.81910
	5580.00000000		2.10783		-2.75162
	5585.00000000		1.97768		-2.71613
	5590.00000000		2.15276		-2.67100
	5595.00000000		2.01025		-2.63778
	5600.00000000		2.07569		-2.63066
	5605.00000000		2.10815		-2.71367
	5610.00000000		1.98735		-2.94044
	5615.00000000		2.16575		-3.07142
	5620.00000000		2.02635		-3.04556
	5625.00000000		2.06805		-2.89722
	5630.00000000		2.13250		-2.85842
	5635.00000000		1.97962		-2.93033
	5640.00000000		2.13664		-3.00591
	5645.00000000		2.08929		-3.02482
	5650.00000000		2.00471		-3.04072
	5655.00000000		2.17284		-3.06837
	5660.00000000		2.04978		-3.09994
	5665.00000000		2.04951		-3.07179
	5670.00000000		2.15106		-3.00861
	5675.00000000		1.97813		-3.02931
	5680.00000000		2.11486		-3.13050
	5685.00000000		2.14912		3.03599
	5690.00000000		1.98661		2.98756
	5695.00000000		2.12569		2.97385
	5700.00000000		2.07461		2.92463
	5705.00000000		2.01240		2.77864
	5710.00000000		2.15856		2.67344
	5715.00000000		1.99551		2.68278
	5720.00000000		2.12129		2.72049
	5725.00000000		2.10493		2.67781
	5730.00000000		2.01039		2.54582
	5735.00000000		2.15555		2.44437
	5740.00000000		1.97379		2.43135
	5745.00000000		2.13011		2.43591
	5750.00000000		2.03706		2.44084
	5755.00000000		2.07122		2.46214
	5760.00000000		2.13517		2.47315
	5765.00000000		1.98263		2.46979
	5770.00000000		2.14436		2.37637
	5775.00000000		1.99923		2.30104
	5780.00000000		2.09549		2.32272
	5785.00000000		2.08258		2.49726
	5790.00000000		2.02316		2.71678
	5795.00000000		2.17746		2.74738
	5800.00000000		2.01195		2.59739
	5805.00000000		2.09599		2.44722
	5810.00000000		2.11523		2.48084
	5815.00000000		1.97275		2.60509
	5820.00000000		2.15926		2.63779
	5825.00000000		2.03720		2.61405
	5830.00000000		2.06134		2.67820
	5835.00000000		2.18663		2.83834
	5840.00000000		2.00571		2.97070
	5845.00000000		2.08219		2.94988
	5850.00000000		2.15544		2.80988
	5855.00000000		1.99769		2.65021
	5860.00000000		2.10238		2.63249
	5865.00000000		2.10235		2.75765
	5870.00000000		2.00219		2.87064
	5875.00000000		2.12548		2.87819
	5880.00000000		2.06063		2.82961
	5885.00000000		2.01673		2.79583
	5890.00000000		2.13235		2.79539
	5895.00000000		2.03745		2.81429
	5900.00000000		2.05020		2.82436
	5905.00000000		2.12855		2.82001
	5910.00000000		2.00233		2.78655
	5915.00000000		2.06394		2.73922
	5920.00000000		2.13687		2.73986
	5925.00000000		2.01218		2.82408
	5930.00000000		2.08936		2.94929
	5935.00000000		2.13453		3.01218
	5940.00000000		2.00710		2.96534
	5945.00000000		2.11496		2.81184
	5950.00000000		2.18646		2.60543
	5955.00000000		1.96600		2.40777
	5960.00000000		2.14044		2.29623
	5965.00000000		2.05804		2.31792
	5970.00000000		2.02042		2.42016
	5975.00000000		2.17323		2.48303
	5980.00000000		1.97538		2.45601
	5985.00000000		2.12678		2.32148
	5990.00000000		2.05863		2.24451
	5995.00000000		2.01243		2.27401
	6000.00000000		2.15604		2.37183
	6005.00000000		1.96079		2.47509
	6010.00000000		2.15568		2.41566
	6015.00000000		2.11212		2.24820
	6020.00000000		2.00665		2.14613
	6025.00000000		2.12376		2.20999
	6030.00000000		1.92742		2.34876
	6035.00000000		2.13203		2.35338
	6040.00000000		2.00653		2.25078
	6045.00000000		2.09806		2.15575
	6050.00000000		2.10964		2.24734
	6055.00000000		1.98915		2.45848
	6060.00000000		2.13393		2.56485
	6065.00000000		1.98819		2.49125
	6070.00000000		2.11434		2.31895
	6075.00000000		2.12392		2.22065
	6080.00000000		1.95620		2.23926
	6085.00000000		2.17142		2.30390
	6090.00000000		1.97831		2.46110
	6095.00000000		2.08623		2.63728
	6100.00000000		2.23312		2.71274
	6105.00000000		2.01043		2.75519
	6110.00000000		2.08606		2.80304
	6115.00000000		2.28263		2.90384
	6120.00000000		2.03100		2.99512
	6125.00000000		2.00730		2.98897
	6130.00000000		2.26697		2.86803
	6135.00000000		2.05126		2.77097
	6140.00000000		2.02031		2.77174
	6145.00000000		2.28571		2.82399
	6150.00000000		2.03177		2.83337
	6155.00000000		2.01542		2.70337
	6160.00000000		2.25797		2.63752
	6165.00000000		1.98081		2.81791
	6170.00000000		2.10729		-3.10370
	6175.00000000		2.25100		-2.89905
	6180.00000000		1.91460		-2.99017
	6185.00000000		2.22682		-3.13492
	6190.00000000		2.23014		-3.11775
	6195.00000000		1.88417		-2.96837
	6200.00000000		2.27310		-2.90464
	6205.00000000		2.09033		-3.04226
	6210.00000000		1.99167		-3.14151
	6215.00000000		2.31032		-3.00612
	6220.00000000		2.01814		-2.88733
	6225.00000000		2.05779		-2.87687
	6230.00000000		2.27627		-2.93743
	6235.00000000		1.95032		-2.93020
	6240.00000000		2.15159		-2.74758
	6245.00000000		2.17282		-2.71060
	6250.00000000		1.92700		-2.97003
	6255.00000000		2.28820		3.12492
	6260.00000000		2.13560		-3.11565
	6265.00000000		1.96134		-2.74710
	6270.00000000		2.24792		-2.45063
	6275.00000000		1.94114		-2.51764
	6280.00000000		2.18045		-2.72440
	6285.00000000		2.18501		-2.79557
	6290.00000000		1.90122		-2.71622
	6295.00000000		2.24240		-2.68187
	6300.00000000		1.97706		-2.76667
	6305.00000000		2.11512		-2.66778
	6310.00000000		2.22152		-2.37887
	6315.00000000		1.89270		-2.20900
	6320.00000000		2.21513		-2.35326
	6325.00000000		1.93442		-2.67763
	6330.00000000		2.14697		-2.76604
	6335.00000000		2.11462		-2.60132
	6340.00000000		1.94557		-2.51938
	6345.00000000		2.20035		-2.70534
	6350.00000000		1.98784		-2.93023
	6355.00000000		2.07581		-2.85825
	6360.00000000		2.17682		-2.66977
	6365.00000000		1.91698		-2.67515
	6370.00000000		2.18353		-2.93519
	6375.00000000		2.21208		-3.09147
	6380.00000000		1.97298		-3.07113
	6385.00000000		2.07153		-3.00498
	6390.00000000		2.11136		3.13720
	6395.00000000		2.01104		2.77657
	6400.00000000		2.11779		2.52458
	6405.00000000		2.10187		2.67598
	6410.00000000		2.02767		2.88305
	6415.00000000		2.04055		2.72938
	6420.00000000		2.11500		2.42788
	6425.00000000		1.97179		2.53940
	6430.00000000		2.17289		2.97705
	6435.00000000		2.25376		-3.09924
	6440.00000000		1.89852		3.02221
	6445.00000000		2.21033		2.66366
	6450.00000000		2.25049		2.55218
	6455.00000000		1.86015		2.67520
	6460.00000000		2.30359		2.61455
	6465.00000000		2.06061		2.45032
	6470.00000000		2.04005		2.36530
	6475.00000000		2.34293		2.58274
	6480.00000000		1.95772		2.96920
	6485.00000000		2.04940		3.06210
	6490.00000000		2.31479		2.82789
	6495.00000000		2.09592		2.50365
	6500.00000000		1.98254		2.41308
	6505.00000000		2.21860		2.56865
	6510.00000000		1.99226		2.63376
	6515.00000000		2.06701		2.46779
	6520.00000000		2.21571		2.42985
	6525.00000000		1.96251		2.65563
	6530.00000000		2.09893		2.75505
	6535.00000000		2.23132		2.51393
	6540.00000000		1.98675		2.31115
	6545.00000000		2.08173		2.28257
	6550.00000000		2.14848		2.38038
	6555.00000000		1.91360		2.42669
	6560.00000000		2.19767		2.29532
	6565.00000000		2.03392		2.24550
	6570.00000000		2.04457		2.29527
	6575.00000000		2.22047		2.32497
	6580.00000000		1.91088		2.19176
	6585.00000000		2.21900		1.97875
	6590.00000000		1.99236		1.98582
	6595.00000000		2.11454		2.15844
	6600.00000000		2.17398		2.22970
	6605.00000000		1.91989		2.08098
	6610.00000000		2.25898		1.93095
	6615.00000000		1.95116		2.04162
	6620.00000000		2.15798		2.23384
	6625.00000000		2.13817		2.22654
	6630.00000000		1.97490		1.96282
	6635.00000000		2.26678		1.77698
	6640.00000000		1.89373		1.90530
	6645.00000000		2.25881		2.08604
	6650.00000000		2.04617		2.09364
	6655.00000000		2.06928		1.94232
	6660.00000000		2.24793		1.92135
	6665.00000000		1.88314		2.08645
	6670.00000000		2.26018		2.12803
	6675.00000000		2.01831		2.01848
	6680.00000000		2.10558		1.85462
	6685.00000000		2.18103		1.92846
	6690.00000000		1.93082		2.17145
	6695.00000000		2.20879		2.17979
	6700.00000000		2.02418		1.96904
	6705.00000000		2.10227		1.80035
	6710.00000000		2.12048		1.89688
	6715.00000000		1.96546		2.10276
	6720.00000000		2.17443		2.04074
	6725.00000000		2.02581		1.83472
	6730.00000000		2.09478		1.72475
	6735.00000000		2.14840		1.87425
	6740.00000000		1.95334		2.09464
	6745.00000000		2.17210		2.01235
	6750.00000000		2.07791		1.83013
	6755.00000000		2.01966		1.74013
	6760.00000000		2.17165		1.81174
	6765.00000000		1.91649		1.90765
	6770.00000000		2.18443		1.89414
	6775.00000000		2.08129		1.90693
	6780.00000000		2.02921		2.02703
	6785.00000000		2.20703		2.10823
	6790.00000000		1.94191		2.02544
	6795.00000000		2.19699		1.84716
	6800.00000000		2.09469		1.79725
	6805.00000000		1.98985		1.85975
	6810.00000000		2.21303		1.92130
	6815.00000000		1.89556		1.99973
	6820.00000000		2.22997		2.07545
	6825.00000000		2.18211		2.22252
	6830.00000000		1.92072		2.37067
	6835.00000000		2.22299		2.28637
	6840.00000000		2.08771		2.11374
	6845.00000000		1.98449		2.01888
	6850.00000000		2.22297		2.11090
	6855.00000000		2.00105		2.29864
	6860.00000000		2.03230		2.36548
	6865.00000000		2.23005		2.27351
	6870.00000000		2.00199		2.24642
	6875.00000000		2.07637		2.31906
	6880.00000000		2.21356		2.37350
	6885.00000000		1.93581		2.28645
	6890.00000000		2.15844		2.10047
	6895.00000000		2.18449		2.04152
	6900.00000000		1.91649		2.13987
	6905.00000000		2.22133		2.21090
	6910.00000000		2.11463		2.20864
	6915.00000000		1.97402		2.19919
	6920.00000000		2.23458		2.23393
	6925.00000000		2.05821		2.31163
	6930.00000000		1.97593		2.26021
	6935.00000000		2.27958		2.11756
	6940.00000000		2.01669		2.05384
	6945.00000000		2.05575		2.12007
	6950.00000000		2.26204		2.22837
	6955.00000000		1.90499		2.31507
	6960.00000000		2.16069		2.26505
	6965.00000000		2.26302		2.19689
	6970.00000000		1.89025		2.19193
	6975.00000000		2.22211		2.23325
	6980.00000000		2.15917		2.35417
	6985.00000000		1.90223		2.57845
	6990.00000000		2.35411		2.74300
	6995.00000000		2.17474		2.83642
	7000.00000000		1.94537		2.68881
	7005.00000000		2.20149		2.56711
	7010.00000000		2.24291		2.75335
	7015.00000000		2.02228		2.84414
	7020.00000000		2.00100		2.78335
	7025.00000000		2.28736		2.61590
	7030.00000000		2.10024		2.62030
	7035.00000000		1.95324		2.88537
	7040.00000000		2.36266		3.03145
	7045.00000000		2.12750		3.11210
	7050.00000000		1.93640		-2.97126
	7055.00000000		2.34428		-2.82063
	7060.00000000		2.00174		-2.90916
	7065.00000000		2.07680		-3.01210
	7070.00000000		2.37084		-2.94210
	7075.00000000		1.93160		-2.85457
	7080.00000000		2.15248		-2.82344
	7085.00000000		2.31352		-2.86746
	7090.00000000		1.86222		-2.80190
	7095.00000000		2.28086		-2.48120
	7100.00000000		2.11400		-2.25400
	7105.00000000		2.01871		-2.30128
	7110.00000000		2.30034		-2.41786
	7115.00000000		1.85104		-2.25464
	7120.00000000		2.32086		-1.98681
	7125.00000000		1.93998		-1.91396
	7130.00000000		2.20390		-2.02333
	7135.00000000		2.15717		-2.23693
	7140.00000000		1.97943		-2.44482
	7145.00000000		2.32336		-2.50352
	7150.00000000		1.82938		-2.55033
	7155.00000000		2.31074		-2.43033
	7160.00000000		2.06166		-2.15047
	7165.00000000		2.10344		-1.95911
	7170.00000000		2.23041		-2.04382
	7175.00000000		1.91960		-2.26564
	7180.00000000		2.31426		-2.35878
	7185.00000000		1.88080		-2.27263
	7190.00000000		2.23472		-2.36544
	7195.00000000		2.11651		-2.59458
	7200.00000000		1.97460		-2.80055
	7205.00000000		2.33399		-2.76493
	7210.00000000		1.96129		-2.66971
	7215.00000000		2.12113		-2.52740
	7220.00000000		2.22013		-2.49495
	7225.00000000		1.89457		-2.40284
	7230.00000000		2.32673		-2.13894
	7235.00000000		1.92627		-1.88570
	7240.00000000		2.19368		-1.91533
	7245.00000000		2.09888		-2.15174
	7250.00000000		2.01969		-2.20107
	7255.00000000		2.25549		-1.98822
	7260.00000000		1.87993		-1.75187
	7265.00000000		2.25697		-1.69618
	7270.00000000		1.87000		-1.90021
	7275.00000000		2.24651		-1.92987
	7280.00000000		1.94530		-1.77240
	7285.00000000		2.16721		-1.50008
	7290.00000000		2.02552		-1.39589
	7295.00000000		2.11286		-1.48851
	7300.00000000		2.16964		-1.64203
	7305.00000000		1.96715		-1.75769
	7310.00000000		2.25231		-1.83613
	7315.00000000		1.90358		-2.12749
	7320.00000000		2.22535		-2.45588
	7325.00000000		1.97939		-2.38693
	7330.00000000		2.12850		-2.15206
	7335.00000000		2.17412		-2.15439
	7340.00000000		1.93413		-2.36861
	7345.00000000		2.27673		-2.46723
	7350.00000000		1.92201		-2.30041
	7355.00000000		2.17953		-2.20576
	7360.00000000		2.16831		-2.36436
	7365.00000000		1.93157		-2.73989
	7370.00000000		2.33348		-2.76337
	7375.00000000		2.04829		-2.64945
	7380.00000000		2.03455		-2.64890
	7385.00000000		2.34089		-2.83891
	7390.00000000		2.03393		3.10290
	7395.00000000		1.98695		-3.10469
	7400.00000000		2.25957		-2.56614
	7405.00000000		1.98236		-2.39625
	7410.00000000		2.09986		-2.55252
	7415.00000000		2.32732		-2.72619
	7420.00000000		2.00640		-2.71289
	7425.00000000		2.07197		-2.25931
	7430.00000000		2.20992		-2.36880
	7435.00000000		1.92023		-2.81294
	7440.00000000		2.18271		-3.10377
	7445.00000000		2.28888		-3.07576
	7450.00000000		1.93644		-2.83763
	7455.00000000		2.10113		-2.67763
	7460.00000000		2.25289		-2.75215
	7465.00000000		1.96694		-2.74190
	7470.00000000		2.11872		-2.32905
	7475.00000000		2.15956		-2.03226
	7480.00000000		1.93080		-2.09702
	7485.00000000		2.22470		-2.49849
	7490.00000000		2.09504		-2.66780
	7495.00000000		1.96853		-2.40639
	7500.00000000		2.15197		-2.21147
	7505.00000000		1.93636		-2.33854
	7510.00000000		2.12921		-2.64339
	7515.00000000		2.15352		-2.56531
	7520.00000000		1.93110		-2.15934
	7525.00000000		2.17631		-1.88398
	7530.00000000		2.01029		-1.97024
	7535.00000000		2.07351		-2.03770
	7540.00000000		2.17602		-1.35431
	7545.00000000		1.99130		-1.33554
	7550.00000000		2.14988		-1.48124
	7555.00000000		2.01675		-1.55025
	7560.00000000		2.12902		-1.37271
	7565.00000000		2.02938		-1.35633
	7570.00000000		2.05839		-1.81266
	7575.00000000		2.09115		-2.07036
	7580.00000000		1.96265		-2.00623
	7585.00000000		2.17564		-1.74534
	7590.00000000		1.96604		-1.55525
	7595.00000000		2.14100		-1.63063
	7600.00000000		2.06130		-1.77982
	7605.00000000		2.03119		-1.73565
	7610.00000000		2.15402		-1.55987
	7615.00000000		1.94795		-1.59466
	7620.00000000		2.17919		-1.90648
	7625.00000000		2.00536		-2.09351
	7630.00000000		2.04920		-2.12177
	7635.00000000		2.13504		-2.10586
	7640.00000000		1.92249		-2.16312
	7645.00000000		2.15285		-2.30963
	7650.00000000		1.97121		-2.23756
	7655.00000000		2.09861		-1.84292
	7660.00000000		2.12021		-1.61539
	7665.00000000		1.96984		-1.73895
	7670.00000000		2.18959		-1.94273
	7675.00000000		1.91121		-1.97954
	7680.00000000		2.17556		-1.89617
	7685.00000000		2.03060		-1.95080
	7690.00000000		2.03842		-2.16223
	7695.00000000		2.18645		-2.20118
	7700.00000000		1.89151		-2.06153
	7705.00000000		2.19412		-1.98799
	7710.00000000		2.05931		-1.96172
	7715.00000000		2.03310		-1.86713
	7720.00000000		2.23264		-1.78922
	7725.00000000		1.91586		-1.90533
	7730.00000000		2.19540		-2.04787
	7735.00000000		2.07294		-2.08813
	7740.00000000		1.98329		-2.03470
	7745.00000000		2.24892		-1.83495
	7750.00000000		1.95185		-1.68426
	7755.00000000		2.16310		-1.64894
	7760.00000000		2.09744		-1.70531
	7765.00000000		2.00066		-1.73719
	7770.00000000		2.20472		-1.66353
	7775.00000000		1.91216		-1.65647
	7780.00000000		2.21372		-1.74485
	7785.00000000		2.05936		-1.83160
	7790.00000000		2.02167		-1.84240
	7795.00000000		2.23192		-1.84236
	7800.00000000		1.92619		-1.96883
	7805.00000000		2.13710		-2.08780
	7810.00000000		2.15294		-1.93859
	7815.00000000		1.95467		-1.58263
	7820.00000000		2.19282		-1.30278
	7825.00000000		1.94248		-1.38566
	7830.00000000		2.17028		-1.59224
	7835.00000000		2.03980		-1.63221
	7840.00000000		2.02268		-1.61247
	7845.00000000		2.13447		-1.66104
	7850.00000000		1.93086		-1.79325
	7855.00000000		2.19412		-1.75929
	7860.00000000		1.94784		-1.69973
	7865.00000000		2.10258		-1.70343
	7870.00000000		2.07558		-1.86246
	7875.00000000		1.97735		-1.93218
	7880.00000000		2.22549		-1.64523
	7885.00000000		1.94004		-1.48842
	7890.00000000		2.15091		-1.56468
	7895.00000000		2.12536		-1.84882
	7900.00000000		1.95408		-2.20384
	7905.00000000		2.12027		-2.27042
	7910.00000000		1.98469		-2.25518
	7915.00000000		2.02608		-2.43403
	7920.00000000		2.10155		-2.61801
	7925.00000000		1.94245		-2.48055
	7930.00000000		2.10005		-2.21471
	7935.00000000		2.08223		-2.22203
	7940.00000000		1.94682		-2.46986
	7945.00000000		2.12721		-2.68398
	7950.00000000		2.07462		-2.67810
	7955.00000000		1.93107		-2.56829
	7960.00000000		2.11375		-2.58522
	7965.00000000		1.98276		-2.74210
	7970.00000000		2.03215		-2.84701
	7975.00000000		2.20589		-2.80012
	7980.00000000		2.07807		-2.87606
	7985.00000000		1.94260		-3.05585
	7990.00000000		2.17397		-3.03092
	7995.00000000		2.14152		-2.97252
	8000.00000000		1.94422		-2.92168
	8005.00000000		2.11019		-2.83161
	8010.00000000		2.15924		-2.87000
	8015.00000000		1.97628		-2.70620
	8020.00000000		2.03069		-2.32670
	8025.00000000		2.13554		-2.03478
	8030.00000000		2.04943		-1.49034
	8035.00000000		2.06157		-1.35142
	8040.00000000		2.13650		-1.80844
	8045.00000000		2.05149		-1.63625
	8050.00000000		2.02935		-1.42094
	8055.00000000		2.11027		-1.43015
	8060.00000000		2.00601		-1.05953
	8065.00000000		2.10486		-1.44146
	8070.00000000		2.06664		-1.31523
	8075.00000000		2.01878		-1.30471
	8080.00000000		2.12738		-1.31018
	8085.00000000		2.02021		-1.11849
	8090.00000000		2.08185		-1.16914
	8095.00000000		2.04228		-1.31247
	8100.00000000		2.02516		-1.26517
	8105.00000000		2.09576		-1.05842
	8110.00000000		2.01768		-1.27295
	8115.00000000		2.07259		-1.15048
	8120.00000000		2.00928		-1.17217
	8125.00000000		2.07096		-1.28609
	8130.00000000		2.06298		-1.38156
	8135.00000000		2.04366		-1.19443
	8140.00000000		2.08853		-1.24770
	8145.00000000		1.98268		-1.10731
	8150.00000000		2.15499		-1.13465
	8155.00000000		2.04873		-1.56498
	8160.00000000		2.03867		-1.43240
	8165.00000000		2.11149		-1.18866
	8170.00000000		2.03133		-1.06415
	8175.00000000		2.17189		-1.34660
	8180.00000000		2.06771		-1.23051
	8185.00000000		2.00597		-1.82557
	8190.00000000		2.14815		-2.78711
	8195.00000000		2.08696		2.09344
	8200.00000000		2.01951		1.46053
	8205.00000000		2.10112		2.45001
	8210.00000000		2.09568		-2.73422
	8215.00000000		1.92566		-2.24767
	8220.00000000		2.18598		-1.77099
	8225.00000000		2.14440		-1.07379
	8230.00000000		1.97805		-1.91358
	8235.00000000		2.19227		-2.11964
	8240.00000000		2.05445		-1.62295
	8245.00000000		2.02170		-1.05290
	8250.00000000		2.24491		-1.23671
	8255.00000000		2.01478		-1.34793
	8260.00000000		2.08759		-1.57772
	8265.00000000		2.12754		-1.68082
	8270.00000000		1.98868		-1.50785
	8275.00000000		2.15149		-1.60454
	8280.00000000		2.09459		-1.80554
	8285.00000000		2.00753		-1.71116
	8290.00000000		2.09611		-1.76154
	8295.00000000		2.19519		-1.67417
	8300.00000000		2.09069		-2.07151
	8305.00000000		2.10084		-1.98677
	8310.00000000		1.99768		-2.02128
	8315.00000000		2.12988		-2.14422
	8320.00000000		2.25047		-1.18890
	8325.00000000		2.07671		-1.76193
	8330.00000000		2.01625		-1.94530
	8335.00000000		2.10229		-2.45895
	8340.00000000		2.23051		2.68796
	8345.00000000		2.13940		2.41761
	8350.00000000		1.93739		3.12428
	8355.00000000		2.10000		-2.78533
	8360.00000000		2.04684		-2.79816
	8365.00000000		1.97875		-3.07481
	8370.00000000		2.13448		-3.05022
	8375.00000000		2.12797		-2.87828
	8380.00000000		1.91389		-3.03622
	8385.00000000		2.08674		2.93716
	8390.00000000		2.31137		2.57278
	8395.00000000		1.99085		2.60782
	8400.00000000		2.03499		2.86785
	8405.00000000		2.35210		2.74974
	8410.00000000		2.01110		2.49958
	8415.00000000		2.03774		2.43482
	8420.00000000		2.35574		2.69855
	8425.00000000		1.99695		2.88750
	8430.00000000		2.03254		2.64061
	8435.00000000		2.38983		2.39516
	8440.00000000		2.01535		2.53431
	8445.00000000		2.01206		2.76142
	8450.00000000		2.36726		2.49140
	8455.00000000		2.05172		2.46015
	8460.00000000		1.99600		2.59602
	8465.00000000		2.36966		2.62402
	8470.00000000		2.05524		2.49000
	8475.00000000		1.99337		2.42891
	8480.00000000		2.41657		2.57029
	8485.00000000		2.06185		2.70962
	8490.00000000		1.98195		2.61420
	8495.00000000		2.39230		2.37773
	8500.00000000		2.02766		2.30674
	8505.00000000		2.03571		2.45664
	8510.00000000		2.42308		2.64090
	8515.00000000		1.95114		2.77933
	8520.00000000		2.10397		2.53168
	8525.00000000		2.41771		2.48754
	8530.00000000		1.89642		2.69868
	8535.00000000		2.16848		2.74181
	8540.00000000		2.35782		2.53698
	8545.00000000		1.86818		2.20443
	8550.00000000		2.21171		1.95000
	8555.00000000		2.23409		2.12056
	8560.00000000		1.89444		2.62941
	8565.00000000		2.18417		2.83195
	8570.00000000		2.29619		2.56500
	8575.00000000		1.97465		2.11585
	8580.00000000		2.10014		1.55634
	8585.00000000		2.17034		1.92051
	8590.00000000		1.90778		2.09936
	8595.00000000		2.19672		1.79658
	8600.00000000		2.04638		1.63698
	8605.00000000		2.02577		1.98764
	8610.00000000		2.25994		2.29686
	8615.00000000		2.13452		2.46686
	8620.00000000		2.00943		2.63898
	8625.00000000		2.14493		2.63323
	8630.00000000		2.24459		2.34411
	8635.00000000		1.99530		2.03302
	8640.00000000		2.05004		1.80106
	8645.00000000		2.17590		1.85429
	8650.00000000		1.94420		2.40298
	8655.00000000		2.06575		-2.34836
	8660.00000000		2.06497		-2.42531
	8665.00000000		1.95166		-2.68523
	8670.00000000		2.17157		-1.93616
	8675.00000000		2.17243		-1.02591
	8680.00000000		1.94291		-2.83534
	8685.00000000		2.14976		2.76790
	8690.00000000		2.35053		2.46446
	8695.00000000		2.01752		2.30373
	8700.00000000		2.00848		1.97878
	8705.00000000		2.20162		1.74420
	8710.00000000		1.91167		1.77593
	8715.00000000		2.16066		2.02029
	8720.00000000		2.21842		2.22837
	8725.00000000		1.94942		2.19684
	8730.00000000		2.09108		1.74492
	8735.00000000		2.16914		1.50779
	8740.00000000		1.95995		1.96999
	8745.00000000		2.15236		2.49938
	8750.00000000		2.30264		2.37974
	8755.00000000		2.04763		1.99229
	8760.00000000		1.99962		1.71733
	8765.00000000		2.16628		1.70309
	8770.00000000		1.91616		1.85893
	8775.00000000		2.12625		2.10344
	8780.00000000		2.24488		2.18165
	8785.00000000		2.03603		2.21775
	8790.00000000		1.98003		2.17371
	8795.00000000		2.15006		1.94941
	8800.00000000		1.94515		1.77368
	8805.00000000		2.10060		1.69012
	8810.00000000		2.17412		1.65541
	8815.00000000		1.93007		1.64312
	8820.00000000		2.12266		1.70794
	8825.00000000		2.04794		1.54245
	8830.00000000		1.98419		1.93244
	8835.00000000		2.13805		2.39527
	8840.00000000		2.18133		2.68375
	8845.00000000		2.08270		2.33066
	8850.00000000		1.96919		1.71873
	8855.00000000		2.10246		1.57974
	8860.00000000		2.02024		1.83569
	8865.00000000		1.97409		2.21843
	8870.00000000		2.20606		2.16649
	8875.00000000		2.17211		1.95129
	8880.00000000		1.92315		0.72190
	8885.00000000		2.08536		-1.40031
	8890.00000000		2.07277		-1.75737
	8895.00000000		2.01353		-0.74598
	8900.00000000		2.12623		-1.69878
	8905.00000000		2.08482		-1.65190
	8910.00000000		1.98359		-1.39941
	8915.00000000		2.06451		-2.79844
	8920.00000000		2.01666		2.73489
	8925.00000000		2.15717		2.18914
	8930.00000000		2.19773		2.03029
	8935.00000000		1.89517		2.03757
	8940.00000000		2.11076		1.97491
	8945.00000000		2.18196		2.11164
	8950.00000000		2.02699		2.60827
	8955.00000000		2.09871		-2.95535
	8960.00000000		2.07662		-2.40127
	8965.00000000		1.95794		-2.86798
	8970.00000000		2.15938		1.47493
	8975.00000000		2.13753		1.67529
	8980.00000000		1.90084		2.17580
	8985.00000000		2.19702		2.58985
	8990.00000000		2.27109		2.62764
	8995.00000000		1.95036		2.40245
	9000.00000000		2.08348		2.27095
	9005.00000000		2.39024		2.48396
	9010.00000000		2.08591		2.90057
	9015.00000000		1.94059		2.53644
	9020.00000000		2.39129		2.48411
	9025.00000000		2.16520		2.76191
	9030.00000000		1.87511		3.10327
	9035.00000000		2.26066		2.89850
	9040.00000000		2.30514		2.40612
	9045.00000000		2.02525		2.52547
	9050.00000000		2.00782		2.79736
	9055.00000000		2.17629		2.68985
	9060.00000000		2.25182		2.24097
	9065.00000000		2.09299		2.04730
	9070.00000000		1.93236		2.16034
	9075.00000000		2.26134		2.45872
	9080.00000000		2.26677		2.76707
	9085.00000000		1.89516		2.69769
	9090.00000000		2.14580		2.51645
	9095.00000000		2.40562		2.59018
	9100.00000000		1.99617		2.96565
	9105.00000000		1.98812		-2.91508
	9110.00000000		2.25583		3.10615
	9115.00000000		2.22487		2.74115
	9120.00000000		2.10898		2.69002
	9125.00000000		2.04193		2.90564
	9130.00000000		1.99982		2.86349
	9135.00000000		2.07071		2.54452
	9140.00000000		2.30085		2.66564
	9145.00000000		2.26023		2.84332
	9150.00000000		1.93394		2.73423
	9155.00000000		2.06432		2.25233
	9160.00000000		2.32362		1.93414
	9165.00000000		2.01002		1.92332
	9170.00000000		2.04319		2.13873
	9175.00000000		2.42749		2.27100
	9180.00000000		2.06456		2.32874
	9185.00000000		1.94081		2.23723
	9190.00000000		2.38882		2.11084
	9195.00000000		2.18801		2.14482
	9200.00000000		1.84636		2.13387
	9205.00000000		2.29310		1.97833
	9210.00000000		2.19321		1.94568
	9215.00000000		1.86128		2.05682
	9220.00000000		2.35146		2.12895
	9225.00000000		2.24677		2.20000
	9230.00000000		1.83117		2.17225
	9235.00000000		2.25627		1.88282
	9240.00000000		2.22984		1.68032
	9245.00000000		1.87551		1.56032
	9250.00000000		2.33324		1.70303
	9255.00000000		2.06536		1.79533
	9260.00000000		2.01132		1.84235
	9265.00000000		2.34625		1.84866
	9270.00000000		1.97237		1.85526
	9275.00000000		2.09410		1.84708
	9280.00000000		2.36141		1.87659
	9285.00000000		1.94518		1.95388
	9290.00000000		2.10818		1.97574
	9295.00000000		2.38345		1.91056
	9300.00000000		1.94466		1.87252
	9305.00000000		2.13433		1.68253
	9310.00000000		2.24166		1.55821
	9315.00000000		1.84567		1.69102
	9320.00000000		2.34874		1.57824
	9325.00000000		2.06067		1.63535
	9330.00000000		2.03043		1.80662
	9335.00000000		2.38014		1.83676
	9340.00000000		2.00095		1.81070
	9345.00000000		2.05431		1.76477
	9350.00000000		2.33949		1.73823
	9355.00000000		1.94794		1.72706
	9360.00000000		2.13670		1.69266
	9365.00000000		2.36274		1.58861
	9370.00000000		1.85590		1.45859
	9375.00000000		2.25432		1.57931
	9380.00000000		2.22316		1.41915
	9385.00000000		1.87307		1.69218
	9390.00000000		2.34126		1.33297
	9395.00000000		2.07713		1.65330
	9400.00000000		1.98054		1.92689
	9405.00000000		2.38381		2.01911
	9410.00000000		2.14103		2.08643
	9415.00000000		1.90535		1.84763
	9420.00000000		2.35110		1.63456
	9425.00000000		2.05351		1.49097
	9430.00000000		2.02764		1.91556
	9435.00000000		2.39181		2.23547
	9440.00000000		2.21119		2.46277
	9445.00000000		1.96675		2.68316
	9450.00000000		2.02571		2.57069
	9455.00000000		2.25752		2.21775
	9460.00000000		2.26818		1.93551
	9465.00000000		1.86323		1.87347
	9470.00000000		2.18480		2.06974
	9475.00000000		2.35467		2.28056
	9480.00000000		2.10649		2.46429
	9485.00000000		1.91331		2.52873
	9490.00000000		2.11862		2.41949
	9495.00000000		2.42579		2.25925
	9500.00000000		2.14890		2.19453
	9505.00000000		1.89855		1.72983
	9510.00000000		2.30830		1.55920
	9515.00000000		2.07515		1.68677
	9520.00000000		1.98142		1.62323
	9525.00000000		2.34882		1.63540
	9530.00000000		1.99351		1.42297
	9535.00000000		2.09161		1.68486
	9540.00000000		2.30510		1.45428
	9545.00000000		1.87869		1.65738
	9550.00000000		2.15632		2.00065
	9555.00000000		2.29603		1.87113
	9560.00000000		1.96731		1.46156
	9565.00000000		2.08415		1.18331
	9570.00000000		2.26324		1.96296
	9575.00000000		1.94042		1.81387
	9580.00000000		2.14513		1.24958
	9585.00000000		2.34626		1.03597
	9590.00000000		1.89732		2.21843
	9595.00000000		2.20416		1.13466
	9600.00000000		2.34810		1.11744
	9605.00000000		1.83552		1.40436
	9610.00000000		2.28509		1.67366
	9615.00000000		2.18322		1.06009
	9620.00000000		1.88734		1.03320
	9625.00000000		2.38541		1.24723
	9630.00000000		2.10831		1.46883
	9635.00000000		1.96224		-0.29641
	9640.00000000		2.31900		-0.04275
	9645.00000000		2.07558		0.37918
	9650.00000000		1.98013		-0.02915
	9655.00000000		2.26767		-1.20756
	9660.00000000		1.91389		-1.43707
	9665.00000000		2.20550		-0.36461
	9670.00000000		2.32413		1.21944
	9675.00000000		1.86979		1.52970
	9680.00000000		2.21296		1.29076
	9685.00000000		2.24474		1.29313
	9690.00000000		1.86220		1.57759
	9695.00000000		2.28546		1.65138
	9700.00000000		2.21472		1.36285
	9705.00000000		1.86506		1.46464
	9710.00000000		2.25642		1.33836
	9715.00000000		2.25749		1.72661
	9720.00000000		1.89460		1.72127
	9725.00000000		2.17122		1.64890
	9730.00000000		2.24057		1.57248
	9735.00000000		1.87694		1.63271
	9740.00000000		2.22279		1.79343
	9745.00000000		2.30082		1.94080
	9750.00000000		1.91347		2.09397
	9755.00000000		2.10992		1.78989
	9760.00000000		2.29312		1.45241
	9765.00000000		1.95151		1.56414
	9770.00000000		2.10604		1.99316
	9775.00000000		2.34468		2.27147
	9780.00000000		2.19507		2.63728
	9785.00000000		1.97322		3.06494
	9790.00000000		2.04787		2.65769
	9795.00000000		2.40211		2.80832
	9800.00000000		2.17611		2.55120
	9805.00000000		1.86615		2.60133
	9810.00000000		2.14591		2.58681
	9815.00000000		2.39717		2.65684
	9820.00000000		2.09960		3.03977
	9825.00000000		2.01989		-0.88702
	9830.00000000		2.22169		-1.26263
	9835.00000000		1.98435		-2.53563
	9840.00000000		2.00998		2.89400
	9845.00000000		2.16232		-2.95911
	9850.00000000		2.01783		2.71933
	9855.00000000		1.91888		2.50874
	9860.00000000		2.16745		3.07686
	9865.00000000		2.28040		-3.07199
	9870.00000000		2.10047		2.27376
	9875.00000000		1.96911		1.08645
	9880.00000000		2.07246		1.09055
	9885.00000000		2.06762		1.90138
	9890.00000000		1.95766		1.91624
	9895.00000000		2.13034		1.40063
	9900.00000000		2.23388		1.34125
	9905.00000000		1.97726		1.97079
	9910.00000000		1.99174		2.10609
	9915.00000000		2.18938		1.74826
	9920.00000000		2.12738		1.50274
	9925.00000000		1.95811		1.50148
	9930.00000000		2.12619		1.74254
	9935.00000000		2.11796		1.68074
	9940.00000000		2.00675		1.58208
	9945.00000000		2.11577		1.75586
	9950.00000000		2.17997		2.24743
	9955.00000000		2.16051		2.17663
	9960.00000000		2.07512		1.77917
	9965.00000000		2.01201		1.61640
	9970.00000000		2.08643		1.63311
	9975.00000000		2.02765		1.74540
	9980.00000000		1.95815		1.90547
	9985.00000000		2.07615		2.07150
	9990.00000000		2.05324		2.15698
	9995.00000000		2.00520		1.82900
	10000.00000000		2.06567		1.41825
