	45.00000000	5.04288		-0.8978  0.2  0.2		2.0852751579		-1.0
	90.00000000	4.58133		-0.8892  0.2  0.2		2.0852751579		-1.0
	135.00000000	4.30064		-1.02292  0.2  0.2		2.0852751579		-1.0
	180.00000000	4.17396		-1.03035  0.2  0.2		2.0852751579		-1.0
	225.00000000	4.7102		-0.84667  0.2  0.2		2.0852751579		-1.0
	270.00000000	4.58355		-0.97964  0.2  0.2		2.0852751579		-1.0
	315.00000000	4.63561		-0.5997  0.2  0.2		2.0852751579		-1.0
	360.00000000	5.09147		-0.75244  0.2  0.2		2.0852751579		-1.0
	405.00000000	5.53651		-0.8476  0.2  0.2		2.0852751579		-1.0
	450.00000000	5.35041		-0.94018  0.2  0.2		2.0852751579		-1.0
	495.00000000	5.22016		-1.08115  0.2  0.2		2.0852751579		-1.0
	540.00000000	5.54908		-1.0424  0.2  0.2		2.0852751579		-1.0
	585.00000000	5.51683		-1.13248  0.2  0.2		2.0852751579		-1.0
	630.00000000	5.61353		-1.14977  0.2  0.2		2.0852751579		-1.0
	675.00000000	6.19204		-1.02564  0.2  0.2		2.0852751579		-1.0
	720.00000000	7.21271		-0.89993  0.2  0.2		2.0852751579		-1.0
	765.00000000	6.97052		-1.04021  0.2  0.2		2.0852751579		-1.0
	810.00000000	7.42175		-1.09859  0.2  0.2		2.0852751579		-1.0
	855.00000000	6.43331		-1.02947  0.2  0.2		2.0852751579		-1.0
	900.00000000	5.94248		-1.21964  0.2  0.2		2.0852751579		-1.0
	945.00000000	4.97224		-1.20148  0.2  0.2		2.0852751579		-1.0
	990.00000000	4.39294		-1.0744  0.2  0.2		2.0852751579		-1.0
	1035.00000000	4.19883		-0.91213  0.2  0.2		2.0852751579		-1.0
	1080.00000000	4.10982		-0.80282  0.2  0.2		2.0852751579		-1.0
	1125.00000000	3.72744		-0.67788  0.2  0.2		2.0852751579		-1.0
	1170.00000000	3.6265		-0.7468  0.2  0.2		2.0852751579		-1.0
	1215.00000000	3.55837		-0.77125  0.2  0.2		2.0852751579		-1.0
	1260.00000000	4.72959		-0.61069  0.2  0.2		2.0852751579		-1.0
	1305.00000000	4.03807		-0.48618  0.2  0.2		2.0852751579		-1.0
	1350.00000000	4.138		-0.52983  0.2  0.2		2.0852751579		-1.0
	1395.00000000	4.48013		-0.44744  0.2  0.2		2.0852751579		-1.0
	1440.00000000	3.87987		-0.61484  0.2  0.2		2.0852751579		-1.0
	1485.00000000	3.50775		-0.18263  0.2  0.2		2.0852751579		-1.0
	1530.00000000	4.06793		-0.34014  0.2  0.2		2.0852751579		-1.0
	1575.00000000	3.90713		-0.29967  0.2  0.2		2.0852751579		-1.0
	1620.00000000	3.95974		-0.18539  0.2  0.2		2.0852751579		-1.0
	1665.00000000	3.74055		-0.23514  0.2  0.2		2.0852751579		-1.0
	1710.00000000	3.29797		-0.45564  0.2  0.2		2.0852751579		-1.0
	1755.00000000	3.6566		-0.39745  0.2  0.2		2.0852751579		-1.0
	1800.00000000	2.50851		-0.45328  0.2  0.2		2.0852751579		-1.0
	1845.00000000	2.03706		-0.67395  0.2  0.2		2.0852751579		-1.0
	1890.00000000	2.09879		-0.72304  0.2  0.2		2.0852751579		-1.0
	1935.00000000	2.15162		-0.74069  0.2  0.2		2.0852751579		-1.0
	1980.00000000	2.0962		-0.29141  0.2  0.2		2.0852751579		-1.0
	2025.00000000	2.03161		-1.0322  0.2  0.2		2.0852751579		-1.0
	2070.00000000	2.0338		-1.18263  0.2  0.2		2.0852751579		-1.0
	2115.00000000	2.00177		-0.75569  0.2  0.2		2.0852751579		-1.0
	2160.00000000	2.16833		-0.92441  0.2  0.2		2.0852751579		-1.0
	2205.00000000	2.16319		-1.26561  0.2  0.2		2.0852751579		-1.0
	2250.00000000	2.13		-1.2591  0.2  0.2		2.0852751579		-1.0
	2295.00000000	2.0454		-1.28465  0.2  0.2		2.0852751579		-1.0
	2340.00000000	1.9943		-1.29418  0.2  0.2		2.0852751579		-1.0
	2385.00000000	2.15115		-1.26241  0.2  0.2		2.0852751579		-1.0
	2430.00000000	1.99784		-0.73884  0.2  0.2		2.0852751579		-1.0
	2475.00000000	2.18977		-0.8766  0.2  0.2		2.0852751579		-1.0
	2520.00000000	1.96037		-0.59551  0.2  0.2		2.0852751579		-1.0
	2565.00000000	2.07701		-0.98868  0.2  0.2		2.0852751579		-1.0
	2610.00000000	2.16912		-1.09296  0.2  0.2		2.0852751579		-1.0
	2655.00000000	2.03926		-1.02254  0.2  0.2		2.0852751579		-1.0
	2700.00000000	2.0297		-1.1912  0.2  0.2		2.0852751579		-1.0
	2745.00000000	2.18723		-1.49365  0.2  0.2		2.0852751579		-1.0
	2790.00000000	1.92953		-1.32682  0.2  0.2		2.0852751579		-1.0
	2835.00000000	2.08532		-1.71766  0.2  0.2		2.0852751579		-1.0
	2880.00000000	2.18385		-1.6354  0.2  0.2		2.0852751579		-1.0
	2925.00000000	2.11997		-1.86443  0.2  0.2		2.0852751579		-1.0
	2970.00000000	2.02623		-1.5454  0.2  0.2		2.0852751579		-1.0
	3015.00000000	1.89734		-1.91965  0.2  0.2		2.0852751579		-1.0
	3060.00000000	2.00552		-2.39674  0.2  0.2		2.0852751579		-1.0
	3105.00000000	2.0198		-2.83767  0.2  0.2		2.0852751579		-1.0
	3150.00000000	2.00248		-2.99175  0.2  0.2		2.0852751579		-1.0
	3195.00000000	1.97912		3.06359  0.2  0.2		2.0852751579		-1.0
	3240.00000000	2.01698		3.05598  0.2  0.2		2.0852751579		-1.0
	3285.00000000	1.98019		2.61933  0.2  0.2		2.0852751579		-1.0
	3330.00000000	2.08316		3.02034  0.2  0.2		2.0852751579		-1.0
	3375.00000000	2.0551		3.06939  0.2  0.2		2.0852751579		-1.0
	3420.00000000	2.06778		-3.03931  0.2  0.2		2.0852751579		-1.0
	3465.00000000	2.13821		-2.94856  0.2  0.2		2.0852751579		-1.0
	3510.00000000	2.01997		2.92416  0.2  0.2		2.0852751579		-1.0
	3555.00000000	2.03918		2.81275  0.2  0.2		2.0852751579		-1.0
	3600.00000000	2.18133		2.97023  0.2  0.2		2.0852751579		-1.0
	3645.00000000	1.97639		2.73712  0.2  0.2		2.0852751579		-1.0
	3690.00000000	2.14731		2.72129  0.2  0.2		2.0852751579		-1.0
	3735.00000000	2.12277		2.75588  0.2  0.2		2.0852751579		-1.0
	3780.00000000	2.09161		-2.96867  0.2  0.2		2.0852751579		-1.0
	3825.00000000	2.03882		-2.78293  0.2  0.2		2.0852751579		-1.0
	3870.00000000	2.22422		-2.8801  0.2  0.2		2.0852751579		-1.0
	3915.00000000	2.08366		-3.10325  0.2  0.2		2.0852751579		-1.0
	3960.00000000	2.13087		-3.04446  0.2  0.2		2.0852751579		-1.0
	4005.00000000	1.97645		2.8659  0.2  0.2		2.0852751579		-1.0
	4050.00000000	2.04443		2.90696  0.2  0.2		2.0852751579		-1.0
	4095.00000000	2.29204		2.85417  0.2  0.2		2.0852751579		-1.0
	4140.00000000	2.18845		2.7089  0.2  0.2		2.0852751579		-1.0
	4185.00000000	1.96514		2.64549  0.2  0.2		2.0852751579		-1.0
	4230.00000000	2.10765		2.55175  0.2  0.2		2.0852751579		-1.0
	4275.00000000	2.02227		2.20498  0.2  0.2		2.0852751579		-1.0
	4320.00000000	1.97711		2.32139  0.2  0.2		2.0852751579		-1.0
	4365.00000000	2.13296		2.06795  0.2  0.2		2.0852751579		-1.0
	4410.00000000	2.03888		1.9677  0.2  0.2		2.0852751579		-1.0
	4455.00000000	2.0741		1.92467  0.2  0.2		2.0852751579		-1.0
	4500.00000000	2.05076		1.49875  0.2  0.2		2.0852751579		-1.0
	4545.00000000	2.11957		2.15671  0.2  0.2		2.0852751579		-1.0
	4590.00000000	2.01942		2.16133  0.2  0.2		2.0852751579		-1.0
	4635.00000000	2.12655		1.96949  0.2  0.2		2.0852751579		-1.0
	4680.00000000	2.08716		1.8517  0.2  0.2		2.0852751579		-1.0
	4725.00000000	1.97633		1.96023  0.2  0.2		2.0852751579		-1.0
	4770.00000000	1.90747		1.65999  0.2  0.2		2.0852751579		-1.0
	4815.00000000	2.14699		1.79151  0.2  0.2		2.0852751579		-1.0
	4860.00000000	2.05706		2.33504  0.2  0.2		2.0852751579		-1.0
	4905.00000000	2.11254		2.4893  0.2  0.2		2.0852751579		-1.0
	4950.00000000	2.09111		2.5287  0.2  0.2		2.0852751579		-1.0
	4995.00000000	2.14086		2.52351  0.2  0.2		2.0852751579		-1.0
	5040.00000000	2.0085		2.45439  0.2  0.2		2.0852751579		-1.0
	5085.00000000	1.96072		2.68911  0.2  0.2		2.0852751579		-1.0
	5130.00000000	2.19817		2.84091  0.2  0.2		2.0852751579		-1.0
	5175.00000000	2.11501		2.96321  0.2  0.2		2.0852751579		-1.0
	5220.00000000	1.99815		2.47926  0.2  0.2		2.0852751579		-1.0
	5265.00000000	2.1479		2.2083  0.2  0.2		2.0852751579		-1.0
	5310.00000000	2.09486		2.10115  0.2  0.2		2.0852751579		-1.0
	5355.00000000	2.04397		2.33427  0.2  0.2		2.0852751579		-1.0
	5400.00000000	2.17957		2.43036  0.2  0.2		2.0852751579		-1.0
	5445.00000000	2.20185		2.43309  0.2  0.2		2.0852751579		-1.0
	5490.00000000	1.96767		2.89361  0.2  0.2		2.0852751579		-1.0
	5535.00000000	2.14318		2.92618  0.2  0.2		2.0852751579		-1.0
	5580.00000000	2.12337		-2.96725  0.2  0.2		2.0852751579		-1.0
	5625.00000000	2.06999		-2.637  0.2  0.2		2.0852751579		-1.0
	5670.00000000	2.05453		-2.52926  0.2  0.2		2.0852751579		-1.0
	5715.00000000	2.12142		-2.54137  0.2  0.2		2.0852751579		-1.0
	5760.00000000	2.0519		-2.69808  0.2  0.2		2.0852751579		-1.0
	5805.00000000	2.10419		-2.75613  0.2  0.2		2.0852751579		-1.0
	5850.00000000	2.07091		-2.87042  0.2  0.2		2.0852751579		-1.0
	5895.00000000	2.08589		-2.89914  0.2  0.2		2.0852751579		-1.0
	5940.00000000	2.12253		-2.42893  0.2  0.2		2.0852751579		-1.0
	5985.00000000	2.05385		-2.67428  0.2  0.2		2.0852751579		-1.0
	6030.00000000	2.09288		-2.89654  0.2  0.2		2.0852751579		-1.0
	6075.00000000	1.95647		-2.886  0.2  0.2		2.0852751579		-1.0
	6120.00000000	1.91549		-3.00686  0.2  0.2		2.0852751579		-1.0
	6165.00000000	2.32233		3.00238  0.2  0.2		2.0852751579		-1.0
	6210.00000000	2.28019		-2.91316  0.2  0.2		2.0852751579		-1.0
	6255.00000000	2.17302		2.84668  0.2  0.2		2.0852751579		-1.0
	6300.00000000	1.95824		3.10455  0.2  0.2		2.0852751579		-1.0
	6345.00000000	2.3373		3.00768  0.2  0.2		2.0852751579		-1.0
	6390.00000000	1.88732		2.92901  0.2  0.2		2.0852751579		-1.0
	6435.00000000	1.96162		2.83036  0.2  0.2		2.0852751579		-1.0
	6480.00000000	2.28305		2.85137  0.2  0.2		2.0852751579		-1.0
	6525.00000000	2.17487		2.64347  0.2  0.2		2.0852751579		-1.0
	6570.00000000	1.92631		2.54475  0.2  0.2		2.0852751579		-1.0
	6615.00000000	2.22716		2.62875  0.2  0.2		2.0852751579		-1.0
	6660.00000000	2.02044		2.00277  0.2  0.2		2.0852751579		-1.0
	6705.00000000	2.22052		2.11783  0.2  0.2		2.0852751579		-1.0
	6750.00000000	2.07311		2.3516  0.2  0.2		2.0852751579		-1.0
	6795.00000000	2.33888		2.70295  0.2  0.2		2.0852751579		-1.0
	6840.00000000	2.16838		2.46809  0.2  0.2		2.0852751579		-1.0
	6885.00000000	2.14996		2.18193  0.2  0.2		2.0852751579		-1.0
	6930.00000000	2.02504		2.4067  0.2  0.2		2.0852751579		-1.0
	6975.00000000	2.05452		2.26585  0.2  0.2		2.0852751579		-1.0
	7020.00000000	2.14942		1.94153  0.2  0.2		2.0852751579		-1.0
	7065.00000000	2.15694		1.63755  0.2  0.2		2.0852751579		-1.0
	7110.00000000	2.18471		1.76271  0.2  0.2		2.0852751579		-1.0
	7155.00000000	2.00493		1.67176  0.2  0.2		2.0852751579		-1.0
	7200.00000000	2.05001		1.64586  0.2  0.2		2.0852751579		-1.0
	7245.00000000	2.08083		2.0439  0.2  0.2		2.0852751579		-1.0
	7290.00000000	1.98544		2.23362  0.2  0.2		2.0852751579		-1.0
	7335.00000000	1.99056		1.89748  0.2  0.2		2.0852751579		-1.0
	7380.00000000	1.95186		2.13471  0.2  0.2		2.0852751579		-1.0
	7425.00000000	2.13004		1.54038  0.2  0.2		2.0852751579		-1.0
	7470.00000000	1.95309		1.4556  0.2  0.2		2.0852751579		-1.0
	7515.00000000	2.15486		1.24624  0.2  0.2		2.0852751579		-1.0
	7560.00000000	2.17457		0.95043  0.2  0.2		2.0852751579		-1.0
	7605.00000000	2.11069		0.95927  0.2  0.2		2.0852751579		-1.0
	7650.00000000	2.06279		1.14044  0.2  0.2		2.0852751579		-1.0
	7695.00000000	2.04765		1.38128  0.2  0.2		2.0852751579		-1.0
	7740.00000000	2.09297		1.55186  0.2  0.2		2.0852751579		-1.0
	7785.00000000	2.04648		1.27604  0.2  0.2		2.0852751579		-1.0
	7830.00000000	2.06243		1.16252  0.2  0.2		2.0852751579		-1.0
	7875.00000000	2.16767		1.0283  0.2  0.2		2.0852751579		-1.0
	7920.00000000	1.94942		1.09088  0.2  0.2		2.0852751579		-1.0
	7965.00000000	2.02579		0.75796  0.2  0.2		2.0852751579		-1.0
	8010.00000000	1.96461		0.60361  0.2  0.2		2.0852751579		-1.0
	8055.00000000	2.09004		1.04535  0.2  0.2		2.0852751579		-1.0
	8100.00000000	1.99214		0.78117  0.2  0.2		2.0852751579		-1.0
	8145.00000000	2.08307		0.41006  0.2  0.2		2.0852751579		-1.0
	8190.00000000	2.08718		0.41161  0.2  0.2		2.0852751579		-1.0
	8235.00000000	2.01698		0.24916  0.2  0.2		2.0852751579		-1.0
	8280.00000000	2.03662		0.42207  0.2  0.2		2.0852751579		-1.0
	8325.00000000	2.12429		-0.12006  0.2  0.2		2.0852751579		-1.0
	8370.00000000	2.10977		-0.29456  0.2  0.2		2.0852751579		-1.0
	8415.00000000	2.12314		-0.26257  0.2  0.2		2.0852751579		-1.0
	8460.00000000	2.05037		-0.07356  0.2  0.2		2.0852751579		-1.0
	8505.00000000	2.0685		-0.26246  0.2  0.2		2.0852751579		-1.0
	8550.00000000	2.04177		-0.46668  0.2  0.2		2.0852751579		-1.0
	8595.00000000	2.16249		-0.46034  0.2  0.2		2.0852751579		-1.0
	8640.00000000	2.02888		-0.14992  0.2  0.2		2.0852751579		-1.0
	8685.00000000	2.13495		0.20476  0.2  0.2		2.0852751579		-1.0
	8730.00000000	2.04384		0.37257  0.2  0.2		2.0852751579		-1.0
	8775.00000000	2.11885		0.5553  0.2  0.2		2.0852751579		-1.0
	8820.00000000	2.1522		0.31769  0.2  0.2		2.0852751579		-1.0
	8865.00000000	2.02662		0.59556  0.2  0.2		2.0852751579		-1.0
	8910.00000000	2.15188		-0.11696  0.2  0.2		2.0852751579		-1.0
	8955.00000000	2.07058		0.23861  0.2  0.2		2.0852751579		-1.0
	9000.00000000	1.98463		0.35434  0.2  0.2		2.0852751579		-1.0
	9045.00000000	1.92228		-0.0529  0.2  0.2		2.0852751579		-1.0
	9090.00000000	2.11083		0.04419  0.2  0.2		2.0852751579		-1.0
	9135.00000000	2.17366		-0.02847  0.2  0.2		2.0852751579		-1.0
	9180.00000000	2.32757		0.27727  0.2  0.2		2.0852751579		-1.0
	9225.00000000	2.23157		0.1747  0.2  0.2		2.0852751579		-1.0
	9270.00000000	2.19589		0.55068  0.2  0.2		2.0852751579		-1.0
	9315.00000000	2.30553		0.52211  0.2  0.2		2.0852751579		-1.0
	9360.00000000	2.04777		0.55633  0.2  0.2		2.0852751579		-1.0
	9405.00000000	2.01643		0.61275  0.2  0.2		2.0852751579		-1.0
	9450.00000000	2.0062		0.4834  0.2  0.2		2.0852751579		-1.0
	9495.00000000	2.04175		0.6923  0.2  0.2		2.0852751579		-1.0
	9540.00000000	2.2074		0.74284  0.2  0.2		2.0852751579		-1.0
	9585.00000000	1.99373		0.70525  0.2  0.2		2.0852751579		-1.0
	9630.00000000	2.01047		1.00669  0.2  0.2		2.0852751579		-1.0
	9675.00000000	2.08073		0.84909  0.2  0.2		2.0852751579		-1.0
	9720.00000000	2.04716		0.85995  0.2  0.2		2.0852751579		-1.0
	9765.00000000	2.17744		0.83228  0.2  0.2		2.0852751579		-1.0
	9810.00000000	2.06736		0.80515  0.2  0.2		2.0852751579		-1.0
	9855.00000000	2.03245		1.00224  0.2  0.2		2.0852751579		-1.0
	9900.00000000	2.16042		1.2306  0.2  0.2		2.0852751579		-1.0
	9945.00000000	2.15607		1.03431  0.2  0.2		2.0852751579		-1.0
	9990.00000000	2.07222		0.98062  0.2  0.2		2.0852751579		-1.0
