	45.00000000	4.60912		-0.02912  0.2  0.2		2.0852751579		-1.0
	90.00000000	5.05299		-0.05025  0.2  0.2		2.0852751579		-1.0
	135.00000000	5.20011		-0.02073  0.2  0.2		2.0852751579		-1.0
	180.00000000	5.83582		0.13188  0.2  0.2		2.0852751579		-1.0
	225.00000000	5.15392		-0.15963  0.2  0.2		2.0852751579		-1.0
	270.00000000	5.22326		-0.13137  0.2  0.2		2.0852751579		-1.0
	315.00000000	5.3188		0.07907  0.2  0.2		2.0852751579		-1.0
	360.00000000	4.86629		-0.01646  0.2  0.2		2.0852751579		-1.0
	405.00000000	5.01188		-0.11905  0.2  0.2		2.0852751579		-1.0
	450.00000000	5.06535		0.15234  0.2  0.2		2.0852751579		-1.0
	495.00000000	4.75577		0.01128  0.2  0.2		2.0852751579		-1.0
	540.00000000	4.64623		0.05469  0.2  0.2		2.0852751579		-1.0
	585.00000000	4.14937		-0.05366  0.2  0.2		2.0852751579		-1.0
	630.00000000	4.40871		0.17085  0.2  0.2		2.0852751579		-1.0
	675.00000000	4.09308		-0.0718  0.2  0.2		2.0852751579		-1.0
	720.00000000	4.46588		0.06807  0.2  0.2		2.0852751579		-1.0
	765.00000000	4.09484		-0.27856  0.2  0.2		2.0852751579		-1.0
	810.00000000	4.50998		-0.36202  0.2  0.2		2.0852751579		-1.0
	855.00000000	4.62343		-0.42291  0.2  0.2		2.0852751579		-1.0
	900.00000000	3.79043		-0.33386  0.2  0.2		2.0852751579		-1.0
	945.00000000	2.94742		-0.58615  0.2  0.2		2.0852751579		-1.0
	990.00000000	3.08936		-0.57659  0.2  0.2		2.0852751579		-1.0
	1035.00000000	3.99684		-0.52689  0.2  0.2		2.0852751579		-1.0
	1080.00000000	3.84707		-0.33575  0.2  0.2		2.0852751579		-1.0
	1125.00000000	3.65686		-0.5194  0.2  0.2		2.0852751579		-1.0
	1170.00000000	3.65835		-0.49335  0.2  0.2		2.0852751579		-1.0
	1215.00000000	3.74796		-0.35217  0.2  0.2		2.0852751579		-1.0
	1260.00000000	4.4026		-0.35448  0.2  0.2		2.0852751579		-1.0
	1305.00000000	4.22336		-0.48748  0.2  0.2		2.0852751579		-1.0
	1350.00000000	3.81114		-0.36125  0.2  0.2		2.0852751579		-1.0
	1395.00000000	3.59537		-0.7896  0.2  0.2		2.0852751579		-1.0
	1440.00000000	3.37728		-0.73154  0.2  0.2		2.0852751579		-1.0
	1485.00000000	4.02094		-0.65695  0.2  0.2		2.0852751579		-1.0
	1530.00000000	3.82502		-0.67689  0.2  0.2		2.0852751579		-1.0
	1575.00000000	4.77025		-0.48595  0.2  0.2		2.0852751579		-1.0
	1620.00000000	5.00296		-0.70463  0.2  0.2		2.0852751579		-1.0
	1665.00000000	5.30137		-0.84739  0.2  0.2		2.0852751579		-1.0
	1710.00000000	5.56777		-0.61721  0.2  0.2		2.0852751579		-1.0
	1755.00000000	5.92179		-0.8357  0.2  0.2		2.0852751579		-1.0
	1800.00000000	5.67503		-0.89512  0.2  0.2		2.0852751579		-1.0
	1845.00000000	5.14867		-1.00058  0.2  0.2		2.0852751579		-1.0
	1890.00000000	4.90989		-0.99376  0.2  0.2		2.0852751579		-1.0
	1935.00000000	5.32263		-0.95105  0.2  0.2		2.0852751579		-1.0
	1980.00000000	5.28106		-0.68839  0.2  0.2		2.0852751579		-1.0
	2025.00000000	5.00307		-0.78846  0.2  0.2		2.0852751579		-1.0
	2070.00000000	4.92689		-0.71964  0.2  0.2		2.0852751579		-1.0
	2115.00000000	4.4486		-0.78717  0.2  0.2		2.0852751579		-1.0
	2160.00000000	4.73153		-0.67515  0.2  0.2		2.0852751579		-1.0
	2205.00000000	4.51227		-0.76327  0.2  0.2		2.0852751579		-1.0
	2250.00000000	4.28961		-0.90415  0.2  0.2		2.0852751579		-1.0
	2295.00000000	4.45308		-0.86208  0.2  0.2		2.0852751579		-1.0
	2340.00000000	5.26404		-0.64662  0.2  0.2		2.0852751579		-1.0
	2385.00000000	6.25817		-0.43776  0.2  0.2		2.0852751579		-1.0
	2430.00000000	5.42936		-0.5275  0.2  0.2		2.0852751579		-1.0
	2475.00000000	5.24241		-0.43264  0.2  0.2		2.0852751579		-1.0
	2520.00000000	5.90052		-0.56577  0.2  0.2		2.0852751579		-1.0
	2565.00000000	5.53122		-0.46652  0.2  0.2		2.0852751579		-1.0
	2610.00000000	5.53026		-0.44932  0.2  0.2		2.0852751579		-1.0
	2655.00000000	6.15743		-0.41848  0.2  0.2		2.0852751579		-1.0
	2700.00000000	6.29367		-0.63244  0.2  0.2		2.0852751579		-1.0
	2745.00000000	5.8765		-0.60254  0.2  0.2		2.0852751579		-1.0
	2790.00000000	4.41553		-0.48916  0.2  0.2		2.0852751579		-1.0
	2835.00000000	4.41132		-0.60033  0.2  0.2		2.0852751579		-1.0
	2880.00000000	4.20046		-0.45946  0.2  0.2		2.0852751579		-1.0
	2925.00000000	4.25799		-0.48714  0.2  0.2		2.0852751579		-1.0
	2970.00000000	4.30046		-0.48598  0.2  0.2		2.0852751579		-1.0
	3015.00000000	3.61186		-0.29217  0.2  0.2		2.0852751579		-1.0
	3060.00000000	2.91903		-0.48826  0.2  0.2		2.0852751579		-1.0
	3105.00000000	2.17813		-0.55597  0.2  0.2		2.0852751579		-1.0
	3150.00000000	2.11503		-0.90254  0.2  0.2		2.0852751579		-1.0
	3195.00000000	2.07113		-1.0496  0.2  0.2		2.0852751579		-1.0
	3240.00000000	2.05256		-0.585  0.2  0.2		2.0852751579		-1.0
	3285.00000000	2.00412		-0.46541  0.2  0.2		2.0852751579		-1.0
	3330.00000000	2.00309		-0.77527  0.2  0.2		2.0852751579		-1.0
	3375.00000000	2.1301		-0.79978  0.2  0.2		2.0852751579		-1.0
	3420.00000000	2.02396		-0.5915  0.2  0.2		2.0852751579		-1.0
	3465.00000000	2.10451		-0.285  0.2  0.2		2.0852751579		-1.0
	3510.00000000	2.08002		-0.74785  0.2  0.2		2.0852751579		-1.0
	3555.00000000	2.04349		-1.02976  0.2  0.2		2.0852751579		-1.0
	3600.00000000	2.07563		-1.18309  0.2  0.2		2.0852751579		-1.0
	3645.00000000	2.17426		-1.183  0.2  0.2		2.0852751579		-1.0
	3690.00000000	1.93858		-1.24079  0.2  0.2		2.0852751579		-1.0
	3735.00000000	2.09165		-1.17087  0.2  0.2		2.0852751579		-1.0
	3780.00000000	2.14152		-1.21481  0.2  0.2		2.0852751579		-1.0
	3825.00000000	2.08802		-0.86586  0.2  0.2		2.0852751579		-1.0
	3870.00000000	2.03555		-0.43171  0.2  0.2		2.0852751579		-1.0
	3915.00000000	1.9919		-0.61705  0.2  0.2		2.0852751579		-1.0
	3960.00000000	1.97863		-0.88064  0.2  0.2		2.0852751579		-1.0
	4005.00000000	2.03837		-0.75049  0.2  0.2		2.0852751579		-1.0
	4050.00000000	2.00321		-0.23104  0.2  0.2		2.0852751579		-1.0
	4095.00000000	1.94179		-0.18447  0.2  0.2		2.0852751579		-1.0
	4140.00000000	2.28348		-0.6403  0.2  0.2		2.0852751579		-1.0
	4185.00000000	2.00074		-0.09941  0.2  0.2		2.0852751579		-1.0
	4230.00000000	2.05037		-0.42772  0.2  0.2		2.0852751579		-1.0
	4275.00000000	2.16271		-0.2942  0.2  0.2		2.0852751579		-1.0
	4320.00000000	2.20058		-0.11228  0.2  0.2		2.0852751579		-1.0
	4365.00000000	2.08902		0.15807  0.2  0.2		2.0852751579		-1.0
	4410.00000000	1.99177		0.24394  0.2  0.2		2.0852751579		-1.0
	4455.00000000	2.01596		0.05405  0.2  0.2		2.0852751579		-1.0
	4500.00000000	2.10001		0.48317  0.2  0.2		2.0852751579		-1.0
	4545.00000000	2.20182		0.4283  0.2  0.2		2.0852751579		-1.0
	4590.00000000	2.06997		0.69398  0.2  0.2		2.0852751579		-1.0
	4635.00000000	2.04778		1.1828  0.2  0.2		2.0852751579		-1.0
	4680.00000000	2.03835		1.0657  0.2  0.2		2.0852751579		-1.0
	4725.00000000	2.04154		1.35624  0.2  0.2		2.0852751579		-1.0
	4770.00000000	1.90627		1.35966  0.2  0.2		2.0852751579		-1.0
	4815.00000000	2.04667		1.10629  0.2  0.2		2.0852751579		-1.0
	4860.00000000	2.12805		0.66027  0.2  0.2		2.0852751579		-1.0
	4905.00000000	2.21612		0.90843  0.2  0.2		2.0852751579		-1.0
	4950.00000000	2.18592		0.78945  0.2  0.2		2.0852751579		-1.0
	4995.00000000	1.95823		0.55456  0.2  0.2		2.0852751579		-1.0
	5040.00000000	2.03391		0.95646  0.2  0.2		2.0852751579		-1.0
	5085.00000000	2.20926		0.70045  0.2  0.2		2.0852751579		-1.0
	5130.00000000	1.95137		0.33207  0.2  0.2		2.0852751579		-1.0
	5175.00000000	2.144		0.39267  0.2  0.2		2.0852751579		-1.0
	5220.00000000	2.03861		0.50969  0.2  0.2		2.0852751579		-1.0
	5265.00000000	2.22224		0.39551  0.2  0.2		2.0852751579		-1.0
	5310.00000000	1.96834		0.7423  0.2  0.2		2.0852751579		-1.0
	5355.00000000	2.07513		0.9484  0.2  0.2		2.0852751579		-1.0
	5400.00000000	1.97928		0.88721  0.2  0.2		2.0852751579		-1.0
	5445.00000000	2.09481		0.89543  0.2  0.2		2.0852751579		-1.0
	5490.00000000	2.13038		1.19445  0.2  0.2		2.0852751579		-1.0
	5535.00000000	2.18962		1.01365  0.2  0.2		2.0852751579		-1.0
	5580.00000000	2.01059		1.26763  0.2  0.2		2.0852751579		-1.0
	5625.00000000	1.94545		0.88294  0.2  0.2		2.0852751579		-1.0
	5670.00000000	1.9359		0.61096  0.2  0.2		2.0852751579		-1.0
	5715.00000000	2.01135		0.47211  0.2  0.2		2.0852751579		-1.0
	5760.00000000	1.99322		0.98241  0.2  0.2		2.0852751579		-1.0
	5805.00000000	2.00421		0.45252  0.2  0.2		2.0852751579		-1.0
	5850.00000000	2.06449		0.72076  0.2  0.2		2.0852751579		-1.0
	5895.00000000	2.11445		0.55032  0.2  0.2		2.0852751579		-1.0
	5940.00000000	2.21571		0.72091  0.2  0.2		2.0852751579		-1.0
	5985.00000000	2.13358		0.99467  0.2  0.2		2.0852751579		-1.0
	6030.00000000	2.07374		1.02741  0.2  0.2		2.0852751579		-1.0
	6075.00000000	2.1857		1.05018  0.2  0.2		2.0852751579		-1.0
	6120.00000000	2.26383		0.31147  0.2  0.2		2.0852751579		-1.0
	6165.00000000	1.98052		0.6273  0.2  0.2		2.0852751579		-1.0
	6210.00000000	1.88708		0.45277  0.2  0.2		2.0852751579		-1.0
	6255.00000000	1.99344		0.03578  0.2  0.2		2.0852751579		-1.0
	6300.00000000	1.95791		0.10211  0.2  0.2		2.0852751579		-1.0
	6345.00000000	2.04291		-0.035  0.2  0.2		2.0852751579		-1.0
	6390.00000000	1.97495		-0.02313  0.2  0.2		2.0852751579		-1.0
	6435.00000000	2.05148		0.14446  0.2  0.2		2.0852751579		-1.0
	6480.00000000	2.12644		0.21672  0.2  0.2		2.0852751579		-1.0
	6525.00000000	2.10464		-0.27213  0.2  0.2		2.0852751579		-1.0
	6570.00000000	2.05039		-0.48868  0.2  0.2		2.0852751579		-1.0
	6615.00000000	2.15218		-0.54133  0.2  0.2		2.0852751579		-1.0
	6660.00000000	2.0623		-0.90157  0.2  0.2		2.0852751579		-1.0
	6705.00000000	2.02392		-1.28087  0.2  0.2		2.0852751579		-1.0
	6750.00000000	2.12825		-1.23901  0.2  0.2		2.0852751579		-1.0
	6795.00000000	2.17488		-1.62997  0.2  0.2		2.0852751579		-1.0
	6840.00000000	2.14751		-1.91429  0.2  0.2		2.0852751579		-1.0
	6885.00000000	2.24813		-1.66532  0.2  0.2		2.0852751579		-1.0
	6930.00000000	2.18614		-1.76836  0.2  0.2		2.0852751579		-1.0
	6975.00000000	2.05059		-1.8197  0.2  0.2		2.0852751579		-1.0
	7020.00000000	2.07453		-2.0284  0.2  0.2		2.0852751579		-1.0
	7065.00000000	2.08477		-2.44986  0.2  0.2		2.0852751579		-1.0
	7110.00000000	2.06047		-2.75644  0.2  0.2		2.0852751579		-1.0
	7155.00000000	2.08479		-3.03236  0.2  0.2		2.0852751579		-1.0
	7200.00000000	2.10169		2.96316  0.2  0.2		2.0852751579		-1.0
	7245.00000000	2.15271		2.93873  0.2  0.2		2.0852751579		-1.0
	7290.00000000	2.13571		2.87384  0.2  0.2		2.0852751579		-1.0
	7335.00000000	2.04613		3.13503  0.2  0.2		2.0852751579		-1.0
	7380.00000000	2.0317		-2.92691  0.2  0.2		2.0852751579		-1.0
	7425.00000000	2.11008		2.8799  0.2  0.2		2.0852751579		-1.0
	7470.00000000	2.13902		2.72956  0.2  0.2		2.0852751579		-1.0
	7515.00000000	2.13101		2.442  0.2  0.2		2.0852751579		-1.0
	7560.00000000	2.1464		2.39251  0.2  0.2		2.0852751579		-1.0
	7605.00000000	2.02936		2.27698  0.2  0.2		2.0852751579		-1.0
	7650.00000000	2.02871		2.64688  0.2  0.2		2.0852751579		-1.0
	7695.00000000	2.05407		3.03818  0.2  0.2		2.0852751579		-1.0
	7740.00000000	2.07689		2.74516  0.2  0.2		2.0852751579		-1.0
	7785.00000000	2.09552		2.7448  0.2  0.2		2.0852751579		-1.0
	7830.00000000	1.99478		2.6985  0.2  0.2		2.0852751579		-1.0
	7875.00000000	2.17343		3.02253  0.2  0.2		2.0852751579		-1.0
	7920.00000000	2.14475		-3.02944  0.2  0.2		2.0852751579		-1.0
	7965.00000000	2.06063		-2.9744  0.2  0.2		2.0852751579		-1.0
	8010.00000000	2.08006		2.98922  0.2  0.2		2.0852751579		-1.0
	8055.00000000	1.98053		2.43672  0.2  0.2		2.0852751579		-1.0
	8100.00000000	2.23381		2.55151  0.2  0.2		2.0852751579		-1.0
	8145.00000000	2.26536		3.13577  0.2  0.2		2.0852751579		-1.0
	8190.00000000	2.13136		3.05411  0.2  0.2		2.0852751579		-1.0
	8235.00000000	2.02604		2.32522  0.2  0.2		2.0852751579		-1.0
	8280.00000000	2.05359		2.69664  0.2  0.2		2.0852751579		-1.0
	8325.00000000	2.14767		2.74586  0.2  0.2		2.0852751579		-1.0
	8370.00000000	2.12191		2.4834  0.2  0.2		2.0852751579		-1.0
	8415.00000000	2.20169		2.7151  0.2  0.2		2.0852751579		-1.0
	8460.00000000	1.9153		2.57402  0.2  0.2		2.0852751579		-1.0
	8505.00000000	1.96911		2.67241  0.2  0.2		2.0852751579		-1.0
	8550.00000000	1.96745		2.07804  0.2  0.2		2.0852751579		-1.0
	8595.00000000	2.03728		2.04683  0.2  0.2		2.0852751579		-1.0
	8640.00000000	2.17031		1.67776  0.2  0.2		2.0852751579		-1.0
	8685.00000000	2.14597		1.86511  0.2  0.2		2.0852751579		-1.0
	8730.00000000	2.05392		1.71197  0.2  0.2		2.0852751579		-1.0
	8775.00000000	2.04904		1.56694  0.2  0.2		2.0852751579		-1.0
	8820.00000000	2.18522		1.71092  0.2  0.2		2.0852751579		-1.0
	8865.00000000	1.92674		1.64637  0.2  0.2		2.0852751579		-1.0
	8910.00000000	2.28313		1.72685  0.2  0.2		2.0852751579		-1.0
	8955.00000000	1.95007		1.57693  0.2  0.2		2.0852751579		-1.0
	9000.00000000	2.17121		1.82513  0.2  0.2		2.0852751579		-1.0
	9045.00000000	2.03615		1.73446  0.2  0.2		2.0852751579		-1.0
	9090.00000000	2.00355		1.58791  0.2  0.2		2.0852751579		-1.0
	9135.00000000	2.05478		1.6342  0.2  0.2		2.0852751579		-1.0
	9180.00000000	2.08864		2.03227  0.2  0.2		2.0852751579		-1.0
	9225.00000000	2.22663		2.259  0.2  0.2		2.0852751579		-1.0
	9270.00000000	2.06643		2.24946  0.2  0.2		2.0852751579		-1.0
	9315.00000000	2.27717		2.38581  0.2  0.2		2.0852751579		-1.0
	9360.00000000	2.03546		2.1946  0.2  0.2		2.0852751579		-1.0
	9405.00000000	2.02434		2.20147  0.2  0.2		2.0852751579		-1.0
	9450.00000000	1.96959		2.02732  0.2  0.2		2.0852751579		-1.0
	9495.00000000	2.07362		1.89405  0.2  0.2		2.0852751579		-1.0
	9540.00000000	2.26074		1.96772  0.2  0.2		2.0852751579		-1.0
	9585.00000000	2.10151		2.21243  0.2  0.2		2.0852751579		-1.0
	9630.00000000	1.98039		1.88579  0.2  0.2		2.0852751579		-1.0
	9675.00000000	2.10513		2.05204  0.2  0.2		2.0852751579		-1.0
	9720.00000000	2.0299		1.70514  0.2  0.2		2.0852751579		-1.0
	9765.00000000	1.87316		1.50602  0.2  0.2		2.0852751579		-1.0
	9810.00000000	2.07739		1.49851  0.2  0.2		2.0852751579		-1.0
	9855.00000000	2.10278		1.359  0.2  0.2		2.0852751579		-1.0
	9900.00000000	1.979		1.55054  0.2  0.2		2.0852751579		-1.0
	9945.00000000	2.16032		1.4706  0.2  0.2		2.0852751579		-1.0
	9990.00000000	2.1447		1.33167  0.2  0.2		2.0852751579		-1.0
