	45.00000000	5.4718		-0.41268  0.2  0.2		2.0852751579		-1.0
	90.00000000	4.89149		-0.53557  0.2  0.2		2.0852751579		-1.0
	135.00000000	5.16649		-0.48562  0.2  0.2		2.0852751579		-1.0
	180.00000000	4.40293		-0.51173  0.2  0.2		2.0852751579		-1.0
	225.00000000	5.21925		-0.45753  0.2  0.2		2.0852751579		-1.0
	270.00000000	4.90422		-0.43721  0.2  0.2		2.0852751579		-1.0
	315.00000000	4.43194		-0.49494  0.2  0.2		2.0852751579		-1.0
	360.00000000	4.66581		-0.60436  0.2  0.2		2.0852751579		-1.0
	405.00000000	3.73974		-0.67205  0.2  0.2		2.0852751579		-1.0
	450.00000000	3.93486		-0.51904  0.2  0.2		2.0852751579		-1.0
	495.00000000	3.55583		-0.854  0.2  0.2		2.0852751579		-1.0
	540.00000000	3.62723		-0.80235  0.2  0.2		2.0852751579		-1.0
	585.00000000	4.56086		-0.30523  0.2  0.2		2.0852751579		-1.0
	630.00000000	4.43624		-0.16924  0.2  0.2		2.0852751579		-1.0
	675.00000000	4.88732		-0.15162  0.2  0.2		2.0852751579		-1.0
	720.00000000	5.43747		-0.17655  0.2  0.2		2.0852751579		-1.0
	765.00000000	5.15842		0.13295  0.2  0.2		2.0852751579		-1.0
	810.00000000	4.20929		0.13663  0.2  0.2		2.0852751579		-1.0
	855.00000000	4.50939		0.21912  0.2  0.2		2.0852751579		-1.0
	900.00000000	4.72006		0.37143  0.2  0.2		2.0852751579		-1.0
	945.00000000	4.36323		0.26379  0.2  0.2		2.0852751579		-1.0
	990.00000000	4.97607		0.20866  0.2  0.2		2.0852751579		-1.0
	1035.00000000	5.07727		0.17697  0.2  0.2		2.0852751579		-1.0
	1080.00000000	4.86164		0.52449  0.2  0.2		2.0852751579		-1.0
	1125.00000000	5.66735		0.69882  0.2  0.2		2.0852751579		-1.0
	1170.00000000	5.25185		0.59755  0.2  0.2		2.0852751579		-1.0
	1215.00000000	5.19745		0.53141  0.2  0.2		2.0852751579		-1.0
	1260.00000000	5.27509		0.11279  0.2  0.2		2.0852751579		-1.0
	1305.00000000	5.74564		0.07295  0.2  0.2		2.0852751579		-1.0
	1350.00000000	5.48038		0.19898  0.2  0.2		2.0852751579		-1.0
	1395.00000000	4.86346		0.40993  0.2  0.2		2.0852751579		-1.0
	1440.00000000	5.79859		0.51872  0.2  0.2		2.0852751579		-1.0
	1485.00000000	5.87709		0.49362  0.2  0.2		2.0852751579		-1.0
	1530.00000000	5.4997		0.33305  0.2  0.2		2.0852751579		-1.0
	1575.00000000	5.182		0.40132  0.2  0.2		2.0852751579		-1.0
	1620.00000000	6.24319		0.35896  0.2  0.2		2.0852751579		-1.0
	1665.00000000	5.69137		0.19422  0.2  0.2		2.0852751579		-1.0
	1710.00000000	5.97849		-0.15585  0.2  0.2		2.0852751579		-1.0
	1755.00000000	6.21733		-0.12272  0.2  0.2		2.0852751579		-1.0
	1800.00000000	6.55693		-0.30131  0.2  0.2		2.0852751579		-1.0
	1845.00000000	5.7457		-0.33  0.2  0.2		2.0852751579		-1.0
	1890.00000000	6.04153		-0.58415  0.2  0.2		2.0852751579		-1.0
	1935.00000000	6.41019		-0.30273  0.2  0.2		2.0852751579		-1.0
	1980.00000000	6.74607		0.21546  0.2  0.2		2.0852751579		-1.0
	2025.00000000	6.53951		0.42108  0.2  0.2		2.0852751579		-1.0
	2070.00000000	5.92887		0.32456  0.2  0.2		2.0852751579		-1.0
	2115.00000000	6.10308		0.14258  0.2  0.2		2.0852751579		-1.0
	2160.00000000	5.6016		-0.09475  0.2  0.2		2.0852751579		-1.0
	2205.00000000	5.4048		0.08641  0.2  0.2		2.0852751579		-1.0
	2250.00000000	5.71246		0.22462  0.2  0.2		2.0852751579		-1.0
	2295.00000000	5.5023		0.2909  0.2  0.2		2.0852751579		-1.0
	2340.00000000	5.95113		-0.04167  0.2  0.2		2.0852751579		-1.0
	2385.00000000	6.38484		-0.04814  0.2  0.2		2.0852751579		-1.0
	2430.00000000	5.44766		-0.08712  0.2  0.2		2.0852751579		-1.0
	2475.00000000	4.52248		0.14444  0.2  0.2		2.0852751579		-1.0
	2520.00000000	4.70342		0.21703  0.2  0.2		2.0852751579		-1.0
	2565.00000000	4.61287		0.07333  0.2  0.2		2.0852751579		-1.0
	2610.00000000	5.03901		-0.20637  0.2  0.2		2.0852751579		-1.0
	2655.00000000	4.68142		-0.20457  0.2  0.2		2.0852751579		-1.0
	2700.00000000	3.67961		-0.17162  0.2  0.2		2.0852751579		-1.0
	2745.00000000	3.64693		0.29892  0.2  0.2		2.0852751579		-1.0
	2790.00000000	4.12492		0.41864  0.2  0.2		2.0852751579		-1.0
	2835.00000000	4.67418		0.37035  0.2  0.2		2.0852751579		-1.0
	2880.00000000	4.20291		0.34703  0.2  0.2		2.0852751579		-1.0
	2925.00000000	3.57439		0.55559  0.2  0.2		2.0852751579		-1.0
	2970.00000000	4.47814		0.43399  0.2  0.2		2.0852751579		-1.0
	3015.00000000	4.25749		0.53194  0.2  0.2		2.0852751579		-1.0
	3060.00000000	4.53125		0.85317  0.2  0.2		2.0852751579		-1.0
	3105.00000000	3.92719		0.49985  0.2  0.2		2.0852751579		-1.0
	3150.00000000	3.9482		-0.01113  0.2  0.2		2.0852751579		-1.0
	3195.00000000	4.23121		0.13734  0.2  0.2		2.0852751579		-1.0
	3240.00000000	4.28995		-0.12289  0.2  0.2		2.0852751579		-1.0
	3285.00000000	5.66848		-0.29141  0.2  0.2		2.0852751579		-1.0
	3330.00000000	4.95441		-0.35628  0.2  0.2		2.0852751579		-1.0
	3375.00000000	4.72328		-0.29584  0.2  0.2		2.0852751579		-1.0
	3420.00000000	4.07193		-0.24316  0.2  0.2		2.0852751579		-1.0
	3465.00000000	3.96088		-0.18879  0.2  0.2		2.0852751579		-1.0
	3510.00000000	4.2331		-0.18239  0.2  0.2		2.0852751579		-1.0
	3555.00000000	4.29547		-0.26143  0.2  0.2		2.0852751579		-1.0
	3600.00000000	4.46066		-0.14829  0.2  0.2		2.0852751579		-1.0
	3645.00000000	4.9759		0.14362  0.2  0.2		2.0852751579		-1.0
	3690.00000000	5.21054		-0.11089  0.2  0.2		2.0852751579		-1.0
	3735.00000000	4.74278		-0.11941  0.2  0.2		2.0852751579		-1.0
	3780.00000000	5.00875		0.22712  0.2  0.2		2.0852751579		-1.0
	3825.00000000	4.45363		0.35548  0.2  0.2		2.0852751579		-1.0
	3870.00000000	3.90702		0.50848  0.2  0.2		2.0852751579		-1.0
	3915.00000000	4.05127		0.30951  0.2  0.2		2.0852751579		-1.0
	3960.00000000	3.68087		0.03978  0.2  0.2		2.0852751579		-1.0
	4005.00000000	3.9861		-0.05504  0.2  0.2		2.0852751579		-1.0
	4050.00000000	3.92863		0.35034  0.2  0.2		2.0852751579		-1.0
	4095.00000000	5.07453		0.69034  0.2  0.2		2.0852751579		-1.0
	4140.00000000	5.28341		0.8857  0.2  0.2		2.0852751579		-1.0
	4185.00000000	5.38598		1.1677  0.2  0.2		2.0852751579		-1.0
	4230.00000000	4.89431		1.20617  0.2  0.2		2.0852751579		-1.0
	4275.00000000	5.51957		1.21085  0.2  0.2		2.0852751579		-1.0
	4320.00000000	5.52747		1.30988  0.2  0.2		2.0852751579		-1.0
	4365.00000000	6.1479		1.17985  0.2  0.2		2.0852751579		-1.0
	4410.00000000	5.91903		1.36767  0.2  0.2		2.0852751579		-1.0
	4455.00000000	6.29357		1.25382  0.2  0.2		2.0852751579		-1.0
	4500.00000000	6.6352		1.24387  0.2  0.2		2.0852751579		-1.0
	4545.00000000	6.14621		1.23087  0.2  0.2		2.0852751579		-1.0
	4590.00000000	6.78611		1.06818  0.2  0.2		2.0852751579		-1.0
	4635.00000000	5.73013		1.0813  0.2  0.2		2.0852751579		-1.0
	4680.00000000	5.80754		1.37604  0.2  0.2		2.0852751579		-1.0
	4725.00000000	5.99709		1.26946  0.2  0.2		2.0852751579		-1.0
	4770.00000000	5.87377		1.16647  0.2  0.2		2.0852751579		-1.0
	4815.00000000	5.33789		1.41563  0.2  0.2		2.0852751579		-1.0
	4860.00000000	6.20193		1.19181  0.2  0.2		2.0852751579		-1.0
	4905.00000000	6.61825		1.14954  0.2  0.2		2.0852751579		-1.0
	4950.00000000	6.52153		1.09182  0.2  0.2		2.0852751579		-1.0
	4995.00000000	6.13609		1.10748  0.2  0.2		2.0852751579		-1.0
	5040.00000000	6.2836		1.32379  0.2  0.2		2.0852751579		-1.0
	5085.00000000	6.12048		1.30345  0.2  0.2		2.0852751579		-1.0
	5130.00000000	5.67806		1.17081  0.2  0.2		2.0852751579		-1.0
	5175.00000000	5.68465		1.18748  0.2  0.2		2.0852751579		-1.0
	5220.00000000	5.32509		1.20652  0.2  0.2		2.0852751579		-1.0
	5265.00000000	5.1088		1.12631  0.2  0.2		2.0852751579		-1.0
	5310.00000000	4.35085		1.09683  0.2  0.2		2.0852751579		-1.0
	5355.00000000	4.47096		1.01122  0.2  0.2		2.0852751579		-1.0
	5400.00000000	4.37076		1.11144  0.2  0.2		2.0852751579		-1.0
	5445.00000000	4.13619		1.05732  0.2  0.2		2.0852751579		-1.0
	5490.00000000	4.28244		1.02434  0.2  0.2		2.0852751579		-1.0
	5535.00000000	4.98245		0.98877  0.2  0.2		2.0852751579		-1.0
	5580.00000000	4.8033		0.90573  0.2  0.2		2.0852751579		-1.0
	5625.00000000	5.96038		0.76051  0.2  0.2		2.0852751579		-1.0
	5670.00000000	6.57091		0.82746  0.2  0.2		2.0852751579		-1.0
	5715.00000000	7.27914		0.97048  0.2  0.2		2.0852751579		-1.0
	5760.00000000	7.59514		0.908  0.2  0.2		2.0852751579		-1.0
	5805.00000000	7.75367		0.90873  0.2  0.2		2.0852751579		-1.0
	5850.00000000	7.27679		1.00981  0.2  0.2		2.0852751579		-1.0
	5895.00000000	7.04169		1.02799  0.2  0.2		2.0852751579		-1.0
	5940.00000000	7.34129		0.82095  0.2  0.2		2.0852751579		-1.0
	5985.00000000	7.15259		0.78727  0.2  0.2		2.0852751579		-1.0
	6030.00000000	6.7622		0.81499  0.2  0.2		2.0852751579		-1.0
	6075.00000000	7.09785		0.65584  0.2  0.2		2.0852751579		-1.0
	6120.00000000	6.55946		0.97485  0.2  0.2		2.0852751579		-1.0
	6165.00000000	5.48177		0.95885  0.2  0.2		2.0852751579		-1.0
	6210.00000000	5.82138		1.02384  0.2  0.2		2.0852751579		-1.0
	6255.00000000	4.76643		1.13107  0.2  0.2		2.0852751579		-1.0
	6300.00000000	4.35367		1.32772  0.2  0.2		2.0852751579		-1.0
	6345.00000000	3.74351		0.90085  0.2  0.2		2.0852751579		-1.0
	6390.00000000	4.02246		1.15351  0.2  0.2		2.0852751579		-1.0
	6435.00000000	4.03579		1.11728  0.2  0.2		2.0852751579		-1.0
	6480.00000000	3.87649		0.97505  0.2  0.2		2.0852751579		-1.0
	6525.00000000	4.09814		1.14314  0.2  0.2		2.0852751579		-1.0
	6570.00000000	3.82619		1.33161  0.2  0.2		2.0852751579		-1.0
	6615.00000000	3.37656		1.10879  0.2  0.2		2.0852751579		-1.0
	6660.00000000	3.50703		1.02003  0.2  0.2		2.0852751579		-1.0
	6705.00000000	3.92284		1.16318  0.2  0.2		2.0852751579		-1.0
	6750.00000000	3.0795		0.97765  0.2  0.2		2.0852751579		-1.0
	6795.00000000	2.13553		0.90065  0.2  0.2		2.0852751579		-1.0
	6840.00000000	2.16893		1.02576  0.2  0.2		2.0852751579		-1.0
	6885.00000000	2.24854		1.1929  0.2  0.2		2.0852751579		-1.0
	6930.00000000	2.20872		1.01697  0.2  0.2		2.0852751579		-1.0
	6975.00000000	2.07124		1.22886  0.2  0.2		2.0852751579		-1.0
	7020.00000000	2.12091		1.47489  0.2  0.2		2.0852751579		-1.0
	7065.00000000	2.10195		1.03406  0.2  0.2		2.0852751579		-1.0
	7110.00000000	1.94799		1.1314  0.2  0.2		2.0852751579		-1.0
	7155.00000000	2.10304		1.37715  0.2  0.2		2.0852751579		-1.0
	7200.00000000	2.16833		1.56242  0.2  0.2		2.0852751579		-1.0
	7245.00000000	1.97805		1.32889  0.2  0.2		2.0852751579		-1.0
	7290.00000000	2.05442		1.73952  0.2  0.2		2.0852751579		-1.0
	7335.00000000	2.06378		1.50457  0.2  0.2		2.0852751579		-1.0
	7380.00000000	2.10022		2.01483  0.2  0.2		2.0852751579		-1.0
	7425.00000000	2.04762		1.66737  0.2  0.2		2.0852751579		-1.0
	7470.00000000	2.00637		1.46696  0.2  0.2		2.0852751579		-1.0
	7515.00000000	2.10902		1.73397  0.2  0.2		2.0852751579		-1.0
	7560.00000000	2.04282		1.8722  0.2  0.2		2.0852751579		-1.0
	7605.00000000	2.04975		1.50423  0.2  0.2		2.0852751579		-1.0
	7650.00000000	2.10789		1.53459  0.2  0.2		2.0852751579		-1.0
	7695.00000000	2.03092		1.76398  0.2  0.2		2.0852751579		-1.0
	7740.00000000	2.11634		1.61075  0.2  0.2		2.0852751579		-1.0
	7785.00000000	2.14409		1.32588  0.2  0.2		2.0852751579		-1.0
	7830.00000000	2.01351		1.11145  0.2  0.2		2.0852751579		-1.0
	7875.00000000	2.04056		0.97057  0.2  0.2		2.0852751579		-1.0
	7920.00000000	1.96541		0.81441  0.2  0.2		2.0852751579		-1.0
	7965.00000000	2.09071		0.81929  0.2  0.2		2.0852751579		-1.0
	8010.00000000	1.98369		0.80624  0.2  0.2		2.0852751579		-1.0
	8055.00000000	2.10531		0.56883  0.2  0.2		2.0852751579		-1.0
	8100.00000000	2.25108		0.35534  0.2  0.2		2.0852751579		-1.0
	8145.00000000	2.02901		0.51637  0.2  0.2		2.0852751579		-1.0
	8190.00000000	1.96295		0.30484  0.2  0.2		2.0852751579		-1.0
	8235.00000000	2.11549		0.35449  0.2  0.2		2.0852751579		-1.0
	8280.00000000	2.11305		0.59642  0.2  0.2		2.0852751579		-1.0
	8325.00000000	1.96526		0.40408  0.2  0.2		2.0852751579		-1.0
	8370.00000000	1.98212		0.84613  0.2  0.2		2.0852751579		-1.0
	8415.00000000	2.02618		0.55947  0.2  0.2		2.0852751579		-1.0
	8460.00000000	1.979		0.52489  0.2  0.2		2.0852751579		-1.0
	8505.00000000	2.00754		0.28869  0.2  0.2		2.0852751579		-1.0
	8550.00000000	2.16267		0.16744  0.2  0.2		2.0852751579		-1.0
	8595.00000000	2.16998		0.08761  0.2  0.2		2.0852751579		-1.0
	8640.00000000	1.91459		0.19826  0.2  0.2		2.0852751579		-1.0
	8685.00000000	2.19278		0.21705  0.2  0.2		2.0852751579		-1.0
	8730.00000000	2.06341		-0.25331  0.2  0.2		2.0852751579		-1.0
	8775.00000000	2.08455		-0.36596  0.2  0.2		2.0852751579		-1.0
	8820.00000000	2.05398		-0.63738  0.2  0.2		2.0852751579		-1.0
	8865.00000000	2.07205		-0.86773  0.2  0.2		2.0852751579		-1.0
	8910.00000000	2.0068		-0.97948  0.2  0.2		2.0852751579		-1.0
	8955.00000000	2.02069		-0.63685  0.2  0.2		2.0852751579		-1.0
	9000.00000000	2.21326		-0.90337  0.2  0.2		2.0852751579		-1.0
	9045.00000000	1.96406		-0.86288  0.2  0.2		2.0852751579		-1.0
	9090.00000000	2.10615		-0.29787  0.2  0.2		2.0852751579		-1.0
	9135.00000000	2.10471		-0.74345  0.2  0.2		2.0852751579		-1.0
	9180.00000000	2.03432		-0.77827  0.2  0.2		2.0852751579		-1.0
	9225.00000000	2.08297		-0.52979  0.2  0.2		2.0852751579		-1.0
	9270.00000000	2.02195		-0.70312  0.2  0.2		2.0852751579		-1.0
	9315.00000000	2.26023		-0.07255  0.2  0.2		2.0852751579		-1.0
	9360.00000000	2.09884		-0.73758  0.2  0.2		2.0852751579		-1.0
	9405.00000000	2.08052		-0.85158  0.2  0.2		2.0852751579		-1.0
	9450.00000000	2.00203		-0.76335  0.2  0.2		2.0852751579		-1.0
	9495.00000000	2.08488		-0.36161  0.2  0.2		2.0852751579		-1.0
	9540.00000000	2.09757		-0.61223  0.2  0.2		2.0852751579		-1.0
	9585.00000000	2.22291		-0.71214  0.2  0.2		2.0852751579		-1.0
	9630.00000000	2.0868		-1.05531  0.2  0.2		2.0852751579		-1.0
	9675.00000000	2.05288		-1.25566  0.2  0.2		2.0852751579		-1.0
	9720.00000000	2.03613		-1.20071  0.2  0.2		2.0852751579		-1.0
	9765.00000000	2.01141		-1.37413  0.2  0.2		2.0852751579		-1.0
	9810.00000000	2.19795		-1.38276  0.2  0.2		2.0852751579		-1.0
	9855.00000000	2.10011		-1.11818  0.2  0.2		2.0852751579		-1.0
	9900.00000000	2.14362		-1.0745  0.2  0.2		2.0852751579		-1.0
	9945.00000000	2.04955		-1.27025  0.2  0.2		2.0852751579		-1.0
	9990.00000000	2.15934		-1.19376  0.2  0.2		2.0852751579		-1.0
