	0.00000000		5.91009		0.18943
	5.00000000		5.86118		0.17530
	10.00000000		5.61519		0.09241
	15.00000000		5.43284		0.11111
	20.00000000		5.54600		0.06918
	25.00000000		5.80599		0.08935
	30.00000000		6.19804		0.07771
	35.00000000		6.28383		0.02946
	40.00000000		6.01358		0.03180
	45.00000000		5.72297		-0.02489
	50.00000000		5.78020		-0.04204
	55.00000000		6.01906		-0.08072
	60.00000000		6.16422		-0.09770
	65.00000000		6.10820		-0.12140
	70.00000000		5.97181		-0.13950
	75.00000000		5.85421		-0.14319
	80.00000000		5.95305		-0.15654
	85.00000000		6.07593		-0.13907
	90.00000000		5.98536		-0.15161
	95.00000000		5.72079		-0.06404
	100.00000000		5.50360		0.02165
	105.00000000		5.50934		0.05104
	110.00000000		5.71241		0.03247
	115.00000000		5.81526		0.00645
	120.00000000		5.59240		0.02142
	125.00000000		5.23561		0.04977
	130.00000000		5.14005		0.07020
	135.00000000		5.27993		0.03465
	140.00000000		5.32518		-0.07937
	145.00000000		5.12605		-0.21443
	150.00000000		4.76157		-0.21538
	155.00000000		4.70641		-0.15779
	160.00000000		4.96478		-0.07343
	165.00000000		5.15609		-0.01261
	170.00000000		5.15878		0.00295
	175.00000000		5.09392		0.01086
	180.00000000		5.13548		0.03283
	185.00000000		5.20939		0.06638
	190.00000000		5.26144		0.07668
	195.00000000		5.08490		0.04810
	200.00000000		4.84063		-0.01427
	205.00000000		4.82994		-0.07518
	210.00000000		5.06965		-0.07366
	215.00000000		5.36084		-0.10379
	220.00000000		5.36345		-0.08801
	225.00000000		5.03015		-0.06324
	230.00000000		4.69721		-0.04890
	235.00000000		4.68796		-0.00868
	240.00000000		4.93155		0.03262
	245.00000000		5.21946		0.01863
	250.00000000		5.15267		0.01705
	255.00000000		4.91793		-0.02013
	260.00000000		4.70821		-0.07628
	265.00000000		4.72162		-0.11186
	270.00000000		4.82155		-0.13365
	275.00000000		4.86664		-0.13212
	280.00000000		4.77803		-0.17916
	285.00000000		4.59399		-0.19824
	290.00000000		4.55342		-0.22826
	295.00000000		4.58516		-0.22309
	300.00000000		4.66288		-0.18648
	305.00000000		4.81963		-0.17086
	310.00000000		4.87045		-0.16954
	315.00000000		5.00422		-0.21759
	320.00000000		5.23626		-0.21250
	325.00000000		5.55733		-0.19765
	330.00000000		5.66426		-0.22582
	335.00000000		5.43164		-0.27327
	340.00000000		5.23421		-0.33299
	345.00000000		5.28283		-0.37805
	350.00000000		5.36383		-0.33354
	355.00000000		5.43859		-0.30172
	360.00000000		5.64213		-0.27738
	365.00000000		5.84631		-0.28775
	370.00000000		6.00497		-0.34479
	375.00000000		5.92259		-0.37502
	380.00000000		5.66057		-0.34121
	385.00000000		5.38884		-0.22555
	390.00000000		5.34494		-0.17734
	395.00000000		5.46176		-0.21963
	400.00000000		5.64786		-0.35419
	405.00000000		5.49912		-0.44379
	410.00000000		5.05438		-0.45282
	415.00000000		4.74354		-0.43251
	420.00000000		4.61292		-0.40769
	425.00000000		4.95391		-0.42786
	430.00000000		5.23546		-0.41294
	435.00000000		5.29240		-0.42439
	440.00000000		5.08044		-0.38952
	445.00000000		4.97412		-0.38308
	450.00000000		4.86892		-0.36448
	455.00000000		4.98766		-0.39591
	460.00000000		5.06691		-0.42448
	465.00000000		5.05662		-0.41602
	470.00000000		5.18745		-0.48442
	475.00000000		5.25703		-0.47679
	480.00000000		5.50265		-0.55092
	485.00000000		5.50032		-0.50574
	490.00000000		5.43714		-0.44555
	495.00000000		5.26875		-0.34304
	500.00000000		5.28689		-0.31497
	505.00000000		5.36138		-0.31026
	510.00000000		5.41823		-0.35962
	515.00000000		5.41601		-0.42395
	520.00000000		5.33063		-0.37706
	525.00000000		5.30891		-0.38818
	530.00000000		5.32814		-0.38141
	535.00000000		5.52087		-0.45511
	540.00000000		5.63695		-0.47327
	545.00000000		5.58006		-0.43774
	550.00000000		5.24226		-0.36043
	555.00000000		4.92095		-0.30405
	560.00000000		4.81097		-0.32436
	565.00000000		4.87903		-0.28808
	570.00000000		5.28541		-0.22914
	575.00000000		5.70838		-0.13392
	580.00000000		6.03078		-0.11788
	585.00000000		6.13784		-0.14119
	590.00000000		6.11141		-0.21268
	595.00000000		5.96851		-0.26945
	600.00000000		6.02283		-0.28503
	605.00000000		6.31912		-0.28567
	610.00000000		6.51196		-0.25681
	615.00000000		6.51972		-0.32595
	620.00000000		6.34960		-0.36584
	625.00000000		6.16391		-0.45127
	630.00000000		6.12511		-0.47386
	635.00000000		6.35747		-0.48427
	640.00000000		6.57580		-0.47700
	645.00000000		6.60600		-0.45208
	650.00000000		6.58695		-0.45934
	655.00000000		6.65131		-0.40619
	660.00000000		6.77169		-0.42300
	665.00000000		6.70886		-0.40758
	670.00000000		6.49779		-0.45301
	675.00000000		6.38143		-0.49603
	680.00000000		6.51446		-0.53868
	685.00000000		6.67605		-0.55020
	690.00000000		6.70332		-0.51312
	695.00000000		6.50356		-0.53369
	700.00000000		6.17644		-0.49326
	705.00000000		6.17042		-0.50490
	710.00000000		6.42136		-0.44847
	715.00000000		6.84118		-0.42355
	720.00000000		6.83372		-0.38606
	725.00000000		6.50196		-0.34845
	730.00000000		6.21551		-0.33525
	735.00000000		6.18086		-0.31348
	740.00000000		6.23508		-0.33104
	745.00000000		6.25011		-0.32508
	750.00000000		6.06907		-0.34942
	755.00000000		5.93510		-0.34542
	760.00000000		6.03369		-0.37636
	765.00000000		6.19925		-0.38929
	770.00000000		6.34047		-0.41728
	775.00000000		6.37892		-0.43350
	780.00000000		6.33012		-0.45913
	785.00000000		6.17854		-0.52586
	790.00000000		5.85520		-0.59876
	795.00000000		5.68276		-0.63237
	800.00000000		5.81202		-0.58297
	805.00000000		6.06825		-0.49134
	810.00000000		6.08830		-0.43450
	815.00000000		5.85183		-0.44809
	820.00000000		5.67603		-0.53900
	825.00000000		5.84771		-0.59740
	830.00000000		6.09043		-0.57790
	835.00000000		6.15191		-0.46983
	840.00000000		5.97771		-0.38595
	845.00000000		5.76461		-0.38567
	850.00000000		5.78943		-0.43472
	855.00000000		5.90746		-0.48874
	860.00000000		5.92315		-0.49191
	865.00000000		5.89344		-0.52634
	870.00000000		5.83755		-0.52637
	875.00000000		5.80168		-0.51088
	880.00000000		5.77920		-0.49974
	885.00000000		5.76477		-0.53016
	890.00000000		5.71140		-0.59129
	895.00000000		5.58233		-0.65233
	900.00000000		5.54059		-0.66827
	905.00000000		5.62050		-0.59119
	910.00000000		5.71900		-0.60154
	915.00000000		5.60742		-0.63494
	920.00000000		5.34715		-0.70287
	925.00000000		5.00082		-0.67862
	930.00000000		5.08092		-0.62449
	935.00000000		5.23840		-0.57914
	940.00000000		5.46104		-0.59293
	945.00000000		5.45307		-0.63689
	950.00000000		5.14072		-0.59155
	955.00000000		4.96431		-0.57746
	960.00000000		5.03526		-0.52616
	965.00000000		5.47570		-0.56261
	970.00000000		5.60550		-0.57086
	975.00000000		5.51178		-0.61644
	980.00000000		5.15838		-0.60255
	985.00000000		4.97932		-0.60840
	990.00000000		5.01291		-0.62434
	995.00000000		5.14011		-0.61932
	1000.00000000		5.23210		-0.63177
	1005.00000000		5.10708		-0.58452
	1010.00000000		5.13260		-0.62118
	1015.00000000		5.22289		-0.63353
	1020.00000000		5.35255		-0.64976
	1025.00000000		5.24469		-0.58424
	1030.00000000		5.13141		-0.51895
	1035.00000000		5.11995		-0.53176
	1040.00000000		5.01530		-0.51831
	1045.00000000		4.87080		-0.55114
	1050.00000000		4.53556		-0.43471
	1055.00000000		4.69737		-0.40630
	1060.00000000		4.93434		-0.35930
	1065.00000000		5.01073		-0.42153
	1070.00000000		5.04164		-0.44140
	1075.00000000		5.01537		-0.43553
	1080.00000000		4.99597		-0.42894
	1085.00000000		4.90380		-0.39817
	1090.00000000		4.83684		-0.43759
	1095.00000000		4.58683		-0.40852
	1100.00000000		4.59294		-0.40100
	1105.00000000		4.62748		-0.37880
	1110.00000000		4.67963		-0.44031
	1115.00000000		4.66400		-0.53102
	1120.00000000		4.58806		-0.54280
	1125.00000000		4.60301		-0.49068
	1130.00000000		4.60180		-0.45697
	1135.00000000		4.69205		-0.50802
	1140.00000000		4.63193		-0.54211
	1145.00000000		4.55657		-0.56237
	1150.00000000		4.44253		-0.50036
	1155.00000000		4.43507		-0.41120
	1160.00000000		4.66253		-0.35288
	1165.00000000		4.63525		-0.32626
	1170.00000000		4.63614		-0.35626
	1175.00000000		4.50581		-0.34151
	1180.00000000		4.63793		-0.32993
	1185.00000000		4.73055		-0.32287
	1190.00000000		4.89394		-0.40492
	1195.00000000		4.83319		-0.51660
	1200.00000000		4.62214		-0.59843
	1205.00000000		4.57409		-0.59659
	1210.00000000		4.46680		-0.55130
	1215.00000000		4.64708		-0.58388
	1220.00000000		4.77945		-0.64897
	1225.00000000		5.04913		-0.72008
	1230.00000000		5.08563		-0.64351
	1235.00000000		4.81921		-0.51053
	1240.00000000		4.42966		-0.45446
	1245.00000000		4.06358		-0.51183
	1250.00000000		4.29833		-0.61474
	1255.00000000		4.56225		-0.62359
	1260.00000000		4.50171		-0.53396
	1265.00000000		4.05764		-0.42692
	1270.00000000		3.82662		-0.39789
	1275.00000000		3.84033		-0.44806
	1280.00000000		4.22063		-0.51640
	1285.00000000		4.65884		-0.52064
	1290.00000000		4.68176		-0.49244
	1295.00000000		4.36427		-0.54888
	1300.00000000		4.01486		-0.66053
	1305.00000000		4.13032		-0.72609
	1310.00000000		4.32288		-0.69029
	1315.00000000		4.72055		-0.61702
	1320.00000000		4.91192		-0.54371
	1325.00000000		4.80197		-0.55002
	1330.00000000		4.59983		-0.56555
	1335.00000000		4.46695		-0.56595
	1340.00000000		4.47879		-0.51603
	1345.00000000		4.55941		-0.47878
	1350.00000000		4.90231		-0.47964
	1355.00000000		5.13927		-0.48565
	1360.00000000		5.24048		-0.52791
	1365.00000000		5.13094		-0.57972
	1370.00000000		5.14131		-0.65690
	1375.00000000		5.25737		-0.68917
	1380.00000000		5.47981		-0.67703
	1385.00000000		5.65152		-0.63877
	1390.00000000		5.56322		-0.62288
	1395.00000000		5.45877		-0.61770
	1400.00000000		5.38279		-0.64496
	1405.00000000		5.57716		-0.68080
	1410.00000000		5.93065		-0.67168
	1415.00000000		5.94398		-0.60255
	1420.00000000		5.76096		-0.55672
	1425.00000000		5.59709		-0.58151
	1430.00000000		5.84746		-0.64356
	1435.00000000		5.94800		-0.65267
	1440.00000000		5.85584		-0.58969
	1445.00000000		5.65632		-0.51774
	1450.00000000		5.68983		-0.53137
	1455.00000000		5.70890		-0.58873
	1460.00000000		5.80967		-0.65392
	1465.00000000		5.79941		-0.64285
	1470.00000000		5.75123		-0.62139
	1475.00000000		5.79667		-0.63152
	1480.00000000		5.62537		-0.60529
	1485.00000000		5.59564		-0.63630
	1490.00000000		5.34788		-0.63699
	1495.00000000		5.25583		-0.66136
	1500.00000000		5.31164		-0.68475
	1505.00000000		5.56074		-0.70686
	1510.00000000		5.86185		-0.69972
	1515.00000000		5.81145		-0.65639
	1520.00000000		5.55269		-0.67559
	1525.00000000		5.35334		-0.74851
	1530.00000000		5.35228		-0.86219
	1535.00000000		5.16925		-0.86858
	1540.00000000		5.34191		-0.84503
	1545.00000000		5.24404		-0.82937
	1550.00000000		5.10620		-0.85022
	1555.00000000		4.87165		-0.88360
	1560.00000000		4.71453		-0.84835
	1565.00000000		4.73820		-0.76339
	1570.00000000		4.77337		-0.69528
	1575.00000000		4.83652		-0.74346
	1580.00000000		4.64484		-0.77454
	1585.00000000		4.78371		-0.81016
	1590.00000000		4.64103		-0.77072
	1595.00000000		4.84830		-0.75936
	1600.00000000		4.79499		-0.76387
	1605.00000000		4.81992		-0.80578
	1610.00000000		4.73466		-0.83489
	1615.00000000		4.68445		-0.80196
	1620.00000000		4.80536		-0.80587
	1625.00000000		4.78474		-0.82594
	1630.00000000		4.90603		-0.88256
	1635.00000000		4.91412		-0.84892
	1640.00000000		4.92190		-0.78712
	1645.00000000		4.91076		-0.71241
	1650.00000000		4.98725		-0.69375
	1655.00000000		5.16763		-0.74325
	1660.00000000		5.28671		-0.75284
	1665.00000000		5.30642		-0.71499
	1670.00000000		5.15520		-0.63952
	1675.00000000		5.10069		-0.62813
	1680.00000000		5.07433		-0.64698
	1685.00000000		5.21877		-0.68762
	1690.00000000		5.39588		-0.70926
	1695.00000000		5.31167		-0.69087
	1700.00000000		5.11520		-0.69172
	1705.00000000		4.96883		-0.69441
	1710.00000000		5.06510		-0.71813
	1715.00000000		5.10735		-0.70163
	1720.00000000		5.07626		-0.65992
	1725.00000000		5.02780		-0.62773
	1730.00000000		4.91218		-0.69160
	1735.00000000		4.80547		-0.79241
	1740.00000000		4.69614		-0.82599
	1745.00000000		4.43786		-0.71346
	1750.00000000		4.39969		-0.60455
	1755.00000000		4.38285		-0.62766
	1760.00000000		4.35918		-0.74144
	1765.00000000		4.34709		-0.79840
	1770.00000000		4.05954		-0.68920
	1775.00000000		3.96674		-0.64534
	1780.00000000		3.94179		-0.64021
	1785.00000000		3.93853		-0.65995
	1790.00000000		3.94332		-0.66998
	1795.00000000		3.79177		-0.63192
	1800.00000000		3.87646		-0.66750
	1805.00000000		3.88075		-0.77089
	1810.00000000		4.00930		-0.87854
	1815.00000000		4.23471		-0.82211
	1820.00000000		4.47350		-0.66066
	1825.00000000		4.55606		-0.54806
	1830.00000000		4.33227		-0.59995
	1835.00000000		4.34436		-0.74893
	1840.00000000		4.58334		-0.87220
	1845.00000000		4.77435		-0.85952
	1850.00000000		4.77106		-0.79809
	1855.00000000		4.53708		-0.72894
	1860.00000000		4.41836		-0.77388
	1865.00000000		4.46709		-0.83669
	1870.00000000		4.58764		-0.82178
	1875.00000000		4.76621		-0.79099
	1880.00000000		4.86932		-0.77456
	1885.00000000		4.81926		-0.85912
	1890.00000000		4.77544		-0.94526
	1895.00000000		4.57573		-0.90104
	1900.00000000		4.28775		-0.74085
	1905.00000000		4.24116		-0.67938
	1910.00000000		4.17094		-0.72707
	1915.00000000		4.23514		-0.80829
	1920.00000000		4.25598		-0.78650
	1925.00000000		4.15679		-0.70032
	1930.00000000		4.30524		-0.68214
	1935.00000000		4.19175		-0.67247
	1940.00000000		4.26028		-0.72873
	1945.00000000		4.16828		-0.72006
	1950.00000000		4.25221		-0.69052
	1955.00000000		4.31083		-0.70440
	1960.00000000		4.24080		-0.76767
	1965.00000000		4.49814		-0.84524
	1970.00000000		4.45996		-0.83467
	1975.00000000		4.59688		-0.78401
	1980.00000000		4.41733		-0.72264
	1985.00000000		4.35716		-0.70696
	1990.00000000		4.27106		-0.72742
	1995.00000000		4.21917		-0.72303
	2000.00000000		4.27468		-0.77127
	2005.00000000		4.17739		-0.82522
	2010.00000000		4.27621		-0.89520
	2015.00000000		4.32594		-0.93340
	2020.00000000		4.44028		-0.94676
	2025.00000000		4.56653		-0.90484
	2030.00000000		4.61683		-0.93120
	2035.00000000		4.68770		-1.08965
	2040.00000000		4.72968		-1.17559
	2045.00000000		4.94441		-1.17824
	2050.00000000		4.68416		-1.10859
	2055.00000000		4.61800		-1.01157
	2060.00000000		4.38581		-0.91734
	2065.00000000		4.40465		-0.90628
	2070.00000000		4.83215		-0.90735
	2075.00000000		5.03972		-0.88009
	2080.00000000		5.31817		-0.85339
	2085.00000000		5.22439		-0.84613
	2090.00000000		5.30177		-0.88776
	2095.00000000		5.28149		-0.91451
	2100.00000000		5.36583		-0.94690
	2105.00000000		5.47171		-0.95593
	2110.00000000		5.60345		-0.93493
	2115.00000000		5.82139		-0.91118
	2120.00000000		5.77856		-0.90663
	2125.00000000		5.81342		-0.97429
	2130.00000000		5.69455		-1.02634
	2135.00000000		5.75536		-1.00175
	2140.00000000		5.79760		-0.93210
	2145.00000000		6.00113		-0.90207
	2150.00000000		6.10726		-0.90457
	2155.00000000		5.95828		-0.92249
	2160.00000000		5.77570		-0.93903
	2165.00000000		5.60511		-0.89424
	2170.00000000		5.72433		-0.85420
	2175.00000000		5.99976		-0.83571
	2180.00000000		6.28273		-0.80202
	2185.00000000		6.28749		-0.80003
	2190.00000000		5.95921		-0.82517
	2195.00000000		5.78669		-0.88252
	2200.00000000		5.77676		-0.87234
	2205.00000000		6.11643		-0.87156
	2210.00000000		6.26586		-0.83219
	2215.00000000		6.21387		-0.79524
	2220.00000000		5.95835		-0.76070
	2225.00000000		5.81059		-0.77159
	2230.00000000		5.88878		-0.80683
	2235.00000000		6.07209		-0.78877
	2240.00000000		6.20958		-0.78118
	2245.00000000		6.09451		-0.75012
	2250.00000000		6.05304		-0.81247
	2255.00000000		5.91385		-0.83287
	2260.00000000		6.13868		-0.84673
	2265.00000000		6.36060		-0.81055
	2270.00000000		6.49514		-0.82329
	2275.00000000		6.31631		-0.83362
	2280.00000000		6.13768		-0.87199
	2285.00000000		6.04006		-0.88651
	2290.00000000		6.02810		-0.78057
	2295.00000000		6.03060		-0.70448
	2300.00000000		5.88457		-0.63187
	2305.00000000		5.70478		-0.65714
	2310.00000000		5.68031		-0.66588
	2315.00000000		5.96169		-0.59382
	2320.00000000		6.28935		-0.53893
	2325.00000000		6.32135		-0.52255
	2330.00000000		5.90333		-0.55113
	2335.00000000		5.55663		-0.56064
	2340.00000000		5.56929		-0.48430
	2345.00000000		5.83065		-0.37202
	2350.00000000		6.01059		-0.31185
	2355.00000000		5.69927		-0.24401
	2360.00000000		5.19625		-0.33271
	2365.00000000		5.06700		-0.43280
	2370.00000000		5.13013		-0.44743
	2375.00000000		5.33108		-0.44631
	2380.00000000		5.23334		-0.44743
	2385.00000000		5.06344		-0.49867
	2390.00000000		5.01071		-0.54347
	2395.00000000		5.04896		-0.58559
	2400.00000000		5.12461		-0.57459
	2405.00000000		5.22225		-0.56256
	2410.00000000		5.33701		-0.56794
	2415.00000000		5.31800		-0.51302
	2420.00000000		5.27917		-0.48271
	2425.00000000		5.30933		-0.43068
	2430.00000000		5.32766		-0.38045
	2435.00000000		5.39154		-0.31419
	2440.00000000		5.41100		-0.27747
	2445.00000000		5.45561		-0.28803
	2450.00000000		5.36765		-0.27942
	2455.00000000		5.31677		-0.28095
	2460.00000000		5.19128		-0.22149
	2465.00000000		5.35646		-0.25622
	2470.00000000		5.53951		-0.28326
	2475.00000000		5.51810		-0.30496
	2480.00000000		5.38574		-0.30593
	2485.00000000		5.34817		-0.26150
	2490.00000000		5.67183		-0.23653
	2495.00000000		5.90268		-0.19201
	2500.00000000		5.89719		-0.20709
	2505.00000000		5.67617		-0.22132
	2510.00000000		5.62783		-0.21981
	2515.00000000		5.74359		-0.17836
	2520.00000000		5.84366		-0.19434
	2525.00000000		5.77598		-0.26137
	2530.00000000		5.69226		-0.29342
	2535.00000000		5.74194		-0.27529
	2540.00000000		5.85832		-0.22142
	2545.00000000		5.88478		-0.20939
	2550.00000000		5.75716		-0.24836
	2555.00000000		5.65443		-0.32955
	2560.00000000		5.76206		-0.36451
	2565.00000000		6.08926		-0.34196
	2570.00000000		6.37415		-0.33107
	2575.00000000		6.43273		-0.33437
	2580.00000000		6.31299		-0.36515
	2585.00000000		6.23424		-0.41150
	2590.00000000		6.35793		-0.47641
	2595.00000000		6.52984		-0.45910
	2600.00000000		6.56440		-0.42184
	2605.00000000		6.42819		-0.38554
	2610.00000000		6.40840		-0.39862
	2615.00000000		6.49282		-0.41052
	2620.00000000		6.53678		-0.37112
	2625.00000000		6.61596		-0.34199
	2630.00000000		6.65159		-0.32649
	2635.00000000		6.85848		-0.36054
	2640.00000000		6.87405		-0.36047
	2645.00000000		6.90236		-0.36733
	2650.00000000		6.88235		-0.34595
	2655.00000000		6.97009		-0.33370
	2660.00000000		7.16348		-0.32287
	2665.00000000		7.24608		-0.28793
	2670.00000000		7.30070		-0.26088
	2675.00000000		7.19326		-0.20955
	2680.00000000		7.22576		-0.20472
	2685.00000000		7.30318		-0.16498
	2690.00000000		7.28037		-0.12964
	2695.00000000		7.13615		-0.11689
	2700.00000000		6.99642		-0.14953
	2705.00000000		6.87588		-0.18389
	2710.00000000		6.77522		-0.22556
	2715.00000000		6.93721		-0.27834
	2720.00000000		7.18949		-0.28140
	2725.00000000		7.44361		-0.31184
	2730.00000000		7.36387		-0.27865
	2735.00000000		7.29210		-0.25287
	2740.00000000		7.41573		-0.20898
	2745.00000000		7.63831		-0.20641
	2750.00000000		7.67897		-0.23012
	2755.00000000		7.41623		-0.24597
	2760.00000000		7.05484		-0.29302
	2765.00000000		6.94689		-0.30326
	2770.00000000		6.98781		-0.31253
	2775.00000000		7.15321		-0.32751
	2780.00000000		7.25559		-0.38480
	2785.00000000		7.16595		-0.39519
	2790.00000000		7.25039		-0.35475
	2795.00000000		7.50028		-0.29002
	2800.00000000		7.64522		-0.27706
	2805.00000000		7.56695		-0.34579
	2810.00000000		7.42727		-0.37935
	2815.00000000		7.24784		-0.40599
	2820.00000000		7.19899		-0.36971
	2825.00000000		7.27894		-0.38719
	2830.00000000		7.15408		-0.36539
	2835.00000000		6.84243		-0.35616
	2840.00000000		6.52381		-0.28903
	2845.00000000		6.75533		-0.21111
	2850.00000000		7.16205		-0.15211
	2855.00000000		7.21696		-0.14166
	2860.00000000		7.04974		-0.18486
	2865.00000000		6.78630		-0.17677
	2870.00000000		6.63071		-0.15496
	2875.00000000		6.55904		-0.13254
	2880.00000000		6.65055		-0.15757
	2885.00000000		6.59290		-0.15656
	2890.00000000		6.40131		-0.15406
	2895.00000000		6.39607		-0.14002
	2900.00000000		6.72160		-0.14455
	2905.00000000		6.70079		-0.13201
	2910.00000000		6.44955		-0.15506
	2915.00000000		6.34667		-0.16546
	2920.00000000		6.59566		-0.18029
	2925.00000000		6.93008		-0.15930
	2930.00000000		7.01786		-0.18623
	2935.00000000		6.80975		-0.22282
	2940.00000000		6.60684		-0.26953
	2945.00000000		6.79478		-0.27930
	2950.00000000		6.98307		-0.28038
	2955.00000000		7.27705		-0.31613
	2960.00000000		7.51584		-0.33486
	2965.00000000		7.45755		-0.38453
	2970.00000000		7.34168		-0.40757
	2975.00000000		7.29291		-0.44801
	2980.00000000		7.31549		-0.47176
	2985.00000000		7.47618		-0.48793
	2990.00000000		7.62545		-0.47443
	2995.00000000		7.56265		-0.45373
	3000.00000000		7.27600		-0.43276
	3005.00000000		6.90885		-0.39408
	3010.00000000		6.82687		-0.39226
	3015.00000000		6.72370		-0.39780
	3020.00000000		6.80921		-0.42154
	3025.00000000		6.69480		-0.42020
	3030.00000000		6.41213		-0.40570
	3035.00000000		6.27487		-0.37499
	3040.00000000		6.21404		-0.35920
	3045.00000000		6.44973		-0.41762
	3050.00000000		6.44273		-0.46125
	3055.00000000		6.42797		-0.49886
	3060.00000000		6.35971		-0.49637
	3065.00000000		6.37928		-0.50245
	3070.00000000		6.39203		-0.55454
	3075.00000000		6.27696		-0.66374
	3080.00000000		6.41010		-0.72480
	3085.00000000		6.33800		-0.72691
	3090.00000000		6.43655		-0.67287
	3095.00000000		6.16104		-0.67467
	3100.00000000		5.97175		-0.72413
	3105.00000000		5.75345		-0.81897
	3110.00000000		5.72497		-0.88940
	3115.00000000		5.88154		-0.91702
	3120.00000000		6.10204		-0.94946
	3125.00000000		6.25943		-0.96768
	3130.00000000		6.16770		-1.00457
	3135.00000000		6.05578		-1.02392
	3140.00000000		5.89940		-1.03587
	3145.00000000		5.86251		-0.99346
	3150.00000000		5.74976		-0.93923
	3155.00000000		5.75777		-0.92200
	3160.00000000		5.60984		-0.90979
	3165.00000000		5.48834		-0.84634
	3170.00000000		5.47930		-0.76229
	3175.00000000		5.37948		-0.68003
	3180.00000000		5.50635		-0.66930
	3185.00000000		5.55560		-0.70081
	3190.00000000		5.81303		-0.69379
	3195.00000000		5.99101		-0.65775
	3200.00000000		6.11444		-0.57766
	3205.00000000		6.17560		-0.56304
	3210.00000000		6.23922		-0.54195
	3215.00000000		6.50214		-0.53756
	3220.00000000		6.58934		-0.50545
	3225.00000000		6.67264		-0.49066
	3230.00000000		6.42715		-0.50634
	3235.00000000		6.29812		-0.53728
	3240.00000000		6.34486		-0.56222
	3245.00000000		6.55005		-0.53592
	3250.00000000		6.71342		-0.55985
	3255.00000000		6.67533		-0.59751
	3260.00000000		6.68004		-0.68094
	3265.00000000		6.70339		-0.74066
	3270.00000000		6.91848		-0.76694
	3275.00000000		7.08796		-0.71744
	3280.00000000		7.30497		-0.64276
	3285.00000000		7.26036		-0.59850
	3290.00000000		7.23792		-0.60857
	3295.00000000		7.14059		-0.64360
	3300.00000000		7.19493		-0.63128
	3305.00000000		7.30344		-0.59635
	3310.00000000		7.31358		-0.54558
	3315.00000000		7.20690		-0.49706
	3320.00000000		6.87683		-0.49252
	3325.00000000		6.61568		-0.52416
	3330.00000000		6.49324		-0.58687
	3335.00000000		6.79469		-0.65443
	3340.00000000		6.93824		-0.69955
	3345.00000000		6.97208		-0.69586
	3350.00000000		6.93575		-0.66242
	3355.00000000		7.06738		-0.64475
	3360.00000000		7.29780		-0.67196
	3365.00000000		7.54307		-0.73161
	3370.00000000		7.54273		-0.80367
	3375.00000000		7.32606		-0.82512
	3380.00000000		7.06664		-0.83400
	3385.00000000		6.81673		-0.81003
	3390.00000000		6.80927		-0.77976
	3395.00000000		6.85904		-0.76198
	3400.00000000		6.96392		-0.78572
	3405.00000000		6.84166		-0.78716
	3410.00000000		6.66927		-0.75391
	3415.00000000		6.51263		-0.72148
	3420.00000000		6.50104		-0.71389
	3425.00000000		6.41998		-0.73573
	3430.00000000		6.32222		-0.74402
	3435.00000000		6.35433		-0.72814
	3440.00000000		6.26200		-0.70775
	3445.00000000		6.21644		-0.73624
	3450.00000000		5.95863		-0.79786
	3455.00000000		5.87181		-0.83758
	3460.00000000		5.82102		-0.89791
	3465.00000000		5.86038		-0.93821
	3470.00000000		5.83984		-0.97145
	3475.00000000		5.61165		-1.01932
	3480.00000000		5.50463		-0.98879
	3485.00000000		5.15145		-0.96841
	3490.00000000		5.28771		-0.95163
	3495.00000000		5.32535		-0.98994
	3500.00000000		5.36323		-1.01982
	3505.00000000		5.37290		-1.06064
	3510.00000000		5.36496		-1.05995
	3515.00000000		5.38219		-1.03095
	3520.00000000		5.30153		-1.03021
	3525.00000000		5.28444		-1.03402
	3530.00000000		5.10891		-1.06061
	3535.00000000		5.20213		-1.06507
	3540.00000000		5.14117		-1.12178
	3545.00000000		5.19185		-1.12572
	3550.00000000		5.06572		-1.09512
	3555.00000000		5.05910		-1.05208
	3560.00000000		5.15918		-1.08340
	3565.00000000		5.26737		-1.12719
	3570.00000000		5.31358		-1.14646
	3575.00000000		5.29139		-1.13865
	3580.00000000		5.51325		-1.07084
	3585.00000000		5.67680		-1.01955
	3590.00000000		5.90986		-0.97815
	3595.00000000		5.90624		-1.01233
	3600.00000000		5.77292		-1.04115
	3605.00000000		5.61775		-1.03448
	3610.00000000		5.27381		-0.98643
	3615.00000000		5.37615		-0.93880
	3620.00000000		5.45606		-0.98652
	3625.00000000		5.65542		-1.07869
	3630.00000000		5.64124		-1.08938
	3635.00000000		5.29876		-1.07522
	3640.00000000		5.18921		-0.99759
	3645.00000000		5.14209		-1.01326
	3650.00000000		5.38599		-1.04594
	3655.00000000		5.44023		-1.06565
	3660.00000000		5.48269		-1.05151
	3665.00000000		5.52657		-1.03515
	3670.00000000		5.50905		-1.07375
	3675.00000000		5.57710		-1.09918
	3680.00000000		5.41808		-1.17444
	3685.00000000		5.69910		-1.17935
	3690.00000000		5.68970		-1.24934
	3695.00000000		5.87032		-1.22212
	3700.00000000		5.91795		-1.28675
	3705.00000000		5.93469		-1.26425
	3710.00000000		5.66639		-1.23391
	3715.00000000		5.27661		-1.21077
	3720.00000000		5.40775		-1.12885
	3725.00000000		5.36069		-1.18432
	3730.00000000		5.51432		-1.16579
	3735.00000000		5.35116		-1.19263
	3740.00000000		5.31559		-1.20946
	3745.00000000		5.48423		-1.23182
	3750.00000000		5.65066		-1.25692
	3755.00000000		5.74160		-1.23082
	3760.00000000		5.70235		-1.25125
	3765.00000000		5.75392		-1.22857
	3770.00000000		5.84474		-1.28482
	3775.00000000		6.12095		-1.28920
	3780.00000000		6.38196		-1.32242
	3785.00000000		6.38751		-1.28708
	3790.00000000		6.22738		-1.27969
	3795.00000000		6.10398		-1.25371
	3800.00000000		6.22777		-1.22100
	3805.00000000		6.38008		-1.25067
	3810.00000000		6.51506		-1.22022
	3815.00000000		6.41998		-1.28315
	3820.00000000		6.29174		-1.27751
	3825.00000000		6.23154		-1.31985
	3830.00000000		6.43437		-1.28930
	3835.00000000		6.74287		-1.31595
	3840.00000000		6.75642		-1.32192
	3845.00000000		6.61240		-1.33114
	3850.00000000		6.55696		-1.36108
	3855.00000000		6.66416		-1.31961
	3860.00000000		6.70316		-1.34353
	3865.00000000		6.66629		-1.33752
	3870.00000000		6.56432		-1.39115
	3875.00000000		6.51278		-1.41767
	3880.00000000		6.61344		-1.44928
	3885.00000000		6.83641		-1.45449
	3890.00000000		7.08574		-1.48575
	3895.00000000		7.10617		-1.47233
	3900.00000000		6.91224		-1.45265
	3905.00000000		6.79034		-1.38089
	3910.00000000		6.87544		-1.30587
	3915.00000000		7.01213		-1.28682
	3920.00000000		7.00538		-1.26410
	3925.00000000		6.86988		-1.30750
	3930.00000000		6.78222		-1.32963
	3935.00000000		6.84968		-1.37692
	3940.00000000		7.02943		-1.37232
	3945.00000000		7.16136		-1.46505
	3950.00000000		7.15852		-1.52894
	3955.00000000		6.99269		-1.63825
	3960.00000000		6.81873		-1.61009
	3965.00000000		6.77262		-1.59985
	3970.00000000		6.84811		-1.52796
	3975.00000000		6.90972		-1.50048
	3980.00000000		6.89481		-1.48237
	3985.00000000		6.83556		-1.48433
	3990.00000000		6.84371		-1.47690
	3995.00000000		6.90222		-1.48361
	4000.00000000		7.10084		-1.52146
	4005.00000000		7.28093		-1.49229
	4010.00000000		7.19924		-1.46378
	4015.00000000		7.02877		-1.36243
	4020.00000000		6.96457		-1.30791
	4025.00000000		7.16154		-1.31689
	4030.00000000		7.45092		-1.39550
	4035.00000000		7.50272		-1.42337
	4040.00000000		7.25403		-1.38384
	4045.00000000		7.05631		-1.27719
	4050.00000000		7.00451		-1.21699
	4055.00000000		7.05426		-1.25634
	4060.00000000		7.19259		-1.28988
	4065.00000000		7.32444		-1.36551
	4070.00000000		7.37483		-1.32384
	4075.00000000		7.31090		-1.35882
	4080.00000000		7.34164		-1.30620
	4085.00000000		7.34344		-1.36501
	4090.00000000		7.26273		-1.36165
	4095.00000000		7.05414		-1.38273
	4100.00000000		6.84681		-1.47274
	4105.00000000		7.00597		-1.43007
	4110.00000000		7.20221		-1.50136
	4115.00000000		7.36435		-1.41574
	4120.00000000		7.31181		-1.40157
	4125.00000000		7.06281		-1.32945
	4130.00000000		6.75040		-1.33631
	4135.00000000		6.80974		-1.34570
	4140.00000000		7.08395		-1.38965
	4145.00000000		7.30811		-1.43306
	4150.00000000		7.41974		-1.43332
	4155.00000000		7.32870		-1.44316
	4160.00000000		7.11603		-1.35556
	4165.00000000		6.92483		-1.35960
	4170.00000000		6.79758		-1.28875
	4175.00000000		6.70326		-1.34739
	4180.00000000		7.01992		-1.34188
	4185.00000000		7.08973		-1.37246
	4190.00000000		7.02775		-1.29495
	4195.00000000		6.70853		-1.26153
	4200.00000000		6.68313		-1.26296
	4205.00000000		6.72735		-1.34838
	4210.00000000		6.81305		-1.40953
	4215.00000000		6.66237		-1.36643
	4220.00000000		6.52892		-1.28041
	4225.00000000		6.58069		-1.21678
	4230.00000000		6.71703		-1.21609
	4235.00000000		6.74498		-1.19064
	4240.00000000		6.56230		-1.20796
	4245.00000000		6.48495		-1.19179
	4250.00000000		6.26083		-1.24759
	4255.00000000		6.31957		-1.21169
	4260.00000000		6.21537		-1.22242
	4265.00000000		6.22514		-1.20634
	4270.00000000		6.21091		-1.22401
	4275.00000000		6.17798		-1.25094
	4280.00000000		6.10023		-1.26896
	4285.00000000		6.01783		-1.30559
	4290.00000000		6.17836		-1.27645
	4295.00000000		6.32149		-1.29568
	4300.00000000		6.44825		-1.19972
	4305.00000000		6.10517		-1.17346
	4310.00000000		5.94730		-1.15983
	4315.00000000		6.11424		-1.20749
	4320.00000000		6.22098		-1.26601
	4325.00000000		6.11508		-1.22900
	4330.00000000		5.94328		-1.21041
	4335.00000000		6.14143		-1.10783
	4340.00000000		6.24298		-1.12920
	4345.00000000		6.36441		-1.09654
	4350.00000000		6.27642		-1.14940
	4355.00000000		6.15684		-1.19769
	4360.00000000		6.07671		-1.22420
	4365.00000000		6.20807		-1.24328
	4370.00000000		6.67466		-1.19143
	4375.00000000		6.70382		-1.19535
	4380.00000000		6.43324		-1.13692
	4385.00000000		6.30130		-1.17400
	4390.00000000		6.71183		-1.21015
	4395.00000000		6.95476		-1.24417
	4400.00000000		6.60782		-1.27530
	4405.00000000		6.44105		-1.25157
	4410.00000000		6.60728		-1.27255
	4415.00000000		7.03908		-1.24570
	4420.00000000		7.20634		-1.23910
	4425.00000000		7.07597		-1.23052
	4430.00000000		6.83697		-1.22302
	4435.00000000		6.68145		-1.23109
	4440.00000000		6.78610		-1.21712
	4445.00000000		6.87351		-1.19572
	4450.00000000		6.66603		-1.14737
	4455.00000000		6.40657		-1.14128
	4460.00000000		6.47665		-1.15229
	4465.00000000		6.82773		-1.19191
	4470.00000000		6.88881		-1.18746
	4475.00000000		6.59620		-1.18620
	4480.00000000		6.33327		-1.17160
	4485.00000000		6.26730		-1.15660
	4490.00000000		6.30037		-1.18157
	4495.00000000		6.45860		-1.20921
	4500.00000000		6.37503		-1.26957
	4505.00000000		6.00024		-1.31979
	4510.00000000		5.57186		-1.29359
	4515.00000000		5.44502		-1.29743
	4520.00000000		5.70930		-1.32234
	4525.00000000		5.88755		-1.36440
	4530.00000000		5.78824		-1.38659
	4535.00000000		5.55492		-1.34417
	4540.00000000		5.51684		-1.25734
	4545.00000000		5.77574		-1.20970
	4550.00000000		5.92504		-1.24821
	4555.00000000		5.97786		-1.28781
	4560.00000000		5.83404		-1.27241
	4565.00000000		5.71012		-1.24688
	4570.00000000		5.82137		-1.21859
	4575.00000000		5.93161		-1.23102
	4580.00000000		5.96302		-1.22937
	4585.00000000		5.78505		-1.25255
	4590.00000000		5.75666		-1.29072
	4595.00000000		5.90249		-1.33909
	4600.00000000		6.03382		-1.39473
	4605.00000000		5.95393		-1.41092
	4610.00000000		5.73325		-1.43533
	4615.00000000		5.93919		-1.41901
	4620.00000000		6.08910		-1.48402
	4625.00000000		6.17721		-1.50794
	4630.00000000		5.87318		-1.49688
	4635.00000000		5.58010		-1.48620
	4640.00000000		5.65836		-1.46053
	4645.00000000		5.71741		-1.45108
	4650.00000000		5.80226		-1.38134
	4655.00000000		5.66779		-1.33515
	4660.00000000		5.68345		-1.29592
	4665.00000000		5.71690		-1.29699
	4670.00000000		5.79865		-1.29094
	4675.00000000		5.71666		-1.26443
	4680.00000000		5.61042		-1.21824
	4685.00000000		5.51153		-1.18150
	4690.00000000		5.51519		-1.19143
	4695.00000000		5.61388		-1.23870
	4700.00000000		5.64505		-1.28886
	4705.00000000		5.57444		-1.29262
	4710.00000000		5.44114		-1.28993
	4715.00000000		5.50923		-1.26976
	4720.00000000		5.76004		-1.29375
	4725.00000000		6.04572		-1.32870
	4730.00000000		6.03932		-1.31807
	4735.00000000		5.76597		-1.31469
	4740.00000000		5.84276		-1.32871
	4745.00000000		5.99750		-1.40321
	4750.00000000		6.10544		-1.40950
	4755.00000000		5.81528		-1.35277
	4760.00000000		5.61987		-1.27250
	4765.00000000		5.71375		-1.22322
	4770.00000000		6.00320		-1.28755
	4775.00000000		6.29201		-1.33254
	4780.00000000		6.24840		-1.35471
	4785.00000000		6.05078		-1.30588
	4790.00000000		6.07055		-1.23592
	4795.00000000		6.16155		-1.22822
	4800.00000000		6.52237		-1.23750
	4805.00000000		6.80844		-1.26453
	4810.00000000		6.67497		-1.26599
	4815.00000000		6.42639		-1.25582
	4820.00000000		6.29256		-1.23742
	4825.00000000		6.26382		-1.20039
	4830.00000000		6.39269		-1.19179
	4835.00000000		6.82192		-1.21496
	4840.00000000		6.99834		-1.28155
	4845.00000000		6.83522		-1.31340
	4850.00000000		6.66956		-1.28562
	4855.00000000		6.85229		-1.22206
	4860.00000000		7.05422		-1.20277
	4865.00000000		7.21401		-1.22668
	4870.00000000		7.33991		-1.28875
	4875.00000000		7.49764		-1.30708
	4880.00000000		7.39282		-1.25598
	4885.00000000		7.29015		-1.20277
	4890.00000000		7.14158		-1.16932
	4895.00000000		7.06151		-1.17956
	4900.00000000		6.89573		-1.20674
	4905.00000000		6.78386		-1.22807
	4910.00000000		6.88176		-1.17767
	4915.00000000		6.82223		-1.20418
	4920.00000000		6.86682		-1.17321
	4925.00000000		6.64683		-1.21446
	4930.00000000		6.66094		-1.18769
	4935.00000000		6.73749		-1.19886
	4940.00000000		6.83911		-1.21185
	4945.00000000		6.69426		-1.22565
	4950.00000000		6.55370		-1.26536
	4955.00000000		6.69247		-1.27803
	4960.00000000		7.00561		-1.28672
	4965.00000000		7.35825		-1.25866
	4970.00000000		7.62028		-1.30827
	4975.00000000		7.42377		-1.36329
	4980.00000000		7.12928		-1.38311
	4985.00000000		7.18958		-1.37009
	4990.00000000		7.57864		-1.34536
	4995.00000000		7.70200		-1.34312
	5000.00000000		7.61571		-1.29209
	5005.00000000		7.49530		-1.24491
	5010.00000000		7.55982		-1.15307
	5015.00000000		7.60636		-1.11657
	5020.00000000		7.50542		-1.08629
	5025.00000000		7.24024		-1.09614
	5030.00000000		7.40152		-1.07570
	5035.00000000		7.66219		-1.03634
	5040.00000000		7.87363		-0.94592
	5045.00000000		7.83475		-0.90868
	5050.00000000		7.57450		-0.97569
	5055.00000000		7.39213		-1.06435
	5060.00000000		7.47699		-1.11373
	5065.00000000		7.77701		-1.08736
	5070.00000000		7.88584		-1.05869
	5075.00000000		7.73066		-1.07045
	5080.00000000		7.37557		-1.12216
	5085.00000000		7.16254		-1.16093
	5090.00000000		7.26381		-1.20852
	5095.00000000		7.59170		-1.19880
	5100.00000000		7.53113		-1.19447
	5105.00000000		7.25879		-1.19584
	5110.00000000		7.25811		-1.18700
	5115.00000000		7.41793		-1.20914
	5120.00000000		7.43341		-1.28111
	5125.00000000		7.31402		-1.34325
	5130.00000000		7.35454		-1.34100
	5135.00000000		7.48898		-1.32495
	5140.00000000		7.70281		-1.25449
	5145.00000000		7.66306		-1.23530
	5150.00000000		7.54669		-1.24259
	5155.00000000		7.48840		-1.26455
	5160.00000000		7.62282		-1.24912
	5165.00000000		7.67555		-1.19415
	5170.00000000		7.59015		-1.11346
	5175.00000000		7.52652		-1.06200
	5180.00000000		7.47982		-1.01298
	5185.00000000		7.45688		-0.97964
	5190.00000000		7.38285		-0.97040
	5195.00000000		7.36979		-0.95132
	5200.00000000		7.41431		-0.96392
	5205.00000000		7.57637		-0.98278
	5210.00000000		7.67305		-1.00716
	5215.00000000		7.72336		-1.02079
	5220.00000000		7.79957		-1.03192
	5225.00000000		7.98972		-1.07342
	5230.00000000		8.28678		-1.10241
	5235.00000000		8.34129		-1.12661
	5240.00000000		8.21718		-1.10821
	5245.00000000		8.21187		-1.12534
	5250.00000000		8.41575		-1.13404
	5255.00000000		8.49865		-1.16703
	5260.00000000		8.24759		-1.15599
	5265.00000000		7.94322		-1.10720
	5270.00000000		7.91614		-1.09090
	5275.00000000		8.22319		-1.06967
	5280.00000000		8.37566		-1.09903
	5285.00000000		8.19742		-1.09777
	5290.00000000		7.99576		-1.13745
	5295.00000000		8.03121		-1.17541
	5300.00000000		8.31460		-1.23538
	5305.00000000		8.46936		-1.25062
	5310.00000000		8.44657		-1.23927
	5315.00000000		8.36635		-1.20072
	5320.00000000		8.30084		-1.14553
	5325.00000000		8.27931		-1.15397
	5330.00000000		8.19504		-1.17276
	5335.00000000		8.08562		-1.19875
	5340.00000000		8.04844		-1.20724
	5345.00000000		8.12231		-1.20606
	5350.00000000		8.13785		-1.20257
	5355.00000000		7.98655		-1.18403
	5360.00000000		7.85742		-1.16425
	5365.00000000		7.86842		-1.13648
	5370.00000000		7.97482		-1.14592
	5375.00000000		8.10885		-1.10711
	5380.00000000		8.06837		-1.12517
	5385.00000000		7.66897		-1.10390
	5390.00000000		7.32487		-1.12636
	5395.00000000		7.45328		-1.16151
	5400.00000000		7.74693		-1.22826
	5405.00000000		7.83811		-1.24295
	5410.00000000		7.62170		-1.18328
	5415.00000000		7.36647		-1.12983
	5420.00000000		7.45054		-1.10443
	5425.00000000		7.69725		-1.15869
	5430.00000000		7.85689		-1.16072
	5435.00000000		7.75499		-1.20470
	5440.00000000		7.64745		-1.18351
	5445.00000000		7.58159		-1.21623
	5450.00000000		7.67937		-1.22586
	5455.00000000		7.80190		-1.23338
	5460.00000000		8.00970		-1.28093
	5465.00000000		8.19556		-1.31429
	5470.00000000		8.18063		-1.36096
	5475.00000000		8.06086		-1.31020
	5480.00000000		7.96352		-1.25270
	5485.00000000		7.98878		-1.22473
	5490.00000000		8.19488		-1.21467
	5495.00000000		8.31253		-1.24553
	5500.00000000		8.18529		-1.24565
	5505.00000000		7.93027		-1.25702
	5510.00000000		7.72808		-1.23434
	5515.00000000		7.80015		-1.24852
	5520.00000000		8.14900		-1.24076
	5525.00000000		8.46323		-1.25454
	5530.00000000		8.43858		-1.23782
	5535.00000000		8.11642		-1.20783
	5540.00000000		7.90303		-1.14080
	5545.00000000		7.86332		-1.07642
	5550.00000000		7.93056		-1.05276
	5555.00000000		8.01577		-1.05193
	5560.00000000		8.10245		-1.09357
	5565.00000000		8.28540		-1.14695
	5570.00000000		8.37982		-1.14440
	5575.00000000		8.19041		-1.10134
	5580.00000000		7.80043		-1.07004
	5585.00000000		7.49473		-1.08544
	5590.00000000		7.48533		-1.13927
	5595.00000000		7.67199		-1.20316
	5600.00000000		7.92932		-1.27299
	5605.00000000		8.09995		-1.31296
	5610.00000000		8.14406		-1.28631
	5615.00000000		8.02826		-1.26605
	5620.00000000		7.86572		-1.24989
	5625.00000000		7.77934		-1.27809
	5630.00000000		7.83604		-1.31148
	5635.00000000		8.04380		-1.33829
	5640.00000000		8.20807		-1.31104
	5645.00000000		8.27440		-1.33274
	5650.00000000		8.20609		-1.34937
	5655.00000000		8.17881		-1.40984
	5660.00000000		8.38029		-1.47807
	5665.00000000		8.65057		-1.47420
	5670.00000000		8.71834		-1.45834
	5675.00000000		8.49388		-1.39492
	5680.00000000		8.31992		-1.36134
	5685.00000000		8.39157		-1.33222
	5690.00000000		8.57531		-1.32749
	5695.00000000		8.76606		-1.35092
	5700.00000000		8.78491		-1.41379
	5705.00000000		8.60243		-1.40221
	5710.00000000		8.48179		-1.31834
	5715.00000000		8.55508		-1.21492
	5720.00000000		8.76846		-1.13979
	5725.00000000		9.00441		-1.09771
	5730.00000000		8.93611		-1.04668
	5735.00000000		8.77788		-1.01733
	5740.00000000		8.77688		-0.98648
	5745.00000000		9.04411		-0.96952
	5750.00000000		9.29394		-0.99654
	5755.00000000		9.30867		-1.01696
	5760.00000000		9.08559		-1.01791
	5765.00000000		8.79542		-0.98841
	5770.00000000		8.70210		-0.91384
	5775.00000000		8.94388		-0.85528
	5780.00000000		9.05527		-0.85121
	5785.00000000		8.86288		-0.87105
	5790.00000000		8.67471		-0.89309
	5795.00000000		8.83601		-0.82559
	5800.00000000		9.12838		-0.75815
	5805.00000000		9.13962		-0.72392
	5810.00000000		8.99221		-0.76845
	5815.00000000		8.83474		-0.77603
	5820.00000000		9.01839		-0.75405
	5825.00000000		9.24639		-0.73640
	5830.00000000		9.31751		-0.74768
	5835.00000000		9.20091		-0.82111
	5840.00000000		8.93562		-0.87806
	5845.00000000		8.90071		-0.92067
	5850.00000000		9.04447		-0.90502
	5855.00000000		9.16915		-0.89780
	5860.00000000		9.06319		-0.89238
	5865.00000000		8.80383		-0.90552
	5870.00000000		8.57880		-0.90080
	5875.00000000		8.74435		-0.91027
	5880.00000000		8.99376		-0.92024
	5885.00000000		8.86770		-0.91311
	5890.00000000		8.50215		-0.90698
	5895.00000000		8.41955		-0.85143
	5900.00000000		8.79811		-0.85576
	5905.00000000		9.13912		-0.80396
	5910.00000000		9.26095		-0.79875
	5915.00000000		9.08304		-0.79967
	5920.00000000		8.79815		-0.79787
	5925.00000000		8.77949		-0.80846
	5930.00000000		9.10691		-0.83037
	5935.00000000		9.25832		-0.85153
	5940.00000000		9.04730		-0.86593
	5945.00000000		8.60538		-0.88471
	5950.00000000		8.37297		-0.85573
	5955.00000000		8.42172		-0.91669
	5960.00000000		8.63418		-0.93265
	5965.00000000		8.54289		-0.93286
	5970.00000000		8.10467		-0.89774
	5975.00000000		7.64773		-0.87262
	5980.00000000		7.65017		-0.91980
	5985.00000000		7.89452		-0.96313
	5990.00000000		7.94125		-0.98568
	5995.00000000		7.85392		-0.97555
	6000.00000000		7.58618		-0.98459
	6005.00000000		7.44449		-0.97873
	6010.00000000		7.37130		-1.01538
	6015.00000000		7.58530		-1.03343
	6020.00000000		7.58518		-1.01807
	6025.00000000		7.31285		-0.98536
	6030.00000000		7.23749		-0.93950
	6035.00000000		7.39838		-0.95314
	6040.00000000		7.57543		-0.99026
	6045.00000000		7.46319		-1.00967
	6050.00000000		7.23817		-1.00483
	6055.00000000		7.26862		-0.97003
	6060.00000000		7.50530		-0.98302
	6065.00000000		7.66104		-0.97939
	6070.00000000		7.36221		-1.02786
	6075.00000000		7.10433		-1.00613
	6080.00000000		7.10839		-1.00082
	6085.00000000		7.24130		-0.97970
	6090.00000000		7.42572		-0.94699
	6095.00000000		7.34727		-0.93701
	6100.00000000		7.04867		-0.95968
	6105.00000000		6.82609		-0.97986
	6110.00000000		6.98933		-0.98819
	6115.00000000		7.18011		-0.98939
	6120.00000000		7.31708		-0.98035
	6125.00000000		7.20611		-0.97914
	6130.00000000		6.84900		-1.00802
	6135.00000000		6.74715		-1.03408
	6140.00000000		6.93815		-1.05106
	6145.00000000		7.18825		-1.03070
	6150.00000000		7.38050		-1.00382
	6155.00000000		7.28787		-1.03147
	6160.00000000		6.96050		-1.03391
	6165.00000000		6.58161		-1.04735
	6170.00000000		6.77913		-1.05075
	6175.00000000		7.04193		-1.07247
	6180.00000000		7.01720		-1.03419
	6185.00000000		6.67759		-0.97594
	6190.00000000		6.74323		-0.94353
	6195.00000000		6.91305		-0.98252
	6200.00000000		7.02215		-1.00285
	6205.00000000		6.64212		-1.04255
	6210.00000000		6.61192		-1.00240
	6215.00000000		6.77978		-0.98734
	6220.00000000		6.88514		-0.98985
	6225.00000000		6.75838		-1.01891
	6230.00000000		6.56054		-1.06306
	6235.00000000		6.79626		-1.04295
	6240.00000000		6.93912		-1.05603
	6245.00000000		6.92882		-1.04725
	6250.00000000		6.58045		-1.06227
	6255.00000000		6.60376		-1.02241
	6260.00000000		6.72366		-0.99411
	6265.00000000		6.99415		-0.96439
	6270.00000000		7.05750		-0.94919
	6275.00000000		6.92148		-0.93446
	6280.00000000		6.82944		-0.91649
	6285.00000000		6.83628		-0.88532
	6290.00000000		6.91928		-0.85222
	6295.00000000		6.77132		-0.82815
	6300.00000000		6.76215		-0.82148
	6305.00000000		6.93989		-0.88068
	6310.00000000		7.16238		-0.93095
	6315.00000000		6.92999		-0.97629
	6320.00000000		6.60582		-0.97603
	6325.00000000		6.31072		-0.99680
	6330.00000000		6.37670		-0.99253
	6335.00000000		6.60233		-1.02655
	6340.00000000		6.94731		-1.06667
	6345.00000000		6.97787		-1.15317
	6350.00000000		6.69735		-1.21270
	6355.00000000		6.61203		-1.24035
	6360.00000000		6.79441		-1.25774
	6365.00000000		6.96643		-1.25117
	6370.00000000		6.81384		-1.25732
	6375.00000000		6.63622		-1.26172
	6380.00000000		6.64876		-1.30940
	6385.00000000		6.93523		-1.28149
	6390.00000000		7.15354		-1.24874
	6395.00000000		7.33395		-1.19324
	6400.00000000		7.47649		-1.18660
	6405.00000000		7.40576		-1.18823
	6410.00000000		7.25496		-1.22193
	6415.00000000		7.16303		-1.24229
	6420.00000000		7.26651		-1.22799
	6425.00000000		7.47722		-1.19826
	6430.00000000		7.55858		-1.14290
	6435.00000000		7.43706		-1.14267
	6440.00000000		7.40051		-1.12514
	6445.00000000		7.43094		-1.15403
	6450.00000000		7.53923		-1.15879
	6455.00000000		7.62981		-1.15225
	6460.00000000		7.78466		-1.13909
	6465.00000000		8.06851		-1.12482
	6470.00000000		8.23795		-1.13759
	6475.00000000		8.18982		-1.15300
	6480.00000000		8.04800		-1.20466
	6485.00000000		8.07569		-1.19472
	6490.00000000		8.35798		-1.17868
	6495.00000000		8.65158		-1.10809
	6500.00000000		8.61338		-1.10565
	6505.00000000		8.43278		-1.14609
	6510.00000000		8.39021		-1.22034
	6515.00000000		8.63940		-1.22700
	6520.00000000		8.94699		-1.17372
	6525.00000000		8.80528		-1.14868
	6530.00000000		8.41071		-1.13786
	6535.00000000		8.25801		-1.14085
	6540.00000000		8.52700		-1.09985
	6545.00000000		8.80967		-1.07993
	6550.00000000		8.73646		-1.03683
	6555.00000000		8.50666		-1.03165
	6560.00000000		8.43065		-1.04056
	6565.00000000		8.39346		-1.03996
	6570.00000000		8.25534		-1.03791
	6575.00000000		8.07189		-0.99635
	6580.00000000		7.91976		-1.00970
	6585.00000000		7.96602		-1.01188
	6590.00000000		8.10391		-1.05144
	6595.00000000		8.21049		-1.06951
	6600.00000000		8.20550		-1.08658
	6605.00000000		8.08601		-1.08016
	6610.00000000		7.91547		-1.03640
	6615.00000000		7.77301		-1.02967
	6620.00000000		7.66057		-1.03704
	6625.00000000		7.55886		-1.07561
	6630.00000000		7.68891		-1.05994
	6635.00000000		7.95486		-1.03863
	6640.00000000		8.27490		-0.96586
	6645.00000000		8.38306		-0.92711
	6650.00000000		8.25021		-0.89993
	6655.00000000		8.09417		-0.91957
	6660.00000000		8.30442		-0.98711
	6665.00000000		8.63533		-1.00078
	6670.00000000		8.64181		-1.02590
	6675.00000000		8.25758		-1.00445
	6680.00000000		7.99911		-1.00914
	6685.00000000		8.03425		-0.99529
	6690.00000000		8.26165		-0.99361
	6695.00000000		8.14109		-0.98715
	6700.00000000		7.86358		-1.01529
	6705.00000000		7.95512		-1.01008
	6710.00000000		8.37394		-0.99805
	6715.00000000		8.57771		-0.93318
	6720.00000000		8.29095		-0.88975
	6725.00000000		7.92270		-0.90138
	6730.00000000		7.87151		-0.92540
	6735.00000000		8.10557		-0.98254
	6740.00000000		8.45705		-0.89350
	6745.00000000		8.55032		-0.81435
	6750.00000000		8.38703		-0.74613
	6755.00000000		8.22301		-0.78550
	6760.00000000		8.35271		-0.81771
	6765.00000000		8.70687		-0.87002
	6770.00000000		8.85954		-0.84954
	6775.00000000		8.56006		-0.79453
	6780.00000000		8.20069		-0.76440
	6785.00000000		8.23416		-0.73954
	6790.00000000		8.43737		-0.76462
	6795.00000000		8.59775		-0.72950
	6800.00000000		8.58250		-0.77159
	6805.00000000		8.43363		-0.78149
	6810.00000000		8.37866		-0.79501
	6815.00000000		8.31140		-0.79157
	6820.00000000		8.43934		-0.77169
	6825.00000000		8.68794		-0.75306
	6830.00000000		8.76945		-0.71720
	6835.00000000		8.59483		-0.74597
	6840.00000000		8.33366		-0.75058
	6845.00000000		8.21241		-0.78843
	6850.00000000		8.30345		-0.78916
	6855.00000000		8.53566		-0.78570
	6860.00000000		8.88317		-0.79606
	6865.00000000		9.12557		-0.80462
	6870.00000000		9.11679		-0.79085
	6875.00000000		8.84921		-0.75596
	6880.00000000		8.57652		-0.74693
	6885.00000000		8.70775		-0.78547
	6890.00000000		9.05032		-0.77043
	6895.00000000		9.15806		-0.70124
	6900.00000000		9.08731		-0.63188
	6905.00000000		8.97517		-0.59618
	6910.00000000		8.96371		-0.62867
	6915.00000000		8.94718		-0.65498
	6920.00000000		8.80309		-0.66835
	6925.00000000		8.65852		-0.60499
	6930.00000000		8.61080		-0.61741
	6935.00000000		8.74140		-0.62359
	6940.00000000		8.83079		-0.70361
	6945.00000000		8.62448		-0.71828
	6950.00000000		8.54977		-0.72053
	6955.00000000		8.72774		-0.71409
	6960.00000000		9.00145		-0.74324
	6965.00000000		9.21593		-0.77059
	6970.00000000		9.37220		-0.76335
	6975.00000000		9.38878		-0.75766
	6980.00000000		9.22372		-0.70914
	6985.00000000		9.10211		-0.72708
	6990.00000000		9.08716		-0.74670
	6995.00000000		9.04043		-0.76312
	7000.00000000		8.86380		-0.72522
	7005.00000000		8.95655		-0.68776
	7010.00000000		9.42399		-0.69468
	7015.00000000		9.86026		-0.74198
	7020.00000000		9.63991		-0.70864
	7025.00000000		9.31508		-0.65773
	7030.00000000		9.25567		-0.59949
	7035.00000000		9.59870		-0.57108
	7040.00000000		9.99634		-0.60708
	7045.00000000		10.08660		-0.64436
	7050.00000000		10.05208		-0.67289
	7055.00000000		9.82582		-0.65067
	7060.00000000		9.88104		-0.65962
	7065.00000000		10.01928		-0.68686
	7070.00000000		10.09626		-0.72322
	7075.00000000		9.90460		-0.78833
	7080.00000000		9.58658		-0.78453
	7085.00000000		9.59873		-0.78768
	7090.00000000		9.69541		-0.75188
	7095.00000000		9.98070		-0.75038
	7100.00000000		10.06724		-0.70859
	7105.00000000		10.18130		-0.64222
	7110.00000000		10.28488		-0.58663
	7115.00000000		10.31139		-0.55239
	7120.00000000		10.40438		-0.57203
	7125.00000000		10.39374		-0.56870
	7130.00000000		10.47976		-0.55666
	7135.00000000		10.39430		-0.52204
	7140.00000000		10.41034		-0.55184
	7145.00000000		10.24165		-0.61652
	7150.00000000		10.23364		-0.68062
	7155.00000000		10.30853		-0.67299
	7160.00000000		10.43990		-0.63716
	7165.00000000		10.63870		-0.65459
	7170.00000000		10.55450		-0.66430
	7175.00000000		10.62099		-0.70363
	7180.00000000		10.53645		-0.66816
	7185.00000000		10.66926		-0.62655
	7190.00000000		10.67988		-0.57152
	7195.00000000		10.72032		-0.58741
	7200.00000000		10.73883		-0.63856
	7205.00000000		10.60947		-0.64820
	7210.00000000		10.56503		-0.65396
	7215.00000000		10.49001		-0.64864
	7220.00000000		10.75579		-0.68170
	7225.00000000		10.87077		-0.68576
	7230.00000000		10.93899		-0.73758
	7235.00000000		10.57764		-0.77463
	7240.00000000		10.25301		-0.79030
	7245.00000000		10.36308		-0.76805
	7250.00000000		10.66622		-0.71678
	7255.00000000		10.84587		-0.67501
	7260.00000000		10.72076		-0.66067
	7265.00000000		10.50220		-0.68728
	7270.00000000		10.31620		-0.68149
	7275.00000000		10.47282		-0.66250
	7280.00000000		10.75473		-0.60132
	7285.00000000		10.84962		-0.56218
	7290.00000000		10.75236		-0.55795
	7295.00000000		10.44565		-0.57641
	7300.00000000		10.17073		-0.59070
	7305.00000000		10.06438		-0.56453
	7310.00000000		10.33781		-0.55660
	7315.00000000		10.53372		-0.57082
	7320.00000000		10.67580		-0.61735
	7325.00000000		10.46311		-0.63283
	7330.00000000		10.28282		-0.61504
	7335.00000000		10.29276		-0.59111
	7340.00000000		10.45931		-0.60707
	7345.00000000		10.62048		-0.63652
	7350.00000000		10.44300		-0.65460
	7355.00000000		10.34214		-0.65786
	7360.00000000		10.16824		-0.61618
	7365.00000000		10.21043		-0.58297
	7370.00000000		10.21035		-0.58210
	7375.00000000		10.32114		-0.58675
	7380.00000000		10.55072		-0.59169
	7385.00000000		10.67930		-0.57538
	7390.00000000		10.67916		-0.58140
	7395.00000000		10.43720		-0.57996
	7400.00000000		10.48981		-0.61688
	7405.00000000		10.76297		-0.65362
	7410.00000000		10.96295		-0.67260
	7415.00000000		10.94031		-0.68923
	7420.00000000		10.70015		-0.69364
	7425.00000000		10.66721		-0.71601
	7430.00000000		10.82933		-0.75852
	7435.00000000		10.93911		-0.76737
	7440.00000000		10.81185		-0.76945
	7445.00000000		10.62959		-0.79152
	7450.00000000		10.65430		-0.80624
	7455.00000000		10.86888		-0.79953
	7460.00000000		11.14141		-0.80143
	7465.00000000		10.97713		-0.81290
	7470.00000000		10.85455		-0.80841
	7475.00000000		10.60650		-0.77616
	7480.00000000		10.62282		-0.77059
	7485.00000000		10.59600		-0.73182
	7490.00000000		10.60824		-0.71074
	7495.00000000		10.35244		-0.69913
	7500.00000000		10.17904		-0.73272
	7505.00000000		10.05538		-0.75629
	7510.00000000		10.20787		-0.73217
	7515.00000000		10.66859		-0.68753
	7520.00000000		10.61434		-0.63246
	7525.00000000		10.61402		-0.63719
	7530.00000000		10.26889		-0.66019
	7535.00000000		10.14243		-0.69257
	7540.00000000		10.04210		-0.67286
	7545.00000000		10.24398		-0.64948
	7550.00000000		10.36350		-0.62703
	7555.00000000		10.43381		-0.59430
	7560.00000000		10.49950		-0.57223
	7565.00000000		10.35143		-0.55909
	7570.00000000		10.34255		-0.57647
	7575.00000000		10.11069		-0.57302
	7580.00000000		10.14567		-0.60189
	7585.00000000		9.96449		-0.58186
	7590.00000000		10.11086		-0.59005
	7595.00000000		10.01842		-0.57616
	7600.00000000		10.03586		-0.58984
	7605.00000000		9.97257		-0.58285
	7610.00000000		10.06718		-0.56390
	7615.00000000		10.25043		-0.54158
	7620.00000000		10.43565		-0.53265
	7625.00000000		10.66365		-0.54142
	7630.00000000		10.63791		-0.51236
	7635.00000000		10.94556		-0.53156
	7640.00000000		10.97919		-0.52205
	7645.00000000		11.16016		-0.55645
	7650.00000000		11.02859		-0.57242
	7655.00000000		10.90927		-0.59300
	7660.00000000		10.77928		-0.63250
	7665.00000000		10.75248		-0.67274
	7670.00000000		10.88080		-0.70091
	7675.00000000		10.84995		-0.67539
	7680.00000000		11.02302		-0.69517
	7685.00000000		10.85694		-0.67626
	7690.00000000		11.04152		-0.69369
	7695.00000000		11.12460		-0.66027
	7700.00000000		11.28478		-0.60895
	7705.00000000		11.49601		-0.60008
	7710.00000000		11.38300		-0.61601
	7715.00000000		11.37537		-0.64415
	7720.00000000		11.27982		-0.61493
	7725.00000000		11.37579		-0.56544
	7730.00000000		11.34993		-0.52616
	7735.00000000		11.26488		-0.50139
	7740.00000000		10.97993		-0.50449
	7745.00000000		10.68538		-0.49265
	7750.00000000		10.85731		-0.48197
	7755.00000000		10.99280		-0.43530
	7760.00000000		11.22816		-0.43320
	7765.00000000		11.08048		-0.44507
	7770.00000000		11.00396		-0.49229
	7775.00000000		10.92174		-0.47368
	7780.00000000		11.14074		-0.42263
	7785.00000000		11.28701		-0.37826
	7790.00000000		11.22584		-0.38423
	7795.00000000		11.17907		-0.44124
	7800.00000000		11.10547		-0.48523
	7805.00000000		11.28013		-0.54645
	7810.00000000		11.14318		-0.55652
	7815.00000000		11.29420		-0.58101
	7820.00000000		11.21953		-0.57746
	7825.00000000		11.21628		-0.58493
	7830.00000000		11.20984		-0.60702
	7835.00000000		10.99219		-0.61778
	7840.00000000		10.98700		-0.63984
	7845.00000000		10.84757		-0.63946
	7850.00000000		11.11992		-0.64928
	7855.00000000		11.28855		-0.65026
	7860.00000000		11.40398		-0.66804
	7865.00000000		11.27008		-0.66976
	7870.00000000		10.99351		-0.67120
	7875.00000000		10.86053		-0.67423
	7880.00000000		10.85185		-0.66771
	7885.00000000		11.10926		-0.63922
	7890.00000000		11.09954		-0.59678
	7895.00000000		10.99451		-0.63161
	7900.00000000		10.80109		-0.67253
	7905.00000000		10.59085		-0.74129
	7910.00000000		10.62780		-0.79435
	7915.00000000		11.01132		-0.79874
	7920.00000000		11.25405		-0.76140
	7925.00000000		11.07552		-0.72330
	7930.00000000		10.91690		-0.76174
	7935.00000000		10.64191		-0.74465
	7940.00000000		10.73995		-0.78882
	7945.00000000		10.76870		-0.75271
	7950.00000000		10.95747		-0.73048
	7955.00000000		11.06808		-0.70151
	7960.00000000		10.98346		-0.66387
	7965.00000000		11.06604		-0.68371
	7970.00000000		11.02301		-0.65891
	7975.00000000		11.32666		-0.70136
	7980.00000000		11.34639		-0.69146
	7985.00000000		11.30534		-0.67863
	7990.00000000		11.33787		-0.65276
	7995.00000000		11.19243		-0.56562
	8000.00000000		11.38513		-0.54978
	8005.00000000		11.25520		-0.54401
	8010.00000000		11.26964		-0.54925
	8015.00000000		11.11297		-0.48148
	8020.00000000		11.02191		-0.43544
	8025.00000000		11.01626		-0.43017
	8030.00000000		10.95762		-0.45226
	8035.00000000		10.83404		-0.48182
	8040.00000000		10.61393		-0.51810
	8045.00000000		10.48580		-0.52557
	8050.00000000		10.78763		-0.56243
	8055.00000000		10.90064		-0.60074
	8060.00000000		10.80997		-0.62818
	8065.00000000		10.51681		-0.62784
	8070.00000000		10.23402		-0.61500
	8075.00000000		10.29474		-0.61202
	8080.00000000		10.35399		-0.63006
	8085.00000000		10.38139		-0.66303
	8090.00000000		10.24694		-0.67554
	8095.00000000		10.18360		-0.67274
	8100.00000000		10.32553		-0.65027
	8105.00000000		10.60061		-0.70370
	8110.00000000		10.68992		-0.78216
	8115.00000000		10.52206		-0.82544
	8120.00000000		10.27068		-0.77801
	8125.00000000		10.22579		-0.72668
	8130.00000000		10.31591		-0.70210
	8135.00000000		10.46143		-0.71335
	8140.00000000		10.52771		-0.75725
	8145.00000000		10.40022		-0.80633
	8150.00000000		10.40319		-0.83769
	8155.00000000		10.45942		-0.79320
	8160.00000000		10.54835		-0.72562
	8165.00000000		10.40988		-0.67673
	8170.00000000		10.18403		-0.67279
	8175.00000000		9.90625		-0.69080
	8180.00000000		9.92047		-0.73735
	8185.00000000		10.01884		-0.75405
	8190.00000000		10.17556		-0.79785
	8195.00000000		9.96752		-0.80094
	8200.00000000		9.71995		-0.81249
	8205.00000000		9.90836		-0.79909
	8210.00000000		10.17393		-0.73926
	8215.00000000		10.22667		-0.70055
	8220.00000000		9.81057		-0.67234
	8225.00000000		9.60085		-0.70359
	8230.00000000		9.70720		-0.67818
	8235.00000000		10.13684		-0.67009
	8240.00000000		9.93304		-0.62577
	8245.00000000		9.73546		-0.63083
	8250.00000000		9.58501		-0.61794
	8255.00000000		9.87265		-0.65083
	8260.00000000		9.96373		-0.63923
	8265.00000000		9.85802		-0.59096
	8270.00000000		9.80909		-0.55627
	8275.00000000		9.69423		-0.53079
	8280.00000000		9.83985		-0.59847
	8285.00000000		9.71249		-0.62724
	8290.00000000		9.82115		-0.70831
	8295.00000000		9.82832		-0.68540
	8300.00000000		9.88131		-0.69345
	8305.00000000		9.81656		-0.67441
	8310.00000000		9.83111		-0.67329
	8315.00000000		9.94170		-0.70396
	8320.00000000		10.01421		-0.71940
	8325.00000000		9.99187		-0.72905
	8330.00000000		9.75875		-0.69417
	8335.00000000		9.69858		-0.68800
	8340.00000000		9.76683		-0.67622
	8345.00000000		9.96859		-0.70858
	8350.00000000		9.81844		-0.71318
	8355.00000000		9.59818		-0.72779
	8360.00000000		9.60799		-0.72611
	8365.00000000		9.78872		-0.70631
	8370.00000000		9.76621		-0.68792
	8375.00000000		9.54129		-0.69445
	8380.00000000		9.38852		-0.72717
	8385.00000000		9.42542		-0.76126
	8390.00000000		9.64860		-0.77304
	8395.00000000		9.70852		-0.74766
	8400.00000000		9.56782		-0.72847
	8405.00000000		9.42555		-0.71317
	8410.00000000		9.56069		-0.72202
	8415.00000000		9.80137		-0.71654
	8420.00000000		9.78187		-0.72760
	8425.00000000		9.68329		-0.74763
	8430.00000000		9.61112		-0.73178
	8435.00000000		9.72388		-0.70117
	8440.00000000		9.83049		-0.66676
	8445.00000000		9.77299		-0.65751
	8450.00000000		9.51678		-0.68082
	8455.00000000		9.41955		-0.72263
	8460.00000000		9.67833		-0.70865
	8465.00000000		9.92606		-0.68423
	8470.00000000		9.79112		-0.65762
	8475.00000000		9.63701		-0.65376
	8480.00000000		9.52515		-0.65195
	8485.00000000		9.54405		-0.63236
	8490.00000000		9.52333		-0.61683
	8495.00000000		9.35939		-0.58141
	8500.00000000		9.46696		-0.56631
	8505.00000000		9.55130		-0.56995
	8510.00000000		9.67160		-0.59396
	8515.00000000		9.53068		-0.56376
	8520.00000000		9.45304		-0.52494
	8525.00000000		9.42349		-0.51171
	8530.00000000		9.41024		-0.55068
	8535.00000000		9.43835		-0.62335
	8540.00000000		9.32637		-0.61762
	8545.00000000		9.34767		-0.57151
	8550.00000000		9.24855		-0.52640
	8555.00000000		9.35116		-0.54678
	8560.00000000		9.39984		-0.61079
	8565.00000000		9.50120		-0.67195
	8570.00000000		9.45076		-0.65314
	8575.00000000		9.39082		-0.60660
	8580.00000000		9.39777		-0.57067
	8585.00000000		9.42084		-0.56140
	8590.00000000		9.46491		-0.54115
	8595.00000000		9.40141		-0.51972
	8600.00000000		9.56053		-0.54803
	8605.00000000		9.53030		-0.55066
	8610.00000000		9.51733		-0.54247
	8615.00000000		9.33072		-0.51783
	8620.00000000		9.17774		-0.53315
	8625.00000000		9.09594		-0.53968
	8630.00000000		9.23920		-0.54215
	8635.00000000		9.37396		-0.56061
	8640.00000000		9.32885		-0.56874
	8645.00000000		9.28675		-0.57001
	8650.00000000		9.16277		-0.52401
	8655.00000000		9.15284		-0.50111
	8660.00000000		9.03022		-0.48342
	8665.00000000		9.02394		-0.50162
	8670.00000000		8.94770		-0.51139
	8675.00000000		8.78414		-0.52226
	8680.00000000		8.77770		-0.53891
	8685.00000000		8.72644		-0.57656
	8690.00000000		8.70163		-0.63352
	8695.00000000		8.41752		-0.64537
	8700.00000000		8.26773		-0.65654
	8705.00000000		8.13948		-0.61591
	8710.00000000		8.21808		-0.65866
	8715.00000000		8.16601		-0.70252
	8720.00000000		8.10258		-0.74694
	8725.00000000		8.07942		-0.71538
	8730.00000000		8.15733		-0.67180
	8735.00000000		8.15961		-0.64768
	8740.00000000		8.02796		-0.66585
	8745.00000000		7.79945		-0.68321
	8750.00000000		7.76446		-0.62904
	8755.00000000		7.96754		-0.58554
	8760.00000000		8.14152		-0.54532
	8765.00000000		8.06962		-0.56958
	8770.00000000		7.79826		-0.61191
	8775.00000000		7.68603		-0.65303
	8780.00000000		7.78894		-0.62821
	8785.00000000		7.97060		-0.58507
	8790.00000000		7.90810		-0.59185
	8795.00000000		7.63707		-0.62660
	8800.00000000		7.40876		-0.67780
	8805.00000000		7.55390		-0.69870
	8810.00000000		7.73982		-0.71285
	8815.00000000		7.75040		-0.70176
	8820.00000000		7.43375		-0.75556
	8825.00000000		7.20773		-0.78994
	8830.00000000		7.05202		-0.77992
	8835.00000000		7.00099		-0.71735
	8840.00000000		7.12509		-0.65253
	8845.00000000		7.12879		-0.62014
	8850.00000000		7.14699		-0.60952
	8855.00000000		6.92590		-0.62289
	8860.00000000		6.84209		-0.58539
	8865.00000000		6.83595		-0.54623
	8870.00000000		6.99441		-0.53537
	8875.00000000		7.00956		-0.56433
	8880.00000000		6.85431		-0.61400
	8885.00000000		6.85244		-0.64193
	8890.00000000		6.84035		-0.68158
	8895.00000000		6.99668		-0.64666
	8900.00000000		6.96097		-0.60198
	8905.00000000		6.85861		-0.61329
	8910.00000000		6.88874		-0.65536
	8915.00000000		7.08738		-0.67687
	8920.00000000		7.19702		-0.67095
	8925.00000000		6.95485		-0.65448
	8930.00000000		6.72056		-0.67557
	8935.00000000		6.72122		-0.71831
	8940.00000000		7.08801		-0.73375
	8945.00000000		7.17695		-0.76560
	8950.00000000		7.01902		-0.74350
	8955.00000000		6.83882		-0.71063
	8960.00000000		6.84087		-0.70927
	8965.00000000		6.99786		-0.72393
	8970.00000000		7.12209		-0.76500
	8975.00000000		7.16557		-0.77847
	8980.00000000		6.83710		-0.79961
	8985.00000000		6.51734		-0.80726
	8990.00000000		6.37064		-0.83295
	8995.00000000		6.52739		-0.85705
	9000.00000000		6.74052		-0.87874
	9005.00000000		6.69044		-0.90649
	9010.00000000		6.41427		-0.90246
	9015.00000000		6.16894		-0.88870
	9020.00000000		6.31515		-0.84397
	9025.00000000		6.53082		-0.81617
	9030.00000000		6.41878		-0.77326
	9035.00000000		5.99353		-0.79898
	9040.00000000		5.98950		-0.82952
	9045.00000000		6.05606		-0.87794
	9050.00000000		6.36791		-0.82267
	9055.00000000		6.37145		-0.76851
	9060.00000000		6.23557		-0.75570
	9065.00000000		6.03385		-0.78832
	9070.00000000		6.00556		-0.80858
	9075.00000000		6.13504		-0.77530
	9080.00000000		6.28200		-0.70940
	9085.00000000		6.25478		-0.63243
	9090.00000000		6.20419		-0.61409
	9095.00000000		6.39590		-0.60828
	9100.00000000		6.59821		-0.63058
	9105.00000000		6.70088		-0.59325
	9110.00000000		6.36047		-0.55134
	9115.00000000		6.31515		-0.48585
	9120.00000000		6.45038		-0.44096
	9125.00000000		6.60434		-0.43147
	9130.00000000		6.51046		-0.44175
	9135.00000000		6.33923		-0.44860
	9140.00000000		6.46799		-0.42449
	9145.00000000		6.65579		-0.37507
	9150.00000000		6.50050		-0.38169
	9155.00000000		6.08874		-0.43841
	9160.00000000		5.73172		-0.49980
	9165.00000000		5.43834		-0.58491
	9170.00000000		5.45945		-0.60598
	9175.00000000		5.60872		-0.58772
	9180.00000000		5.62892		-0.54604
	9185.00000000		5.46213		-0.55855
	9190.00000000		5.12233		-0.62697
	9195.00000000		5.11372		-0.66499
	9200.00000000		5.10745		-0.62757
	9205.00000000		5.26352		-0.55588
	9210.00000000		5.06854		-0.49745
	9215.00000000		4.86096		-0.50293
	9220.00000000		4.75331		-0.55397
	9225.00000000		4.72529		-0.59856
	9230.00000000		4.91970		-0.58693
	9235.00000000		4.99836		-0.54035
	9240.00000000		5.04140		-0.51941
	9245.00000000		5.01488		-0.51389
	9250.00000000		4.97877		-0.57466
	9255.00000000		5.04522		-0.60096
	9260.00000000		5.11716		-0.55485
	9265.00000000		5.43890		-0.48355
	9270.00000000		5.44551		-0.41997
	9275.00000000		5.39411		-0.40275
	9280.00000000		5.14576		-0.38670
	9285.00000000		5.24606		-0.37380
	9290.00000000		5.11576		-0.32198
	9295.00000000		5.02594		-0.31086
	9300.00000000		4.77052		-0.27608
	9305.00000000		4.57857		-0.22778
	9310.00000000		4.58656		-0.13641
	9315.00000000		4.49924		-0.06765
	9320.00000000		4.62654		-0.11346
	9325.00000000		4.44930		-0.14507
	9330.00000000		4.34667		-0.19520
	9335.00000000		4.02743		-0.20250
	9340.00000000		4.07083		-0.27028
	9345.00000000		4.23731		-0.30904
	9350.00000000		4.28699		-0.28823
	9355.00000000		4.19284		-0.21995
	9360.00000000		4.04428		-0.16609
	9365.00000000		4.25531		-0.16367
	9370.00000000		4.26521		-0.10658
	9375.00000000		4.28567		-0.14031
	9380.00000000		3.96684		-0.12023
	9385.00000000		3.93638		-0.16240
	9390.00000000		3.98342		-0.19445
	9395.00000000		3.95526		-0.20554
	9400.00000000		4.17996		-0.24755
	9405.00000000		4.01912		-0.19120
	9410.00000000		4.09159		-0.21654
	9415.00000000		3.86096		-0.23212
	9420.00000000		3.65257		-0.26181
	9425.00000000		3.59098		-0.30559
	9430.00000000		3.49738		-0.20607
	9435.00000000		3.89941		-0.16746
	9440.00000000		3.91709		-0.06659
	9445.00000000		3.92451		-0.06013
	9450.00000000		3.73290		-0.10646
	9455.00000000		3.67488		-0.14943
	9460.00000000		3.92467		-0.13576
	9465.00000000		4.15132		-0.05407
	9470.00000000		4.32166		-0.09493
	9475.00000000		4.13660		-0.10869
	9480.00000000		4.17372		-0.19883
	9485.00000000		4.25955		-0.24402
	9490.00000000		4.42144		-0.28376
	9495.00000000		4.41426		-0.37697
	9500.00000000		4.23427		-0.44645
	9505.00000000		4.32707		-0.50677
	9510.00000000		4.18685		-0.47027
	9515.00000000		4.33408		-0.42791
	9520.00000000		4.30763		-0.38817
	9525.00000000		4.13746		-0.40054
	9530.00000000		4.17441		-0.45750
	9535.00000000		3.90040		-0.41937
	9540.00000000		4.04008		-0.37445
	9545.00000000		3.84694		-0.29533
	9550.00000000		3.86437		-0.32003
	9555.00000000		3.70708		-0.33177
	9560.00000000		3.70524		-0.32840
	9565.00000000		3.79090		-0.32811
	9570.00000000		3.75244		-0.39871
	9575.00000000		3.68051		-0.39727
	9580.00000000		3.42392		-0.34267
	9585.00000000		3.61550		-0.25040
	9590.00000000		3.78643		-0.13124
	9595.00000000		4.01425		-0.06783
	9600.00000000		4.21038		-0.07319
	9605.00000000		4.14030		-0.12277
	9610.00000000		4.12291		-0.13885
	9615.00000000		4.03743		-0.11704
	9620.00000000		4.26453		-0.13479
	9625.00000000		4.35199		-0.11179
	9630.00000000		4.44652		-0.17754
	9635.00000000		4.16274		-0.22610
	9640.00000000		4.12159		-0.34322
	9645.00000000		4.08977		-0.39215
	9650.00000000		3.99630		-0.34355
	9655.00000000		4.07024		-0.27165
	9660.00000000		3.90785		-0.20404
	9665.00000000		3.84480		-0.23287
	9670.00000000		3.66971		-0.27017
	9675.00000000		3.78070		-0.26775
	9680.00000000		3.71953		-0.23265
	9685.00000000		3.55877		-0.20492
	9690.00000000		3.56295		-0.24976
	9695.00000000		3.43368		-0.22223
	9700.00000000		3.57804		-0.21474
	9705.00000000		3.70338		-0.16549
	9710.00000000		3.68158		-0.11825
	9715.00000000		3.80277		-0.16280
	9720.00000000		3.64958		-0.20137
	9725.00000000		3.46594		-0.30830
	9730.00000000		3.34281		-0.32458
	9735.00000000		3.12265		-0.30608
	9740.00000000		3.16489		-0.25612
	9745.00000000		3.30049		-0.21229
	9750.00000000		3.15947		-0.16779
	9755.00000000		3.24685		-0.16471
	9760.00000000		3.06901		-0.16952
	9765.00000000		3.05004		-0.13066
	9770.00000000		3.43760		-0.15741
	9775.00000000		3.34973		-0.14382
	9780.00000000		3.41330		-0.16001
	9785.00000000		3.42616		-0.13886
	9790.00000000		3.47481		-0.15671
	9795.00000000		3.82156		-0.30289
	9800.00000000		3.91654		-0.35275
	9805.00000000		4.00490		-0.33692
	9810.00000000		3.93481		-0.25737
	9815.00000000		3.81026		-0.26815
	9820.00000000		3.60322		-0.33449
	9825.00000000		3.52492		-0.39531
	9830.00000000		3.57902		-0.35793
	9835.00000000		3.80327		-0.28389
	9840.00000000		4.05217		-0.27139
	9845.00000000		4.07406		-0.29533
	9850.00000000		4.03336		-0.33870
	9855.00000000		3.99819		-0.36740
	9860.00000000		4.11109		-0.37337
	9865.00000000		4.43698		-0.34873
	9870.00000000		4.64738		-0.36099
	9875.00000000		4.53554		-0.39733
	9880.00000000		4.18981		-0.38945
	9885.00000000		4.19120		-0.39195
	9890.00000000		4.34508		-0.31915
	9895.00000000		4.54482		-0.27231
	9900.00000000		4.51117		-0.21922
	9905.00000000		4.44630		-0.19652
	9910.00000000		4.54063		-0.18061
	9915.00000000		4.69262		-0.11151
	9920.00000000		4.78001		-0.10742
	9925.00000000		4.33160		-0.08185
	9930.00000000		4.25629		-0.10309
	9935.00000000		4.14057		-0.05482
	9940.00000000		4.40457		-0.03142
	9945.00000000		4.48683		-0.00875
	9950.00000000		4.20604		-0.02065
	9955.00000000		4.05001		-0.06611
	9960.00000000		4.03010		-0.04231
	9965.00000000		4.32000		-0.04812
	9970.00000000		4.26337		0.00130
	9975.00000000		4.06542		-0.10990
	9980.00000000		3.85039		-0.14605
	9985.00000000		3.99702		-0.19548
	9990.00000000		4.02664		-0.16352
	9995.00000000		3.92891		-0.10001
	10000.00000000		3.80827		-0.09168
