	0.00000000		5.18918		-0.18974
	5.00000000		5.32945		-0.18426
	10.00000000		5.39184		-0.12098
	15.00000000		5.39277		-0.10348
	20.00000000		5.33753		-0.06432
	25.00000000		5.57511		-0.08906
	30.00000000		5.84844		-0.08631
	35.00000000		6.10503		-0.13282
	40.00000000		5.88291		-0.09866
	45.00000000		5.67332		-0.09977
	50.00000000		5.59857		-0.11383
	55.00000000		5.70497		-0.13659
	60.00000000		5.94221		-0.18048
	65.00000000		6.06512		-0.15831
	70.00000000		6.03639		-0.15740
	75.00000000		5.73094		-0.15369
	80.00000000		5.60388		-0.16868
	85.00000000		5.61710		-0.16180
	90.00000000		5.58340		-0.18442
	95.00000000		5.65795		-0.23800
	100.00000000		5.56185		-0.27324
	105.00000000		5.44527		-0.23705
	110.00000000		5.23125		-0.22636
	115.00000000		5.12760		-0.24926
	120.00000000		5.33764		-0.31322
	125.00000000		5.33110		-0.32747
	130.00000000		5.30171		-0.35096
	135.00000000		5.02589		-0.35793
	140.00000000		5.02079		-0.40262
	145.00000000		5.16194		-0.46004
	150.00000000		5.42549		-0.46821
	155.00000000		5.50716		-0.46352
	160.00000000		5.17986		-0.43002
	165.00000000		4.95394		-0.46213
	170.00000000		4.80709		-0.44287
	175.00000000		5.01229		-0.41257
	180.00000000		5.26339		-0.32312
	185.00000000		5.51541		-0.27379
	190.00000000		5.58358		-0.25208
	195.00000000		5.51723		-0.25701
	200.00000000		5.48158		-0.27730
	205.00000000		5.33986		-0.23751
	210.00000000		5.43039		-0.18603
	215.00000000		5.44013		-0.11706
	220.00000000		5.64429		-0.14506
	225.00000000		5.52950		-0.18809
	230.00000000		5.29557		-0.24503
	235.00000000		5.01234		-0.25524
	240.00000000		4.88263		-0.25180
	245.00000000		5.09025		-0.24922
	250.00000000		5.19876		-0.30062
	255.00000000		5.26169		-0.38885
	260.00000000		5.09207		-0.44013
	265.00000000		4.94677		-0.49958
	270.00000000		4.88612		-0.52460
	275.00000000		4.96329		-0.52526
	280.00000000		5.22371		-0.53153
	285.00000000		5.22055		-0.57060
	290.00000000		5.15402		-0.59505
	295.00000000		4.97549		-0.57684
	300.00000000		4.92657		-0.52479
	305.00000000		4.90939		-0.43206
	310.00000000		5.11258		-0.36913
	315.00000000		5.20316		-0.27932
	320.00000000		5.01956		-0.25224
	325.00000000		4.72268		-0.21159
	330.00000000		4.59728		-0.17125
	335.00000000		4.75423		-0.09210
	340.00000000		4.95772		-0.02650
	345.00000000		4.94956		-0.04833
	350.00000000		4.53539		-0.10112
	355.00000000		4.58068		-0.22276
	360.00000000		4.63574		-0.28237
	365.00000000		4.95214		-0.28729
	370.00000000		4.94465		-0.18666
	375.00000000		4.84388		-0.14363
	380.00000000		4.71252		-0.16322
	385.00000000		4.62074		-0.21463
	390.00000000		4.89254		-0.32065
	395.00000000		4.78488		-0.37325
	400.00000000		4.67323		-0.41337
	405.00000000		4.54936		-0.49732
	410.00000000		4.64561		-0.60390
	415.00000000		4.84505		-0.65107
	420.00000000		4.97336		-0.59151
	425.00000000		5.03898		-0.49998
	430.00000000		4.99427		-0.49294
	435.00000000		4.96929		-0.55406
	440.00000000		4.97060		-0.60858
	445.00000000		5.03920		-0.55646
	450.00000000		4.86092		-0.39382
	455.00000000		4.65303		-0.28553
	460.00000000		4.35881		-0.27698
	465.00000000		4.37403		-0.31495
	470.00000000		4.67277		-0.31009
	475.00000000		4.82189		-0.18341
	480.00000000		4.86829		-0.07412
	485.00000000		4.58610		-0.03522
	490.00000000		4.44353		-0.11975
	495.00000000		4.48961		-0.21401
	500.00000000		4.61541		-0.25674
	505.00000000		4.51998		-0.20314
	510.00000000		4.27924		-0.13928
	515.00000000		4.11565		-0.21058
	520.00000000		3.98103		-0.27256
	525.00000000		4.36696		-0.35445
	530.00000000		4.33955		-0.33079
	535.00000000		4.25054		-0.30848
	540.00000000		4.06077		-0.27424
	545.00000000		4.08107		-0.27304
	550.00000000		4.35987		-0.30572
	555.00000000		4.37241		-0.32632
	560.00000000		4.28992		-0.39947
	565.00000000		3.90164		-0.35520
	570.00000000		3.76229		-0.36041
	575.00000000		3.69635		-0.38405
	580.00000000		3.90186		-0.40360
	585.00000000		4.30065		-0.41559
	590.00000000		4.35125		-0.35445
	595.00000000		4.15335		-0.35040
	600.00000000		4.05554		-0.30151
	605.00000000		4.25990		-0.30375
	610.00000000		4.37193		-0.31722
	615.00000000		4.11510		-0.34128
	620.00000000		3.97750		-0.36124
	625.00000000		3.84390		-0.39675
	630.00000000		3.85772		-0.43336
	635.00000000		4.20554		-0.43571
	640.00000000		4.40208		-0.38744
	645.00000000		4.42946		-0.35494
	650.00000000		4.23572		-0.32185
	655.00000000		4.19161		-0.29787
	660.00000000		4.14882		-0.24750
	665.00000000		4.24654		-0.19146
	670.00000000		4.40889		-0.09863
	675.00000000		4.48030		-0.04291
	680.00000000		4.46017		-0.02558
	685.00000000		4.31128		-0.02786
	690.00000000		4.32140		-0.09317
	695.00000000		4.26967		-0.08050
	700.00000000		4.59120		-0.02557
	705.00000000		4.81662		0.04322
	710.00000000		4.68262		0.03855
	715.00000000		4.39741		-0.00381
	720.00000000		4.30022		-0.00836
	725.00000000		4.46817		0.05297
	730.00000000		4.53401		0.08124
	735.00000000		4.47438		0.06748
	740.00000000		4.21655		-0.00491
	745.00000000		4.09416		-0.06138
	750.00000000		4.03231		-0.05612
	755.00000000		4.14297		-0.04273
	760.00000000		4.16515		-0.06606
	765.00000000		3.87287		-0.16227
	770.00000000		3.79390		-0.25888
	775.00000000		3.65632		-0.29366
	780.00000000		3.74955		-0.24017
	785.00000000		3.67682		-0.20783
	790.00000000		3.55588		-0.25422
	795.00000000		3.54163		-0.38895
	800.00000000		3.56829		-0.45821
	805.00000000		3.90686		-0.40352
	810.00000000		3.96131		-0.34788
	815.00000000		3.89001		-0.35905
	820.00000000		3.69342		-0.46729
	825.00000000		3.75495		-0.55494
	830.00000000		3.72883		-0.52713
	835.00000000		3.72064		-0.37130
	840.00000000		3.57604		-0.32640
	845.00000000		3.32049		-0.37065
	850.00000000		3.32445		-0.45005
	855.00000000		3.40235		-0.46851
	860.00000000		3.57330		-0.42169
	865.00000000		3.68493		-0.42017
	870.00000000		3.67141		-0.46368
	875.00000000		3.72364		-0.56473
	880.00000000		3.84541		-0.54884
	885.00000000		4.01747		-0.53650
	890.00000000		3.87476		-0.52317
	895.00000000		3.48898		-0.59170
	900.00000000		3.37727		-0.64959
	905.00000000		3.42578		-0.64232
	910.00000000		3.49623		-0.55073
	915.00000000		3.68671		-0.48274
	920.00000000		3.49140		-0.44377
	925.00000000		3.40100		-0.51305
	930.00000000		3.35959		-0.53383
	935.00000000		3.53444		-0.48992
	940.00000000		3.77630		-0.45116
	945.00000000		3.63076		-0.47475
	950.00000000		3.63976		-0.61493
	955.00000000		3.51130		-0.71073
	960.00000000		3.82439		-0.69070
	965.00000000		3.93023		-0.62668
	970.00000000		4.04549		-0.65051
	975.00000000		3.81926		-0.67589
	980.00000000		3.69486		-0.67971
	985.00000000		3.75633		-0.67150
	990.00000000		3.91423		-0.66838
	995.00000000		4.34459		-0.69868
	1000.00000000		4.22559		-0.64781
	1005.00000000		4.03531		-0.57470
	1010.00000000		3.77079		-0.42025
	1015.00000000		3.70755		-0.29909
	1020.00000000		3.83104		-0.29566
	1025.00000000		3.83286		-0.41618
	1030.00000000		4.04434		-0.56933
	1035.00000000		3.94338		-0.56905
	1040.00000000		3.82437		-0.50490
	1045.00000000		3.71019		-0.47402
	1050.00000000		3.63662		-0.54239
	1055.00000000		4.07730		-0.69298
	1060.00000000		4.51389		-0.76629
	1065.00000000		4.49889		-0.72464
	1070.00000000		4.34438		-0.70131
	1075.00000000		4.29485		-0.75292
	1080.00000000		4.40437		-0.82534
	1085.00000000		4.68464		-0.83540
	1090.00000000		4.66586		-0.78430
	1095.00000000		4.52437		-0.75180
	1100.00000000		4.36822		-0.79099
	1105.00000000		4.41298		-0.84625
	1110.00000000		4.60650		-0.86198
	1115.00000000		4.72960		-0.80935
	1120.00000000		4.85144		-0.76275
	1125.00000000		4.66443		-0.73227
	1130.00000000		4.62536		-0.75329
	1135.00000000		4.50765		-0.74578
	1140.00000000		4.54843		-0.75065
	1145.00000000		4.53949		-0.79615
	1150.00000000		4.50662		-0.80884
	1155.00000000		4.72138		-0.75674
	1160.00000000		4.51770		-0.65346
	1165.00000000		4.53611		-0.61634
	1170.00000000		4.30861		-0.67485
	1175.00000000		4.34986		-0.74673
	1180.00000000		4.51874		-0.73695
	1185.00000000		4.55796		-0.65551
	1190.00000000		4.72930		-0.56017
	1195.00000000		4.50338		-0.48761
	1200.00000000		4.27076		-0.52081
	1205.00000000		4.11226		-0.59049
	1210.00000000		4.25721		-0.61675
	1215.00000000		4.47584		-0.58576
	1220.00000000		4.65706		-0.50083
	1225.00000000		4.84750		-0.40641
	1230.00000000		4.95436		-0.35617
	1235.00000000		5.09196		-0.34709
	1240.00000000		5.13402		-0.37347
	1245.00000000		5.44122		-0.42102
	1250.00000000		5.57815		-0.41438
	1255.00000000		5.44519		-0.36703
	1260.00000000		5.12941		-0.29917
	1265.00000000		4.94157		-0.19622
	1270.00000000		4.88047		-0.11228
	1275.00000000		4.74997		-0.10832
	1280.00000000		4.94939		-0.17963
	1285.00000000		5.04832		-0.19364
	1290.00000000		5.20509		-0.15900
	1295.00000000		5.11952		-0.10114
	1300.00000000		4.91112		-0.03945
	1305.00000000		4.85474		-0.08999
	1310.00000000		4.69628		-0.12094
	1315.00000000		4.80399		-0.21827
	1320.00000000		4.65859		-0.19089
	1325.00000000		4.72304		-0.17985
	1330.00000000		4.58524		-0.07709
	1335.00000000		4.89079		-0.06438
	1340.00000000		5.14955		-0.06148
	1345.00000000		5.14641		-0.08877
	1350.00000000		4.88781		-0.14424
	1355.00000000		4.41232		-0.06538
	1360.00000000		4.39151		-0.08107
	1365.00000000		4.36688		-0.04076
	1370.00000000		4.54053		-0.08998
	1375.00000000		4.60983		-0.11222
	1380.00000000		4.44505		-0.05259
	1385.00000000		4.34069		0.00036
	1390.00000000		4.21707		0.06710
	1395.00000000		4.28360		0.04709
	1400.00000000		4.27144		0.03496
	1405.00000000		4.31714		-0.03255
	1410.00000000		4.32660		-0.07877
	1415.00000000		4.24418		-0.09216
	1420.00000000		4.39794		-0.12733
	1425.00000000		4.39190		-0.07603
	1430.00000000		4.73981		-0.05838
	1435.00000000		4.86706		0.07427
	1440.00000000		4.96969		0.13065
	1445.00000000		4.84517		0.18479
	1450.00000000		4.67521		0.20149
	1455.00000000		4.49812		0.19539
	1460.00000000		4.52877		0.21888
	1465.00000000		4.73056		0.16883
	1470.00000000		4.76903		0.13908
	1475.00000000		4.82541		-0.00465
	1480.00000000		4.66714		-0.03860
	1485.00000000		4.91518		-0.14395
	1490.00000000		5.00299		-0.13282
	1495.00000000		5.21989		-0.16029
	1500.00000000		5.08459		-0.18963
	1505.00000000		4.64957		-0.25387
	1510.00000000		4.30554		-0.32154
	1515.00000000		4.20606		-0.30191
	1520.00000000		4.62360		-0.30923
	1525.00000000		4.69755		-0.34672
	1530.00000000		4.51617		-0.45413
	1535.00000000		4.19926		-0.48248
	1540.00000000		4.31237		-0.51851
	1545.00000000		4.34703		-0.44997
	1550.00000000		4.60505		-0.43044
	1555.00000000		4.58164		-0.38616
	1560.00000000		4.49773		-0.43496
	1565.00000000		4.28427		-0.48485
	1570.00000000		4.27278		-0.49300
	1575.00000000		4.58054		-0.40843
	1580.00000000		4.90402		-0.28099
	1585.00000000		5.31157		-0.27625
	1590.00000000		5.22787		-0.27393
	1595.00000000		5.25364		-0.40160
	1600.00000000		5.18834		-0.49123
	1605.00000000		5.25815		-0.50988
	1610.00000000		5.08477		-0.45186
	1615.00000000		5.00058		-0.43761
	1620.00000000		4.99964		-0.49731
	1625.00000000		4.99311		-0.53843
	1630.00000000		5.05362		-0.55519
	1635.00000000		4.95250		-0.55357
	1640.00000000		4.81115		-0.58403
	1645.00000000		4.60695		-0.65446
	1650.00000000		4.53318		-0.75597
	1655.00000000		4.42381		-0.78509
	1660.00000000		4.48643		-0.75766
	1665.00000000		4.38616		-0.74816
	1670.00000000		4.47457		-0.80306
	1675.00000000		4.56222		-0.86702
	1680.00000000		4.71660		-0.87062
	1685.00000000		4.80918		-0.80210
	1690.00000000		4.89457		-0.71928
	1695.00000000		5.01920		-0.70366
	1700.00000000		5.01268		-0.78235
	1705.00000000		5.07823		-0.83630
	1710.00000000		4.88819		-0.83915
	1715.00000000		4.88828		-0.77882
	1720.00000000		4.85184		-0.70083
	1725.00000000		4.93042		-0.65101
	1730.00000000		4.88337		-0.68307
	1735.00000000		4.73198		-0.73658
	1740.00000000		4.72902		-0.77506
	1745.00000000		4.65795		-0.82252
	1750.00000000		4.94122		-0.83075
	1755.00000000		4.85943		-0.82164
	1760.00000000		4.82546		-0.75941
	1765.00000000		4.67828		-0.74449
	1770.00000000		4.38936		-0.84600
	1775.00000000		4.48765		-0.88218
	1780.00000000		4.63647		-0.88406
	1785.00000000		4.88396		-0.82230
	1790.00000000		4.91050		-0.80301
	1795.00000000		4.80061		-0.84258
	1800.00000000		4.74374		-0.88565
	1805.00000000		4.64217		-0.89069
	1810.00000000		4.63181		-0.87195
	1815.00000000		4.66405		-0.91169
	1820.00000000		4.97730		-1.01011
	1825.00000000		5.22422		-1.12758
	1830.00000000		5.20347		-1.11287
	1835.00000000		5.04673		-1.03494
	1840.00000000		5.17712		-0.98952
	1845.00000000		5.33532		-1.07229
	1850.00000000		5.48390		-1.16944
	1855.00000000		5.58746		-1.26688
	1860.00000000		5.59882		-1.31102
	1865.00000000		5.58540		-1.23281
	1870.00000000		5.47007		-1.17838
	1875.00000000		5.30909		-1.15247
	1880.00000000		5.14445		-1.20606
	1885.00000000		5.40275		-1.21996
	1890.00000000		5.64851		-1.21858
	1895.00000000		5.70133		-1.13138
	1900.00000000		5.49038		-1.05178
	1905.00000000		5.27021		-1.03187
	1910.00000000		5.22082		-1.08591
	1915.00000000		5.26358		-1.15258
	1920.00000000		5.36862		-1.13858
	1925.00000000		5.29721		-1.14139
	1930.00000000		5.19062		-1.12510
	1935.00000000		5.09331		-1.17076
	1940.00000000		5.08210		-1.16864
	1945.00000000		4.98873		-1.21404
	1950.00000000		5.15335		-1.22385
	1955.00000000		5.32756		-1.28103
	1960.00000000		5.40390		-1.30384
	1965.00000000		5.16210		-1.28197
	1970.00000000		4.79925		-1.22367
	1975.00000000		4.68826		-1.13097
	1980.00000000		4.72239		-1.14111
	1985.00000000		5.16539		-1.17342
	1990.00000000		5.40089		-1.24292
	1995.00000000		5.36107		-1.25819
	2000.00000000		5.11434		-1.29184
	2005.00000000		5.08852		-1.31345
	2010.00000000		5.12887		-1.31650
	2015.00000000		5.20033		-1.26468
	2020.00000000		5.13726		-1.23437
	2025.00000000		5.03786		-1.27253
	2030.00000000		5.09015		-1.33524
	2035.00000000		5.18499		-1.38514
	2040.00000000		5.31978		-1.31280
	2045.00000000		5.17869		-1.21761
	2050.00000000		5.18991		-1.09152
	2055.00000000		5.02416		-1.10024
	2060.00000000		5.08350		-1.10165
	2065.00000000		5.07077		-1.13896
	2070.00000000		5.05157		-1.12587
	2075.00000000		5.13767		-1.08612
	2080.00000000		5.29914		-1.07732
	2085.00000000		5.45173		-1.07188
	2090.00000000		5.26863		-1.08346
	2095.00000000		5.30918		-1.06044
	2100.00000000		5.41181		-1.08309
	2105.00000000		5.66945		-1.11678
	2110.00000000		5.87027		-1.15281
	2115.00000000		5.74480		-1.15779
	2120.00000000		5.54097		-1.10498
	2125.00000000		5.47559		-1.08323
	2130.00000000		5.79571		-1.08307
	2135.00000000		6.04154		-1.11696
	2140.00000000		6.17290		-1.10143
	2145.00000000		5.79667		-1.04879
	2150.00000000		5.70783		-0.98312
	2155.00000000		5.90291		-0.96209
	2160.00000000		6.34669		-1.00391
	2165.00000000		6.44902		-1.01549
	2170.00000000		6.09987		-1.05607
	2175.00000000		5.97872		-1.04934
	2180.00000000		6.12601		-1.08815
	2185.00000000		6.34607		-1.12967
	2190.00000000		6.48237		-1.12637
	2195.00000000		6.31587		-1.15545
	2200.00000000		6.06593		-1.08134
	2205.00000000		5.83640		-1.10839
	2210.00000000		6.14099		-1.11472
	2215.00000000		6.28465		-1.16626
	2220.00000000		6.24533		-1.13187
	2225.00000000		5.92379		-1.11719
	2230.00000000		5.81151		-1.09846
	2235.00000000		5.91145		-1.07487
	2240.00000000		6.01164		-1.08620
	2245.00000000		6.12986		-1.03915
	2250.00000000		6.05268		-1.06317
	2255.00000000		6.04851		-1.01070
	2260.00000000		6.04521		-1.01449
	2265.00000000		6.13632		-0.98393
	2270.00000000		6.16721		-0.94510
	2275.00000000		5.98956		-0.91401
	2280.00000000		5.72780		-0.84741
	2285.00000000		5.40561		-0.85743
	2290.00000000		5.67856		-0.84780
	2295.00000000		5.76664		-0.86831
	2300.00000000		5.72757		-0.85673
	2305.00000000		5.48107		-0.83254
	2310.00000000		5.39389		-0.86810
	2315.00000000		5.49398		-0.96197
	2320.00000000		5.70675		-1.03617
	2325.00000000		5.74472		-1.04195
	2330.00000000		5.44428		-1.04575
	2335.00000000		5.37275		-0.99367
	2340.00000000		5.38439		-1.03560
	2345.00000000		5.45972		-1.07733
	2350.00000000		5.38635		-1.08043
	2355.00000000		5.12969		-1.04641
	2360.00000000		5.14649		-0.94430
	2365.00000000		5.30446		-0.96033
	2370.00000000		5.39961		-1.04839
	2375.00000000		5.43547		-1.12402
	2380.00000000		5.38015		-1.09650
	2385.00000000		5.27197		-1.01217
	2390.00000000		5.30556		-0.91488
	2395.00000000		5.33814		-0.88139
	2400.00000000		5.26093		-0.91204
	2405.00000000		5.25299		-0.99450
	2410.00000000		5.24735		-1.06195
	2415.00000000		5.29770		-1.02617
	2420.00000000		5.19441		-0.95246
	2425.00000000		5.10830		-0.85911
	2430.00000000		5.20618		-0.84905
	2435.00000000		5.47568		-0.89817
	2440.00000000		5.86572		-0.95161
	2445.00000000		5.75818		-0.92091
	2450.00000000		5.51045		-0.82815
	2455.00000000		5.30649		-0.78108
	2460.00000000		5.53291		-0.78343
	2465.00000000		5.63785		-0.82717
	2470.00000000		5.57492		-0.85875
	2475.00000000		5.40756		-0.87036
	2480.00000000		5.44119		-0.86147
	2485.00000000		5.64233		-0.90749
	2490.00000000		5.73308		-0.95232
	2495.00000000		5.70161		-0.97745
	2500.00000000		5.56293		-0.97437
	2505.00000000		5.71063		-0.93774
	2510.00000000		5.79723		-0.88688
	2515.00000000		5.90653		-0.83891
	2520.00000000		5.62484		-0.82300
	2525.00000000		5.31658		-0.81167
	2530.00000000		5.22801		-0.78793
	2535.00000000		5.30421		-0.75702
	2540.00000000		5.48787		-0.73627
	2545.00000000		5.44266		-0.77472
	2550.00000000		5.36274		-0.83052
	2555.00000000		5.22528		-0.85341
	2560.00000000		5.23995		-0.84570
	2565.00000000		5.27762		-0.80455
	2570.00000000		5.07542		-0.78530
	2575.00000000		4.83979		-0.78072
	2580.00000000		4.74334		-0.77404
	2585.00000000		5.02985		-0.76456
	2590.00000000		5.43181		-0.74175
	2595.00000000		5.69023		-0.74876
	2600.00000000		5.49596		-0.79145
	2605.00000000		5.35724		-0.78962
	2610.00000000		5.29700		-0.78941
	2615.00000000		5.28943		-0.78419
	2620.00000000		5.26634		-0.81730
	2625.00000000		5.23140		-0.85468
	2630.00000000		5.33615		-0.88359
	2635.00000000		5.50708		-0.90822
	2640.00000000		5.67093		-0.92217
	2645.00000000		5.57639		-0.91935
	2650.00000000		5.54787		-0.89325
	2655.00000000		5.70356		-0.88269
	2660.00000000		6.01758		-0.90415
	2665.00000000		6.29646		-0.91984
	2670.00000000		6.41502		-0.92547
	2675.00000000		6.24208		-0.89870
	2680.00000000		6.00424		-0.89163
	2685.00000000		6.00367		-0.86038
	2690.00000000		6.09091		-0.83843
	2695.00000000		6.22502		-0.77923
	2700.00000000		6.22551		-0.73094
	2705.00000000		6.20823		-0.66476
	2710.00000000		6.11511		-0.61509
	2715.00000000		6.16565		-0.59103
	2720.00000000		6.32773		-0.56075
	2725.00000000		6.38741		-0.54638
	2730.00000000		6.26269		-0.51208
	2735.00000000		5.99109		-0.48755
	2740.00000000		6.07053		-0.48078
	2745.00000000		6.19446		-0.49784
	2750.00000000		6.41820		-0.52803
	2755.00000000		6.40895		-0.58191
	2760.00000000		6.31208		-0.64627
	2765.00000000		6.15068		-0.67859
	2770.00000000		5.89949		-0.67996
	2775.00000000		6.17364		-0.66973
	2780.00000000		6.29284		-0.71955
	2785.00000000		6.35435		-0.75487
	2790.00000000		6.08359		-0.83202
	2795.00000000		6.00575		-0.87607
	2800.00000000		6.00176		-0.88197
	2805.00000000		5.94569		-0.89717
	2810.00000000		5.96135		-0.88086
	2815.00000000		5.60428		-0.96151
	2820.00000000		5.69342		-0.96202
	2825.00000000		5.68956		-1.00694
	2830.00000000		5.99085		-0.92273
	2835.00000000		5.99018		-0.87485
	2840.00000000		5.77459		-0.84913
	2845.00000000		5.39676		-0.85929
	2850.00000000		5.37840		-0.87788
	2855.00000000		5.89913		-0.82115
	2860.00000000		6.10879		-0.81916
	2865.00000000		6.13354		-0.78504
	2870.00000000		5.78570		-0.82573
	2875.00000000		5.65632		-0.80060
	2880.00000000		5.74363		-0.77088
	2885.00000000		5.93852		-0.71957
	2890.00000000		6.14423		-0.61480
	2895.00000000		6.03027		-0.56591
	2900.00000000		5.71511		-0.53385
	2905.00000000		5.49361		-0.54894
	2910.00000000		5.80511		-0.58199
	2915.00000000		6.10569		-0.58471
	2920.00000000		6.21458		-0.58735
	2925.00000000		5.76856		-0.59640
	2930.00000000		5.53562		-0.61096
	2935.00000000		5.59394		-0.58570
	2940.00000000		5.79752		-0.57449
	2945.00000000		6.01549		-0.56436
	2950.00000000		5.94160		-0.56026
	2955.00000000		5.90394		-0.55890
	2960.00000000		5.71635		-0.55803
	2965.00000000		5.82421		-0.56641
	2970.00000000		5.85699		-0.54395
	2975.00000000		5.98473		-0.52001
	2980.00000000		6.03438		-0.50416
	2985.00000000		6.00755		-0.52079
	2990.00000000		6.02483		-0.54846
	2995.00000000		6.06013		-0.58154
	3000.00000000		6.38349		-0.59360
	3005.00000000		6.54714		-0.59133
	3010.00000000		6.68159		-0.56979
	3015.00000000		6.40889		-0.59448
	3020.00000000		6.61100		-0.61009
	3025.00000000		6.84472		-0.63055
	3030.00000000		7.14667		-0.62889
	3035.00000000		7.24971		-0.59556
	3040.00000000		7.07957		-0.58727
	3045.00000000		6.92403		-0.58117
	3050.00000000		6.83709		-0.62592
	3055.00000000		6.99442		-0.63793
	3060.00000000		6.97066		-0.63395
	3065.00000000		6.83953		-0.60764
	3070.00000000		6.68472		-0.55568
	3075.00000000		6.57410		-0.54342
	3080.00000000		6.82770		-0.51819
	3085.00000000		6.86809		-0.50746
	3090.00000000		6.86981		-0.50573
	3095.00000000		6.66829		-0.51238
	3100.00000000		6.63472		-0.51616
	3105.00000000		6.69376		-0.49378
	3110.00000000		6.78569		-0.44061
	3115.00000000		6.74413		-0.38326
	3120.00000000		6.79002		-0.36642
	3125.00000000		6.95078		-0.37191
	3130.00000000		7.03600		-0.42472
	3135.00000000		6.98242		-0.47046
	3140.00000000		6.78798		-0.45683
	3145.00000000		6.78226		-0.40500
	3150.00000000		6.83665		-0.38273
	3155.00000000		7.09440		-0.43209
	3160.00000000		7.14395		-0.49566
	3165.00000000		6.89447		-0.51534
	3170.00000000		6.67478		-0.48509
	3175.00000000		6.57128		-0.45977
	3180.00000000		6.75135		-0.48080
	3185.00000000		6.92634		-0.53572
	3190.00000000		6.93480		-0.58576
	3195.00000000		6.80050		-0.61893
	3200.00000000		6.74057		-0.63797
	3205.00000000		6.58913		-0.62195
	3210.00000000		6.52359		-0.59492
	3215.00000000		6.60371		-0.58961
	3220.00000000		6.82934		-0.62051
	3225.00000000		7.15569		-0.67379
	3230.00000000		7.38439		-0.68694
	3235.00000000		7.34924		-0.66220
	3240.00000000		7.11466		-0.64789
	3245.00000000		7.06177		-0.61768
	3250.00000000		7.25634		-0.63503
	3255.00000000		7.47297		-0.62277
	3260.00000000		7.34783		-0.60545
	3265.00000000		7.20440		-0.56091
	3270.00000000		7.28506		-0.49432
	3275.00000000		7.52971		-0.44154
	3280.00000000		7.62795		-0.39210
	3285.00000000		7.45376		-0.39215
	3290.00000000		7.23488		-0.39213
	3295.00000000		7.12966		-0.41930
	3300.00000000		7.36926		-0.43776
	3305.00000000		7.49258		-0.45419
	3310.00000000		7.41114		-0.47072
	3315.00000000		7.18790		-0.46085
	3320.00000000		7.18451		-0.44421
	3325.00000000		7.53031		-0.39662
	3330.00000000		7.91056		-0.39988
	3335.00000000		7.98267		-0.40478
	3340.00000000		7.81451		-0.40783
	3345.00000000		7.51307		-0.39887
	3350.00000000		7.50971		-0.39753
	3355.00000000		7.63825		-0.41735
	3360.00000000		7.81674		-0.43119
	3365.00000000		7.63660		-0.46821
	3370.00000000		7.29806		-0.51197
	3375.00000000		7.28197		-0.55806
	3380.00000000		7.58844		-0.55878
	3385.00000000		7.85264		-0.55680
	3390.00000000		7.74840		-0.54764
	3395.00000000		7.45869		-0.54084
	3400.00000000		7.21392		-0.55222
	3405.00000000		7.16389		-0.57389
	3410.00000000		7.42643		-0.59112
	3415.00000000		7.69917		-0.60932
	3420.00000000		7.83992		-0.59431
	3425.00000000		7.84205		-0.53900
	3430.00000000		7.64715		-0.48403
	3435.00000000		7.49754		-0.46009
	3440.00000000		7.52084		-0.45953
	3445.00000000		7.67529		-0.53505
	3450.00000000		7.75028		-0.58719
	3455.00000000		7.64307		-0.56946
	3460.00000000		7.29671		-0.48737
	3465.00000000		7.04632		-0.36742
	3470.00000000		7.16662		-0.26731
	3475.00000000		7.43848		-0.22672
	3480.00000000		7.46690		-0.20857
	3485.00000000		7.30257		-0.19585
	3490.00000000		7.23127		-0.15445
	3495.00000000		7.23066		-0.10481
	3500.00000000		7.24978		-0.06926
	3505.00000000		7.19455		-0.03601
	3510.00000000		7.14044		-0.06186
	3515.00000000		7.07293		-0.15354
	3520.00000000		7.15258		-0.27304
	3525.00000000		7.22815		-0.34974
	3530.00000000		6.99824		-0.40608
	3535.00000000		6.77465		-0.42486
	3540.00000000		6.71127		-0.46192
	3545.00000000		6.85359		-0.50558
	3550.00000000		6.96508		-0.54424
	3555.00000000		7.02780		-0.54952
	3560.00000000		7.06988		-0.53145
	3565.00000000		7.17520		-0.49249
	3570.00000000		7.44818		-0.51934
	3575.00000000		7.65580		-0.57003
	3580.00000000		7.60115		-0.58663
	3585.00000000		7.47981		-0.56623
	3590.00000000		7.57968		-0.52340
	3595.00000000		7.66263		-0.53049
	3600.00000000		7.52754		-0.57622
	3605.00000000		7.35656		-0.62418
	3610.00000000		7.21766		-0.62927
	3615.00000000		7.26334		-0.56388
	3620.00000000		7.36022		-0.51161
	3625.00000000		7.37885		-0.50755
	3630.00000000		7.28485		-0.51603
	3635.00000000		7.18773		-0.49386
	3640.00000000		7.20881		-0.43838
	3645.00000000		7.40741		-0.38610
	3650.00000000		7.69595		-0.37198
	3655.00000000		7.66666		-0.36889
	3660.00000000		7.45492		-0.37408
	3665.00000000		7.30919		-0.37501
	3670.00000000		7.34606		-0.35674
	3675.00000000		7.36169		-0.35487
	3680.00000000		7.31864		-0.35631
	3685.00000000		7.22432		-0.35291
	3690.00000000		7.24446		-0.33449
	3695.00000000		7.37787		-0.32648
	3700.00000000		7.49690		-0.33930
	3705.00000000		7.43421		-0.33822
	3710.00000000		7.15888		-0.30290
	3715.00000000		6.93887		-0.25376
	3720.00000000		7.02115		-0.21747
	3725.00000000		7.11997		-0.20843
	3730.00000000		7.34755		-0.21847
	3735.00000000		7.44412		-0.23959
	3740.00000000		7.51039		-0.25243
	3745.00000000		7.62300		-0.23999
	3750.00000000		7.72450		-0.16567
	3755.00000000		7.74508		-0.12858
	3760.00000000		7.71305		-0.11753
	3765.00000000		7.66715		-0.10441
	3770.00000000		7.72428		-0.09240
	3775.00000000		7.77555		-0.09161
	3780.00000000		7.93490		-0.10565
	3785.00000000		7.88244		-0.08812
	3790.00000000		7.71304		-0.09684
	3795.00000000		7.62470		-0.09682
	3800.00000000		7.82472		-0.11159
	3805.00000000		8.08769		-0.13050
	3810.00000000		8.24645		-0.19754
	3815.00000000		8.31212		-0.23999
	3820.00000000		8.14393		-0.23908
	3825.00000000		8.08667		-0.22449
	3830.00000000		8.15040		-0.22489
	3835.00000000		8.37720		-0.29625
	3840.00000000		8.47499		-0.36402
	3845.00000000		8.42787		-0.41445
	3850.00000000		8.30916		-0.41895
	3855.00000000		8.22869		-0.40992
	3860.00000000		8.40228		-0.44505
	3865.00000000		8.54521		-0.48609
	3870.00000000		8.54411		-0.51148
	3875.00000000		8.35301		-0.46032
	3880.00000000		8.21204		-0.43211
	3885.00000000		8.31697		-0.44987
	3890.00000000		8.54566		-0.51393
	3895.00000000		8.51147		-0.52703
	3900.00000000		8.26937		-0.50253
	3905.00000000		8.04287		-0.45726
	3910.00000000		8.03771		-0.41290
	3915.00000000		8.11079		-0.42371
	3920.00000000		8.11005		-0.44796
	3925.00000000		8.10044		-0.45179
	3930.00000000		8.06779		-0.37851
	3935.00000000		8.15248		-0.28904
	3940.00000000		8.19364		-0.24172
	3945.00000000		8.16266		-0.24407
	3950.00000000		7.98796		-0.27049
	3955.00000000		7.67822		-0.29510
	3960.00000000		7.59322		-0.28841
	3965.00000000		7.83871		-0.23256
	3970.00000000		7.93104		-0.21768
	3975.00000000		7.76692		-0.23156
	3980.00000000		7.60068		-0.23482
	3985.00000000		7.76320		-0.24082
	3990.00000000		8.04975		-0.24249
	3995.00000000		8.14702		-0.26950
	4000.00000000		8.01974		-0.28389
	4005.00000000		7.64559		-0.26654
	4010.00000000		7.37998		-0.22416
	4015.00000000		7.28397		-0.20352
	4020.00000000		7.29236		-0.27707
	4025.00000000		7.22370		-0.37319
	4030.00000000		7.19273		-0.41238
	4035.00000000		7.01874		-0.35356
	4040.00000000		6.87136		-0.28985
	4045.00000000		6.68504		-0.29076
	4050.00000000		6.57012		-0.36220
	4055.00000000		6.69547		-0.42177
	4060.00000000		6.64674		-0.42127
	4065.00000000		6.59845		-0.39121
	4070.00000000		6.25740		-0.38113
	4075.00000000		6.23202		-0.41636
	4080.00000000		6.10864		-0.47315
	4085.00000000		6.19644		-0.49091
	4090.00000000		6.08539		-0.46729
	4095.00000000		5.94582		-0.42197
	4100.00000000		5.93910		-0.39175
	4105.00000000		5.74112		-0.42991
	4110.00000000		5.79831		-0.53308
	4115.00000000		5.61917		-0.60372
	4120.00000000		5.66773		-0.59231
	4125.00000000		5.52228		-0.54480
	4130.00000000		5.72213		-0.50835
	4135.00000000		5.65938		-0.50626
	4140.00000000		5.45259		-0.53112
	4145.00000000		5.35865		-0.52713
	4150.00000000		5.32951		-0.50419
	4155.00000000		5.56174		-0.47318
	4160.00000000		5.68645		-0.51266
	4165.00000000		5.66631		-0.55449
	4170.00000000		5.44017		-0.62798
	4175.00000000		5.40617		-0.61589
	4180.00000000		5.26085		-0.56353
	4185.00000000		5.41610		-0.52174
	4190.00000000		5.26876		-0.54050
	4195.00000000		5.23213		-0.59491
	4200.00000000		5.17183		-0.57734
	4205.00000000		5.19020		-0.51242
	4210.00000000		5.23055		-0.42357
	4215.00000000		5.26342		-0.42484
	4220.00000000		5.26741		-0.47509
	4225.00000000		5.32771		-0.49881
	4230.00000000		5.50936		-0.47969
	4235.00000000		5.70472		-0.42082
	4240.00000000		5.89410		-0.36480
	4245.00000000		5.79337		-0.29339
	4250.00000000		5.72219		-0.28728
	4255.00000000		5.65444		-0.26109
	4260.00000000		5.79361		-0.22696
	4265.00000000		5.88086		-0.17182
	4270.00000000		5.88649		-0.11110
	4275.00000000		5.82568		-0.07294
	4280.00000000		5.77088		-0.07304
	4285.00000000		5.74986		-0.09938
	4290.00000000		5.70133		-0.08284
	4295.00000000		5.59356		-0.07822
	4300.00000000		5.52112		-0.13239
	4305.00000000		5.57435		-0.29372
	4310.00000000		5.71050		-0.40190
	4315.00000000		6.02356		-0.40115
	4320.00000000		6.19115		-0.32923
	4325.00000000		6.20525		-0.22384
	4330.00000000		6.01809		-0.18243
	4335.00000000		5.97567		-0.20044
	4340.00000000		5.99999		-0.22541
	4345.00000000		6.12518		-0.20370
	4350.00000000		6.14329		-0.18404
	4355.00000000		6.10283		-0.13397
	4360.00000000		5.95343		-0.06793
	4365.00000000		5.83964		-0.01352
	4370.00000000		5.76641		-0.00450
	4375.00000000		5.64428		0.01464
	4380.00000000		5.60771		0.09473
	4385.00000000		5.60866		0.10298
	4390.00000000		5.68053		0.04169
	4395.00000000		5.66946		-0.01370
	4400.00000000		5.73067		-0.03923
	4405.00000000		5.67538		-0.00025
	4410.00000000		5.49890		0.03991
	4415.00000000		5.27368		0.07478
	4420.00000000		5.28460		0.03896
	4425.00000000		5.37279		-0.00261
	4430.00000000		5.50198		-0.03318
	4435.00000000		5.50099		-0.04349
	4440.00000000		5.35948		-0.03674
	4445.00000000		5.18496		-0.02787
	4450.00000000		5.19597		0.02426
	4455.00000000		5.20939		0.07570
	4460.00000000		5.29865		0.08513
	4465.00000000		5.34777		0.03416
	4470.00000000		5.34970		-0.02556
	4475.00000000		5.30872		-0.03147
	4480.00000000		5.22509		0.04012
	4485.00000000		5.22716		0.12621
	4490.00000000		5.26573		0.17058
	4495.00000000		5.55951		0.12933
	4500.00000000		5.68085		0.07942
	4505.00000000		5.52943		0.08239
	4510.00000000		5.27819		0.10014
	4515.00000000		5.21807		0.15538
	4520.00000000		5.49228		0.14376
	4525.00000000		5.57807		0.14910
	4530.00000000		5.67019		0.12899
	4535.00000000		5.68062		0.17637
	4540.00000000		5.71475		0.25517
	4545.00000000		5.84532		0.26036
	4550.00000000		5.85953		0.22399
	4555.00000000		6.02711		0.07456
	4560.00000000		6.17882		-0.04494
	4565.00000000		6.16471		-0.09966
	4570.00000000		5.99144		-0.06710
	4575.00000000		5.95264		-0.06016
	4580.00000000		6.08052		-0.07076
	4585.00000000		6.16118		-0.11785
	4590.00000000		5.99495		-0.18428
	4595.00000000		5.85991		-0.24398
	4600.00000000		5.84921		-0.29805
	4605.00000000		6.08290		-0.24813
	4610.00000000		6.47827		-0.17735
	4615.00000000		6.61516		-0.13527
	4620.00000000		6.47567		-0.16219
	4625.00000000		6.40337		-0.21933
	4630.00000000		6.52621		-0.25499
	4635.00000000		6.65326		-0.22280
	4640.00000000		6.64376		-0.15288
	4645.00000000		6.54792		-0.08286
	4650.00000000		6.50003		-0.04789
	4655.00000000		6.46382		-0.02589
	4660.00000000		6.56935		-0.00579
	4665.00000000		6.68573		0.03509
	4670.00000000		6.65767		0.08733
	4675.00000000		6.58483		0.12091
	4680.00000000		6.61167		0.14579
	4685.00000000		6.79842		0.14750
	4690.00000000		7.01486		0.14051
	4695.00000000		6.91363		0.12945
	4700.00000000		6.68652		0.09061
	4705.00000000		6.66423		0.05232
	4710.00000000		6.77793		0.00792
	4715.00000000		6.94233		-0.00820
	4720.00000000		6.96939		-0.00947
	4725.00000000		6.91087		-0.04619
	4730.00000000		6.90064		-0.09914
	4735.00000000		6.97922		-0.16348
	4740.00000000		7.04046		-0.15595
	4745.00000000		6.86481		-0.13944
	4750.00000000		6.66762		-0.14477
	4755.00000000		6.68600		-0.19940
	4760.00000000		6.81789		-0.29457
	4765.00000000		6.86449		-0.38678
	4770.00000000		6.49948		-0.38202
	4775.00000000		6.17556		-0.31870
	4780.00000000		6.04985		-0.26198
	4785.00000000		6.20341		-0.26181
	4790.00000000		6.31068		-0.29606
	4795.00000000		6.22148		-0.29823
	4800.00000000		6.04831		-0.25589
	4805.00000000		6.06186		-0.18622
	4810.00000000		6.19746		-0.11670
	4815.00000000		6.29098		-0.04840
	4820.00000000		6.32048		-0.01045
	4825.00000000		6.14478		0.00023
	4830.00000000		6.17461		-0.00420
	4835.00000000		6.42400		0.00249
	4840.00000000		6.49898		0.04137
	4845.00000000		6.29331		0.12298
	4850.00000000		6.23935		0.14534
	4855.00000000		6.37220		0.14471
	4860.00000000		6.53998		0.13314
	4865.00000000		6.53147		0.10893
	4870.00000000		6.55752		0.14441
	4875.00000000		6.61938		0.16619
	4880.00000000		6.77458		0.20977
	4885.00000000		6.86775		0.21523
	4890.00000000		6.85175		0.23658
	4895.00000000		6.71022		0.21925
	4900.00000000		6.69227		0.23034
	4905.00000000		6.80910		0.24470
	4910.00000000		7.03928		0.20405
	4915.00000000		6.98103		0.22001
	4920.00000000		6.79234		0.16591
	4925.00000000		6.71614		0.16436
	4930.00000000		6.91889		0.11493
	4935.00000000		7.12448		0.07327
	4940.00000000		7.18079		0.01329
	4945.00000000		6.99882		-0.02283
	4950.00000000		6.85597		-0.03777
	4955.00000000		7.03196		-0.02620
	4960.00000000		7.47471		-0.01518
	4965.00000000		7.73288		-0.08266
	4970.00000000		7.61247		-0.13965
	4975.00000000		7.32672		-0.20090
	4980.00000000		7.14002		-0.19466
	4985.00000000		7.24395		-0.19877
	4990.00000000		7.41214		-0.21401
	4995.00000000		7.23189		-0.23669
	5000.00000000		7.02386		-0.24865
	5005.00000000		6.90580		-0.24227
	5010.00000000		7.17605		-0.20851
	5015.00000000		7.49455		-0.12369
	5020.00000000		7.45494		-0.04921
	5025.00000000		7.04378		0.02252
	5030.00000000		6.86599		-0.00862
	5035.00000000		6.95018		-0.02099
	5040.00000000		7.25737		-0.06480
	5045.00000000		7.52608		-0.05716
	5050.00000000		7.39452		-0.03195
	5055.00000000		7.12771		0.00270
	5060.00000000		7.02564		0.02068
	5065.00000000		7.28626		-0.01508
	5070.00000000		7.43657		-0.03816
	5075.00000000		7.37495		-0.05671
	5080.00000000		7.18693		-0.00459
	5085.00000000		6.98265		0.04017
	5090.00000000		6.93681		0.04484
	5095.00000000		6.94687		0.00045
	5100.00000000		6.97788		-0.10146
	5105.00000000		6.88576		-0.12002
	5110.00000000		6.85232		-0.13183
	5115.00000000		6.72161		-0.07653
	5120.00000000		6.68870		-0.11669
	5125.00000000		6.62143		-0.17158
	5130.00000000		6.75718		-0.21021
	5135.00000000		7.14591		-0.19845
	5140.00000000		7.34672		-0.14931
	5145.00000000		7.17119		-0.12569
	5150.00000000		6.83673		-0.08436
	5155.00000000		6.64979		-0.11815
	5160.00000000		6.60470		-0.08141
	5165.00000000		6.81689		-0.09411
	5170.00000000		6.99982		-0.06925
	5175.00000000		6.97245		-0.04883
	5180.00000000		6.77138		-0.03549
	5185.00000000		6.58318		-0.01417
	5190.00000000		6.57738		-0.00516
	5195.00000000		6.58618		-0.01424
	5200.00000000		6.63462		-0.07795
	5205.00000000		6.65457		-0.11429
	5210.00000000		6.76380		-0.10638
	5215.00000000		6.74141		0.00443
	5220.00000000		6.62566		0.04453
	5225.00000000		6.35549		0.06530
	5230.00000000		6.26876		-0.01337
	5235.00000000		6.44036		-0.08475
	5240.00000000		6.48593		-0.08311
	5245.00000000		6.55620		-0.08041
	5250.00000000		6.43160		-0.01945
	5255.00000000		6.46684		-0.06134
	5260.00000000		6.50966		-0.11858
	5265.00000000		6.51266		-0.18697
	5270.00000000		6.51336		-0.20172
	5275.00000000		6.38857		-0.18383
	5280.00000000		6.42408		-0.22159
	5285.00000000		6.30546		-0.22751
	5290.00000000		6.51178		-0.27317
	5295.00000000		6.42128		-0.22064
	5300.00000000		6.29297		-0.18888
	5305.00000000		6.11632		-0.16597
	5310.00000000		6.06196		-0.17510
	5315.00000000		6.27730		-0.20673
	5320.00000000		6.15100		-0.23637
	5325.00000000		6.04743		-0.22406
	5330.00000000		6.06924		-0.19923
	5335.00000000		6.27613		-0.22490
	5340.00000000		6.27134		-0.24615
	5345.00000000		6.14521		-0.24584
	5350.00000000		6.10033		-0.21992
	5355.00000000		6.27392		-0.20130
	5360.00000000		6.39788		-0.19835
	5365.00000000		6.19691		-0.25105
	5370.00000000		6.03292		-0.31529
	5375.00000000		6.01650		-0.36481
	5380.00000000		6.34499		-0.37452
	5385.00000000		6.43753		-0.33980
	5390.00000000		6.23129		-0.31782
	5395.00000000		6.06079		-0.33852
	5400.00000000		6.19132		-0.39981
	5405.00000000		6.47587		-0.44777
	5410.00000000		6.62190		-0.46240
	5415.00000000		6.41982		-0.38608
	5420.00000000		6.26343		-0.31685
	5425.00000000		6.32820		-0.23769
	5430.00000000		6.61850		-0.22703
	5435.00000000		6.92296		-0.29269
	5440.00000000		6.91204		-0.34018
	5445.00000000		6.77860		-0.33391
	5450.00000000		6.53402		-0.29766
	5455.00000000		6.62134		-0.29017
	5460.00000000		6.78335		-0.26481
	5465.00000000		6.80206		-0.25757
	5470.00000000		6.65853		-0.21695
	5475.00000000		6.56372		-0.18923
	5480.00000000		6.47267		-0.15571
	5485.00000000		6.45750		-0.19591
	5490.00000000		6.59532		-0.23572
	5495.00000000		6.77819		-0.25406
	5500.00000000		7.09483		-0.26088
	5505.00000000		7.22075		-0.23466
	5510.00000000		7.01622		-0.23707
	5515.00000000		6.63100		-0.22856
	5520.00000000		6.42605		-0.24655
	5525.00000000		6.42922		-0.23730
	5530.00000000		6.51126		-0.22131
	5535.00000000		6.56877		-0.18262
	5540.00000000		6.33113		-0.12642
	5545.00000000		6.20384		-0.10965
	5550.00000000		6.27185		-0.09941
	5555.00000000		6.42765		-0.09631
	5560.00000000		6.22674		-0.09694
	5565.00000000		5.99073		-0.10824
	5570.00000000		5.98025		-0.08255
	5575.00000000		6.15378		-0.03662
	5580.00000000		6.35713		0.02255
	5585.00000000		6.26304		0.02587
	5590.00000000		6.13863		-0.01201
	5595.00000000		6.12174		-0.03569
	5600.00000000		6.22977		-0.04768
	5605.00000000		6.25123		-0.02084
	5610.00000000		6.10855		0.00935
	5615.00000000		6.07956		0.03694
	5620.00000000		6.12743		0.07783
	5625.00000000		6.32166		0.09127
	5630.00000000		6.30399		0.07972
	5635.00000000		6.19147		0.04207
	5640.00000000		6.15770		0.01545
	5645.00000000		6.12733		0.03230
	5650.00000000		6.14313		0.08765
	5655.00000000		6.08473		0.10814
	5660.00000000		6.02601		0.10448
	5665.00000000		6.00562		0.11010
	5670.00000000		6.00913		0.15449
	5675.00000000		6.01445		0.22677
	5680.00000000		6.00574		0.26364
	5685.00000000		5.87106		0.26969
	5690.00000000		5.83588		0.27952
	5695.00000000		5.91433		0.29854
	5700.00000000		6.08368		0.34472
	5705.00000000		6.10578		0.36594
	5710.00000000		5.90395		0.40328
	5715.00000000		5.71143		0.42004
	5720.00000000		5.65402		0.44262
	5725.00000000		5.73093		0.43970
	5730.00000000		5.83265		0.40136
	5735.00000000		5.88825		0.41147
	5740.00000000		5.88542		0.41291
	5745.00000000		5.69803		0.44795
	5750.00000000		5.48364		0.42610
	5755.00000000		5.35595		0.40758
	5760.00000000		5.39293		0.37145
	5765.00000000		5.51380		0.38489
	5770.00000000		5.48376		0.39206
	5775.00000000		5.18723		0.41356
	5780.00000000		5.02343		0.37892
	5785.00000000		5.24915		0.33737
	5790.00000000		5.52969		0.33929
	5795.00000000		5.67493		0.33303
	5800.00000000		5.45926		0.43401
	5805.00000000		5.50472		0.42837
	5810.00000000		5.62051		0.48287
	5815.00000000		5.75899		0.50875
	5820.00000000		5.75642		0.53441
	5825.00000000		5.54934		0.55625
	5830.00000000		5.39364		0.58346
	5835.00000000		5.37496		0.62037
	5840.00000000		5.56828		0.57330
	5845.00000000		5.50656		0.59598
	5850.00000000		5.33929		0.59016
	5855.00000000		5.03180		0.66455
	5860.00000000		5.13366		0.65942
	5865.00000000		5.26483		0.68258
	5870.00000000		5.44790		0.67016
	5875.00000000		5.54143		0.66899
	5880.00000000		5.43015		0.67923
	5885.00000000		5.32902		0.64590
	5890.00000000		5.13498		0.67575
	5895.00000000		5.17777		0.62569
	5900.00000000		4.97131		0.62896
	5905.00000000		5.12859		0.56709
	5910.00000000		5.10232		0.60598
	5915.00000000		5.11289		0.59777
	5920.00000000		5.05836		0.61421
	5925.00000000		5.07558		0.62189
	5930.00000000		5.27965		0.61164
	5935.00000000		5.47677		0.59186
	5940.00000000		5.65496		0.55353
	5945.00000000		5.79496		0.58059
	5950.00000000		6.01212		0.56327
	5955.00000000		6.14150		0.63637
	5960.00000000		5.98685		0.60108
	5965.00000000		5.74942		0.57410
	5970.00000000		5.82269		0.49854
	5975.00000000		6.21532		0.51029
	5980.00000000		6.17027		0.52598
	5985.00000000		5.90258		0.56364
	5990.00000000		5.81779		0.62290
	5995.00000000		5.89501		0.63122
	6000.00000000		5.93851		0.60967
	6005.00000000		5.91580		0.58403
	6010.00000000		5.90492		0.59969
	6015.00000000		5.84122		0.56649
	6020.00000000		5.82899		0.59104
	6025.00000000		6.09995		0.58794
	6030.00000000		6.44525		0.61380
	6035.00000000		6.60922		0.60858
	6040.00000000		6.43241		0.60207
	6045.00000000		6.02339		0.57011
	6050.00000000		5.77293		0.52142
	6055.00000000		5.88271		0.52635
	6060.00000000		6.37079		0.53853
	6065.00000000		6.47285		0.61676
	6070.00000000		6.09938		0.59269
	6075.00000000		5.69308		0.55468
	6080.00000000		5.84702		0.55234
	6085.00000000		6.31177		0.55099
	6090.00000000		6.50274		0.58354
	6095.00000000		6.34569		0.59152
	6100.00000000		5.97669		0.59184
	6105.00000000		5.95555		0.59636
	6110.00000000		6.21763		0.62517
	6115.00000000		6.28942		0.65898
	6120.00000000		5.97944		0.69963
	6125.00000000		6.01210		0.69577
	6130.00000000		6.38983		0.71528
	6135.00000000		6.71446		0.72354
	6140.00000000		6.66550		0.73700
	6145.00000000		6.42644		0.80923
	6150.00000000		6.46246		0.76873
	6155.00000000		6.57495		0.82129
	6160.00000000		6.80521		0.82286
	6165.00000000		6.79908		0.83888
	6170.00000000		6.49048		0.84565
	6175.00000000		6.08705		0.84113
	6180.00000000		6.11682		0.87276
	6185.00000000		6.46672		0.91698
	6190.00000000		6.62406		0.96150
	6195.00000000		6.33869		0.94022
	6200.00000000		6.09755		0.94227
	6205.00000000		6.31982		0.95141
	6210.00000000		6.51292		1.03598
	6215.00000000		6.28450		1.03324
	6220.00000000		5.85004		1.06485
	6225.00000000		5.69352		1.02897
	6230.00000000		5.79990		1.05189
	6235.00000000		6.12315		1.08718
	6240.00000000		6.39414		1.08697
	6245.00000000		6.23632		1.11753
	6250.00000000		5.91887		1.08947
	6255.00000000		5.91423		1.11221
	6260.00000000		6.12118		1.10072
	6265.00000000		6.20820		1.11725
	6270.00000000		6.01436		1.08806
	6275.00000000		5.70853		1.09805
	6280.00000000		5.49394		1.05919
	6285.00000000		5.37433		1.04647
	6290.00000000		5.39369		1.06322
	6295.00000000		5.40473		1.05388
	6300.00000000		5.10209		1.05588
	6305.00000000		5.00431		0.99115
	6310.00000000		4.86717		1.05161
	6315.00000000		5.06603		1.04897
	6320.00000000		5.19033		1.13497
	6325.00000000		5.37926		1.13220
	6330.00000000		5.24141		1.18204
	6335.00000000		5.03627		1.17190
	6340.00000000		4.91352		1.21066
	6345.00000000		5.01092		1.26831
	6350.00000000		5.38899		1.30090
	6355.00000000		5.58531		1.32176
	6360.00000000		5.64868		1.26691
	6365.00000000		5.40696		1.26940
	6370.00000000		5.19899		1.22590
	6375.00000000		5.04527		1.25343
	6380.00000000		5.11884		1.20424
	6385.00000000		5.15399		1.17737
	6390.00000000		5.20639		1.14830
	6395.00000000		5.21655		1.14123
	6400.00000000		5.12788		1.13646
	6405.00000000		5.08173		1.07445
	6410.00000000		5.03599		1.03100
	6415.00000000		5.04962		1.01638
	6420.00000000		5.19119		1.05359
	6425.00000000		5.38671		1.07934
	6430.00000000		5.43322		1.08562
	6435.00000000		5.31888		1.05299
	6440.00000000		5.18937		1.00211
	6445.00000000		5.20913		0.99672
	6450.00000000		5.34772		1.02985
	6455.00000000		5.49273		1.10692
	6460.00000000		5.62716		1.13311
	6465.00000000		5.66882		1.11758
	6470.00000000		5.66826		1.09496
	6475.00000000		5.62711		1.12571
	6480.00000000		5.69805		1.12057
	6485.00000000		5.69596		1.13281
	6490.00000000		5.78514		1.11855
	6495.00000000		5.85574		1.08895
	6500.00000000		5.75895		1.09109
	6505.00000000		5.60280		1.06589
	6510.00000000		5.50877		1.02963
	6515.00000000		5.68818		0.97539
	6520.00000000		5.92803		0.92712
	6525.00000000		5.97900		0.87243
	6530.00000000		5.61899		0.85269
	6535.00000000		5.33346		0.83729
	6540.00000000		5.17772		0.81159
	6545.00000000		5.18050		0.80908
	6550.00000000		5.33872		0.82063
	6555.00000000		5.49224		0.88892
	6560.00000000		5.54834		0.90753
	6565.00000000		5.49441		0.91611
	6570.00000000		5.50148		0.88188
	6575.00000000		5.36294		0.91020
	6580.00000000		5.38089		0.95156
	6585.00000000		5.36640		1.01994
	6590.00000000		5.48339		1.03162
	6595.00000000		5.48510		1.02932
	6600.00000000		5.43197		1.04027
	6605.00000000		5.33137		1.05029
	6610.00000000		5.25816		1.09503
	6615.00000000		5.28025		1.08518
	6620.00000000		5.32979		1.06737
	6625.00000000		5.55857		1.03188
	6630.00000000		5.77275		1.02389
	6635.00000000		5.61614		1.06973
	6640.00000000		5.41280		1.03919
	6645.00000000		5.38189		1.02985
	6650.00000000		5.43273		1.02409
	6655.00000000		5.56672		0.98974
	6660.00000000		5.39634		0.94929
	6665.00000000		5.12823		0.90160
	6670.00000000		4.91694		0.93024
	6675.00000000		5.10554		0.98754
	6680.00000000		5.35008		1.00702
	6685.00000000		5.59206		0.97691
	6690.00000000		5.63476		0.95612
	6695.00000000		5.64283		0.98166
	6700.00000000		5.63531		1.02423
	6705.00000000		5.58605		1.03977
	6710.00000000		5.38584		1.01214
	6715.00000000		5.11483		1.02979
	6720.00000000		4.71735		1.06644
	6725.00000000		4.69653		1.07246
	6730.00000000		4.98305		1.01712
	6735.00000000		5.23065		0.91577
	6740.00000000		5.16063		0.85680
	6745.00000000		4.68531		0.89843
	6750.00000000		4.79592		0.99366
	6755.00000000		5.04148		1.05954
	6760.00000000		5.26315		1.02715
	6765.00000000		5.11102		0.97995
	6770.00000000		4.77360		0.97528
	6775.00000000		4.60859		1.01382
	6780.00000000		4.61254		1.08991
	6785.00000000		4.92781		1.05662
	6790.00000000		5.02329		1.02371
	6795.00000000		5.11533		0.99192
	6800.00000000		4.85237		1.03596
	6805.00000000		4.61341		1.04900
	6810.00000000		4.49624		1.08219
	6815.00000000		4.52061		1.08003
	6820.00000000		4.53672		1.11176
	6825.00000000		4.39855		1.17361
	6830.00000000		4.53714		1.14062
	6835.00000000		4.63865		1.15125
	6840.00000000		5.01240		1.11699
	6845.00000000		5.05340		1.13974
	6850.00000000		4.93259		1.13287
	6855.00000000		4.74969		1.12437
	6860.00000000		4.76520		1.04612
	6865.00000000		4.96617		0.96400
	6870.00000000		5.03128		0.88703
	6875.00000000		4.82703		0.88183
	6880.00000000		4.48968		0.96095
	6885.00000000		4.56990		0.94254
	6890.00000000		4.51952		0.94720
	6895.00000000		4.78615		0.79264
	6900.00000000		4.71897		0.69765
	6905.00000000		4.68555		0.62779
	6910.00000000		4.69358		0.59462
	6915.00000000		4.74699		0.61065
	6920.00000000		4.83109		0.62980
	6925.00000000		4.69952		0.72796
	6930.00000000		4.64666		0.75383
	6935.00000000		4.51743		0.80052
	6940.00000000		4.87273		0.65413
	6945.00000000		5.07777		0.55411
	6950.00000000		5.13408		0.53341
	6955.00000000		4.91227		0.60537
	6960.00000000		4.98698		0.69127
	6965.00000000		5.08085		0.70782
	6970.00000000		5.19008		0.70139
	6975.00000000		5.27410		0.64164
	6980.00000000		5.25556		0.65285
	6985.00000000		5.20665		0.68097
	6990.00000000		5.09534		0.65034
	6995.00000000		5.09420		0.59266
	7000.00000000		4.99098		0.56813
	7005.00000000		5.29284		0.57249
	7010.00000000		5.24518		0.64720
	7015.00000000		5.59927		0.63473
	7020.00000000		5.57648		0.64078
	7025.00000000		5.53535		0.58286
	7030.00000000		5.27447		0.55386
	7035.00000000		5.12834		0.57605
	7040.00000000		5.17343		0.66763
	7045.00000000		5.32701		0.72731
	7050.00000000		5.72725		0.76193
	7055.00000000		5.98829		0.81610
	7060.00000000		6.05221		0.79660
	7065.00000000		5.68054		0.80113
	7070.00000000		5.47628		0.77097
	7075.00000000		5.44105		0.78591
	7080.00000000		5.47534		0.82264
	7085.00000000		5.57366		0.86968
	7090.00000000		5.59279		0.94069
	7095.00000000		5.81898		0.93939
	7100.00000000		5.89449		0.97810
	7105.00000000		5.87817		0.97120
	7110.00000000		5.68852		0.99553
	7115.00000000		5.64745		1.00789
	7120.00000000		5.77099		1.02561
	7125.00000000		5.84429		1.02030
	7130.00000000		5.78771		1.05605
	7135.00000000		5.75685		1.08295
	7140.00000000		5.85188		1.11990
	7145.00000000		5.95870		1.14285
	7150.00000000		6.14047		1.11301
	7155.00000000		6.19669		1.07140
	7160.00000000		6.07292		1.04545
	7165.00000000		6.00264		1.04867
	7170.00000000		6.06154		1.09892
	7175.00000000		6.16806		1.13590
	7180.00000000		6.16125		1.20553
	7185.00000000		6.06712		1.15283
	7190.00000000		5.71929		1.09235
	7195.00000000		5.68597		1.00257
	7200.00000000		5.95536		1.04411
	7205.00000000		6.36391		1.18097
	7210.00000000		6.80781		1.28224
	7215.00000000		6.83460		1.34242
	7220.00000000		6.48799		1.26159
	7225.00000000		5.98927		1.21193
	7230.00000000		6.11784		1.13628
	7235.00000000		6.42738		1.20480
	7240.00000000		6.74541		1.22768
	7245.00000000		6.66783		1.29357
	7250.00000000		6.40220		1.32686
	7255.00000000		6.26331		1.32003
	7260.00000000		6.18419		1.27844
	7265.00000000		6.35176		1.24248
	7270.00000000		6.35351		1.27581
	7275.00000000		6.29644		1.31576
	7280.00000000		6.09542		1.37232
	7285.00000000		5.99908		1.36221
	7290.00000000		5.97298		1.33431
	7295.00000000		5.98437		1.28367
	7300.00000000		5.97281		1.29322
	7305.00000000		5.95616		1.33611
	7310.00000000		5.99887		1.35028
	7315.00000000		6.03553		1.34101
	7320.00000000		6.18321		1.25788
	7325.00000000		6.13746		1.26716
	7330.00000000		6.12494		1.31060
	7335.00000000		6.08425		1.35386
	7340.00000000		5.94234		1.31234
	7345.00000000		5.74659		1.26127
	7350.00000000		5.70289		1.24140
	7355.00000000		5.77097		1.28987
	7360.00000000		5.85328		1.31616
	7365.00000000		5.83696		1.30908
	7370.00000000		5.75191		1.30093
	7375.00000000		5.74200		1.21625
	7380.00000000		5.56624		1.20072
	7385.00000000		5.51770		1.20443
	7390.00000000		5.52417		1.29976
	7395.00000000		5.62250		1.37275
	7400.00000000		5.55749		1.35039
	7405.00000000		5.39798		1.30214
	7410.00000000		5.34965		1.24734
	7415.00000000		5.32824		1.29074
	7420.00000000		5.50894		1.31414
	7425.00000000		5.38377		1.35932
	7430.00000000		5.17399		1.32765
	7435.00000000		5.03211		1.29082
	7440.00000000		5.15067		1.26685
	7445.00000000		5.62746		1.25929
	7450.00000000		5.94034		1.31762
	7455.00000000		5.93543		1.35220
	7460.00000000		5.71270		1.34672
	7465.00000000		5.78041		1.27825
	7470.00000000		5.85156		1.27595
	7475.00000000		6.11520		1.22136
	7480.00000000		6.20259		1.24706
	7485.00000000		6.23506		1.24442
	7490.00000000		6.12582		1.28099
	7495.00000000		6.04383		1.27825
	7500.00000000		5.97174		1.27341
	7505.00000000		5.81545		1.21340
	7510.00000000		5.72312		1.15746
	7515.00000000		5.60804		1.18006
	7520.00000000		5.96462		1.22692
	7525.00000000		6.47403		1.28793
	7530.00000000		6.51204		1.27622
	7535.00000000		6.03030		1.24968
	7540.00000000		5.82679		1.21727
	7545.00000000		6.06313		1.26359
	7550.00000000		6.57511		1.29815
	7555.00000000		6.90674		1.28857
	7560.00000000		6.84907		1.29961
	7565.00000000		6.59801		1.29005
	7570.00000000		6.36291		1.33237
	7575.00000000		6.43546		1.30387
	7580.00000000		6.60489		1.32366
	7585.00000000		6.79666		1.26392
	7590.00000000		6.69192		1.25955
	7595.00000000		6.46371		1.23433
	7600.00000000		6.32160		1.19598
	7605.00000000		6.51974		1.22898
	7610.00000000		6.82517		1.23753
	7615.00000000		7.03252		1.28832
	7620.00000000		7.04947		1.24734
	7625.00000000		6.81571		1.25022
	7630.00000000		6.75911		1.19232
	7635.00000000		6.93146		1.19522
	7640.00000000		7.27688		1.17563
	7645.00000000		7.37760		1.17573
	7650.00000000		7.23695		1.15885
	7655.00000000		7.14813		1.14585
	7660.00000000		7.21724		1.22241
	7665.00000000		7.33208		1.29088
	7670.00000000		7.29770		1.35846
	7675.00000000		7.13163		1.33565
	7680.00000000		7.02575		1.29617
	7685.00000000		7.04556		1.29364
	7690.00000000		7.10008		1.29972
	7695.00000000		7.12157		1.33630
	7700.00000000		7.24286		1.32022
	7705.00000000		7.37878		1.28574
	7710.00000000		7.35445		1.24022
	7715.00000000		7.27346		1.27675
	7720.00000000		7.18020		1.35220
	7725.00000000		7.24328		1.41288
	7730.00000000		7.47387		1.38156
	7735.00000000		7.61831		1.27437
	7740.00000000		7.54679		1.20435
	7745.00000000		7.40680		1.18552
	7750.00000000		7.38349		1.26895
	7755.00000000		7.60089		1.35644
	7760.00000000		7.82855		1.35595
	7765.00000000		7.78738		1.34661
	7770.00000000		7.60511		1.31724
	7775.00000000		7.54385		1.35167
	7780.00000000		7.63475		1.37187
	7785.00000000		7.71528		1.34359
	7790.00000000		7.74609		1.33580
	7795.00000000		7.89082		1.37288
	7800.00000000		8.09528		1.44831
	7805.00000000		8.24623		1.41952
	7810.00000000		8.13488		1.38851
	7815.00000000		7.76474		1.34202
	7820.00000000		7.47690		1.34808
	7825.00000000		7.54410		1.35459
	7830.00000000		7.76407		1.36143
	7835.00000000		7.98864		1.31661
	7840.00000000		7.96223		1.32004
	7845.00000000		7.79906		1.32835
	7850.00000000		7.58676		1.34289
	7855.00000000		7.50278		1.31652
	7860.00000000		7.60531		1.27345
	7865.00000000		7.89767		1.26723
	7870.00000000		8.03529		1.27812
	7875.00000000		7.94188		1.30516
	7880.00000000		7.62621		1.29297
	7885.00000000		7.26174		1.26525
	7890.00000000		7.11144		1.25096
	7895.00000000		7.23953		1.30999
	7900.00000000		7.41578		1.37741
	7905.00000000		7.53688		1.40029
	7910.00000000		7.46772		1.35692
	7915.00000000		7.24701		1.33916
	7920.00000000		7.15963		1.34712
	7925.00000000		7.12738		1.41189
	7930.00000000		7.04175		1.47536
	7935.00000000		6.92328		1.46730
	7940.00000000		6.83749		1.45142
	7945.00000000		6.82533		1.40564
	7950.00000000		6.87545		1.40223
	7955.00000000		6.77372		1.41756
	7960.00000000		6.66140		1.46729
	7965.00000000		6.62366		1.46652
	7970.00000000		6.71531		1.44027
	7975.00000000		6.89463		1.35053
	7980.00000000		6.92895		1.31242
	7985.00000000		6.74840		1.30181
	7990.00000000		6.59075		1.32222
	7995.00000000		6.54419		1.37422
	8000.00000000		6.68922		1.34969
	8005.00000000		6.88646		1.36103
	8010.00000000		7.01961		1.32246
	8015.00000000		6.95322		1.36694
	8020.00000000		6.89444		1.37566
	8025.00000000		6.72035		1.40923
	8030.00000000		6.66644		1.38192
	8035.00000000		6.70846		1.36061
	8040.00000000		7.04011		1.42570
	8045.00000000		7.43492		1.43812
	8050.00000000		7.44652		1.45432
	8055.00000000		7.20552		1.41283
	8060.00000000		6.86935		1.39510
	8065.00000000		6.81681		1.34225
	8070.00000000		7.01394		1.39880
	8075.00000000		7.31122		1.42582
	8080.00000000		7.46819		1.44724
	8085.00000000		7.43617		1.39591
	8090.00000000		7.27903		1.31798
	8095.00000000		7.18296		1.24998
	8100.00000000		7.23478		1.17894
	8105.00000000		7.44885		1.27003
	8110.00000000		7.77020		1.31374
	8115.00000000		8.05318		1.34496
	8120.00000000		8.02343		1.23302
	8125.00000000		7.90934		1.19054
	8130.00000000		7.88780		1.15208
	8135.00000000		7.95636		1.19101
	8140.00000000		8.02130		1.20101
	8145.00000000		8.06171		1.17021
	8150.00000000		8.05985		1.17763
	8155.00000000		8.02047		1.14670
	8160.00000000		7.95848		1.23263
	8165.00000000		7.93773		1.23479
	8170.00000000		7.97344		1.27656
	8175.00000000		8.00459		1.24002
	8180.00000000		8.13758		1.26375
	8185.00000000		8.28222		1.25466
	8190.00000000		8.37757		1.31312
	8195.00000000		8.33042		1.33580
	8200.00000000		8.18685		1.31408
	8205.00000000		8.16276		1.29856
	8210.00000000		8.29227		1.23872
	8215.00000000		8.46894		1.24910
	8220.00000000		8.43528		1.21081
	8225.00000000		8.19082		1.25344
	8230.00000000		8.06056		1.25216
	8235.00000000		8.20044		1.32097
	8240.00000000		8.40798		1.35348
	8245.00000000		8.50487		1.34530
	8250.00000000		8.37568		1.36156
	8255.00000000		8.24135		1.36298
	8260.00000000		8.18264		1.41465
	8265.00000000		8.09157		1.44742
	8270.00000000		7.81578		1.49460
	8275.00000000		7.52420		1.44552
	8280.00000000		7.47575		1.43934
	8285.00000000		7.75042		1.49490
	8290.00000000		7.92394		1.52017
	8295.00000000		7.81296		1.51582
	8300.00000000		7.55805		1.42796
	8305.00000000		7.26790		1.37504
	8310.00000000		7.24750		1.35815
	8315.00000000		7.35717		1.41413
	8320.00000000		7.55418		1.42167
	8325.00000000		7.58991		1.47992
	8330.00000000		7.45970		1.52534
	8335.00000000		7.31629		1.56134
	8340.00000000		7.24681		1.62354
	8345.00000000		7.34085		1.61748
	8350.00000000		7.20178		1.64544
	8355.00000000		6.97916		1.54341
	8360.00000000		6.75566		1.50125
	8365.00000000		6.62766		1.39543
	8370.00000000		6.56217		1.34056
	8375.00000000		6.48267		1.33192
	8380.00000000		6.42625		1.36909
	8385.00000000		6.41438		1.42337
	8390.00000000		6.50569		1.41781
	8395.00000000		6.48157		1.40903
	8400.00000000		6.48391		1.39384
	8405.00000000		6.46425		1.43415
	8410.00000000		6.63400		1.43701
	8415.00000000		6.75469		1.41191
	8420.00000000		6.76534		1.34758
	8425.00000000		6.71021		1.27602
	8430.00000000		6.48414		1.26465
	8435.00000000		6.34590		1.25796
	8440.00000000		6.30938		1.26891
	8445.00000000		6.39833		1.24691
	8450.00000000		6.39864		1.22435
	8455.00000000		6.35236		1.22864
	8460.00000000		6.23587		1.23461
	8465.00000000		6.26404		1.28283
	8470.00000000		6.28624		1.33190
	8475.00000000		6.21047		1.40064
	8480.00000000		6.18265		1.44317
	8485.00000000		6.35294		1.47564
	8490.00000000		6.21032		1.47262
	8495.00000000		6.08772		1.44025
	8500.00000000		6.23904		1.39951
	8505.00000000		6.40781		1.37337
	8510.00000000		6.36133		1.35462
	8515.00000000		6.14162		1.29343
	8520.00000000		6.16040		1.27961
	8525.00000000		6.29185		1.25756
	8530.00000000		6.32510		1.24766
	8535.00000000		6.22925		1.22318
	8540.00000000		5.95454		1.20744
	8545.00000000		5.83781		1.20025
	8550.00000000		6.04101		1.22594
	8555.00000000		6.28212		1.30624
	8560.00000000		6.35867		1.35248
	8565.00000000		6.18912		1.34618
	8570.00000000		6.08094		1.31799
	8575.00000000		6.29982		1.33077
	8580.00000000		6.52643		1.39700
	8585.00000000		6.47964		1.46128
	8590.00000000		6.29966		1.50783
	8595.00000000		6.20941		1.46628
	8600.00000000		6.49659		1.41773
	8605.00000000		6.73878		1.31652
	8610.00000000		6.57215		1.26445
	8615.00000000		6.32821		1.21317
	8620.00000000		6.16909		1.18910
	8625.00000000		6.36484		1.21929
	8630.00000000		6.67703		1.21117
	8635.00000000		6.50370		1.23450
	8640.00000000		6.11243		1.24139
	8645.00000000		5.85772		1.27791
	8650.00000000		5.83112		1.32137
	8655.00000000		6.13326		1.32102
	8660.00000000		6.26178		1.29040
	8665.00000000		6.07277		1.29159
	8670.00000000		5.92742		1.34989
	8675.00000000		5.82124		1.37302
	8680.00000000		5.79934		1.38713
	8685.00000000		5.93262		1.32883
	8690.00000000		5.86606		1.33255
	8695.00000000		5.62007		1.34310
	8700.00000000		5.67157		1.39877
	8705.00000000		5.91158		1.44322
	8710.00000000		6.13196		1.39822
	8715.00000000		6.25380		1.37849
	8720.00000000		6.41944		1.34643
	8725.00000000		6.45941		1.38071
	8730.00000000		6.41835		1.36687
	8735.00000000		6.23818		1.37879
	8740.00000000		6.16694		1.33234
	8745.00000000		6.02907		1.33828
	8750.00000000		5.86837		1.34517
	8755.00000000		5.75057		1.33678
	8760.00000000		5.63452		1.38138
	8765.00000000		5.74348		1.37403
	8770.00000000		5.71820		1.41548
	8775.00000000		5.86270		1.37595
	8780.00000000		5.89721		1.41780
	8785.00000000		5.93472		1.44446
	8790.00000000		5.96275		1.42417
	8795.00000000		5.77180		1.48416
	8800.00000000		5.73472		1.42426
	8805.00000000		5.50363		1.50517
	8810.00000000		5.76411		1.49154
	8815.00000000		5.78077		1.55648
	8820.00000000		5.67602		1.49402
	8825.00000000		5.39454		1.47650
	8830.00000000		5.52374		1.48356
	8835.00000000		5.76476		1.45276
	8840.00000000		5.67607		1.44652
	8845.00000000		5.34725		1.35296
	8850.00000000		5.01222		1.30364
	8855.00000000		5.13905		1.25058
	8860.00000000		5.31954		1.24711
	8865.00000000		5.40976		1.25190
	8870.00000000		5.23346		1.31848
	8875.00000000		5.21876		1.36336
	8880.00000000		5.31249		1.38031
	8885.00000000		5.30943		1.36136
	8890.00000000		5.20159		1.29907
	8895.00000000		4.97776		1.35083
	8900.00000000		4.96963		1.34984
	8905.00000000		4.93113		1.43228
	8910.00000000		4.99743		1.39059
	8915.00000000		4.84153		1.39832
	8920.00000000		4.83346		1.34970
	8925.00000000		4.81575		1.34360
	8930.00000000		4.75026		1.31960
	8935.00000000		4.79715		1.22871
	8940.00000000		4.59776		1.27027
	8945.00000000		4.84535		1.20984
	8950.00000000		4.71358		1.26611
	8955.00000000		4.64249		1.19705
	8960.00000000		4.41809		1.18893
	8965.00000000		4.59458		1.16434
	8970.00000000		4.74591		1.27761
	8975.00000000		5.01942		1.33503
	8980.00000000		4.97880		1.35554
	8985.00000000		4.78220		1.37146
	8990.00000000		4.82712		1.37525
	8995.00000000		5.01591		1.43703
	9000.00000000		5.27211		1.45359
	9005.00000000		5.32594		1.41386
	9010.00000000		5.29358		1.28556
	9015.00000000		5.19284		1.27400
	9020.00000000		5.45063		1.24047
	9025.00000000		5.78071		1.27750
	9030.00000000		6.05215		1.29216
	9035.00000000		6.30154		1.28483
	9040.00000000		6.33603		1.33720
	9045.00000000		6.36193		1.28828
	9050.00000000		6.28254		1.33016
	9055.00000000		6.43676		1.29740
	9060.00000000		6.63037		1.35043
	9065.00000000		6.85854		1.40138
	9070.00000000		6.89503		1.45840
	9075.00000000		6.68032		1.46586
	9080.00000000		6.52021		1.47265
	9085.00000000		6.52937		1.47761
	9090.00000000		6.66092		1.46161
	9095.00000000		6.71397		1.50126
	9100.00000000		6.77833		1.51113
	9105.00000000		6.75776		1.56177
	9110.00000000		6.69542		1.55254
	9115.00000000		6.57077		1.55282
	9120.00000000		6.45264		1.49380
	9125.00000000		6.33496		1.43898
	9130.00000000		6.28094		1.39968
	9135.00000000		6.33920		1.33747
	9140.00000000		6.36404		1.30706
	9145.00000000		6.49361		1.30216
	9150.00000000		6.37928		1.30234
	9155.00000000		6.05211		1.28810
	9160.00000000		5.93658		1.28684
	9165.00000000		6.08772		1.28289
	9170.00000000		6.29675		1.27715
	9175.00000000		6.34721		1.22632
	9180.00000000		6.13734		1.19619
	9185.00000000		5.94177		1.15128
	9190.00000000		5.70100		1.17946
	9195.00000000		5.52906		1.15889
	9200.00000000		5.47831		1.15564
	9205.00000000		5.49943		1.16023
	9210.00000000		5.64017		1.16394
	9215.00000000		5.60433		1.22199
	9220.00000000		5.63472		1.20707
	9225.00000000		5.52725		1.22758
	9230.00000000		5.60407		1.24349
	9235.00000000		5.70602		1.33178
	9240.00000000		5.77463		1.37790
	9245.00000000		5.77433		1.43198
	9250.00000000		5.77479		1.42370
	9255.00000000		5.87383		1.40429
	9260.00000000		5.81111		1.44023
	9265.00000000		5.85111		1.47397
	9270.00000000		5.89109		1.51379
	9275.00000000		6.10061		1.49211
	9280.00000000		6.25485		1.51434
	9285.00000000		6.52404		1.46871
	9290.00000000		6.59642		1.49111
	9295.00000000		6.47526		1.45921
	9300.00000000		6.23562		1.42366
	9305.00000000		6.23522		1.33660
	9310.00000000		6.62379		1.26307
	9315.00000000		7.07247		1.22326
	9320.00000000		6.90775		1.15507
	9325.00000000		6.49858		1.15737
	9330.00000000		6.60527		1.12042
	9335.00000000		6.93736		1.19693
	9340.00000000		7.16777		1.24168
	9345.00000000		6.98926		1.32697
	9350.00000000		6.82621		1.32952
	9355.00000000		6.75683		1.33264
	9360.00000000		6.82502		1.29502
	9365.00000000		6.83146		1.22107
	9370.00000000		6.40947		1.25491
	9375.00000000		6.29536		1.26204
	9380.00000000		6.21814		1.38710
	9385.00000000		6.39487		1.38885
	9390.00000000		6.38454		1.39326
	9395.00000000		6.21649		1.36485
	9400.00000000		6.04592		1.34491
	9405.00000000		5.87721		1.39199
	9410.00000000		5.98184		1.36058
	9415.00000000		6.11610		1.37736
	9420.00000000		6.52306		1.35816
	9425.00000000		6.73998		1.36047
	9430.00000000		6.64340		1.31565
	9435.00000000		6.42760		1.23380
	9440.00000000		6.46972		1.13768
	9445.00000000		6.71870		1.08165
	9450.00000000		6.95534		1.06263
	9455.00000000		6.91980		1.07011
	9460.00000000		6.61091		1.06763
	9465.00000000		6.54773		1.01648
	9470.00000000		6.69795		1.01919
	9475.00000000		6.88157		0.99435
	9480.00000000		6.86387		1.01421
	9485.00000000		6.62092		1.07926
	9490.00000000		6.47515		1.15274
	9495.00000000		6.65654		1.17585
	9500.00000000		6.90521		1.17370
	9505.00000000		6.84572		1.16292
	9510.00000000		6.34249		1.14371
	9515.00000000		6.16091		1.11990
	9520.00000000		6.42350		1.13245
	9525.00000000		6.77938		1.17860
	9530.00000000		6.86749		1.17572
	9535.00000000		6.56925		1.18965
	9540.00000000		6.43826		1.08739
	9545.00000000		6.37555		1.03743
	9550.00000000		6.53282		0.99671
	9555.00000000		6.49703		1.02024
	9560.00000000		6.47159		1.03054
	9565.00000000		6.36479		1.05926
	9570.00000000		6.21001		1.07637
	9575.00000000		6.22321		1.00105
	9580.00000000		6.18787		0.97603
	9585.00000000		6.19932		0.94660
	9590.00000000		6.02729		0.98852
	9595.00000000		5.94971		0.97392
	9600.00000000		5.65912		1.01024
	9605.00000000		5.74344		0.97381
	9610.00000000		5.83884		1.01054
	9615.00000000		6.00493		1.02854
	9620.00000000		6.02992		1.00916
	9625.00000000		5.80028		1.00962
	9630.00000000		5.59988		0.99192
	9635.00000000		5.48208		1.03705
	9640.00000000		5.49851		1.03295
	9645.00000000		5.59085		1.01068
	9650.00000000		5.63596		0.94754
	9655.00000000		5.50630		0.92805
	9660.00000000		5.19474		1.00186
	9665.00000000		4.92079		1.06762
	9670.00000000		4.83335		1.12459
	9675.00000000		4.89354		1.12172
	9680.00000000		4.87890		1.09157
	9685.00000000		4.75520		1.07770
	9690.00000000		4.70379		1.14913
	9695.00000000		4.78922		1.20880
	9700.00000000		4.86090		1.23550
	9705.00000000		4.64602		1.22318
	9710.00000000		4.53342		1.19561
	9715.00000000		4.43606		1.23605
	9720.00000000		4.70404		1.27343
	9725.00000000		5.02138		1.29469
	9730.00000000		5.15421		1.25428
	9735.00000000		5.01465		1.23631
	9740.00000000		4.97563		1.20739
	9745.00000000		5.00095		1.19070
	9750.00000000		5.10309		1.16968
	9755.00000000		5.07795		1.10095
	9760.00000000		4.69047		1.04485
	9765.00000000		4.65265		0.96844
	9770.00000000		4.64179		1.00128
	9775.00000000		4.88530		1.00429
	9780.00000000		4.97632		0.98771
	9785.00000000		4.80251		0.94103
	9790.00000000		4.65691		0.89481
	9795.00000000		4.56745		0.94148
	9800.00000000		4.81032		1.04058
	9805.00000000		5.00981		1.14954
	9810.00000000		5.01421		1.16567
	9815.00000000		4.79878		1.17782
	9820.00000000		4.53277		1.12968
	9825.00000000		4.34270		1.05672
	9830.00000000		4.48254		1.04039
	9835.00000000		4.64116		1.05261
	9840.00000000		4.55619		1.07403
	9845.00000000		4.35417		1.07475
	9850.00000000		4.22033		1.06072
	9855.00000000		4.17569		1.08849
	9860.00000000		4.19927		1.12509
	9865.00000000		4.19977		1.18000
	9870.00000000		3.96417		1.22074
	9875.00000000		3.88833		1.09637
	9880.00000000		3.67449		1.05411
	9885.00000000		3.77195		1.00757
	9890.00000000		3.72789		1.08041
	9895.00000000		3.70919		1.11767
	9900.00000000		3.63989		1.04957
	9905.00000000		3.49833		0.97748
	9910.00000000		3.54374		0.83791
	9915.00000000		3.25140		0.79595
	9920.00000000		3.38568		0.80722
	9925.00000000		3.68273		0.90848
	9930.00000000		3.73725		1.00059
	9935.00000000		3.89048		1.02149
	9940.00000000		3.60162		1.09942
	9945.00000000		3.77672		1.13967
	9950.00000000		3.91848		1.22679
	9955.00000000		4.09786		1.25601
	9960.00000000		4.17047		1.25450
	9965.00000000		4.02272		1.28258
	9970.00000000		4.16830		1.23114
	9975.00000000		4.14982		1.27419
	9980.00000000		4.41312		1.26332
	9985.00000000		4.27725		1.33462
	9990.00000000		4.28888		1.32927
	9995.00000000		4.27173		1.30176
	10000.00000000		4.17833		1.29211
