	0.00000000		5.33164		-0.50929
	5.00000000		5.26714		-0.43463
	10.00000000		5.59436		-0.45739
	15.00000000		5.66163		-0.43724
	20.00000000		5.64622		-0.46388
	25.00000000		5.48861		-0.47310
	30.00000000		5.30936		-0.45515
	35.00000000		5.32622		-0.45017
	40.00000000		5.33233		-0.38741
	45.00000000		5.47180		-0.41268
	50.00000000		5.37137		-0.42873
	55.00000000		5.24222		-0.49730
	60.00000000		5.08772		-0.55870
	65.00000000		5.14601		-0.58206
	70.00000000		5.17305		-0.55325
	75.00000000		5.18351		-0.49999
	80.00000000		5.15518		-0.50132
	85.00000000		4.95603		-0.47481
	90.00000000		4.89149		-0.53557
	95.00000000		4.73564		-0.47774
	100.00000000		4.82278		-0.47309
	105.00000000		4.92286		-0.45108
	110.00000000		5.05427		-0.48112
	115.00000000		5.19346		-0.50591
	120.00000000		5.11523		-0.44174
	125.00000000		5.14824		-0.44331
	130.00000000		5.07556		-0.41483
	135.00000000		5.16649		-0.48562
	140.00000000		5.18840		-0.51684
	145.00000000		5.19776		-0.58297
	150.00000000		4.95794		-0.57248
	155.00000000		4.71862		-0.55088
	160.00000000		4.58266		-0.56379
	165.00000000		4.41666		-0.55468
	170.00000000		4.46245		-0.57780
	175.00000000		4.38793		-0.54907
	180.00000000		4.40293		-0.51173
	185.00000000		4.44279		-0.45219
	190.00000000		4.66549		-0.38917
	195.00000000		4.87845		-0.40119
	200.00000000		4.78074		-0.41077
	205.00000000		4.66222		-0.47766
	210.00000000		4.63162		-0.48233
	215.00000000		5.00358		-0.48308
	220.00000000		5.29179		-0.44825
	225.00000000		5.21925		-0.45753
	230.00000000		4.81660		-0.45867
	235.00000000		4.61381		-0.49058
	240.00000000		4.69779		-0.52600
	245.00000000		4.87174		-0.51106
	250.00000000		4.98906		-0.51225
	255.00000000		4.88268		-0.45425
	260.00000000		4.80505		-0.43203
	265.00000000		4.76260		-0.42225
	270.00000000		4.90422		-0.43721
	275.00000000		5.17073		-0.44890
	280.00000000		5.31060		-0.45166
	285.00000000		5.15638		-0.44780
	290.00000000		4.85730		-0.42607
	295.00000000		4.61687		-0.46005
	300.00000000		4.56291		-0.47392
	305.00000000		4.75803		-0.51019
	310.00000000		4.70158		-0.49120
	315.00000000		4.43194		-0.49494
	320.00000000		4.26664		-0.49931
	325.00000000		4.51600		-0.54669
	330.00000000		4.80134		-0.58981
	335.00000000		4.73108		-0.59012
	340.00000000		4.31612		-0.60370
	345.00000000		4.12925		-0.62264
	350.00000000		4.24622		-0.62713
	355.00000000		4.38901		-0.60081
	360.00000000		4.66581		-0.60436
	365.00000000		4.50186		-0.59643
	370.00000000		4.15448		-0.66916
	375.00000000		3.76691		-0.69820
	380.00000000		3.94067		-0.67179
	385.00000000		4.14738		-0.60743
	390.00000000		4.28617		-0.61226
	395.00000000		4.06524		-0.66107
	400.00000000		3.67610		-0.68038
	405.00000000		3.73974		-0.67205
	410.00000000		3.84102		-0.61682
	415.00000000		4.09298		-0.61657
	420.00000000		3.95325		-0.61857
	425.00000000		3.77530		-0.63922
	430.00000000		3.72699		-0.60434
	435.00000000		3.77427		-0.51505
	440.00000000		4.08010		-0.47388
	445.00000000		4.01183		-0.44643
	450.00000000		3.93486		-0.51904
	455.00000000		3.65246		-0.55354
	460.00000000		3.59150		-0.50970
	465.00000000		3.93573		-0.50464
	470.00000000		3.98574		-0.44473
	475.00000000		4.12929		-0.53103
	480.00000000		3.67121		-0.62087
	485.00000000		3.73717		-0.77043
	490.00000000		3.62217		-0.84827
	495.00000000		3.55583		-0.85400
	500.00000000		3.87725		-0.81802
	505.00000000		3.52640		-0.78135
	510.00000000		3.27857		-0.79958
	515.00000000		3.16524		-0.79868
	520.00000000		3.18130		-0.77851
	525.00000000		3.70872		-0.74706
	530.00000000		4.03645		-0.76978
	535.00000000		3.97163		-0.79477
	540.00000000		3.62723		-0.80235
	545.00000000		3.33832		-0.74650
	550.00000000		3.48092		-0.63637
	555.00000000		3.78794		-0.57768
	560.00000000		4.04630		-0.56145
	565.00000000		3.95293		-0.53772
	570.00000000		3.78467		-0.44488
	575.00000000		4.00796		-0.37015
	580.00000000		4.24991		-0.26539
	585.00000000		4.56086		-0.30523
	590.00000000		4.52879		-0.36020
	595.00000000		4.30460		-0.36868
	600.00000000		4.35648		-0.38779
	605.00000000		4.44179		-0.27080
	610.00000000		4.78985		-0.19569
	615.00000000		4.92709		-0.05902
	620.00000000		4.80724		-0.04708
	625.00000000		4.47804		-0.09073
	630.00000000		4.43624		-0.16924
	635.00000000		4.67344		-0.14889
	640.00000000		5.05751		-0.09695
	645.00000000		5.16678		-0.04884
	650.00000000		4.94384		-0.07980
	655.00000000		4.82969		-0.19456
	660.00000000		4.88353		-0.25496
	665.00000000		5.04749		-0.26465
	670.00000000		5.09962		-0.19589
	675.00000000		4.88732		-0.15162
	680.00000000		4.64861		-0.17266
	685.00000000		4.64996		-0.21385
	690.00000000		4.98427		-0.25490
	695.00000000		5.36068		-0.24732
	700.00000000		5.46926		-0.20970
	705.00000000		5.29561		-0.15233
	710.00000000		5.17133		-0.15990
	715.00000000		5.24978		-0.18566
	720.00000000		5.43747		-0.17655
	725.00000000		5.60882		-0.13144
	730.00000000		5.69383		-0.07582
	735.00000000		5.58241		-0.05251
	740.00000000		5.40678		0.00183
	745.00000000		5.22940		0.04087
	750.00000000		5.10982		0.09877
	755.00000000		5.15195		0.10978
	760.00000000		5.21034		0.13539
	765.00000000		5.15842		0.13295
	770.00000000		4.99409		0.14688
	775.00000000		4.83851		0.17065
	780.00000000		4.78287		0.15802
	785.00000000		4.78415		0.15587
	790.00000000		4.88000		0.12061
	795.00000000		4.81277		0.10597
	800.00000000		4.53690		0.10442
	805.00000000		4.31116		0.11313
	810.00000000		4.20929		0.13663
	815.00000000		4.27275		0.14283
	820.00000000		4.39570		0.18050
	825.00000000		4.47545		0.24420
	830.00000000		4.36405		0.28204
	835.00000000		4.30129		0.22716
	840.00000000		4.23667		0.23630
	845.00000000		4.50239		0.20705
	850.00000000		4.58990		0.20521
	855.00000000		4.50939		0.21912
	860.00000000		4.35610		0.22466
	865.00000000		4.16087		0.29680
	870.00000000		4.24905		0.32210
	875.00000000		4.48098		0.35042
	880.00000000		4.79190		0.30941
	885.00000000		4.86604		0.27856
	890.00000000		4.83024		0.27367
	895.00000000		4.71591		0.32783
	900.00000000		4.72006		0.37143
	905.00000000		4.83905		0.38310
	910.00000000		4.73185		0.35493
	915.00000000		4.60041		0.26741
	920.00000000		4.44910		0.26282
	925.00000000		4.74868		0.28802
	930.00000000		4.85374		0.35842
	935.00000000		4.90438		0.33229
	940.00000000		4.58957		0.29517
	945.00000000		4.36323		0.26379
	950.00000000		4.43655		0.23564
	955.00000000		4.54783		0.28798
	960.00000000		4.77855		0.29056
	965.00000000		4.71448		0.35897
	970.00000000		4.72242		0.31752
	975.00000000		4.61656		0.31621
	980.00000000		4.78480		0.26325
	985.00000000		4.85269		0.23193
	990.00000000		4.97607		0.20866
	995.00000000		5.03558		0.17883
	1000.00000000		4.97833		0.16979
	1005.00000000		5.05295		0.11490
	1010.00000000		5.10446		0.06696
	1015.00000000		5.25481		0.05926
	1020.00000000		5.22912		0.08491
	1025.00000000		5.04290		0.12048
	1030.00000000		4.81495		0.13780
	1035.00000000		5.07727		0.17697
	1040.00000000		5.42044		0.23588
	1045.00000000		5.65431		0.26903
	1050.00000000		5.33705		0.30332
	1055.00000000		4.80740		0.28229
	1060.00000000		4.71095		0.25227
	1065.00000000		4.86073		0.34601
	1070.00000000		5.10675		0.44221
	1075.00000000		5.07587		0.51246
	1080.00000000		4.86164		0.52449
	1085.00000000		4.92297		0.48933
	1090.00000000		5.13955		0.54362
	1095.00000000		5.55515		0.60260
	1100.00000000		5.62464		0.64970
	1105.00000000		5.45826		0.70096
	1110.00000000		5.32195		0.72190
	1115.00000000		5.27355		0.72976
	1120.00000000		5.47228		0.71146
	1125.00000000		5.66735		0.69882
	1130.00000000		5.73734		0.64245
	1135.00000000		5.61011		0.64705
	1140.00000000		5.45546		0.65629
	1145.00000000		5.14356		0.69457
	1150.00000000		5.20288		0.72639
	1155.00000000		5.40346		0.70788
	1160.00000000		5.57093		0.66675
	1165.00000000		5.47483		0.62113
	1170.00000000		5.25185		0.59755
	1175.00000000		5.12062		0.58201
	1180.00000000		5.12808		0.60085
	1185.00000000		5.20999		0.59433
	1190.00000000		5.08188		0.56975
	1195.00000000		4.96878		0.48682
	1200.00000000		4.84914		0.44891
	1205.00000000		5.02220		0.45336
	1210.00000000		5.20100		0.52070
	1215.00000000		5.19745		0.53141
	1220.00000000		5.00540		0.52951
	1225.00000000		4.96392		0.45172
	1230.00000000		5.03826		0.42117
	1235.00000000		5.00397		0.43355
	1240.00000000		5.09762		0.39361
	1245.00000000		4.93062		0.38004
	1250.00000000		5.02011		0.23617
	1255.00000000		5.15072		0.14499
	1260.00000000		5.27509		0.11279
	1265.00000000		5.28323		0.13175
	1270.00000000		5.43125		0.11460
	1275.00000000		5.66221		0.10810
	1280.00000000		5.81017		0.06259
	1285.00000000		5.74789		0.03888
	1290.00000000		5.57909		0.03516
	1295.00000000		5.58806		0.05681
	1300.00000000		5.65855		0.09214
	1305.00000000		5.74564		0.07295
	1310.00000000		5.60645		0.10230
	1315.00000000		5.63748		0.14212
	1320.00000000		5.54292		0.24527
	1325.00000000		5.70940		0.22367
	1330.00000000		5.61072		0.23406
	1335.00000000		5.44855		0.18688
	1340.00000000		5.08700		0.19475
	1345.00000000		5.21327		0.20049
	1350.00000000		5.48038		0.19898
	1355.00000000		5.67482		0.23326
	1360.00000000		5.60805		0.20395
	1365.00000000		5.35838		0.26240
	1370.00000000		5.27576		0.30141
	1375.00000000		5.25793		0.39060
	1380.00000000		5.50993		0.43885
	1385.00000000		5.45466		0.45258
	1390.00000000		5.22652		0.44801
	1395.00000000		4.86346		0.40993
	1400.00000000		4.93927		0.40040
	1405.00000000		5.22830		0.41755
	1410.00000000		5.62813		0.51374
	1415.00000000		5.59380		0.59859
	1420.00000000		5.36711		0.64665
	1425.00000000		5.44038		0.60626
	1430.00000000		5.58629		0.60374
	1435.00000000		5.88830		0.51542
	1440.00000000		5.79859		0.51872
	1445.00000000		5.79093		0.53906
	1450.00000000		5.85290		0.58512
	1455.00000000		6.14464		0.65785
	1460.00000000		6.29014		0.69553
	1465.00000000		6.05582		0.68439
	1470.00000000		5.71562		0.56309
	1475.00000000		5.60321		0.49382
	1480.00000000		5.85542		0.45059
	1485.00000000		5.87709		0.49362
	1490.00000000		5.79745		0.50143
	1495.00000000		5.45679		0.52374
	1500.00000000		5.67499		0.51667
	1505.00000000		5.93334		0.52475
	1510.00000000		6.10238		0.46207
	1515.00000000		5.90560		0.40390
	1520.00000000		5.49928		0.36586
	1525.00000000		5.41287		0.32423
	1530.00000000		5.49970		0.33305
	1535.00000000		5.79597		0.28963
	1540.00000000		5.78446		0.30083
	1545.00000000		5.60677		0.26657
	1550.00000000		5.37757		0.27041
	1555.00000000		5.37571		0.24404
	1560.00000000		5.54760		0.23716
	1565.00000000		5.60760		0.25091
	1570.00000000		5.49373		0.31019
	1575.00000000		5.18200		0.40132
	1580.00000000		5.29975		0.43162
	1585.00000000		5.37253		0.50379
	1590.00000000		5.72611		0.45938
	1595.00000000		5.71658		0.45890
	1600.00000000		5.73188		0.36759
	1605.00000000		5.74150		0.29502
	1610.00000000		5.91038		0.26815
	1615.00000000		6.30184		0.27415
	1620.00000000		6.24319		0.35896
	1625.00000000		6.09767		0.39229
	1630.00000000		5.90433		0.42031
	1635.00000000		5.77991		0.37258
	1640.00000000		5.78107		0.29643
	1645.00000000		5.90475		0.23270
	1650.00000000		6.08604		0.19252
	1655.00000000		5.97551		0.19972
	1660.00000000		5.83571		0.21117
	1665.00000000		5.69137		0.19422
	1670.00000000		5.67158		0.14458
	1675.00000000		5.63621		0.05419
	1680.00000000		5.66528		-0.03711
	1685.00000000		5.77114		-0.03998
	1690.00000000		5.92233		-0.01748
	1695.00000000		5.96517		-0.00921
	1700.00000000		5.80274		-0.05650
	1705.00000000		5.86079		-0.12201
	1710.00000000		5.97849		-0.15585
	1715.00000000		6.13337		-0.14940
	1720.00000000		6.24431		-0.13356
	1725.00000000		6.33160		-0.09513
	1730.00000000		6.36022		-0.05026
	1735.00000000		6.39801		-0.04124
	1740.00000000		6.43678		-0.05561
	1745.00000000		6.28149		-0.08615
	1750.00000000		6.13660		-0.12342
	1755.00000000		6.21733		-0.12272
	1760.00000000		6.54209		-0.09737
	1765.00000000		6.67976		-0.10191
	1770.00000000		6.34055		-0.15196
	1775.00000000		6.21913		-0.16632
	1780.00000000		6.29793		-0.15127
	1785.00000000		6.58423		-0.16339
	1790.00000000		6.69760		-0.21707
	1795.00000000		6.64032		-0.27587
	1800.00000000		6.55693		-0.30131
	1805.00000000		6.39274		-0.28216
	1810.00000000		6.30398		-0.24949
	1815.00000000		6.26891		-0.18646
	1820.00000000		6.43687		-0.15546
	1825.00000000		6.48312		-0.18359
	1830.00000000		6.33498		-0.28656
	1835.00000000		5.93393		-0.34595
	1840.00000000		5.71362		-0.34646
	1845.00000000		5.74570		-0.33000
	1850.00000000		5.87182		-0.36264
	1855.00000000		5.97587		-0.47165
	1860.00000000		5.78086		-0.55210
	1865.00000000		5.73151		-0.58775
	1870.00000000		5.77239		-0.53837
	1875.00000000		6.16410		-0.48623
	1880.00000000		6.46769		-0.50124
	1885.00000000		6.34903		-0.56762
	1890.00000000		6.04153		-0.58415
	1895.00000000		5.71822		-0.50091
	1900.00000000		5.80222		-0.40315
	1905.00000000		6.01263		-0.38872
	1910.00000000		6.16943		-0.49454
	1915.00000000		6.25235		-0.56712
	1920.00000000		6.21920		-0.51507
	1925.00000000		6.27068		-0.37715
	1930.00000000		6.29799		-0.29810
	1935.00000000		6.41019		-0.30273
	1940.00000000		6.30214		-0.29676
	1945.00000000		6.30426		-0.26226
	1950.00000000		6.27419		-0.19625
	1955.00000000		6.57276		-0.15840
	1960.00000000		6.90112		-0.10247
	1965.00000000		6.86228		-0.01546
	1970.00000000		6.60788		0.10256
	1975.00000000		6.59315		0.19996
	1980.00000000		6.74607		0.21546
	1985.00000000		6.82158		0.18663
	1990.00000000		6.74894		0.15157
	1995.00000000		6.47531		0.16937
	2000.00000000		6.43703		0.20407
	2005.00000000		6.49083		0.24156
	2010.00000000		6.58754		0.26183
	2015.00000000		6.49819		0.30249
	2020.00000000		6.46224		0.35914
	2025.00000000		6.53951		0.42108
	2030.00000000		6.55372		0.44291
	2035.00000000		6.28895		0.41405
	2040.00000000		6.03334		0.35013
	2045.00000000		6.06128		0.33111
	2050.00000000		6.17866		0.37323
	2055.00000000		6.44436		0.40191
	2060.00000000		6.41004		0.42607
	2065.00000000		6.09933		0.37727
	2070.00000000		5.92887		0.32456
	2075.00000000		6.11520		0.31910
	2080.00000000		6.41808		0.36098
	2085.00000000		6.26463		0.38449
	2090.00000000		5.75997		0.36604
	2095.00000000		5.57686		0.31294
	2100.00000000		5.72833		0.28234
	2105.00000000		5.90096		0.25195
	2110.00000000		6.19373		0.21883
	2115.00000000		6.10308		0.14258
	2120.00000000		5.76205		0.04281
	2125.00000000		5.52814		-0.03010
	2130.00000000		5.54530		-0.02446
	2135.00000000		5.82983		-0.03117
	2140.00000000		6.08692		-0.07144
	2145.00000000		6.07137		-0.16737
	2150.00000000		5.86902		-0.22626
	2155.00000000		5.71765		-0.18939
	2160.00000000		5.60160		-0.09475
	2165.00000000		5.63696		-0.04779
	2170.00000000		5.62764		-0.04696
	2175.00000000		5.52229		-0.06209
	2180.00000000		5.23753		-0.05054
	2185.00000000		5.22912		-0.02723
	2190.00000000		5.52631		0.03015
	2195.00000000		5.68596		0.08236
	2200.00000000		5.65595		0.05581
	2205.00000000		5.40480		0.08641
	2210.00000000		5.55954		0.12573
	2215.00000000		5.54045		0.23085
	2220.00000000		5.62559		0.22490
	2225.00000000		5.52925		0.20354
	2230.00000000		5.51358		0.18810
	2235.00000000		5.73853		0.19165
	2240.00000000		5.76141		0.24094
	2245.00000000		5.87819		0.23356
	2250.00000000		5.71246		0.22462
	2255.00000000		5.66420		0.14071
	2260.00000000		5.52872		0.11825
	2265.00000000		5.55056		0.16395
	2270.00000000		5.53196		0.26289
	2275.00000000		5.40395		0.32077
	2280.00000000		5.31973		0.27660
	2285.00000000		5.22778		0.24391
	2290.00000000		5.51670		0.23620
	2295.00000000		5.50230		0.29090
	2300.00000000		5.54844		0.30749
	2305.00000000		5.52937		0.34027
	2310.00000000		5.55251		0.29999
	2315.00000000		5.72823		0.21527
	2320.00000000		5.97323		0.17443
	2325.00000000		6.16345		0.08565
	2330.00000000		5.99575		0.09208
	2335.00000000		5.85057		0.03623
	2340.00000000		5.95113		-0.04167
	2345.00000000		6.15430		-0.12353
	2350.00000000		6.33795		-0.18295
	2355.00000000		6.24227		-0.17375
	2360.00000000		5.90639		-0.19056
	2365.00000000		5.84275		-0.19090
	2370.00000000		6.11060		-0.18971
	2375.00000000		6.39294		-0.15524
	2380.00000000		6.51441		-0.09572
	2385.00000000		6.38484		-0.04814
	2390.00000000		6.26253		-0.03787
	2395.00000000		6.15489		-0.10199
	2400.00000000		6.22701		-0.16328
	2405.00000000		6.25780		-0.19525
	2410.00000000		6.09801		-0.15786
	2415.00000000		5.82186		-0.12026
	2420.00000000		5.54562		-0.12177
	2425.00000000		5.48737		-0.13022
	2430.00000000		5.44766		-0.08712
	2435.00000000		5.49305		0.03043
	2440.00000000		5.25090		0.13566
	2445.00000000		4.87997		0.15274
	2450.00000000		4.67426		0.06386
	2455.00000000		4.77662		0.02217
	2460.00000000		4.95309		0.08034
	2465.00000000		4.89602		0.16864
	2470.00000000		4.62190		0.18363
	2475.00000000		4.52248		0.14444
	2480.00000000		4.68414		0.09613
	2485.00000000		4.71769		0.10618
	2490.00000000		4.80199		0.17107
	2495.00000000		4.72202		0.27515
	2500.00000000		4.84357		0.31922
	2505.00000000		4.91370		0.29139
	2510.00000000		4.88460		0.22274
	2515.00000000		4.70218		0.18062
	2520.00000000		4.70342		0.21703
	2525.00000000		4.84278		0.26206
	2530.00000000		4.84152		0.27092
	2535.00000000		4.66813		0.24455
	2540.00000000		4.61092		0.17014
	2545.00000000		4.71366		0.13903
	2550.00000000		4.95663		0.12296
	2555.00000000		5.09346		0.13629
	2560.00000000		4.93554		0.13968
	2565.00000000		4.61287		0.07333
	2570.00000000		4.54326		-0.04231
	2575.00000000		4.69442		-0.14094
	2580.00000000		4.96225		-0.18309
	2585.00000000		5.16174		-0.18629
	2590.00000000		5.18906		-0.14382
	2595.00000000		4.95622		-0.13704
	2600.00000000		4.77661		-0.16386
	2605.00000000		4.87510		-0.20163
	2610.00000000		5.03901		-0.20637
	2615.00000000		5.09007		-0.19710
	2620.00000000		4.85797		-0.21204
	2625.00000000		4.70051		-0.23468
	2630.00000000		4.56525		-0.21721
	2635.00000000		4.50313		-0.19093
	2640.00000000		4.50439		-0.15384
	2645.00000000		4.54457		-0.15871
	2650.00000000		4.67821		-0.20723
	2655.00000000		4.68142		-0.20457
	2660.00000000		4.66236		-0.20572
	2665.00000000		4.38126		-0.15773
	2670.00000000		4.16425		-0.13669
	2675.00000000		3.96582		-0.09920
	2680.00000000		3.95479		-0.08290
	2685.00000000		3.99334		-0.09208
	2690.00000000		3.88355		-0.13508
	2695.00000000		3.76566		-0.17560
	2700.00000000		3.67961		-0.17162
	2705.00000000		3.80047		-0.15779
	2710.00000000		3.75855		-0.01530
	2715.00000000		3.80465		0.00002
	2720.00000000		3.55636		-0.01137
	2725.00000000		3.38931		-0.05743
	2730.00000000		3.58931		-0.06907
	2735.00000000		3.66376		0.09721
	2740.00000000		3.83152		0.21435
	2745.00000000		3.64693		0.29892
	2750.00000000		3.37255		0.23760
	2755.00000000		3.37785		0.10940
	2760.00000000		3.47181		0.09864
	2765.00000000		3.92500		0.17994
	2770.00000000		4.25410		0.31911
	2775.00000000		4.25030		0.34130
	2780.00000000		3.95884		0.31557
	2785.00000000		3.84273		0.33571
	2790.00000000		4.12492		0.41864
	2795.00000000		4.35301		0.48214
	2800.00000000		4.53227		0.48691
	2805.00000000		4.33648		0.50555
	2810.00000000		4.38921		0.49326
	2815.00000000		4.59891		0.55584
	2820.00000000		4.99069		0.56547
	2825.00000000		5.21394		0.55596
	2830.00000000		5.09867		0.46442
	2835.00000000		4.67418		0.37035
	2840.00000000		4.38097		0.34190
	2845.00000000		4.39188		0.33263
	2850.00000000		4.27040		0.44229
	2855.00000000		4.39725		0.41826
	2860.00000000		4.25873		0.44691
	2865.00000000		4.23684		0.35807
	2870.00000000		4.20714		0.29476
	2875.00000000		4.13392		0.31652
	2880.00000000		4.20291		0.34703
	2885.00000000		4.01720		0.48875
	2890.00000000		3.96271		0.46471
	2895.00000000		3.62328		0.46243
	2900.00000000		3.52679		0.42519
	2905.00000000		3.58012		0.41040
	2910.00000000		3.55341		0.50548
	2915.00000000		3.68551		0.50531
	2920.00000000		3.61508		0.55249
	2925.00000000		3.57439		0.55559
	2930.00000000		3.62030		0.53850
	2935.00000000		4.02837		0.55785
	2940.00000000		4.54356		0.55679
	2945.00000000		4.56849		0.59454
	2950.00000000		4.42369		0.56212
	2955.00000000		4.29879		0.50092
	2960.00000000		4.38339		0.40774
	2965.00000000		4.49056		0.39031
	2970.00000000		4.47814		0.43399
	2975.00000000		4.27686		0.49275
	2980.00000000		4.13347		0.53058
	2985.00000000		4.08300		0.50763
	2990.00000000		4.20019		0.51786
	2995.00000000		4.37896		0.55604
	3000.00000000		4.42745		0.65269
	3005.00000000		4.38603		0.66002
	3010.00000000		4.11165		0.64703
	3015.00000000		4.25749		0.53194
	3020.00000000		4.38710		0.55339
	3025.00000000		4.56584		0.66061
	3030.00000000		4.69129		0.80186
	3035.00000000		4.72845		0.83612
	3040.00000000		4.61820		0.80172
	3045.00000000		4.50193		0.79523
	3050.00000000		4.38821		0.79186
	3055.00000000		4.27883		0.87047
	3060.00000000		4.53125		0.85317
	3065.00000000		4.58254		0.85598
	3070.00000000		4.56481		0.82108
	3075.00000000		4.58552		0.78360
	3080.00000000		4.49419		0.80277
	3085.00000000		4.48522		0.86394
	3090.00000000		4.48067		0.86528
	3095.00000000		4.15820		0.78653
	3100.00000000		3.88817		0.63718
	3105.00000000		3.92719		0.49985
	3110.00000000		3.88677		0.44822
	3115.00000000		4.06218		0.37736
	3120.00000000		3.98629		0.33035
	3125.00000000		3.91546		0.23690
	3130.00000000		3.99070		0.17112
	3135.00000000		3.95146		0.15159
	3140.00000000		4.10037		0.07764
	3145.00000000		3.90195		0.03331
	3150.00000000		3.94820		-0.01113
	3155.00000000		3.95357		0.02993
	3160.00000000		4.10301		0.01688
	3165.00000000		3.96915		0.02339
	3170.00000000		3.93324		-0.04912
	3175.00000000		4.01790		-0.14842
	3180.00000000		4.11282		-0.10558
	3185.00000000		4.31082		-0.00734
	3190.00000000		4.17210		0.13210
	3195.00000000		4.23121		0.13734
	3200.00000000		4.19374		0.13969
	3205.00000000		4.34030		0.02610
	3210.00000000		4.36171		-0.02286
	3215.00000000		4.37668		0.00791
	3220.00000000		4.39135		0.08436
	3225.00000000		4.34468		0.10630
	3230.00000000		4.43168		-0.01500
	3235.00000000		4.33692		-0.10536
	3240.00000000		4.28995		-0.12289
	3245.00000000		4.39617		-0.05233
	3250.00000000		4.69266		-0.05239
	3255.00000000		4.93608		-0.07621
	3260.00000000		4.93192		-0.14611
	3265.00000000		4.69189		-0.18105
	3270.00000000		4.76438		-0.21995
	3275.00000000		5.09833		-0.24309
	3280.00000000		5.53542		-0.26965
	3285.00000000		5.66848		-0.29141
	3290.00000000		5.43116		-0.27995
	3295.00000000		5.11174		-0.28955
	3300.00000000		4.83016		-0.25920
	3305.00000000		4.91240		-0.24936
	3310.00000000		5.10832		-0.23067
	3315.00000000		5.21123		-0.22714
	3320.00000000		5.14279		-0.25972
	3325.00000000		4.97621		-0.31962
	3330.00000000		4.95441		-0.35628
	3335.00000000		5.03704		-0.36269
	3340.00000000		5.29439		-0.32610
	3345.00000000		5.45900		-0.26637
	3350.00000000		5.35503		-0.25088
	3355.00000000		5.02538		-0.22986
	3360.00000000		4.88127		-0.28004
	3365.00000000		4.82836		-0.33292
	3370.00000000		4.78575		-0.34443
	3375.00000000		4.72328		-0.29584
	3380.00000000		4.59687		-0.28812
	3385.00000000		4.45597		-0.33099
	3390.00000000		4.31200		-0.36728
	3395.00000000		4.19901		-0.32069
	3400.00000000		4.06317		-0.22251
	3405.00000000		4.09287		-0.15289
	3410.00000000		3.98116		-0.16143
	3415.00000000		3.97487		-0.18444
	3420.00000000		4.07193		-0.24316
	3425.00000000		4.09246		-0.27740
	3430.00000000		4.11184		-0.27993
	3435.00000000		4.14065		-0.24304
	3440.00000000		4.29116		-0.23684
	3445.00000000		4.33835		-0.23016
	3450.00000000		4.34067		-0.21134
	3455.00000000		4.19611		-0.19370
	3460.00000000		4.03675		-0.19629
	3465.00000000		3.96088		-0.18879
	3470.00000000		4.20384		-0.18363
	3475.00000000		4.30995		-0.14356
	3480.00000000		4.31772		-0.13901
	3485.00000000		4.12115		-0.16330
	3490.00000000		4.26820		-0.17269
	3495.00000000		4.42744		-0.18455
	3500.00000000		4.49556		-0.16032
	3505.00000000		4.37260		-0.14725
	3510.00000000		4.23310		-0.18239
	3515.00000000		4.23292		-0.26077
	3520.00000000		4.31430		-0.32538
	3525.00000000		4.35580		-0.33320
	3530.00000000		4.34207		-0.25234
	3535.00000000		4.33261		-0.18158
	3540.00000000		4.54793		-0.19021
	3545.00000000		4.56971		-0.24552
	3550.00000000		4.52872		-0.25457
	3555.00000000		4.29547		-0.26143
	3560.00000000		4.26637		-0.25936
	3565.00000000		4.25630		-0.26838
	3570.00000000		4.20898		-0.28885
	3575.00000000		4.26491		-0.31061
	3580.00000000		4.32416		-0.27975
	3585.00000000		4.45577		-0.22375
	3590.00000000		4.53015		-0.14950
	3595.00000000		4.57196		-0.13766
	3600.00000000		4.46066		-0.14829
	3605.00000000		4.54514		-0.10288
	3610.00000000		4.74940		-0.04753
	3615.00000000		4.84217		0.01564
	3620.00000000		4.75838		0.04808
	3625.00000000		4.60243		0.05705
	3630.00000000		4.74465		0.05391
	3635.00000000		4.92030		0.07545
	3640.00000000		5.11900		0.10261
	3645.00000000		4.97590		0.14362
	3650.00000000		4.91477		0.16200
	3655.00000000		5.05771		0.16503
	3660.00000000		5.29891		0.12706
	3665.00000000		5.39508		0.05856
	3670.00000000		5.10759		0.03795
	3675.00000000		4.81533		0.00605
	3680.00000000		4.66934		-0.01032
	3685.00000000		5.02337		-0.05007
	3690.00000000		5.21054		-0.11089
	3695.00000000		4.92597		-0.16455
	3700.00000000		4.43645		-0.17745
	3705.00000000		4.42379		-0.18686
	3710.00000000		4.74092		-0.15189
	3715.00000000		5.32342		-0.12598
	3720.00000000		5.35513		-0.12536
	3725.00000000		4.98157		-0.11730
	3730.00000000		4.74685		-0.14160
	3735.00000000		4.74278		-0.11941
	3740.00000000		4.95950		-0.06762
	3745.00000000		5.17658		0.00291
	3750.00000000		5.29118		0.07067
	3755.00000000		5.25276		0.10947
	3760.00000000		5.15221		0.14707
	3765.00000000		5.15719		0.15184
	3770.00000000		5.14483		0.18431
	3775.00000000		5.14832		0.17963
	3780.00000000		5.00875		0.22712
	3785.00000000		4.90015		0.25066
	3790.00000000		4.67706		0.28031
	3795.00000000		4.58260		0.29032
	3800.00000000		4.79346		0.23678
	3805.00000000		4.95761		0.24303
	3810.00000000		5.21929		0.23149
	3815.00000000		5.04492		0.32000
	3820.00000000		4.68330		0.34322
	3825.00000000		4.45363		0.35548
	3830.00000000		4.54061		0.34770
	3835.00000000		4.76122		0.36924
	3840.00000000		4.91457		0.39285
	3845.00000000		4.71650		0.45076
	3850.00000000		4.38824		0.49224
	3855.00000000		4.20267		0.46729
	3860.00000000		4.14268		0.50427
	3865.00000000		4.12635		0.49006
	3870.00000000		3.90702		0.50848
	3875.00000000		3.59578		0.48464
	3880.00000000		3.40805		0.48212
	3885.00000000		3.38692		0.52395
	3890.00000000		3.62316		0.53392
	3895.00000000		3.80958		0.53296
	3900.00000000		3.86571		0.47991
	3905.00000000		3.85216		0.42851
	3910.00000000		3.85413		0.36535
	3915.00000000		4.05127		0.30951
	3920.00000000		4.04078		0.27150
	3925.00000000		3.89408		0.21403
	3930.00000000		3.70358		0.16181
	3935.00000000		3.68409		0.14449
	3940.00000000		3.77681		0.19976
	3945.00000000		3.83929		0.17951
	3950.00000000		3.72116		0.14455
	3955.00000000		3.58086		0.06574
	3960.00000000		3.68087		0.03978
	3965.00000000		3.87767		0.08510
	3970.00000000		4.19749		0.12170
	3975.00000000		4.34114		0.19621
	3980.00000000		4.46598		0.24597
	3985.00000000		4.44645		0.28389
	3990.00000000		4.32541		0.25485
	3995.00000000		4.23025		0.14984
	4000.00000000		4.06899		0.00406
	4005.00000000		3.98610		-0.05504
	4010.00000000		3.97362		-0.00786
	4015.00000000		4.04612		0.09226
	4020.00000000		3.90241		0.16547
	4025.00000000		3.85915		0.13394
	4030.00000000		3.89724		0.13736
	4035.00000000		4.11422		0.12828
	4040.00000000		4.30220		0.16376
	4045.00000000		4.20063		0.27174
	4050.00000000		3.92863		0.35034
	4055.00000000		3.88207		0.37560
	4060.00000000		4.11843		0.42153
	4065.00000000		4.46431		0.45574
	4070.00000000		4.65076		0.51203
	4075.00000000		4.57205		0.58197
	4080.00000000		4.56465		0.63193
	4085.00000000		4.69058		0.69552
	4090.00000000		4.96513		0.73802
	4095.00000000		5.07453		0.69034
	4100.00000000		4.63447		0.69337
	4105.00000000		4.59917		0.57060
	4110.00000000		4.47589		0.62193
	4115.00000000		4.81987		0.72520
	4120.00000000		5.25238		0.85683
	4125.00000000		5.37150		0.94689
	4130.00000000		5.32220		0.90590
	4135.00000000		5.16038		0.91552
	4140.00000000		5.28341		0.88570
	4145.00000000		5.34196		0.93918
	4150.00000000		5.50070		0.95336
	4155.00000000		5.55921		0.99886
	4160.00000000		5.43616		1.08510
	4165.00000000		5.39691		1.07292
	4170.00000000		5.34859		1.13448
	4175.00000000		5.58267		1.08760
	4180.00000000		5.54533		1.17899
	4185.00000000		5.38598		1.16770
	4190.00000000		5.16271		1.22539
	4195.00000000		5.21008		1.20968
	4200.00000000		5.30363		1.20949
	4205.00000000		5.41568		1.19818
	4210.00000000		5.51651		1.20823
	4215.00000000		5.43636		1.25033
	4220.00000000		5.25305		1.23991
	4225.00000000		4.94976		1.27017
	4230.00000000		4.89431		1.20617
	4235.00000000		4.87877		1.22956
	4240.00000000		5.05731		1.21670
	4245.00000000		5.07763		1.22567
	4250.00000000		5.11644		1.18405
	4255.00000000		5.06804		1.18391
	4260.00000000		5.06620		1.19877
	4265.00000000		5.08044		1.18919
	4270.00000000		5.26584		1.23449
	4275.00000000		5.51957		1.21085
	4280.00000000		5.73385		1.22271
	4285.00000000		5.73055		1.15906
	4290.00000000		5.34438		1.16846
	4295.00000000		4.96690		1.15744
	4300.00000000		5.02467		1.21565
	4305.00000000		5.41535		1.33807
	4310.00000000		5.85890		1.30208
	4315.00000000		5.76638		1.35329
	4320.00000000		5.52747		1.30988
	4325.00000000		5.31381		1.29141
	4330.00000000		5.39685		1.27905
	4335.00000000		5.65138		1.24297
	4340.00000000		5.79715		1.26003
	4345.00000000		5.89881		1.25709
	4350.00000000		5.83807		1.28722
	4355.00000000		5.95725		1.25392
	4360.00000000		6.13489		1.25176
	4365.00000000		6.14790		1.17985
	4370.00000000		5.88213		1.13733
	4375.00000000		5.75020		1.12485
	4380.00000000		5.90390		1.16447
	4385.00000000		6.01363		1.24509
	4390.00000000		5.99570		1.26418
	4395.00000000		5.84321		1.31608
	4400.00000000		5.89217		1.29792
	4405.00000000		5.88135		1.36761
	4410.00000000		5.91903		1.36767
	4415.00000000		5.68472		1.42055
	4420.00000000		5.62135		1.40045
	4425.00000000		5.71634		1.41785
	4430.00000000		5.88153		1.41018
	4435.00000000		5.94630		1.37845
	4440.00000000		5.85959		1.35394
	4445.00000000		5.80154		1.31285
	4450.00000000		5.98982		1.27963
	4455.00000000		6.29357		1.25382
	4460.00000000		6.41904		1.28306
	4465.00000000		6.41168		1.29471
	4470.00000000		6.31515		1.29148
	4475.00000000		6.18851		1.25464
	4480.00000000		6.12069		1.18137
	4485.00000000		5.99084		1.16491
	4490.00000000		6.12054		1.17808
	4495.00000000		6.46289		1.23840
	4500.00000000		6.63520		1.24387
	4505.00000000		6.49200		1.27985
	4510.00000000		6.27741		1.27386
	4515.00000000		6.28316		1.24975
	4520.00000000		6.39786		1.26385
	4525.00000000		6.50987		1.22479
	4530.00000000		6.48985		1.25396
	4535.00000000		6.36632		1.23329
	4540.00000000		6.15181		1.27416
	4545.00000000		6.14621		1.23087
	4550.00000000		6.30142		1.22395
	4555.00000000		6.66888		1.17024
	4560.00000000		6.70932		1.14237
	4565.00000000		6.59390		1.16362
	4570.00000000		6.77446		1.19871
	4575.00000000		7.07030		1.22653
	4580.00000000		7.15618		1.17356
	4585.00000000		6.94959		1.12571
	4590.00000000		6.78611		1.06818
	4595.00000000		6.71288		1.05839
	4600.00000000		6.69130		1.08653
	4605.00000000		6.59794		1.09902
	4610.00000000		6.38318		1.12804
	4615.00000000		6.25003		1.08068
	4620.00000000		6.14615		1.07556
	4625.00000000		6.04753		1.05941
	4630.00000000		5.81685		1.07905
	4635.00000000		5.73013		1.08130
	4640.00000000		5.82477		1.08692
	4645.00000000		5.85311		1.11547
	4650.00000000		5.81373		1.12374
	4655.00000000		5.69234		1.17786
	4660.00000000		5.63402		1.18088
	4665.00000000		5.64552		1.19217
	4670.00000000		5.69096		1.19334
	4675.00000000		5.67640		1.27874
	4680.00000000		5.80754		1.37604
	4685.00000000		5.81992		1.50894
	4690.00000000		5.78806		1.50866
	4695.00000000		5.73842		1.47173
	4700.00000000		5.70816		1.36124
	4705.00000000		5.64802		1.31223
	4710.00000000		5.57441		1.27658
	4715.00000000		5.63196		1.25270
	4720.00000000		5.77684		1.27326
	4725.00000000		5.99709		1.26946
	4730.00000000		6.05960		1.26444
	4735.00000000		6.06596		1.20391
	4740.00000000		5.98340		1.18706
	4745.00000000		5.99854		1.11370
	4750.00000000		5.86961		1.14409
	4755.00000000		5.86555		1.13356
	4760.00000000		5.84086		1.17535
	4765.00000000		5.83932		1.21995
	4770.00000000		5.87377		1.16647
	4775.00000000		5.75381		1.21049
	4780.00000000		5.60438		1.19084
	4785.00000000		5.30047		1.25546
	4790.00000000		5.15613		1.28450
	4795.00000000		5.09841		1.35236
	4800.00000000		5.15550		1.37367
	4805.00000000		5.20524		1.40008
	4810.00000000		5.21476		1.41852
	4815.00000000		5.33789		1.41563
	4820.00000000		5.53615		1.43771
	4825.00000000		5.85057		1.35989
	4830.00000000		5.83157		1.35488
	4835.00000000		5.65332		1.28901
	4840.00000000		5.52300		1.28778
	4845.00000000		5.69405		1.26524
	4850.00000000		5.92352		1.24468
	4855.00000000		6.08587		1.20707
	4860.00000000		6.20193		1.19181
	4865.00000000		6.32298		1.17769
	4870.00000000		6.49469		1.16696
	4875.00000000		6.53399		1.16081
	4880.00000000		6.57600		1.09092
	4885.00000000		6.59605		1.06696
	4890.00000000		6.85708		1.04959
	4895.00000000		6.99835		1.08523
	4900.00000000		6.87294		1.16524
	4905.00000000		6.61825		1.14954
	4910.00000000		6.53111		1.18932
	4915.00000000		6.68024		1.13450
	4920.00000000		6.78444		1.17115
	4925.00000000		6.70510		1.14631
	4930.00000000		6.48441		1.16473
	4935.00000000		6.28349		1.12825
	4940.00000000		6.21600		1.08954
	4945.00000000		6.34103		1.10423
	4950.00000000		6.52153		1.09182
	4955.00000000		6.54733		1.13770
	4960.00000000		6.30695		1.12446
	4965.00000000		6.01033		1.11685
	4970.00000000		5.85028		1.06149
	4975.00000000		5.99814		1.06394
	4980.00000000		6.21936		1.08039
	4985.00000000		6.34790		1.08668
	4990.00000000		6.23985		1.10815
	4995.00000000		6.13609		1.10748
	5000.00000000		6.00639		1.17295
	5005.00000000		5.95405		1.20440
	5010.00000000		5.93683		1.29482
	5015.00000000		6.16422		1.29954
	5020.00000000		6.46870		1.32658
	5025.00000000		6.61082		1.32277
	5030.00000000		6.43697		1.33770
	5035.00000000		6.26420		1.35010
	5040.00000000		6.28360		1.32379
	5045.00000000		6.42859		1.33331
	5050.00000000		6.44994		1.29701
	5055.00000000		6.27268		1.32311
	5060.00000000		6.09289		1.29211
	5065.00000000		5.82277		1.29324
	5070.00000000		5.68480		1.26709
	5075.00000000		5.70934		1.28209
	5080.00000000		5.90931		1.30834
	5085.00000000		6.12048		1.30345
	5090.00000000		6.14331		1.34763
	5095.00000000		6.10572		1.28953
	5100.00000000		5.88311		1.30474
	5105.00000000		5.86106		1.26730
	5110.00000000		5.88310		1.26795
	5115.00000000		5.85185		1.24167
	5120.00000000		5.65963		1.19561
	5125.00000000		5.48995		1.16035
	5130.00000000		5.67806		1.17081
	5135.00000000		6.00172		1.20272
	5140.00000000		6.19743		1.16865
	5145.00000000		6.16403		1.21791
	5150.00000000		5.99650		1.19119
	5155.00000000		5.74595		1.17159
	5160.00000000		5.76761		1.13316
	5165.00000000		6.01183		1.14248
	5170.00000000		5.96520		1.18326
	5175.00000000		5.68465		1.18748
	5180.00000000		5.16245		1.20307
	5185.00000000		4.99399		1.19495
	5190.00000000		5.04774		1.26409
	5195.00000000		5.31797		1.30973
	5200.00000000		5.36384		1.32528
	5205.00000000		5.20832		1.29503
	5210.00000000		5.19791		1.24649
	5215.00000000		5.26457		1.21970
	5220.00000000		5.32509		1.20652
	5225.00000000		5.13407		1.23597
	5230.00000000		5.11309		1.18908
	5235.00000000		5.07228		1.19911
	5240.00000000		5.10921		1.15427
	5245.00000000		4.92508		1.10272
	5250.00000000		4.58559		1.02875
	5255.00000000		4.46398		0.97544
	5260.00000000		4.65768		1.06340
	5265.00000000		5.10880		1.12631
	5270.00000000		5.19930		1.21341
	5275.00000000		4.95948		1.18663
	5280.00000000		4.72644		1.16006
	5285.00000000		4.75798		1.11673
	5290.00000000		4.93667		1.10130
	5295.00000000		4.83136		1.10948
	5300.00000000		4.49923		1.11387
	5305.00000000		4.34166		1.09290
	5310.00000000		4.35085		1.09683
	5315.00000000		4.43900		1.10343
	5320.00000000		4.53697		1.04251
	5325.00000000		4.61726		1.09371
	5330.00000000		4.70566		1.16517
	5335.00000000		4.72242		1.22652
	5340.00000000		4.73147		1.23593
	5345.00000000		4.73522		1.15276
	5350.00000000		4.61076		1.05614
	5355.00000000		4.47096		1.01122
	5360.00000000		4.25651		1.04873
	5365.00000000		4.14895		1.05704
	5370.00000000		4.05258		1.04193
	5375.00000000		4.13628		1.00234
	5380.00000000		4.38330		1.03740
	5385.00000000		4.57704		1.05316
	5390.00000000		4.54754		1.11503
	5395.00000000		4.50058		1.10819
	5400.00000000		4.37076		1.11144
	5405.00000000		4.31767		1.03391
	5410.00000000		4.14143		1.00328
	5415.00000000		4.03958		1.00696
	5420.00000000		4.00497		1.01499
	5425.00000000		4.05423		1.05653
	5430.00000000		4.24138		1.02038
	5435.00000000		4.22976		1.02592
	5440.00000000		4.20688		1.01125
	5445.00000000		4.13619		1.05732
	5450.00000000		4.25429		1.04825
	5455.00000000		4.17285		1.08909
	5460.00000000		4.12101		1.07494
	5465.00000000		4.05400		1.05155
	5470.00000000		4.03499		1.04257
	5475.00000000		4.08231		1.01013
	5480.00000000		4.13246		0.99307
	5485.00000000		4.17992		1.01741
	5490.00000000		4.28244		1.02434
	5495.00000000		4.40050		1.02415
	5500.00000000		4.64373		1.00928
	5505.00000000		4.81465		0.98533
	5510.00000000		4.69687		0.94688
	5515.00000000		4.55076		0.89305
	5520.00000000		4.39302		0.92948
	5525.00000000		4.56600		0.93345
	5530.00000000		4.80212		0.98316
	5535.00000000		4.98245		0.98877
	5540.00000000		4.97284		0.94587
	5545.00000000		4.84738		0.92528
	5550.00000000		4.82345		0.89986
	5555.00000000		4.70684		0.92032
	5560.00000000		4.67729		0.89877
	5565.00000000		4.68020		0.88037
	5570.00000000		4.76109		0.87666
	5575.00000000		4.79425		0.87775
	5580.00000000		4.80330		0.90573
	5585.00000000		4.90417		0.93182
	5590.00000000		4.97877		0.94582
	5595.00000000		5.15119		0.90292
	5600.00000000		5.34919		0.91193
	5605.00000000		5.54736		0.93329
	5610.00000000		5.62005		0.96701
	5615.00000000		5.79749		0.91752
	5620.00000000		5.86948		0.85325
	5625.00000000		5.96038		0.76051
	5630.00000000		6.02322		0.73955
	5635.00000000		6.13446		0.78877
	5640.00000000		6.32862		0.82358
	5645.00000000		6.56019		0.84372
	5650.00000000		6.78024		0.78573
	5655.00000000		6.62512		0.75627
	5660.00000000		6.33275		0.73160
	5665.00000000		6.25788		0.76187
	5670.00000000		6.57091		0.82746
	5675.00000000		7.01185		0.89011
	5680.00000000		7.18436		0.91126
	5685.00000000		7.07524		0.86703
	5690.00000000		7.09504		0.84377
	5695.00000000		7.20078		0.81661
	5700.00000000		7.36771		0.82040
	5705.00000000		7.36194		0.82958
	5710.00000000		7.27956		0.90088
	5715.00000000		7.27914		0.97048
	5720.00000000		7.48087		0.99853
	5725.00000000		7.81317		0.98398
	5730.00000000		7.84048		0.94021
	5735.00000000		7.67992		0.89379
	5740.00000000		7.55737		0.89293
	5745.00000000		7.69952		0.91350
	5750.00000000		7.88151		0.92029
	5755.00000000		7.83828		0.92284
	5760.00000000		7.59514		0.90800
	5765.00000000		7.34649		0.90123
	5770.00000000		7.37262		0.87795
	5775.00000000		7.78673		0.84756
	5780.00000000		8.02596		0.83908
	5785.00000000		7.81634		0.88215
	5790.00000000		7.44375		0.93262
	5795.00000000		7.38121		0.96795
	5800.00000000		7.66353		0.95869
	5805.00000000		7.75367		0.90873
	5810.00000000		7.54067		0.89634
	5815.00000000		7.20565		0.89451
	5820.00000000		7.14211		0.93642
	5825.00000000		7.39730		0.96101
	5830.00000000		7.66954		0.95962
	5835.00000000		7.63928		0.94701
	5840.00000000		7.32128		0.96539
	5845.00000000		7.15168		0.99280
	5850.00000000		7.27679		1.00981
	5855.00000000		7.41883		1.01331
	5860.00000000		7.26299		0.98117
	5865.00000000		6.91473		0.99102
	5870.00000000		6.79144		1.02371
	5875.00000000		7.06888		1.07679
	5880.00000000		7.26619		1.05605
	5885.00000000		7.22560		1.00678
	5890.00000000		7.04733		0.99638
	5895.00000000		7.04169		1.02799
	5900.00000000		7.20002		1.06945
	5905.00000000		7.32657		1.03282
	5910.00000000		7.33558		1.01229
	5915.00000000		7.24281		0.98467
	5920.00000000		7.25261		0.99918
	5925.00000000		7.41798		0.99611
	5930.00000000		7.68196		0.95666
	5935.00000000		7.67565		0.89078
	5940.00000000		7.34129		0.82095
	5945.00000000		7.11055		0.79546
	5950.00000000		7.10599		0.80161
	5955.00000000		7.35413		0.84801
	5960.00000000		7.34931		0.80573
	5965.00000000		7.14453		0.76396
	5970.00000000		6.71784		0.71600
	5975.00000000		6.61530		0.74530
	5980.00000000		6.88382		0.77559
	5985.00000000		7.15259		0.78727
	5990.00000000		6.95751		0.81584
	5995.00000000		6.58410		0.84281
	6000.00000000		6.34748		0.87300
	6005.00000000		6.39359		0.85266
	6010.00000000		6.64303		0.78895
	6015.00000000		6.84161		0.72536
	6020.00000000		6.89813		0.73040
	6025.00000000		6.77944		0.78923
	6030.00000000		6.76220		0.81499
	6035.00000000		6.87138		0.79930
	6040.00000000		6.97716		0.70347
	6045.00000000		7.03521		0.61225
	6050.00000000		7.12051		0.57522
	6055.00000000		7.15892		0.60433
	6060.00000000		7.19776		0.65520
	6065.00000000		7.18866		0.67433
	6070.00000000		7.12407		0.64470
	6075.00000000		7.09785		0.65584
	6080.00000000		7.15754		0.72895
	6085.00000000		7.24350		0.79844
	6090.00000000		7.23261		0.80866
	6095.00000000		7.19880		0.81721
	6100.00000000		6.86710		0.80971
	6105.00000000		6.53503		0.85035
	6110.00000000		6.33539		0.90170
	6115.00000000		6.33442		0.95069
	6120.00000000		6.55946		0.97485
	6125.00000000		6.66921		0.95800
	6130.00000000		6.45726		0.93822
	6135.00000000		6.02520		0.94185
	6140.00000000		5.75178		0.98761
	6145.00000000		5.96349		1.04224
	6150.00000000		6.16247		1.03764
	6155.00000000		6.12537		1.01188
	6160.00000000		5.82387		0.97853
	6165.00000000		5.48177		0.95885
	6170.00000000		5.57241		0.96731
	6175.00000000		5.80347		0.99254
	6180.00000000		5.91260		1.02863
	6185.00000000		5.58679		1.06562
	6190.00000000		5.28719		1.06675
	6195.00000000		5.13093		1.00580
	6200.00000000		5.18221		0.96898
	6205.00000000		5.60198		0.97125
	6210.00000000		5.82138		1.02384
	6215.00000000		5.54553		1.04672
	6220.00000000		5.02721		1.06064
	6225.00000000		4.73359		1.04789
	6230.00000000		4.69622		1.06655
	6235.00000000		4.98575		1.10603
	6240.00000000		5.33708		1.08963
	6245.00000000		5.12353		1.12434
	6250.00000000		4.86764		1.09090
	6255.00000000		4.76643		1.13107
	6260.00000000		4.91955		1.18452
	6265.00000000		5.04872		1.23579
	6270.00000000		4.91722		1.27027
	6275.00000000		4.76475		1.27748
	6280.00000000		4.67334		1.26833
	6285.00000000		4.78995		1.24964
	6290.00000000		4.84968		1.27506
	6295.00000000		4.66716		1.30240
	6300.00000000		4.35367		1.32772
	6305.00000000		4.19065		1.29880
	6310.00000000		4.22137		1.24317
	6315.00000000		4.23541		1.18584
	6320.00000000		4.17819		1.18518
	6325.00000000		3.98034		1.19680
	6330.00000000		3.77657		1.17877
	6335.00000000		3.75533		1.10986
	6340.00000000		3.72126		0.98681
	6345.00000000		3.74351		0.90085
	6350.00000000		3.60322		0.91897
	6355.00000000		3.56169		1.00694
	6360.00000000		3.61416		1.05436
	6365.00000000		3.65342		1.05963
	6370.00000000		3.69593		0.94631
	6375.00000000		3.54148		0.88599
	6380.00000000		3.57931		0.94468
	6385.00000000		3.76098		1.04513
	6390.00000000		4.02246		1.15351
	6395.00000000		4.05656		1.10001
	6400.00000000		3.82195		1.06939
	6405.00000000		3.80343		1.05416
	6410.00000000		3.86435		1.14183
	6415.00000000		4.02187		1.20375
	6420.00000000		3.99989		1.15750
	6425.00000000		3.91345		1.12807
	6430.00000000		4.11594		1.05348
	6435.00000000		4.03579		1.11728
	6440.00000000		4.08071		1.06148
	6445.00000000		3.86522		1.04457
	6450.00000000		3.83922		0.98784
	6455.00000000		3.89095		0.93737
	6460.00000000		3.85157		0.96087
	6465.00000000		3.98910		0.97407
	6470.00000000		3.86052		1.04104
	6475.00000000		3.73941		1.00984
	6480.00000000		3.87649		0.97505
	6485.00000000		4.05552		0.94124
	6490.00000000		4.42501		0.91150
	6495.00000000		4.47047		0.99227
	6500.00000000		4.40191		1.02210
	6505.00000000		4.17333		1.08071
	6510.00000000		3.96479		1.07304
	6515.00000000		4.05248		1.02549
	6520.00000000		3.94499		1.11617
	6525.00000000		4.09814		1.14314
	6530.00000000		3.93914		1.20932
	6535.00000000		3.67374		1.23171
	6540.00000000		3.54827		1.18270
	6545.00000000		3.44294		1.18492
	6550.00000000		3.68281		1.19995
	6555.00000000		3.75277		1.26328
	6560.00000000		3.83030		1.31688
	6565.00000000		3.81775		1.34844
	6570.00000000		3.82619		1.33161
	6575.00000000		3.85525		1.23807
	6580.00000000		3.72188		1.19275
	6585.00000000		3.48381		1.17332
	6590.00000000		3.38437		1.19414
	6595.00000000		3.47572		1.19654
	6600.00000000		3.65638		1.14443
	6605.00000000		3.62575		1.10649
	6610.00000000		3.42340		1.07897
	6615.00000000		3.37656		1.10879
	6620.00000000		3.52917		1.08441
	6625.00000000		3.73959		1.03467
	6630.00000000		3.93073		0.98874
	6635.00000000		3.71232		1.05949
	6640.00000000		3.58140		1.13464
	6645.00000000		3.70980		1.09879
	6650.00000000		3.62953		1.09322
	6655.00000000		3.71438		1.02355
	6660.00000000		3.50703		1.02003
	6665.00000000		3.24125		1.12143
	6670.00000000		3.31392		1.15190
	6675.00000000		3.41454		1.14249
	6680.00000000		3.46175		1.10639
	6685.00000000		3.55037		1.04642
	6690.00000000		3.34663		1.06064
	6695.00000000		3.64295		1.10095
	6700.00000000		3.93837		1.15614
	6705.00000000		3.92284		1.16318
	6710.00000000		3.67534		1.11285
	6715.00000000		3.43085		1.07385
	6720.00000000		3.57385		1.07400
	6725.00000000		3.66854		1.09227
	6730.00000000		3.52785		1.07658
	6735.00000000		3.16736		0.96078
	6740.00000000		3.05022		0.88990
	6745.00000000		3.02370		0.92020
	6750.00000000		3.07950		0.97765
	6755.00000000		3.35236		1.02034
	6760.00000000		3.32540		1.10835
	6765.00000000		3.08419		1.19179
	6770.00000000		3.04141		1.14139
	6775.00000000		2.91619		1.14446
	6780.00000000		2.76699		1.16932
	6785.00000000		2.66167		1.02460
	6790.00000000		2.36366		0.88730
	6795.00000000		2.13553		0.90065
	6800.00000000		2.26892		1.10480
	6805.00000000		2.21139		1.33541
	6810.00000000		1.98136		1.39187
	6815.00000000		2.25483		1.25837
	6820.00000000		2.05420		1.20018
	6825.00000000		2.15423		1.17272
	6830.00000000		2.22720		1.14423
	6835.00000000		1.97726		1.06778
	6840.00000000		2.16893		1.02576
	6845.00000000		2.04261		1.04947
	6850.00000000		2.07793		1.03611
	6855.00000000		2.04955		0.99531
	6860.00000000		2.07534		0.94921
	6865.00000000		2.10290		0.89918
	6870.00000000		2.00682		0.92983
	6875.00000000		2.16388		1.06501
	6880.00000000		1.92968		1.18421
	6885.00000000		2.24854		1.19290
	6890.00000000		1.98670		1.04795
	6895.00000000		2.14314		0.92282
	6900.00000000		2.12695		0.89869
	6905.00000000		2.02301		0.95495
	6910.00000000		2.14468		1.06200
	6915.00000000		2.01412		1.10454
	6920.00000000		2.13467		1.14572
	6925.00000000		1.99768		1.09744
	6930.00000000		2.20872		1.01697
	6935.00000000		1.95618		0.94165
	6940.00000000		2.17856		1.04691
	6945.00000000		2.16196		1.15937
	6950.00000000		1.94557		1.25336
	6955.00000000		2.18898		1.28039
	6960.00000000		1.99366		1.28131
	6965.00000000		2.15573		1.29534
	6970.00000000		2.03803		1.25678
	6975.00000000		2.07124		1.22886
	6980.00000000		2.13852		1.19078
	6985.00000000		2.01167		1.26135
	6990.00000000		2.19114		1.31705
	6995.00000000		1.99214		1.37844
	7000.00000000		2.25896		1.35775
	7005.00000000		1.87066		1.30674
	7010.00000000		2.30472		1.32271
	7015.00000000		1.97255		1.38806
	7020.00000000		2.12091		1.47489
	7025.00000000		2.05280		1.51606
	7030.00000000		2.04639		1.56869
	7035.00000000		2.17520		1.50996
	7040.00000000		1.97699		1.45954
	7045.00000000		2.17735		1.40122
	7050.00000000		1.93705		1.32440
	7055.00000000		2.19907		1.17004
	7060.00000000		2.01750		1.06922
	7065.00000000		2.10195		1.03406
	7070.00000000		2.18837		1.06009
	7075.00000000		1.91793		1.18817
	7080.00000000		2.21999		1.27154
	7085.00000000		1.95727		1.33728
	7090.00000000		2.13605		1.35523
	7095.00000000		2.10966		1.35368
	7100.00000000		2.03198		1.27389
	7105.00000000		2.15044		1.21985
	7110.00000000		1.94799		1.13140
	7115.00000000		2.08456		1.11176
	7120.00000000		2.06145		1.16346
	7125.00000000		2.02606		1.27708
	7130.00000000		2.11368		1.44212
	7135.00000000		1.98836		1.52108
	7140.00000000		2.13573		1.52318
	7145.00000000		2.02546		1.41876
	7150.00000000		2.06444		1.34679
	7155.00000000		2.10304		1.37715
	7160.00000000		2.00633		1.45843
	7165.00000000		2.15460		1.52002
	7170.00000000		2.00548		1.52705
	7175.00000000		2.15950		1.53002
	7180.00000000		2.02422		1.42180
	7185.00000000		2.07313		1.38668
	7190.00000000		2.13547		1.49194
	7195.00000000		1.99720		1.60386
	7200.00000000		2.16833		1.56242
	7205.00000000		1.99632		1.42829
	7210.00000000		2.13656		1.43062
	7215.00000000		2.09513		1.51384
	7220.00000000		1.98572		1.57311
	7225.00000000		2.23533		1.60180
	7230.00000000		1.95654		1.61397
	7235.00000000		2.12534		1.54603
	7240.00000000		2.09845		1.41529
	7245.00000000		1.97805		1.32889
	7250.00000000		2.16521		1.39024
	7255.00000000		1.99966		1.69088
	7260.00000000		2.12187		1.86923
	7265.00000000		2.00569		1.80783
	7270.00000000		2.11039		1.64984
	7275.00000000		2.06724		1.73171
	7280.00000000		2.09213		1.90017
	7285.00000000		2.08033		1.94098
	7290.00000000		2.05442		1.73952
	7295.00000000		2.13617		1.48885
	7300.00000000		1.96299		1.36990
	7305.00000000		2.11238		1.38363
	7310.00000000		2.06669		1.44045
	7315.00000000		1.99474		1.48927
	7320.00000000		2.16633		1.57069
	7325.00000000		1.99966		1.63463
	7330.00000000		2.09238		1.60555
	7335.00000000		2.06378		1.50457
	7340.00000000		2.01237		1.44379
	7345.00000000		2.13756		1.52662
	7350.00000000		1.99545		1.65439
	7355.00000000		2.09447		1.70145
	7360.00000000		2.06454		1.59386
	7365.00000000		2.01402		1.48809
	7370.00000000		2.08827		1.56372
	7375.00000000		2.04553		1.82000
	7380.00000000		2.10022		2.01483
	7385.00000000		2.04023		2.04473
	7390.00000000		2.13595		1.90813
	7395.00000000		2.08607		1.83280
	7400.00000000		2.04334		1.82993
	7405.00000000		2.10715		1.87629
	7410.00000000		1.99449		1.82907
	7415.00000000		2.16555		1.74576
	7420.00000000		2.06660		1.72380
	7425.00000000		2.04762		1.66737
	7430.00000000		2.11738		1.61154
	7435.00000000		2.01181		1.63732
	7440.00000000		2.12486		1.76031
	7445.00000000		2.04869		1.85063
	7450.00000000		2.08428		1.74055
	7455.00000000		2.15493		1.55690
	7460.00000000		1.99472		1.43860
	7465.00000000		2.14674		1.40799
	7470.00000000		2.00637		1.46696
	7475.00000000		2.05818		1.52906
	7480.00000000		2.11382		1.63973
	7485.00000000		2.02946		1.78954
	7490.00000000		2.11503		1.90577
	7495.00000000		2.04957		1.87481
	7500.00000000		2.07491		1.75634
	7505.00000000		2.12396		1.62108
	7510.00000000		1.97628		1.63396
	7515.00000000		2.10902		1.73397
	7520.00000000		2.05985		1.70578
	7525.00000000		2.01884		1.60161
	7530.00000000		2.15614		1.52421
	7535.00000000		2.05562		1.60105
	7540.00000000		2.04416		1.77793
	7545.00000000		2.11528		1.94932
	7550.00000000		1.98753		1.90137
	7555.00000000		2.16896		1.83812
	7560.00000000		2.04282		1.87220
	7565.00000000		2.06360		2.01353
	7570.00000000		2.13339		2.04948
	7575.00000000		1.98598		1.91979
	7580.00000000		2.16518		1.72706
	7585.00000000		2.10121		1.57660
	7590.00000000		1.96292		1.57135
	7595.00000000		2.13079		1.65402
	7600.00000000		2.08853		1.68724
	7605.00000000		2.04975		1.50423
	7610.00000000		2.11185		1.29559
	7615.00000000		2.02911		1.13891
	7620.00000000		2.01192		1.03977
	7625.00000000		2.12029		1.02542
	7630.00000000		1.93048		1.17055
	7635.00000000		2.21658		1.36494
	7640.00000000		2.14759		1.50531
	7645.00000000		1.97186		1.56030
	7650.00000000		2.10789		1.53459
	7655.00000000		2.06387		1.48549
	7660.00000000		1.98213		1.43215
	7665.00000000		2.09805		1.50371
	7670.00000000		2.10658		1.65054
	7675.00000000		1.99863		1.76378
	7680.00000000		2.08375		1.73613
	7685.00000000		2.11270		1.66406
	7690.00000000		2.03793		1.69155
	7695.00000000		2.03092		1.76398
	7700.00000000		2.09291		1.83689
	7705.00000000		2.03338		1.89031
	7710.00000000		2.07693		1.89969
	7715.00000000		2.07048		1.83829
	7720.00000000		2.02075		1.76189
	7725.00000000		2.09111		1.71197
	7730.00000000		2.08507		1.68973
	7735.00000000		2.00391		1.67512
	7740.00000000		2.11634		1.61075
	7745.00000000		2.11439		1.51118
	7750.00000000		1.96059		1.40337
	7755.00000000		2.05497		1.29355
	7760.00000000		2.11585		1.21192
	7765.00000000		1.99218		1.22305
	7770.00000000		2.08142		1.29249
	7775.00000000		2.10632		1.38333
	7780.00000000		1.92477		1.37398
	7785.00000000		2.14409		1.32588
	7790.00000000		2.09908		1.29890
	7795.00000000		1.97327		1.27021
	7800.00000000		2.12558		1.25883
	7805.00000000		1.97787		1.21765
	7810.00000000		2.06362		1.20213
	7815.00000000		2.11871		1.12081
	7820.00000000		1.97643		1.02716
	7825.00000000		2.09329		1.01383
	7830.00000000		2.01351		1.11145
	7835.00000000		2.04035		1.22489
	7840.00000000		2.06218		1.21607
	7845.00000000		2.03430		1.12816
	7850.00000000		2.04458		0.92694
	7855.00000000		2.05130		0.86165
	7860.00000000		2.01373		0.89322
	7865.00000000		2.08071		0.90261
	7870.00000000		2.03441		0.93282
	7875.00000000		2.04056		0.97057
	7880.00000000		2.09884		0.93169
	7885.00000000		1.99352		0.70905
	7890.00000000		2.16268		0.63606
	7895.00000000		1.98620		0.74484
	7900.00000000		2.13696		0.88102
	7905.00000000		2.06196		0.82287
	7910.00000000		2.03088		0.66890
	7915.00000000		2.14010		0.67471
	7920.00000000		1.96541		0.81441
	7925.00000000		2.16987		0.89204
	7930.00000000		2.04217		0.92307
	7935.00000000		2.06339		0.90435
	7940.00000000		2.07771		0.92387
	7945.00000000		2.01655		0.92959
	7950.00000000		2.10127		0.85218
	7955.00000000		2.04210		0.78408
	7960.00000000		2.05538		0.76647
	7965.00000000		2.09071		0.81929
	7970.00000000		1.94388		0.83888
	7975.00000000		2.18438		0.77155
	7980.00000000		2.14396		0.71092
	7985.00000000		1.96255		0.75417
	7990.00000000		2.23856		0.82678
	7995.00000000		1.94170		0.84880
	8000.00000000		2.16174		0.82028
	8005.00000000		2.12611		0.82341
	8010.00000000		1.98369		0.80624
	8015.00000000		2.17951		0.72654
	8020.00000000		2.05883		0.67594
	8025.00000000		2.00559		0.66336
	8030.00000000		2.16122		0.67413
	8035.00000000		1.97347		0.69846
	8040.00000000		2.15446		0.56927
	8045.00000000		2.05909		0.42805
	8050.00000000		2.07379		0.45598
	8055.00000000		2.10531		0.56883
	8060.00000000		1.98419		0.67258
	8065.00000000		2.17162		0.58111
	8070.00000000		2.02405		0.43376
	8075.00000000		2.11532		0.37608
	8080.00000000		2.02677		0.44870
	8085.00000000		2.07191		0.52956
	8090.00000000		2.13609		0.47724
	8095.00000000		1.97961		0.36547
	8100.00000000		2.25108		0.35534
	8105.00000000		1.95771		0.41663
	8110.00000000		2.18411		0.41125
	8115.00000000		2.07824		0.36041
	8120.00000000		1.99363		0.36540
	8125.00000000		2.16557		0.42003
	8130.00000000		1.95166		0.47878
	8135.00000000		2.17311		0.50022
	8140.00000000		2.06747		0.46924
	8145.00000000		2.02901		0.51637
	8150.00000000		2.15675		0.52804
	8155.00000000		1.95881		0.44186
	8160.00000000		2.17331		0.32853
	8165.00000000		1.99252		0.42089
	8170.00000000		2.12786		0.62291
	8175.00000000		2.07657		0.68109
	8180.00000000		1.97698		0.50090
	8185.00000000		2.16784		0.30188
	8190.00000000		1.96295		0.30484
	8195.00000000		2.14130		0.46305
	8200.00000000		2.08957		0.48924
	8205.00000000		2.01925		0.35697
	8210.00000000		2.15755		0.23058
	8215.00000000		1.96468		0.28528
	8220.00000000		2.12648		0.37895
	8225.00000000		2.03306		0.35511
	8230.00000000		2.09151		0.33007
	8235.00000000		2.11549		0.35449
	8240.00000000		2.01913		0.49017
	8245.00000000		2.15554		0.59368
	8250.00000000		2.05825		0.51657
	8255.00000000		2.06343		0.38746
	8260.00000000		2.05556		0.35697
	8265.00000000		2.03692		0.51405
	8270.00000000		2.14194		0.65040
	8275.00000000		1.99199		0.69969
	8280.00000000		2.11305		0.59642
	8285.00000000		2.07394		0.55781
	8290.00000000		2.02411		0.53679
	8295.00000000		2.06488		0.56923
	8300.00000000		2.00603		0.64145
	8305.00000000		2.12265		0.79615
	8310.00000000		2.03433		0.84589
	8315.00000000		2.04424		0.79383
	8320.00000000		2.20585		0.62617
	8325.00000000		1.96526		0.40408
	8330.00000000		2.08970		0.40701
	8335.00000000		2.16287		0.58945
	8340.00000000		1.98850		0.78046
	8345.00000000		2.06540		0.74996
	8350.00000000		2.09779		0.57382
	8355.00000000		2.02418		0.43778
	8360.00000000		2.07572		0.48066
	8365.00000000		2.11208		0.67150
	8370.00000000		1.98212		0.84613
	8375.00000000		2.10988		0.89258
	8380.00000000		2.10284		0.82005
	8385.00000000		1.99212		0.79000
	8390.00000000		2.08967		0.78562
	8395.00000000		2.04351		0.74827
	8400.00000000		2.04091		0.69826
	8405.00000000		2.04008		0.64488
	8410.00000000		2.08054		0.58828
	8415.00000000		2.02618		0.55947
	8420.00000000		2.07188		0.61832
	8425.00000000		2.06528		0.61703
	8430.00000000		2.05494		0.54996
	8435.00000000		2.11748		0.51350
	8440.00000000		2.06243		0.54611
	8445.00000000		1.98461		0.54059
	8450.00000000		2.20656		0.47370
	8455.00000000		2.13915		0.43253
	8460.00000000		1.97900		0.52489
	8465.00000000		2.21220		0.66044
	8470.00000000		2.16024		0.67855
	8475.00000000		2.00356		0.62177
	8480.00000000		2.10264		0.58181
	8485.00000000		2.25181		0.59326
	8490.00000000		1.97180		0.57418
	8495.00000000		2.09102		0.51615
	8500.00000000		2.16299		0.41900
	8505.00000000		2.00754		0.28869
	8510.00000000		2.12266		0.17132
	8515.00000000		2.06237		0.08735
	8520.00000000		2.05539		0.11701
	8525.00000000		2.12016		0.13983
	8530.00000000		1.99693		0.14104
	8535.00000000		2.19545		0.15459
	8540.00000000		2.02103		0.21336
	8545.00000000		2.03617		0.20447
	8550.00000000		2.16267		0.16744
	8555.00000000		1.93585		0.15292
	8560.00000000		2.23570		0.15180
	8565.00000000		2.00613		0.21741
	8570.00000000		2.07130		0.23009
	8575.00000000		2.17647		0.17216
	8580.00000000		1.94380		0.09493
	8585.00000000		2.23753		0.13194
	8590.00000000		1.93538		0.15207
	8595.00000000		2.16998		0.08761
	8600.00000000		2.10001		0.02188
	8605.00000000		2.00534		0.00760
	8610.00000000		2.26785		0.10823
	8615.00000000		1.88725		0.16210
	8620.00000000		2.23009		0.10888
	8625.00000000		2.18362		0.04956
	8630.00000000		1.96267		0.08184
	8635.00000000		2.24870		0.16502
	8640.00000000		1.91459		0.19826
	8645.00000000		2.21311		0.19443
	8650.00000000		2.13759		0.20418
	8655.00000000		1.94471		0.30504
	8660.00000000		2.21693		0.36130
	8665.00000000		1.98670		0.28698
	8670.00000000		2.12185		0.21737
	8675.00000000		2.18383		0.21655
	8680.00000000		1.94913		0.24672
	8685.00000000		2.19278		0.21705
	8690.00000000		2.14241		0.13645
	8695.00000000		1.96149		-0.06119
	8700.00000000		2.24562		-0.27071
	8705.00000000		1.94476		-0.33270
	8710.00000000		2.16998		-0.28695
	8715.00000000		2.01682		-0.22430
	8720.00000000		2.11270		-0.21856
	8725.00000000		2.03851		-0.27634
	8730.00000000		2.06341		-0.25331
	8735.00000000		2.07689		-0.09959
	8740.00000000		2.04953		0.06050
	8745.00000000		2.04059		0.02551
	8750.00000000		2.08897		-0.19893
	8755.00000000		2.04928		-0.28190
	8760.00000000		2.05791		-0.35195
	8765.00000000		2.06439		-0.38924
	8770.00000000		2.04673		-0.43207
	8775.00000000		2.08455		-0.36596
	8780.00000000		2.02479		-0.27941
	8785.00000000		2.07653		-0.25779
	8790.00000000		2.08901		-0.33319
	8795.00000000		2.06420		-0.38402
	8800.00000000		2.09072		-0.31265
	8805.00000000		2.04834		-0.30554
	8810.00000000		2.07173		-0.43959
	8815.00000000		2.08455		-0.57545
	8820.00000000		2.05398		-0.63738
	8825.00000000		2.10014		-0.64376
	8830.00000000		2.01072		-0.67563
	8835.00000000		2.09443		-0.71186
	8840.00000000		2.04129		-0.71903
	8845.00000000		2.19186		-0.68829
	8850.00000000		2.00018		-0.60797
	8855.00000000		2.09414		-0.58938
	8860.00000000		2.05079		-0.71673
	8865.00000000		2.07205		-0.86773
	8870.00000000		2.11931		-0.86282
	8875.00000000		2.01413		-0.69543
	8880.00000000		2.17526		-0.66388
	8885.00000000		1.93678		-0.76590
	8890.00000000		2.21910		-0.81701
	8895.00000000		1.96464		-0.71620
	8900.00000000		2.15212		-0.65925
	8905.00000000		2.13089		-0.80323
	8910.00000000		2.00680		-0.97948
	8915.00000000		2.23213		-1.02723
	8920.00000000		1.95383		-0.91025
	8925.00000000		2.13153		-0.80251
	8930.00000000		2.06568		-0.80847
	8935.00000000		2.03323		-0.89969
	8940.00000000		2.20888		-0.86232
	8945.00000000		1.94857		-0.72381
	8950.00000000		2.15449		-0.59470
	8955.00000000		2.02069		-0.63685
	8960.00000000		2.09545		-0.69878
	8965.00000000		2.13036		-0.68861
	8970.00000000		2.00589		-0.60185
	8975.00000000		2.16671		-0.58368
	8980.00000000		2.05180		-0.72087
	8985.00000000		2.09335		-1.01863
	8990.00000000		2.09060		-1.12288
	8995.00000000		2.02019		-1.01640
	9000.00000000		2.21326		-0.90337
	9005.00000000		1.94696		-0.85113
	9010.00000000		2.22165		-0.91868
	9015.00000000		2.11361		-0.90294
	9020.00000000		2.02089		-0.81367
	9025.00000000		2.24067		-0.74213
	9030.00000000		1.94017		-0.73657
	9035.00000000		2.17879		-0.87032
	9040.00000000		2.14740		-0.94509
	9045.00000000		1.96406		-0.86288
	9050.00000000		2.21860		-0.73177
	9055.00000000		2.03831		-0.65450
	9060.00000000		2.10524		-0.71140
	9065.00000000		2.13370		-0.78950
	9070.00000000		1.98989		-0.79700
	9075.00000000		2.15090		-0.73586
	9080.00000000		2.05913		-0.57053
	9085.00000000		2.09535		-0.35174
	9090.00000000		2.10615		-0.29787
	9095.00000000		2.03087		-0.47952
	9100.00000000		2.16627		-0.73593
	9105.00000000		2.00083		-0.94125
	9110.00000000		2.09106		-0.97773
	9115.00000000		2.12571		-0.77675
	9120.00000000		2.01033		-0.49517
	9125.00000000		2.13216		-0.43756
	9130.00000000		2.00033		-0.59072
	9135.00000000		2.10471		-0.74345
	9140.00000000		2.00524		-0.72085
	9145.00000000		2.08974		-0.50114
	9150.00000000		2.04738		-0.44163
	9155.00000000		2.06154		-0.51236
	9160.00000000		2.17190		-0.56776
	9165.00000000		1.91801		-0.60279
	9170.00000000		2.22015		-0.62501
	9175.00000000		2.08029		-0.69685
	9180.00000000		2.03432		-0.77827
	9185.00000000		2.20109		-0.85923
	9190.00000000		1.99755		-0.89535
	9195.00000000		2.10492		-0.93053
	9200.00000000		2.12146		-0.85701
	9205.00000000		2.04164		-0.70629
	9210.00000000		2.12669		-0.53121
	9215.00000000		2.03107		-0.49429
	9220.00000000		2.09361		-0.56423
	9225.00000000		2.08297		-0.52979
	9230.00000000		2.03634		-0.38670
	9235.00000000		2.12864		-0.29344
	9240.00000000		2.01277		-0.33054
	9245.00000000		2.08444		-0.41453
	9250.00000000		2.13884		-0.55016
	9255.00000000		1.97542		-0.60948
	9260.00000000		2.18315		-0.56540
	9265.00000000		2.02417		-0.59261
	9270.00000000		2.02195		-0.70312
	9275.00000000		2.20953		-0.84067
	9280.00000000		1.96831		-0.81264
	9285.00000000		2.11199		-0.57251
	9290.00000000		2.18792		-0.39652
	9295.00000000		1.91070		-0.36368
	9300.00000000		2.22612		-0.35769
	9305.00000000		2.05295		-0.33743
	9310.00000000		2.05088		-0.20405
	9315.00000000		2.26023		-0.07255
	9320.00000000		1.88102		-0.14292
	9325.00000000		2.26670		-0.26960
	9330.00000000		1.98754		-0.28911
	9335.00000000		2.11780		-0.20828
	9340.00000000		2.16051		-0.18869
	9345.00000000		1.94764		-0.31134
	9350.00000000		2.23539		-0.46191
	9355.00000000		1.96983		-0.56146
	9360.00000000		2.09884		-0.73758
	9365.00000000		2.32740		-0.86017
	9370.00000000		1.86603		-0.97305
	9375.00000000		2.24016		-0.97150
	9380.00000000		1.99058		-0.96417
	9385.00000000		2.09133		-1.01858
	9390.00000000		2.23559		-1.04198
	9395.00000000		1.92414		-0.96350
	9400.00000000		2.25754		-0.87854
	9405.00000000		2.08052		-0.85158
	9410.00000000		2.01216		-0.88137
	9415.00000000		2.21839		-0.97499
	9420.00000000		2.00014		-1.04879
	9425.00000000		2.10120		-1.12844
	9430.00000000		2.13792		-1.11433
	9435.00000000		1.94478		-1.06924
	9440.00000000		2.19937		-0.98707
	9445.00000000		2.09848		-0.87066
	9450.00000000		2.00203		-0.76335
	9455.00000000		2.16721		-0.72007
	9460.00000000		2.16130		-0.79125
	9465.00000000		1.99605		-0.89638
	9470.00000000		2.06256		-0.93669
	9475.00000000		2.11233		-0.83931
	9480.00000000		2.06388		-0.74154
	9485.00000000		2.03062		-0.59005
	9490.00000000		2.09930		-0.42806
	9495.00000000		2.08488		-0.36161
	9500.00000000		2.03123		-0.32526
	9505.00000000		2.12803		-0.37084
	9510.00000000		2.06847		-0.54418
	9515.00000000		2.01851		-0.56904
	9520.00000000		2.07128		-0.43515
	9525.00000000		2.09901		-0.24574
	9530.00000000		2.00530		-0.28397
	9535.00000000		2.20029		-0.52827
	9540.00000000		2.09757		-0.61223
	9545.00000000		1.96665		-0.50123
	9550.00000000		2.13855		-0.42603
	9555.00000000		2.09500		-0.48799
	9560.00000000		2.00295		-0.62346
	9565.00000000		2.15010		-0.71903
	9570.00000000		2.29169		-0.68306
	9575.00000000		2.00398		-0.64084
	9580.00000000		2.02311		-0.64555
	9585.00000000		2.22291		-0.71214
	9590.00000000		2.12838		-0.79520
	9595.00000000		1.97068		-0.88339
	9600.00000000		2.17527		-1.04760
	9605.00000000		2.05848		-1.07820
	9610.00000000		2.02529		-1.06682
	9615.00000000		2.17318		-1.11184
	9620.00000000		1.96227		-1.19787
	9625.00000000		2.17848		-1.12707
	9630.00000000		2.08680		-1.05531
	9635.00000000		2.03237		-1.03699
	9640.00000000		2.13698		-1.17974
	9645.00000000		2.00699		-1.31000
	9650.00000000		2.11364		-1.42639
	9655.00000000		2.01806		-1.45473
	9660.00000000		2.09470		-1.37304
	9665.00000000		2.05565		-1.26859
	9670.00000000		2.06100		-1.22526
	9675.00000000		2.05288		-1.25566
	9680.00000000		2.06699		-1.21367
	9685.00000000		2.08855		-1.10145
	9690.00000000		2.04702		-1.06691
	9695.00000000		2.05878		-1.23133
	9700.00000000		2.09766		-1.35308
	9705.00000000		2.00527		-1.23522
	9710.00000000		2.12278		-1.10117
	9715.00000000		2.04915		-1.08903
	9720.00000000		2.03613		-1.20071
	9725.00000000		2.18690		-1.25230
	9730.00000000		1.95022		-1.20656
	9735.00000000		2.15872		-1.17116
	9740.00000000		2.07115		-1.25101
	9745.00000000		2.04269		-1.40344
	9750.00000000		2.17025		-1.41538
	9755.00000000		1.92317		-1.36811
	9760.00000000		2.24028		-1.34251
	9765.00000000		2.01141		-1.37413
	9770.00000000		2.08845		-1.40038
	9775.00000000		2.13835		-1.43192
	9780.00000000		1.99401		-1.44027
	9785.00000000		2.20124		-1.42815
	9790.00000000		1.96000		-1.31971
	9795.00000000		2.20190		-1.19204
	9800.00000000		2.09321		-1.24229
	9805.00000000		2.03585		-1.37654
	9810.00000000		2.19795		-1.38276
	9815.00000000		1.94630		-1.24004
	9820.00000000		2.20508		-0.99355
	9825.00000000		2.22406		-0.90846
	9830.00000000		1.95561		-0.98462
	9835.00000000		2.16085		-1.09540
	9840.00000000		2.15199		-1.01654
	9845.00000000		1.97814		-0.95896
	9850.00000000		2.05101		-1.01224
	9855.00000000		2.10011		-1.11818
	9860.00000000		1.99319		-1.11845
	9865.00000000		2.14339		-0.98660
	9870.00000000		2.09460		-0.86382
	9875.00000000		1.95982		-0.84311
	9880.00000000		2.13901		-0.99336
	9885.00000000		2.14863		-1.08217
	9890.00000000		1.94983		-1.06237
	9895.00000000		2.10387		-0.97674
	9900.00000000		2.14362		-1.07450
	9905.00000000		2.01866		-1.21454
	9910.00000000		2.11280		-1.28869
	9915.00000000		2.15285		-1.32934
	9920.00000000		1.94900		-1.35457
	9925.00000000		2.22110		-1.39176
	9930.00000000		1.95913		-1.41027
	9935.00000000		2.19692		-1.46165
	9940.00000000		2.04760		-1.38278
	9945.00000000		2.04955		-1.27025
	9950.00000000		2.27389		-1.24783
	9955.00000000		2.02295		-1.26105
	9960.00000000		2.03008		-1.28042
	9965.00000000		2.25038		-1.32793
	9970.00000000		1.90326		-1.37189
	9975.00000000		2.22977		-1.41435
	9980.00000000		2.08951		-1.36168
	9985.00000000		2.01715		-1.21658
	9990.00000000		2.15934		-1.19376
	9995.00000000		1.96821		-1.30874
	10000.00000000		2.15295		-1.41155
