	0.00000000		4.98507		-0.50839
	5.00000000		4.95115		-0.44844
	10.00000000		5.14827		-0.51228
	15.00000000		5.02550		-0.51878
	20.00000000		4.95848		-0.54732
	25.00000000		4.81812		-0.51516
	30.00000000		4.81148		-0.49165
	35.00000000		4.94872		-0.50968
	40.00000000		5.04259		-0.49346
	45.00000000		5.24281		-0.51178
	50.00000000		5.14736		-0.50363
	55.00000000		5.12641		-0.55862
	60.00000000		5.02045		-0.60364
	65.00000000		5.05224		-0.65119
	70.00000000		5.08314		-0.64944
	75.00000000		5.33209		-0.61870
	80.00000000		5.60959		-0.63277
	85.00000000		5.55529		-0.68198
	90.00000000		5.60571		-0.78626
	95.00000000		5.59357		-0.80608
	100.00000000		5.84197		-0.75565
	105.00000000		6.03032		-0.65823
	110.00000000		5.93223		-0.59946
	115.00000000		5.76987		-0.56417
	120.00000000		5.82051		-0.53365
	125.00000000		6.11693		-0.56340
	130.00000000		6.11260		-0.53506
	135.00000000		5.93804		-0.53592
	140.00000000		5.68297		-0.48404
	145.00000000		5.78894		-0.42511
	150.00000000		6.15638		-0.40354
	155.00000000		6.28282		-0.40341
	160.00000000		5.95057		-0.41794
	165.00000000		5.50489		-0.40238
	170.00000000		5.55420		-0.41228
	175.00000000		5.70103		-0.36905
	180.00000000		5.82800		-0.42402
	185.00000000		5.74467		-0.43708
	190.00000000		5.47469		-0.42811
	195.00000000		5.29739		-0.39856
	200.00000000		5.25698		-0.34804
	205.00000000		5.41369		-0.36612
	210.00000000		5.58157		-0.36609
	215.00000000		5.73180		-0.40298
	220.00000000		5.67780		-0.35721
	225.00000000		5.44801		-0.30520
	230.00000000		5.24701		-0.27367
	235.00000000		5.17723		-0.30080
	240.00000000		5.24395		-0.35853
	245.00000000		5.27202		-0.33563
	250.00000000		5.42691		-0.32391
	255.00000000		5.52027		-0.26411
	260.00000000		5.63803		-0.29154
	265.00000000		5.63247		-0.33461
	270.00000000		5.57266		-0.36392
	275.00000000		5.41434		-0.34912
	280.00000000		5.47066		-0.31439
	285.00000000		5.80178		-0.34831
	290.00000000		6.03074		-0.39312
	295.00000000		6.02940		-0.46631
	300.00000000		5.75091		-0.41538
	305.00000000		5.35945		-0.35790
	310.00000000		5.07336		-0.23975
	315.00000000		5.02917		-0.20505
	320.00000000		5.09144		-0.18835
	325.00000000		5.10611		-0.20104
	330.00000000		5.00969		-0.19119
	335.00000000		4.99609		-0.16535
	340.00000000		5.19675		-0.15083
	345.00000000		5.48345		-0.11212
	350.00000000		5.57285		-0.15275
	355.00000000		5.41171		-0.17551
	360.00000000		5.04642		-0.25102
	365.00000000		4.85101		-0.30044
	370.00000000		5.15877		-0.32244
	375.00000000		5.60790		-0.29996
	380.00000000		5.76691		-0.32425
	385.00000000		5.48635		-0.35231
	390.00000000		5.12180		-0.37428
	395.00000000		5.14453		-0.39440
	400.00000000		5.42465		-0.37758
	405.00000000		5.86881		-0.44110
	410.00000000		6.09615		-0.41230
	415.00000000		6.11514		-0.39130
	420.00000000		6.03415		-0.33719
	425.00000000		6.17156		-0.34381
	430.00000000		6.39092		-0.35213
	435.00000000		6.39294		-0.34964
	440.00000000		6.20291		-0.34139
	445.00000000		5.98903		-0.27377
	450.00000000		5.97563		-0.23808
	455.00000000		6.16011		-0.22555
	460.00000000		6.33826		-0.27667
	465.00000000		6.21695		-0.28470
	470.00000000		6.11266		-0.23418
	475.00000000		6.29021		-0.18985
	480.00000000		6.68500		-0.16371
	485.00000000		6.84398		-0.24851
	490.00000000		6.79523		-0.24547
	495.00000000		6.22921		-0.25601
	500.00000000		5.77193		-0.16587
	505.00000000		5.69906		-0.14126
	510.00000000		5.97185		-0.05824
	515.00000000		6.32435		-0.01414
	520.00000000		6.53180		-0.04101
	525.00000000		6.68754		-0.03373
	530.00000000		6.76902		-0.08441
	535.00000000		6.96298		-0.09413
	540.00000000		6.97804		-0.14560
	545.00000000		6.91091		-0.14927
	550.00000000		6.57738		-0.12646
	555.00000000		6.45340		-0.11630
	560.00000000		6.54781		-0.17814
	565.00000000		6.67665		-0.29458
	570.00000000		6.80903		-0.34855
	575.00000000		6.84815		-0.42628
	580.00000000		7.00880		-0.39945
	585.00000000		7.04083		-0.43910
	590.00000000		7.17614		-0.49396
	595.00000000		7.34378		-0.55417
	600.00000000		7.42483		-0.58522
	605.00000000		7.41635		-0.54249
	610.00000000		7.26154		-0.55764
	615.00000000		7.23028		-0.50517
	620.00000000		7.26497		-0.49477
	625.00000000		7.38366		-0.44240
	630.00000000		7.41111		-0.45716
	635.00000000		7.50868		-0.41472
	640.00000000		7.69209		-0.40383
	645.00000000		7.98700		-0.41434
	650.00000000		8.09144		-0.39877
	655.00000000		7.96565		-0.43899
	660.00000000		7.87097		-0.43114
	665.00000000		7.64630		-0.45098
	670.00000000		7.51907		-0.41759
	675.00000000		7.45431		-0.38122
	680.00000000		7.50356		-0.35995
	685.00000000		7.60774		-0.31167
	690.00000000		7.78177		-0.33879
	695.00000000		7.90855		-0.31465
	700.00000000		7.66136		-0.29546
	705.00000000		7.63196		-0.23924
	710.00000000		7.74045		-0.25672
	715.00000000		8.07967		-0.28539
	720.00000000		8.02873		-0.34460
	725.00000000		7.79787		-0.37189
	730.00000000		7.71468		-0.34912
	735.00000000		7.89261		-0.35880
	740.00000000		8.16435		-0.34313
	745.00000000		8.26896		-0.36174
	750.00000000		8.22408		-0.36395
	755.00000000		8.02194		-0.39023
	760.00000000		7.90310		-0.42422
	765.00000000		7.89558		-0.46565
	770.00000000		7.88006		-0.52214
	775.00000000		7.83491		-0.51957
	780.00000000		7.74519		-0.52413
	785.00000000		7.76835		-0.49509
	790.00000000		7.92063		-0.50624
	795.00000000		8.18068		-0.52918
	800.00000000		8.33897		-0.59669
	805.00000000		8.27995		-0.67001
	810.00000000		8.14163		-0.69732
	815.00000000		8.00835		-0.68404
	820.00000000		8.07541		-0.60971
	825.00000000		8.15808		-0.59952
	830.00000000		8.31180		-0.59162
	835.00000000		8.21423		-0.63001
	840.00000000		8.04619		-0.63103
	845.00000000		7.89380		-0.61535
	850.00000000		7.86179		-0.60296
	855.00000000		8.00109		-0.59612
	860.00000000		8.26520		-0.61144
	865.00000000		8.49747		-0.62687
	870.00000000		8.34157		-0.64355
	875.00000000		8.04185		-0.65585
	880.00000000		7.77771		-0.67795
	885.00000000		7.70876		-0.67533
	890.00000000		7.70664		-0.71016
	895.00000000		7.64020		-0.72556
	900.00000000		7.55205		-0.70940
	905.00000000		7.40128		-0.68915
	910.00000000		7.55917		-0.69879
	915.00000000		7.85696		-0.76350
	920.00000000		8.13891		-0.81466
	925.00000000		8.09546		-0.81602
	930.00000000		7.96328		-0.77358
	935.00000000		7.78886		-0.76895
	940.00000000		7.69845		-0.75032
	945.00000000		7.84138		-0.74261
	950.00000000		8.02498		-0.70744
	955.00000000		8.25533		-0.65016
	960.00000000		8.24686		-0.66264
	965.00000000		8.34929		-0.65688
	970.00000000		8.27515		-0.66217
	975.00000000		8.37536		-0.60615
	980.00000000		8.40282		-0.61569
	985.00000000		8.41169		-0.60432
	990.00000000		8.32177		-0.59866
	995.00000000		8.19230		-0.54968
	1000.00000000		8.22409		-0.50947
	1005.00000000		8.27954		-0.53946
	1010.00000000		8.39939		-0.53860
	1015.00000000		8.27441		-0.57522
	1020.00000000		8.20117		-0.56573
	1025.00000000		8.37394		-0.56865
	1030.00000000		8.64616		-0.57627
	1035.00000000		8.57396		-0.57332
	1040.00000000		8.25642		-0.55451
	1045.00000000		7.93262		-0.51763
	1050.00000000		7.86133		-0.49828
	1055.00000000		8.29434		-0.48132
	1060.00000000		8.73915		-0.47545
	1065.00000000		8.58597		-0.43676
	1070.00000000		8.33670		-0.38166
	1075.00000000		8.34927		-0.35677
	1080.00000000		8.73379		-0.36598
	1085.00000000		9.06664		-0.46931
	1090.00000000		9.14873		-0.52784
	1095.00000000		8.94472		-0.55244
	1100.00000000		8.83619		-0.51929
	1105.00000000		8.89093		-0.50313
	1110.00000000		9.03423		-0.52371
	1115.00000000		9.13216		-0.54932
	1120.00000000		8.98481		-0.57695
	1125.00000000		8.90465		-0.54577
	1130.00000000		8.81823		-0.55663
	1135.00000000		8.96278		-0.56112
	1140.00000000		8.94080		-0.61083
	1145.00000000		8.94209		-0.59962
	1150.00000000		8.83036		-0.51107
	1155.00000000		8.47041		-0.46003
	1160.00000000		8.35540		-0.38058
	1165.00000000		8.35103		-0.41250
	1170.00000000		8.68938		-0.42790
	1175.00000000		8.86918		-0.41822
	1180.00000000		8.85149		-0.35383
	1185.00000000		8.76093		-0.29861
	1190.00000000		8.62412		-0.29524
	1195.00000000		8.69596		-0.30804
	1200.00000000		8.69646		-0.37246
	1205.00000000		8.86632		-0.35918
	1210.00000000		8.81572		-0.35228
	1215.00000000		8.79509		-0.28929
	1220.00000000		8.66534		-0.25953
	1225.00000000		8.44131		-0.26317
	1230.00000000		8.54011		-0.25508
	1235.00000000		8.62389		-0.26256
	1240.00000000		8.96542		-0.20304
	1245.00000000		8.81478		-0.22559
	1250.00000000		8.58262		-0.20097
	1255.00000000		8.04215		-0.20716
	1260.00000000		8.00010		-0.18278
	1265.00000000		8.38284		-0.12304
	1270.00000000		8.58572		-0.09486
	1275.00000000		8.77442		-0.04208
	1280.00000000		8.46608		-0.04269
	1285.00000000		8.19985		-0.03741
	1290.00000000		8.12300		-0.08917
	1295.00000000		8.28253		-0.14044
	1300.00000000		8.51469		-0.14620
	1305.00000000		8.39532		-0.13587
	1310.00000000		8.36833		-0.08114
	1315.00000000		8.33057		-0.11578
	1320.00000000		8.59932		-0.15474
	1325.00000000		8.48828		-0.25320
	1330.00000000		8.54612		-0.22324
	1335.00000000		8.19018		-0.21140
	1340.00000000		8.08771		-0.16659
	1345.00000000		8.17702		-0.15397
	1350.00000000		8.37991		-0.15598
	1355.00000000		8.56753		-0.12559
	1360.00000000		8.36901		-0.13328
	1365.00000000		8.31947		-0.10472
	1370.00000000		8.28883		-0.12203
	1375.00000000		8.45757		-0.14842
	1380.00000000		8.71775		-0.19314
	1385.00000000		8.76002		-0.19660
	1390.00000000		8.66856		-0.15115
	1395.00000000		8.41423		-0.14203
	1400.00000000		8.63549		-0.12615
	1405.00000000		9.02311		-0.14850
	1410.00000000		9.20957		-0.18050
	1415.00000000		9.14377		-0.17174
	1420.00000000		8.78177		-0.14833
	1425.00000000		8.75308		-0.12392
	1430.00000000		9.01400		-0.11405
	1435.00000000		9.18717		-0.12374
	1440.00000000		8.92248		-0.12645
	1445.00000000		8.67095		-0.11321
	1450.00000000		8.51911		-0.12308
	1455.00000000		8.61758		-0.11946
	1460.00000000		8.67490		-0.13400
	1465.00000000		8.57658		-0.13409
	1470.00000000		8.42827		-0.14195
	1475.00000000		8.36366		-0.12396
	1480.00000000		8.47834		-0.11945
	1485.00000000		8.60713		-0.14267
	1490.00000000		8.86656		-0.14822
	1495.00000000		8.92248		-0.19171
	1500.00000000		9.05223		-0.14743
	1505.00000000		8.96437		-0.11426
	1510.00000000		9.14750		-0.08491
	1515.00000000		9.33341		-0.10963
	1520.00000000		9.41727		-0.12936
	1525.00000000		9.50820		-0.10512
	1530.00000000		9.35992		-0.10544
	1535.00000000		9.49805		-0.07246
	1540.00000000		9.52005		-0.12500
	1545.00000000		9.59102		-0.14168
	1550.00000000		9.45975		-0.19343
	1555.00000000		9.32772		-0.18805
	1560.00000000		9.19975		-0.18986
	1565.00000000		9.39879		-0.17412
	1570.00000000		9.52019		-0.19325
	1575.00000000		9.42073		-0.21596
	1580.00000000		9.38899		-0.19808
	1585.00000000		9.19728		-0.23101
	1590.00000000		9.41492		-0.17840
	1595.00000000		9.30343		-0.18811
	1600.00000000		9.37511		-0.13550
	1605.00000000		9.20592		-0.13057
	1610.00000000		9.25958		-0.11659
	1615.00000000		9.30177		-0.12631
	1620.00000000		9.25074		-0.10881
	1625.00000000		9.17335		-0.09456
	1630.00000000		9.03744		-0.11810
	1635.00000000		9.10920		-0.13706
	1640.00000000		9.18243		-0.17257
	1645.00000000		9.31665		-0.19665
	1650.00000000		9.18244		-0.22776
	1655.00000000		9.23490		-0.21712
	1660.00000000		9.25034		-0.22976
	1665.00000000		9.47203		-0.22446
	1670.00000000		9.44683		-0.25107
	1675.00000000		9.42514		-0.25370
	1680.00000000		9.25035		-0.24206
	1685.00000000		9.03382		-0.19238
	1690.00000000		9.02399		-0.14862
	1695.00000000		9.20343		-0.15279
	1700.00000000		9.44944		-0.19115
	1705.00000000		9.49884		-0.25989
	1710.00000000		9.68973		-0.28928
	1715.00000000		9.78622		-0.29172
	1720.00000000		9.92172		-0.24513
	1725.00000000		9.88833		-0.22188
	1730.00000000		9.88567		-0.24044
	1735.00000000		9.90382		-0.30116
	1740.00000000		10.07906		-0.36062
	1745.00000000		10.26626		-0.38384
	1750.00000000		10.20703		-0.38879
	1755.00000000		10.27656		-0.35582
	1760.00000000		10.17788		-0.32585
	1765.00000000		10.18275		-0.27819
	1770.00000000		10.17348		-0.27016
	1775.00000000		10.07056		-0.26466
	1780.00000000		9.86294		-0.20531
	1785.00000000		9.58165		-0.15121
	1790.00000000		9.61059		-0.09778
	1795.00000000		9.68920		-0.08696
	1800.00000000		9.80905		-0.07840
	1805.00000000		9.81319		-0.09061
	1810.00000000		9.91428		-0.08464
	1815.00000000		10.05526		-0.12512
	1820.00000000		10.18590		-0.15514
	1825.00000000		9.98843		-0.19478
	1830.00000000		9.92936		-0.18543
	1835.00000000		9.92412		-0.19459
	1840.00000000		9.95940		-0.21850
	1845.00000000		9.95867		-0.24773
	1850.00000000		9.75651		-0.28036
	1855.00000000		9.64437		-0.30696
	1860.00000000		9.52854		-0.34985
	1865.00000000		9.76476		-0.35888
	1870.00000000		9.88991		-0.35974
	1875.00000000		9.99313		-0.31356
	1880.00000000		9.88280		-0.29038
	1885.00000000		9.89458		-0.24052
	1890.00000000		10.07730		-0.21614
	1895.00000000		10.05584		-0.27421
	1900.00000000		10.25411		-0.32484
	1905.00000000		10.03182		-0.39023
	1910.00000000		10.07999		-0.37057
	1915.00000000		9.99586		-0.35234
	1920.00000000		10.15090		-0.34716
	1925.00000000		10.29469		-0.37890
	1930.00000000		10.22041		-0.37611
	1935.00000000		10.11867		-0.35586
	1940.00000000		9.78450		-0.32973
	1945.00000000		9.60344		-0.32442
	1950.00000000		9.61384		-0.35310
	1955.00000000		9.90146		-0.37476
	1960.00000000		9.95616		-0.38721
	1965.00000000		9.73953		-0.35085
	1970.00000000		9.40637		-0.31672
	1975.00000000		9.33981		-0.28607
	1980.00000000		9.61824		-0.30076
	1985.00000000		9.97860		-0.35455
	1990.00000000		10.18347		-0.41413
	1995.00000000		10.20776		-0.45861
	2000.00000000		10.16952		-0.48685
	2005.00000000		10.04390		-0.53456
	2010.00000000		9.86831		-0.58777
	2015.00000000		9.76025		-0.62224
	2020.00000000		9.77655		-0.59755
	2025.00000000		9.82571		-0.55290
	2030.00000000		9.79715		-0.53709
	2035.00000000		9.63814		-0.58924
	2040.00000000		9.48168		-0.63226
	2045.00000000		9.71701		-0.63933
	2050.00000000		9.89482		-0.61854
	2055.00000000		10.11689		-0.63147
	2060.00000000		9.93561		-0.66411
	2065.00000000		9.60424		-0.66884
	2070.00000000		9.54203		-0.61505
	2075.00000000		9.71266		-0.54073
	2080.00000000		9.85781		-0.51149
	2085.00000000		9.76743		-0.50907
	2090.00000000		9.52422		-0.52746
	2095.00000000		9.27661		-0.52003
	2100.00000000		9.21394		-0.50255
	2105.00000000		9.21508		-0.49415
	2110.00000000		9.22726		-0.53939
	2115.00000000		9.11744		-0.56867
	2120.00000000		9.09974		-0.55666
	2125.00000000		9.23552		-0.53483
	2130.00000000		9.40124		-0.53860
	2135.00000000		9.33689		-0.58136
	2140.00000000		9.08483		-0.63311
	2145.00000000		9.04230		-0.63171
	2150.00000000		9.21729		-0.59836
	2155.00000000		9.31724		-0.60340
	2160.00000000		9.27625		-0.64986
	2165.00000000		9.06628		-0.67890
	2170.00000000		8.83718		-0.68860
	2175.00000000		8.94621		-0.67334
	2180.00000000		9.23748		-0.63586
	2185.00000000		9.31853		-0.61658
	2190.00000000		8.93841		-0.63418
	2195.00000000		8.66577		-0.65503
	2200.00000000		8.80250		-0.66967
	2205.00000000		9.17426		-0.68520
	2210.00000000		9.13793		-0.69060
	2215.00000000		9.04476		-0.72194
	2220.00000000		8.79839		-0.69976
	2225.00000000		8.88562		-0.69082
	2230.00000000		9.00991		-0.67678
	2235.00000000		8.95871		-0.67554
	2240.00000000		8.89958		-0.68249
	2245.00000000		8.83810		-0.66724
	2250.00000000		9.13680		-0.68940
	2255.00000000		9.38879		-0.68729
	2260.00000000		9.61542		-0.70903
	2265.00000000		9.43991		-0.69429
	2270.00000000		9.17347		-0.66684
	2275.00000000		9.13700		-0.65699
	2280.00000000		9.24797		-0.64899
	2285.00000000		9.57631		-0.67625
	2290.00000000		9.41593		-0.67601
	2295.00000000		9.41416		-0.67475
	2300.00000000		9.43069		-0.63454
	2305.00000000		9.58868		-0.59520
	2310.00000000		9.63837		-0.62283
	2315.00000000		9.61690		-0.68142
	2320.00000000		9.73375		-0.70967
	2325.00000000		10.01158		-0.68762
	2330.00000000		10.33359		-0.61913
	2335.00000000		10.20938		-0.58224
	2340.00000000		10.17049		-0.61033
	2345.00000000		10.07361		-0.62556
	2350.00000000		10.20316		-0.60529
	2355.00000000		10.32692		-0.52223
	2360.00000000		10.27106		-0.44296
	2365.00000000		10.18161		-0.46536
	2370.00000000		10.13371		-0.54016
	2375.00000000		10.23397		-0.60241
	2380.00000000		10.30603		-0.58307
	2385.00000000		10.48080		-0.52809
	2390.00000000		10.32010		-0.47025
	2395.00000000		10.20604		-0.47910
	2400.00000000		10.10859		-0.52399
	2405.00000000		10.08790		-0.55876
	2410.00000000		10.19805		-0.55380
	2415.00000000		10.16406		-0.50915
	2420.00000000		10.22541		-0.46948
	2425.00000000		10.00082		-0.47166
	2430.00000000		9.79729		-0.47774
	2435.00000000		9.52274		-0.44968
	2440.00000000		9.49779		-0.40185
	2445.00000000		9.72952		-0.37362
	2450.00000000		9.94986		-0.38370
	2455.00000000		10.32896		-0.40379
	2460.00000000		10.10039		-0.41821
	2465.00000000		9.97572		-0.40620
	2470.00000000		9.74105		-0.37971
	2475.00000000		9.82585		-0.38685
	2480.00000000		10.14036		-0.43370
	2485.00000000		10.16950		-0.48781
	2490.00000000		10.15933		-0.49558
	2495.00000000		9.87720		-0.48942
	2500.00000000		9.95530		-0.47740
	2505.00000000		10.24888		-0.48061
	2510.00000000		10.56798		-0.46761
	2515.00000000		10.72865		-0.44606
	2520.00000000		10.48860		-0.43871
	2525.00000000		10.39049		-0.43969
	2530.00000000		10.38069		-0.43389
	2535.00000000		10.53141		-0.37152
	2540.00000000		10.44453		-0.30554
	2545.00000000		10.30968		-0.26818
	2550.00000000		10.11087		-0.29479
	2555.00000000		9.92624		-0.35645
	2560.00000000		9.95580		-0.37805
	2565.00000000		10.06207		-0.36157
	2570.00000000		10.18442		-0.34806
	2575.00000000		10.10754		-0.34111
	2580.00000000		9.96659		-0.35683
	2585.00000000		9.58448		-0.40393
	2590.00000000		9.28953		-0.45128
	2595.00000000		9.27074		-0.43363
	2600.00000000		9.63530		-0.36734
	2605.00000000		9.70483		-0.33310
	2610.00000000		9.57966		-0.32841
	2615.00000000		9.35899		-0.34951
	2620.00000000		9.21079		-0.35718
	2625.00000000		9.24195		-0.35759
	2630.00000000		9.36444		-0.35004
	2635.00000000		9.57273		-0.36644
	2640.00000000		9.47413		-0.38485
	2645.00000000		9.37209		-0.41035
	2650.00000000		9.25704		-0.42825
	2655.00000000		9.35677		-0.40491
	2660.00000000		9.52895		-0.38456
	2665.00000000		9.60741		-0.37599
	2670.00000000		9.69747		-0.38290
	2675.00000000		9.72299		-0.37827
	2680.00000000		9.82379		-0.35907
	2685.00000000		9.77369		-0.34193
	2690.00000000		9.90126		-0.31934
	2695.00000000		9.97501		-0.32449
	2700.00000000		10.08008		-0.32841
	2705.00000000		10.06434		-0.35941
	2710.00000000		9.89300		-0.38611
	2715.00000000		9.80477		-0.37545
	2720.00000000		9.66854		-0.30146
	2725.00000000		9.86032		-0.22350
	2730.00000000		9.82181		-0.23646
	2735.00000000		10.00855		-0.28764
	2740.00000000		10.00146		-0.35534
	2745.00000000		10.16161		-0.37560
	2750.00000000		10.18002		-0.35753
	2755.00000000		10.05200		-0.32063
	2760.00000000		9.84056		-0.33684
	2765.00000000		9.44224		-0.40715
	2770.00000000		9.33574		-0.47205
	2775.00000000		9.25781		-0.46906
	2780.00000000		9.56610		-0.42383
	2785.00000000		9.39144		-0.39294
	2790.00000000		9.37180		-0.36392
	2795.00000000		9.22392		-0.34624
	2800.00000000		9.15022		-0.33829
	2805.00000000		9.28861		-0.34749
	2810.00000000		9.07614		-0.37109
	2815.00000000		9.27288		-0.40167
	2820.00000000		8.99035		-0.39116
	2825.00000000		9.10058		-0.34454
	2830.00000000		8.89343		-0.31654
	2835.00000000		9.10502		-0.30483
	2840.00000000		9.39274		-0.31863
	2845.00000000		9.65483		-0.33330
	2850.00000000		9.98251		-0.30655
	2855.00000000		9.80627		-0.24816
	2860.00000000		9.97653		-0.19857
	2865.00000000		9.82881		-0.20667
	2870.00000000		10.04821		-0.24682
	2875.00000000		10.06843		-0.29146
	2880.00000000		10.03637		-0.30222
	2885.00000000		10.18669		-0.30119
	2890.00000000		10.30032		-0.31099
	2895.00000000		10.71306		-0.32569
	2900.00000000		10.56895		-0.34852
	2905.00000000		10.65659		-0.34191
	2910.00000000		10.33986		-0.30184
	2915.00000000		10.27614		-0.26237
	2920.00000000		10.30389		-0.28220
	2925.00000000		10.57440		-0.33422
	2930.00000000		10.63772		-0.34818
	2935.00000000		10.29639		-0.32547
	2940.00000000		10.20334		-0.29217
	2945.00000000		9.93109		-0.31136
	2950.00000000		9.93187		-0.36272
	2955.00000000		9.64526		-0.41283
	2960.00000000		9.64210		-0.44850
	2965.00000000		9.50015		-0.44297
	2970.00000000		9.49232		-0.42569
	2975.00000000		9.46896		-0.42444
	2980.00000000		9.40901		-0.41618
	2985.00000000		9.44178		-0.42218
	2990.00000000		9.29243		-0.44585
	2995.00000000		9.25480		-0.46690
	3000.00000000		8.89833		-0.46966
	3005.00000000		9.03499		-0.43541
	3010.00000000		9.06089		-0.42569
	3015.00000000		9.33081		-0.40850
	3020.00000000		9.09832		-0.42361
	3025.00000000		9.04537		-0.41552
	3030.00000000		8.96059		-0.39982
	3035.00000000		9.15676		-0.38192
	3040.00000000		9.49667		-0.36492
	3045.00000000		9.82737		-0.33543
	3050.00000000		10.07165		-0.31879
	3055.00000000		10.07754		-0.30274
	3060.00000000		10.15767		-0.28657
	3065.00000000		10.22511		-0.30219
	3070.00000000		10.50486		-0.33189
	3075.00000000		10.80119		-0.35530
	3080.00000000		10.71102		-0.35397
	3085.00000000		10.64747		-0.33009
	3090.00000000		10.45893		-0.32307
	3095.00000000		10.73253		-0.31402
	3100.00000000		10.83124		-0.32805
	3105.00000000		10.69606		-0.33552
	3110.00000000		10.50900		-0.34601
	3115.00000000		10.41546		-0.35230
	3120.00000000		10.57105		-0.34951
	3125.00000000		10.42050		-0.35568
	3130.00000000		10.38306		-0.36905
	3135.00000000		10.26718		-0.38733
	3140.00000000		10.27534		-0.39958
	3145.00000000		10.32294		-0.39142
	3150.00000000		10.25362		-0.35255
	3155.00000000		10.38566		-0.30691
	3160.00000000		10.28896		-0.27127
	3165.00000000		10.22032		-0.24986
	3170.00000000		10.06618		-0.26248
	3175.00000000		9.92586		-0.30055
	3180.00000000		9.84933		-0.29467
	3185.00000000		9.71081		-0.29440
	3190.00000000		9.78258		-0.30059
	3195.00000000		9.67501		-0.34854
	3200.00000000		9.71067		-0.39953
	3205.00000000		9.61407		-0.44566
	3210.00000000		9.60877		-0.46946
	3215.00000000		9.82317		-0.46532
	3220.00000000		9.88062		-0.45550
	3225.00000000		10.00255		-0.43867
	3230.00000000		9.65899		-0.40743
	3235.00000000		9.59224		-0.35895
	3240.00000000		9.61542		-0.31427
	3245.00000000		9.87984		-0.26916
	3250.00000000		9.80241		-0.26650
	3255.00000000		9.75013		-0.28005
	3260.00000000		9.76389		-0.27038
	3265.00000000		9.90920		-0.24490
	3270.00000000		9.93961		-0.22026
	3275.00000000		9.70213		-0.19589
	3280.00000000		9.83049		-0.14302
	3285.00000000		9.86286		-0.13380
	3290.00000000		10.21525		-0.13782
	3295.00000000		10.09766		-0.17085
	3300.00000000		10.12944		-0.17214
	3305.00000000		10.09557		-0.17249
	3310.00000000		10.12802		-0.17892
	3315.00000000		10.45199		-0.19163
	3320.00000000		10.54566		-0.26179
	3325.00000000		10.78882		-0.28846
	3330.00000000		10.46159		-0.32038
	3335.00000000		10.48270		-0.31369
	3340.00000000		10.53638		-0.32722
	3345.00000000		10.65713		-0.35284
	3350.00000000		10.51559		-0.34449
	3355.00000000		10.32044		-0.32412
	3360.00000000		10.33272		-0.29009
	3365.00000000		10.65564		-0.30794
	3370.00000000		10.97095		-0.33620
	3375.00000000		10.88768		-0.33003
	3380.00000000		10.60069		-0.27708
	3385.00000000		10.30361		-0.20209
	3390.00000000		10.29475		-0.14087
	3395.00000000		10.38428		-0.13491
	3400.00000000		10.41207		-0.18598
	3405.00000000		10.33052		-0.22906
	3410.00000000		10.30707		-0.20947
	3415.00000000		10.41625		-0.16971
	3420.00000000		10.37336		-0.15711
	3425.00000000		10.42425		-0.18038
	3430.00000000		10.33512		-0.24678
	3435.00000000		10.29719		-0.30365
	3440.00000000		10.33625		-0.30851
	3445.00000000		10.35547		-0.26327
	3450.00000000		10.37038		-0.21802
	3455.00000000		10.26200		-0.22046
	3460.00000000		10.36447		-0.26462
	3465.00000000		10.37752		-0.29955
	3470.00000000		10.26025		-0.27775
	3475.00000000		9.97531		-0.22752
	3480.00000000		9.64934		-0.20907
	3485.00000000		9.68700		-0.22043
	3490.00000000		9.90035		-0.25939
	3495.00000000		10.12581		-0.27666
	3500.00000000		10.09278		-0.26367
	3505.00000000		9.98583		-0.25747
	3510.00000000		9.99783		-0.26629
	3515.00000000		10.18094		-0.28134
	3520.00000000		10.52593		-0.28598
	3525.00000000		10.68018		-0.28155
	3530.00000000		10.60038		-0.26327
	3535.00000000		10.57040		-0.26753
	3540.00000000		10.46636		-0.32465
	3545.00000000		10.49278		-0.37260
	3550.00000000		10.45796		-0.39004
	3555.00000000		10.52674		-0.38356
	3560.00000000		10.63309		-0.38214
	3565.00000000		10.70851		-0.37916
	3570.00000000		10.76723		-0.32789
	3575.00000000		10.53550		-0.27260
	3580.00000000		10.38653		-0.24729
	3585.00000000		10.31741		-0.26949
	3590.00000000		10.54695		-0.28042
	3595.00000000		10.60811		-0.28938
	3600.00000000		10.59683		-0.28150
	3605.00000000		10.53844		-0.30949
	3610.00000000		10.31533		-0.37114
	3615.00000000		10.40250		-0.40110
	3620.00000000		10.50323		-0.43289
	3625.00000000		10.77509		-0.45408
	3630.00000000		10.70884		-0.46864
	3635.00000000		10.47838		-0.44883
	3640.00000000		10.36996		-0.43399
	3645.00000000		10.42258		-0.44239
	3650.00000000		10.74830		-0.47937
	3655.00000000		10.70771		-0.49950
	3660.00000000		10.73491		-0.49086
	3665.00000000		10.77568		-0.45965
	3670.00000000		10.83944		-0.44719
	3675.00000000		11.00266		-0.44170
	3680.00000000		10.63533		-0.47187
	3685.00000000		10.67193		-0.51575
	3690.00000000		10.67295		-0.57505
	3695.00000000		11.01162		-0.58343
	3700.00000000		10.89104		-0.52051
	3705.00000000		10.69973		-0.44845
	3710.00000000		10.63163		-0.47838
	3715.00000000		10.46225		-0.56946
	3720.00000000		10.68748		-0.56079
	3725.00000000		10.71146		-0.47569
	3730.00000000		10.80770		-0.39894
	3735.00000000		10.74484		-0.37333
	3740.00000000		10.82046		-0.37136
	3745.00000000		10.97413		-0.38974
	3750.00000000		10.95002		-0.42898
	3755.00000000		10.77044		-0.46842
	3760.00000000		10.57875		-0.49045
	3765.00000000		10.49717		-0.47772
	3770.00000000		10.66008		-0.45679
	3775.00000000		10.71451		-0.46516
	3780.00000000		10.81583		-0.50841
	3785.00000000		10.68287		-0.55419
	3790.00000000		10.29404		-0.57334
	3795.00000000		9.95822		-0.51212
	3800.00000000		9.93366		-0.41727
	3805.00000000		10.20519		-0.33684
	3810.00000000		10.39114		-0.30783
	3815.00000000		10.53777		-0.29159
	3820.00000000		10.46744		-0.31333
	3825.00000000		10.33857		-0.35130
	3830.00000000		10.35035		-0.32609
	3835.00000000		10.45962		-0.25648
	3840.00000000		10.52193		-0.19389
	3845.00000000		10.50970		-0.19572
	3850.00000000		10.48760		-0.23211
	3855.00000000		10.38106		-0.28390
	3860.00000000		10.41052		-0.24564
	3865.00000000		10.58661		-0.18650
	3870.00000000		10.87307		-0.20644
	3875.00000000		11.14090		-0.29991
	3880.00000000		11.09383		-0.35870
	3885.00000000		10.95855		-0.30747
	3890.00000000		10.74560		-0.19626
	3895.00000000		10.75204		-0.10463
	3900.00000000		10.70459		-0.09449
	3905.00000000		10.75321		-0.09528
	3910.00000000		10.78847		-0.08092
	3915.00000000		10.85060		-0.01447
	3920.00000000		10.92019		0.03162
	3925.00000000		10.82932		0.01721
	3930.00000000		10.81918		0.02326
	3935.00000000		10.55836		-0.00195
	3940.00000000		10.51720		0.06198
	3945.00000000		10.42581		0.07584
	3950.00000000		10.51472		0.09730
	3955.00000000		10.60137		0.07567
	3960.00000000		10.71844		0.06391
	3965.00000000		10.73078		0.10854
	3970.00000000		10.67477		0.15613
	3975.00000000		10.54613		0.19186
	3980.00000000		10.57079		0.19559
	3985.00000000		10.76092		0.20427
	3990.00000000		10.91570		0.21932
	3995.00000000		10.94269		0.26394
	4000.00000000		10.75039		0.33005
	4005.00000000		10.71625		0.39655
	4010.00000000		10.91028		0.40237
	4015.00000000		11.23114		0.36333
	4020.00000000		11.29627		0.32551
	4025.00000000		11.07862		0.28080
	4030.00000000		10.86992		0.26528
	4035.00000000		10.92961		0.23091
	4040.00000000		11.21222		0.20303
	4045.00000000		11.20962		0.18866
	4050.00000000		11.00597		0.20974
	4055.00000000		10.80769		0.20851
	4060.00000000		10.82886		0.19707
	4065.00000000		10.99802		0.14105
	4070.00000000		11.05242		0.03704
	4075.00000000		11.04038		0.00182
	4080.00000000		10.76835		-0.00885
	4085.00000000		10.52485		0.00251
	4090.00000000		10.49210		0.01537
	4095.00000000		10.76513		0.00388
	4100.00000000		11.21084		0.00535
	4105.00000000		11.13587		-0.09060
	4110.00000000		11.20223		0.01097
	4115.00000000		11.05951		0.02059
	4120.00000000		11.17182		0.05583
	4125.00000000		11.41033		0.02547
	4130.00000000		11.47865		-0.01988
	4135.00000000		11.41460		0.07267
	4140.00000000		11.07996		0.16477
	4145.00000000		11.20055		0.25340
	4150.00000000		11.25700		0.23159
	4155.00000000		11.34934		0.22699
	4160.00000000		11.08968		0.28761
	4165.00000000		10.90589		0.33597
	4170.00000000		10.99293		0.36391
	4175.00000000		11.07555		0.29264
	4180.00000000		11.31220		0.28361
	4185.00000000		11.12714		0.25083
	4190.00000000		11.24074		0.30349
	4195.00000000		11.18735		0.31432
	4200.00000000		11.27418		0.35794
	4205.00000000		11.29070		0.36272
	4210.00000000		11.39237		0.33395
	4215.00000000		11.38827		0.28443
	4220.00000000		11.34765		0.28912
	4225.00000000		11.39558		0.32011
	4230.00000000		11.40683		0.32708
	4235.00000000		11.46529		0.34010
	4240.00000000		11.39484		0.32148
	4245.00000000		11.42510		0.34194
	4250.00000000		11.13511		0.34129
	4255.00000000		11.04389		0.41821
	4260.00000000		10.85324		0.43018
	4265.00000000		10.86764		0.42195
	4270.00000000		10.89346		0.37075
	4275.00000000		10.77940		0.32453
	4280.00000000		10.69077		0.34929
	4285.00000000		10.34931		0.35383
	4290.00000000		10.42882		0.44168
	4295.00000000		10.54669		0.45465
	4300.00000000		10.86801		0.49991
	4305.00000000		11.02654		0.46409
	4310.00000000		11.07060		0.44653
	4315.00000000		10.86647		0.49077
	4320.00000000		10.40424		0.52287
	4325.00000000		10.30935		0.58749
	4330.00000000		10.55665		0.57026
	4335.00000000		10.92449		0.57163
	4340.00000000		10.94586		0.54433
	4345.00000000		10.91408		0.59527
	4350.00000000		10.74984		0.60780
	4355.00000000		10.71384		0.62929
	4360.00000000		10.81612		0.64950
	4365.00000000		10.99772		0.66342
	4370.00000000		11.14528		0.68519
	4375.00000000		10.89619		0.68723
	4380.00000000		10.65061		0.70706
	4385.00000000		10.35585		0.66085
	4390.00000000		10.43494		0.62821
	4395.00000000		10.54059		0.58298
	4400.00000000		10.56355		0.52196
	4405.00000000		10.51197		0.47931
	4410.00000000		10.41939		0.45938
	4415.00000000		10.46002		0.50195
	4420.00000000		10.61619		0.50471
	4425.00000000		10.72714		0.51177
	4430.00000000		10.70970		0.49233
	4435.00000000		10.71518		0.47609
	4440.00000000		10.75646		0.49744
	4445.00000000		10.75640		0.51279
	4450.00000000		10.70989		0.52156
	4455.00000000		10.56908		0.54141
	4460.00000000		10.63134		0.61134
	4465.00000000		10.80652		0.68572
	4470.00000000		10.88820		0.71866
	4475.00000000		10.82199		0.70823
	4480.00000000		10.57283		0.62796
	4485.00000000		10.50302		0.56447
	4490.00000000		10.51100		0.53537
	4495.00000000		10.79112		0.54755
	4500.00000000		10.84017		0.55205
	4505.00000000		10.66552		0.56245
	4510.00000000		10.49078		0.56703
	4515.00000000		10.26791		0.53328
	4520.00000000		10.28159		0.53684
	4525.00000000		10.29327		0.51904
	4530.00000000		10.49394		0.53116
	4535.00000000		10.49711		0.50959
	4540.00000000		10.59282		0.48575
	4545.00000000		10.42601		0.48448
	4550.00000000		10.16645		0.52086
	4555.00000000		9.94664		0.56793
	4560.00000000		10.19559		0.57657
	4565.00000000		10.57867		0.60044
	4570.00000000		10.54523		0.61378
	4575.00000000		10.39830		0.63961
	4580.00000000		10.05041		0.62546
	4585.00000000		9.93449		0.60018
	4590.00000000		10.03480		0.53552
	4595.00000000		10.10012		0.51428
	4600.00000000		9.98590		0.52548
	4605.00000000		9.86208		0.54824
	4610.00000000		9.86899		0.57385
	4615.00000000		10.01767		0.52902
	4620.00000000		10.27292		0.51006
	4625.00000000		10.25538		0.51472
	4630.00000000		9.92685		0.57281
	4635.00000000		9.77341		0.58019
	4640.00000000		10.02240		0.57325
	4645.00000000		10.23237		0.56956
	4650.00000000		10.17721		0.55811
	4655.00000000		10.06323		0.56425
	4660.00000000		9.92067		0.51936
	4665.00000000		9.97725		0.50536
	4670.00000000		9.98716		0.44936
	4675.00000000		10.09363		0.44882
	4680.00000000		10.10838		0.44894
	4685.00000000		10.27401		0.44241
	4690.00000000		10.41783		0.39804
	4695.00000000		10.45032		0.37748
	4700.00000000		10.28681		0.38357
	4705.00000000		10.17407		0.38761
	4710.00000000		10.10618		0.39841
	4715.00000000		10.00575		0.37929
	4720.00000000		9.98646		0.37723
	4725.00000000		10.02634		0.40904
	4730.00000000		9.99069		0.44453
	4735.00000000		9.70066		0.48142
	4740.00000000		9.41722		0.47055
	4745.00000000		9.51485		0.44347
	4750.00000000		9.88280		0.41704
	4755.00000000		9.93789		0.37537
	4760.00000000		9.83962		0.34903
	4765.00000000		9.57479		0.31941
	4770.00000000		9.55291		0.28145
	4775.00000000		9.77346		0.28464
	4780.00000000		9.91902		0.29295
	4785.00000000		10.11293		0.30726
	4790.00000000		10.10174		0.31885
	4795.00000000		10.10055		0.34403
	4800.00000000		10.10978		0.34947
	4805.00000000		10.32315		0.36198
	4810.00000000		10.53764		0.36890
	4815.00000000		10.63289		0.37809
	4820.00000000		10.58109		0.37160
	4825.00000000		10.32347		0.38308
	4830.00000000		10.13050		0.41401
	4835.00000000		9.94556		0.42472
	4840.00000000		10.00410		0.44631
	4845.00000000		9.90796		0.40495
	4850.00000000		9.85653		0.41280
	4855.00000000		9.75515		0.42078
	4860.00000000		9.82049		0.46535
	4865.00000000		9.88915		0.43291
	4870.00000000		9.91162		0.39477
	4875.00000000		9.74752		0.33359
	4880.00000000		9.52272		0.31679
	4885.00000000		9.51463		0.33745
	4890.00000000		9.90295		0.37498
	4895.00000000		10.16000		0.39269
	4900.00000000		9.97240		0.35691
	4905.00000000		9.83915		0.35947
	4910.00000000		9.67021		0.35349
	4915.00000000		9.71424		0.40583
	4920.00000000		9.67744		0.40227
	4925.00000000		9.71416		0.45271
	4930.00000000		9.75324		0.45910
	4935.00000000		9.95988		0.47650
	4940.00000000		10.24768		0.50339
	4945.00000000		10.23951		0.51740
	4950.00000000		10.13248		0.56877
	4955.00000000		10.02199		0.53953
	4960.00000000		10.27296		0.50546
	4965.00000000		10.47684		0.40332
	4970.00000000		10.61277		0.35812
	4975.00000000		10.33238		0.36486
	4980.00000000		9.98277		0.40333
	4985.00000000		9.97982		0.44054
	4990.00000000		10.08175		0.39095
	4995.00000000		10.16845		0.37826
	5000.00000000		10.09551		0.32761
	5005.00000000		10.07108		0.29913
	5010.00000000		10.12743		0.26996
	5015.00000000		10.38332		0.26123
	5020.00000000		10.39393		0.20567
	5025.00000000		10.31584		0.15678
	5030.00000000		10.24367		0.14843
	5035.00000000		10.30096		0.17495
	5040.00000000		10.50726		0.21359
	5045.00000000		10.53270		0.23374
	5050.00000000		10.57256		0.22669
	5055.00000000		10.30814		0.16510
	5060.00000000		10.22697		0.12532
	5065.00000000		10.31001		0.11284
	5070.00000000		10.37914		0.14041
	5075.00000000		10.30933		0.15649
	5080.00000000		10.16913		0.14938
	5085.00000000		10.19671		0.14455
	5090.00000000		10.34950		0.16486
	5095.00000000		10.57152		0.18954
	5100.00000000		10.54974		0.16154
	5105.00000000		10.65244		0.14924
	5110.00000000		10.49307		0.09933
	5115.00000000		10.56486		0.09004
	5120.00000000		10.63743		0.05330
	5125.00000000		10.94341		0.04561
	5130.00000000		10.88936		0.01438
	5135.00000000		10.49296		0.03088
	5140.00000000		10.12990		0.05104
	5145.00000000		9.99857		0.01871
	5150.00000000		10.42956		0.02368
	5155.00000000		10.56908		0.00792
	5160.00000000		10.71063		0.05534
	5165.00000000		10.51377		0.07793
	5170.00000000		10.50689		0.08284
	5175.00000000		10.62467		0.06141
	5180.00000000		10.70933		0.04556
	5185.00000000		10.60378		0.05841
	5190.00000000		10.29325		0.08424
	5195.00000000		10.21482		0.09733
	5200.00000000		10.31985		0.07507
	5205.00000000		10.58378		0.07067
	5210.00000000		10.28914		0.06368
	5215.00000000		10.22589		0.11561
	5220.00000000		10.22709		0.11619
	5225.00000000		10.56681		0.11140
	5230.00000000		10.72874		0.08816
	5235.00000000		10.66245		0.08134
	5240.00000000		10.48745		0.11699
	5245.00000000		10.23161		0.12188
	5250.00000000		10.33854		0.15017
	5255.00000000		10.61024		0.09860
	5260.00000000		10.97916		0.04396
	5265.00000000		11.20143		-0.04256
	5270.00000000		11.36004		-0.11314
	5275.00000000		11.28137		-0.11958
	5280.00000000		11.07407		-0.10740
	5285.00000000		11.21633		-0.06024
	5290.00000000		11.32418		-0.10369
	5295.00000000		11.57983		-0.12157
	5300.00000000		11.28057		-0.12496
	5305.00000000		11.02919		-0.09904
	5310.00000000		11.06670		-0.10349
	5315.00000000		11.20445		-0.16898
	5320.00000000		11.22279		-0.17627
	5325.00000000		10.96184		-0.17404
	5330.00000000		10.97354		-0.16211
	5335.00000000		11.06264		-0.15263
	5340.00000000		11.14410		-0.11781
	5345.00000000		11.09311		-0.09240
	5350.00000000		11.11413		-0.06432
	5355.00000000		11.10549		-0.06096
	5360.00000000		11.13296		-0.09078
	5365.00000000		11.01084		-0.15610
	5370.00000000		10.96405		-0.20344
	5375.00000000		10.85056		-0.21797
	5380.00000000		11.02755		-0.19663
	5385.00000000		11.22694		-0.17043
	5390.00000000		11.24451		-0.16865
	5395.00000000		11.32351		-0.13622
	5400.00000000		11.08498		-0.15351
	5405.00000000		11.11378		-0.12101
	5410.00000000		11.05067		-0.14785
	5415.00000000		11.16606		-0.14847
	5420.00000000		11.14187		-0.15999
	5425.00000000		11.05276		-0.17363
	5430.00000000		10.98134		-0.17012
	5435.00000000		10.86615		-0.23447
	5440.00000000		11.15072		-0.23020
	5445.00000000		11.01628		-0.29054
	5450.00000000		11.31677		-0.25452
	5455.00000000		11.16669		-0.24953
	5460.00000000		11.14944		-0.22680
	5465.00000000		11.19348		-0.22295
	5470.00000000		11.14827		-0.22087
	5475.00000000		11.11289		-0.18702
	5480.00000000		10.86545		-0.16857
	5485.00000000		10.67479		-0.11985
	5490.00000000		10.46765		-0.09962
	5495.00000000		10.52281		-0.06319
	5500.00000000		10.47801		-0.05798
	5505.00000000		10.47678		-0.01811
	5510.00000000		10.38710		0.03883
	5515.00000000		10.42795		0.08331
	5520.00000000		10.65495		0.12006
	5525.00000000		10.58876		0.08623
	5530.00000000		10.66735		0.09007
	5535.00000000		10.50674		0.03450
	5540.00000000		10.85166		0.02637
	5545.00000000		11.10695		-0.04143
	5550.00000000		11.34877		-0.07215
	5555.00000000		11.32334		-0.09893
	5560.00000000		11.22640		-0.11652
	5565.00000000		11.30604		-0.13185
	5570.00000000		11.34827		-0.16236
	5575.00000000		11.46602		-0.15103
	5580.00000000		11.31184		-0.14647
	5585.00000000		11.16702		-0.16263
	5590.00000000		11.19270		-0.19950
	5595.00000000		11.26027		-0.22105
	5600.00000000		11.41912		-0.20325
	5605.00000000		11.29039		-0.15364
	5610.00000000		11.41392		-0.05200
	5615.00000000		11.35674		-0.05284
	5620.00000000		11.58761		-0.06754
	5625.00000000		11.53002		-0.12686
	5630.00000000		11.42688		-0.15881
	5635.00000000		11.33565		-0.16353
	5640.00000000		11.26853		-0.20396
	5645.00000000		11.46215		-0.18383
	5650.00000000		11.31439		-0.12166
	5655.00000000		11.22090		-0.04022
	5660.00000000		11.26470		-0.01547
	5665.00000000		11.35880		-0.05314
	5670.00000000		11.48417		-0.07417
	5675.00000000		11.31358		-0.10562
	5680.00000000		11.26305		-0.10981
	5685.00000000		11.17228		-0.11439
	5690.00000000		11.26797		-0.10340
	5695.00000000		11.26917		-0.10931
	5700.00000000		11.31574		-0.13396
	5705.00000000		11.31952		-0.14386
	5710.00000000		11.21407		-0.21651
	5715.00000000		11.31636		-0.26344
	5720.00000000		11.26753		-0.31781
	5725.00000000		11.39329		-0.31074
	5730.00000000		11.34836		-0.29357
	5735.00000000		11.39520		-0.22714
	5740.00000000		11.44150		-0.16229
	5745.00000000		11.39331		-0.13169
	5750.00000000		11.61298		-0.08913
	5755.00000000		11.47974		-0.13977
	5760.00000000		11.65723		-0.17528
	5765.00000000		11.41850		-0.31382
	5770.00000000		11.48105		-0.38011
	5775.00000000		11.45892		-0.44812
	5780.00000000		11.41706		-0.47444
	5785.00000000		11.51648		-0.42750
	5790.00000000		11.25838		-0.44891
	5795.00000000		11.41829		-0.47587
	5800.00000000		11.43308		-0.47353
	5805.00000000		11.58419		-0.38429
	5810.00000000		11.31050		-0.30030
	5815.00000000		11.17776		-0.22459
	5820.00000000		11.11709		-0.28252
	5825.00000000		11.21790		-0.34555
	5830.00000000		11.20295		-0.34087
	5835.00000000		11.04356		-0.23521
	5840.00000000		11.03651		-0.16599
	5845.00000000		11.22907		-0.17685
	5850.00000000		11.58000		-0.22214
	5855.00000000		11.57356		-0.27964
	5860.00000000		11.51493		-0.22018
	5865.00000000		11.31314		-0.17587
	5870.00000000		11.15302		-0.16378
	5875.00000000		11.25163		-0.19459
	5880.00000000		11.29628		-0.20032
	5885.00000000		11.37495		-0.12290
	5890.00000000		11.18087		-0.04147
	5895.00000000		11.23796		0.00740
	5900.00000000		11.30794		-0.06834
	5905.00000000		11.49880		-0.11245
	5910.00000000		11.35687		-0.09844
	5915.00000000		11.01091		-0.04355
	5920.00000000		10.78155		-0.02598
	5925.00000000		10.80113		-0.07211
	5930.00000000		11.07373		-0.13552
	5935.00000000		11.08296		-0.16165
	5940.00000000		11.10121		-0.10905
	5945.00000000		10.91931		-0.06732
	5950.00000000		10.81298		-0.03680
	5955.00000000		10.75502		-0.08452
	5960.00000000		10.77184		-0.12305
	5965.00000000		10.61594		-0.13168
	5970.00000000		10.39952		-0.10963
	5975.00000000		10.13441		-0.12634
	5980.00000000		10.15110		-0.16446
	5985.00000000		10.28351		-0.15529
	5990.00000000		10.42792		-0.09323
	5995.00000000		10.57825		-0.05123
	6000.00000000		10.71456		-0.04076
	6005.00000000		10.77563		-0.04411
	6010.00000000		10.72312		-0.05120
	6015.00000000		10.59600		-0.06325
	6020.00000000		10.40618		-0.08735
	6025.00000000		10.45794		-0.08602
	6030.00000000		10.44627		-0.07677
	6035.00000000		10.60041		-0.01221
	6040.00000000		10.60747		-0.00337
	6045.00000000		10.70056		0.02658
	6050.00000000		10.80199		0.02406
	6055.00000000		10.80827		0.02044
	6060.00000000		11.00218		0.04380
	6065.00000000		10.82928		0.00403
	6070.00000000		10.89224		0.04793
	6075.00000000		10.68754		0.02499
	6080.00000000		10.71524		0.06279
	6085.00000000		10.62776		0.09544
	6090.00000000		10.60808		0.12557
	6095.00000000		10.50217		0.09346
	6100.00000000		10.44244		0.07588
	6105.00000000		10.30259		0.07777
	6110.00000000		10.15584		0.11622
	6115.00000000		10.24342		0.13945
	6120.00000000		10.45514		0.12134
	6125.00000000		10.74893		0.11265
	6130.00000000		10.57935		0.08847
	6135.00000000		10.47022		0.13047
	6140.00000000		10.09865		0.17841
	6145.00000000		9.94807		0.23999
	6150.00000000		10.15617		0.25655
	6155.00000000		10.34782		0.22254
	6160.00000000		10.29105		0.17938
	6165.00000000		9.95826		0.17365
	6170.00000000		9.88698		0.16697
	6175.00000000		9.93863		0.15659
	6180.00000000		10.23676		0.14998
	6185.00000000		10.55528		0.12547
	6190.00000000		10.73319		0.11290
	6195.00000000		10.63828		0.11909
	6200.00000000		10.51276		0.12692
	6205.00000000		10.28003		0.08619
	6210.00000000		10.21623		0.06317
	6215.00000000		10.23483		0.08585
	6220.00000000		10.31142		0.15028
	6225.00000000		10.34411		0.15987
	6230.00000000		10.33118		0.15365
	6235.00000000		10.12838		0.12991
	6240.00000000		9.67694		0.10325
	6245.00000000		9.65971		0.13378
	6250.00000000		9.90345		0.16713
	6255.00000000		10.08646		0.19277
	6260.00000000		10.00154		0.19573
	6265.00000000		9.74124		0.21151
	6270.00000000		9.54581		0.21533
	6275.00000000		9.62992		0.23840
	6280.00000000		9.81869		0.26069
	6285.00000000		9.73613		0.29499
	6290.00000000		9.51834		0.32808
	6295.00000000		9.42781		0.32559
	6300.00000000		9.42487		0.34688
	6305.00000000		9.49304		0.31034
	6310.00000000		9.61074		0.31520
	6315.00000000		9.56074		0.27454
	6320.00000000		9.50601		0.29574
	6325.00000000		9.46592		0.27976
	6330.00000000		9.51301		0.31173
	6335.00000000		9.55789		0.30628
	6340.00000000		9.63479		0.31329
	6345.00000000		9.66501		0.33316
	6350.00000000		9.58154		0.33393
	6355.00000000		9.57278		0.33513
	6360.00000000		9.58302		0.31364
	6365.00000000		9.51976		0.33026
	6370.00000000		9.21552		0.28863
	6375.00000000		9.03964		0.31075
	6380.00000000		9.08948		0.29178
	6385.00000000		9.13446		0.32049
	6390.00000000		9.12188		0.31653
	6395.00000000		9.10809		0.35851
	6400.00000000		9.10572		0.37390
	6405.00000000		9.16998		0.35560
	6410.00000000		9.36235		0.32339
	6415.00000000		9.54231		0.29908
	6420.00000000		9.56507		0.30786
	6425.00000000		9.49320		0.30196
	6430.00000000		9.60232		0.31746
	6435.00000000		9.66071		0.28469
	6440.00000000		9.69675		0.29781
	6445.00000000		9.59014		0.29515
	6450.00000000		9.57425		0.31483
	6455.00000000		9.56904		0.29346
	6460.00000000		9.52587		0.26668
	6465.00000000		9.47362		0.23565
	6470.00000000		9.47273		0.21093
	6475.00000000		9.62960		0.21882
	6480.00000000		9.69828		0.20403
	6485.00000000		9.64700		0.20451
	6490.00000000		9.33109		0.17862
	6495.00000000		9.06754		0.16647
	6500.00000000		9.21570		0.17548
	6505.00000000		9.59150		0.20533
	6510.00000000		9.87285		0.22319
	6515.00000000		9.89699		0.22316
	6520.00000000		9.69582		0.20010
	6525.00000000		9.44724		0.17720
	6530.00000000		9.43692		0.19300
	6535.00000000		9.56678		0.20725
	6540.00000000		9.76822		0.21039
	6545.00000000		9.86308		0.20193
	6550.00000000		9.73935		0.18286
	6555.00000000		9.58150		0.18808
	6560.00000000		9.47969		0.19060
	6565.00000000		9.42888		0.20986
	6570.00000000		9.32933		0.18259
	6575.00000000		9.26937		0.19087
	6580.00000000		9.13120		0.16671
	6585.00000000		9.01802		0.17247
	6590.00000000		8.96255		0.15000
	6595.00000000		8.99467		0.16218
	6600.00000000		9.05643		0.16619
	6605.00000000		9.06711		0.19319
	6610.00000000		9.03137		0.21384
	6615.00000000		9.16953		0.20838
	6620.00000000		9.37239		0.18389
	6625.00000000		9.68048		0.11808
	6630.00000000		10.10194		0.08474
	6635.00000000		10.32453		0.06506
	6640.00000000		10.18276		0.11832
	6645.00000000		9.84205		0.13455
	6650.00000000		9.86052		0.14339
	6655.00000000		9.88157		0.11573
	6660.00000000		9.88180		0.11199
	6665.00000000		9.84409		0.17296
	6670.00000000		9.79065		0.19343
	6675.00000000		9.75124		0.19769
	6680.00000000		9.62762		0.15878
	6685.00000000		9.45525		0.18742
	6690.00000000		9.32183		0.23392
	6695.00000000		9.44257		0.28373
	6700.00000000		9.63742		0.27445
	6705.00000000		9.57293		0.25320
	6710.00000000		9.27373		0.22450
	6715.00000000		8.89505		0.20721
	6720.00000000		8.76404		0.21365
	6725.00000000		8.91050		0.20072
	6730.00000000		8.99415		0.18039
	6735.00000000		9.06102		0.16484
	6740.00000000		8.92147		0.20325
	6745.00000000		8.81802		0.20075
	6750.00000000		9.00870		0.20976
	6755.00000000		9.38366		0.21579
	6760.00000000		9.49928		0.27115
	6765.00000000		9.21360		0.32615
	6770.00000000		8.91181		0.34781
	6775.00000000		8.94105		0.31824
	6780.00000000		9.44563		0.28032
	6785.00000000		9.72785		0.26566
	6790.00000000		9.64524		0.31978
	6795.00000000		9.39805		0.38984
	6800.00000000		9.32065		0.43895
	6805.00000000		9.44590		0.47974
	6810.00000000		9.49834		0.43585
	6815.00000000		9.46437		0.41880
	6820.00000000		9.38491		0.37312
	6825.00000000		9.28041		0.38421
	6830.00000000		9.29852		0.37224
	6835.00000000		9.32230		0.38220
	6840.00000000		9.29686		0.37432
	6845.00000000		9.23982		0.35973
	6850.00000000		9.24930		0.35814
	6855.00000000		9.23713		0.32480
	6860.00000000		9.05133		0.32195
	6865.00000000		8.74008		0.26350
	6870.00000000		8.68935		0.26986
	6875.00000000		9.01943		0.26085
	6880.00000000		9.18119		0.26772
	6885.00000000		8.92274		0.25033
	6890.00000000		8.60126		0.21981
	6895.00000000		8.69600		0.19469
	6900.00000000		8.95992		0.17657
	6905.00000000		8.98391		0.19537
	6910.00000000		8.82631		0.22024
	6915.00000000		8.85118		0.27114
	6920.00000000		8.93897		0.29069
	6925.00000000		9.00492		0.29953
	6930.00000000		8.94433		0.28052
	6935.00000000		8.73640		0.27752
	6940.00000000		8.78660		0.32514
	6945.00000000		9.28378		0.38231
	6950.00000000		9.67598		0.42846
	6955.00000000		9.65682		0.43932
	6960.00000000		9.42971		0.44485
	6965.00000000		9.14704		0.42688
	6970.00000000		9.03438		0.40851
	6975.00000000		9.17117		0.38427
	6980.00000000		9.38803		0.37730
	6985.00000000		9.45548		0.37992
	6990.00000000		9.25377		0.33846
	6995.00000000		9.01086		0.27779
	7000.00000000		8.76284		0.22467
	7005.00000000		8.71050		0.22991
	7010.00000000		8.96375		0.23864
	7015.00000000		9.14323		0.28402
	7020.00000000		9.08377		0.30583
	7025.00000000		8.87052		0.32407
	7030.00000000		8.67943		0.31946
	7035.00000000		8.92206		0.31002
	7040.00000000		9.22647		0.31506
	7045.00000000		9.43914		0.33097
	7050.00000000		9.53195		0.36687
	7055.00000000		9.42234		0.36629
	7060.00000000		9.28505		0.34953
	7065.00000000		9.32996		0.31249
	7070.00000000		9.61657		0.30401
	7075.00000000		9.91659		0.34345
	7080.00000000		9.89260		0.41186
	7085.00000000		9.61918		0.44422
	7090.00000000		9.52617		0.44033
	7095.00000000		9.70338		0.41223
	7100.00000000		9.93615		0.39406
	7105.00000000		9.98247		0.38742
	7110.00000000		9.76637		0.41106
	7115.00000000		9.76615		0.44577
	7120.00000000		9.92776		0.48243
	7125.00000000		10.03383		0.51678
	7130.00000000		10.02946		0.50107
	7135.00000000		9.84368		0.48998
	7140.00000000		9.60194		0.48428
	7145.00000000		9.53322		0.49391
	7150.00000000		9.55387		0.49225
	7155.00000000		9.66211		0.47260
	7160.00000000		9.80756		0.46425
	7165.00000000		9.91919		0.44128
	7170.00000000		9.95523		0.46745
	7175.00000000		9.79255		0.50973
	7180.00000000		9.61693		0.56005
	7185.00000000		9.63671		0.53858
	7190.00000000		9.89804		0.50910
	7195.00000000		9.96945		0.49170
	7200.00000000		9.88099		0.51982
	7205.00000000		9.68184		0.57489
	7210.00000000		9.29126		0.58549
	7215.00000000		9.16075		0.62650
	7220.00000000		9.50839		0.58596
	7225.00000000		9.99821		0.56666
	7230.00000000		10.12366		0.56834
	7235.00000000		10.00975		0.63656
	7240.00000000		9.68530		0.67111
	7245.00000000		9.39316		0.66870
	7250.00000000		9.25282		0.62377
	7255.00000000		9.39537		0.56429
	7260.00000000		9.50860		0.56224
	7265.00000000		9.37770		0.55979
	7270.00000000		9.19245		0.60860
	7275.00000000		9.15046		0.59783
	7280.00000000		9.11125		0.60802
	7285.00000000		9.00273		0.61632
	7290.00000000		8.81148		0.63400
	7295.00000000		8.67438		0.64227
	7300.00000000		8.71050		0.60269
	7305.00000000		8.72728		0.57630
	7310.00000000		8.66909		0.49342
	7315.00000000		8.56257		0.50299
	7320.00000000		8.64296		0.49174
	7325.00000000		8.77352		0.54534
	7330.00000000		8.84307		0.53812
	7335.00000000		8.90224		0.53775
	7340.00000000		9.04542		0.55190
	7345.00000000		9.24987		0.57265
	7350.00000000		9.40734		0.60902
	7355.00000000		9.47812		0.60486
	7360.00000000		9.48122		0.61992
	7365.00000000		9.51716		0.59425
	7370.00000000		9.58581		0.62790
	7375.00000000		9.46225		0.66201
	7380.00000000		9.31037		0.71121
	7385.00000000		9.22763		0.69905
	7390.00000000		9.50546		0.69437
	7395.00000000		9.87599		0.73501
	7400.00000000		9.80928		0.73801
	7405.00000000		9.44480		0.72507
	7410.00000000		9.15702		0.63077
	7415.00000000		9.23584		0.58666
	7420.00000000		9.49729		0.57085
	7425.00000000		9.52403		0.61284
	7430.00000000		9.21519		0.62720
	7435.00000000		8.90078		0.59908
	7440.00000000		8.86528		0.54709
	7445.00000000		9.11982		0.52006
	7450.00000000		9.37023		0.57254
	7455.00000000		9.42096		0.65817
	7460.00000000		9.29842		0.74380
	7465.00000000		9.15922		0.71959
	7470.00000000		9.16375		0.70025
	7475.00000000		9.21890		0.60612
	7480.00000000		9.14834		0.57334
	7485.00000000		8.89499		0.52738
	7490.00000000		8.72973		0.53078
	7495.00000000		8.74002		0.50416
	7500.00000000		8.91439		0.50513
	7505.00000000		9.07130		0.50902
	7510.00000000		8.92662		0.49533
	7515.00000000		8.57740		0.50468
	7520.00000000		8.71448		0.44489
	7525.00000000		9.06900		0.46645
	7530.00000000		9.23537		0.44017
	7535.00000000		9.19105		0.49492
	7540.00000000		8.93442		0.48149
	7545.00000000		8.81834		0.50522
	7550.00000000		9.04618		0.48508
	7555.00000000		9.39690		0.47418
	7560.00000000		9.53427		0.46863
	7565.00000000		9.44678		0.45203
	7570.00000000		9.34617		0.44759
	7575.00000000		9.33926		0.39755
	7580.00000000		9.62847		0.39150
	7585.00000000		9.92400		0.31350
	7590.00000000		10.09496		0.30703
	7595.00000000		9.95894		0.28734
	7600.00000000		9.86166		0.27719
	7605.00000000		10.02832		0.24974
	7610.00000000		10.24789		0.21941
	7615.00000000		10.37430		0.19767
	7620.00000000		10.34116		0.13949
	7625.00000000		10.38195		0.09432
	7630.00000000		10.49301		0.04677
	7635.00000000		10.65894		0.08193
	7640.00000000		10.51087		0.08308
	7645.00000000		10.37983		0.11821
	7650.00000000		10.23985		0.10221
	7655.00000000		10.23547		0.10531
	7660.00000000		10.26683		0.14370
	7665.00000000		10.31103		0.21172
	7670.00000000		10.28024		0.26963
	7675.00000000		10.10408		0.25313
	7680.00000000		10.09561		0.24221
	7685.00000000		10.05438		0.19615
	7690.00000000		10.06503		0.20658
	7695.00000000		9.96616		0.21161
	7700.00000000		9.85308		0.21336
	7705.00000000		9.86893		0.21331
	7710.00000000		10.08263		0.20547
	7715.00000000		10.24575		0.22848
	7720.00000000		10.28927		0.23434
	7725.00000000		10.22827		0.20529
	7730.00000000		10.16372		0.14573
	7735.00000000		10.23630		0.11070
	7740.00000000		10.43671		0.17165
	7745.00000000		10.42392		0.25892
	7750.00000000		10.14638		0.31757
	7755.00000000		9.77633		0.29480
	7760.00000000		9.66700		0.24563
	7765.00000000		9.76481		0.25218
	7770.00000000		9.89766		0.32124
	7775.00000000		9.80582		0.34034
	7780.00000000		9.66145		0.31821
	7785.00000000		9.58055		0.26517
	7790.00000000		9.72187		0.28975
	7795.00000000		9.92895		0.32961
	7800.00000000		10.08434		0.34973
	7805.00000000		10.25916		0.31449
	7810.00000000		10.28013		0.27018
	7815.00000000		10.17363		0.27677
	7820.00000000		10.00064		0.30832
	7825.00000000		10.13419		0.32355
	7830.00000000		10.34052		0.26823
	7835.00000000		10.44884		0.23504
	7840.00000000		10.35507		0.24095
	7845.00000000		10.26158		0.25526
	7850.00000000		10.31684		0.26841
	7855.00000000		10.45386		0.25847
	7860.00000000		10.59151		0.28759
	7865.00000000		10.58979		0.31829
	7870.00000000		10.53389		0.34249
	7875.00000000		10.37608		0.28894
	7880.00000000		10.25761		0.22981
	7885.00000000		10.13474		0.18352
	7890.00000000		9.98600		0.21917
	7895.00000000		9.88134		0.27900
	7900.00000000		9.85440		0.34200
	7905.00000000		9.98530		0.36828
	7910.00000000		9.97272		0.34382
	7915.00000000		9.74092		0.37019
	7920.00000000		9.47049		0.40343
	7925.00000000		9.46627		0.42527
	7930.00000000		9.78412		0.40858
	7935.00000000		10.00996		0.37790
	7940.00000000		10.04537		0.37002
	7945.00000000		9.95099		0.40716
	7950.00000000		9.88869		0.46935
	7955.00000000		9.93683		0.52244
	7960.00000000		10.14021		0.55008
	7965.00000000		10.31849		0.53790
	7970.00000000		10.29112		0.55646
	7975.00000000		10.11450		0.60788
	7980.00000000		9.92699		0.68220
	7985.00000000		10.09478		0.64024
	7990.00000000		10.36029		0.55884
	7995.00000000		10.39874		0.51640
	8000.00000000		10.15799		0.56434
	8005.00000000		9.97709		0.60305
	8010.00000000		10.07809		0.56342
	8015.00000000		10.43592		0.52066
	8020.00000000		10.51878		0.51544
	8025.00000000		10.40141		0.56535
	8030.00000000		10.30829		0.55632
	8035.00000000		10.35776		0.51632
	8040.00000000		10.56158		0.48139
	8045.00000000		10.73787		0.47624
	8050.00000000		10.78927		0.56947
	8055.00000000		10.59065		0.58075
	8060.00000000		10.35754		0.57081
	8065.00000000		10.24947		0.50366
	8070.00000000		10.33872		0.50147
	8075.00000000		10.34186		0.54143
	8080.00000000		10.19940		0.59512
	8085.00000000		10.00285		0.62923
	8090.00000000		9.78500		0.63493
	8095.00000000		9.67835		0.67261
	8100.00000000		9.63926		0.72972
	8105.00000000		9.81371		0.79741
	8110.00000000		9.97284		0.77138
	8115.00000000		10.14174		0.79871
	8120.00000000		9.98088		0.78117
	8125.00000000		9.89979		0.79583
	8130.00000000		9.85187		0.76690
	8135.00000000		9.91904		0.77207
	8140.00000000		10.09364		0.78561
	8145.00000000		10.14652		0.78295
	8150.00000000		10.23540		0.81701
	8155.00000000		10.18687		0.79619
	8160.00000000		10.26482		0.80029
	8165.00000000		10.32809		0.75344
	8170.00000000		10.44006		0.79324
	8175.00000000		10.35639		0.81604
	8180.00000000		10.14516		0.86158
	8185.00000000		9.85433		0.86782
	8190.00000000		9.63291		0.89059
	8195.00000000		9.50811		0.89516
	8200.00000000		9.64523		0.89789
	8205.00000000		9.75032		0.89098
	8210.00000000		9.62756		0.87974
	8215.00000000		9.17346		0.99831
	8220.00000000		8.95342		1.02383
	8225.00000000		9.19222		1.06278
	8230.00000000		9.61308		0.98748
	8235.00000000		9.82243		0.95194
	8240.00000000		9.60177		1.00491
	8245.00000000		9.08734		0.98255
	8250.00000000		8.87371		1.00799
	8255.00000000		9.21209		0.96307
	8260.00000000		9.52460		0.98808
	8265.00000000		9.52394		1.00596
	8270.00000000		9.09315		1.05725
	8275.00000000		8.70866		1.08014
	8280.00000000		8.78065		1.02035
	8285.00000000		9.09181		1.04842
	8290.00000000		9.25775		1.01074
	8295.00000000		9.11525		1.03554
	8300.00000000		8.98083		1.00603
	8305.00000000		8.86133		0.99925
	8310.00000000		8.89439		0.97409
	8315.00000000		8.98576		0.96622
	8320.00000000		9.13915		0.97026
	8325.00000000		9.26369		1.03082
	8330.00000000		9.22972		1.09383
	8335.00000000		9.09885		1.13662
	8340.00000000		9.04981		1.15345
	8345.00000000		9.08988		1.14999
	8350.00000000		9.01777		1.20092
	8355.00000000		8.91038		1.26552
	8360.00000000		8.91050		1.28710
	8365.00000000		9.01405		1.25634
	8370.00000000		9.05800		1.21557
	8375.00000000		8.89014		1.19322
	8380.00000000		8.57982		1.20035
	8385.00000000		8.23438		1.19850
	8390.00000000		8.29430		1.22294
	8395.00000000		8.58949		1.21108
	8400.00000000		8.61406		1.19208
	8405.00000000		8.44381		1.14270
	8410.00000000		8.22688		1.13590
	8415.00000000		8.29961		1.16129
	8420.00000000		8.43314		1.25155
	8425.00000000		8.44513		1.30236
	8430.00000000		8.26073		1.31986
	8435.00000000		8.10364		1.24431
	8440.00000000		8.03445		1.16790
	8445.00000000		8.09703		1.12916
	8450.00000000		8.24323		1.19568
	8455.00000000		8.30918		1.35737
	8460.00000000		8.29485		1.37442
	8465.00000000		8.19477		1.29054
	8470.00000000		8.17184		1.15206
	8475.00000000		8.07409		1.12172
	8480.00000000		8.10403		1.11611
	8485.00000000		8.30611		1.12632
	8490.00000000		8.42104		1.13361
	8495.00000000		8.55746		1.11993
	8500.00000000		8.66980		1.20607
	8505.00000000		8.81382		1.28722
	8510.00000000		8.92035		1.31627
	8515.00000000		8.97264		1.31232
	8520.00000000		8.81804		1.31989
	8525.00000000		8.60907		1.35807
	8530.00000000		8.45850		1.41647
	8535.00000000		8.35457		1.46581
	8540.00000000		8.52962		1.44207
	8545.00000000		8.66467		1.37896
	8550.00000000		8.45207		1.30751
	8555.00000000		8.05243		1.22960
	8560.00000000		7.71502		1.14421
	8565.00000000		7.63993		1.09698
	8570.00000000		7.91157		1.14321
	8575.00000000		8.10483		1.23167
	8580.00000000		7.92124		1.22729
	8585.00000000		7.65306		1.18572
	8590.00000000		7.66024		1.14251
	8595.00000000		7.93369		1.12900
	8600.00000000		8.03565		1.15400
	8605.00000000		7.89794		1.20284
	8610.00000000		7.58422		1.26820
	8615.00000000		7.65338		1.27292
	8620.00000000		7.89456		1.27426
	8625.00000000		8.03515		1.21970
	8630.00000000		7.72562		1.23545
	8635.00000000		7.50691		1.24233
	8640.00000000		7.52860		1.25046
	8645.00000000		7.58393		1.26950
	8650.00000000		7.74693		1.21386
	8655.00000000		7.46331		1.19876
	8660.00000000		7.31619		1.13242
	8665.00000000		7.15168		1.16949
	8670.00000000		7.24519		1.23307
	8675.00000000		7.34637		1.31801
	8680.00000000		7.13497		1.31469
	8685.00000000		6.89886		1.23411
	8690.00000000		6.83041		1.18442
	8695.00000000		7.12647		1.18118
	8700.00000000		7.17357		1.23053
	8705.00000000		7.01647		1.20760
	8710.00000000		6.67641		1.18053
	8715.00000000		6.77254		1.13592
	8720.00000000		6.90747		1.18263
	8725.00000000		7.13449		1.21494
	8730.00000000		7.14765		1.23477
	8735.00000000		7.01308		1.23179
	8740.00000000		6.97643		1.24716
	8745.00000000		7.20400		1.26841
	8750.00000000		7.50232		1.27374
	8755.00000000		7.46624		1.28492
	8760.00000000		7.29192		1.30044
	8765.00000000		7.27697		1.32952
	8770.00000000		7.50374		1.32527
	8775.00000000		7.68733		1.33637
	8780.00000000		7.87953		1.28543
	8785.00000000		7.76016		1.28938
	8790.00000000		7.58144		1.28292
	8795.00000000		7.48340		1.32223
	8800.00000000		7.52597		1.40428
	8805.00000000		7.73364		1.37740
	8810.00000000		7.65269		1.30226
	8815.00000000		7.48900		1.21208
	8820.00000000		7.27474		1.23766
	8825.00000000		7.46507		1.32850
	8830.00000000		7.73754		1.43629
	8835.00000000		7.77630		1.39439
	8840.00000000		7.59368		1.30471
	8845.00000000		7.38143		1.21881
	8850.00000000		7.37379		1.15965
	8855.00000000		7.51521		1.18919
	8860.00000000		7.76492		1.21303
	8865.00000000		7.89303		1.26767
	8870.00000000		7.88664		1.27847
	8875.00000000		7.87168		1.22426
	8880.00000000		7.87417		1.18987
	8885.00000000		8.08070		1.18101
	8890.00000000		8.00698		1.21845
	8895.00000000		7.81661		1.25551
	8900.00000000		7.45369		1.36021
	8905.00000000		7.52497		1.41018
	8910.00000000		7.63253		1.49759
	8915.00000000		7.79222		1.57246
	8920.00000000		7.84370		1.66918
	8925.00000000		7.65914		1.66712
	8930.00000000		7.46940		1.54372
	8935.00000000		7.22023		1.47529
	8940.00000000		7.32850		1.47751
	8945.00000000		7.25798		1.71920
	8950.00000000		7.45798		1.80896
	8955.00000000		7.38558		1.81164
	8960.00000000		7.36482		1.70385
	8965.00000000		7.21193		1.70891
	8970.00000000		7.22220		1.77237
	8975.00000000		7.28666		1.83187
	8980.00000000		7.28613		1.76409
	8985.00000000		7.25616		1.54960
	8990.00000000		7.22169		1.53135
	8995.00000000		7.37396		1.55446
	9000.00000000		7.43213		1.51663
	9005.00000000		7.49641		1.37129
	9010.00000000		7.43538		1.27974
	9015.00000000		7.49259		1.28929
	9020.00000000		7.39331		1.41653
	9025.00000000		7.29635		1.52428
	9030.00000000		7.14530		1.48485
	9035.00000000		6.95487		1.38877
	9040.00000000		7.28660		1.27797
	9045.00000000		7.38231		1.28474
	9050.00000000		7.33309		1.33861
	9055.00000000		7.01810		1.43763
	9060.00000000		7.08777		1.48029
	9065.00000000		6.97929		1.52342
	9070.00000000		7.05267		1.51712
	9075.00000000		6.95418		1.49682
	9080.00000000		6.79624		1.44950
	9085.00000000		6.56715		1.38473
	9090.00000000		6.34359		1.38072
	9095.00000000		6.51041		1.37002
	9100.00000000		6.57068		1.41064
	9105.00000000		6.68268		1.36774
	9110.00000000		6.23029		1.33652
	9115.00000000		6.28341		1.24488
	9120.00000000		6.38569		1.22299
	9125.00000000		6.62757		1.26047
	9130.00000000		6.74746		1.27688
	9135.00000000		6.52434		1.34778
	9140.00000000		6.61419		1.36322
	9145.00000000		6.68198		1.43559
	9150.00000000		6.99152		1.45010
	9155.00000000		7.04555		1.47848
	9160.00000000		7.09091		1.41811
	9165.00000000		6.75975		1.31682
	9170.00000000		6.70481		1.25192
	9175.00000000		6.79981		1.24501
	9180.00000000		6.92171		1.28219
	9185.00000000		6.96368		1.25312
	9190.00000000		6.73837		1.22583
	9195.00000000		6.96725		1.15689
	9200.00000000		7.00103		1.20454
	9205.00000000		7.08219		1.28182
	9210.00000000		7.05352		1.32117
	9215.00000000		7.02040		1.30602
	9220.00000000		6.99147		1.19378
	9225.00000000		7.02202		1.10278
	9230.00000000		7.06918		1.09384
	9235.00000000		7.04995		1.15920
	9240.00000000		7.08323		1.18187
	9245.00000000		7.08092		1.15063
	9250.00000000		7.23239		1.04265
	9255.00000000		7.36172		0.97093
	9260.00000000		7.44533		0.97244
	9265.00000000		7.35229		1.00907
	9270.00000000		7.30899		1.03193
	9275.00000000		7.51856		1.04778
	9280.00000000		7.64759		1.05799
	9285.00000000		7.74135		1.04701
	9290.00000000		7.48434		1.05337
	9295.00000000		7.33779		1.07000
	9300.00000000		7.12842		1.09244
	9305.00000000		7.21836		1.11842
	9310.00000000		7.47225		1.12912
	9315.00000000		7.63656		1.10174
	9320.00000000		7.44365		1.03803
	9325.00000000		7.00211		1.02305
	9330.00000000		6.93734		1.07702
	9335.00000000		6.97780		1.16780
	9340.00000000		7.26108		1.18179
	9345.00000000		7.25751		1.11432
	9350.00000000		7.07488		1.09519
	9355.00000000		6.77261		1.12293
	9360.00000000		6.60017		1.24320
	9365.00000000		6.95853		1.35341
	9370.00000000		7.05962		1.41302
	9375.00000000		6.99443		1.40902
	9380.00000000		6.63342		1.42322
	9385.00000000		6.85829		1.47570
	9390.00000000		7.17658		1.53584
	9395.00000000		7.33255		1.50773
	9400.00000000		7.17434		1.45123
	9405.00000000		6.97022		1.42028
	9410.00000000		7.12327		1.45098
	9415.00000000		7.22178		1.50556
	9420.00000000		7.43630		1.55178
	9425.00000000		7.27395		1.54472
	9430.00000000		7.13862		1.40326
	9435.00000000		7.10733		1.35817
	9440.00000000		7.33778		1.34338
	9445.00000000		7.37114		1.41785
	9450.00000000		7.23042		1.43341
	9455.00000000		7.03565		1.39397
	9460.00000000		6.98337		1.32236
	9465.00000000		7.02259		1.30520
	9470.00000000		7.15625		1.35083
	9475.00000000		7.21016		1.43351
	9480.00000000		7.16080		1.53713
	9485.00000000		7.10688		1.60716
	9490.00000000		6.97018		1.71908
	9495.00000000		7.00494		1.72550
	9500.00000000		7.00261		1.69721
	9505.00000000		7.05254		1.67169
	9510.00000000		6.82441		1.69702
	9515.00000000		6.82961		1.71644
	9520.00000000		6.87283		1.71527
	9525.00000000		7.00508		1.68786
	9530.00000000		7.15494		1.56728
	9535.00000000		6.99554		1.51542
	9540.00000000		6.94916		1.43916
	9545.00000000		6.66003		1.45026
	9550.00000000		6.88976		1.43630
	9555.00000000		6.89011		1.48261
	9560.00000000		6.98274		1.49053
	9565.00000000		7.00672		1.48431
	9570.00000000		7.00389		1.49033
	9575.00000000		7.14551		1.52792
	9580.00000000		7.06566		1.64189
	9585.00000000		7.21094		1.65945
	9590.00000000		7.17616		1.67525
	9595.00000000		7.43379		1.62622
	9600.00000000		7.71571		1.61666
	9605.00000000		8.01542		1.66316
	9610.00000000		7.87177		1.73888
	9615.00000000		7.55457		1.81733
	9620.00000000		7.45608		1.78417
	9625.00000000		7.34974		1.78041
	9630.00000000		7.55701		1.72151
	9635.00000000		7.66000		1.71942
	9640.00000000		7.79712		1.73005
	9645.00000000		7.75906		1.74830
	9650.00000000		7.62682		1.75894
	9655.00000000		7.68815		1.65434
	9660.00000000		7.70049		1.63434
	9665.00000000		7.83234		1.54708
	9670.00000000		7.78267		1.54040
	9675.00000000		7.76321		1.49832
	9680.00000000		7.66518		1.54976
	9685.00000000		7.57242		1.59740
	9690.00000000		7.53249		1.65162
	9695.00000000		7.72527		1.64539
	9700.00000000		8.09068		1.56534
	9705.00000000		8.13935		1.52093
	9710.00000000		7.88963		1.51263
	9715.00000000		7.68810		1.53509
	9720.00000000		7.66095		1.54349
	9725.00000000		7.88279		1.53544
	9730.00000000		8.12725		1.48409
	9735.00000000		8.26417		1.41805
	9740.00000000		8.10977		1.38317
	9745.00000000		7.92452		1.34226
	9750.00000000		8.10156		1.34971
	9755.00000000		8.29603		1.39245
	9760.00000000		8.67177		1.37584
	9765.00000000		8.92013		1.39961
	9770.00000000		8.79162		1.36464
	9775.00000000		8.47646		1.31993
	9780.00000000		8.28792		1.30428
	9785.00000000		8.42064		1.26560
	9790.00000000		8.58131		1.33188
	9795.00000000		8.73073		1.33361
	9800.00000000		8.57962		1.39342
	9805.00000000		8.43666		1.37838
	9810.00000000		8.54677		1.38002
	9815.00000000		8.63740		1.47538
	9820.00000000		8.74665		1.62857
	9825.00000000		8.67718		1.72222
	9830.00000000		8.50997		1.54666
	9835.00000000		8.29496		1.33527
	9840.00000000		8.23369		1.21386
	9845.00000000		8.23271		1.26111
	9850.00000000		8.26866		1.38494
	9855.00000000		8.30997		1.42391
	9860.00000000		8.29517		1.34523
	9865.00000000		8.11592		1.19867
	9870.00000000		7.83163		1.11628
	9875.00000000		7.80273		1.04206
	9880.00000000		7.92887		1.10138
	9885.00000000		8.05320		1.17253
	9890.00000000		8.01504		1.32758
	9895.00000000		7.97687		1.42471
	9900.00000000		7.94608		1.52502
	9905.00000000		7.93318		1.55925
	9910.00000000		7.84563		1.55403
	9915.00000000		7.62711		1.58035
	9920.00000000		7.35951		1.55741
	9925.00000000		7.03522		1.61739
	9930.00000000		7.24571		1.55233
	9935.00000000		7.27644		1.57125
	9940.00000000		7.33140		1.49745
	9945.00000000		7.07973		1.54156
	9950.00000000		6.99392		1.57397
	9955.00000000		6.92868		1.62339
	9960.00000000		6.93208		1.65934
	9965.00000000		7.13070		1.64483
	9970.00000000		7.19376		1.72430
	9975.00000000		7.33434		1.61304
	9980.00000000		7.18662		1.60919
	9985.00000000		7.27198		1.54002
	9990.00000000		7.22485		1.60310
	9995.00000000		7.23515		1.70577
	10000.00000000		7.22736		1.74503
