	0.00000000		4.98616		-0.05960
	5.00000000		5.23118		-0.05977
	10.00000000		5.31613		-0.02889
	15.00000000		5.00827		-0.02181
	20.00000000		4.81179		0.01579
	25.00000000		4.95315		0.04532
	30.00000000		5.13020		0.12041
	35.00000000		5.29110		0.06249
	40.00000000		4.88957		0.05243
	45.00000000		4.60912		-0.02912
	50.00000000		4.54034		-0.06030
	55.00000000		4.60095		-0.03477
	60.00000000		4.86761		-0.03509
	65.00000000		4.96978		-0.02776
	70.00000000		4.96295		-0.09515
	75.00000000		4.83716		-0.13759
	80.00000000		4.94207		-0.14782
	85.00000000		5.05898		-0.08583
	90.00000000		5.05299		-0.05025
	95.00000000		4.95873		-0.07832
	100.00000000		4.78630		-0.17178
	105.00000000		4.78149		-0.24642
	110.00000000		4.67656		-0.22799
	115.00000000		4.69892		-0.14143
	120.00000000		4.85687		-0.04249
	125.00000000		5.10729		-0.02707
	130.00000000		5.23839		-0.02127
	135.00000000		5.20011		-0.02073
	140.00000000		5.17141		0.04974
	145.00000000		5.40713		0.13393
	150.00000000		5.78345		0.12327
	155.00000000		5.86112		0.04387
	160.00000000		5.63588		-0.04363
	165.00000000		5.39048		-0.00465
	170.00000000		5.50845		0.08068
	175.00000000		5.73704		0.15860
	180.00000000		5.83582		0.13188
	185.00000000		5.61964		0.07184
	190.00000000		5.27583		-0.02726
	195.00000000		5.31369		-0.09445
	200.00000000		5.51585		-0.08852
	205.00000000		5.73762		-0.05223
	210.00000000		5.68521		-0.02252
	215.00000000		5.47339		-0.04700
	220.00000000		5.18144		-0.10956
	225.00000000		5.15392		-0.15963
	230.00000000		5.27210		-0.19538
	235.00000000		5.37835		-0.16825
	240.00000000		5.49479		-0.14573
	245.00000000		5.39396		-0.09200
	250.00000000		5.44581		-0.09266
	255.00000000		5.37036		-0.07105
	260.00000000		5.38321		-0.08344
	265.00000000		5.29218		-0.11316
	270.00000000		5.22326		-0.13137
	275.00000000		5.05230		-0.11823
	280.00000000		4.69512		-0.07974
	285.00000000		4.70101		-0.08262
	290.00000000		4.71683		-0.02250
	295.00000000		5.02229		0.01918
	300.00000000		5.16017		0.06912
	305.00000000		5.32165		0.06558
	310.00000000		5.36345		0.06761
	315.00000000		5.31880		0.07907
	320.00000000		5.25081		0.07996
	325.00000000		5.04659		0.16019
	330.00000000		4.96149		0.15491
	335.00000000		4.81906		0.14059
	340.00000000		4.84578		0.06628
	345.00000000		5.03594		-0.03817
	350.00000000		5.02120		-0.07171
	355.00000000		4.96811		-0.05834
	360.00000000		4.86629		-0.01646
	365.00000000		4.96498		-0.04001
	370.00000000		5.01698		-0.09118
	375.00000000		5.23342		-0.19496
	380.00000000		5.29930		-0.18202
	385.00000000		5.34015		-0.12642
	390.00000000		5.45610		-0.06721
	395.00000000		5.33709		-0.05832
	400.00000000		5.22228		-0.12994
	405.00000000		5.01188		-0.11905
	410.00000000		4.84381		-0.05372
	415.00000000		4.73749		0.04638
	420.00000000		4.92649		0.06290
	425.00000000		5.03757		0.02771
	430.00000000		4.88545		-0.04382
	435.00000000		4.55653		-0.05953
	440.00000000		4.39422		0.01267
	445.00000000		4.67156		0.09778
	450.00000000		5.06535		0.15234
	455.00000000		5.39861		0.09463
	460.00000000		5.54938		0.02230
	465.00000000		5.32860		-0.01542
	470.00000000		5.06652		-0.05507
	475.00000000		4.81347		-0.09555
	480.00000000		4.72918		-0.17031
	485.00000000		4.65803		-0.14173
	490.00000000		4.81999		-0.08182
	495.00000000		4.75577		0.01128
	500.00000000		4.68436		-0.00044
	505.00000000		4.53366		-0.08011
	510.00000000		4.59873		-0.16714
	515.00000000		4.80932		-0.18268
	520.00000000		4.68796		-0.07672
	525.00000000		4.65864		-0.03097
	530.00000000		4.36914		0.04418
	535.00000000		4.48966		0.03400
	540.00000000		4.64623		0.05469
	545.00000000		4.78368		0.06700
	550.00000000		4.69404		0.04089
	555.00000000		4.21832		0.05779
	560.00000000		4.17030		-0.03645
	565.00000000		4.12047		0.00608
	570.00000000		4.40824		0.00885
	575.00000000		4.44372		0.00202
	580.00000000		4.18621		-0.03136
	585.00000000		4.14937		-0.05366
	590.00000000		4.29163		0.03400
	595.00000000		4.74694		0.13613
	600.00000000		4.85376		0.16803
	605.00000000		4.55454		0.15090
	610.00000000		4.30787		0.12684
	615.00000000		4.19113		0.11632
	620.00000000		4.27598		0.13635
	625.00000000		4.49179		0.13858
	630.00000000		4.40871		0.17085
	635.00000000		4.03262		0.12939
	640.00000000		3.81107		0.06561
	645.00000000		3.83223		0.03714
	650.00000000		3.98172		0.00801
	655.00000000		4.05832		-0.02633
	660.00000000		3.97874		-0.06618
	665.00000000		3.95295		-0.10263
	670.00000000		3.99133		-0.10961
	675.00000000		4.09308		-0.07180
	680.00000000		4.22155		-0.08609
	685.00000000		4.17007		-0.09449
	690.00000000		4.01926		-0.12153
	695.00000000		3.89006		-0.10309
	700.00000000		3.95385		-0.04643
	705.00000000		4.15869		0.02054
	710.00000000		4.39787		0.07587
	715.00000000		4.58065		0.09459
	720.00000000		4.46588		0.06807
	725.00000000		4.17758		-0.02252
	730.00000000		4.11582		-0.06852
	735.00000000		4.23770		-0.04913
	740.00000000		4.39524		0.00245
	745.00000000		4.44459		-0.02977
	750.00000000		4.04406		-0.08496
	755.00000000		3.80495		-0.20616
	760.00000000		3.87365		-0.28626
	765.00000000		4.09484		-0.27856
	770.00000000		4.45040		-0.31359
	775.00000000		4.50544		-0.33212
	780.00000000		4.42249		-0.37737
	785.00000000		4.31617		-0.35632
	790.00000000		4.36501		-0.32084
	795.00000000		4.52384		-0.26690
	800.00000000		4.66806		-0.32372
	805.00000000		4.57797		-0.37137
	810.00000000		4.50998		-0.36202
	815.00000000		4.45196		-0.28463
	820.00000000		4.52600		-0.24392
	825.00000000		4.66735		-0.32629
	830.00000000		4.62259		-0.41483
	835.00000000		4.76372		-0.53612
	840.00000000		4.76645		-0.50147
	845.00000000		4.83859		-0.43615
	850.00000000		4.70292		-0.39474
	855.00000000		4.62343		-0.42291
	860.00000000		4.57793		-0.46414
	865.00000000		4.52287		-0.47331
	870.00000000		4.47563		-0.43115
	875.00000000		4.27160		-0.36730
	880.00000000		4.11201		-0.39991
	885.00000000		3.92026		-0.39687
	890.00000000		3.95122		-0.37964
	895.00000000		3.85443		-0.32677
	900.00000000		3.79043		-0.33386
	905.00000000		3.48428		-0.39529
	910.00000000		3.28422		-0.48380
	915.00000000		3.39240		-0.54725
	920.00000000		3.48154		-0.48452
	925.00000000		3.63534		-0.42160
	930.00000000		3.47641		-0.42573
	935.00000000		3.36341		-0.50940
	940.00000000		3.18467		-0.59814
	945.00000000		2.94742		-0.58615
	950.00000000		3.00689		-0.52624
	955.00000000		2.91946		-0.45341
	960.00000000		2.81059		-0.48112
	965.00000000		2.91135		-0.57724
	970.00000000		3.08181		-0.61002
	975.00000000		2.90625		-0.57423
	980.00000000		2.88989		-0.54245
	985.00000000		3.07726		-0.54334
	990.00000000		3.08936		-0.57659
	995.00000000		3.25742		-0.63737
	1000.00000000		3.38154		-0.63257
	1005.00000000		3.29399		-0.58146
	1010.00000000		3.50117		-0.58388
	1015.00000000		3.64814		-0.62396
	1020.00000000		3.83247		-0.63575
	1025.00000000		3.97399		-0.58404
	1030.00000000		3.87278		-0.50568
	1035.00000000		3.99684		-0.52689
	1040.00000000		3.84322		-0.54521
	1045.00000000		4.04751		-0.54923
	1050.00000000		3.91908		-0.47045
	1055.00000000		3.73761		-0.34727
	1060.00000000		3.77622		-0.34951
	1065.00000000		3.56783		-0.38386
	1070.00000000		3.88077		-0.44122
	1075.00000000		3.93101		-0.39679
	1080.00000000		3.84707		-0.33575
	1085.00000000		3.78101		-0.33227
	1090.00000000		3.51873		-0.37883
	1095.00000000		3.64845		-0.46169
	1100.00000000		3.67885		-0.44294
	1105.00000000		3.56492		-0.36070
	1110.00000000		3.69139		-0.31042
	1115.00000000		3.60189		-0.27693
	1120.00000000		3.67535		-0.37625
	1125.00000000		3.65686		-0.51940
	1130.00000000		3.58977		-0.59580
	1135.00000000		3.53608		-0.58126
	1140.00000000		3.49280		-0.53305
	1145.00000000		3.54695		-0.49321
	1150.00000000		3.58670		-0.54077
	1155.00000000		3.71712		-0.61776
	1160.00000000		3.64104		-0.63433
	1165.00000000		3.64404		-0.57963
	1170.00000000		3.65835		-0.49335
	1175.00000000		3.61174		-0.44003
	1180.00000000		3.65931		-0.47701
	1185.00000000		3.47669		-0.52048
	1190.00000000		3.45507		-0.55702
	1195.00000000		3.52054		-0.51471
	1200.00000000		3.49412		-0.44551
	1205.00000000		3.71379		-0.42116
	1210.00000000		3.70078		-0.38466
	1215.00000000		3.74796		-0.35217
	1220.00000000		3.98839		-0.30871
	1225.00000000		4.14979		-0.18790
	1230.00000000		4.37057		-0.19895
	1235.00000000		4.21148		-0.21412
	1240.00000000		4.20524		-0.26288
	1245.00000000		4.16583		-0.27067
	1250.00000000		4.29618		-0.29879
	1255.00000000		4.56294		-0.34838
	1260.00000000		4.40260		-0.35448
	1265.00000000		4.32869		-0.33990
	1270.00000000		4.06938		-0.31622
	1275.00000000		4.21387		-0.27224
	1280.00000000		4.20688		-0.22970
	1285.00000000		4.39756		-0.22515
	1290.00000000		4.30335		-0.25420
	1295.00000000		4.20386		-0.32090
	1300.00000000		4.22717		-0.41580
	1305.00000000		4.22336		-0.48748
	1310.00000000		4.44983		-0.45465
	1315.00000000		4.17727		-0.39136
	1320.00000000		4.16282		-0.36773
	1325.00000000		3.83705		-0.45784
	1330.00000000		3.92310		-0.54093
	1335.00000000		3.89991		-0.59198
	1340.00000000		3.82679		-0.53194
	1345.00000000		3.98200		-0.40910
	1350.00000000		3.81114		-0.36125
	1355.00000000		4.00276		-0.45150
	1360.00000000		3.91006		-0.62210
	1365.00000000		3.94948		-0.68876
	1370.00000000		3.85363		-0.72331
	1375.00000000		3.82180		-0.72805
	1380.00000000		4.01462		-0.77474
	1385.00000000		3.99135		-0.79507
	1390.00000000		4.00058		-0.77767
	1395.00000000		3.59537		-0.78960
	1400.00000000		3.63135		-0.78638
	1405.00000000		3.68515		-0.78915
	1410.00000000		3.48159		-0.77256
	1415.00000000		3.46050		-0.70883
	1420.00000000		3.08674		-0.69275
	1425.00000000		3.02028		-0.74123
	1430.00000000		3.34380		-0.74366
	1435.00000000		3.30170		-0.76441
	1440.00000000		3.37728		-0.73154
	1445.00000000		3.34264		-0.73238
	1450.00000000		3.40272		-0.77546
	1455.00000000		3.65138		-0.84030
	1460.00000000		3.83208		-0.85189
	1465.00000000		4.02447		-0.74866
	1470.00000000		3.88254		-0.64912
	1475.00000000		4.05597		-0.62768
	1480.00000000		3.86151		-0.66973
	1485.00000000		4.02094		-0.65695
	1490.00000000		3.93942		-0.67179
	1495.00000000		3.89536		-0.65603
	1500.00000000		3.94010		-0.67706
	1505.00000000		3.90144		-0.75268
	1510.00000000		4.10478		-0.77872
	1515.00000000		3.88818		-0.80142
	1520.00000000		3.74163		-0.73462
	1525.00000000		3.66201		-0.69462
	1530.00000000		3.82502		-0.67689
	1535.00000000		4.17964		-0.68578
	1540.00000000		4.31937		-0.72720
	1545.00000000		4.23967		-0.67518
	1550.00000000		4.04720		-0.58707
	1555.00000000		4.14041		-0.49255
	1560.00000000		4.33297		-0.51316
	1565.00000000		4.71864		-0.54071
	1570.00000000		4.87155		-0.55542
	1575.00000000		4.77025		-0.48595
	1580.00000000		4.85150		-0.41923
	1585.00000000		4.77178		-0.39588
	1590.00000000		5.15243		-0.42664
	1595.00000000		5.15894		-0.51396
	1600.00000000		5.16011		-0.56036
	1605.00000000		4.95718		-0.59799
	1610.00000000		4.72396		-0.61674
	1615.00000000		4.97544		-0.64151
	1620.00000000		5.00296		-0.70463
	1625.00000000		5.16794		-0.73411
	1630.00000000		5.05425		-0.76920
	1635.00000000		5.04933		-0.77512
	1640.00000000		5.12748		-0.77850
	1645.00000000		5.33826		-0.83734
	1650.00000000		5.56819		-0.89760
	1655.00000000		5.44304		-0.93435
	1660.00000000		5.40220		-0.88327
	1665.00000000		5.30137		-0.84739
	1670.00000000		5.38248		-0.82101
	1675.00000000		5.33937		-0.84990
	1680.00000000		5.30310		-0.86978
	1685.00000000		5.23593		-0.83457
	1690.00000000		5.20491		-0.78383
	1695.00000000		5.43781		-0.68010
	1700.00000000		5.63971		-0.66177
	1705.00000000		5.70439		-0.61902
	1710.00000000		5.56777		-0.61721
	1715.00000000		5.60145		-0.62078
	1720.00000000		5.85569		-0.64040
	1725.00000000		6.02737		-0.69599
	1730.00000000		5.89993		-0.70961
	1735.00000000		5.64270		-0.70493
	1740.00000000		5.61389		-0.67151
	1745.00000000		5.79276		-0.72048
	1750.00000000		6.03351		-0.75565
	1755.00000000		5.92179		-0.83570
	1760.00000000		5.56677		-0.86267
	1765.00000000		5.44768		-0.84044
	1770.00000000		5.72171		-0.86072
	1775.00000000		5.89148		-0.82931
	1780.00000000		5.77131		-0.83703
	1785.00000000		5.56501		-0.83073
	1790.00000000		5.50698		-0.86992
	1795.00000000		5.59922		-0.90994
	1800.00000000		5.67503		-0.89512
	1805.00000000		5.51118		-0.86821
	1810.00000000		5.36475		-0.84823
	1815.00000000		5.15681		-0.87721
	1820.00000000		5.26770		-0.90124
	1825.00000000		5.26532		-0.96488
	1830.00000000		5.31481		-0.97176
	1835.00000000		5.13365		-0.95853
	1840.00000000		5.04936		-0.96453
	1845.00000000		5.14867		-1.00058
	1850.00000000		5.10609		-1.08871
	1855.00000000		5.00367		-1.09122
	1860.00000000		4.76748		-1.08456
	1865.00000000		4.72708		-1.02252
	1870.00000000		4.75106		-1.02899
	1875.00000000		5.04720		-1.00006
	1880.00000000		5.12319		-1.02405
	1885.00000000		5.01412		-1.03421
	1890.00000000		4.90989		-0.99376
	1895.00000000		4.89794		-1.01138
	1900.00000000		5.21350		-0.96640
	1905.00000000		5.32922		-1.01289
	1910.00000000		5.27547		-1.02634
	1915.00000000		5.21354		-1.03888
	1920.00000000		5.31308		-0.99514
	1925.00000000		5.52663		-0.93241
	1930.00000000		5.48721		-0.91910
	1935.00000000		5.32263		-0.95105
	1940.00000000		5.21799		-0.95809
	1945.00000000		5.33436		-0.94264
	1950.00000000		5.68031		-0.90328
	1955.00000000		5.91958		-0.83117
	1960.00000000		5.80999		-0.78268
	1965.00000000		5.46971		-0.73029
	1970.00000000		5.14066		-0.67738
	1975.00000000		5.16582		-0.65263
	1980.00000000		5.28106		-0.68839
	1985.00000000		5.39454		-0.77096
	1990.00000000		5.44468		-0.83926
	1995.00000000		5.50587		-0.87521
	2000.00000000		5.48392		-0.89323
	2005.00000000		5.45788		-0.89289
	2010.00000000		5.35186		-0.89711
	2015.00000000		5.26252		-0.88875
	2020.00000000		5.20830		-0.86305
	2025.00000000		5.00307		-0.78846
	2030.00000000		4.97128		-0.70594
	2035.00000000		4.81037		-0.69271
	2040.00000000		4.72827		-0.76504
	2045.00000000		4.74276		-0.81104
	2050.00000000		4.64636		-0.77707
	2055.00000000		4.40096		-0.69041
	2060.00000000		4.51633		-0.64383
	2065.00000000		4.82323		-0.66384
	2070.00000000		4.92689		-0.71964
	2075.00000000		4.89130		-0.75110
	2080.00000000		4.60989		-0.73804
	2085.00000000		4.63066		-0.73962
	2090.00000000		4.50087		-0.81284
	2095.00000000		4.59433		-0.87806
	2100.00000000		4.48419		-0.89545
	2105.00000000		4.42641		-0.85234
	2110.00000000		4.49802		-0.81819
	2115.00000000		4.44860		-0.78717
	2120.00000000		4.49119		-0.70409
	2125.00000000		4.45441		-0.65253
	2130.00000000		4.60938		-0.63095
	2135.00000000		4.55462		-0.64944
	2140.00000000		4.70605		-0.68225
	2145.00000000		4.66568		-0.70102
	2150.00000000		4.59812		-0.68115
	2155.00000000		4.66844		-0.66554
	2160.00000000		4.73153		-0.67515
	2165.00000000		4.66072		-0.69004
	2170.00000000		4.30277		-0.73642
	2175.00000000		4.43191		-0.75886
	2180.00000000		4.58116		-0.77730
	2185.00000000		4.84938		-0.75021
	2190.00000000		4.90381		-0.69416
	2195.00000000		4.77285		-0.66285
	2200.00000000		4.68672		-0.66280
	2205.00000000		4.51227		-0.76327
	2210.00000000		4.68671		-0.79218
	2215.00000000		4.45772		-0.80902
	2220.00000000		4.53221		-0.74028
	2225.00000000		4.42049		-0.67451
	2230.00000000		4.28975		-0.71140
	2235.00000000		4.41785		-0.79410
	2240.00000000		4.32461		-0.87505
	2245.00000000		4.40032		-0.86547
	2250.00000000		4.28961		-0.90415
	2255.00000000		4.45939		-0.87777
	2260.00000000		4.48297		-0.91010
	2265.00000000		4.41191		-0.91746
	2270.00000000		4.31032		-0.91720
	2275.00000000		4.26998		-0.92198
	2280.00000000		4.55185		-0.90633
	2285.00000000		4.71688		-0.92262
	2290.00000000		4.61903		-0.88540
	2295.00000000		4.45308		-0.86208
	2300.00000000		4.51449		-0.84341
	2305.00000000		4.69220		-0.85063
	2310.00000000		4.87243		-0.85590
	2315.00000000		4.75016		-0.77859
	2320.00000000		4.71457		-0.68039
	2325.00000000		4.88354		-0.60179
	2330.00000000		5.14882		-0.60650
	2335.00000000		5.46357		-0.62670
	2340.00000000		5.26404		-0.64662
	2345.00000000		5.01272		-0.58828
	2350.00000000		4.86814		-0.51067
	2355.00000000		5.18036		-0.43392
	2360.00000000		5.69187		-0.45298
	2365.00000000		5.94772		-0.46471
	2370.00000000		5.97988		-0.44427
	2375.00000000		5.90492		-0.42501
	2380.00000000		6.13637		-0.39621
	2385.00000000		6.25817		-0.43776
	2390.00000000		6.26553		-0.42408
	2395.00000000		6.01909		-0.39592
	2400.00000000		5.88432		-0.34623
	2405.00000000		5.84680		-0.36099
	2410.00000000		5.94676		-0.38229
	2415.00000000		5.96687		-0.42911
	2420.00000000		5.80255		-0.47279
	2425.00000000		5.59212		-0.49424
	2430.00000000		5.42936		-0.52750
	2435.00000000		5.49252		-0.47189
	2440.00000000		5.50076		-0.45856
	2445.00000000		5.51504		-0.41803
	2450.00000000		5.32107		-0.42744
	2455.00000000		5.16502		-0.40826
	2460.00000000		5.07688		-0.40850
	2465.00000000		5.17276		-0.43725
	2470.00000000		5.29504		-0.43613
	2475.00000000		5.24241		-0.43264
	2480.00000000		5.25943		-0.41743
	2485.00000000		5.16925		-0.45769
	2490.00000000		5.32682		-0.43734
	2495.00000000		5.43334		-0.46094
	2500.00000000		5.68597		-0.44692
	2505.00000000		5.72261		-0.47812
	2510.00000000		5.72032		-0.50001
	2515.00000000		5.69208		-0.54845
	2520.00000000		5.90052		-0.56577
	2525.00000000		6.13613		-0.56338
	2530.00000000		6.08678		-0.58024
	2535.00000000		5.76386		-0.58355
	2540.00000000		5.58405		-0.59001
	2545.00000000		5.65486		-0.58403
	2550.00000000		5.86138		-0.56695
	2555.00000000		6.08182		-0.54259
	2560.00000000		5.90998		-0.52188
	2565.00000000		5.53122		-0.46652
	2570.00000000		5.32261		-0.39163
	2575.00000000		5.26753		-0.41062
	2580.00000000		5.30975		-0.49867
	2585.00000000		5.28052		-0.62735
	2590.00000000		5.20856		-0.64689
	2595.00000000		4.99936		-0.60882
	2600.00000000		5.21074		-0.48413
	2605.00000000		5.43557		-0.41773
	2610.00000000		5.53026		-0.44932
	2615.00000000		5.56810		-0.50414
	2620.00000000		5.51578		-0.52648
	2625.00000000		5.59979		-0.48553
	2630.00000000		5.71739		-0.41596
	2635.00000000		5.98502		-0.34816
	2640.00000000		5.93351		-0.33328
	2645.00000000		5.89973		-0.34863
	2650.00000000		5.96802		-0.40066
	2655.00000000		6.15743		-0.41848
	2660.00000000		6.39410		-0.45169
	2665.00000000		6.39705		-0.46590
	2670.00000000		6.22574		-0.51629
	2675.00000000		5.83992		-0.56626
	2680.00000000		5.71287		-0.57932
	2685.00000000		5.91135		-0.60248
	2690.00000000		6.24046		-0.61541
	2695.00000000		6.40170		-0.64392
	2700.00000000		6.29367		-0.63244
	2705.00000000		6.08198		-0.63620
	2710.00000000		5.92261		-0.59528
	2715.00000000		6.05352		-0.59967
	2720.00000000		6.24774		-0.57221
	2725.00000000		6.30444		-0.54930
	2730.00000000		6.02127		-0.51624
	2735.00000000		5.67120		-0.50157
	2740.00000000		5.59019		-0.54178
	2745.00000000		5.87650		-0.60254
	2750.00000000		6.01497		-0.63817
	2755.00000000		5.75292		-0.58487
	2760.00000000		5.45059		-0.53483
	2765.00000000		5.22048		-0.48781
	2770.00000000		5.15494		-0.48272
	2775.00000000		5.20969		-0.48251
	2780.00000000		5.23182		-0.47192
	2785.00000000		4.78432		-0.48262
	2790.00000000		4.41553		-0.48916
	2795.00000000		4.22697		-0.50433
	2800.00000000		4.23129		-0.51532
	2805.00000000		4.45083		-0.51112
	2810.00000000		4.25610		-0.53956
	2815.00000000		3.97289		-0.57576
	2820.00000000		3.81435		-0.62640
	2825.00000000		4.21668		-0.67366
	2830.00000000		4.46565		-0.66646
	2835.00000000		4.41132		-0.60033
	2840.00000000		4.11296		-0.53924
	2845.00000000		4.03991		-0.52298
	2850.00000000		4.27159		-0.60853
	2855.00000000		4.37700		-0.65700
	2860.00000000		4.51156		-0.62550
	2865.00000000		4.07667		-0.55498
	2870.00000000		4.10289		-0.50509
	2875.00000000		4.06947		-0.48186
	2880.00000000		4.20046		-0.45946
	2885.00000000		4.47107		-0.43433
	2890.00000000		4.36487		-0.45909
	2895.00000000		4.25916		-0.56418
	2900.00000000		3.92380		-0.72828
	2905.00000000		3.95211		-0.75494
	2910.00000000		3.99167		-0.68956
	2915.00000000		4.13543		-0.57282
	2920.00000000		4.30447		-0.49819
	2925.00000000		4.25799		-0.48714
	2930.00000000		4.22099		-0.56977
	2935.00000000		4.13833		-0.65549
	2940.00000000		4.22041		-0.69465
	2945.00000000		4.14332		-0.64009
	2950.00000000		4.18722		-0.59283
	2955.00000000		4.19071		-0.55983
	2960.00000000		4.33595		-0.53021
	2965.00000000		4.35805		-0.50721
	2970.00000000		4.30046		-0.48598
	2975.00000000		4.17303		-0.44714
	2980.00000000		4.10210		-0.37806
	2985.00000000		4.14457		-0.32184
	2990.00000000		4.07837		-0.31479
	2995.00000000		4.00926		-0.40110
	3000.00000000		3.67383		-0.47077
	3005.00000000		3.62506		-0.46575
	3010.00000000		3.32700		-0.33925
	3015.00000000		3.61186		-0.29217
	3020.00000000		3.87521		-0.31421
	3025.00000000		3.88954		-0.36570
	3030.00000000		3.92509		-0.40333
	3035.00000000		3.67967		-0.33116
	3040.00000000		3.61363		-0.29985
	3045.00000000		3.34230		-0.33892
	3050.00000000		3.16270		-0.46298
	3055.00000000		3.25284		-0.56210
	3060.00000000		2.91903		-0.48826
	3065.00000000		2.58219		-0.33699
	3070.00000000		2.16857		-0.32688
	3075.00000000		2.14910		-0.44584
	3080.00000000		2.37002		-0.43384
	3085.00000000		2.03415		-0.29445
	3090.00000000		2.15259		-0.20248
	3095.00000000		2.17494		-0.33413
	3100.00000000		2.05027		-0.53616
	3105.00000000		2.17813		-0.55597
	3110.00000000		2.01075		-0.53095
	3115.00000000		2.13672		-0.60943
	3120.00000000		2.03611		-0.82181
	3125.00000000		2.11311		-0.93437
	3130.00000000		2.05739		-0.88771
	3135.00000000		2.04986		-0.80220
	3140.00000000		2.09651		-0.87059
	3145.00000000		2.05338		-0.94612
	3150.00000000		2.11503		-0.90254
	3155.00000000		2.05581		-0.75978
	3160.00000000		2.06719		-0.73330
	3165.00000000		2.09502		-0.80966
	3170.00000000		2.07197		-0.90120
	3175.00000000		2.07259		-0.95356
	3180.00000000		2.05639		-0.97512
	3185.00000000		2.05635		-1.06664
	3190.00000000		2.06681		-1.14266
	3195.00000000		2.07113		-1.04960
	3200.00000000		2.06301		-0.86791
	3205.00000000		2.07022		-0.75068
	3210.00000000		2.03858		-0.73858
	3215.00000000		2.07780		-0.77637
	3220.00000000		2.02353		-0.68962
	3225.00000000		2.09427		-0.55813
	3230.00000000		2.04883		-0.48014
	3235.00000000		2.07987		-0.49450
	3240.00000000		2.05256		-0.58500
	3245.00000000		2.07545		-0.56199
	3250.00000000		2.06431		-0.37921
	3255.00000000		2.06002		-0.20969
	3260.00000000		2.05480		-0.34303
	3265.00000000		2.07472		-0.58618
	3270.00000000		2.05139		-0.59802
	3275.00000000		2.05205		-0.45149
	3280.00000000		2.10598		-0.35457
	3285.00000000		2.00412		-0.46541
	3290.00000000		2.15523		-0.59587
	3295.00000000		2.02195		-0.68364
	3300.00000000		2.07171		-0.67187
	3305.00000000		2.07412		-0.68739
	3310.00000000		2.04282		-0.76619
	3315.00000000		2.13346		-0.80144
	3320.00000000		1.99493		-0.74074
	3325.00000000		2.18241		-0.69384
	3330.00000000		2.00309		-0.77527
	3335.00000000		2.09362		-0.89155
	3340.00000000		2.08472		-0.87522
	3345.00000000		2.02880		-0.80711
	3350.00000000		2.13153		-0.82760
	3355.00000000		2.03696		-0.90952
	3360.00000000		2.10950		-1.01400
	3365.00000000		2.15098		-0.99864
	3370.00000000		2.00829		-0.86731
	3375.00000000		2.13010		-0.79978
	3380.00000000		2.04532		-0.76840
	3385.00000000		2.08015		-0.76982
	3390.00000000		2.11383		-0.68031
	3395.00000000		2.04381		-0.62605
	3400.00000000		2.14479		-0.70053
	3405.00000000		2.09792		-0.78446
	3410.00000000		2.02385		-0.74773
	3415.00000000		2.11029		-0.64991
	3420.00000000		2.02396		-0.59150
	3425.00000000		2.12492		-0.56466
	3430.00000000		2.10336		-0.55188
	3435.00000000		2.03846		-0.45877
	3440.00000000		2.09445		-0.31772
	3445.00000000		2.05017		-0.24550
	3450.00000000		2.08758		-0.26689
	3455.00000000		2.08292		-0.29997
	3460.00000000		2.07902		-0.28799
	3465.00000000		2.10451		-0.28500
	3470.00000000		2.03567		-0.31862
	3475.00000000		2.17222		-0.41448
	3480.00000000		1.99468		-0.47074
	3485.00000000		2.07747		-0.55663
	3490.00000000		2.10844		-0.60242
	3495.00000000		2.01149		-0.67962
	3500.00000000		2.14222		-0.65727
	3505.00000000		2.04443		-0.66291
	3510.00000000		2.08002		-0.74785
	3515.00000000		2.07034		-0.94092
	3520.00000000		2.05360		-1.14241
	3525.00000000		2.08471		-1.17923
	3530.00000000		2.03098		-0.99451
	3535.00000000		2.11739		-0.90285
	3540.00000000		2.04247		-1.04924
	3545.00000000		2.09587		-1.20820
	3550.00000000		2.05701		-1.14238
	3555.00000000		2.04349		-1.02976
	3560.00000000		2.07836		-1.09127
	3565.00000000		2.07376		-1.23873
	3570.00000000		2.08507		-1.21915
	3575.00000000		2.07252		-1.11243
	3580.00000000		2.04460		-0.98324
	3585.00000000		2.06250		-1.00895
	3590.00000000		2.08096		-1.10454
	3595.00000000		2.05126		-1.19125
	3600.00000000		2.07563		-1.18309
	3605.00000000		2.02261		-1.16435
	3610.00000000		2.10508		-1.29448
	3615.00000000		2.08871		-1.42355
	3620.00000000		2.07002		-1.44924
	3625.00000000		2.12789		-1.43417
	3630.00000000		2.03561		-1.40645
	3635.00000000		2.13114		-1.38318
	3640.00000000		2.01288		-1.28311
	3645.00000000		2.17426		-1.18300
	3650.00000000		2.09751		-1.11793
	3655.00000000		1.99631		-1.09571
	3660.00000000		2.18228		-1.12634
	3665.00000000		2.03341		-1.13443
	3670.00000000		2.06014		-1.14458
	3675.00000000		2.10388		-1.19812
	3680.00000000		1.99642		-1.30615
	3685.00000000		2.22476		-1.33765
	3690.00000000		1.93858		-1.24079
	3695.00000000		2.19766		-1.19329
	3700.00000000		2.12470		-1.23838
	3705.00000000		2.00117		-1.25715
	3710.00000000		2.30766		-1.14021
	3715.00000000		2.05143		-0.85976
	3720.00000000		2.03361		-0.79166
	3725.00000000		2.13451		-0.96129
	3730.00000000		2.03502		-1.13879
	3735.00000000		2.09165		-1.17087
	3740.00000000		2.09071		-1.12011
	3745.00000000		2.01872		-1.07236
	3750.00000000		2.08981		-1.08004
	3755.00000000		2.15921		-1.10852
	3760.00000000		2.02699		-1.09415
	3765.00000000		2.10348		-1.06066
	3770.00000000		2.08658		-1.05747
	3775.00000000		1.99573		-1.10872
	3780.00000000		2.14152		-1.21481
	3785.00000000		2.03096		-1.24521
	3790.00000000		2.07192		-1.24637
	3795.00000000		2.25297		-1.25757
	3800.00000000		1.89524		-1.27930
	3805.00000000		2.21766		-1.26783
	3810.00000000		2.19773		-1.17330
	3815.00000000		1.92951		-0.94084
	3820.00000000		2.21867		-0.81476
	3825.00000000		2.08802		-0.86586
	3830.00000000		2.01739		-0.92815
	3835.00000000		2.25352		-0.86266
	3840.00000000		2.12607		-0.65841
	3845.00000000		1.99722		-0.58013
	3850.00000000		2.19955		-0.70947
	3855.00000000		2.10007		-0.86378
	3860.00000000		1.97758		-0.78951
	3865.00000000		2.19613		-0.56369
	3870.00000000		2.03555		-0.43171
	3875.00000000		2.07340		-0.42271
	3880.00000000		2.23425		-0.55384
	3885.00000000		1.97017		-0.72160
	3890.00000000		2.10979		-0.88192
	3895.00000000		2.18302		-0.86789
	3900.00000000		1.95974		-0.70508
	3905.00000000		2.13260		-0.55977
	3910.00000000		2.15983		-0.54062
	3915.00000000		1.99190		-0.61705
	3920.00000000		2.14144		-0.69610
	3925.00000000		2.12882		-0.73318
	3930.00000000		1.93045		-0.76818
	3935.00000000		2.14192		-0.80820
	3940.00000000		2.13272		-0.82840
	3945.00000000		1.96904		-0.84642
	3950.00000000		2.17280		-0.92534
	3955.00000000		2.19999		-0.92904
	3960.00000000		1.97863		-0.88064
	3965.00000000		2.13190		-0.81883
	3970.00000000		2.09072		-0.81736
	3975.00000000		1.99757		-0.86972
	3980.00000000		2.13237		-0.85364
	3985.00000000		2.12761		-0.76847
	3990.00000000		2.03480		-0.60816
	3995.00000000		2.06969		-0.54251
	4000.00000000		2.16927		-0.60970
	4005.00000000		2.03837		-0.75049
	4010.00000000		2.02858		-0.77996
	4015.00000000		2.11499		-0.70257
	4020.00000000		2.08396		-0.61178
	4025.00000000		2.08777		-0.46101
	4030.00000000		2.12728		-0.36316
	4035.00000000		2.01640		-0.37818
	4040.00000000		2.09460		-0.46717
	4045.00000000		2.06828		-0.41204
	4050.00000000		2.00321		-0.23104
	4055.00000000		2.16623		-0.17007
	4060.00000000		1.96518		-0.23416
	4065.00000000		2.21729		-0.27717
	4070.00000000		1.98979		-0.29136
	4075.00000000		2.12227		-0.25304
	4080.00000000		2.10009		-0.19022
	4085.00000000		2.02902		-0.09172
	4090.00000000		2.16591		-0.06806
	4095.00000000		1.94179		-0.18447
	4100.00000000		2.32573		-0.32275
	4105.00000000		1.95987		-0.36874
	4110.00000000		2.13182		-0.29858
	4115.00000000		2.20647		-0.24627
	4120.00000000		1.91961		-0.26315
	4125.00000000		2.36146		-0.35509
	4130.00000000		1.96018		-0.47484
	4135.00000000		2.07980		-0.62617
	4140.00000000		2.28348		-0.64030
	4145.00000000		1.95302		-0.64166
	4150.00000000		2.08883		-0.52929
	4155.00000000		2.29033		-0.42349
	4160.00000000		1.90099		-0.32949
	4165.00000000		2.27115		-0.36294
	4170.00000000		2.15965		-0.43752
	4175.00000000		1.92196		-0.43205
	4180.00000000		2.30177		-0.28848
	4185.00000000		2.00074		-0.09941
	4190.00000000		2.13825		-0.06142
	4195.00000000		2.16759		-0.14825
	4200.00000000		2.00474		-0.21657
	4205.00000000		2.13625		-0.18813
	4210.00000000		2.06170		-0.15446
	4215.00000000		2.04793		-0.19975
	4220.00000000		2.13858		-0.28555
	4225.00000000		2.02243		-0.37720
	4230.00000000		2.05037		-0.42772
	4235.00000000		2.15718		-0.45427
	4240.00000000		2.05063		-0.42739
	4245.00000000		2.06383		-0.27982
	4250.00000000		2.14797		-0.09570
	4255.00000000		2.00016		0.00092
	4260.00000000		2.13300		-0.01209
	4265.00000000		2.08779		-0.14139
	4270.00000000		2.02308		-0.28944
	4275.00000000		2.16271		-0.29420
	4280.00000000		2.01674		-0.16793
	4285.00000000		2.10783		-0.05876
	4290.00000000		2.15099		-0.14506
	4295.00000000		2.01452		-0.32961
	4300.00000000		2.11023		-0.37869
	4305.00000000		2.15223		-0.24938
	4310.00000000		2.06426		-0.09846
	4315.00000000		2.03557		-0.11676
	4320.00000000		2.20058		-0.11228
	4325.00000000		2.02795		-0.00571
	4330.00000000		2.13131		0.10306
	4335.00000000		2.04360		0.09544
	4340.00000000		2.07436		-0.04058
	4345.00000000		2.11100		-0.10496
	4350.00000000		2.01720		-0.06220
	4355.00000000		2.13586		0.12700
	4360.00000000		2.03820		0.27865
	4365.00000000		2.08902		0.15807
	4370.00000000		2.16532		-0.01917
	4375.00000000		1.96389		-0.07657
	4380.00000000		2.17063		0.06351
	4385.00000000		2.04937		0.14839
	4390.00000000		2.07370		0.17554
	4395.00000000		2.11439		0.12519
	4400.00000000		1.96120		0.14072
	4405.00000000		2.11882		0.19209
	4410.00000000		1.99177		0.24394
	4415.00000000		2.14442		0.31681
	4420.00000000		2.02897		0.19476
	4425.00000000		2.08138		0.06915
	4430.00000000		2.06638		0.06972
	4435.00000000		2.04297		0.15820
	4440.00000000		2.10275		0.16578
	4445.00000000		2.03708		0.18113
	4450.00000000		2.13633		0.10922
	4455.00000000		2.01596		0.05405
	4460.00000000		2.06124		0.13138
	4465.00000000		2.16919		0.23023
	4470.00000000		1.97266		0.31405
	4475.00000000		2.18319		0.23582
	4480.00000000		2.00797		0.24588
	4485.00000000		2.08190		0.32110
	4490.00000000		2.07806		0.40260
	4495.00000000		2.04840		0.48470
	4500.00000000		2.10001		0.48317
	4505.00000000		2.03677		0.44256
	4510.00000000		2.16799		0.41540
	4515.00000000		1.95200		0.41498
	4520.00000000		2.16488		0.35660
	4525.00000000		1.98631		0.29382
	4530.00000000		2.10832		0.22413
	4535.00000000		2.12938		0.22413
	4540.00000000		1.97563		0.29001
	4545.00000000		2.20182		0.42830
	4550.00000000		1.93712		0.45477
	4555.00000000		2.17772		0.42125
	4560.00000000		1.97001		0.44064
	4565.00000000		2.12418		0.53051
	4570.00000000		2.04585		0.59163
	4575.00000000		2.06065		0.53466
	4580.00000000		2.04578		0.53771
	4585.00000000		2.05171		0.59396
	4590.00000000		2.06997		0.69398
	4595.00000000		2.00516		0.63105
	4600.00000000		2.12770		0.63094
	4605.00000000		1.97808		0.80453
	4610.00000000		2.15909		0.99600
	4615.00000000		1.97467		1.05185
	4620.00000000		2.13995		1.07352
	4625.00000000		2.04097		1.12869
	4630.00000000		2.09294		1.19468
	4635.00000000		2.04778		1.18280
	4640.00000000		2.05714		1.05017
	4645.00000000		2.10529		1.04489
	4650.00000000		2.02026		1.15423
	4655.00000000		2.14326		1.27226
	4660.00000000		1.99527		1.26036
	4665.00000000		2.10719		1.15091
	4670.00000000		2.02052		1.04750
	4675.00000000		2.10110		0.98621
	4680.00000000		2.03835		1.06570
	4685.00000000		2.11436		1.27966
	4690.00000000		2.08408		1.53951
	4695.00000000		2.04512		1.52709
	4700.00000000		2.08139		1.42353
	4705.00000000		2.04838		1.38125
	4710.00000000		2.08156		1.47425
	4715.00000000		2.05272		1.55181
	4720.00000000		2.09488		1.49983
	4725.00000000		2.04154		1.35624
	4730.00000000		2.09161		1.30529
	4735.00000000		2.01093		1.38209
	4740.00000000		2.17205		1.46208
	4745.00000000		1.95094		1.44168
	4750.00000000		2.17304		1.41559
	4755.00000000		2.05004		1.41556
	4760.00000000		2.07819		1.40262
	4765.00000000		2.16725		1.37116
	4770.00000000		1.90627		1.35966
	4775.00000000		2.16737		1.42315
	4780.00000000		2.05549		1.53368
	4785.00000000		2.05951		1.56483
	4790.00000000		2.12627		1.42328
	4795.00000000		2.04593		1.23779
	4800.00000000		2.11056		1.16782
	4805.00000000		2.03257		1.14628
	4810.00000000		2.08021		1.15939
	4815.00000000		2.04667		1.10629
	4820.00000000		2.06771		1.05716
	4825.00000000		2.16485		1.02067
	4830.00000000		1.96068		0.96355
	4835.00000000		2.17995		0.81208
	4840.00000000		2.03141		0.75924
	4845.00000000		2.11780		0.90046
	4850.00000000		2.10203		0.97736
	4855.00000000		2.01606		0.86262
	4860.00000000		2.12805		0.66027
	4865.00000000		1.96275		0.62990
	4870.00000000		2.12497		0.65249
	4875.00000000		2.02583		0.80950
	4880.00000000		2.10210		0.89259
	4885.00000000		2.07124		0.87453
	4890.00000000		2.05248		0.67539
	4895.00000000		2.14856		0.64663
	4900.00000000		1.97720		0.80102
	4905.00000000		2.21612		0.90843
	4910.00000000		1.92320		0.82982
	4915.00000000		2.20787		0.82632
	4920.00000000		1.98694		0.91215
	4925.00000000		2.11439		0.87847
	4930.00000000		2.09947		0.76303
	4935.00000000		1.99301		0.65336
	4940.00000000		2.16670		0.68912
	4945.00000000		1.93002		0.76929
	4950.00000000		2.18592		0.78945
	4955.00000000		1.97398		0.70245
	4960.00000000		2.16288		0.55065
	4965.00000000		2.12780		0.52246
	4970.00000000		1.97843		0.68717
	4975.00000000		2.31965		0.71228
	4980.00000000		1.89848		0.59981
	4985.00000000		2.23123		0.51710
	4990.00000000		2.13711		0.50383
	4995.00000000		1.95823		0.55456
	5000.00000000		2.18015		0.58036
	5005.00000000		1.95800		0.68776
	5010.00000000		2.17893		0.86475
	5015.00000000		2.06587		0.99705
	5020.00000000		2.02645		0.92438
	5025.00000000		2.19814		0.77793
	5030.00000000		1.91894		0.74026
	5035.00000000		2.16299		0.85314
	5040.00000000		2.03391		0.95646
	5045.00000000		2.06356		0.95349
	5050.00000000		2.13536		0.85830
	5055.00000000		1.97164		0.77228
	5060.00000000		2.14699		0.80013
	5065.00000000		1.96515		0.79681
	5070.00000000		2.09666		0.69615
	5075.00000000		2.08381		0.54212
	5080.00000000		1.98584		0.51591
	5085.00000000		2.20926		0.70045
	5090.00000000		1.93033		0.83356
	5095.00000000		2.12934		0.78494
	5100.00000000		2.10828		0.57693
	5105.00000000		1.98212		0.49979
	5110.00000000		2.14778		0.62447
	5115.00000000		1.97684		0.71339
	5120.00000000		2.10437		0.64194
	5125.00000000		2.20277		0.44189
	5130.00000000		1.95137		0.33207
	5135.00000000		2.22093		0.40209
	5140.00000000		2.03130		0.46700
	5145.00000000		2.07898		0.46804
	5150.00000000		2.23045		0.46280
	5155.00000000		1.93476		0.47140
	5160.00000000		2.13292		0.47729
	5165.00000000		2.08197		0.35527
	5170.00000000		1.99394		0.27201
	5175.00000000		2.14400		0.39267
	5180.00000000		2.03848		0.64058
	5185.00000000		2.04339		0.76008
	5190.00000000		2.10817		0.63734
	5195.00000000		2.01349		0.37151
	5200.00000000		2.10735		0.31417
	5205.00000000		2.05920		0.48237
	5210.00000000		2.01757		0.64827
	5215.00000000		2.06485		0.66094
	5220.00000000		2.03861		0.50969
	5225.00000000		2.10189		0.38755
	5230.00000000		2.05187		0.31112
	5235.00000000		2.00067		0.32514
	5240.00000000		2.11323		0.35389
	5245.00000000		2.02240		0.43491
	5250.00000000		2.06707		0.52900
	5255.00000000		2.14667		0.57840
	5260.00000000		1.94755		0.50855
	5265.00000000		2.22224		0.39551
	5270.00000000		2.11807		0.37001
	5275.00000000		1.96589		0.44854
	5280.00000000		2.18195		0.51153
	5285.00000000		1.92906		0.50134
	5290.00000000		2.16050		0.48535
	5295.00000000		2.17177		0.52839
	5300.00000000		1.94315		0.68939
	5305.00000000		2.14217		0.78408
	5310.00000000		1.96834		0.74230
	5315.00000000		2.07248		0.65769
	5320.00000000		2.07262		0.76542
	5325.00000000		2.02520		1.00157
	5330.00000000		2.08243		1.02982
	5335.00000000		2.03653		0.91827
	5340.00000000		2.07818		0.86002
	5345.00000000		2.01038		0.95504
	5350.00000000		2.06379		1.03876
	5355.00000000		2.07513		0.94840
	5360.00000000		1.98846		0.77879
	5365.00000000		2.11698		0.80294
	5370.00000000		2.02111		0.96956
	5375.00000000		2.08589		1.08706
	5380.00000000		2.18688		0.99175
	5385.00000000		1.96853		0.72764
	5390.00000000		2.10268		0.61172
	5395.00000000		2.05819		0.70913
	5400.00000000		1.97928		0.88721
	5405.00000000		2.17802		0.95130
	5410.00000000		2.05262		0.87943
	5415.00000000		2.02114		0.79678
	5420.00000000		2.12968		0.78721
	5425.00000000		1.99766		0.91016
	5430.00000000		2.08763		1.03865
	5435.00000000		2.26272		1.01523
	5440.00000000		1.99699		0.96901
	5445.00000000		2.09481		0.89543
	5450.00000000		2.19294		0.82728
	5455.00000000		1.89574		0.75474
	5460.00000000		2.17293		0.70566
	5465.00000000		2.14140		0.80901
	5470.00000000		1.98922		0.96156
	5475.00000000		2.08417		1.10285
	5480.00000000		2.10530		1.19705
	5485.00000000		2.04404		1.18918
	5490.00000000		2.13038		1.19445
	5495.00000000		2.09820		1.25577
	5500.00000000		1.98346		1.34421
	5505.00000000		2.20732		1.31643
	5510.00000000		2.08943		1.22887
	5515.00000000		2.03424		1.25667
	5520.00000000		2.18187		1.34497
	5525.00000000		1.95415		1.30337
	5530.00000000		2.12498		1.09500
	5535.00000000		2.18962		1.01365
	5540.00000000		1.96189		1.18358
	5545.00000000		2.15650		1.42165
	5550.00000000		2.06368		1.40344
	5555.00000000		2.05725		1.24410
	5560.00000000		2.10808		1.11047
	5565.00000000		1.96656		1.05091
	5570.00000000		2.10310		1.19784
	5575.00000000		2.09482		1.28148
	5580.00000000		2.01059		1.26763
	5585.00000000		2.20501		1.13507
	5590.00000000		2.06592		1.05520
	5595.00000000		1.99920		0.95708
	5600.00000000		2.20288		0.89884
	5605.00000000		2.05144		0.93697
	5610.00000000		1.97891		1.04083
	5615.00000000		2.22671		1.04329
	5620.00000000		2.10835		0.96705
	5625.00000000		1.94545		0.88294
	5630.00000000		2.20633		0.86301
	5635.00000000		2.10253		0.90850
	5640.00000000		1.97165		0.89272
	5645.00000000		2.20184		0.85262
	5650.00000000		2.27614		0.83015
	5655.00000000		1.95319		0.83880
	5660.00000000		2.11025		0.79073
	5665.00000000		2.20803		0.73199
	5670.00000000		1.93590		0.61096
	5675.00000000		2.12521		0.52112
	5680.00000000		2.16914		0.50454
	5685.00000000		1.93986		0.58049
	5690.00000000		2.12862		0.56360
	5695.00000000		2.11590		0.50642
	5700.00000000		1.95998		0.49142
	5705.00000000		2.19395		0.50963
	5710.00000000		2.01594		0.53923
	5715.00000000		2.01135		0.47211
	5720.00000000		2.19649		0.53836
	5725.00000000		2.02663		0.65213
	5730.00000000		2.03386		0.81489
	5735.00000000		2.13578		0.78982
	5740.00000000		2.03529		0.58875
	5745.00000000		2.03302		0.39793
	5750.00000000		2.15250		0.49666
	5755.00000000		2.06982		0.84541
	5760.00000000		1.99322		0.98241
	5765.00000000		2.11100		0.87341
	5770.00000000		2.18962		0.58835
	5775.00000000		2.05251		0.33297
	5780.00000000		2.03463		0.21108
	5785.00000000		2.12855		0.22096
	5790.00000000		1.98722		0.21797
	5795.00000000		2.09737		0.21339
	5800.00000000		2.19893		0.32940
	5805.00000000		2.00421		0.45252
	5810.00000000		2.04237		0.57459
	5815.00000000		2.15947		0.57150
	5820.00000000		2.04980		0.64264
	5825.00000000		2.01619		0.75146
	5830.00000000		2.15232		0.82408
	5835.00000000		2.07614		0.73343
	5840.00000000		2.01584		0.59469
	5845.00000000		2.10521		0.58984
	5850.00000000		2.06449		0.72076
	5855.00000000		1.99606		0.86903
	5860.00000000		2.11007		0.86099
	5865.00000000		2.20245		0.82699
	5870.00000000		2.10186		0.79363
	5875.00000000		1.94889		0.76630
	5880.00000000		2.17048		0.66708
	5885.00000000		2.19529		0.56892
	5890.00000000		1.96637		0.49873
	5895.00000000		2.11445		0.55032
	5900.00000000		2.27260		0.67516
	5905.00000000		2.13537		0.79292
	5910.00000000		1.96166		0.81427
	5915.00000000		2.12969		0.68647
	5920.00000000		2.25622		0.61426
	5925.00000000		2.08177		0.55001
	5930.00000000		1.90915		0.53373
	5935.00000000		2.20151		0.59214
	5940.00000000		2.21571		0.72091
	5945.00000000		1.94810		0.82927
	5950.00000000		2.08399		0.82023
	5955.00000000		2.36408		0.72235
	5960.00000000		2.11203		0.64973
	5965.00000000		1.88445		0.71479
	5970.00000000		2.32733		0.88890
	5975.00000000		2.27077		0.99455
	5980.00000000		1.91839		0.99553
	5985.00000000		2.13358		0.99467
	5990.00000000		2.19526		1.00146
	5995.00000000		2.07032		1.04339
	6000.00000000		1.95811		1.02493
	6005.00000000		2.13320		1.00313
	6010.00000000		2.23836		0.97374
	6015.00000000		1.99244		1.03076
	6020.00000000		2.03715		1.13674
	6025.00000000		2.24088		1.13090
	6030.00000000		2.07374		1.02741
	6035.00000000		1.92388		0.83667
	6040.00000000		2.10120		0.79671
	6045.00000000		2.18669		0.88504
	6050.00000000		2.06115		1.04955
	6055.00000000		1.99825		1.15432
	6060.00000000		2.22860		1.23428
	6065.00000000		2.13402		1.26624
	6070.00000000		1.95624		1.17385
	6075.00000000		2.18570		1.05018
	6080.00000000		2.23152		0.99002
	6085.00000000		2.08211		1.01102
	6090.00000000		1.94219		1.03332
	6095.00000000		2.09923		1.01732
	6100.00000000		2.25998		0.87554
	6105.00000000		2.22787		0.67539
	6110.00000000		1.99955		0.46330
	6115.00000000		2.05500		0.29268
	6120.00000000		2.26383		0.31147
	6125.00000000		2.00800		0.46353
	6130.00000000		2.00675		0.71050
	6135.00000000		2.31819		0.78571
	6140.00000000		2.27085		0.76306
	6145.00000000		1.88092		0.68184
	6150.00000000		2.16669		0.69638
	6155.00000000		2.29526		0.72161
	6160.00000000		1.98704		0.70615
	6165.00000000		1.98052		0.62730
	6170.00000000		2.22638		0.55668
	6175.00000000		2.25187		0.46673
	6180.00000000		1.96917		0.27880
	6185.00000000		2.09524		0.08037
	6190.00000000		2.17046		0.06303
	6195.00000000		1.88879		0.23997
	6200.00000000		2.25085		0.39773
	6205.00000000		2.20266		0.45453
	6210.00000000		1.88708		0.45277
	6215.00000000		2.23282		0.36708
	6220.00000000		2.09619		0.28271
	6225.00000000		1.97183		0.20433
	6230.00000000		2.29776		0.33382
	6235.00000000		2.08961		0.55094
	6240.00000000		1.91057		0.66825
	6245.00000000		2.16422		0.51935
	6250.00000000		2.22948		0.25626
	6255.00000000		1.99344		0.03578
	6260.00000000		2.08185		0.09913
	6265.00000000		2.14826		0.20455
	6270.00000000		1.94960		0.20946
	6275.00000000		2.11748		0.20809
	6280.00000000		2.17718		0.21159
	6285.00000000		1.95596		0.22917
	6290.00000000		2.07165		0.16185
	6295.00000000		2.18694		0.14315
	6300.00000000		1.95791		0.10211
	6305.00000000		2.14587		0.14544
	6310.00000000		2.15189		0.13194
	6315.00000000		1.95495		0.05852
	6320.00000000		2.20685		0.02183
	6325.00000000		2.15933		0.14841
	6330.00000000		1.97006		0.26690
	6335.00000000		2.11150		0.21001
	6340.00000000		2.15987		0.05901
	6345.00000000		2.04291		-0.03500
	6350.00000000		2.06315		0.06932
	6355.00000000		2.12705		0.08690
	6360.00000000		2.01846		0.06024
	6365.00000000		2.15793		0.02368
	6370.00000000		2.16900		0.07747
	6375.00000000		1.93153		0.07380
	6380.00000000		2.14726		-0.05825
	6385.00000000		2.14756		-0.11511
	6390.00000000		1.97495		-0.02313
	6395.00000000		2.17508		0.07476
	6400.00000000		2.20085		0.02574
	6405.00000000		2.00839		-0.04106
	6410.00000000		2.16904		0.00714
	6415.00000000		2.19629		0.17090
	6420.00000000		1.94924		0.27511
	6425.00000000		2.14068		0.28848
	6430.00000000		2.20774		0.20051
	6435.00000000		2.05148		0.14446
	6440.00000000		2.06053		0.15163
	6445.00000000		2.19636		0.13672
	6450.00000000		2.13785		0.17484
	6455.00000000		2.09147		0.25183
	6460.00000000		2.06902		0.22229
	6465.00000000		2.11634		0.05668
	6470.00000000		2.13673		-0.00683
	6475.00000000		2.09526		0.05716
	6480.00000000		2.12644		0.21672
	6485.00000000		2.12241		0.19903
	6490.00000000		2.08399		0.06724
	6495.00000000		2.12574		-0.07192
	6500.00000000		2.13983		-0.01165
	6505.00000000		2.09593		0.11709
	6510.00000000		2.01722		0.19288
	6515.00000000		2.08243		0.05369
	6520.00000000		2.20560		-0.16343
	6525.00000000		2.10464		-0.27213
	6530.00000000		1.98807		-0.33014
	6535.00000000		2.08583		-0.37081
	6540.00000000		2.12238		-0.38456
	6545.00000000		2.07819		-0.30657
	6550.00000000		2.07294		-0.31843
	6555.00000000		2.07611		-0.42135
	6560.00000000		2.05821		-0.52447
	6565.00000000		2.05953		-0.54999
	6570.00000000		2.05039		-0.48868
	6575.00000000		2.04933		-0.33813
	6580.00000000		2.13895		-0.27364
	6585.00000000		2.16869		-0.37552
	6590.00000000		2.00414		-0.45538
	6595.00000000		2.05479		-0.43384
	6600.00000000		2.19106		-0.34888
	6605.00000000		2.07871		-0.37621
	6610.00000000		1.96674		-0.48225
	6615.00000000		2.15218		-0.54133
	6620.00000000		2.10523		-0.46902
	6625.00000000		2.00045		-0.37096
	6630.00000000		2.08909		-0.39814
	6635.00000000		2.22814		-0.64520
	6640.00000000		2.12961		-0.94278
	6645.00000000		1.98952		-1.10402
	6650.00000000		2.08431		-1.05345
	6655.00000000		2.10341		-0.95758
	6660.00000000		2.06230		-0.90157
	6665.00000000		2.09572		-0.90101
	6670.00000000		2.21241		-0.97048
	6675.00000000		2.03373		-1.06037
	6680.00000000		2.06075		-1.19656
	6685.00000000		2.22742		-1.31631
	6690.00000000		1.97390		-1.37804
	6695.00000000		2.14861		-1.37152
	6700.00000000		2.09928		-1.34726
	6705.00000000		2.02392		-1.28087
	6710.00000000		2.18518		-1.30530
	6715.00000000		2.02215		-1.42213
	6720.00000000		2.11807		-1.53148
	6725.00000000		2.08501		-1.56785
	6730.00000000		2.02314		-1.52289
	6735.00000000		2.20827		-1.41994
	6740.00000000		1.93519		-1.29721
	6745.00000000		2.16907		-1.22040
	6750.00000000		2.12825		-1.23901
	6755.00000000		1.93338		-1.35258
	6760.00000000		2.21439		-1.47847
	6765.00000000		1.93289		-1.54105
	6770.00000000		2.22962		-1.58732
	6775.00000000		1.99049		-1.62151
	6780.00000000		2.11264		-1.67546
	6785.00000000		2.17352		-1.62097
	6790.00000000		1.93691		-1.58042
	6795.00000000		2.17488		-1.62997
	6800.00000000		1.98840		-1.70755
	6805.00000000		2.16005		-1.89624
	6810.00000000		1.98071		-1.97853
	6815.00000000		2.11634		-1.95155
	6820.00000000		2.06076		-1.93522
	6825.00000000		2.07848		-1.94652
	6830.00000000		2.14006		-1.90398
	6835.00000000		1.99545		-1.87182
	6840.00000000		2.14751		-1.91429
	6845.00000000		2.02556		-2.02707
	6850.00000000		2.10983		-2.06817
	6855.00000000		2.02937		-2.02677
	6860.00000000		2.10999		-2.02293
	6865.00000000		2.06899		-2.00377
	6870.00000000		2.05153		-1.89373
	6875.00000000		2.18276		-1.74544
	6880.00000000		1.94015		-1.62114
	6885.00000000		2.24813		-1.66532
	6890.00000000		1.98604		-1.80347
	6895.00000000		2.13836		-1.87063
	6900.00000000		2.10621		-1.84841
	6905.00000000		2.04003		-1.80197
	6910.00000000		2.13806		-1.76123
	6915.00000000		2.01463		-1.73256
	6920.00000000		2.11753		-1.72046
	6925.00000000		1.96412		-1.71998
	6930.00000000		2.18614		-1.76836
	6935.00000000		1.92446		-1.77507
	6940.00000000		2.17914		-1.65013
	6945.00000000		2.15084		-1.55926
	6950.00000000		1.92392		-1.52289
	6955.00000000		2.15787		-1.53117
	6960.00000000		2.00051		-1.53067
	6965.00000000		2.11814		-1.58123
	6970.00000000		2.04043		-1.67767
	6975.00000000		2.05059		-1.81970
	6980.00000000		2.14040		-1.92266
	6985.00000000		2.00509		-1.94632
	6990.00000000		2.14199		-1.93500
	6995.00000000		1.98975		-1.96653
	7000.00000000		2.20150		-2.03861
	7005.00000000		1.91480		-2.02251
	7010.00000000		2.23272		-1.93489
	7015.00000000		2.01506		-1.92631
	7020.00000000		2.07453		-2.02840
	7025.00000000		2.15313		-2.15561
	7030.00000000		1.98296		-2.18389
	7035.00000000		2.18322		-2.14561
	7040.00000000		1.98179		-2.16094
	7045.00000000		2.14250		-2.28645
	7050.00000000		2.02444		-2.40410
	7055.00000000		2.10701		-2.47423
	7060.00000000		2.06593		-2.46851
	7065.00000000		2.08477		-2.44986
	7070.00000000		2.14071		-2.45216
	7075.00000000		1.99449		-2.44790
	7080.00000000		2.14370		-2.52823
	7085.00000000		2.00064		-2.64241
	7090.00000000		2.13503		-2.75088
	7095.00000000		2.07076		-2.72759
	7100.00000000		2.07994		-2.64211
	7105.00000000		2.07776		-2.63968
	7110.00000000		2.06047		-2.75644
	7115.00000000		2.10318		-2.78342
	7120.00000000		2.04104		-2.73673
	7125.00000000		2.10601		-2.73834
	7130.00000000		2.04617		-2.78514
	7135.00000000		2.09575		-2.94127
	7140.00000000		2.05293		-3.07792
	7145.00000000		2.05715		-3.05631
	7150.00000000		2.08073		-2.98389
	7155.00000000		2.08479		-3.03236
	7160.00000000		2.05353		3.13373
	7165.00000000		2.11371		3.07602
	7170.00000000		2.03717		3.05673
	7175.00000000		2.13841		3.08570
	7180.00000000		1.94825		2.97958
	7185.00000000		2.17991		2.92226
	7190.00000000		2.00130		2.94414
	7195.00000000		2.12073		2.99417
	7200.00000000		2.10169		2.96316
	7205.00000000		2.03393		2.85228
	7210.00000000		2.21110		2.73515
	7215.00000000		1.94150		2.69532
	7220.00000000		2.25235		2.86326
	7225.00000000		2.01432		-3.13699
	7230.00000000		2.13628		-2.99426
	7235.00000000		2.11719		-3.10638
	7240.00000000		2.02965		3.00924
	7245.00000000		2.15271		2.93873
	7250.00000000		1.99348		2.93812
	7255.00000000		2.12180		2.85439
	7260.00000000		2.05772		2.73625
	7265.00000000		2.09137		2.80103
	7270.00000000		2.07695		2.98426
	7275.00000000		2.05974		3.09640
	7280.00000000		2.06981		3.06384
	7285.00000000		2.03679		2.95597
	7290.00000000		2.13571		2.87384
	7295.00000000		1.96819		2.89727
	7300.00000000		2.16955		3.06730
	7305.00000000		2.10262		-3.08016
	7310.00000000		2.04178		-3.10844
	7315.00000000		2.18879		3.06289
	7320.00000000		1.97076		2.98361
	7325.00000000		2.12685		3.02701
	7330.00000000		2.03695		3.12110
	7335.00000000		2.04613		3.13503
	7340.00000000		2.15947		3.09815
	7345.00000000		1.99043		3.11592
	7350.00000000		2.18650		-3.05900
	7355.00000000		2.02978		-3.02187
	7360.00000000		2.05988		-3.13239
	7365.00000000		2.15039		3.02093
	7370.00000000		2.00674		3.05206
	7375.00000000		2.14870		-3.07733
	7380.00000000		2.03170		-2.92691
	7385.00000000		2.05492		-2.90302
	7390.00000000		2.21912		-2.91730
	7395.00000000		1.98839		-2.87943
	7400.00000000		2.15231		-2.84921
	7405.00000000		2.08906		-2.90519
	7410.00000000		2.04126		-3.12795
	7415.00000000		2.12038		2.96505
	7420.00000000		1.98872		2.86120
	7425.00000000		2.11008		2.87990
	7430.00000000		2.00777		2.88315
	7435.00000000		2.07630		2.82275
	7440.00000000		2.07660		2.70595
	7445.00000000		2.02605		2.62778
	7450.00000000		2.11138		2.67021
	7455.00000000		2.01292		2.72979
	7460.00000000		2.09597		2.70993
	7465.00000000		1.99853		2.64982
	7470.00000000		2.13902		2.72956
	7475.00000000		1.97192		2.83468
	7480.00000000		2.11359		2.87534
	7485.00000000		2.01656		2.80024
	7490.00000000		2.08719		2.67127
	7495.00000000		2.06205		2.57514
	7500.00000000		2.03689		2.54290
	7505.00000000		2.11033		2.50669
	7510.00000000		1.98375		2.49673
	7515.00000000		2.13101		2.44200
	7520.00000000		1.99070		2.40888
	7525.00000000		2.08909		2.45147
	7530.00000000		2.06075		2.53612
	7535.00000000		2.03148		2.66462
	7540.00000000		2.15976		2.69593
	7545.00000000		1.94800		2.57389
	7550.00000000		2.19053		2.43607
	7555.00000000		1.94637		2.36488
	7560.00000000		2.14640		2.39251
	7565.00000000		2.06524		2.38615
	7570.00000000		2.03927		2.31451
	7575.00000000		2.12873		2.24997
	7580.00000000		1.94479		2.28435
	7585.00000000		2.19836		2.36027
	7590.00000000		1.93219		2.35587
	7595.00000000		2.18162		2.28328
	7600.00000000		2.08953		2.23929
	7605.00000000		2.02936		2.27698
	7610.00000000		2.13139		2.36164
	7615.00000000		1.96180		2.46531
	7620.00000000		2.17523		2.45335
	7625.00000000		2.06289		2.43612
	7630.00000000		2.02727		2.47409
	7635.00000000		2.13779		2.59262
	7640.00000000		1.96747		2.65385
	7645.00000000		2.09194		2.66422
	7650.00000000		2.02871		2.64688
	7655.00000000		2.05412		2.68185
	7660.00000000		2.09318		2.83403
	7665.00000000		2.00774		3.04256
	7670.00000000		2.13771		-3.07249
	7675.00000000		2.06211		-3.09095
	7680.00000000		2.04272		3.08747
	7685.00000000		2.12072		3.02620
	7690.00000000		2.00462		3.02706
	7695.00000000		2.05407		3.03818
	7700.00000000		2.12814		3.00915
	7705.00000000		1.98787		3.04527
	7710.00000000		2.14512		3.13149
	7715.00000000		2.07395		-3.14110
	7720.00000000		1.97566		3.02747
	7725.00000000		2.15131		2.87206
	7730.00000000		2.00610		2.67797
	7735.00000000		2.07618		2.59868
	7740.00000000		2.07689		2.74516
	7745.00000000		1.97912		2.92463
	7750.00000000		2.13820		2.89857
	7755.00000000		2.02803		2.69542
	7760.00000000		2.06796		2.57272
	7765.00000000		2.02276		2.63808
	7770.00000000		2.04084		2.79284
	7775.00000000		2.02528		2.79889
	7780.00000000		2.03683		2.71906
	7785.00000000		2.09552		2.74480
	7790.00000000		2.02454		2.81823
	7795.00000000		2.03467		2.88948
	7800.00000000		2.06736		2.85660
	7805.00000000		1.98627		2.70633
	7810.00000000		2.11109		2.60578
	7815.00000000		2.01664		2.65174
	7820.00000000		2.03204		2.76818
	7825.00000000		2.12798		2.75578
	7830.00000000		1.99478		2.69850
	7835.00000000		2.08594		2.72021
	7840.00000000		2.02416		2.73398
	7845.00000000		2.03818		2.70081
	7850.00000000		2.13612		2.67833
	7855.00000000		2.01389		2.65895
	7860.00000000		2.07147		2.72862
	7865.00000000		2.10559		2.86209
	7870.00000000		1.97048		2.96912
	7875.00000000		2.17343		3.02253
	7880.00000000		2.15643		3.00797
	7885.00000000		1.92430		3.12051
	7890.00000000		2.20795		-3.00441
	7895.00000000		2.06981		-2.85995
	7900.00000000		2.08511		-2.78881
	7905.00000000		2.21242		-2.87407
	7910.00000000		1.97615		-3.03016
	7915.00000000		2.14060		-3.10308
	7920.00000000		2.14475		-3.02944
	7925.00000000		1.98403		-2.92624
	7930.00000000		2.12644		-2.92625
	7935.00000000		2.08031		-3.00164
	7940.00000000		2.02849		-3.00227
	7945.00000000		2.10237		-2.92247
	7950.00000000		2.05903		-2.85979
	7955.00000000		2.07948		-2.85766
	7960.00000000		2.07910		-2.90848
	7965.00000000		2.06063		-2.97440
	7970.00000000		2.01104		-3.04113
	7975.00000000		2.09217		-3.12987
	7980.00000000		2.16631		3.06214
	7985.00000000		2.01670		3.00056
	7990.00000000		2.03740		2.96332
	7995.00000000		2.10985		2.95629
	8000.00000000		1.95486		2.94645
	8005.00000000		2.12771		3.00065
	8010.00000000		2.08006		2.98922
	8015.00000000		1.96422		2.92451
	8020.00000000		2.04531		2.87650
	8025.00000000		2.05099		2.80922
	8030.00000000		2.01670		2.67999
	8035.00000000		2.07815		2.55178
	8040.00000000		2.05510		2.40579
	8045.00000000		2.01172		2.37382
	8050.00000000		2.14520		2.44547
	8055.00000000		1.98053		2.43672
	8060.00000000		2.11169		2.33498
	8065.00000000		2.09013		2.27129
	8070.00000000		1.99860		2.34369
	8075.00000000		2.19427		2.42282
	8080.00000000		2.01995		2.41536
	8085.00000000		2.04502		2.33931
	8090.00000000		2.13205		2.30643
	8095.00000000		1.95299		2.38267
	8100.00000000		2.23381		2.55151
	8105.00000000		2.09806		2.64348
	8110.00000000		1.95175		2.68220
	8115.00000000		2.27264		2.76443
	8120.00000000		2.05569		2.84436
	8125.00000000		1.99318		2.95754
	8130.00000000		2.22937		3.02373
	8135.00000000		2.09007		3.08587
	8140.00000000		1.96957		3.14130
	8145.00000000		2.26536		3.13577
	8150.00000000		2.05166		3.06661
	8155.00000000		1.97865		2.95820
	8160.00000000		2.17550		2.86126
	8165.00000000		2.05090		2.85071
	8170.00000000		1.96793		2.91471
	8175.00000000		2.11898		3.02042
	8180.00000000		2.03490		3.13780
	8185.00000000		2.04352		-3.11199
	8190.00000000		2.13136		3.05411
	8195.00000000		1.99724		2.90313
	8200.00000000		2.01246		2.75609
	8205.00000000		2.09691		2.65922
	8210.00000000		1.98729		2.53263
	8215.00000000		2.08465		2.44357
	8220.00000000		2.11390		2.50005
	8225.00000000		1.93397		2.53483
	8230.00000000		2.20911		2.45424
	8235.00000000		2.02604		2.32522
	8240.00000000		2.10265		2.25474
	8245.00000000		2.13912		2.26974
	8250.00000000		1.94390		2.34835
	8255.00000000		2.14698		2.41412
	8260.00000000		2.04583		2.50921
	8265.00000000		2.01579		2.73901
	8270.00000000		2.13276		2.87808
	8275.00000000		1.96294		2.85213
	8280.00000000		2.05359		2.69664
	8285.00000000		2.21862		2.64223
	8290.00000000		2.06380		2.72891
	8295.00000000		1.95887		2.86430
	8300.00000000		2.09454		2.87893
	8305.00000000		1.96737		2.82880
	8310.00000000		2.06221		2.81425
	8315.00000000		2.07618		2.81406
	8320.00000000		1.91175		2.80785
	8325.00000000		2.14767		2.74586
	8330.00000000		2.15527		2.65684
	8335.00000000		1.90624		2.59574
	8340.00000000		2.14427		2.59485
	8345.00000000		2.19509		2.61974
	8350.00000000		1.92967		2.60567
	8355.00000000		2.09209		2.60631
	8360.00000000		2.12213		2.58474
	8365.00000000		1.94187		2.51940
	8370.00000000		2.12191		2.48340
	8375.00000000		1.99499		2.47004
	8380.00000000		2.03510		2.54669
	8385.00000000		2.24026		2.71660
	8390.00000000		2.07778		2.83327
	8395.00000000		1.93128		2.85139
	8400.00000000		2.14375		2.80410
	8405.00000000		2.08281		2.73149
	8410.00000000		1.90091		2.67464
	8415.00000000		2.20169		2.71510
	8420.00000000		2.19797		2.77495
	8425.00000000		1.97267		2.77949
	8430.00000000		2.06610		2.70642
	8435.00000000		2.20707		2.63223
	8440.00000000		2.02860		2.59171
	8445.00000000		1.96015		2.58508
	8450.00000000		2.19325		2.58229
	8455.00000000		2.18038		2.54149
	8460.00000000		1.91530		2.57402
	8465.00000000		2.15484		2.65072
	8470.00000000		2.15741		2.67706
	8475.00000000		1.93096		2.69998
	8480.00000000		2.02356		2.75236
	8485.00000000		2.19623		2.86253
	8490.00000000		2.01851		2.85350
	8495.00000000		1.98088		2.80171
	8500.00000000		2.07625		2.73683
	8505.00000000		1.96911		2.67241
	8510.00000000		2.05824		2.62470
	8515.00000000		2.14330		2.57108
	8520.00000000		2.03872		2.52232
	8525.00000000		2.01755		2.43658
	8530.00000000		2.19225		2.31497
	8535.00000000		1.98675		2.13870
	8540.00000000		2.14509		2.07407
	8545.00000000		2.15174		2.08338
	8550.00000000		1.96745		2.07804
	8555.00000000		2.23545		2.07808
	8560.00000000		1.95374		2.12869
	8565.00000000		2.17812		2.23420
	8570.00000000		2.14415		2.26198
	8575.00000000		1.99969		2.15115
	8580.00000000		2.21843		2.05523
	8585.00000000		1.95875		2.07503
	8590.00000000		2.19858		2.12076
	8595.00000000		2.03728		2.04683
	8600.00000000		2.07250		1.89536
	8605.00000000		2.14967		1.80557
	8610.00000000		1.94462		1.81874
	8615.00000000		2.22681		1.84174
	8620.00000000		1.93557		1.81076
	8625.00000000		2.19614		1.78940
	8630.00000000		2.07735		1.83095
	8635.00000000		2.02462		1.79767
	8640.00000000		2.17031		1.67776
	8645.00000000		1.94357		1.63761
	8650.00000000		2.19545		1.78990
	8655.00000000		1.96695		1.97551
	8660.00000000		2.09675		1.95387
	8665.00000000		2.08398		1.70346
	8670.00000000		2.02602		1.60880
	8675.00000000		2.13387		1.74406
	8680.00000000		2.00230		1.86835
	8685.00000000		2.14597		1.86511
	8690.00000000		2.03053		1.74606
	8695.00000000		2.07534		1.62995
	8700.00000000		2.05207		1.61616
	8705.00000000		2.04996		1.61791
	8710.00000000		2.07665		1.57912
	8715.00000000		2.06034		1.55087
	8720.00000000		2.06430		1.59294
	8725.00000000		2.05658		1.70217
	8730.00000000		2.05392		1.71197
	8735.00000000		2.07398		1.64072
	8740.00000000		2.05965		1.58618
	8745.00000000		2.06188		1.58888
	8750.00000000		2.07812		1.59026
	8755.00000000		2.04569		1.59210
	8760.00000000		2.09310		1.66074
	8765.00000000		2.03369		1.71721
	8770.00000000		2.08060		1.69093
	8775.00000000		2.04904		1.56694
	8780.00000000		2.07407		1.46556
	8785.00000000		2.14839		1.58964
	8790.00000000		1.98256		1.78870
	8795.00000000		2.15567		1.76674
	8800.00000000		2.07676		1.52253
	8805.00000000		2.04165		1.36643
	8810.00000000		2.16614		1.54228
	8815.00000000		1.95456		1.71217
	8820.00000000		2.18522		1.71092
	8825.00000000		2.17486		1.62574
	8830.00000000		1.93199		1.61938
	8835.00000000		2.15746		1.69948
	8840.00000000		1.98137		1.74332
	8845.00000000		2.15276		1.63018
	8850.00000000		2.14962		1.46355
	8855.00000000		1.97512		1.48066
	8860.00000000		2.20706		1.58971
	8865.00000000		1.92674		1.64637
	8870.00000000		2.19783		1.67673
	8875.00000000		2.21950		1.65983
	8880.00000000		1.92023		1.71228
	8885.00000000		2.34350		1.71649
	8890.00000000		1.94362		1.59284
	8895.00000000		2.21024		1.51569
	8900.00000000		2.26081		1.59020
	8905.00000000		1.92048		1.73434
	8910.00000000		2.28313		1.72685
	8915.00000000		1.99179		1.54290
	8920.00000000		2.10552		1.36041
	8925.00000000		2.18957		1.44263
	8930.00000000		1.93984		1.55391
	8935.00000000		2.24578		1.55949
	8940.00000000		1.97256		1.43641
	8945.00000000		2.10541		1.38100
	8950.00000000		2.20576		1.48444
	8955.00000000		1.95007		1.57693
	8960.00000000		2.16272		1.56916
	8965.00000000		2.10262		1.64389
	8970.00000000		2.01492		1.78399
	8975.00000000		2.13043		1.89702
	8980.00000000		2.02591		1.77789
	8985.00000000		2.13249		1.51496
	8990.00000000		2.15146		1.46318
	8995.00000000		1.97329		1.66135
	9000.00000000		2.17121		1.82513
	9005.00000000		2.00473		1.73635
	9010.00000000		2.11370		1.43657
	9015.00000000		2.27890		1.36589
	9020.00000000		2.00983		1.52247
	9025.00000000		2.08740		1.74886
	9030.00000000		2.08291		1.88334
	9035.00000000		1.99353		1.87112
	9040.00000000		2.26660		1.76740
	9045.00000000		2.03615		1.73446
	9050.00000000		2.02209		1.81313
	9055.00000000		2.20760		1.89765
	9060.00000000		1.97042		1.94436
	9065.00000000		2.17704		1.93924
	9070.00000000		2.20818		1.83105
	9075.00000000		1.89671		1.68136
	9080.00000000		2.19559		1.59400
	9085.00000000		2.06594		1.57265
	9090.00000000		2.00355		1.58791
	9095.00000000		2.17788		1.59709
	9100.00000000		2.04848		1.54893
	9105.00000000		2.06071		1.57498
	9110.00000000		2.20009		1.71436
	9115.00000000		2.04932		1.81786
	9120.00000000		2.04586		1.86320
	9125.00000000		2.12620		1.78791
	9130.00000000		2.01890		1.71101
	9135.00000000		2.05478		1.63420
	9140.00000000		2.10979		1.67434
	9145.00000000		2.07531		1.76806
	9150.00000000		2.01532		1.81439
	9155.00000000		2.08453		1.81972
	9160.00000000		2.09212		1.82943
	9165.00000000		1.98370		1.87462
	9170.00000000		2.20806		2.01923
	9175.00000000		2.00518		2.09559
	9180.00000000		2.08864		2.03227
	9185.00000000		2.21057		1.97094
	9190.00000000		1.91467		1.96924
	9195.00000000		2.23020		2.08738
	9200.00000000		2.19458		2.09468
	9205.00000000		1.93241		1.98834
	9210.00000000		2.24608		1.95990
	9215.00000000		2.04011		2.05994
	9220.00000000		2.03425		2.25205
	9225.00000000		2.22663		2.25900
	9230.00000000		2.00454		2.08116
	9235.00000000		2.10131		2.02222
	9240.00000000		2.18240		2.11074
	9245.00000000		1.95629		2.12003
	9250.00000000		2.14463		2.00103
	9255.00000000		2.20631		1.96121
	9260.00000000		1.94747		2.21259
	9265.00000000		2.12201		2.33866
	9270.00000000		2.06643		2.24946
	9275.00000000		2.03090		2.04959
	9280.00000000		2.13032		2.10899
	9285.00000000		2.08255		2.33287
	9290.00000000		1.96811		2.38041
	9295.00000000		2.15638		2.22039
	9300.00000000		2.17540		2.09269
	9305.00000000		1.95609		2.12978
	9310.00000000		2.18199		2.28446
	9315.00000000		2.27717		2.38581
	9320.00000000		1.94035		2.24117
	9325.00000000		2.15376		2.11388
	9330.00000000		2.17097		2.12586
	9335.00000000		1.90638		2.23280
	9340.00000000		2.22637		2.21912
	9345.00000000		2.08869		2.09091
	9350.00000000		2.00748		2.06234
	9355.00000000		2.15552		2.15545
	9360.00000000		2.03546		2.19460
	9365.00000000		1.99815		2.08528
	9370.00000000		2.32751		2.01826
	9375.00000000		2.04172		2.11827
	9380.00000000		2.00495		2.26167
	9385.00000000		2.21750		2.25690
	9390.00000000		1.99050		2.08469
	9395.00000000		2.06325		1.98399
	9400.00000000		2.17341		2.09805
	9405.00000000		2.02434		2.20147
	9410.00000000		2.05154		2.13125
	9415.00000000		2.18056		1.93863
	9420.00000000		2.01103		1.79729
	9425.00000000		1.99883		1.80764
	9430.00000000		2.22713		1.85294
	9435.00000000		1.94377		1.84110
	9440.00000000		2.09594		1.81632
	9445.00000000		2.21390		1.91297
	9450.00000000		1.96959		2.02732
	9455.00000000		2.06030		2.07788
	9460.00000000		2.23873		1.92706
	9465.00000000		2.06462		1.76204
	9470.00000000		2.01681		1.82572
	9475.00000000		2.16641		1.94478
	9480.00000000		2.05360		1.97551
	9485.00000000		2.03072		1.86176
	9490.00000000		2.16741		1.82881
	9495.00000000		2.07362		1.89405
	9500.00000000		1.98133		1.99009
	9505.00000000		2.19352		1.94073
	9510.00000000		2.22313		1.85228
	9515.00000000		1.99353		1.94783
	9520.00000000		2.06480		2.04622
	9525.00000000		2.29809		2.06691
	9530.00000000		2.07520		1.92657
	9535.00000000		1.97159		1.86167
	9540.00000000		2.26074		1.96772
	9545.00000000		2.04214		2.09960
	9550.00000000		1.99576		2.07942
	9555.00000000		2.15685		1.99320
	9560.00000000		2.07725		1.99377
	9565.00000000		1.99657		2.07759
	9570.00000000		2.16549		2.18076
	9575.00000000		2.11463		2.14124
	9580.00000000		2.00080		2.13791
	9585.00000000		2.10151		2.21243
	9590.00000000		2.13689		2.25527
	9595.00000000		1.96345		2.14505
	9600.00000000		2.07401		1.90596
	9605.00000000		2.29685		1.85854
	9610.00000000		2.04970		1.98774
	9615.00000000		1.95710		2.07857
	9620.00000000		2.20687		2.00856
	9625.00000000		2.16639		1.89747
	9630.00000000		1.98039		1.88579
	9635.00000000		2.05900		1.98344
	9640.00000000		2.12340		2.04713
	9645.00000000		2.01520		2.07628
	9650.00000000		2.07524		2.04936
	9655.00000000		2.19339		2.06805
	9660.00000000		2.12611		2.08923
	9665.00000000		1.95876		2.04170
	9670.00000000		2.07103		2.00913
	9675.00000000		2.10513		2.05204
	9680.00000000		2.06878		2.04768
	9685.00000000		1.96768		1.95585
	9690.00000000		2.05624		1.88866
	9695.00000000		2.07395		1.81266
	9700.00000000		2.00156		1.77549
	9705.00000000		2.05672		1.80746
	9710.00000000		2.09011		1.85384
	9715.00000000		2.00177		1.83628
	9720.00000000		2.02990		1.70514
	9725.00000000		2.20099		1.58175
	9730.00000000		2.11697		1.52915
	9735.00000000		1.99757		1.47809
	9740.00000000		2.17607		1.40960
	9745.00000000		2.15090		1.35465
	9750.00000000		1.98565		1.40775
	9755.00000000		2.18893		1.48161
	9760.00000000		2.25789		1.50484
	9765.00000000		1.87316		1.50602
	9770.00000000		2.19602		1.47975
	9775.00000000		2.17575		1.47516
	9780.00000000		2.00919		1.53609
	9785.00000000		2.15681		1.63650
	9790.00000000		2.22762		1.68640
	9795.00000000		1.99642		1.72691
	9800.00000000		2.03844		1.69212
	9805.00000000		2.26763		1.57756
	9810.00000000		2.07739		1.49851
	9815.00000000		2.06491		1.48262
	9820.00000000		2.21988		1.57926
	9825.00000000		2.18915		1.66513
	9830.00000000		2.02434		1.62527
	9835.00000000		2.07784		1.52092
	9840.00000000		2.18087		1.44304
	9845.00000000		2.11047		1.42006
	9850.00000000		2.04246		1.38358
	9855.00000000		2.10278		1.35900
	9860.00000000		2.18182		1.33335
	9865.00000000		1.98430		1.33487
	9870.00000000		2.12217		1.36644
	9875.00000000		2.27512		1.41195
	9880.00000000		2.00590		1.34372
	9885.00000000		2.06361		1.25259
	9890.00000000		2.27455		1.32140
	9895.00000000		2.15627		1.45420
	9900.00000000		1.97900		1.55054
	9905.00000000		2.09963		1.47637
	9910.00000000		2.21500		1.31317
	9915.00000000		2.10891		1.21664
	9920.00000000		1.97738		1.35794
	9925.00000000		2.18270		1.53486
	9930.00000000		2.20058		1.41846
	9935.00000000		2.06692		1.19032
	9940.00000000		1.96311		1.23791
	9945.00000000		2.16032		1.47060
	9950.00000000		2.26516		1.47978
	9955.00000000		2.11306		1.36741
	9960.00000000		1.99166		1.33390
	9965.00000000		2.22553		1.47328
	9970.00000000		2.27197		1.53622
	9975.00000000		1.99185		1.41844
	9980.00000000		2.07597		1.29345
	9985.00000000		2.24462		1.28413
	9990.00000000		2.14470		1.33167
	9995.00000000		1.93425		1.31746
	10000.00000000		2.14926		1.25526
