	30.00000000	2.99344		1.23904  0.2  0.2		4.1705503158		-1.0
	60.00000000	2.96852		0.98928  0.2  0.2		4.1705503158		-1.0
	90.00000000	3.00288		0.66847  0.2  0.2		4.1705503158		-1.0
	120.00000000	2.94588		0.46468  0.2  0.2		4.1705503158		-1.0
	150.00000000	2.91464		0.73677  0.2  0.2		4.1705503158		-1.0
	180.00000000	2.82727		1.02788  0.2  0.2		4.1705503158		-1.0
	210.00000000	2.88718		1.10828  0.2  0.2		4.1705503158		-1.0
	240.00000000	2.95939		1.03521  0.2  0.2		4.1705503158		-1.0
	270.00000000	3.20483		0.8662  0.2  0.2		4.1705503158		-1.0
	300.00000000	2.82373		0.7775  0.2  0.2		4.1705503158		-1.0
	330.00000000	2.94234		0.72393  0.2  0.2		4.1705503158		-1.0
	360.00000000	3.11156		0.51947  0.2  0.2		4.1705503158		-1.0
	390.00000000	2.78117		0.20576  0.2  0.2		4.1705503158		-1.0
	420.00000000	2.90195		-0.2192  0.2  0.2		4.1705503158		-1.0
	450.00000000	2.96638		-0.48796  0.2  0.2		4.1705503158		-1.0
	480.00000000	3.10233		-0.74522  0.2  0.2		4.1705503158		-1.0
	510.00000000	3.04711		-0.81558  0.2  0.2		4.1705503158		-1.0
	540.00000000	2.94876		-1.03783  0.2  0.2		4.1705503158		-1.0
	570.00000000	2.95795		-1.1882  0.2  0.2		4.1705503158		-1.0
	600.00000000	3.02683		-1.33472  0.2  0.2		4.1705503158		-1.0
	630.00000000	2.8891		-1.17865  0.2  0.2		4.1705503158		-1.0
	660.00000000	2.86719		-1.30911  0.2  0.2		4.1705503158		-1.0
	690.00000000	2.88953		-1.22666  0.2  0.2		4.1705503158		-1.0
	720.00000000	2.93678		-1.35035  0.2  0.2		4.1705503158		-1.0
	750.00000000	3.00891		-1.65397  0.2  0.2		4.1705503158		-1.0
	780.00000000	2.86082		-1.68427  0.2  0.2		4.1705503158		-1.0
	810.00000000	2.78504		-1.72417  0.2  0.2		4.1705503158		-1.0
	840.00000000	2.80577		-1.66633  0.2  0.2		4.1705503158		-1.0
	870.00000000	2.93137		-1.47026  0.2  0.2		4.1705503158		-1.0
	900.00000000	3.1458		-1.28576  0.2  0.2		4.1705503158		-1.0
	930.00000000	2.75102		-1.04429  0.2  0.2		4.1705503158		-1.0
	960.00000000	2.87885		-0.72989  0.2  0.2		4.1705503158		-1.0
	990.00000000	2.88066		-0.43121  0.2  0.2		4.1705503158		-1.0
	1020.00000000	3.08359		-0.64447  0.2  0.2		4.1705503158		-1.0
	1050.00000000	3.03317		-0.85294  0.2  0.2		4.1705503158		-1.0
	1080.00000000	2.798		-0.85152  0.2  0.2		4.1705503158		-1.0
	1110.00000000	3.0292		-0.87904  0.2  0.2		4.1705503158		-1.0
	1140.00000000	2.86331		-0.97678  0.2  0.2		4.1705503158		-1.0
	1170.00000000	2.80106		-0.99034  0.2  0.2		4.1705503158		-1.0
	1200.00000000	3.12755		-1.07619  0.2  0.2		4.1705503158		-1.0
	1230.00000000	3.10689		-1.40409  0.2  0.2		4.1705503158		-1.0
	1260.00000000	2.9643		-1.89794  0.2  0.2		4.1705503158		-1.0
	1290.00000000	2.84234		-2.2315  0.2  0.2		4.1705503158		-1.0
	1320.00000000	2.87352		-2.40473  0.2  0.2		4.1705503158		-1.0
	1350.00000000	2.8927		-2.49584  0.2  0.2		4.1705503158		-1.0
	1380.00000000	3.01165		-2.63887  0.2  0.2		4.1705503158		-1.0
	1410.00000000	2.98693		-2.78627  0.2  0.2		4.1705503158		-1.0
	1440.00000000	2.86423		-2.83558  0.2  0.2		4.1705503158		-1.0
	1470.00000000	2.75659		-2.96553  0.2  0.2		4.1705503158		-1.0
	1500.00000000	2.93603		3.09256  0.2  0.2		4.1705503158		-1.0
	1530.00000000	2.93849		2.97388  0.2  0.2		4.1705503158		-1.0
	1560.00000000	2.94208		3.13337  0.2  0.2		4.1705503158		-1.0
	1590.00000000	2.81819		-2.99416  0.2  0.2		4.1705503158		-1.0
	1620.00000000	2.9487		-2.87714  0.2  0.2		4.1705503158		-1.0
	1650.00000000	2.87755		-2.85848  0.2  0.2		4.1705503158		-1.0
	1680.00000000	2.88838		-2.49553  0.2  0.2		4.1705503158		-1.0
	1710.00000000	2.86813		-2.22837  0.2  0.2		4.1705503158		-1.0
	1740.00000000	2.84084		-2.09445  0.2  0.2		4.1705503158		-1.0
	1770.00000000	3.12246		-2.24946  0.2  0.2		4.1705503158		-1.0
	1800.00000000	2.96201		-2.45377  0.2  0.2		4.1705503158		-1.0
	1830.00000000	2.64975		-2.57493  0.2  0.2		4.1705503158		-1.0
	1860.00000000	2.95952		-2.51439  0.2  0.2		4.1705503158		-1.0
	1890.00000000	3.06187		-2.23342  0.2  0.2		4.1705503158		-1.0
	1920.00000000	2.90591		-1.95878  0.2  0.2		4.1705503158		-1.0
	1950.00000000	3.08987		-1.64357  0.2  0.2		4.1705503158		-1.0
	1980.00000000	2.72215		-1.85825  0.2  0.2		4.1705503158		-1.0
	2010.00000000	2.81941		-2.17322  0.2  0.2		4.1705503158		-1.0
	2040.00000000	3.19442		-2.26752  0.2  0.2		4.1705503158		-1.0
	2070.00000000	2.75014		-2.31675  0.2  0.2		4.1705503158		-1.0
	2100.00000000	3.2202		-2.5261  0.2  0.2		4.1705503158		-1.0
	2130.00000000	2.85775		-2.70969  0.2  0.2		4.1705503158		-1.0
	2160.00000000	3.01896		-2.86474  0.2  0.2		4.1705503158		-1.0
	2190.00000000	3.02752		-2.96518  0.2  0.2		4.1705503158		-1.0
	2220.00000000	3.11467		-2.93689  0.2  0.2		4.1705503158		-1.0
	2250.00000000	3.22772		3.14115  0.2  0.2		4.1705503158		-1.0
	2280.00000000	2.80623		-3.11059  0.2  0.2		4.1705503158		-1.0
	2310.00000000	3.00427		2.91375  0.2  0.2		4.1705503158		-1.0
	2340.00000000	2.96178		2.68077  0.2  0.2		4.1705503158		-1.0
	2370.00000000	3.07278		2.69427  0.2  0.2		4.1705503158		-1.0
	2400.00000000	2.7121		2.86113  0.2  0.2		4.1705503158		-1.0
	2430.00000000	2.79864		-3.1241  0.2  0.2		4.1705503158		-1.0
	2460.00000000	2.88774		-3.1121  0.2  0.2		4.1705503158		-1.0
	2490.00000000	3.12595		2.86458  0.2  0.2		4.1705503158		-1.0
	2520.00000000	2.89035		2.70547  0.2  0.2		4.1705503158		-1.0
	2550.00000000	2.9616		2.58444  0.2  0.2		4.1705503158		-1.0
	2580.00000000	2.97613		2.50258  0.2  0.2		4.1705503158		-1.0
	2610.00000000	2.86618		2.41194  0.2  0.2		4.1705503158		-1.0
	2640.00000000	2.83648		2.20862  0.2  0.2		4.1705503158		-1.0
	2670.00000000	2.89501		1.99678  0.2  0.2		4.1705503158		-1.0
	2700.00000000	2.9512		1.90347  0.2  0.2		4.1705503158		-1.0
	2730.00000000	3.06334		1.87859  0.2  0.2		4.1705503158		-1.0
	2760.00000000	2.94351		1.76342  0.2  0.2		4.1705503158		-1.0
	2790.00000000	3.12894		1.59544  0.2  0.2		4.1705503158		-1.0
	2820.00000000	2.88007		1.40003  0.2  0.2		4.1705503158		-1.0
	2850.00000000	2.83573		1.39971  0.2  0.2		4.1705503158		-1.0
	2880.00000000	2.79114		1.52078  0.2  0.2		4.1705503158		-1.0
	2910.00000000	2.94088		1.58045  0.2  0.2		4.1705503158		-1.0
	2940.00000000	2.98526		1.5951  0.2  0.2		4.1705503158		-1.0
	2970.00000000	2.86129		1.72785  0.2  0.2		4.1705503158		-1.0
	3000.00000000	2.92517		1.78668  0.2  0.2		4.1705503158		-1.0
	3030.00000000	2.84318		1.85371  0.2  0.2		4.1705503158		-1.0
	3060.00000000	2.87804		2.07094  0.2  0.2		4.1705503158		-1.0
	3090.00000000	2.928		2.32133  0.2  0.2		4.1705503158		-1.0
	3120.00000000	3.01967		2.29788  0.2  0.2		4.1705503158		-1.0
	3150.00000000	2.96085		2.15984  0.2  0.2		4.1705503158		-1.0
	3180.00000000	3.0699		2.06792  0.2  0.2		4.1705503158		-1.0
	3210.00000000	2.74111		2.20749  0.2  0.2		4.1705503158		-1.0
	3240.00000000	2.99462		2.42073  0.2  0.2		4.1705503158		-1.0
	3270.00000000	2.76632		2.50312  0.2  0.2		4.1705503158		-1.0
	3300.00000000	3.14057		2.50714  0.2  0.2		4.1705503158		-1.0
	3330.00000000	2.71261		2.43507  0.2  0.2		4.1705503158		-1.0
	3360.00000000	2.948		2.66109  0.2  0.2		4.1705503158		-1.0
	3390.00000000	2.84127		2.92161  0.2  0.2		4.1705503158		-1.0
	3420.00000000	2.79095		2.88273  0.2  0.2		4.1705503158		-1.0
	3450.00000000	2.76875		2.5504  0.2  0.2		4.1705503158		-1.0
	3480.00000000	3.24588		2.16734  0.2  0.2		4.1705503158		-1.0
	3510.00000000	2.9937		1.99163  0.2  0.2		4.1705503158		-1.0
	3540.00000000	3.31635		2.29354  0.2  0.2		4.1705503158		-1.0
	3570.00000000	2.69314		2.75942  0.2  0.2		4.1705503158		-1.0
	3600.00000000	2.74628		2.97173  0.2  0.2		4.1705503158		-1.0
	3630.00000000	3.30815		2.94737  0.2  0.2		4.1705503158		-1.0
	3660.00000000	2.72083		2.93873  0.2  0.2		4.1705503158		-1.0
	3690.00000000	3.25594		2.82933  0.2  0.2		4.1705503158		-1.0
	3720.00000000	3.00217		2.77384  0.2  0.2		4.1705503158		-1.0
	3750.00000000	3.00481		2.76736  0.2  0.2		4.1705503158		-1.0
	3780.00000000	3.11216		2.55297  0.2  0.2		4.1705503158		-1.0
	3810.00000000	3.07021		2.41001  0.2  0.2		4.1705503158		-1.0
	3840.00000000	2.77713		2.40012  0.2  0.2		4.1705503158		-1.0
	3870.00000000	2.72423		2.42266  0.2  0.2		4.1705503158		-1.0
	3900.00000000	3.23202		2.53377  0.2  0.2		4.1705503158		-1.0
	3930.00000000	2.75357		2.69595  0.2  0.2		4.1705503158		-1.0
	3960.00000000	3.25301		2.90256  0.2  0.2		4.1705503158		-1.0
	3990.00000000	3.00954		-3.04418  0.2  0.2		4.1705503158		-1.0
	4020.00000000	3.27642		-2.82946  0.2  0.2		4.1705503158		-1.0
	4050.00000000	3.10267		-2.86767  0.2  0.2		4.1705503158		-1.0
	4080.00000000	3.1871		-3.03608  0.2  0.2		4.1705503158		-1.0
	4110.00000000	3.25545		-2.84309  0.2  0.2		4.1705503158		-1.0
	4140.00000000	3.30291		-2.62825  0.2  0.2		4.1705503158		-1.0
	4170.00000000	2.97315		-2.66794  0.2  0.2		4.1705503158		-1.0
	4200.00000000	2.81941		-2.77867  0.2  0.2		4.1705503158		-1.0
	4230.00000000	2.87108		-2.74383  0.2  0.2		4.1705503158		-1.0
	4260.00000000	2.90844		-2.72687  0.2  0.2		4.1705503158		-1.0
	4290.00000000	3.27442		-2.60775  0.2  0.2		4.1705503158		-1.0
	4320.00000000	3.15948		-2.50736  0.2  0.2		4.1705503158		-1.0
	4350.00000000	3.11987		-2.35744  0.2  0.2		4.1705503158		-1.0
	4380.00000000	3.03924		-2.1563  0.2  0.2		4.1705503158		-1.0
	4410.00000000	2.82871		-2.15531  0.2  0.2		4.1705503158		-1.0
	4440.00000000	3.17713		-2.00743  0.2  0.2		4.1705503158		-1.0
	4470.00000000	3.23084		-2.10747  0.2  0.2		4.1705503158		-1.0
	4500.00000000	2.84473		-1.93885  0.2  0.2		4.1705503158		-1.0
	4530.00000000	3.2097		-1.71372  0.2  0.2		4.1705503158		-1.0
	4560.00000000	2.7887		-1.59138  0.2  0.2		4.1705503158		-1.0
	4590.00000000	2.92437		-1.65163  0.2  0.2		4.1705503158		-1.0
	4620.00000000	3.27058		-1.84787  0.2  0.2		4.1705503158		-1.0
	4650.00000000	2.94306		-1.77275  0.2  0.2		4.1705503158		-1.0
	4680.00000000	3.44538		-1.64731  0.2  0.2		4.1705503158		-1.0
	4710.00000000	3.05169		-1.5589  0.2  0.2		4.1705503158		-1.0
	4740.00000000	3.30205		-1.55429  0.2  0.2		4.1705503158		-1.0
	4770.00000000	2.73301		-1.75624  0.2  0.2		4.1705503158		-1.0
	4800.00000000	3.52337		-1.95826  0.2  0.2		4.1705503158		-1.0
	4830.00000000	2.7229		-1.90629  0.2  0.2		4.1705503158		-1.0
	4860.00000000	3.35589		-1.97621  0.2  0.2		4.1705503158		-1.0
	4890.00000000	2.7284		-2.06107  0.2  0.2		4.1705503158		-1.0
	4920.00000000	3.16234		-2.15851  0.2  0.2		4.1705503158		-1.0
	4950.00000000	3.07835		-1.94517  0.2  0.2		4.1705503158		-1.0
	4980.00000000	3.40264		-1.82369  0.2  0.2		4.1705503158		-1.0
	5010.00000000	3.06032		-1.96758  0.2  0.2		4.1705503158		-1.0
	5040.00000000	2.86622		-2.12247  0.2  0.2		4.1705503158		-1.0
	5070.00000000	2.76015		-2.39606  0.2  0.2		4.1705503158		-1.0
	5100.00000000	2.77686		-2.44418  0.2  0.2		4.1705503158		-1.0
	5130.00000000	2.80713		-2.35912  0.2  0.2		4.1705503158		-1.0
	5160.00000000	3.26296		-2.29908  0.2  0.2		4.1705503158		-1.0
	5190.00000000	3.35648		-2.20702  0.2  0.2		4.1705503158		-1.0
	5220.00000000	3.35856		-2.29892  0.2  0.2		4.1705503158		-1.0
	5250.00000000	3.31871		-2.47306  0.2  0.2		4.1705503158		-1.0
	5280.00000000	2.61968		-2.60635  0.2  0.2		4.1705503158		-1.0
	5310.00000000	3.46741		-2.38005  0.2  0.2		4.1705503158		-1.0
	5340.00000000	3.34445		-2.19089  0.2  0.2		4.1705503158		-1.0
	5370.00000000	2.93345		-2.22297  0.2  0.2		4.1705503158		-1.0
	5400.00000000	2.81687		-2.41999  0.2  0.2		4.1705503158		-1.0
	5430.00000000	3.53516		-2.50279  0.2  0.2		4.1705503158		-1.0
	5460.00000000	3.40329		-2.73125  0.2  0.2		4.1705503158		-1.0
	5490.00000000	3.18994		-2.93682  0.2  0.2		4.1705503158		-1.0
	5520.00000000	2.61358		3.04314  0.2  0.2		4.1705503158		-1.0
	5550.00000000	3.25764		2.9922  0.2  0.2		4.1705503158		-1.0
	5580.00000000	2.71962		3.00889  0.2  0.2		4.1705503158		-1.0
	5610.00000000	2.84778		-3.06922  0.2  0.2		4.1705503158		-1.0
	5640.00000000	2.67857		-2.79553  0.2  0.2		4.1705503158		-1.0
	5670.00000000	2.64615		-2.92109  0.2  0.2		4.1705503158		-1.0
	5700.00000000	2.73519		3.04272  0.2  0.2		4.1705503158		-1.0
	5730.00000000	3.3138		2.97544  0.2  0.2		4.1705503158		-1.0
	5760.00000000	2.98511		-3.10347  0.2  0.2		4.1705503158		-1.0
	5790.00000000	2.7696		-3.04113  0.2  0.2		4.1705503158		-1.0
	5820.00000000	2.78153		-2.80093  0.2  0.2		4.1705503158		-1.0
	5850.00000000	2.64634		-2.64904  0.2  0.2		4.1705503158		-1.0
	5880.00000000	2.76493		-2.70061  0.2  0.2		4.1705503158		-1.0
	5910.00000000	2.67418		-2.82745  0.2  0.2		4.1705503158		-1.0
	5940.00000000	2.76959		-3.01012  0.2  0.2		4.1705503158		-1.0
	5970.00000000	2.83514		2.8837  0.2  0.2		4.1705503158		-1.0
	6000.00000000	3.37067		2.70192  0.2  0.2		4.1705503158		-1.0
	6030.00000000	3.16232		2.84067  0.2  0.2		4.1705503158		-1.0
	6060.00000000	3.24241		2.80792  0.2  0.2		4.1705503158		-1.0
	6090.00000000	2.9843		2.78343  0.2  0.2		4.1705503158		-1.0
	6120.00000000	2.75079		2.74306  0.2  0.2		4.1705503158		-1.0
	6150.00000000	2.67685		2.57483  0.2  0.2		4.1705503158		-1.0
	6180.00000000	3.2635		2.58736  0.2  0.2		4.1705503158		-1.0
	6210.00000000	3.34218		2.52158  0.2  0.2		4.1705503158		-1.0
	6240.00000000	3.4829		2.48254  0.2  0.2		4.1705503158		-1.0
	6270.00000000	3.13457		2.21214  0.2  0.2		4.1705503158		-1.0
	6300.00000000	2.6619		2.0569  0.2  0.2		4.1705503158		-1.0
	6330.00000000	3.24712		1.79925  0.2  0.2		4.1705503158		-1.0
	6360.00000000	3.21605		1.85256  0.2  0.2		4.1705503158		-1.0
	6390.00000000	3.03447		1.90323  0.2  0.2		4.1705503158		-1.0
	6420.00000000	2.89284		1.88823  0.2  0.2		4.1705503158		-1.0
	6450.00000000	2.81998		1.62226  0.2  0.2		4.1705503158		-1.0
	6480.00000000	3.18926		1.37441  0.2  0.2		4.1705503158		-1.0
	6510.00000000	2.82252		1.18558  0.2  0.2		4.1705503158		-1.0
	6540.00000000	3.23525		1.44946  0.2  0.2		4.1705503158		-1.0
	6570.00000000	2.9431		1.30942  0.2  0.2		4.1705503158		-1.0
	6600.00000000	2.93333		1.41613  0.2  0.2		4.1705503158		-1.0
	6630.00000000	3.19466		1.51541  0.2  0.2		4.1705503158		-1.0
	6660.00000000	2.66443		1.41341  0.2  0.2		4.1705503158		-1.0
	6690.00000000	3.31912		1.07296  0.2  0.2		4.1705503158		-1.0
	6720.00000000	2.92545		1.21346  0.2  0.2		4.1705503158		-1.0
	6750.00000000	2.99086		1.84985  0.2  0.2		4.1705503158		-1.0
	6780.00000000	2.73212		1.96344  0.2  0.2		4.1705503158		-1.0
	6810.00000000	3.05905		2.1199  0.2  0.2		4.1705503158		-1.0
	6840.00000000	3.20682		2.15548  0.2  0.2		4.1705503158		-1.0
	6870.00000000	2.87717		2.25037  0.2  0.2		4.1705503158		-1.0
	6900.00000000	3.14405		2.21257  0.2  0.2		4.1705503158		-1.0
	6930.00000000	3.342		1.96889  0.2  0.2		4.1705503158		-1.0
	6960.00000000	3.09226		1.67296  0.2  0.2		4.1705503158		-1.0
	6990.00000000	2.87923		1.28964  0.2  0.2		4.1705503158		-1.0
	7020.00000000	3.04424		0.97299  0.2  0.2		4.1705503158		-1.0
	7050.00000000	2.86428		0.99253  0.2  0.2		4.1705503158		-1.0
	7080.00000000	3.21852		0.97773  0.2  0.2		4.1705503158		-1.0
	7110.00000000	3.21005		1.11579  0.2  0.2		4.1705503158		-1.0
	7140.00000000	2.99625		0.64736  0.2  0.2		4.1705503158		-1.0
	7170.00000000	3.03549		0.20151  0.2  0.2		4.1705503158		-1.0
	7200.00000000	2.92395		-1e-05  0.2  0.2		4.1705503158		-1.0
	7230.00000000	2.94023		0.00427  0.2  0.2		4.1705503158		-1.0
	7260.00000000	2.96317		-0.13085  0.2  0.2		4.1705503158		-1.0
	7290.00000000	3.00035		-0.22995  0.2  0.2		4.1705503158		-1.0
	7320.00000000	2.81813		-0.50636  0.2  0.2		4.1705503158		-1.0
	7350.00000000	2.77672		-0.71702  0.2  0.2		4.1705503158		-1.0
	7380.00000000	2.73165		-0.85653  0.2  0.2		4.1705503158		-1.0
	7410.00000000	2.71262		-0.8485  0.2  0.2		4.1705503158		-1.0
	7440.00000000	2.89365		-0.60878  0.2  0.2		4.1705503158		-1.0
	7470.00000000	2.90511		-0.29192  0.2  0.2		4.1705503158		-1.0
	7500.00000000	3.13977		-0.35413  0.2  0.2		4.1705503158		-1.0
	7530.00000000	3.20095		-0.41576  0.2  0.2		4.1705503158		-1.0
	7560.00000000	3.04372		-0.48763  0.2  0.2		4.1705503158		-1.0
	7590.00000000	2.7644		-0.5091  0.2  0.2		4.1705503158		-1.0
	7620.00000000	2.70294		-0.39441  0.2  0.2		4.1705503158		-1.0
	7650.00000000	3.09645		-0.00966  0.2  0.2		4.1705503158		-1.0
	7680.00000000	3.04546		0.47583  0.2  0.2		4.1705503158		-1.0
	7710.00000000	2.89112		0.24441  0.2  0.2		4.1705503158		-1.0
	7740.00000000	2.92538		0.08031  0.2  0.2		4.1705503158		-1.0
	7770.00000000	2.67853		-0.15538  0.2  0.2		4.1705503158		-1.0
	7800.00000000	3.22859		-0.39901  0.2  0.2		4.1705503158		-1.0
	7830.00000000	2.88447		0.12001  0.2  0.2		4.1705503158		-1.0
	7860.00000000	3.14792		0.59253  0.2  0.2		4.1705503158		-1.0
	7890.00000000	3.1557		0.84068  0.2  0.2		4.1705503158		-1.0
	7920.00000000	2.92209		0.61791  0.2  0.2		4.1705503158		-1.0
	7950.00000000	2.91869		0.34295  0.2  0.2		4.1705503158		-1.0
	7980.00000000	2.86998		0.29828  0.2  0.2		4.1705503158		-1.0
	8010.00000000	2.70949		0.39207  0.2  0.2		4.1705503158		-1.0
	8040.00000000	3.26351		0.25373  0.2  0.2		4.1705503158		-1.0
	8070.00000000	2.71916		0.35353  0.2  0.2		4.1705503158		-1.0
	8100.00000000	2.70629		0.69738  0.2  0.2		4.1705503158		-1.0
	8130.00000000	2.83431		1.01499  0.2  0.2		4.1705503158		-1.0
	8160.00000000	2.8157		1.13524  0.2  0.2		4.1705503158		-1.0
	8190.00000000	3.38913		0.76258  0.2  0.2		4.1705503158		-1.0
	8220.00000000	2.77463		0.62062  0.2  0.2		4.1705503158		-1.0
	8250.00000000	3.46669		0.78807  0.2  0.2		4.1705503158		-1.0
	8280.00000000	2.7302		0.67555  0.2  0.2		4.1705503158		-1.0
	8310.00000000	3.2194		0.34141  0.2  0.2		4.1705503158		-1.0
	8340.00000000	3.16342		0.10932  0.2  0.2		4.1705503158		-1.0
	8370.00000000	2.97803		-0.11757  0.2  0.2		4.1705503158		-1.0
	8400.00000000	2.87796		-0.24903  0.2  0.2		4.1705503158		-1.0
	8430.00000000	2.79489		-0.46745  0.2  0.2		4.1705503158		-1.0
	8460.00000000	3.24288		-0.77293  0.2  0.2		4.1705503158		-1.0
	8490.00000000	3.03258		-0.82423  0.2  0.2		4.1705503158		-1.0
	8520.00000000	2.95701		-0.88174  0.2  0.2		4.1705503158		-1.0
	8550.00000000	2.71943		-0.88602  0.2  0.2		4.1705503158		-1.0
	8580.00000000	2.78953		-0.6442  0.2  0.2		4.1705503158		-1.0
	8610.00000000	3.17349		-0.38307  0.2  0.2		4.1705503158		-1.0
	8640.00000000	3.17632		-0.38316  0.2  0.2		4.1705503158		-1.0
	8670.00000000	3.46769		-0.40946  0.2  0.2		4.1705503158		-1.0
	8700.00000000	2.6263		-0.31665  0.2  0.2		4.1705503158		-1.0
	8730.00000000	3.36496		-0.40526  0.2  0.2		4.1705503158		-1.0
	8760.00000000	2.81555		-0.6832  0.2  0.2		4.1705503158		-1.0
	8790.00000000	2.92708		-1.08621  0.2  0.2		4.1705503158		-1.0
	8820.00000000	3.28152		-1.35571  0.2  0.2		4.1705503158		-1.0
	8850.00000000	2.7639		-1.37403  0.2  0.2		4.1705503158		-1.0
	8880.00000000	2.79413		-1.34402  0.2  0.2		4.1705503158		-1.0
	8910.00000000	3.0491		-1.17825  0.2  0.2		4.1705503158		-1.0
	8940.00000000	3.2391		-1.33582  0.2  0.2		4.1705503158		-1.0
	8970.00000000	3.03597		-1.39668  0.2  0.2		4.1705503158		-1.0
	9000.00000000	2.96908		-1.48896  0.2  0.2		4.1705503158		-1.0
	9030.00000000	3.01252		-1.48605  0.2  0.2		4.1705503158		-1.0
	9060.00000000	3.17934		-1.42846  0.2  0.2		4.1705503158		-1.0
	9090.00000000	3.40606		-1.23557  0.2  0.2		4.1705503158		-1.0
	9120.00000000	3.378		-0.87391  0.2  0.2		4.1705503158		-1.0
	9150.00000000	2.99379		-1.01418  0.2  0.2		4.1705503158		-1.0
	9180.00000000	3.30096		-1.2614  0.2  0.2		4.1705503158		-1.0
	9210.00000000	2.70507		-1.31219  0.2  0.2		4.1705503158		-1.0
	9240.00000000	2.62105		-1.31312  0.2  0.2		4.1705503158		-1.0
	9270.00000000	2.69525		-1.26913  0.2  0.2		4.1705503158		-1.0
	9300.00000000	2.67611		-1.47238  0.2  0.2		4.1705503158		-1.0
	9330.00000000	2.66434		-1.53569  0.2  0.2		4.1705503158		-1.0
	9360.00000000	3.03744		-1.80852  0.2  0.2		4.1705503158		-1.0
	9390.00000000	2.77601		-2.0163  0.2  0.2		4.1705503158		-1.0
	9420.00000000	2.70146		-2.09636  0.2  0.2		4.1705503158		-1.0
	9450.00000000	2.61936		-2.21628  0.2  0.2		4.1705503158		-1.0
	9480.00000000	2.67097		-1.99994  0.2  0.2		4.1705503158		-1.0
	9510.00000000	3.09004		-1.81795  0.2  0.2		4.1705503158		-1.0
	9540.00000000	3.0436		-1.8116  0.2  0.2		4.1705503158		-1.0
	9570.00000000	2.7402		-1.7577  0.2  0.2		4.1705503158		-1.0
	9600.00000000	2.58731		-1.87768  0.2  0.2		4.1705503158		-1.0
	9630.00000000	3.21695		-1.90785  0.2  0.2		4.1705503158		-1.0
	9660.00000000	3.09831		-1.58284  0.2  0.2		4.1705503158		-1.0
	9690.00000000	2.65231		-1.12509  0.2  0.2		4.1705503158		-1.0
	9720.00000000	3.06652		-0.78053  0.2  0.2		4.1705503158		-1.0
	9750.00000000	3.24414		-0.7364  0.2  0.2		4.1705503158		-1.0
	9780.00000000	3.37429		-1.05528  0.2  0.2		4.1705503158		-1.0
	9810.00000000	3.16864		-1.30256  0.2  0.2		4.1705503158		-1.0
	9840.00000000	3.30424		-1.21951  0.2  0.2		4.1705503158		-1.0
	9870.00000000	3.23601		-0.89386  0.2  0.2		4.1705503158		-1.0
	9900.00000000	3.30533		-0.93194  0.2  0.2		4.1705503158		-1.0
	9930.00000000	2.6698		-0.9508  0.2  0.2		4.1705503158		-1.0
	9960.00000000	2.68263		-1.38251  0.2  0.2		4.1705503158		-1.0
	9990.00000000	2.68123		-1.46022  0.2  0.2		4.1705503158		-1.0
	10020.00000000	2.74681		-1.22277  0.2  0.2		4.1705503158		-1.0
	10050.00000000	2.9098		-1.07765  0.2  0.2		4.1705503158		-1.0
	10080.00000000	3.32102		-1.24981  0.2  0.2		4.1705503158		-1.0
	10110.00000000	3.13239		-1.50713  0.2  0.2		4.1705503158		-1.0
	10140.00000000	3.30048		-1.75774  0.2  0.2		4.1705503158		-1.0
	10170.00000000	3.34704		-1.83175  0.2  0.2		4.1705503158		-1.0
	10200.00000000	3.43188		-1.69085  0.2  0.2		4.1705503158		-1.0
	10230.00000000	2.99862		-1.75431  0.2  0.2		4.1705503158		-1.0
	10260.00000000	2.98421		-1.93406  0.2  0.2		4.1705503158		-1.0
	10290.00000000	2.65277		-1.85347  0.2  0.2		4.1705503158		-1.0
	10320.00000000	2.56417		-1.60627  0.2  0.2		4.1705503158		-1.0
	10350.00000000	2.82237		-1.54804  0.2  0.2		4.1705503158		-1.0
	10380.00000000	2.80185		-1.56789  0.2  0.2		4.1705503158		-1.0
	10410.00000000	2.77694		-1.26262  0.2  0.2		4.1705503158		-1.0
	10440.00000000	2.85286		-0.97335  0.2  0.2		4.1705503158		-1.0
	10470.00000000	2.97872		-0.4718  0.2  0.2		4.1705503158		-1.0
	10500.00000000	2.78134		-0.45195  0.2  0.2		4.1705503158		-1.0
	10530.00000000	2.84527		-0.2281  0.2  0.2		4.1705503158		-1.0
	10560.00000000	2.91155		0.18526  0.2  0.2		4.1705503158		-1.0
	10590.00000000	3.27179		0.61084  0.2  0.2		4.1705503158		-1.0
	10620.00000000	2.6926		0.50799  0.2  0.2		4.1705503158		-1.0
	10650.00000000	3.27253		0.44602  0.2  0.2		4.1705503158		-1.0
	10680.00000000	3.21462		0.60467  0.2  0.2		4.1705503158		-1.0
	10710.00000000	2.90263		1.10127  0.2  0.2		4.1705503158		-1.0
	10740.00000000	3.40508		1.1826  0.2  0.2		4.1705503158		-1.0
	10770.00000000	3.13158		1.39352  0.2  0.2		4.1705503158		-1.0
	10800.00000000	3.26519		1.45961  0.2  0.2		4.1705503158		-1.0
	10830.00000001	3.20739		1.27111  0.2  0.2		4.1705503158		-1.0
	10860.00000001	3.11711		1.18315  0.2  0.2		4.1705503158		-1.0
	10890.00000001	3.49959		1.36399  0.2  0.2		4.1705503158		-1.0
	10920.00000001	3.10815		1.5797  0.2  0.2		4.1705503158		-1.0
	10950.00000001	3.50238		1.74804  0.2  0.2		4.1705503158		-1.0
	10980.00000001	3.25778		1.46813  0.2  0.2		4.1705503158		-1.0
	11010.00000001	3.21092		1.33826  0.2  0.2		4.1705503158		-1.0
	11040.00000001	2.83804		1.65576  0.2  0.2		4.1705503158		-1.0
	11070.00000001	2.74173		1.90075  0.2  0.2		4.1705503158		-1.0
	11100.00000001	2.65565		1.73988  0.2  0.2		4.1705503158		-1.0
	11130.00000001	2.66567		1.31087  0.2  0.2		4.1705503158		-1.0
	11160.00000001	2.62781		1.2994  0.2  0.2		4.1705503158		-1.0
	11190.00000001	2.63146		1.31594  0.2  0.2		4.1705503158		-1.0
	11220.00000001	3.33113		1.11807  0.2  0.2		4.1705503158		-1.0
	11250.00000001	3.584		1.00733  0.2  0.2		4.1705503158		-1.0
	11280.00000001	2.67269		1.08614  0.2  0.2		4.1705503158		-1.0
	11310.00000001	2.84712		0.97596  0.2  0.2		4.1705503158		-1.0
	11340.00000001	2.96869		0.64115  0.2  0.2		4.1705503158		-1.0
	11370.00000001	3.54119		0.61211  0.2  0.2		4.1705503158		-1.0
	11400.00000001	2.70273		0.69793  0.2  0.2		4.1705503158		-1.0
	11430.00000001	2.76364		0.82894  0.2  0.2		4.1705503158		-1.0
	11460.00000001	2.98468		0.68884  0.2  0.2		4.1705503158		-1.0
	11490.00000001	2.77629		0.76971  0.2  0.2		4.1705503158		-1.0
	11520.00000001	2.76063		0.75143  0.2  0.2		4.1705503158		-1.0
	11550.00000001	2.65227		0.89739  0.2  0.2		4.1705503158		-1.0
	11580.00000001	2.72438		1.19207  0.2  0.2		4.1705503158		-1.0
	11610.00000001	2.85793		1.21711  0.2  0.2		4.1705503158		-1.0
	11640.00000001	2.94756		1.22016  0.2  0.2		4.1705503158		-1.0
	11670.00000001	3.54181		1.35359  0.2  0.2		4.1705503158		-1.0
	11700.00000001	3.23427		1.70945  0.2  0.2		4.1705503158		-1.0
	11730.00000001	3.27995		2.1017  0.2  0.2		4.1705503158		-1.0
	11760.00000001	3.42953		1.75214  0.2  0.2		4.1705503158		-1.0
	11790.00000001	3.17201		1.67526  0.2  0.2		4.1705503158		-1.0
	11820.00000001	3.53315		1.82587  0.2  0.2		4.1705503158		-1.0
	11850.00000001	3.17558		1.83679  0.2  0.2		4.1705503158		-1.0
	11880.00000001	3.47585		1.60432  0.2  0.2		4.1705503158		-1.0
	11910.00000001	3.23317		1.39376  0.2  0.2		4.1705503158		-1.0
	11940.00000001	3.434		1.51957  0.2  0.2		4.1705503158		-1.0
	11970.00000001	3.61573		1.45002  0.2  0.2		4.1705503158		-1.0
	12000.00000001	3.35744		1.53632  0.2  0.2		4.1705503158		-1.0
	12030.00000001	2.77451		1.69501  0.2  0.2		4.1705503158		-1.0
	12060.00000001	2.61433		1.60877  0.2  0.2		4.1705503158		-1.0
	12090.00000001	3.23292		1.34466  0.2  0.2		4.1705503158		-1.0
	12120.00000001	3.55298		1.07056  0.2  0.2		4.1705503158		-1.0
	12150.00000001	3.01162		0.93173  0.2  0.2		4.1705503158		-1.0
	12180.00000001	3.47845		0.78562  0.2  0.2		4.1705503158		-1.0
	12210.00000001	2.99138		1.08748  0.2  0.2		4.1705503158		-1.0
	12240.00000001	3.34867		1.20407  0.2  0.2		4.1705503158		-1.0
	12270.00000001	3.15911		1.0051  0.2  0.2		4.1705503158		-1.0
	12300.00000001	3.17457		0.64267  0.2  0.2		4.1705503158		-1.0
	12330.00000001	3.26663		0.16126  0.2  0.2		4.1705503158		-1.0
	12360.00000001	3.2629		-0.16937  0.2  0.2		4.1705503158		-1.0
	12390.00000001	3.13265		0.38892  0.2  0.2		4.1705503158		-1.0
	12420.00000001	3.04431		0.57173  0.2  0.2		4.1705503158		-1.0
	12450.00000001	2.86005		0.2228  0.2  0.2		4.1705503158		-1.0
	12480.00000001	2.71831		-0.10892  0.2  0.2		4.1705503158		-1.0
	12510.00000001	2.73641		-0.31119  0.2  0.2		4.1705503158		-1.0
	12540.00000001	2.75648		-0.01979  0.2  0.2		4.1705503158		-1.0
	12570.00000001	3.39029		0.03077  0.2  0.2		4.1705503158		-1.0
	12600.00000001	3.25391		-0.02915  0.2  0.2		4.1705503158		-1.0
	12630.00000001	3.1584		-0.23734  0.2  0.2		4.1705503158		-1.0
	12660.00000001	3.29589		0.07391  0.2  0.2		4.1705503158		-1.0
	12690.00000001	3.1037		0.22816  0.2  0.2		4.1705503158		-1.0
	12720.00000001	3.29875		0.26048  0.2  0.2		4.1705503158		-1.0
	12750.00000001	3.39956		0.42504  0.2  0.2		4.1705503158		-1.0
	12780.00000001	3.39655		0.29081  0.2  0.2		4.1705503158		-1.0
	12810.00000001	3.52151		0.29345  0.2  0.2		4.1705503158		-1.0
	12840.00000001	3.40141		0.27786  0.2  0.2		4.1705503158		-1.0
	12870.00000001	3.59136		0.50427  0.2  0.2		4.1705503158		-1.0
	12900.00000001	3.07543		0.69186  0.2  0.2		4.1705503158		-1.0
	12930.00000001	2.86372		0.27812  0.2  0.2		4.1705503158		-1.0
	12960.00000001	3.2799		-0.03742  0.2  0.2		4.1705503158		-1.0
	12990.00000001	2.69515		-0.02594  0.2  0.2		4.1705503158		-1.0
	13020.00000001	2.75063		0.17193  0.2  0.2		4.1705503158		-1.0
	13050.00000001	2.71255		0.22597  0.2  0.2		4.1705503158		-1.0
	13080.00000001	2.8243		-0.13971  0.2  0.2		4.1705503158		-1.0
	13110.00000001	2.81175		-0.64005  0.2  0.2		4.1705503158		-1.0
	13140.00000001	2.63249		-1.14281  0.2  0.2		4.1705503158		-1.0
	13170.00000001	2.62598		-0.84687  0.2  0.2		4.1705503158		-1.0
	13200.00000001	2.7828		-0.30758  0.2  0.2		4.1705503158		-1.0
	13230.00000001	2.99062		0.16755  0.2  0.2		4.1705503158		-1.0
	13260.00000001	3.3276		0.44851  0.2  0.2		4.1705503158		-1.0
	13290.00000001	3.66803		0.5002  0.2  0.2		4.1705503158		-1.0
	13320.00000001	3.11861		0.65361  0.2  0.2		4.1705503158		-1.0
	13350.00000001	3.5984		0.95348  0.2  0.2		4.1705503158		-1.0
	13380.00000001	3.66768		0.92019  0.2  0.2		4.1705503158		-1.0
	13410.00000001	3.08755		0.84985  0.2  0.2		4.1705503158		-1.0
	13440.00000001	3.41726		0.98289  0.2  0.2		4.1705503158		-1.0
	13470.00000001	3.23528		0.94746  0.2  0.2		4.1705503158		-1.0
	13500.00000001	3.1793		0.99251  0.2  0.2		4.1705503158		-1.0
	13530.00000001	3.49628		1.23027  0.2  0.2		4.1705503158		-1.0
	13560.00000001	3.7477		1.25669  0.2  0.2		4.1705503158		-1.0
	13590.00000001	3.52718		1.47284  0.2  0.2		4.1705503158		-1.0
	13620.00000001	3.15082		1.61007  0.2  0.2		4.1705503158		-1.0
	13650.00000001	2.86052		1.47933  0.2  0.2		4.1705503158		-1.0
	13680.00000001	2.76067		1.51236  0.2  0.2		4.1705503158		-1.0
	13710.00000001	2.67134		1.57095  0.2  0.2		4.1705503158		-1.0
	13740.00000001	2.66662		1.65154  0.2  0.2		4.1705503158		-1.0
	13770.00000001	2.72289		1.87741  0.2  0.2		4.1705503158		-1.0
	13800.00000001	2.77098		2.10893  0.2  0.2		4.1705503158		-1.0
	13830.00000001	2.81519		2.16386  0.2  0.2		4.1705503158		-1.0
	13860.00000001	2.71201		2.34013  0.2  0.2		4.1705503158		-1.0
	13890.00000001	2.62766		2.42875  0.2  0.2		4.1705503158		-1.0
	13920.00000001	2.89951		2.32029  0.2  0.2		4.1705503158		-1.0
	13950.00000001	2.77451		2.27061  0.2  0.2		4.1705503158		-1.0
	13980.00000001	2.87561		2.31687  0.2  0.2		4.1705503158		-1.0
	14010.00000001	3.45847		2.41137  0.2  0.2		4.1705503158		-1.0
	14040.00000001	3.297		2.29318  0.2  0.2		4.1705503158		-1.0
	14070.00000001	3.5216		2.22298  0.2  0.2		4.1705503158		-1.0
	14100.00000001	3.14292		2.17006  0.2  0.2		4.1705503158		-1.0
	14130.00000001	3.29789		2.24669  0.2  0.2		4.1705503158		-1.0
	14160.00000001	3.30742		2.19881  0.2  0.2		4.1705503158		-1.0
	14190.00000001	2.68742		2.17829  0.2  0.2		4.1705503158		-1.0
	14220.00000001	2.64023		1.87939  0.2  0.2		4.1705503158		-1.0
	14250.00000000	3.09609		1.72491  0.2  0.2		4.1705503158		-1.0
	14280.00000000	3.44633		1.85675  0.2  0.2		4.1705503158		-1.0
	14310.00000000	3.53654		1.98782  0.2  0.2		4.1705503158		-1.0
	14340.00000000	3.47122		1.80038  0.2  0.2		4.1705503158		-1.0
	14370.00000000	3.64808		1.93567  0.2  0.2		4.1705503158		-1.0
	14400.00000000	3.60548		1.98547  0.2  0.2		4.1705503158		-1.0
	14430.00000000	3.23705		2.02867  0.2  0.2		4.1705503158		-1.0
	14460.00000000	3.48972		2.14656  0.2  0.2		4.1705503158		-1.0
	14490.00000000	3.73979		2.13843  0.2  0.2		4.1705503158		-1.0
	14520.00000000	3.36529		2.5141  0.2  0.2		4.1705503158		-1.0
	14550.00000000	3.47815		2.82094  0.2  0.2		4.1705503158		-1.0
	14580.00000000	3.25713		2.95024  0.2  0.2		4.1705503158		-1.0
	14610.00000000	3.40129		-3.07459  0.2  0.2		4.1705503158		-1.0
	14640.00000000	3.1101		3.13561  0.2  0.2		4.1705503158		-1.0
	14670.00000000	3.2518		3.07498  0.2  0.2		4.1705503158		-1.0
	14700.00000000	3.57405		2.75116  0.2  0.2		4.1705503158		-1.0
	14730.00000000	3.5935		2.4776  0.2  0.2		4.1705503158		-1.0
	14760.00000000	2.59793		2.31401  0.2  0.2		4.1705503158		-1.0
	14790.00000000	3.23851		2.55043  0.2  0.2		4.1705503158		-1.0
	14820.00000000	3.33935		2.71952  0.2  0.2		4.1705503158		-1.0
	14850.00000000	3.62654		2.71316  0.2  0.2		4.1705503158		-1.0
	14880.00000000	3.70891		2.57744  0.2  0.2		4.1705503158		-1.0
	14910.00000000	3.55223		2.40863  0.2  0.2		4.1705503158		-1.0
	14940.00000000	3.83609		2.4588  0.2  0.2		4.1705503158		-1.0
	14970.00000000	3.51032		2.35631  0.2  0.2		4.1705503158		-1.0
	14500.00000000	3.49996		2.20296  0.2  0.2		4.1705503158		-1.0
	14530.00000000	3.41898		2.66568  0.2  0.2		4.1705503158		-1.0
	14560.00000000	3.324		2.8546  0.2  0.2		4.1705503158		-1.0
	14590.00000000	3.31593		3.02272  0.2  0.2		4.1705503158		-1.0
	14620.00000000	3.34864		-3.08717  0.2  0.2		4.1705503158		-1.0
	14650.00000000	3.122		-3.12716  0.2  0.2		4.1705503158		-1.0
	14680.00000000	3.30916		3.05027  0.2  0.2		4.1705503158		-1.0
	14710.00000000	3.67576		2.64972  0.2  0.2		4.1705503158		-1.0
	14740.00000000	3.32916		2.43228  0.2  0.2		4.1705503158		-1.0
	14770.00000000	2.76934		2.40427  0.2  0.2		4.1705503158		-1.0
	14800.00000000	3.28984		2.61861  0.2  0.2		4.1705503158		-1.0
	14830.00000000	3.43023		2.73977  0.2  0.2		4.1705503158		-1.0
	14860.00000000	3.65909		2.69836  0.2  0.2		4.1705503158		-1.0
	14890.00000000	3.77821		2.45005  0.2  0.2		4.1705503158		-1.0
	14920.00000000	3.65995		2.34045  0.2  0.2		4.1705503158		-1.0
	14950.00000000	3.72415		2.42021  0.2  0.2		4.1705503158		-1.0
	14980.00000000	3.43265		2.35274  0.2  0.2		4.1705503158		-1.0
	15010.00000000	3.0347		2.38509  0.2  0.2		4.1705503158		-1.0
	15040.00000000	2.69675		2.69639  0.2  0.2		4.1705503158		-1.0
	15070.00000000	2.85399		2.80746  0.2  0.2		4.1705503158		-1.0
	15100.00000000	2.83433		2.74151  0.2  0.2		4.1705503158		-1.0
	15130.00000000	2.83197		2.75713  0.2  0.2		4.1705503158		-1.0
	15160.00000000	2.81766		2.6393  0.2  0.2		4.1705503158		-1.0
	15190.00000000	3.60902		2.71363  0.2  0.2		4.1705503158		-1.0
	15220.00000000	3.74862		2.87316  0.2  0.2		4.1705503158		-1.0
	15250.00000000	3.16434		3.02065  0.2  0.2		4.1705503158		-1.0
	15280.00000000	3.12727		2.8687  0.2  0.2		4.1705503158		-1.0
	15310.00000000	3.03695		2.6977  0.2  0.2		4.1705503158		-1.0
	15340.00000000	2.7853		2.51208  0.2  0.2		4.1705503158		-1.0
	15370.00000000	2.76197		2.4225  0.2  0.2		4.1705503158		-1.0
	15400.00000000	3.2353		2.40754  0.2  0.2		4.1705503158		-1.0
	15430.00000000	2.63273		2.66482  0.2  0.2		4.1705503158		-1.0
	15460.00000000	2.73922		2.89215  0.2  0.2		4.1705503158		-1.0
	15490.00000000	2.89438		2.85918  0.2  0.2		4.1705503158		-1.0
	15520.00000000	3.65178		2.66163  0.2  0.2		4.1705503158		-1.0
	15550.00000000	3.83558		2.34438  0.2  0.2		4.1705503158		-1.0
	15580.00000000	3.46414		2.32395  0.2  0.2		4.1705503158		-1.0
	15610.00000000	3.78232		2.37857  0.2  0.2		4.1705503158		-1.0
	15640.00000000	3.87015		2.4284  0.2  0.2		4.1705503158		-1.0
	15670.00000000	4.16158		2.56895  0.2  0.2		4.1705503158		-1.0
	15700.00000000	3.89613		2.54742  0.2  0.2		4.1705503158		-1.0
	15730.00000000	2.51951		2.54605  0.2  0.2		4.1705503158		-1.0
	15760.00000000	3.1246		2.31415  0.2  0.2		4.1705503158		-1.0
	15790.00000000	3.12242		2.06371  0.2  0.2		4.1705503158		-1.0
	15820.00000000	2.80427		1.97502  0.2  0.2		4.1705503158		-1.0
	15850.00000000	3.32478		2.06992  0.2  0.2		4.1705503158		-1.0
	15880.00000000	3.94452		1.84982  0.2  0.2		4.1705503158		-1.0
	15910.00000000	3.79604		1.76861  0.2  0.2		4.1705503158		-1.0
	15940.00000000	3.80094		1.60873  0.2  0.2		4.1705503158		-1.0
	15970.00000000	3.9105		1.62967  0.2  0.2		4.1705503158		-1.0
	16000.00000000	3.74448		1.7486  0.2  0.2		4.1705503158		-1.0
	16030.00000000	3.28853		1.83167  0.2  0.2		4.1705503158		-1.0
	16060.00000000	2.76923		1.80923  0.2  0.2		4.1705503158		-1.0
	16090.00000000	3.13191		1.83423  0.2  0.2		4.1705503158		-1.0
	16120.00000000	3.15159		1.69301  0.2  0.2		4.1705503158		-1.0
	16150.00000000	2.82017		1.38869  0.2  0.2		4.1705503158		-1.0
	16180.00000000	2.70819		1.46214  0.2  0.2		4.1705503158		-1.0
	16210.00000000	2.7715		1.4547  0.2  0.2		4.1705503158		-1.0
	16240.00000000	2.76768		1.58037  0.2  0.2		4.1705503158		-1.0
	16270.00000000	2.86983		1.70507  0.2  0.2		4.1705503158		-1.0
	16300.00000000	2.59197		1.65509  0.2  0.2		4.1705503158		-1.0
	16330.00000000	2.80558		1.30553  0.2  0.2		4.1705503158		-1.0
	16360.00000000	2.56312		0.97083  0.2  0.2		4.1705503158		-1.0
	16390.00000000	2.72258		0.40182  0.2  0.2		4.1705503158		-1.0
	16420.00000000	2.58638		-0.02144  0.2  0.2		4.1705503158		-1.0
	16450.00000000	3.31979		-0.0521  0.2  0.2		4.1705503158		-1.0
	16480.00000000	3.06116		-0.49269  0.2  0.2		4.1705503158		-1.0
	16510.00000000	3.52385		-0.58097  0.2  0.2		4.1705503158		-1.0
	16540.00000000	3.32283		-0.69589  0.2  0.2		4.1705503158		-1.0
	16570.00000000	3.29256		-0.89077  0.2  0.2		4.1705503158		-1.0
	16600.00000000	3.13294		-0.81334  0.2  0.2		4.1705503158		-1.0
	16630.00000000	3.45014		-0.62415  0.2  0.2		4.1705503158		-1.0
	16660.00000000	3.27423		-0.48309  0.2  0.2		4.1705503158		-1.0
	16690.00000000	2.79319		-0.68765  0.2  0.2		4.1705503158		-1.0
	16720.00000000	2.71149		-0.98194  0.2  0.2		4.1705503158		-1.0
	16750.00000000	2.66317		-1.00789  0.2  0.2		4.1705503158		-1.0
	16780.00000000	2.65266		-0.79129  0.2  0.2		4.1705503158		-1.0
	16810.00000000	2.75176		-0.53131  0.2  0.2		4.1705503158		-1.0
	16840.00000000	2.77639		-0.53017  0.2  0.2		4.1705503158		-1.0
	16870.00000000	2.84057		-0.47882  0.2  0.2		4.1705503158		-1.0
	16900.00000000	3.57331		-0.73055  0.2  0.2		4.1705503158		-1.0
	16930.00000000	3.17547		-1.13702  0.2  0.2		4.1705503158		-1.0
	16960.00000000	3.51484		-1.08226  0.2  0.2		4.1705503158		-1.0
	16990.00000000	3.43513		-0.82184  0.2  0.2		4.1705503158		-1.0
	17020.00000000	3.22352		-1.00817  0.2  0.2		4.1705503158		-1.0
	17050.00000000	3.59394		-1.11954  0.2  0.2		4.1705503158		-1.0
	17080.00000000	3.62006		-1.21907  0.2  0.2		4.1705503158		-1.0
	17110.00000000	3.55155		-1.34734  0.2  0.2		4.1705503158		-1.0
	17140.00000000	3.33532		-1.46733  0.2  0.2		4.1705503158		-1.0
	17170.00000000	3.64989		-1.50198  0.2  0.2		4.1705503158		-1.0
	17200.00000000	3.6822		-1.35935  0.2  0.2		4.1705503158		-1.0
	17230.00000000	3.30526		-1.34662  0.2  0.2		4.1705503158		-1.0
	17260.00000000	3.66187		-1.484  0.2  0.2		4.1705503158		-1.0
	17290.00000000	3.44782		-1.51265  0.2  0.2		4.1705503158		-1.0
	17320.00000000	3.06406		-1.63372  0.2  0.2		4.1705503158		-1.0
	17350.00000000	3.71476		-1.65056  0.2  0.2		4.1705503158		-1.0
	17380.00000000	3.38408		-1.592  0.2  0.2		4.1705503158		-1.0
	17410.00000000	3.3586		-1.56606  0.2  0.2		4.1705503158		-1.0
	17440.00000000	3.603		-1.79082  0.2  0.2		4.1705503158		-1.0
	17470.00000000	3.56593		-1.79975  0.2  0.2		4.1705503158		-1.0
	17500.00000000	3.35026		-1.74921  0.2  0.2		4.1705503158		-1.0
	17530.00000000	3.75458		-1.87106  0.2  0.2		4.1705503158		-1.0
	17560.00000000	3.52866		-1.99354  0.2  0.2		4.1705503158		-1.0
	17590.00000000	3.32657		-2.17815  0.2  0.2		4.1705503158		-1.0
	17620.00000000	3.66081		-1.94488  0.2  0.2		4.1705503158		-1.0
	17650.00000000	3.92487		-2.0134  0.2  0.2		4.1705503158		-1.0
	17680.00000000	3.43702		-2.19002  0.2  0.2		4.1705503158		-1.0
	17710.00000000	3.06495		-2.0079  0.2  0.2		4.1705503158		-1.0
	17740.00000000	3.05583		-1.91188  0.2  0.2		4.1705503158		-1.0
	17770.00000000	3.71149		-2.02673  0.2  0.2		4.1705503158		-1.0
	17800.00000000	3.60561		-2.27068  0.2  0.2		4.1705503158		-1.0
	17830.00000000	3.00804		-2.5986  0.2  0.2		4.1705503158		-1.0
	17860.00000000	3.27033		-2.4733  0.2  0.2		4.1705503158		-1.0
	17890.00000000	3.63751		-2.46009  0.2  0.2		4.1705503158		-1.0
	17920.00000000	3.14467		-2.33451  0.2  0.2		4.1705503158		-1.0
	17950.00000000	2.66272		-2.43665  0.2  0.2		4.1705503158		-1.0
	17980.00000000	3.60105		-2.60963  0.2  0.2		4.1705503158		-1.0
	18010.00000000	3.35627		-2.81431  0.2  0.2		4.1705503158		-1.0
	18040.00000000	3.39233		-2.73183  0.2  0.2		4.1705503158		-1.0
	18070.00000000	3.37925		-2.62304  0.2  0.2		4.1705503158		-1.0
	18100.00000000	3.37783		-2.49042  0.2  0.2		4.1705503158		-1.0
	18130.00000000	3.73518		-2.4027  0.2  0.2		4.1705503158		-1.0
	18160.00000000	3.80508		-2.40862  0.2  0.2		4.1705503158		-1.0
	18190.00000000	2.91745		-2.35719  0.2  0.2		4.1705503158		-1.0
	18220.00000000	3.0084		-2.51493  0.2  0.2		4.1705503158		-1.0
	18250.00000000	3.13867		-2.72878  0.2  0.2		4.1705503158		-1.0
	18280.00000000	3.2855		-2.7075  0.2  0.2		4.1705503158		-1.0
	18310.00000000	3.55208		-2.96108  0.2  0.2		4.1705503158		-1.0
	18340.00000000	3.46418		-3.00975  0.2  0.2		4.1705503158		-1.0
	18370.00000000	3.23909		-3.0022  0.2  0.2		4.1705503158		-1.0
	18400.00000000	3.65407		-3.09255  0.2  0.2		4.1705503158		-1.0
	18430.00000000	3.46414		-2.99405  0.2  0.2		4.1705503158		-1.0
	18460.00000000	3.53664		-3.00168  0.2  0.2		4.1705503158		-1.0
	18490.00000000	3.36668		-2.9985  0.2  0.2		4.1705503158		-1.0
	18520.00000000	3.34275		-3.09144  0.2  0.2		4.1705503158		-1.0
	18550.00000000	3.58309		3.05152  0.2  0.2		4.1705503158		-1.0
	18580.00000000	3.69346		3.11705  0.2  0.2		4.1705503158		-1.0
	18610.00000000	3.5695		3.09991  0.2  0.2		4.1705503158		-1.0
	18640.00000000	3.27542		-3.10864  0.2  0.2		4.1705503158		-1.0
	18670.00000000	3.41491		-3.0465  0.2  0.2		4.1705503158		-1.0
	18700.00000000	4.01262		-3.03535  0.2  0.2		4.1705503158		-1.0
	18730.00000000	3.11088		-3.06593  0.2  0.2		4.1705503158		-1.0
	18760.00000000	2.75028		-2.99817  0.2  0.2		4.1705503158		-1.0
	18790.00000000	2.69088		-2.91653  0.2  0.2		4.1705503158		-1.0
	18820.00000000	2.61659		-3.01753  0.2  0.2		4.1705503158		-1.0
	18850.00000000	3.07593		-2.89986  0.2  0.2		4.1705503158		-1.0
	18880.00000000	3.90212		-2.73058  0.2  0.2		4.1705503158		-1.0
	18910.00000000	3.72152		-2.84913  0.2  0.2		4.1705503158		-1.0
	18940.00000000	3.56338		-2.98633  0.2  0.2		4.1705503158		-1.0
	18970.00000000	2.70113		-2.9562  0.2  0.2		4.1705503158		-1.0
	19000.00000000	2.61225		-2.87799  0.2  0.2		4.1705503158		-1.0
	19030.00000000	2.55129		-2.93189  0.2  0.2		4.1705503158		-1.0
	19060.00000000	2.58495		-2.73913  0.2  0.2		4.1705503158		-1.0
	19090.00000000	2.70698		-2.43385  0.2  0.2		4.1705503158		-1.0
	19120.00000000	3.21234		-2.31032  0.2  0.2		4.1705503158		-1.0
	19150.00000000	2.61234		-2.36762  0.2  0.2		4.1705503158		-1.0
	19180.00000000	2.95846		-2.42332  0.2  0.2		4.1705503158		-1.0
	19210.00000000	3.05412		-2.62184  0.2  0.2		4.1705503158		-1.0
	19240.00000000	3.0198		-2.79923  0.2  0.2		4.1705503158		-1.0
	19270.00000000	3.17327		-2.82772  0.2  0.2		4.1705503158		-1.0
	19300.00000000	3.01777		-2.94541  0.2  0.2		4.1705503158		-1.0
	19330.00000000	2.60752		3.03834  0.2  0.2		4.1705503158		-1.0
	19360.00000000	2.65125		2.96421  0.2  0.2		4.1705503158		-1.0
	19390.00000000	2.67833		2.94178  0.2  0.2		4.1705503158		-1.0
	19420.00000000	2.6911		2.88564  0.2  0.2		4.1705503158		-1.0
	19450.00000000	2.76539		2.71908  0.2  0.2		4.1705503158		-1.0
	19480.00000000	2.8607		2.77693  0.2  0.2		4.1705503158		-1.0
	19510.00000000	3.98082		2.72379  0.2  0.2		4.1705503158		-1.0
	19540.00000000	3.47928		2.8284  0.2  0.2		4.1705503158		-1.0
	19570.00000000	3.57475		3.02805  0.2  0.2		4.1705503158		-1.0
	19600.00000000	3.6021		-3.05449  0.2  0.2		4.1705503158		-1.0
	19630.00000000	3.56357		3.02725  0.2  0.2		4.1705503158		-1.0
	19660.00000000	3.39601		2.92186  0.2  0.2		4.1705503158		-1.0
	19690.00000000	4.0347		2.97424  0.2  0.2		4.1705503158		-1.0
	19720.00000000	4.23521		2.92413  0.2  0.2		4.1705503158		-1.0
	19750.00000000	3.55589		2.86449  0.2  0.2		4.1705503158		-1.0
	19780.00000000	2.98068		2.96203  0.2  0.2		4.1705503158		-1.0
	19810.00000000	3.07333		3.11409  0.2  0.2		4.1705503158		-1.0
	19840.00000000	2.95056		3.0759  0.2  0.2		4.1705503158		-1.0
	19870.00000000	2.64266		2.94773  0.2  0.2		4.1705503158		-1.0
	19900.00000000	2.5873		2.66679  0.2  0.2		4.1705503158		-1.0
	19930.00000000	2.54882		2.40909  0.2  0.2		4.1705503158		-1.0
	19960.00000000	2.61302		2.11326  0.2  0.2		4.1705503158		-1.0
	19990.00000000	2.59441		2.06465  0.2  0.2		4.1705503158		-1.0
	20020.00000000	2.66529		2.11185  0.2  0.2		4.1705503158		-1.0
	20050.00000000	2.55111		2.18967  0.2  0.2		4.1705503158		-1.0
	20080.00000000	2.99992		2.36964  0.2  0.2		4.1705503158		-1.0
	20110.00000000	3.10455		2.40759  0.2  0.2		4.1705503158		-1.0
	20140.00000000	3.13626		2.32726  0.2  0.2		4.1705503158		-1.0
	20170.00000000	3.19034		2.29317  0.2  0.2		4.1705503158		-1.0
	20200.00000000	3.44321		2.01658  0.2  0.2		4.1705503158		-1.0
	20230.00000000	2.97942		2.00592  0.2  0.2		4.1705503158		-1.0
	20260.00000000	2.5494		2.05726  0.2  0.2		4.1705503158		-1.0
	20290.00000000	2.56001		2.06807  0.2  0.2		4.1705503158		-1.0
	20320.00000000	2.60509		1.68949  0.2  0.2		4.1705503158		-1.0
	20350.00000000	2.70837		1.49853  0.2  0.2		4.1705503158		-1.0
	20380.00000000	2.93216		1.57105  0.2  0.2		4.1705503158		-1.0
	20410.00000000	2.64066		1.59969  0.2  0.2		4.1705503158		-1.0
	20440.00000000	2.62419		1.78753  0.2  0.2		4.1705503158		-1.0
	20470.00000000	2.59533		1.55719  0.2  0.2		4.1705503158		-1.0
	20500.00000000	2.61943		1.4832  0.2  0.2		4.1705503158		-1.0
	20530.00000000	3.01515		1.29332  0.2  0.2		4.1705503158		-1.0
	20560.00000000	3.11883		1.36753  0.2  0.2		4.1705503158		-1.0
	20590.00000000	3.10269		1.63272  0.2  0.2		4.1705503158		-1.0
	20620.00000000	3.49204		1.54467  0.2  0.2		4.1705503158		-1.0
	20650.00000000	3.11682		1.39522  0.2  0.2		4.1705503158		-1.0
	20680.00000000	2.88451		1.07598  0.2  0.2		4.1705503158		-1.0
	20710.00000000	2.81072		0.73478  0.2  0.2		4.1705503158		-1.0
	20739.99999999	2.78018		0.76959  0.2  0.2		4.1705503158		-1.0
	20769.99999999	2.75969		0.54293  0.2  0.2		4.1705503158		-1.0
	20799.99999999	2.73716		0.34767  0.2  0.2		4.1705503158		-1.0
	20829.99999999	2.71653		0.11752  0.2  0.2		4.1705503158		-1.0
	20859.99999999	2.69968		0.0205  0.2  0.2		4.1705503158		-1.0
	20889.99999999	2.76617		0.01886  0.2  0.2		4.1705503158		-1.0
	20919.99999999	2.92783		0.39678  0.2  0.2		4.1705503158		-1.0
	20949.99999999	2.6629		0.71253  0.2  0.2		4.1705503158		-1.0
	20979.99999999	2.55467		1.1002  0.2  0.2		4.1705503158		-1.0
	21009.99999999	2.56963		0.92637  0.2  0.2		4.1705503158		-1.0
	21039.99999999	2.90713		0.62468  0.2  0.2		4.1705503158		-1.0
	21069.99999999	2.79272		0.47196  0.2  0.2		4.1705503158		-1.0
	21099.99999999	2.81402		0.11614  0.2  0.2		4.1705503158		-1.0
	21129.99999999	3.25699		-0.24806  0.2  0.2		4.1705503158		-1.0
	21159.99999999	3.67274		-0.39353  0.2  0.2		4.1705503158		-1.0
	21189.99999999	3.39294		-0.13591  0.2  0.2		4.1705503158		-1.0
	21219.99999999	3.55694		0.09328  0.2  0.2		4.1705503158		-1.0
	21249.99999999	3.41569		-0.03135  0.2  0.2		4.1705503158		-1.0
	21279.99999999	3.0279		-0.01092  0.2  0.2		4.1705503158		-1.0
	21309.99999999	3.5778		-0.10675  0.2  0.2		4.1705503158		-1.0
	21339.99999999	3.42235		-0.14649  0.2  0.2		4.1705503158		-1.0
	21369.99999999	3.78809		0.29649  0.2  0.2		4.1705503158		-1.0
	21399.99999999	3.58713		0.69806  0.2  0.2		4.1705503158		-1.0
	21429.99999999	3.81384		0.69191  0.2  0.2		4.1705503158		-1.0
	21459.99999999	3.20113		0.62715  0.2  0.2		4.1705503158		-1.0
	21489.99999999	3.57562		0.47568  0.2  0.2		4.1705503158		-1.0
	21519.99999999	3.25473		0.82975  0.2  0.2		4.1705503158		-1.0
	21549.99999999	3.49886		1.09171  0.2  0.2		4.1705503158		-1.0
	21579.99999999	3.76028		0.92775  0.2  0.2		4.1705503158		-1.0
	21609.99999999	3.33273		0.83368  0.2  0.2		4.1705503158		-1.0
	21639.99999999	2.90137		0.97026  0.2  0.2		4.1705503158		-1.0
	21669.99999999	2.70683		0.96282  0.2  0.2		4.1705503158		-1.0
	21699.99999999	2.59214		0.83224  0.2  0.2		4.1705503158		-1.0
	21729.99999999	2.63466		0.86435  0.2  0.2		4.1705503158		-1.0
	21759.99999999	2.54679		1.02672  0.2  0.2		4.1705503158		-1.0
	21789.99999999	2.56464		1.05015  0.2  0.2		4.1705503158		-1.0
	21819.99999999	2.65615		1.06206  0.2  0.2		4.1705503158		-1.0
	21849.99999999	2.67493		1.10357  0.2  0.2		4.1705503158		-1.0
	21879.99999999	2.70821		1.11207  0.2  0.2		4.1705503158		-1.0
	21909.99999999	2.62436		1.01698  0.2  0.2		4.1705503158		-1.0
	21939.99999999	2.88661		0.8197  0.2  0.2		4.1705503158		-1.0
	21969.99999999	3.23163		0.24127  0.2  0.2		4.1705503158		-1.0
	21999.99999999	2.78611		0.00022  0.2  0.2		4.1705503158		-1.0
	22029.99999999	2.65791		-0.14154  0.2  0.2		4.1705503158		-1.0
	22059.99999999	2.7528		-0.22953  0.2  0.2		4.1705503158		-1.0
	22089.99999999	2.75806		-0.43752  0.2  0.2		4.1705503158		-1.0
	22119.99999999	2.53207		-0.80164  0.2  0.2		4.1705503158		-1.0
	22149.99999999	3.24422		-1.02578  0.2  0.2		4.1705503158		-1.0
	22179.99999999	3.63201		-0.92482  0.2  0.2		4.1705503158		-1.0
	22209.99999999	3.52243		-0.54765  0.2  0.2		4.1705503158		-1.0
	22239.99999999	3.69996		-0.48214  0.2  0.2		4.1705503158		-1.0
	22269.99999999	3.7312		-0.64545  0.2  0.2		4.1705503158		-1.0
	22299.99999999	3.37642		-0.73655  0.2  0.2		4.1705503158		-1.0
	22329.99999999	2.84336		-0.74439  0.2  0.2		4.1705503158		-1.0
	22359.99999999	2.81163		-0.67759  0.2  0.2		4.1705503158		-1.0
	22389.99999999	3.31018		-0.62891  0.2  0.2		4.1705503158		-1.0
	22419.99999999	3.05205		-0.28624  0.2  0.2		4.1705503158		-1.0
	22449.99999999	3.82532		-0.10292  0.2  0.2		4.1705503158		-1.0
	22479.99999999	3.61897		-0.04976  0.2  0.2		4.1705503158		-1.0
	22509.99999999	3.77552		-0.00955  0.2  0.2		4.1705503158		-1.0
	22539.99999999	3.69783		0.30686  0.2  0.2		4.1705503158		-1.0
	22569.99999999	3.32325		0.3534  0.2  0.2		4.1705503158		-1.0
	22599.99999999	2.68269		0.00875  0.2  0.2		4.1705503158		-1.0
	22629.99999999	3.42064		-0.12538  0.2  0.2		4.1705503158		-1.0
	22659.99999999	3.02655		-0.15005  0.2  0.2		4.1705503158		-1.0
	22689.99999999	3.16364		-0.58268  0.2  0.2		4.1705503158		-1.0
	22719.99999999	3.32273		-1.1446  0.2  0.2		4.1705503158		-1.0
	22749.99999999	3.66894		-1.33484  0.2  0.2		4.1705503158		-1.0
	22779.99999999	3.96001		-1.36798  0.2  0.2		4.1705503158		-1.0
	22809.99999999	3.5966		-1.1822  0.2  0.2		4.1705503158		-1.0
	22839.99999999	3.16345		-1.16852  0.2  0.2		4.1705503158		-1.0
	22869.99999999	2.6161		-1.34047  0.2  0.2		4.1705503158		-1.0
	22899.99999999	2.56702		-1.39079  0.2  0.2		4.1705503158		-1.0
	22929.99999999	2.66987		-1.22129  0.2  0.2		4.1705503158		-1.0
	22959.99999999	2.5749		-1.04542  0.2  0.2		4.1705503158		-1.0
	22989.99999999	2.68759		-0.89811  0.2  0.2		4.1705503158		-1.0
	23019.99999999	3.47093		-0.90879  0.2  0.2		4.1705503158		-1.0
	23049.99999999	3.42973		-0.69411  0.2  0.2		4.1705503158		-1.0
	23079.99999999	3.09295		-0.78571  0.2  0.2		4.1705503158		-1.0
	23109.99999999	2.66043		-0.87891  0.2  0.2		4.1705503158		-1.0
	23139.99999999	2.52185		-0.86573  0.2  0.2		4.1705503158		-1.0
	23169.99999999	2.61444		-0.52808  0.2  0.2		4.1705503158		-1.0
	23199.99999999	2.67181		-0.42928  0.2  0.2		4.1705503158		-1.0
	23229.99999999	2.83737		-0.51941  0.2  0.2		4.1705503158		-1.0
	23259.99999999	3.21944		-0.50213  0.2  0.2		4.1705503158		-1.0
	23289.99999999	3.1049		-0.26183  0.2  0.2		4.1705503158		-1.0
	23319.99999999	3.61897		-0.08779  0.2  0.2		4.1705503158		-1.0
	23349.99999999	3.79484		-0.0225  0.2  0.2		4.1705503158		-1.0
	23379.99999999	3.54034		0.07321  0.2  0.2		4.1705503158		-1.0
	23409.99999999	2.94203		0.37813  0.2  0.2		4.1705503158		-1.0
	23439.99999999	2.84559		0.43316  0.2  0.2		4.1705503158		-1.0
	23469.99999999	2.6662		0.39034  0.2  0.2		4.1705503158		-1.0
	23499.99999999	3.04993		0.393  0.2  0.2		4.1705503158		-1.0
	23529.99999999	3.12423		0.4163  0.2  0.2		4.1705503158		-1.0
	23559.99999999	2.61561		0.3315  0.2  0.2		4.1705503158		-1.0
	23589.99999999	2.97561		0.50317  0.2  0.2		4.1705503158		-1.0
	23619.99999999	3.1955		0.45297  0.2  0.2		4.1705503158		-1.0
	23649.99999999	3.0669		0.36877  0.2  0.2		4.1705503158		-1.0
	23679.99999999	2.9188		-0.00124  0.2  0.2		4.1705503158		-1.0
	23709.99999999	2.70272		-0.31371  0.2  0.2		4.1705503158		-1.0
	23739.99999999	2.61441		-0.26052  0.2  0.2		4.1705503158		-1.0
	23769.99999999	2.65553		-0.14948  0.2  0.2		4.1705503158		-1.0
	23799.99999999	2.75424		0.10059  0.2  0.2		4.1705503158		-1.0
	23829.99999999	3.07091		0.3667  0.2  0.2		4.1705503158		-1.0
	23859.99999999	2.64264		0.33637  0.2  0.2		4.1705503158		-1.0
	23889.99999999	3.12186		0.29897  0.2  0.2		4.1705503158		-1.0
	23919.99999999	3.03345		0.20022  0.2  0.2		4.1705503158		-1.0
	23949.99999999	3.0482		0.06122  0.2  0.2		4.1705503158		-1.0
	23979.99999999	3.50008		-0.27409  0.2  0.2		4.1705503158		-1.0
	24009.99999999	3.20375		-0.62384  0.2  0.2		4.1705503158		-1.0
	24039.99999999	2.53631		-0.6852  0.2  0.2		4.1705503158		-1.0
	24069.99999999	2.67567		-0.97383  0.2  0.2		4.1705503158		-1.0
	24099.99999999	2.63307		-1.5287  0.2  0.2		4.1705503158		-1.0
	24129.99999999	2.57752		-1.47041  0.2  0.2		4.1705503158		-1.0
	24159.99999999	2.62494		-1.57325  0.2  0.2		4.1705503158		-1.0
	24189.99999999	2.57237		-1.80435  0.2  0.2		4.1705503158		-1.0
	24219.99999999	2.62053		-1.82845  0.2  0.2		4.1705503158		-1.0
	24249.99999999	2.6157		-1.83673  0.2  0.2		4.1705503158		-1.0
	24279.99999999	2.68989		-1.69261  0.2  0.2		4.1705503158		-1.0
	24309.99999999	2.9354		-1.38789  0.2  0.2		4.1705503158		-1.0
	24339.99999999	3.12409		-1.28153  0.2  0.2		4.1705503158		-1.0
	24369.99999999	3.15141		-1.24532  0.2  0.2		4.1705503158		-1.0
	24399.99999999	3.13161		-1.48181  0.2  0.2		4.1705503158		-1.0
	24429.99999999	3.1423		-1.57237  0.2  0.2		4.1705503158		-1.0
	24459.99999999	3.35803		-1.48389  0.2  0.2		4.1705503158		-1.0
	24489.99999999	3.25223		-1.93646  0.2  0.2		4.1705503158		-1.0
	24519.99999999	2.61352		-2.22397  0.2  0.2		4.1705503158		-1.0
	24549.99999999	2.58786		-2.15743  0.2  0.2		4.1705503158		-1.0
	24579.99999999	3.03233		-2.17274  0.2  0.2		4.1705503158		-1.0
	24609.99999999	3.18004		-2.00377  0.2  0.2		4.1705503158		-1.0
	24639.99999999	3.30668		-1.72834  0.2  0.2		4.1705503158		-1.0
	24669.99999999	2.47867		-1.67552  0.2  0.2		4.1705503158		-1.0
	24699.99999999	2.6154		-1.68082  0.2  0.2		4.1705503158		-1.0
	24729.99999999	2.92216		-1.82476  0.2  0.2		4.1705503158		-1.0
	24759.99999999	3.00886		-2.02147  0.2  0.2		4.1705503158		-1.0
	24789.99999999	2.96895		-2.24937  0.2  0.2		4.1705503158		-1.0
	24819.99999999	2.69364		-2.36774  0.2  0.2		4.1705503158		-1.0
	24849.99999999	2.52863		-2.44575  0.2  0.2		4.1705503158		-1.0
	24879.99999999	2.66103		-2.49257  0.2  0.2		4.1705503158		-1.0
	24909.99999999	2.54322		-2.68829  0.2  0.2		4.1705503158		-1.0
	24939.99999999	2.63459		-2.68307  0.2  0.2		4.1705503158		-1.0
	24969.99999999	2.59753		-2.67005  0.2  0.2		4.1705503158		-1.0
	24999.99999999	2.60722		-2.77328  0.2  0.2		4.1705503158		-1.0
	25029.99999999	2.8022		-2.87797  0.2  0.2		4.1705503158		-1.0
	25059.99999999	3.37232		-2.58701  0.2  0.2		4.1705503158		-1.0
	25089.99999999	3.55052		-2.63174  0.2  0.2		4.1705503158		-1.0
	25119.99999999	3.46553		-2.70285  0.2  0.2		4.1705503158		-1.0
	25149.99999999	3.64284		-2.6791  0.2  0.2		4.1705503158		-1.0
	25179.99999999	4.04656		-2.94567  0.2  0.2		4.1705503158		-1.0
	25209.99999999	3.89492		-2.86481  0.2  0.2		4.1705503158		-1.0
	25239.99999999	3.90847		-2.57154  0.2  0.2		4.1705503158		-1.0
	25269.99999999	3.85826		-2.65486  0.2  0.2		4.1705503158		-1.0
	25299.99999999	3.53877		-2.54912  0.2  0.2		4.1705503158		-1.0
	25329.99999999	3.99342		-2.46228  0.2  0.2		4.1705503158		-1.0
	25359.99999999	3.55524		-2.41658  0.2  0.2		4.1705503158		-1.0
	25389.99999999	4.03616		-2.38517  0.2  0.2		4.1705503158		-1.0
	25419.99999999	5.00696		-2.46784  0.2  0.2		4.1705503158		-1.0
	25449.99999999	5.56555		-2.44056  0.2  0.2		4.1705503158		-1.0
	25479.99999999	6.19214		-2.3469  0.2  0.2		4.1705503158		-1.0
	25509.99999999	6.46417		-2.4397  0.2  0.2		4.1705503158		-1.0
	25539.99999999	7.13474		-2.40998  0.2  0.2		4.1705503158		-1.0
	25569.99999999	7.53818		-2.4161  0.2  0.2		4.1705503158		-1.0
	25599.99999999	7.85823		-2.35903  0.2  0.2		4.1705503158		-1.0
	25629.99999999	7.70208		-2.26625  0.2  0.2		4.1705503158		-1.0
	25659.99999999	7.5028		-2.14411  0.2  0.2		4.1705503158		-1.0
	25689.99999999	7.49051		-2.29689  0.2  0.2		4.1705503158		-1.0
	25719.99999999	7.68175		-2.29546  0.2  0.2		4.1705503158		-1.0
	25749.99999999	7.86923		-2.44871  0.2  0.2		4.1705503158		-1.0
	25779.99999999	8.98606		-2.45338  0.2  0.2		4.1705503158		-1.0
	25809.99999999	9.36297		-2.4792  0.2  0.2		4.1705503158		-1.0
	25839.99999999	9.59586		-2.22469  0.2  0.2		4.1705503158		-1.0
	25869.99999999	9.98011		-2.25777  0.2  0.2		4.1705503158		-1.0
	25899.99999999	10.37005		-2.19891  0.2  0.2		4.1705503158		-1.0
	25929.99999999	10.72337		-1.99451  0.2  0.2		4.1705503158		-1.0
	25959.99999999	11.31369		-1.84319  0.2  0.2		4.1705503158		-1.0
	25989.99999999	12.10963		-1.54753  0.2  0.2		4.1705503158		-1.0
	26019.99999999	12.75284		-1.35281  0.2  0.2		4.1705503158		-1.0
	26049.99999999	13.55019		-1.35882  0.2  0.2		4.1705503158		-1.0
	26079.99999999	14.32911		-1.28612  0.2  0.2		4.1705503158		-1.0
