	30.00000000	2.92807		0.81194  0.2  0.2		4.1705503158		-1.0
	60.00000000	2.89523		0.78622  0.2  0.2		4.1705503158		-1.0
	90.00000000	2.99539		0.88084  0.2  0.2		4.1705503158		-1.0
	120.00000000	2.94769		1.22767  0.2  0.2		4.1705503158		-1.0
	150.00000000	2.92824		1.30069  0.2  0.2		4.1705503158		-1.0
	180.00000000	2.91359		0.96659  0.2  0.2		4.1705503158		-1.0
	210.00000000	3.06297		0.95775  0.2  0.2		4.1705503158		-1.0
	240.00000000	2.95525		1.01863  0.2  0.2		4.1705503158		-1.0
	270.00000000	2.80003		1.31701  0.2  0.2		4.1705503158		-1.0
	300.00000000	2.93065		1.43735  0.2  0.2		4.1705503158		-1.0
	330.00000000	3.1569		1.59371  0.2  0.2		4.1705503158		-1.0
	360.00000000	3.05658		1.84716  0.2  0.2		4.1705503158		-1.0
	390.00000000	2.99682		2.04532  0.2  0.2		4.1705503158		-1.0
	420.00000000	2.91137		1.83998  0.2  0.2		4.1705503158		-1.0
	450.00000000	2.86897		1.45995  0.2  0.2		4.1705503158		-1.0
	480.00000000	2.82354		1.20175  0.2  0.2		4.1705503158		-1.0
	510.00000000	2.79932		0.9969  0.2  0.2		4.1705503158		-1.0
	540.00000000	2.89833		0.86589  0.2  0.2		4.1705503158		-1.0
	570.00000000	2.91751		0.39417  0.2  0.2		4.1705503158		-1.0
	600.00000000	2.93646		-0.04324  0.2  0.2		4.1705503158		-1.0
	630.00000000	2.9999		-0.37762  0.2  0.2		4.1705503158		-1.0
	660.00000000	3.02601		-0.50125  0.2  0.2		4.1705503158		-1.0
	690.00000000	3.03546		-0.70176  0.2  0.2		4.1705503158		-1.0
	720.00000000	2.80099		-0.87561  0.2  0.2		4.1705503158		-1.0
	750.00000000	2.77232		-1.06401  0.2  0.2		4.1705503158		-1.0
	780.00000000	2.84965		-1.26521  0.2  0.2		4.1705503158		-1.0
	810.00000000	3.07921		-1.29991  0.2  0.2		4.1705503158		-1.0
	840.00000000	3.03601		-1.27644  0.2  0.2		4.1705503158		-1.0
	870.00000000	2.92528		-1.32604  0.2  0.2		4.1705503158		-1.0
	900.00000000	2.90586		-1.53645  0.2  0.2		4.1705503158		-1.0
	930.00000000	2.88421		-1.44723  0.2  0.2		4.1705503158		-1.0
	960.00000000	2.90512		-1.57241  0.2  0.2		4.1705503158		-1.0
	990.00000000	3.00011		-1.77317  0.2  0.2		4.1705503158		-1.0
	1020.00000000	3.02817		-1.80882  0.2  0.2		4.1705503158		-1.0
	1050.00000000	2.83357		-1.7745  0.2  0.2		4.1705503158		-1.0
	1080.00000000	3.08804		-1.87076  0.2  0.2		4.1705503158		-1.0
	1110.00000000	2.80443		-1.85775  0.2  0.2		4.1705503158		-1.0
	1140.00000000	2.98737		-1.73065  0.2  0.2		4.1705503158		-1.0
	1170.00000000	3.12424		-1.68719  0.2  0.2		4.1705503158		-1.0
	1200.00000000	2.74013		-1.731  0.2  0.2		4.1705503158		-1.0
	1230.00000000	3.30163		-1.66848  0.2  0.2		4.1705503158		-1.0
	1260.00000000	2.77192		-1.76174  0.2  0.2		4.1705503158		-1.0
	1290.00000000	3.12264		-1.89522  0.2  0.2		4.1705503158		-1.0
	1320.00000000	3.0442		-2.36438  0.2  0.2		4.1705503158		-1.0
	1350.00000000	2.91179		-2.54546  0.2  0.2		4.1705503158		-1.0
	1380.00000000	2.81573		-2.43497  0.2  0.2		4.1705503158		-1.0
	1410.00000000	2.91773		-2.23431  0.2  0.2		4.1705503158		-1.0
	1440.00000000	2.90112		-2.4591  0.2  0.2		4.1705503158		-1.0
	1470.00000000	3.11103		-2.61849  0.2  0.2		4.1705503158		-1.0
	1500.00000000	2.89962		-2.50413  0.2  0.2		4.1705503158		-1.0
	1530.00000000	2.83438		-2.67588  0.2  0.2		4.1705503158		-1.0
	1560.00000000	3.01146		-2.86406  0.2  0.2		4.1705503158		-1.0
	1590.00000000	2.88091		-3.05964  0.2  0.2		4.1705503158		-1.0
	1620.00000000	2.98604		-3.07917  0.2  0.2		4.1705503158		-1.0
	1650.00000000	2.88633		3.09331  0.2  0.2		4.1705503158		-1.0
	1680.00000000	2.93451		-2.94905  0.2  0.2		4.1705503158		-1.0
	1710.00000000	2.91016		-2.71077  0.2  0.2		4.1705503158		-1.0
	1740.00000000	2.87885		-2.75867  0.2  0.2		4.1705503158		-1.0
	1770.00000000	2.91087		-2.95981  0.2  0.2		4.1705503158		-1.0
	1800.00000000	2.75884		3.07349  0.2  0.2		4.1705503158		-1.0
	1830.00000000	2.98619		2.57623  0.2  0.2		4.1705503158		-1.0
	1860.00000000	3.12937		2.4154  0.2  0.2		4.1705503158		-1.0
	1890.00000000	3.02395		2.53093  0.2  0.2		4.1705503158		-1.0
	1920.00000000	2.96544		2.90759  0.2  0.2		4.1705503158		-1.0
	1950.00000000	2.80245		2.85977  0.2  0.2		4.1705503158		-1.0
	1980.00000000	2.80312		2.79682  0.2  0.2		4.1705503158		-1.0
	2010.00000000	3.00808		2.64541  0.2  0.2		4.1705503158		-1.0
	2040.00000000	2.99926		2.21408  0.2  0.2		4.1705503158		-1.0
	2070.00000000	3.03492		2.00759  0.2  0.2		4.1705503158		-1.0
	2100.00000000	2.89529		2.32901  0.2  0.2		4.1705503158		-1.0
	2130.00000000	2.9035		2.56144  0.2  0.2		4.1705503158		-1.0
	2160.00000000	2.86699		2.46024  0.2  0.2		4.1705503158		-1.0
	2190.00000000	2.77192		2.27206  0.2  0.2		4.1705503158		-1.0
	2220.00000000	2.77695		1.94509  0.2  0.2		4.1705503158		-1.0
	2250.00000000	2.87989		1.47973  0.2  0.2		4.1705503158		-1.0
	2280.00000000	3.02282		1.28171  0.2  0.2		4.1705503158		-1.0
	2310.00000000	2.82381		1.83302  0.2  0.2		4.1705503158		-1.0
	2340.00000000	3.00576		1.80187  0.2  0.2		4.1705503158		-1.0
	2370.00000000	2.94529		1.6104  0.2  0.2		4.1705503158		-1.0
	2400.00000000	2.82581		1.49778  0.2  0.2		4.1705503158		-1.0
	2430.00000000	2.78644		1.48043  0.2  0.2		4.1705503158		-1.0
	2460.00000000	2.90902		1.61483  0.2  0.2		4.1705503158		-1.0
	2490.00000000	2.96537		1.82248  0.2  0.2		4.1705503158		-1.0
	2520.00000000	3.04916		1.73068  0.2  0.2		4.1705503158		-1.0
	2550.00000000	3.04419		1.20996  0.2  0.2		4.1705503158		-1.0
	2580.00000000	3.17244		0.77378  0.2  0.2		4.1705503158		-1.0
	2610.00000000	3.10671		0.58892  0.2  0.2		4.1705503158		-1.0
	2640.00000000	2.9195		0.44247  0.2  0.2		4.1705503158		-1.0
	2670.00000000	2.91905		0.07704  0.2  0.2		4.1705503158		-1.0
	2700.00000000	2.81501		-0.43509  0.2  0.2		4.1705503158		-1.0
	2730.00000000	3.03781		-0.97688  0.2  0.2		4.1705503158		-1.0
	2760.00000000	2.94794		-1.38833  0.2  0.2		4.1705503158		-1.0
	2790.00000000	3.14593		-1.38683  0.2  0.2		4.1705503158		-1.0
	2820.00000000	3.02583		-0.97702  0.2  0.2		4.1705503158		-1.0
	2850.00000000	2.72991		-0.8034  0.2  0.2		4.1705503158		-1.0
	2880.00000000	3.0666		-0.78846  0.2  0.2		4.1705503158		-1.0
	2910.00000000	2.9798		-0.75693  0.2  0.2		4.1705503158		-1.0
	2940.00000000	2.71016		-1.00323  0.2  0.2		4.1705503158		-1.0
	2970.00000000	3.12764		-0.98387  0.2  0.2		4.1705503158		-1.0
	3000.00000000	2.95932		-1.09337  0.2  0.2		4.1705503158		-1.0
	3030.00000000	2.91709		-1.34611  0.2  0.2		4.1705503158		-1.0
	3060.00000000	2.95614		-1.36355  0.2  0.2		4.1705503158		-1.0
	3090.00000000	3.27593		-1.03672  0.2  0.2		4.1705503158		-1.0
	3120.00000000	2.92898		-0.56116  0.2  0.2		4.1705503158		-1.0
	3150.00000000	3.15584		-0.15697  0.2  0.2		4.1705503158		-1.0
	3180.00000000	3.03716		0.10081  0.2  0.2		4.1705503158		-1.0
	3210.00000000	2.75327		0.33609  0.2  0.2		4.1705503158		-1.0
	3240.00000000	2.85354		0.5189  0.2  0.2		4.1705503158		-1.0
	3270.00000000	3.25852		0.23471  0.2  0.2		4.1705503158		-1.0
	3300.00000000	3.26278		-0.00767  0.2  0.2		4.1705503158		-1.0
	3330.00000000	2.8661		-0.21438  0.2  0.2		4.1705503158		-1.0
	3360.00000000	3.07012		-0.44789  0.2  0.2		4.1705503158		-1.0
	3390.00000000	2.95398		-0.83538  0.2  0.2		4.1705503158		-1.0
	3420.00000000	3.16014		-1.33465  0.2  0.2		4.1705503158		-1.0
	3450.00000000	3.03995		-1.47264  0.2  0.2		4.1705503158		-1.0
	3480.00000000	3.15502		-1.39835  0.2  0.2		4.1705503158		-1.0
	3510.00000000	3.1917		-1.29184  0.2  0.2		4.1705503158		-1.0
	3540.00000000	2.70354		-0.99682  0.2  0.2		4.1705503158		-1.0
	3570.00000000	3.30577		-0.77822  0.2  0.2		4.1705503158		-1.0
	3600.00000000	2.78996		-0.61324  0.2  0.2		4.1705503158		-1.0
	3630.00000000	3.01705		-0.21372  0.2  0.2		4.1705503158		-1.0
	3660.00000000	3.15108		-0.2933  0.2  0.2		4.1705503158		-1.0
	3690.00000000	2.73163		-0.4743  0.2  0.2		4.1705503158		-1.0
	3720.00000000	3.32504		-0.58985  0.2  0.2		4.1705503158		-1.0
	3750.00000000	2.82825		-0.48479  0.2  0.2		4.1705503158		-1.0
	3780.00000000	3.03719		-0.47505  0.2  0.2		4.1705503158		-1.0
	3810.00000000	3.03763		-0.74707  0.2  0.2		4.1705503158		-1.0
	3840.00000000	2.66392		-1.04177  0.2  0.2		4.1705503158		-1.0
	3870.00000000	3.44992		-1.25172  0.2  0.2		4.1705503158		-1.0
	3900.00000000	2.7593		-1.01865  0.2  0.2		4.1705503158		-1.0
	3930.00000000	2.96052		-0.85585  0.2  0.2		4.1705503158		-1.0
	3960.00000000	2.89551		-0.56931  0.2  0.2		4.1705503158		-1.0
	3990.00000000	3.27989		-0.41375  0.2  0.2		4.1705503158		-1.0
	4020.00000000	3.32275		-0.60802  0.2  0.2		4.1705503158		-1.0
	4050.00000000	3.08089		-0.30779  0.2  0.2		4.1705503158		-1.0
	4080.00000000	2.81012		0.27986  0.2  0.2		4.1705503158		-1.0
	4110.00000000	2.92478		0.58421  0.2  0.2		4.1705503158		-1.0
	4140.00000000	3.0436		0.66253  0.2  0.2		4.1705503158		-1.0
	4170.00000000	2.8261		0.89185  0.2  0.2		4.1705503158		-1.0
	4200.00000000	2.84672		0.84454  0.2  0.2		4.1705503158		-1.0
	4230.00000000	2.78649		0.8548  0.2  0.2		4.1705503158		-1.0
	4260.00000000	2.78036		0.83323  0.2  0.2		4.1705503158		-1.0
	4290.00000000	3.02673		1.03083  0.2  0.2		4.1705503158		-1.0
	4320.00000000	2.91784		1.3092  0.2  0.2		4.1705503158		-1.0
	4350.00000000	3.37217		1.4467  0.2  0.2		4.1705503158		-1.0
	4380.00000000	2.76804		1.558  0.2  0.2		4.1705503158		-1.0
	4410.00000000	3.04515		1.33925  0.2  0.2		4.1705503158		-1.0
	4440.00000000	3.24566		1.18008  0.2  0.2		4.1705503158		-1.0
	4470.00000000	2.5742		1.33952  0.2  0.2		4.1705503158		-1.0
	4500.00000000	3.11381		1.53488  0.2  0.2		4.1705503158		-1.0
	4530.00000000	3.05757		1.69769  0.2  0.2		4.1705503158		-1.0
	4560.00000000	3.21054		1.82412  0.2  0.2		4.1705503158		-1.0
	4590.00000000	3.08866		1.92849  0.2  0.2		4.1705503158		-1.0
	4620.00000000	3.10745		2.14739  0.2  0.2		4.1705503158		-1.0
	4650.00000000	2.70361		2.65687  0.2  0.2		4.1705503158		-1.0
	4680.00000000	3.0531		2.75454  0.2  0.2		4.1705503158		-1.0
	4710.00000000	3.34916		2.69212  0.2  0.2		4.1705503158		-1.0
	4740.00000000	2.68841		2.65015  0.2  0.2		4.1705503158		-1.0
	4770.00000000	3.12963		2.77143  0.2  0.2		4.1705503158		-1.0
	4800.00000000	3.24784		2.98742  0.2  0.2		4.1705503158		-1.0
	4830.00000000	2.80585		2.94161  0.2  0.2		4.1705503158		-1.0
	4860.00000000	3.22669		2.82033  0.2  0.2		4.1705503158		-1.0
	4890.00000000	2.89808		2.66852  0.2  0.2		4.1705503158		-1.0
	4920.00000000	3.05033		2.67772  0.2  0.2		4.1705503158		-1.0
	4950.00000000	2.93145		2.85467  0.2  0.2		4.1705503158		-1.0
	4980.00000000	2.93974		-2.98855  0.2  0.2		4.1705503158		-1.0
	5010.00000000	3.28848		3.14063  0.2  0.2		4.1705503158		-1.0
	5040.00000000	2.88365		3.01855  0.2  0.2		4.1705503158		-1.0
	5070.00000000	2.86263		3.09545  0.2  0.2		4.1705503158		-1.0
	5100.00000000	3.0111		3.08711  0.2  0.2		4.1705503158		-1.0
	5130.00000000	3.22638		3.05334  0.2  0.2		4.1705503158		-1.0
	5160.00000000	2.81752		-2.94772  0.2  0.2		4.1705503158		-1.0
	5190.00000000	3.14822		-2.95283  0.2  0.2		4.1705503158		-1.0
	5220.00000000	2.97492		-2.89392  0.2  0.2		4.1705503158		-1.0
	5250.00000000	3.16743		-2.77091  0.2  0.2		4.1705503158		-1.0
	5280.00000000	2.9109		-2.7868  0.2  0.2		4.1705503158		-1.0
	5310.00000000	3.13142		-2.76626  0.2  0.2		4.1705503158		-1.0
	5340.00000000	3.24407		-2.84748  0.2  0.2		4.1705503158		-1.0
	5370.00000000	3.38957		-2.91714  0.2  0.2		4.1705503158		-1.0
	5400.00000000	3.00328		-2.58451  0.2  0.2		4.1705503158		-1.0
	5430.00000000	3.22381		-2.31464  0.2  0.2		4.1705503158		-1.0
	5460.00000000	3.00969		-2.24707  0.2  0.2		4.1705503158		-1.0
	5490.00000000	2.80854		-2.06302  0.2  0.2		4.1705503158		-1.0
	5520.00000000	2.93772		-2.22059  0.2  0.2		4.1705503158		-1.0
	5550.00000000	2.97292		-2.16158  0.2  0.2		4.1705503158		-1.0
	5580.00000000	3.03259		-2.08413  0.2  0.2		4.1705503158		-1.0
	5610.00000000	3.07541		-2.17951  0.2  0.2		4.1705503158		-1.0
	5640.00000000	3.05595		-2.40967  0.2  0.2		4.1705503158		-1.0
	5670.00000000	2.89793		-2.62924  0.2  0.2		4.1705503158		-1.0
	5700.00000000	2.74048		-2.72705  0.2  0.2		4.1705503158		-1.0
	5730.00000000	2.68195		-2.99387  0.2  0.2		4.1705503158		-1.0
	5760.00000000	2.75271		3.07039  0.2  0.2		4.1705503158		-1.0
	5790.00000000	2.92135		3.10634  0.2  0.2		4.1705503158		-1.0
	5820.00000000	3.26742		-3.04452  0.2  0.2		4.1705503158		-1.0
	5850.00000000	2.72566		3.12354  0.2  0.2		4.1705503158		-1.0
	5880.00000000	3.32619		2.75955  0.2  0.2		4.1705503158		-1.0
	5910.00000000	2.80697		2.35274  0.2  0.2		4.1705503158		-1.0
	5940.00000000	3.10419		2.14847  0.2  0.2		4.1705503158		-1.0
	5970.00000000	2.69781		2.29542  0.2  0.2		4.1705503158		-1.0
	6000.00000000	2.85864		2.46069  0.2  0.2		4.1705503158		-1.0
	6030.00000000	3.22554		2.18527  0.2  0.2		4.1705503158		-1.0
	6060.00000000	2.70497		2.07807  0.2  0.2		4.1705503158		-1.0
	6090.00000000	3.13521		2.01284  0.2  0.2		4.1705503158		-1.0
	6120.00000000	3.03914		2.31986  0.2  0.2		4.1705503158		-1.0
	6150.00000000	2.89315		2.34479  0.2  0.2		4.1705503158		-1.0
	6180.00000000	2.80999		1.90557  0.2  0.2		4.1705503158		-1.0
	6210.00000000	2.80436		1.67735  0.2  0.2		4.1705503158		-1.0
	6240.00000000	2.80782		2.07191  0.2  0.2		4.1705503158		-1.0
	6270.00000000	2.69909		2.42383  0.2  0.2		4.1705503158		-1.0
	6300.00000000	2.74374		2.56822  0.2  0.2		4.1705503158		-1.0
	6330.00000000	2.89833		2.58962  0.2  0.2		4.1705503158		-1.0
	6360.00000000	3.31631		2.66156  0.2  0.2		4.1705503158		-1.0
	6390.00000000	3.28755		2.55807  0.2  0.2		4.1705503158		-1.0
	6420.00000000	3.01547		2.25092  0.2  0.2		4.1705503158		-1.0
	6450.00000000	2.87467		1.99583  0.2  0.2		4.1705503158		-1.0
	6480.00000000	2.82012		1.97268  0.2  0.2		4.1705503158		-1.0
	6510.00000000	2.80158		2.08061  0.2  0.2		4.1705503158		-1.0
	6540.00000000	2.76538		1.90738  0.2  0.2		4.1705503158		-1.0
	6570.00000000	2.67196		1.74762  0.2  0.2		4.1705503158		-1.0
	6600.00000000	2.70495		1.62267  0.2  0.2		4.1705503158		-1.0
	6630.00000000	2.63348		1.57921  0.2  0.2		4.1705503158		-1.0
	6660.00000000	3.25694		1.40002  0.2  0.2		4.1705503158		-1.0
	6690.00000000	2.90584		1.16121  0.2  0.2		4.1705503158		-1.0
	6720.00000000	3.02712		0.89529  0.2  0.2		4.1705503158		-1.0
	6750.00000000	2.99355		0.92231  0.2  0.2		4.1705503158		-1.0
	6780.00000000	3.03109		1.01463  0.2  0.2		4.1705503158		-1.0
	6810.00000000	3.00199		1.31441  0.2  0.2		4.1705503158		-1.0
	6840.00000000	3.08149		1.33382  0.2  0.2		4.1705503158		-1.0
	6870.00000000	2.90898		1.26031  0.2  0.2		4.1705503158		-1.0
	6900.00000000	2.74594		1.16669  0.2  0.2		4.1705503158		-1.0
	6930.00000000	2.68558		1.10045  0.2  0.2		4.1705503158		-1.0
	6960.00000000	2.7301		0.79889  0.2  0.2		4.1705503158		-1.0
	6990.00000000	3.13027		0.23796  0.2  0.2		4.1705503158		-1.0
	7020.00000000	2.80943		-0.12614  0.2  0.2		4.1705503158		-1.0
	7050.00000000	2.8713		-0.20894  0.2  0.2		4.1705503158		-1.0
	7080.00000000	2.94078		0.05593  0.2  0.2		4.1705503158		-1.0
	7110.00000000	3.14647		0.64283  0.2  0.2		4.1705503158		-1.0
	7140.00000000	3.16129		0.85483  0.2  0.2		4.1705503158		-1.0
	7170.00000000	3.09047		0.51196  0.2  0.2		4.1705503158		-1.0
	7200.00000000	2.90475		-0.05615  0.2  0.2		4.1705503158		-1.0
	7230.00000000	2.9121		-0.40602  0.2  0.2		4.1705503158		-1.0
	7260.00000000	2.81253		-0.51043  0.2  0.2		4.1705503158		-1.0
	7290.00000000	2.85425		-0.27853  0.2  0.2		4.1705503158		-1.0
	7320.00000000	2.83336		0.35712  0.2  0.2		4.1705503158		-1.0
	7350.00000000	2.6442		0.83866  0.2  0.2		4.1705503158		-1.0
	7380.00000000	2.76948		0.57287  0.2  0.2		4.1705503158		-1.0
	7410.00000000	2.86547		0.11907  0.2  0.2		4.1705503158		-1.0
	7440.00000000	2.74788		-0.22468  0.2  0.2		4.1705503158		-1.0
	7470.00000000	2.89284		0.08584  0.2  0.2		4.1705503158		-1.0
	7500.00000000	2.88339		0.49725  0.2  0.2		4.1705503158		-1.0
	7530.00000000	2.89616		0.35016  0.2  0.2		4.1705503158		-1.0
	7560.00000000	3.18962		0.1723  0.2  0.2		4.1705503158		-1.0
	7590.00000000	3.25739		0.20605  0.2  0.2		4.1705503158		-1.0
	7620.00000000	3.23426		0.40749  0.2  0.2		4.1705503158		-1.0
	7650.00000000	3.23097		0.54437  0.2  0.2		4.1705503158		-1.0
	7680.00000000	3.27747		0.88725  0.2  0.2		4.1705503158		-1.0
	7710.00000000	3.35979		1.15265  0.2  0.2		4.1705503158		-1.0
	7740.00000000	3.413		0.91428  0.2  0.2		4.1705503158		-1.0
	7770.00000000	3.25102		0.5104  0.2  0.2		4.1705503158		-1.0
	7800.00000000	2.71048		0.39435  0.2  0.2		4.1705503158		-1.0
	7830.00000000	3.18059		0.34628  0.2  0.2		4.1705503158		-1.0
	7860.00000000	2.69098		0.08993  0.2  0.2		4.1705503158		-1.0
	7890.00000000	3.47555		-0.32985  0.2  0.2		4.1705503158		-1.0
	7920.00000000	2.67588		-0.53609  0.2  0.2		4.1705503158		-1.0
	7950.00000000	2.7132		-0.64901  0.2  0.2		4.1705503158		-1.0
	7980.00000000	3.02687		-0.90075  0.2  0.2		4.1705503158		-1.0
	8010.00000000	3.08181		-0.99054  0.2  0.2		4.1705503158		-1.0
	8040.00000000	2.95419		-1.13971  0.2  0.2		4.1705503158		-1.0
	8070.00000000	2.78524		-1.24376  0.2  0.2		4.1705503158		-1.0
	8100.00000000	3.33696		-1.41657  0.2  0.2		4.1705503158		-1.0
	8130.00000000	2.62118		-1.59036  0.2  0.2		4.1705503158		-1.0
	8160.00000000	3.07284		-1.68172  0.2  0.2		4.1705503158		-1.0
	8190.00000000	2.87854		-1.39303  0.2  0.2		4.1705503158		-1.0
	8220.00000000	2.95016		-0.80261  0.2  0.2		4.1705503158		-1.0
	8250.00000000	3.27869		-0.40411  0.2  0.2		4.1705503158		-1.0
	8280.00000000	2.77078		-0.27026  0.2  0.2		4.1705503158		-1.0
	8310.00000000	3.03995		-0.24872  0.2  0.2		4.1705503158		-1.0
	8340.00000000	3.41019		-0.22622  0.2  0.2		4.1705503158		-1.0
	8370.00000000	3.31532		0.02524  0.2  0.2		4.1705503158		-1.0
	8400.00000000	2.54881		0.27442  0.2  0.2		4.1705503158		-1.0
	8430.00000000	3.57622		0.66279  0.2  0.2		4.1705503158		-1.0
	8460.00000000	2.75462		0.98888  0.2  0.2		4.1705503158		-1.0
	8490.00000000	3.39827		1.16695  0.2  0.2		4.1705503158		-1.0
	8520.00000000	3.02457		1.31901  0.2  0.2		4.1705503158		-1.0
	8550.00000000	3.24135		1.37675  0.2  0.2		4.1705503158		-1.0
	8580.00000000	3.39396		1.41676  0.2  0.2		4.1705503158		-1.0
	8610.00000000	3.03427		1.59496  0.2  0.2		4.1705503158		-1.0
	8640.00000000	3.37973		2.0706  0.2  0.2		4.1705503158		-1.0
	8670.00000000	2.5963		2.33576  0.2  0.2		4.1705503158		-1.0
	8700.00000000	3.29352		2.31569  0.2  0.2		4.1705503158		-1.0
	8730.00000000	3.27053		2.41954  0.2  0.2		4.1705503158		-1.0
	8760.00000000	3.32896		2.56416  0.2  0.2		4.1705503158		-1.0
	8790.00000000	3.41886		2.65871  0.2  0.2		4.1705503158		-1.0
	8820.00000000	2.73488		2.83604  0.2  0.2		4.1705503158		-1.0
	8850.00000000	3.08631		2.92538  0.2  0.2		4.1705503158		-1.0
	8880.00000000	3.08911		3.08278  0.2  0.2		4.1705503158		-1.0
	8910.00000000	3.45709		-2.88956  0.2  0.2		4.1705503158		-1.0
	8940.00000000	3.3012		-2.73387  0.2  0.2		4.1705503158		-1.0
	8970.00000000	3.10053		-2.57597  0.2  0.2		4.1705503158		-1.0
	9000.00000000	2.66788		-2.41271  0.2  0.2		4.1705503158		-1.0
	9030.00000000	2.72925		-2.39664  0.2  0.2		4.1705503158		-1.0
	9060.00000000	3.03445		-2.37518  0.2  0.2		4.1705503158		-1.0
	9090.00000000	3.25385		-1.95357  0.2  0.2		4.1705503158		-1.0
	9120.00000000	3.20485		-1.47119  0.2  0.2		4.1705503158		-1.0
	9150.00000000	3.25869		-1.03889  0.2  0.2		4.1705503158		-1.0
	9180.00000000	3.43508		-1.19855  0.2  0.2		4.1705503158		-1.0
	9210.00000000	3.17371		-1.18911  0.2  0.2		4.1705503158		-1.0
	9240.00000000	3.4655		-0.87184  0.2  0.2		4.1705503158		-1.0
	9270.00000000	3.19421		-0.5336  0.2  0.2		4.1705503158		-1.0
	9300.00000000	3.20442		-0.59716  0.2  0.2		4.1705503158		-1.0
	9330.00000000	3.54142		-1.04702  0.2  0.2		4.1705503158		-1.0
	9360.00000000	3.25981		-1.1309  0.2  0.2		4.1705503158		-1.0
	9390.00000000	3.42883		-0.7679  0.2  0.2		4.1705503158		-1.0
	9420.00000000	3.25887		-0.77814  0.2  0.2		4.1705503158		-1.0
	9450.00000000	2.88142		-0.97725  0.2  0.2		4.1705503158		-1.0
	9480.00000000	2.86643		-1.15265  0.2  0.2		4.1705503158		-1.0
	9510.00000000	2.76871		-1.14398  0.2  0.2		4.1705503158		-1.0
	9540.00000000	2.78353		-1.27948  0.2  0.2		4.1705503158		-1.0
	9570.00000000	2.77594		-1.48303  0.2  0.2		4.1705503158		-1.0
	9600.00000000	2.69937		-1.58569  0.2  0.2		4.1705503158		-1.0
	9630.00000000	3.04297		-1.89854  0.2  0.2		4.1705503158		-1.0
	9660.00000000	2.86838		-1.8382  0.2  0.2		4.1705503158		-1.0
	9690.00000000	2.73686		-2.08152  0.2  0.2		4.1705503158		-1.0
	9720.00000000	3.30637		-2.07779  0.2  0.2		4.1705503158		-1.0
	9750.00000000	2.99601		-1.71151  0.2  0.2		4.1705503158		-1.0
	9780.00000000	2.67827		-1.44315  0.2  0.2		4.1705503158		-1.0
	9810.00000000	2.70173		-1.37576  0.2  0.2		4.1705503158		-1.0
	9840.00000000	2.73767		-1.30584  0.2  0.2		4.1705503158		-1.0
	9870.00000000	2.79859		-1.15514  0.2  0.2		4.1705503158		-1.0
	9900.00000000	2.91734		-0.79556  0.2  0.2		4.1705503158		-1.0
	9930.00000000	2.79128		-0.43089  0.2  0.2		4.1705503158		-1.0
	9960.00000000	2.68528		-0.68948  0.2  0.2		4.1705503158		-1.0
	9990.00000000	2.62133		-1.05596  0.2  0.2		4.1705503158		-1.0
	10020.00000000	2.63032		-0.73731  0.2  0.2		4.1705503158		-1.0
	10050.00000000	2.6836		-0.48202  0.2  0.2		4.1705503158		-1.0
	10080.00000000	2.76631		-0.35316  0.2  0.2		4.1705503158		-1.0
	10110.00000000	2.79789		0.14311  0.2  0.2		4.1705503158		-1.0
	10140.00000000	2.88511		0.40073  0.2  0.2		4.1705503158		-1.0
	10170.00000000	2.894		0.27415  0.2  0.2		4.1705503158		-1.0
	10200.00000000	3.41907		0.17488  0.2  0.2		4.1705503158		-1.0
	10230.00000000	3.26333		0.24724  0.2  0.2		4.1705503158		-1.0
	10260.00000000	3.44911		0.85983  0.2  0.2		4.1705503158		-1.0
	10290.00000000	3.32321		0.86368  0.2  0.2		4.1705503158		-1.0
	10320.00000000	2.80616		0.44472  0.2  0.2		4.1705503158		-1.0
	10350.00000000	3.28348		-0.01688  0.2  0.2		4.1705503158		-1.0
	10380.00000000	3.35564		-0.2466  0.2  0.2		4.1705503158		-1.0
	10410.00000000	3.468		-0.36513  0.2  0.2		4.1705503158		-1.0
	10440.00000000	3.05379		-0.48978  0.2  0.2		4.1705503158		-1.0
	10470.00000000	3.29523		-0.44441  0.2  0.2		4.1705503158		-1.0
	10500.00000000	3.37384		-0.66475  0.2  0.2		4.1705503158		-1.0
	10530.00000000	3.47125		-0.99086  0.2  0.2		4.1705503158		-1.0
	10560.00000000	3.38418		-1.0741  0.2  0.2		4.1705503158		-1.0
	10590.00000000	2.6568		-1.00526  0.2  0.2		4.1705503158		-1.0
	10620.00000000	3.09596		-0.82617  0.2  0.2		4.1705503158		-1.0
	10650.00000000	3.43083		-0.77609  0.2  0.2		4.1705503158		-1.0
	10680.00000000	3.63465		-0.69071  0.2  0.2		4.1705503158		-1.0
	10710.00000000	3.2816		-0.2827  0.2  0.2		4.1705503158		-1.0
	10740.00000000	2.73141		0.16265  0.2  0.2		4.1705503158		-1.0
	10770.00000000	2.87563		0.53301  0.2  0.2		4.1705503158		-1.0
	10800.00000000	2.72873		1.22983  0.2  0.2		4.1705503158		-1.0
	10830.00000001	2.91727		1.62367  0.2  0.2		4.1705503158		-1.0
	10860.00000001	3.39162		1.70877  0.2  0.2		4.1705503158		-1.0
	10890.00000001	3.19169		1.62009  0.2  0.2		4.1705503158		-1.0
	10920.00000001	3.32446		1.69833  0.2  0.2		4.1705503158		-1.0
	10950.00000001	3.39198		1.84757  0.2  0.2		4.1705503158		-1.0
	10980.00000001	3.35012		1.99757  0.2  0.2		4.1705503158		-1.0
	11010.00000001	3.28817		2.00182  0.2  0.2		4.1705503158		-1.0
	11040.00000001	3.55955		1.85493  0.2  0.2		4.1705503158		-1.0
	11070.00000001	2.69605		2.06025  0.2  0.2		4.1705503158		-1.0
	11100.00000001	3.11992		2.34476  0.2  0.2		4.1705503158		-1.0
	11130.00000001	3.32285		2.40179  0.2  0.2		4.1705503158		-1.0
	11160.00000001	3.46932		2.30219  0.2  0.2		4.1705503158		-1.0
	11190.00000001	3.42179		2.13826  0.2  0.2		4.1705503158		-1.0
	11220.00000001	2.63608		2.3253  0.2  0.2		4.1705503158		-1.0
	11250.00000001	3.62805		2.451  0.2  0.2		4.1705503158		-1.0
	11280.00000001	3.37869		2.43432  0.2  0.2		4.1705503158		-1.0
	11310.00000001	2.9446		2.40695  0.2  0.2		4.1705503158		-1.0
	11340.00000001	3.36617		2.57723  0.2  0.2		4.1705503158		-1.0
	11370.00000001	3.01233		2.93569  0.2  0.2		4.1705503158		-1.0
	11400.00000001	3.40117		3.13576  0.2  0.2		4.1705503158		-1.0
	11430.00000001	3.34798		2.95374  0.2  0.2		4.1705503158		-1.0
	11460.00000001	2.78529		2.8382  0.2  0.2		4.1705503158		-1.0
	11490.00000001	3.60286		2.94355  0.2  0.2		4.1705503158		-1.0
	11520.00000001	3.30976		-3.01092  0.2  0.2		4.1705503158		-1.0
	11550.00000001	3.20482		3.12081  0.2  0.2		4.1705503158		-1.0
	11580.00000001	3.37826		2.9207  0.2  0.2		4.1705503158		-1.0
	11610.00000001	3.24443		3.05226  0.2  0.2		4.1705503158		-1.0
	11640.00000001	3.07813		2.85578  0.2  0.2		4.1705503158		-1.0
	11670.00000001	2.70453		2.8801  0.2  0.2		4.1705503158		-1.0
	11700.00000001	3.09738		3.08768  0.2  0.2		4.1705503158		-1.0
	11730.00000001	3.47436		-2.88863  0.2  0.2		4.1705503158		-1.0
	11760.00000001	2.6785		-2.73606  0.2  0.2		4.1705503158		-1.0
	11790.00000001	2.62618		-2.94291  0.2  0.2		4.1705503158		-1.0
	11820.00000001	2.73238		-2.98399  0.2  0.2		4.1705503158		-1.0
	11850.00000001	2.63186		-2.88236  0.2  0.2		4.1705503158		-1.0
	11880.00000001	3.46395		-2.88805  0.2  0.2		4.1705503158		-1.0
	11910.00000001	3.33504		-2.71824  0.2  0.2		4.1705503158		-1.0
	11940.00000001	3.02951		-2.73636  0.2  0.2		4.1705503158		-1.0
	11970.00000001	3.39237		-2.60685  0.2  0.2		4.1705503158		-1.0
	12000.00000001	3.44192		-2.41825  0.2  0.2		4.1705503158		-1.0
	12030.00000001	3.1239		-2.40785  0.2  0.2		4.1705503158		-1.0
	12060.00000001	3.278		-2.31837  0.2  0.2		4.1705503158		-1.0
	12090.00000001	3.22927		-2.14522  0.2  0.2		4.1705503158		-1.0
	12120.00000001	3.32567		-1.9544  0.2  0.2		4.1705503158		-1.0
	12150.00000001	3.4384		-1.65139  0.2  0.2		4.1705503158		-1.0
	12180.00000001	3.3676		-1.5997  0.2  0.2		4.1705503158		-1.0
	12210.00000001	3.20234		-1.93369  0.2  0.2		4.1705503158		-1.0
	12240.00000001	3.3529		-2.16278  0.2  0.2		4.1705503158		-1.0
	12270.00000001	3.35237		-2.2583  0.2  0.2		4.1705503158		-1.0
	12300.00000001	2.80223		-2.30768  0.2  0.2		4.1705503158		-1.0
	12330.00000001	2.65974		-1.97941  0.2  0.2		4.1705503158		-1.0
	12360.00000001	3.7488		-1.77602  0.2  0.2		4.1705503158		-1.0
	12390.00000001	2.65546		-1.94832  0.2  0.2		4.1705503158		-1.0
	12420.00000001	2.91263		-2.33486  0.2  0.2		4.1705503158		-1.0
	12450.00000001	3.1121		-2.6155  0.2  0.2		4.1705503158		-1.0
	12480.00000001	3.35955		-2.57219  0.2  0.2		4.1705503158		-1.0
	12510.00000001	3.474		-2.08865  0.2  0.2		4.1705503158		-1.0
	12540.00000001	3.03023		-1.87035  0.2  0.2		4.1705503158		-1.0
	12570.00000001	2.85561		-2.10178  0.2  0.2		4.1705503158		-1.0
	12600.00000001	2.7688		-2.1188  0.2  0.2		4.1705503158		-1.0
	12630.00000001	2.65494		-2.45246  0.2  0.2		4.1705503158		-1.0
	12660.00000001	2.66328		-2.71574  0.2  0.2		4.1705503158		-1.0
	12690.00000001	2.65676		-2.94544  0.2  0.2		4.1705503158		-1.0
	12720.00000001	2.91438		3.0464  0.2  0.2		4.1705503158		-1.0
	12750.00000001	2.79121		2.98234  0.2  0.2		4.1705503158		-1.0
	12780.00000001	2.64531		-3.04693  0.2  0.2		4.1705503158		-1.0
	12810.00000001	2.61931		-3.06589  0.2  0.2		4.1705503158		-1.0
	12840.00000001	3.24454		-2.8864  0.2  0.2		4.1705503158		-1.0
	12870.00000001	2.63569		-2.64536  0.2  0.2		4.1705503158		-1.0
	12900.00000001	3.15823		-2.55829  0.2  0.2		4.1705503158		-1.0
	12930.00000001	3.34804		-2.52547  0.2  0.2		4.1705503158		-1.0
	12960.00000001	3.50204		-2.4249  0.2  0.2		4.1705503158		-1.0
	12990.00000001	3.10945		-2.43702  0.2  0.2		4.1705503158		-1.0
	13020.00000001	2.84753		-2.41581  0.2  0.2		4.1705503158		-1.0
	13050.00000001	3.69477		-2.17949  0.2  0.2		4.1705503158		-1.0
	13080.00000001	3.01954		-1.90782  0.2  0.2		4.1705503158		-1.0
	13110.00000001	2.80092		-1.89772  0.2  0.2		4.1705503158		-1.0
	13140.00000001	2.75683		-1.91274  0.2  0.2		4.1705503158		-1.0
	13170.00000001	2.79264		-1.54119  0.2  0.2		4.1705503158		-1.0
	13200.00000001	2.82532		-1.63871  0.2  0.2		4.1705503158		-1.0
	13230.00000001	2.70398		-1.89732  0.2  0.2		4.1705503158		-1.0
	13260.00000001	2.71604		-2.01997  0.2  0.2		4.1705503158		-1.0
	13290.00000001	3.12496		-2.09334  0.2  0.2		4.1705503158		-1.0
	13320.00000001	3.61899		-2.20747  0.2  0.2		4.1705503158		-1.0
	13350.00000001	3.19596		-1.68306  0.2  0.2		4.1705503158		-1.0
	13380.00000001	3.45464		-1.60035  0.2  0.2		4.1705503158		-1.0
	13410.00000001	3.16552		-1.79503  0.2  0.2		4.1705503158		-1.0
	13440.00000001	3.58445		-1.84862  0.2  0.2		4.1705503158		-1.0
	13470.00000001	3.03563		-1.7482  0.2  0.2		4.1705503158		-1.0
	13500.00000001	3.05619		-1.69317  0.2  0.2		4.1705503158		-1.0
	13530.00000001	3.31374		-1.55611  0.2  0.2		4.1705503158		-1.0
	13560.00000001	3.54095		-1.67109  0.2  0.2		4.1705503158		-1.0
	13590.00000001	3.276		-1.8709  0.2  0.2		4.1705503158		-1.0
	13620.00000001	3.45806		-1.84419  0.2  0.2		4.1705503158		-1.0
	13650.00000001	3.65976		-1.56786  0.2  0.2		4.1705503158		-1.0
	13680.00000001	3.16932		-1.47701  0.2  0.2		4.1705503158		-1.0
	13710.00000001	3.19959		-1.52306  0.2  0.2		4.1705503158		-1.0
	13740.00000001	2.67126		-1.50741  0.2  0.2		4.1705503158		-1.0
	13770.00000001	2.66648		-1.59218  0.2  0.2		4.1705503158		-1.0
	13800.00000001	2.67106		-1.75577  0.2  0.2		4.1705503158		-1.0
	13830.00000001	2.68259		-1.43788  0.2  0.2		4.1705503158		-1.0
	13860.00000001	2.92545		-1.05764  0.2  0.2		4.1705503158		-1.0
	13890.00000001	2.6388		-0.76888  0.2  0.2		4.1705503158		-1.0
	13920.00000001	2.71495		-0.88592  0.2  0.2		4.1705503158		-1.0
	13950.00000001	2.71943		-1.36811  0.2  0.2		4.1705503158		-1.0
	13980.00000001	2.77664		-1.44762  0.2  0.2		4.1705503158		-1.0
	14010.00000001	2.76189		-1.49407  0.2  0.2		4.1705503158		-1.0
	14040.00000001	3.79455		-1.47041  0.2  0.2		4.1705503158		-1.0
	14070.00000001	3.22559		-1.30382  0.2  0.2		4.1705503158		-1.0
	14100.00000001	3.49378		-1.28378  0.2  0.2		4.1705503158		-1.0
	14130.00000001	3.77357		-1.48212  0.2  0.2		4.1705503158		-1.0
	14160.00000001	3.11456		-1.59336  0.2  0.2		4.1705503158		-1.0
	14190.00000001	3.54637		-1.55589  0.2  0.2		4.1705503158		-1.0
	14220.00000001	3.47532		-1.35986  0.2  0.2		4.1705503158		-1.0
	14250.00000000	3.30436		-1.31047  0.2  0.2		4.1705503158		-1.0
	14280.00000000	2.89132		-1.10776  0.2  0.2		4.1705503158		-1.0
	14310.00000000	3.18454		-0.94826  0.2  0.2		4.1705503158		-1.0
	14340.00000000	2.73317		-0.6867  0.2  0.2		4.1705503158		-1.0
	14370.00000000	2.83499		-0.4371  0.2  0.2		4.1705503158		-1.0
	14400.00000000	2.82229		-0.13755  0.2  0.2		4.1705503158		-1.0
	14430.00000000	2.97892		0.09172  0.2  0.2		4.1705503158		-1.0
	14460.00000000	3.38301		-0.28336  0.2  0.2		4.1705503158		-1.0
	14490.00000000	3.66124		-0.46416  0.2  0.2		4.1705503158		-1.0
	14520.00000000	3.40013		-0.18044  0.2  0.2		4.1705503158		-1.0
	14550.00000000	3.38262		0.26035  0.2  0.2		4.1705503158		-1.0
	14580.00000000	3.1793		0.69118  0.2  0.2		4.1705503158		-1.0
	14610.00000000	3.26471		0.87901  0.2  0.2		4.1705503158		-1.0
	14640.00000000	3.4433		1.11479  0.2  0.2		4.1705503158		-1.0
	14670.00000000	3.17967		1.1717  0.2  0.2		4.1705503158		-1.0
	14700.00000000	3.45175		1.19706  0.2  0.2		4.1705503158		-1.0
	14730.00000000	3.20845		1.14133  0.2  0.2		4.1705503158		-1.0
	14760.00000000	2.86913		1.07176  0.2  0.2		4.1705503158		-1.0
	14790.00000000	2.76898		0.88265  0.2  0.2		4.1705503158		-1.0
	14820.00000000	2.61526		0.72121  0.2  0.2		4.1705503158		-1.0
	14850.00000000	2.64435		0.69957  0.2  0.2		4.1705503158		-1.0
	14880.00000000	2.59572		0.90312  0.2  0.2		4.1705503158		-1.0
	14910.00000000	2.64972		0.88925  0.2  0.2		4.1705503158		-1.0
	14940.00000000	2.70434		0.75276  0.2  0.2		4.1705503158		-1.0
	14970.00000000	3.25388		0.55716  0.2  0.2		4.1705503158		-1.0
	15000.00000000	3.29182		0.38904  0.2  0.2		4.1705503158		-1.0
	15030.00000000	3.0555		0.23262  0.2  0.2		4.1705503158		-1.0
	15060.00000000	2.7083		0.4506  0.2  0.2		4.1705503158		-1.0
	15090.00000000	3.27111		0.70808  0.2  0.2		4.1705503158		-1.0
	15120.00000000	3.30418		0.62554  0.2  0.2		4.1705503158		-1.0
	15150.00000000	3.05408		0.50443  0.2  0.2		4.1705503158		-1.0
	15180.00000000	2.74915		-0.02284  0.2  0.2		4.1705503158		-1.0
	15210.00000000	2.80626		-0.35349  0.2  0.2		4.1705503158		-1.0
	15240.00000000	3.01953		-0.10614  0.2  0.2		4.1705503158		-1.0
	15270.00000000	3.39509		0.26326  0.2  0.2		4.1705503158		-1.0
	15300.00000000	3.59025		0.5334  0.2  0.2		4.1705503158		-1.0
	15330.00000000	3.29564		0.62352  0.2  0.2		4.1705503158		-1.0
	15360.00000000	3.46516		0.8298  0.2  0.2		4.1705503158		-1.0
	15390.00000000	2.85903		1.12783  0.2  0.2		4.1705503158		-1.0
	15420.00000000	2.78978		1.42504  0.2  0.2		4.1705503158		-1.0
	15450.00000000	2.59555		1.40503  0.2  0.2		4.1705503158		-1.0
	15480.00000000	2.73535		1.04624  0.2  0.2		4.1705503158		-1.0
	15510.00000000	2.77336		0.57475  0.2  0.2		4.1705503158		-1.0
	15540.00000000	2.6773		-0.08758  0.2  0.2		4.1705503158		-1.0
	15570.00000000	2.71085		-0.52013  0.2  0.2		4.1705503158		-1.0
	15600.00000000	2.69416		-0.86946  0.2  0.2		4.1705503158		-1.0
	15630.00000000	3.28021		-0.92249  0.2  0.2		4.1705503158		-1.0
	15660.00000000	3.22385		-0.56434  0.2  0.2		4.1705503158		-1.0
	15690.00000000	3.2198		-0.36624  0.2  0.2		4.1705503158		-1.0
	15720.00000000	3.24545		-0.08678  0.2  0.2		4.1705503158		-1.0
	15750.00000000	3.55939		-0.10076  0.2  0.2		4.1705503158		-1.0
	15500.00000000	2.67547		0.59659  0.2  0.2		4.1705503158		-1.0
	15530.00000000	2.69445		-0.11005  0.2  0.2		4.1705503158		-1.0
	15560.00000000	2.60985		-0.53344  0.2  0.2		4.1705503158		-1.0
	15590.00000000	2.64823		-1.00178  0.2  0.2		4.1705503158		-1.0
	15620.00000000	3.07471		-1.07768  0.2  0.2		4.1705503158		-1.0
	15650.00000000	3.25392		-0.70681  0.2  0.2		4.1705503158		-1.0
	15680.00000000	3.28338		-0.42423  0.2  0.2		4.1705503158		-1.0
	15710.00000000	3.13496		0.02637  0.2  0.2		4.1705503158		-1.0
	15740.00000000	3.7127		0.10318  0.2  0.2		4.1705503158		-1.0
	15770.00000000	2.67928		0.02864  0.2  0.2		4.1705503158		-1.0
	15800.00000000	3.35375		0.07293  0.2  0.2		4.1705503158		-1.0
	15830.00000000	3.46173		0.25136  0.2  0.2		4.1705503158		-1.0
	15860.00000000	3.56925		0.49014  0.2  0.2		4.1705503158		-1.0
	15890.00000000	3.46967		0.5519  0.2  0.2		4.1705503158		-1.0
	15920.00000000	3.20524		0.43624  0.2  0.2		4.1705503158		-1.0
	15950.00000000	2.9952		0.17069  0.2  0.2		4.1705503158		-1.0
	15980.00000000	2.9329		-0.01738  0.2  0.2		4.1705503158		-1.0
	16010.00000000	2.76373		0.14974  0.2  0.2		4.1705503158		-1.0
	16040.00000000	2.68688		0.58129  0.2  0.2		4.1705503158		-1.0
	16070.00000000	2.50806		0.81345  0.2  0.2		4.1705503158		-1.0
	16100.00000000	3.5986		0.65763  0.2  0.2		4.1705503158		-1.0
	16130.00000000	3.42981		0.35345  0.2  0.2		4.1705503158		-1.0
	16160.00000000	3.72128		0.29231  0.2  0.2		4.1705503158		-1.0
	16190.00000000	3.01376		0.30615  0.2  0.2		4.1705503158		-1.0
	16220.00000000	2.64913		0.18306  0.2  0.2		4.1705503158		-1.0
	16250.00000000	2.58316		0.11792  0.2  0.2		4.1705503158		-1.0
	16280.00000000	3.14925		0.07059  0.2  0.2		4.1705503158		-1.0
	16310.00000000	3.59477		0.04749  0.2  0.2		4.1705503158		-1.0
	16340.00000000	3.51311		-0.07447  0.2  0.2		4.1705503158		-1.0
	16370.00000000	3.8426		-0.18402  0.2  0.2		4.1705503158		-1.0
	16400.00000000	3.22095		-0.17396  0.2  0.2		4.1705503158		-1.0
	16430.00000000	2.70563		0.07671  0.2  0.2		4.1705503158		-1.0
	16460.00000000	3.19279		0.29094  0.2  0.2		4.1705503158		-1.0
	16490.00000000	3.53766		0.06743  0.2  0.2		4.1705503158		-1.0
	16520.00000000	3.89338		-0.53538  0.2  0.2		4.1705503158		-1.0
	16550.00000000	3.27077		-0.83578  0.2  0.2		4.1705503158		-1.0
	16580.00000000	2.80309		-0.9744  0.2  0.2		4.1705503158		-1.0
	16610.00000000	3.02524		-0.7018  0.2  0.2		4.1705503158		-1.0
	16640.00000000	3.01838		-0.54382  0.2  0.2		4.1705503158		-1.0
	16670.00000000	2.87701		-0.72748  0.2  0.2		4.1705503158		-1.0
	16700.00000000	2.95933		-1.07182  0.2  0.2		4.1705503158		-1.0
	16730.00000000	3.42808		-1.06085  0.2  0.2		4.1705503158		-1.0
	16760.00000000	3.02848		-0.82755  0.2  0.2		4.1705503158		-1.0
	16790.00000000	2.69349		-0.64703  0.2  0.2		4.1705503158		-1.0
	16820.00000000	2.7476		-0.69253  0.2  0.2		4.1705503158		-1.0
	16850.00000000	2.6458		-1.11271  0.2  0.2		4.1705503158		-1.0
	16880.00000000	2.5608		-1.36653  0.2  0.2		4.1705503158		-1.0
	16910.00000000	2.6201		-1.0864  0.2  0.2		4.1705503158		-1.0
	16940.00000000	2.62115		-0.71808  0.2  0.2		4.1705503158		-1.0
	16970.00000000	2.75881		-0.30643  0.2  0.2		4.1705503158		-1.0
	17000.00000000	3.34227		-0.02232  0.2  0.2		4.1705503158		-1.0
	17030.00000000	3.00726		0.07824  0.2  0.2		4.1705503158		-1.0
	17060.00000000	2.71109		0.09203  0.2  0.2		4.1705503158		-1.0
	17090.00000000	2.65495		-0.05432  0.2  0.2		4.1705503158		-1.0
	17120.00000000	2.55657		-0.25084  0.2  0.2		4.1705503158		-1.0
	17150.00000000	2.69349		-0.21344  0.2  0.2		4.1705503158		-1.0
	17180.00000000	2.67302		0.02705  0.2  0.2		4.1705503158		-1.0
	17210.00000000	2.65907		0.44966  0.2  0.2		4.1705503158		-1.0
	17240.00000000	2.7197		0.7399  0.2  0.2		4.1705503158		-1.0
	17270.00000000	2.64224		0.67204  0.2  0.2		4.1705503158		-1.0
	17300.00000000	2.66331		0.50332  0.2  0.2		4.1705503158		-1.0
	17330.00000000	3.28522		0.69775  0.2  0.2		4.1705503158		-1.0
	17360.00000000	3.60893		1.11431  0.2  0.2		4.1705503158		-1.0
	17390.00000000	3.32277		1.43502  0.2  0.2		4.1705503158		-1.0
	17420.00000000	3.10325		1.4192  0.2  0.2		4.1705503158		-1.0
	17450.00000000	2.73426		1.22594  0.2  0.2		4.1705503158		-1.0
	17480.00000000	2.63598		1.22362  0.2  0.2		4.1705503158		-1.0
	17510.00000000	2.63762		1.42208  0.2  0.2		4.1705503158		-1.0
	17540.00000000	2.6759		1.76677  0.2  0.2		4.1705503158		-1.0
	17570.00000000	2.8249		2.01683  0.2  0.2		4.1705503158		-1.0
	17600.00000000	2.90547		2.10647  0.2  0.2		4.1705503158		-1.0
	17630.00000000	3.41295		1.99995  0.2  0.2		4.1705503158		-1.0
	17660.00000000	3.05681		1.70186  0.2  0.2		4.1705503158		-1.0
	17690.00000000	3.53541		1.53299  0.2  0.2		4.1705503158		-1.0
	17720.00000000	3.24654		1.73027  0.2  0.2		4.1705503158		-1.0
	17750.00000000	3.24893		2.07389  0.2  0.2		4.1705503158		-1.0
	17780.00000000	2.64284		2.33937  0.2  0.2		4.1705503158		-1.0
	17810.00000000	2.8329		2.46212  0.2  0.2		4.1705503158		-1.0
	17840.00000000	2.77482		2.53088  0.2  0.2		4.1705503158		-1.0
	17870.00000000	2.70763		2.45487  0.2  0.2		4.1705503158		-1.0
	17900.00000000	2.79569		2.45751  0.2  0.2		4.1705503158		-1.0
	17930.00000000	2.65875		2.62076  0.2  0.2		4.1705503158		-1.0
	17960.00000000	3.29059		2.86141  0.2  0.2		4.1705503158		-1.0
	17990.00000000	3.48166		3.06455  0.2  0.2		4.1705503158		-1.0
	18020.00000000	2.83289		2.98749  0.2  0.2		4.1705503158		-1.0
	18050.00000000	3.00217		2.74939  0.2  0.2		4.1705503158		-1.0
	18080.00000000	2.88252		2.48637  0.2  0.2		4.1705503158		-1.0
	18110.00000000	2.71693		2.15837  0.2  0.2		4.1705503158		-1.0
	18140.00000000	2.68608		2.08244  0.2  0.2		4.1705503158		-1.0
	18170.00000000	2.67427		2.20851  0.2  0.2		4.1705503158		-1.0
	18200.00000000	3.01488		2.24696  0.2  0.2		4.1705503158		-1.0
	18230.00000000	3.42252		2.16869  0.2  0.2		4.1705503158		-1.0
	18260.00000000	3.33553		2.15712  0.2  0.2		4.1705503158		-1.0
	18290.00000000	2.96529		2.33356  0.2  0.2		4.1705503158		-1.0
	18320.00000000	3.84064		2.55837  0.2  0.2		4.1705503158		-1.0
	18350.00000000	2.98794		2.60519  0.2  0.2		4.1705503158		-1.0
	18380.00000000	2.79292		2.79122  0.2  0.2		4.1705503158		-1.0
	18410.00000000	2.84007		2.88823  0.2  0.2		4.1705503158		-1.0
	18440.00000000	2.74146		2.93644  0.2  0.2		4.1705503158		-1.0
	18470.00000000	2.73698		2.90614  0.2  0.2		4.1705503158		-1.0
	18500.00000000	2.64077		2.97849  0.2  0.2		4.1705503158		-1.0
	18530.00000000	2.62544		2.97716  0.2  0.2		4.1705503158		-1.0
	18560.00000000	2.80667		3.12729  0.2  0.2		4.1705503158		-1.0
	18590.00000000	3.24467		-3.01768  0.2  0.2		4.1705503158		-1.0
	18620.00000000	2.94108		-2.82193  0.2  0.2		4.1705503158		-1.0
	18650.00000000	2.80502		-2.57132  0.2  0.2		4.1705503158		-1.0
	18680.00000000	2.71971		-2.49193  0.2  0.2		4.1705503158		-1.0
	18710.00000000	2.67064		-2.3696  0.2  0.2		4.1705503158		-1.0
	18740.00000000	2.75631		-2.08476  0.2  0.2		4.1705503158		-1.0
	18770.00000000	2.58675		-2.09199  0.2  0.2		4.1705503158		-1.0
	18800.00000000	2.6208		-2.2501  0.2  0.2		4.1705503158		-1.0
	18830.00000000	2.61481		-2.29906  0.2  0.2		4.1705503158		-1.0
	18860.00000000	2.69394		-2.47004  0.2  0.2		4.1705503158		-1.0
	18890.00000000	2.70361		-2.75349  0.2  0.2		4.1705503158		-1.0
	18920.00000000	2.83146		-2.85306  0.2  0.2		4.1705503158		-1.0
	18950.00000000	3.36473		-2.78089  0.2  0.2		4.1705503158		-1.0
	18980.00000000	3.72775		-2.50589  0.2  0.2		4.1705503158		-1.0
	19010.00000000	2.57118		-2.56923  0.2  0.2		4.1705503158		-1.0
	19040.00000000	3.88082		-2.69137  0.2  0.2		4.1705503158		-1.0
	19070.00000000	3.53646		-2.94881  0.2  0.2		4.1705503158		-1.0
	19100.00000000	2.9813		-2.84132  0.2  0.2		4.1705503158		-1.0
	19130.00000000	3.88426		-2.54187  0.2  0.2		4.1705503158		-1.0
	19160.00000000	3.07359		-2.41778  0.2  0.2		4.1705503158		-1.0
	19190.00000000	2.71822		-2.42457  0.2  0.2		4.1705503158		-1.0
	19220.00000000	3.7271		-2.78841  0.2  0.2		4.1705503158		-1.0
	19250.00000000	3.8909		-2.81472  0.2  0.2		4.1705503158		-1.0
	19280.00000000	2.95911		-2.76265  0.2  0.2		4.1705503158		-1.0
	19310.00000000	3.35338		-2.57464  0.2  0.2		4.1705503158		-1.0
	19340.00000000	3.64542		-2.52305  0.2  0.2		4.1705503158		-1.0
	19370.00000000	3.44409		-2.44703  0.2  0.2		4.1705503158		-1.0
	19400.00000000	3.56993		-2.43885  0.2  0.2		4.1705503158		-1.0
	19430.00000000	3.1153		-2.11046  0.2  0.2		4.1705503158		-1.0
	19460.00000000	3.78243		-1.86615  0.2  0.2		4.1705503158		-1.0
	19490.00000000	3.42694		-1.91371  0.2  0.2		4.1705503158		-1.0
	19520.00000000	3.81097		-2.08114  0.2  0.2		4.1705503158		-1.0
	19550.00000000	3.19271		-2.05192  0.2  0.2		4.1705503158		-1.0
	19580.00000000	2.57324		-1.54752  0.2  0.2		4.1705503158		-1.0
	19610.00000000	3.45794		-1.43615  0.2  0.2		4.1705503158		-1.0
	19640.00000000	3.58838		-1.35988  0.2  0.2		4.1705503158		-1.0
	19670.00000000	3.21398		-1.20831  0.2  0.2		4.1705503158		-1.0
	19700.00000000	2.95715		-1.18973  0.2  0.2		4.1705503158		-1.0
	19730.00000000	3.04307		-1.10803  0.2  0.2		4.1705503158		-1.0
	19760.00000000	2.93791		-1.15046  0.2  0.2		4.1705503158		-1.0
	19790.00000000	2.8353		-0.87817  0.2  0.2		4.1705503158		-1.0
	19820.00000000	3.2235		-0.68916  0.2  0.2		4.1705503158		-1.0
	19850.00000000	3.23154		-0.81814  0.2  0.2		4.1705503158		-1.0
	19880.00000000	3.6336		-0.84491  0.2  0.2		4.1705503158		-1.0
	19910.00000000	3.18979		-0.85686  0.2  0.2		4.1705503158		-1.0
	19940.00000000	3.01202		-0.69128  0.2  0.2		4.1705503158		-1.0
	19970.00000000	3.10928		-0.23348  0.2  0.2		4.1705503158		-1.0
	20000.00000000	2.66184		0.35273  0.2  0.2		4.1705503158		-1.0
	20030.00000000	2.57725		0.66545  0.2  0.2		4.1705503158		-1.0
	20060.00000000	2.72111		1.21746  0.2  0.2		4.1705503158		-1.0
	20090.00000000	2.71371		1.49152  0.2  0.2		4.1705503158		-1.0
	20120.00000000	2.65461		1.32993  0.2  0.2		4.1705503158		-1.0
	20150.00000000	2.91644		1.6833  0.2  0.2		4.1705503158		-1.0
	20180.00000000	3.99267		1.92986  0.2  0.2		4.1705503158		-1.0
	20210.00000000	3.38687		1.86778  0.2  0.2		4.1705503158		-1.0
	20240.00000000	2.57957		1.99263  0.2  0.2		4.1705503158		-1.0
	20270.00000000	3.10805		1.92703  0.2  0.2		4.1705503158		-1.0
	20300.00000000	3.96704		1.75194  0.2  0.2		4.1705503158		-1.0
	20330.00000000	3.22421		1.36043  0.2  0.2		4.1705503158		-1.0
	20360.00000000	3.62949		1.00212  0.2  0.2		4.1705503158		-1.0
	20390.00000000	3.45514		1.08038  0.2  0.2		4.1705503158		-1.0
	20420.00000000	3.21855		0.8154  0.2  0.2		4.1705503158		-1.0
	20450.00000000	3.88343		0.69431  0.2  0.2		4.1705503158		-1.0
	20480.00000000	3.51416		0.91971  0.2  0.2		4.1705503158		-1.0
	20510.00000000	4.03034		0.99254  0.2  0.2		4.1705503158		-1.0
	20540.00000000	3.40312		1.28963  0.2  0.2		4.1705503158		-1.0
	20570.00000000	3.67413		1.52141  0.2  0.2		4.1705503158		-1.0
	20600.00000000	3.74609		1.37804  0.2  0.2		4.1705503158		-1.0
	20630.00000000	3.72835		1.59703  0.2  0.2		4.1705503158		-1.0
	20660.00000000	3.24626		1.66036  0.2  0.2		4.1705503158		-1.0
	20690.00000000	3.81973		1.17292  0.2  0.2		4.1705503158		-1.0
	20720.00000000	3.64697		0.90529  0.2  0.2		4.1705503158		-1.0
	20749.99999999	3.15087		0.31304  0.2  0.2		4.1705503158		-1.0
	20779.99999999	3.24058		-0.33109  0.2  0.2		4.1705503158		-1.0
	20809.99999999	3.69977		-0.55546  0.2  0.2		4.1705503158		-1.0
	20839.99999999	3.30625		-0.47494  0.2  0.2		4.1705503158		-1.0
	20869.99999999	3.77836		-0.55574  0.2  0.2		4.1705503158		-1.0
	20899.99999999	3.59749		-0.69701  0.2  0.2		4.1705503158		-1.0
	20929.99999999	3.59632		-0.85642  0.2  0.2		4.1705503158		-1.0
	20959.99999999	3.75641		-0.98029  0.2  0.2		4.1705503158		-1.0
	20989.99999999	3.41643		-1.22565  0.2  0.2		4.1705503158		-1.0
	21019.99999999	3.53758		-1.37014  0.2  0.2		4.1705503158		-1.0
	21049.99999999	4.07883		-1.04556  0.2  0.2		4.1705503158		-1.0
	21079.99999999	3.4802		-0.93002  0.2  0.2		4.1705503158		-1.0
	21109.99999999	4.09413		-1.08275  0.2  0.2		4.1705503158		-1.0
	21139.99999999	3.44309		-1.47055  0.2  0.2		4.1705503158		-1.0
	21169.99999999	3.51825		-1.52864  0.2  0.2		4.1705503158		-1.0
	21199.99999999	4.26131		-1.43085  0.2  0.2		4.1705503158		-1.0
	21229.99999999	4.86833		-1.43907  0.2  0.2		4.1705503158		-1.0
	21259.99999999	5.75007		-1.47866  0.2  0.2		4.1705503158		-1.0
	21289.99999999	5.59691		-1.14577  0.2  0.2		4.1705503158		-1.0
	21319.99999999	5.6794		-0.63119  0.2  0.2		4.1705503158		-1.0
	21349.99999999	6.30955		0.00494  0.2  0.2		4.1705503158		-1.0
	21379.99999999	7.20793		0.5735  0.2  0.2		4.1705503158		-1.0
	21409.99999999	8.04561		0.53824  0.2  0.2		4.1705503158		-1.0
	21439.99999999	8.75462		0.45769  0.2  0.2		4.1705503158		-1.0
	21469.99999999	9.2244		0.20165  0.2  0.2		4.1705503158		-1.0
	21499.99999999	9.66916		0.1909  0.2  0.2		4.1705503158		-1.0
	21529.99999999	9.7613		-0.06152  0.2  0.2		4.1705503158		-1.0
	21559.99999999	10.12167		-0.05155  0.2  0.2		4.1705503158		-1.0
	21589.99999999	10.90502		0.03979  0.2  0.2		4.1705503158		-1.0
	21619.99999999	11.61962		-0.25742  0.2  0.2		4.1705503158		-1.0
	21649.99999999	12.54974		-0.27857  0.2  0.2		4.1705503158		-1.0
	21679.99999999	13.85759		-0.23166  0.2  0.2		4.1705503158		-1.0
	21709.99999999	15.01707		-0.55348  0.2  0.2		4.1705503158		-1.0
	21739.99999999	16.06739		-0.75005  0.2  0.2		4.1705503158		-1.0
	21769.99999999	17.48771		-0.79071  0.2  0.2		4.1705503158		-1.0
	21799.99999999	18.5436		-0.61691  0.2  0.2		4.1705503158		-1.0
	21829.99999999	19.46926		-0.37134  0.2  0.2		4.1705503158		-1.0
	21859.99999999	19.51393		-0.07578  0.2  0.2		4.1705503158		-1.0
	21889.99999999	19.89618		0.01297  0.2  0.2		4.1705503158		-1.0
	21919.99999999	20.42751		-0.09403  0.2  0.2		4.1705503158		-1.0
	21949.99999999	20.83001		0.00675  0.2  0.2		4.1705503158		-1.0
	21979.99999999	21.76908		-0.17371  0.2  0.2		4.1705503158		-1.0
	22009.99999999	22.76362		-0.05092  0.2  0.2		4.1705503158		-1.0
	22039.99999999	23.09588		0.18097  0.2  0.2		4.1705503158		-1.0
	22069.99999999	23.84324		-0.06557  0.2  0.2		4.1705503158		-1.0
	22099.99999999	23.97806		0.0741  0.2  0.2		4.1705503158		-1.0
	22129.99999999	24.38863		0.63592  0.2  0.2		4.1705503158		-1.0
	22159.99999999	24.42124		0.2922  0.2  0.2		4.1705503158		-1.0
	22189.99999999	24.69484		0.30992  0.2  0.2		4.1705503158		-1.0
	22219.99999999	25.22082		0.5825  0.2  0.2		4.1705503158		-1.0
	22249.99999999	25.72132		0.21012  0.2  0.2		4.1705503158		-1.0
	22279.99999999	26.07667		0.50565  0.2  0.2		4.1705503158		-1.0
	22309.99999999	26.94987		-0.08428  0.2  0.2		4.1705503158		-1.0
	22339.99999999	27.39255		-0.14156  0.2  0.2		4.1705503158		-1.0
	22369.99999999	27.95664		0.31601  0.2  0.2		4.1705503158		-1.0
	22399.99999999	28.62698		0.08201  0.2  0.2		4.1705503158		-1.0
	22429.99999999	29.4514		0.37909  0.2  0.2		4.1705503158		-1.0
	22459.99999999	30.00861		0.59587  0.2  0.2		4.1705503158		-1.0
	22489.99999999	30.67846		0.5063  0.2  0.2		4.1705503158		-1.0
	22519.99999999	31.2607		0.80442  0.2  0.2		4.1705503158		-1.0
	22549.99999999	31.86076		0.71616  0.2  0.2		4.1705503158		-1.0
	22579.99999999	32.1885		0.80629  0.2  0.2		4.1705503158		-1.0
	22609.99999999	32.74849		0.50958  0.2  0.2		4.1705503158		-1.0
	22639.99999999	33.36899		0.10996  0.2  0.2		4.1705503158		-1.0
	22669.99999999	33.70471		0.42859  0.2  0.2		4.1705503158		-1.0
	22699.99999999	34.29185		1.15804  0.2  0.2		4.1705503158		-1.0
	22729.99999999	34.88211		1.55462  0.2  0.2		4.1705503158		-1.0
	22759.99999999	35.72456		2.44313  0.2  0.2		4.1705503158		-1.0
	22789.99999999	36.33194		-2.68058  0.2  0.2		4.1705503158		-1.0
	22819.99999999	36.91751		-2.36848  0.2  0.2		4.1705503158		-1.0
	22849.99999999	37.01553		-1.81783  0.2  0.2		4.1705503158		-1.0
	22879.99999999	36.77937		-1.61049  0.2  0.2		4.1705503158		-1.0
	22909.99999999	37.54074		-1.78449  0.2  0.2		4.1705503158		-1.0
	22939.99999999	38.29482		-1.01429  0.2  0.2		4.1705503158		-1.0
	22969.99999999	38.9341		-1.64793  0.2  0.2		4.1705503158		-1.0
	22999.99999999	38.77372		-2.75406  0.2  0.2		4.1705503158		-1.0
	23029.99999999	38.54876		-2.28896  0.2  0.2		4.1705503158		-1.0
	23059.99999999	38.05044		-2.62786  0.2  0.2		4.1705503158		-1.0
	23089.99999999	38.50613		-2.09113  0.2  0.2		4.1705503158		-1.0
	23119.99999999	39.4119		-1.59162  0.2  0.2		4.1705503158		-1.0
	23149.99999999	39.85881		-1.3905  0.2  0.2		4.1705503158		-1.0
	23179.99999999	39.89858		-0.37997  0.2  0.2		4.1705503158		-1.0
	23209.99999999	39.53489		0.23204  0.2  0.2		4.1705503158		-1.0
	23239.99999999	39.65666		-0.12252  0.2  0.2		4.1705503158		-1.0
	23269.99999999	39.40242		-0.17618  0.2  0.2		4.1705503158		-1.0
	23299.99999999	38.5634		-0.60045  0.2  0.2		4.1705503158		-1.0
	23329.99999999	37.78329		-1.09251  0.2  0.2		4.1705503158		-1.0
	23359.99999999	37.36488		-1.00887  0.2  0.2		4.1705503158		-1.0
	23389.99999999	37.32742		-1.05117  0.2  0.2		4.1705503158		-1.0
	23419.99999999	36.8104		-0.98316  0.2  0.2		4.1705503158		-1.0
	23449.99999999	35.79315		-0.52642  0.2  0.2		4.1705503158		-1.0
	23479.99999999	35.19683		-0.17123  0.2  0.2		4.1705503158		-1.0
	23509.99999999	34.81178		-0.05949  0.2  0.2		4.1705503158		-1.0
	23539.99999999	34.41628		0.16496  0.2  0.2		4.1705503158		-1.0
	23569.99999999	33.74462		0.25967  0.2  0.2		4.1705503158		-1.0
	23599.99999999	32.81779		0.09008  0.2  0.2		4.1705503158		-1.0
	23629.99999999	31.97811		-0.0115  0.2  0.2		4.1705503158		-1.0
	23659.99999999	31.60572		-0.6432  0.2  0.2		4.1705503158		-1.0
	23689.99999999	31.75706		-0.79105  0.2  0.2		4.1705503158		-1.0
	23719.99999999	32.12686		-0.44671  0.2  0.2		4.1705503158		-1.0
	23749.99999999	32.68934		-0.34476  0.2  0.2		4.1705503158		-1.0
	23779.99999999	32.95173		-0.21547  0.2  0.2		4.1705503158		-1.0
	23809.99999999	32.67385		0.00862  0.2  0.2		4.1705503158		-1.0
	23839.99999999	32.5987		-0.26303  0.2  0.2		4.1705503158		-1.0
	23869.99999999	32.66245		-0.43628  0.2  0.2		4.1705503158		-1.0
	23899.99999999	33.11011		-0.9914  0.2  0.2		4.1705503158		-1.0
	23929.99999999	33.90194		-1.10718  0.2  0.2		4.1705503158		-1.0
	23959.99999999	34.41563		-1.17498  0.2  0.2		4.1705503158		-1.0
	23989.99999999	34.85979		-1.27794  0.2  0.2		4.1705503158		-1.0
	24019.99999999	35.15023		-0.64186  0.2  0.2		4.1705503158		-1.0
	24049.99999999	35.5386		-1.33932  0.2  0.2		4.1705503158		-1.0
	24079.99999999	35.63132		-1.98442  0.2  0.2		4.1705503158		-1.0
	24109.99999999	35.63482		2.85791  0.2  0.2		4.1705503158		-1.0
	24139.99999999	35.51185		1.99217  0.2  0.2		4.1705503158		-1.0
	24169.99999999	35.50708		-1.34239  0.2  0.2		4.1705503158		-1.0
	24199.99999999	35.84562		-0.07992  0.2  0.2		4.1705503158		-1.0
	24229.99999999	35.58416		-1.90897  0.2  0.2		4.1705503158		-1.0
	24259.99999999	35.42667		2.22557  0.2  0.2		4.1705503158		-1.0
	24289.99999999	35.48447		2.33188  0.2  0.2		4.1705503158		-1.0
	24319.99999999	35.47449		1.52988  0.2  0.2		4.1705503158		-1.0
	24349.99999999	35.54142		1.1273  0.2  0.2		4.1705503158		-1.0
	24379.99999999	35.73471		2.32239  0.2  0.2		4.1705503158		-1.0
	24409.99999999	36.26478		3.02476  0.2  0.2		4.1705503158		-1.0
	24439.99999999	36.36038		-1.40791  0.2  0.2		4.1705503158		-1.0
	24469.99999999	36.71016		2.51085  0.2  0.2		4.1705503158		-1.0
	24499.99999999	36.94265		2.06601  0.2  0.2		4.1705503158		-1.0
	24529.99999999	37.37465		-2.88647  0.2  0.2		4.1705503158		-1.0
	24559.99999999	37.7284		-3.11207  0.2  0.2		4.1705503158		-1.0
	24589.99999999	37.51896		-2.59667  0.2  0.2		4.1705503158		-1.0
	24619.99999999	37.07969		-2.65663  0.2  0.2		4.1705503158		-1.0
	24649.99999999	37.31668		-3.06521  0.2  0.2		4.1705503158		-1.0
	24679.99999999	37.43736		-2.60614  0.2  0.2		4.1705503158		-1.0
	24709.99999999	37.43561		-2.72283  0.2  0.2		4.1705503158		-1.0
	24739.99999999	37.63083		-2.69423  0.2  0.2		4.1705503158		-1.0
	24769.99999999	37.64293		-2.95104  0.2  0.2		4.1705503158		-1.0
	24799.99999999	38.22117		3.07799  0.2  0.2		4.1705503158		-1.0
	24829.99999999	38.62343		-3.06451  0.2  0.2		4.1705503158		-1.0
	24859.99999999	38.8197		-3.10351  0.2  0.2		4.1705503158		-1.0
	24889.99999999	38.16988		0.98007  0.2  0.2		4.1705503158		-1.0
	24919.99999999	38.11378		0.40176  0.2  0.2		4.1705503158		-1.0
	24949.99999999	37.61071		0.90468  0.2  0.2		4.1705503158		-1.0
	24979.99999999	37.80578		1.71529  0.2  0.2		4.1705503158		-1.0
	25009.99999999	37.43852		1.75144  0.2  0.2		4.1705503158		-1.0
	25039.99999999	37.61928		2.03142  0.2  0.2		4.1705503158		-1.0
	25069.99999999	37.63189		1.63704  0.2  0.2		4.1705503158		-1.0
	25099.99999999	38.00772		1.32463  0.2  0.2		4.1705503158		-1.0
	25129.99999999	38.33029		1.5845  0.2  0.2		4.1705503158		-1.0
	25159.99999999	38.30924		2.50674  0.2  0.2		4.1705503158		-1.0
	25189.99999999	37.66688		3.12759  0.2  0.2		4.1705503158		-1.0
	25219.99999999	37.51713		-2.71203  0.2  0.2		4.1705503158		-1.0
	25249.99999999	37.36341		-2.09647  0.2  0.2		4.1705503158		-1.0
	25279.99999999	37.26063		-2.31657  0.2  0.2		4.1705503158		-1.0
	25309.99999999	36.58705		-2.85196  0.2  0.2		4.1705503158		-1.0
	25339.99999999	36.21149		2.45696  0.2  0.2		4.1705503158		-1.0
	25369.99999999	36.11481		2.23901  0.2  0.2		4.1705503158		-1.0
	25399.99999999	35.11506		3.11507  0.2  0.2		4.1705503158		-1.0
	25429.99999999	34.91238		-1.5115  0.2  0.2		4.1705503158		-1.0
	25459.99999999	34.71891		1.87261  0.2  0.2		4.1705503158		-1.0
	25489.99999999	34.659		1.61134  0.2  0.2		4.1705503158		-1.0
	25519.99999999	34.21463		0.89929  0.2  0.2		4.1705503158		-1.0
	25549.99999999	34.18291		0.34732  0.2  0.2		4.1705503158		-1.0
	25579.99999999	34.3939		0.034  0.2  0.2		4.1705503158		-1.0
	25609.99999999	34.08228		-0.21936  0.2  0.2		4.1705503158		-1.0
	25639.99999999	34.16592		-0.36736  0.2  0.2		4.1705503158		-1.0
	25669.99999999	34.36816		-0.43142  0.2  0.2		4.1705503158		-1.0
	25699.99999999	34.70837		-0.18122  0.2  0.2		4.1705503158		-1.0
	25729.99999999	35.20203		-0.29099  0.2  0.2		4.1705503158		-1.0
	25759.99999999	36.13011		-0.1306  0.2  0.2		4.1705503158		-1.0
	25789.99999999	37.10219		-0.22201  0.2  0.2		4.1705503158		-1.0
	25819.99999999	37.2999		-0.00962  0.2  0.2		4.1705503158		-1.0
	25849.99999999	37.6545		0.50844  0.2  0.2		4.1705503158		-1.0
	25879.99999999	36.97384		0.48264  0.2  0.2		4.1705503158		-1.0
	25909.99999999	36.44402		0.57487  0.2  0.2		4.1705503158		-1.0
	25939.99999999	35.53244		0.72153  0.2  0.2		4.1705503158		-1.0
	25969.99999999	34.7581		0.66811  0.2  0.2		4.1705503158		-1.0
	25999.99999999	34.02339		0.82433  0.2  0.2		4.1705503158		-1.0
	26029.99999999	32.96551		0.78554  0.2  0.2		4.1705503158		-1.0
	26059.99999999	31.96178		0.61165  0.2  0.2		4.1705503158		-1.0
	26089.99999999	31.07643		0.52105  0.2  0.2		4.1705503158		-1.0
	26119.99999999	30.17843		0.37489  0.2  0.2		4.1705503158		-1.0
	26149.99999999	29.71674		0.51526  0.2  0.2		4.1705503158		-1.0
	26179.99999999	29.03611		0.84929  0.2  0.2		4.1705503158		-1.0
	26209.99999999	28.21438		1.41336  0.2  0.2		4.1705503158		-1.0
	26239.99999999	27.72762		1.51925  0.2  0.2		4.1705503158		-1.0
	26269.99999999	26.94075		1.42589  0.2  0.2		4.1705503158		-1.0
	26299.99999999	26.55762		1.71376  0.2  0.2		4.1705503158		-1.0
	26329.99999999	26.21768		1.76383  0.2  0.2		4.1705503158		-1.0
	26359.99999999	25.53209		1.8967  0.2  0.2		4.1705503158		-1.0
	26389.99999999	24.66587		1.89802  0.2  0.2		4.1705503158		-1.0
	26419.99999999	23.43988		1.68045  0.2  0.2		4.1705503158		-1.0
	26449.99999999	22.4219		1.73956  0.2  0.2		4.1705503158		-1.0
	26479.99999999	21.5315		1.69961  0.2  0.2		4.1705503158		-1.0
	26509.99999999	20.3817		1.83578  0.2  0.2		4.1705503158		-1.0
	26539.99999999	19.25736		2.0749  0.2  0.2		4.1705503158		-1.0
	26569.99999999	18.31856		2.13815  0.2  0.2		4.1705503158		-1.0
	26599.99999999	17.64939		2.3142  0.2  0.2		4.1705503158		-1.0
	26629.99999999	17.4853		2.27901  0.2  0.2		4.1705503158		-1.0
	26659.99999999	17.09791		2.52506  0.2  0.2		4.1705503158		-1.0
	26689.99999999	16.44643		2.63744  0.2  0.2		4.1705503158		-1.0
	26719.99999999	15.61986		2.69458  0.2  0.2		4.1705503158		-1.0
	26749.99999999	15.01794		2.94809  0.2  0.2		4.1705503158		-1.0
	26779.99999999	14.52796		2.8037  0.2  0.2		4.1705503158		-1.0
	26809.99999999	13.79566		3.07493  0.2  0.2		4.1705503158		-1.0
	26839.99999999	13.24285		3.07264  0.2  0.2		4.1705503158		-1.0
	26869.99999999	12.61322		3.01204  0.2  0.2		4.1705503158		-1.0
	26899.99999999	12.22311		-2.98444  0.2  0.2		4.1705503158		-1.0
	26929.99999999	12.07308		-2.7358  0.2  0.2		4.1705503158		-1.0
	26959.99999999	11.49712		-2.67827  0.2  0.2		4.1705503158		-1.0
	26989.99999999	11.76768		2.93116  0.2  0.2		4.1705503158		-1.0
	27019.99999999	12.39016		3.06448  0.2  0.2		4.1705503158		-1.0
	27049.99999999	13.25561		-3.0551  0.2  0.2		4.1705503158		-1.0
	27079.99999999	13.63702		-2.72564  0.2  0.2		4.1705503158		-1.0
	27109.99999999	13.96278		-2.5192  0.2  0.2		4.1705503158		-1.0
	27139.99999999	14.74835		-2.10067  0.2  0.2		4.1705503158		-1.0
	27169.99999999	15.95389		-1.86323  0.2  0.2		4.1705503158		-1.0
	27199.99999999	16.96242		-1.92136  0.2  0.2		4.1705503158		-1.0
	27229.99999998	17.59054		-2.16646  0.2  0.2		4.1705503158		-1.0
	27259.99999998	17.69491		-2.54115  0.2  0.2		4.1705503158		-1.0
	27289.99999998	17.60411		-2.45635  0.2  0.2		4.1705503158		-1.0
	27319.99999998	16.74303		-2.25708  0.2  0.2		4.1705503158		-1.0
	27349.99999998	16.05524		-2.28936  0.2  0.2		4.1705503158		-1.0
	27379.99999998	15.60361		-2.06759  0.2  0.2		4.1705503158		-1.0
	27409.99999998	15.46497		-1.70628  0.2  0.2		4.1705503158		-1.0
	27439.99999998	15.34169		-1.70516  0.2  0.2		4.1705503158		-1.0
	27469.99999998	14.82295		-1.29436  0.2  0.2		4.1705503158		-1.0
	27499.99999998	14.7623		-1.30262  0.2  0.2		4.1705503158		-1.0
	27529.99999998	15.05382		-1.21066  0.2  0.2		4.1705503158		-1.0
	27559.99999998	15.3407		-0.80418  0.2  0.2		4.1705503158		-1.0
	27589.99999998	15.91059		-0.45385  0.2  0.2		4.1705503158		-1.0
	27619.99999998	16.0966		-0.20461  0.2  0.2		4.1705503158		-1.0
	27649.99999998	16.49299		0.28941  0.2  0.2		4.1705503158		-1.0
	27679.99999998	17.36449		0.36917  0.2  0.2		4.1705503158		-1.0
	27709.99999998	17.60166		0.4892  0.2  0.2		4.1705503158		-1.0
	27739.99999998	17.78447		0.57599  0.2  0.2		4.1705503158		-1.0
	27769.99999998	18.22506		0.59259  0.2  0.2		4.1705503158		-1.0
	27799.99999998	18.60389		0.87495  0.2  0.2		4.1705503158		-1.0
	27829.99999998	18.63234		1.2219  0.2  0.2		4.1705503158		-1.0
	27859.99999998	18.88456		1.51582  0.2  0.2		4.1705503158		-1.0
	27889.99999998	19.42705		1.76183  0.2  0.2		4.1705503158		-1.0
	27919.99999998	19.90614		1.66853  0.2  0.2		4.1705503158		-1.0
	27949.99999998	20.14827		1.28635  0.2  0.2		4.1705503158		-1.0
	27979.99999998	20.30199		0.84448  0.2  0.2		4.1705503158		-1.0
	28009.99999998	20.9254		0.46674  0.2  0.2		4.1705503158		-1.0
	28039.99999998	21.55319		0.2445  0.2  0.2		4.1705503158		-1.0
	28069.99999998	21.9344		0.17224  0.2  0.2		4.1705503158		-1.0
	28099.99999998	22.25075		0.24  0.2  0.2		4.1705503158		-1.0
	28129.99999998	22.90227		0.4168  0.2  0.2		4.1705503158		-1.0
	28159.99999998	23.41748		0.82551  0.2  0.2		4.1705503158		-1.0
	28189.99999998	23.85171		1.11973  0.2  0.2		4.1705503158		-1.0
	28219.99999998	24.53154		0.96857  0.2  0.2		4.1705503158		-1.0
	28249.99999998	25.51431		0.59866  0.2  0.2		4.1705503158		-1.0
	28279.99999998	26.44132		0.2812  0.2  0.2		4.1705503158		-1.0
	28309.99999998	27.57949		-0.221  0.2  0.2		4.1705503158		-1.0
	28339.99999998	28.71396		-0.73683  0.2  0.2		4.1705503158		-1.0
	28369.99999998	29.77936		-0.94064  0.2  0.2		4.1705503158		-1.0
	28399.99999998	30.62264		-1.04912  0.2  0.2		4.1705503158		-1.0
	28429.99999998	30.74735		-1.05288  0.2  0.2		4.1705503158		-1.0
	28459.99999998	30.66015		-0.7242  0.2  0.2		4.1705503158		-1.0
	28489.99999998	31.06662		-0.39841  0.2  0.2		4.1705503158		-1.0
	28519.99999998	31.59034		0.01612  0.2  0.2		4.1705503158		-1.0
	28549.99999998	32.33616		0.03438  0.2  0.2		4.1705503158		-1.0
	28579.99999998	33.39008		-0.00287  0.2  0.2		4.1705503158		-1.0
	28609.99999998	34.41897		-0.14151  0.2  0.2		4.1705503158		-1.0
	28639.99999998	35.1403		-0.37923  0.2  0.2		4.1705503158		-1.0
	28669.99999998	35.59272		-0.69642  0.2  0.2		4.1705503158		-1.0
	28699.99999998	36.22293		-1.01411  0.2  0.2		4.1705503158		-1.0
	28729.99999998	36.98913		-1.24555  0.2  0.2		4.1705503158		-1.0
	28759.99999998	37.57251		-1.39279  0.2  0.2		4.1705503158		-1.0
	28789.99999998	38.5569		-1.22207  0.2  0.2		4.1705503158		-1.0
	28819.99999998	39.36503		-0.80707  0.2  0.2		4.1705503158		-1.0
	28849.99999998	40.13491		-0.54637  0.2  0.2		4.1705503158		-1.0
	28879.99999998	40.93459		-0.43245  0.2  0.2		4.1705503158		-1.0
	28909.99999998	41.95882		-0.08881  0.2  0.2		4.1705503158		-1.0
	28939.99999998	42.92329		-0.29614  0.2  0.2		4.1705503158		-1.0
	28969.99999998	44.07406		-0.3495  0.2  0.2		4.1705503158		-1.0
	28999.99999998	45.21997		0.02888  0.2  0.2		4.1705503158		-1.0
	29029.99999998	46.09876		-0.36296  0.2  0.2		4.1705503158		-1.0
	29059.99999998	46.87515		-0.49934  0.2  0.2		4.1705503158		-1.0
	29089.99999998	47.3301		-1.05381  0.2  0.2		4.1705503158		-1.0
	29119.99999998	47.6398		-1.96165  0.2  0.2		4.1705503158		-1.0
	29149.99999998	48.25416		-2.40642  0.2  0.2		4.1705503158		-1.0
	29179.99999998	48.49122		2.31607  0.2  0.2		4.1705503158		-1.0
	29209.99999998	48.83899		-3.13909  0.2  0.2		4.1705503158		-1.0
	29239.99999998	48.76456		-3.1376  0.2  0.2		4.1705503158		-1.0
	29269.99999998	48.21527		3.13283  0.2  0.2		4.1705503158		-1.0
	29299.99999998	47.90798		-3.05304  0.2  0.2		4.1705503158		-1.0
	29329.99999998	48.25439		3.11807  0.2  0.2		4.1705503158		-1.0
	29359.99999998	49.09511		2.90046  0.2  0.2		4.1705503158		-1.0
	29389.99999998	49.47806		2.73397  0.2  0.2		4.1705503158		-1.0
	29419.99999998	49.22922		-1.1127  0.2  0.2		4.1705503158		-1.0
	29449.99999998	49.22496		-0.95191  0.2  0.2		4.1705503158		-1.0
	29479.99999998	48.76327		-0.78043  0.2  0.2		4.1705503158		-1.0
	29509.99999998	48.08492		-0.6179  0.2  0.2		4.1705503158		-1.0
	29539.99999998	47.23868		-0.74274  0.2  0.2		4.1705503158		-1.0
	29569.99999998	47.25145		-0.78687  0.2  0.2		4.1705503158		-1.0
	29599.99999998	47.56632		-0.74472  0.2  0.2		4.1705503158		-1.0
	29629.99999998	47.82535		-0.67749  0.2  0.2		4.1705503158		-1.0
	29659.99999998	48.51125		-0.29092  0.2  0.2		4.1705503158		-1.0
	29689.99999998	49.03148		0.19513  0.2  0.2		4.1705503158		-1.0
	29719.99999998	49.1799		0.14622  0.2  0.2		4.1705503158		-1.0
	29749.99999998	49.30378		-0.14817  0.2  0.2		4.1705503158		-1.0
	29779.99999998	49.54901		-0.69549  0.2  0.2		4.1705503158		-1.0
	29809.99999998	49.48928		-0.79368  0.2  0.2		4.1705503158		-1.0
	29839.99999998	49.24878		-0.77946  0.2  0.2		4.1705503158		-1.0
	29869.99999998	49.0246		-0.95357  0.2  0.2		4.1705503158		-1.0
	29899.99999998	48.39191		-1.18002  0.2  0.2		4.1705503158		-1.0
	29929.99999998	47.53715		-1.21598  0.2  0.2		4.1705503158		-1.0
	29959.99999998	47.01121		-1.08154  0.2  0.2		4.1705503158		-1.0
	29989.99999998	46.83722		-0.95024  0.2  0.2		4.1705503158		-1.0
	30019.99999998	46.25252		-0.67656  0.2  0.2		4.1705503158		-1.0
	30049.99999998	45.86956		-1.12796  0.2  0.2		4.1705503158		-1.0
	30079.99999998	45.63542		-1.14856  0.2  0.2		4.1705503158		-1.0
	30109.99999998	45.25984		-1.12439  0.2  0.2		4.1705503158		-1.0
	30139.99999998	45.27857		-1.2294  0.2  0.2		4.1705503158		-1.0
	30169.99999998	45.13243		-1.188  0.2  0.2		4.1705503158		-1.0
	30199.99999998	44.42055		-1.61822  0.2  0.2		4.1705503158		-1.0
	30229.99999998	43.99208		-1.72976  0.2  0.2		4.1705503158		-1.0
	30259.99999998	43.80501		-1.47207  0.2  0.2		4.1705503158		-1.0
	30289.99999998	43.7272		-1.49921  0.2  0.2		4.1705503158		-1.0
	30319.99999998	43.21852		-1.43699  0.2  0.2		4.1705503158		-1.0
	30349.99999998	42.59318		-1.5754  0.2  0.2		4.1705503158		-1.0
	30379.99999998	41.94141		-1.62926  0.2  0.2		4.1705503158		-1.0
	30409.99999998	41.68018		-1.5267  0.2  0.2		4.1705503158		-1.0
	30439.99999998	41.53813		-1.37063  0.2  0.2		4.1705503158		-1.0
	30469.99999998	41.63671		-1.17581  0.2  0.2		4.1705503158		-1.0
	30499.99999998	41.83778		-1.12821  0.2  0.2		4.1705503158		-1.0
	30529.99999998	42.31111		-1.00625  0.2  0.2		4.1705503158		-1.0
	30559.99999998	43.20039		-0.84388  0.2  0.2		4.1705503158		-1.0
	30589.99999998	44.01079		-0.35544  0.2  0.2		4.1705503158		-1.0
	30619.99999998	44.06077		-0.86218  0.2  0.2		4.1705503158		-1.0
	30649.99999998	44.50482		-1.01725  0.2  0.2		4.1705503158		-1.0
	30679.99999998	44.95824		-0.93569  0.2  0.2		4.1705503158		-1.0
	30709.99999998	45.68308		-0.93397  0.2  0.2		4.1705503158		-1.0
	30739.99999998	46.21212		0.14117  0.2  0.2		4.1705503158		-1.0
	30769.99999998	46.67311		-1.49186  0.2  0.2		4.1705503158		-1.0
	30799.99999998	46.60568		0.39423  0.2  0.2		4.1705503158		-1.0
	30829.99999998	46.40186		0.41535  0.2  0.2		4.1705503158		-1.0
	30859.99999998	45.89976		0.36983  0.2  0.2		4.1705503158		-1.0
	30889.99999998	45.36153		0.25951  0.2  0.2		4.1705503158		-1.0
	30919.99999998	45.403		0.25361  0.2  0.2		4.1705503158		-1.0
	30949.99999998	44.97264		0.2503  0.2  0.2		4.1705503158		-1.0
	30979.99999998	44.66878		0.34193  0.2  0.2		4.1705503158		-1.0
	31009.99999998	44.57195		0.35373  0.2  0.2		4.1705503158		-1.0
	31039.99999998	44.08356		0.49918  0.2  0.2		4.1705503158		-1.0
	31069.99999998	43.59234		0.50132  0.2  0.2		4.1705503158		-1.0
	31099.99999998	42.67128		0.54529  0.2  0.2		4.1705503158		-1.0
	31129.99999998	42.1796		0.43124  0.2  0.2		4.1705503158		-1.0
	31159.99999998	41.47431		0.07215  0.2  0.2		4.1705503158		-1.0
	31189.99999998	40.44955		-0.03718  0.2  0.2		4.1705503158		-1.0
	31219.99999998	39.23497		-0.3024  0.2  0.2		4.1705503158		-1.0
	31249.99999998	38.17815		-0.50777  0.2  0.2		4.1705503158		-1.0
	31279.99999998	37.00281		-0.76279  0.2  0.2		4.1705503158		-1.0
	31309.99999998	35.89436		-0.80894  0.2  0.2		4.1705503158		-1.0
	31339.99999998	34.89566		-0.94292  0.2  0.2		4.1705503158		-1.0
	31369.99999998	34.03877		-0.71159  0.2  0.2		4.1705503158		-1.0
	31399.99999998	33.19263		-0.49709  0.2  0.2		4.1705503158		-1.0
	31429.99999998	32.35161		-0.55361  0.2  0.2		4.1705503158		-1.0
	31459.99999998	31.59861		-0.71162  0.2  0.2		4.1705503158		-1.0
	31489.99999998	30.90066		-0.88413  0.2  0.2		4.1705503158		-1.0
	31519.99999998	29.98015		-0.58589  0.2  0.2		4.1705503158		-1.0
	31549.99999998	29.23555		-0.2506  0.2  0.2		4.1705503158		-1.0
	31579.99999998	28.37491		-0.59675  0.2  0.2		4.1705503158		-1.0
	31609.99999998	27.44212		-0.79045  0.2  0.2		4.1705503158		-1.0
	31639.99999998	27.59528		-1.1649  0.2  0.2		4.1705503158		-1.0
	31669.99999998	28.1488		-1.08123  0.2  0.2		4.1705503158		-1.0
	31699.99999998	29.05159		-0.84026  0.2  0.2		4.1705503158		-1.0
	31729.99999998	30.12232		-0.88173  0.2  0.2		4.1705503158		-1.0
	31759.99999998	30.43454		-0.74243  0.2  0.2		4.1705503158		-1.0
	31789.99999998	30.40883		-0.71047  0.2  0.2		4.1705503158		-1.0
	31819.99999998	30.00266		-0.77659  0.2  0.2		4.1705503158		-1.0
	31849.99999998	29.01428		-1.03155  0.2  0.2		4.1705503158		-1.0
	31879.99999998	28.10145		-1.48238  0.2  0.2		4.1705503158		-1.0
	31909.99999998	27.48563		-1.9322  0.2  0.2		4.1705503158		-1.0
	31939.99999998	26.88213		-2.23551  0.2  0.2		4.1705503158		-1.0
	31969.99999998	26.30146		-2.22298  0.2  0.2		4.1705503158		-1.0
	31999.99999998	25.79381		-2.21931  0.2  0.2		4.1705503158		-1.0
	32029.99999998	25.43038		-2.17911  0.2  0.2		4.1705503158		-1.0
	32059.99999998	25.57484		-2.30371  0.2  0.2		4.1705503158		-1.0
	32089.99999998	25.65949		-2.84086  0.2  0.2		4.1705503158		-1.0
	32119.99999998	25.59116		-3.07114  0.2  0.2		4.1705503158		-1.0
	32149.99999998	25.31138		3.0178  0.2  0.2		4.1705503158		-1.0
	32179.99999998	24.64484		3.01942  0.2  0.2		4.1705503158		-1.0
	32209.99999998	23.68834		-3.0639  0.2  0.2		4.1705503158		-1.0
	32239.99999998	22.86258		-3.10183  0.2  0.2		4.1705503158		-1.0
	32269.99999998	22.4279		3.02207  0.2  0.2		4.1705503158		-1.0
	32299.99999998	21.71571		2.62262  0.2  0.2		4.1705503158		-1.0
	32329.99999998	20.79429		2.31921  0.2  0.2		4.1705503158		-1.0
	32359.99999998	20.26062		1.88645  0.2  0.2		4.1705503158		-1.0
	32389.99999998	19.91179		3.13812  0.2  0.2		4.1705503158		-1.0
	32419.99999998	19.93733		-2.83967  0.2  0.2		4.1705503158		-1.0
	32449.99999998	19.46433		-2.79167  0.2  0.2		4.1705503158		-1.0
	32479.99999998	18.42924		-2.54905  0.2  0.2		4.1705503158		-1.0
	32509.99999998	17.1172		-2.18478  0.2  0.2		4.1705503158		-1.0
	32539.99999998	15.65831		-2.46475  0.2  0.2		4.1705503158		-1.0
	32569.99999998	14.60522		-2.99977  0.2  0.2		4.1705503158		-1.0
	32599.99999998	13.3906		2.52511  0.2  0.2		4.1705503158		-1.0
	32629.99999998	12.3316		-0.62569  0.2  0.2		4.1705503158		-1.0
	32659.99999998	11.21818		-0.57625  0.2  0.2		4.1705503158		-1.0
	32689.99999998	10.44901		-0.68091  0.2  0.2		4.1705503158		-1.0
	32719.99999998	9.75226		-0.91132  0.2  0.2		4.1705503158		-1.0
	32749.99999998	8.83756		-0.71897  0.2  0.2		4.1705503158		-1.0
	32779.99999998	7.86074		-0.70038  0.2  0.2		4.1705503158		-1.0
	32809.99999998	7.51531		-0.76438  0.2  0.2		4.1705503158		-1.0
	32839.99999998	7.25729		-0.95998  0.2  0.2		4.1705503158		-1.0
	32869.99999998	6.97265		-1.00212  0.2  0.2		4.1705503158		-1.0
	32899.99999998	7.21778		-1.16883  0.2  0.2		4.1705503158		-1.0
	32929.99999998	7.66201		-0.98777  0.2  0.2		4.1705503158		-1.0
	32959.99999998	7.99632		-0.82726  0.2  0.2		4.1705503158		-1.0
	32989.99999998	8.34867		-0.94812  0.2  0.2		4.1705503158		-1.0
	33019.99999998	8.83434		-0.75685  0.2  0.2		4.1705503158		-1.0
