	30.00000000	3.00174		1.25917  0.2  0.2		4.1705503158		-1.0
	60.00000000	2.94637		1.4188  0.2  0.2		4.1705503158		-1.0
	90.00000000	2.76367		1.31178  0.2  0.2		4.1705503158		-1.0
	120.00000000	2.97752		1.23941  0.2  0.2		4.1705503158		-1.0
	150.00000000	2.99011		0.91843  0.2  0.2		4.1705503158		-1.0
	180.00000000	2.9213		0.55736  0.2  0.2		4.1705503158		-1.0
	210.00000000	2.97997		0.49031  0.2  0.2		4.1705503158		-1.0
	240.00000000	2.9764		0.6892  0.2  0.2		4.1705503158		-1.0
	270.00000000	2.86031		1.02343  0.2  0.2		4.1705503158		-1.0
	300.00000000	3.03967		1.07166  0.2  0.2		4.1705503158		-1.0
	330.00000000	2.99835		0.93546  0.2  0.2		4.1705503158		-1.0
	360.00000000	2.90247		0.77455  0.2  0.2		4.1705503158		-1.0
	390.00000000	2.91612		0.79881  0.2  0.2		4.1705503158		-1.0
	420.00000000	3.04722		0.896  0.2  0.2		4.1705503158		-1.0
	450.00000000	2.72971		0.68362  0.2  0.2		4.1705503158		-1.0
	480.00000000	3.08973		0.46011  0.2  0.2		4.1705503158		-1.0
	510.00000000	3.00825		0.19643  0.2  0.2		4.1705503158		-1.0
	540.00000000	2.91257		-0.10361  0.2  0.2		4.1705503158		-1.0
	570.00000000	2.82951		-0.12755  0.2  0.2		4.1705503158		-1.0
	600.00000000	3.03784		-0.1873  0.2  0.2		4.1705503158		-1.0
	630.00000000	3.02825		-0.51476  0.2  0.2		4.1705503158		-1.0
	660.00000000	2.87629		-0.69642  0.2  0.2		4.1705503158		-1.0
	690.00000000	2.88683		-0.91252  0.2  0.2		4.1705503158		-1.0
	720.00000000	2.84964		-0.86853  0.2  0.2		4.1705503158		-1.0
	750.00000000	2.8777		-0.59939  0.2  0.2		4.1705503158		-1.0
	780.00000000	2.86723		-0.42682  0.2  0.2		4.1705503158		-1.0
	810.00000000	2.99207		-0.18135  0.2  0.2		4.1705503158		-1.0
	840.00000000	2.87032		0.06181  0.2  0.2		4.1705503158		-1.0
	870.00000000	2.98385		0.27749  0.2  0.2		4.1705503158		-1.0
	900.00000000	2.9045		0.63955  0.2  0.2		4.1705503158		-1.0
	930.00000000	2.85814		1.03634  0.2  0.2		4.1705503158		-1.0
	960.00000000	2.85611		1.30041  0.2  0.2		4.1705503158		-1.0
	990.00000000	2.93203		1.28594  0.2  0.2		4.1705503158		-1.0
	1020.00000000	3.35474		1.10435  0.2  0.2		4.1705503158		-1.0
	1050.00000000	3.08779		0.87032  0.2  0.2		4.1705503158		-1.0
	1080.00000000	3.10706		0.85223  0.2  0.2		4.1705503158		-1.0
	1110.00000000	2.75573		0.64066  0.2  0.2		4.1705503158		-1.0
	1140.00000000	3.33391		0.55804  0.2  0.2		4.1705503158		-1.0
	1170.00000000	2.75924		0.57712  0.2  0.2		4.1705503158		-1.0
	1200.00000000	3.23058		0.40108  0.2  0.2		4.1705503158		-1.0
	1230.00000000	2.77001		0.23088  0.2  0.2		4.1705503158		-1.0
	1260.00000000	2.99255		0.19678  0.2  0.2		4.1705503158		-1.0
	1290.00000000	3.058		-0.37554  0.2  0.2		4.1705503158		-1.0
	1320.00000000	2.87634		-0.6739  0.2  0.2		4.1705503158		-1.0
	1350.00000000	2.91538		-0.69675  0.2  0.2		4.1705503158		-1.0
	1380.00000000	3.0781		-0.80812  0.2  0.2		4.1705503158		-1.0
	1410.00000000	2.89638		-1.10206  0.2  0.2		4.1705503158		-1.0
	1440.00000000	2.81517		-1.36452  0.2  0.2		4.1705503158		-1.0
	1470.00000000	2.83623		-1.34894  0.2  0.2		4.1705503158		-1.0
	1500.00000000	2.96216		-1.16776  0.2  0.2		4.1705503158		-1.0
	1530.00000000	2.90122		-1.03221  0.2  0.2		4.1705503158		-1.0
	1560.00000000	2.76148		-1.08078  0.2  0.2		4.1705503158		-1.0
	1590.00000000	3.02729		-1.16683  0.2  0.2		4.1705503158		-1.0
	1620.00000000	2.93242		-1.30709  0.2  0.2		4.1705503158		-1.0
	1650.00000000	2.83266		-1.585  0.2  0.2		4.1705503158		-1.0
	1680.00000000	2.93558		-1.51859  0.2  0.2		4.1705503158		-1.0
	1710.00000000	3.00884		-1.68706  0.2  0.2		4.1705503158		-1.0
	1740.00000000	2.93108		-1.68963  0.2  0.2		4.1705503158		-1.0
	1770.00000000	2.78568		-1.81822  0.2  0.2		4.1705503158		-1.0
	1800.00000000	2.84075		-2.06747  0.2  0.2		4.1705503158		-1.0
	1830.00000000	3.07127		-2.08448  0.2  0.2		4.1705503158		-1.0
	1860.00000000	3.00644		-2.2304  0.2  0.2		4.1705503158		-1.0
	1890.00000000	3.03437		-2.41997  0.2  0.2		4.1705503158		-1.0
	1920.00000000	3.08395		-2.43547  0.2  0.2		4.1705503158		-1.0
	1950.00000000	2.89083		-2.59297  0.2  0.2		4.1705503158		-1.0
	1980.00000000	2.84624		-2.78535  0.2  0.2		4.1705503158		-1.0
	2010.00000000	3.03509		-3.03994  0.2  0.2		4.1705503158		-1.0
	2040.00000000	3.14356		-2.93661  0.2  0.2		4.1705503158		-1.0
	2070.00000000	2.9567		-2.7278  0.2  0.2		4.1705503158		-1.0
	2100.00000000	2.93761		-2.83193  0.2  0.2		4.1705503158		-1.0
	2130.00000000	2.97181		-2.74573  0.2  0.2		4.1705503158		-1.0
	2160.00000000	2.89778		-2.83944  0.2  0.2		4.1705503158		-1.0
	2190.00000000	2.92877		-3.03735  0.2  0.2		4.1705503158		-1.0
	2220.00000000	2.95188		3.0909  0.2  0.2		4.1705503158		-1.0
	2250.00000000	3.18198		2.99978  0.2  0.2		4.1705503158		-1.0
	2280.00000000	2.85823		3.13429  0.2  0.2		4.1705503158		-1.0
	2310.00000000	2.80192		-3.10906  0.2  0.2		4.1705503158		-1.0
	2340.00000000	3.13717		2.95755  0.2  0.2		4.1705503158		-1.0
	2370.00000000	3.01981		2.85129  0.2  0.2		4.1705503158		-1.0
	2400.00000000	2.954		2.85899  0.2  0.2		4.1705503158		-1.0
	2430.00000000	2.77268		2.74041  0.2  0.2		4.1705503158		-1.0
	2460.00000000	2.97756		2.49071  0.2  0.2		4.1705503158		-1.0
	2490.00000000	2.98217		2.58871  0.2  0.2		4.1705503158		-1.0
	2520.00000000	2.95735		2.7028  0.2  0.2		4.1705503158		-1.0
	2550.00000000	2.96637		2.62113  0.2  0.2		4.1705503158		-1.0
	2580.00000000	2.82781		2.41621  0.2  0.2		4.1705503158		-1.0
	2610.00000000	3.09192		2.3592  0.2  0.2		4.1705503158		-1.0
	2640.00000000	2.85119		2.11315  0.2  0.2		4.1705503158		-1.0
	2670.00000000	2.82256		2.15574  0.2  0.2		4.1705503158		-1.0
	2700.00000000	3.20403		2.08948  0.2  0.2		4.1705503158		-1.0
	2730.00000000	3.02776		1.90669  0.2  0.2		4.1705503158		-1.0
	2760.00000000	2.9595		1.72125  0.2  0.2		4.1705503158		-1.0
	2790.00000000	2.87743		1.81107  0.2  0.2		4.1705503158		-1.0
	2820.00000000	3.05977		1.83875  0.2  0.2		4.1705503158		-1.0
	2850.00000000	2.91613		1.75127  0.2  0.2		4.1705503158		-1.0
	2880.00000000	2.86053		1.79441  0.2  0.2		4.1705503158		-1.0
	2910.00000000	3.12009		1.77486  0.2  0.2		4.1705503158		-1.0
	2940.00000000	2.70625		1.95393  0.2  0.2		4.1705503158		-1.0
	2970.00000000	2.86363		2.32821  0.2  0.2		4.1705503158		-1.0
	3000.00000000	3.05492		2.31979  0.2  0.2		4.1705503158		-1.0
	3030.00000000	2.92561		2.30175  0.2  0.2		4.1705503158		-1.0
	3060.00000000	2.88428		2.16172  0.2  0.2		4.1705503158		-1.0
	3090.00000000	3.21349		2.41352  0.2  0.2		4.1705503158		-1.0
	3120.00000000	2.84819		2.65162  0.2  0.2		4.1705503158		-1.0
	3150.00000000	3.25606		2.61528  0.2  0.2		4.1705503158		-1.0
	3180.00000000	2.7093		2.58456  0.2  0.2		4.1705503158		-1.0
	3210.00000000	2.93868		2.70033  0.2  0.2		4.1705503158		-1.0
	3240.00000000	2.91757		2.85036  0.2  0.2		4.1705503158		-1.0
	3270.00000000	2.83852		2.71117  0.2  0.2		4.1705503158		-1.0
	3300.00000000	3.1415		2.8921  0.2  0.2		4.1705503158		-1.0
	3330.00000000	3.04642		3.13101  0.2  0.2		4.1705503158		-1.0
	3360.00000000	2.78393		-3.08291  0.2  0.2		4.1705503158		-1.0
	3390.00000000	2.84655		3.11516  0.2  0.2		4.1705503158		-1.0
	3420.00000000	2.81428		2.98746  0.2  0.2		4.1705503158		-1.0
	3450.00000000	2.8339		3.05329  0.2  0.2		4.1705503158		-1.0
	3480.00000000	2.73337		-3.10854  0.2  0.2		4.1705503158		-1.0
	3510.00000000	2.88928		-2.89067  0.2  0.2		4.1705503158		-1.0
	3540.00000000	2.99784		-2.34455  0.2  0.2		4.1705503158		-1.0
	3570.00000000	2.88022		-2.04272  0.2  0.2		4.1705503158		-1.0
	3600.00000000	2.79914		-2.02526  0.2  0.2		4.1705503158		-1.0
	3630.00000000	3.13595		-2.02531  0.2  0.2		4.1705503158		-1.0
	3660.00000000	2.91028		-2.01316  0.2  0.2		4.1705503158		-1.0
	3690.00000000	2.79355		-1.82329  0.2  0.2		4.1705503158		-1.0
	3720.00000000	3.16344		-1.56127  0.2  0.2		4.1705503158		-1.0
	3750.00000000	2.93498		-1.60825  0.2  0.2		4.1705503158		-1.0
	3780.00000000	3.14414		-1.96486  0.2  0.2		4.1705503158		-1.0
	3810.00000000	2.90918		-2.19838  0.2  0.2		4.1705503158		-1.0
	3840.00000000	2.86073		-2.41391  0.2  0.2		4.1705503158		-1.0
	3870.00000000	2.90358		-2.47768  0.2  0.2		4.1705503158		-1.0
	3900.00000000	3.25766		-2.4484  0.2  0.2		4.1705503158		-1.0
	3930.00000000	2.84016		-2.4019  0.2  0.2		4.1705503158		-1.0
	3960.00000000	3.27768		-2.60166  0.2  0.2		4.1705503158		-1.0
	3990.00000000	3.02254		-2.60722  0.2  0.2		4.1705503158		-1.0
	4020.00000000	2.79134		-2.4383  0.2  0.2		4.1705503158		-1.0
	4050.00000000	2.9301		-2.66931  0.2  0.2		4.1705503158		-1.0
	4080.00000000	3.34391		-2.81139  0.2  0.2		4.1705503158		-1.0
	4110.00000000	3.21619		-2.93536  0.2  0.2		4.1705503158		-1.0
	4140.00000000	3.16906		-2.90206  0.2  0.2		4.1705503158		-1.0
	4170.00000000	3.18316		-2.78379  0.2  0.2		4.1705503158		-1.0
	4200.00000000	2.77053		-2.57214  0.2  0.2		4.1705503158		-1.0
	4230.00000000	2.70433		-2.56199  0.2  0.2		4.1705503158		-1.0
	4260.00000000	2.8013		-2.58929  0.2  0.2		4.1705503158		-1.0
	4290.00000000	2.93321		-2.65632  0.2  0.2		4.1705503158		-1.0
	4320.00000000	2.67276		-2.98007  0.2  0.2		4.1705503158		-1.0
	4350.00000000	2.75848		-2.93507  0.2  0.2		4.1705503158		-1.0
	4380.00000000	2.86598		-3.07518  0.2  0.2		4.1705503158		-1.0
	4410.00000000	3.50843		-3.11314  0.2  0.2		4.1705503158		-1.0
	4440.00000000	2.93815		-3.0712  0.2  0.2		4.1705503158		-1.0
	4470.00000000	3.18523		-3.00128  0.2  0.2		4.1705503158		-1.0
	4500.00000000	3.39349		-2.95965  0.2  0.2		4.1705503158		-1.0
	4530.00000000	3.0326		-2.91289  0.2  0.2		4.1705503158		-1.0
	4560.00000000	3.28942		-2.90494  0.2  0.2		4.1705503158		-1.0
	4590.00000000	3.29363		-2.88703  0.2  0.2		4.1705503158		-1.0
	4620.00000000	3.29421		-3.05259  0.2  0.2		4.1705503158		-1.0
	4650.00000000	3.16234		2.84805  0.2  0.2		4.1705503158		-1.0
	4680.00000000	3.19867		2.76926  0.2  0.2		4.1705503158		-1.0
	4710.00000000	2.99866		2.7775  0.2  0.2		4.1705503158		-1.0
	4740.00000000	2.85874		2.64851  0.2  0.2		4.1705503158		-1.0
	4770.00000000	2.81962		2.64699  0.2  0.2		4.1705503158		-1.0
	4800.00000000	2.78215		2.67194  0.2  0.2		4.1705503158		-1.0
	4830.00000000	2.88039		2.62246  0.2  0.2		4.1705503158		-1.0
	4860.00000000	2.66762		3.02189  0.2  0.2		4.1705503158		-1.0
	4890.00000000	3.09368		3.10001  0.2  0.2		4.1705503158		-1.0
	4920.00000000	3.26934		2.86778  0.2  0.2		4.1705503158		-1.0
	4950.00000000	3.2919		2.67936  0.2  0.2		4.1705503158		-1.0
	4980.00000000	3.05058		2.47944  0.2  0.2		4.1705503158		-1.0
	5010.00000000	3.097		2.14289  0.2  0.2		4.1705503158		-1.0
	5040.00000000	2.89864		1.948  0.2  0.2		4.1705503158		-1.0
	5070.00000000	2.69102		1.86978  0.2  0.2		4.1705503158		-1.0
	5100.00000000	2.86127		1.54604  0.2  0.2		4.1705503158		-1.0
	5130.00000000	2.86535		1.39911  0.2  0.2		4.1705503158		-1.0
	5160.00000000	2.80408		1.68382  0.2  0.2		4.1705503158		-1.0
	5190.00000000	2.93403		1.714  0.2  0.2		4.1705503158		-1.0
	5220.00000000	2.96011		1.38251  0.2  0.2		4.1705503158		-1.0
	5250.00000000	3.01076		1.29903  0.2  0.2		4.1705503158		-1.0
	5280.00000000	2.94536		1.54285  0.2  0.2		4.1705503158		-1.0
	5310.00000000	3.23066		1.81895  0.2  0.2		4.1705503158		-1.0
	5340.00000000	2.78062		1.6411  0.2  0.2		4.1705503158		-1.0
	5370.00000000	2.7654		1.4342  0.2  0.2		4.1705503158		-1.0
	5400.00000000	2.78202		1.46176  0.2  0.2		4.1705503158		-1.0
	5430.00000000	2.73982		1.65168  0.2  0.2		4.1705503158		-1.0
	5460.00000000	3.11299		1.7  0.2  0.2		4.1705503158		-1.0
	5490.00000000	3.05116		1.7052  0.2  0.2		4.1705503158		-1.0
	5520.00000000	3.40197		1.74526  0.2  0.2		4.1705503158		-1.0
	5550.00000000	3.28347		1.43451  0.2  0.2		4.1705503158		-1.0
	5580.00000000	3.13468		1.12422  0.2  0.2		4.1705503158		-1.0
	5610.00000000	3.09245		1.19273  0.2  0.2		4.1705503158		-1.0
	5640.00000000	2.81034		1.15258  0.2  0.2		4.1705503158		-1.0
	5670.00000000	2.71167		0.95623  0.2  0.2		4.1705503158		-1.0
	5700.00000000	2.70086		0.7881  0.2  0.2		4.1705503158		-1.0
	5730.00000000	2.79461		0.7422  0.2  0.2		4.1705503158		-1.0
	5760.00000000	2.83121		1.22184  0.2  0.2		4.1705503158		-1.0
	5790.00000000	2.70469		1.18514  0.2  0.2		4.1705503158		-1.0
	5820.00000000	2.66756		1.07965  0.2  0.2		4.1705503158		-1.0
	5850.00000000	2.80089		1.02659  0.2  0.2		4.1705503158		-1.0
	5880.00000000	2.78902		0.84983  0.2  0.2		4.1705503158		-1.0
	5910.00000000	2.58011		1.06154  0.2  0.2		4.1705503158		-1.0
	5940.00000000	3.36354		0.83638  0.2  0.2		4.1705503158		-1.0
	5970.00000000	2.79191		0.17357  0.2  0.2		4.1705503158		-1.0
	6000.00000000	3.15834		-0.22945  0.2  0.2		4.1705503158		-1.0
	6030.00000000	2.85466		-0.65153  0.2  0.2		4.1705503158		-1.0
	6060.00000000	2.90385		-0.88768  0.2  0.2		4.1705503158		-1.0
	6090.00000000	3.04169		-1.11633  0.2  0.2		4.1705503158		-1.0
	6120.00000000	2.82145		-1.18483  0.2  0.2		4.1705503158		-1.0
	6150.00000000	3.19085		-1.14654  0.2  0.2		4.1705503158		-1.0
	6180.00000000	3.14184		-1.1084  0.2  0.2		4.1705503158		-1.0
	6210.00000000	3.02501		-1.1291  0.2  0.2		4.1705503158		-1.0
	6240.00000000	2.97609		-1.3429  0.2  0.2		4.1705503158		-1.0
	6270.00000000	3.05445		-1.45377  0.2  0.2		4.1705503158		-1.0
	6300.00000000	2.90987		-1.66452  0.2  0.2		4.1705503158		-1.0
	6330.00000000	3.23689		-1.75814  0.2  0.2		4.1705503158		-1.0
	6360.00000000	3.04691		-1.72919  0.2  0.2		4.1705503158		-1.0
	6390.00000000	3.50592		-1.84783  0.2  0.2		4.1705503158		-1.0
	6420.00000000	2.82029		-1.70603  0.2  0.2		4.1705503158		-1.0
	6450.00000000	2.84589		-1.36367  0.2  0.2		4.1705503158		-1.0
	6480.00000000	2.89543		-1.53406  0.2  0.2		4.1705503158		-1.0
	6510.00000000	3.43869		-1.63082  0.2  0.2		4.1705503158		-1.0
	6540.00000000	2.90119		-1.61603  0.2  0.2		4.1705503158		-1.0
	6570.00000000	2.76639		-1.55958  0.2  0.2		4.1705503158		-1.0
	6600.00000000	2.71937		-1.58855  0.2  0.2		4.1705503158		-1.0
	6630.00000000	2.95356		-1.35323  0.2  0.2		4.1705503158		-1.0
	6660.00000000	3.43161		-1.08864  0.2  0.2		4.1705503158		-1.0
	6690.00000000	3.20494		-1.2742  0.2  0.2		4.1705503158		-1.0
	6720.00000000	3.20151		-1.33426  0.2  0.2		4.1705503158		-1.0
	6750.00000000	3.27179		-1.25717  0.2  0.2		4.1705503158		-1.0
	6780.00000000	3.3247		-1.13599  0.2  0.2		4.1705503158		-1.0
	6810.00000000	3.11922		-0.69083  0.2  0.2		4.1705503158		-1.0
	6840.00000000	2.80428		-0.36574  0.2  0.2		4.1705503158		-1.0
	6870.00000000	2.9678		-0.41668  0.2  0.2		4.1705503158		-1.0
	6900.00000000	3.13776		-0.72774  0.2  0.2		4.1705503158		-1.0
	6930.00000000	2.83652		-0.76937  0.2  0.2		4.1705503158		-1.0
	6960.00000000	3.11288		-0.82822  0.2  0.2		4.1705503158		-1.0
	6990.00000000	3.17337		-0.5965  0.2  0.2		4.1705503158		-1.0
	7020.00000000	2.84169		-0.03268  0.2  0.2		4.1705503158		-1.0
	7050.00000000	3.09015		0.19794  0.2  0.2		4.1705503158		-1.0
	7080.00000000	2.75673		0.29513  0.2  0.2		4.1705503158		-1.0
	7110.00000000	3.14925		0.53746  0.2  0.2		4.1705503158		-1.0
	7140.00000000	2.64954		0.38285  0.2  0.2		4.1705503158		-1.0
	7170.00000000	3.17737		0.16487  0.2  0.2		4.1705503158		-1.0
	7200.00000000	2.76974		0.08272  0.2  0.2		4.1705503158		-1.0
	7230.00000000	3.28909		-0.10322  0.2  0.2		4.1705503158		-1.0
	7260.00000000	2.85309		-0.15123  0.2  0.2		4.1705503158		-1.0
	7290.00000000	2.85169		-0.32048  0.2  0.2		4.1705503158		-1.0
	7320.00000000	2.80616		-0.51567  0.2  0.2		4.1705503158		-1.0
	7350.00000000	2.7128		-0.51555  0.2  0.2		4.1705503158		-1.0
	7380.00000000	2.88485		-0.56921  0.2  0.2		4.1705503158		-1.0
	7410.00000000	2.70282		-0.9569  0.2  0.2		4.1705503158		-1.0
	7440.00000000	2.68193		-1.39299  0.2  0.2		4.1705503158		-1.0
	7470.00000000	2.72653		-1.29306  0.2  0.2		4.1705503158		-1.0
	7500.00000000	3.06648		-0.99655  0.2  0.2		4.1705503158		-1.0
	7530.00000000	3.36879		-1.11124  0.2  0.2		4.1705503158		-1.0
	7560.00000000	3.33851		-1.25465  0.2  0.2		4.1705503158		-1.0
	7590.00000000	3.25812		-1.5564  0.2  0.2		4.1705503158		-1.0
	7620.00000000	3.16583		-1.83499  0.2  0.2		4.1705503158		-1.0
	7650.00000000	3.24052		-1.80906  0.2  0.2		4.1705503158		-1.0
	7680.00000000	3.21029		-1.98162  0.2  0.2		4.1705503158		-1.0
	7710.00000000	2.66984		-2.1201  0.2  0.2		4.1705503158		-1.0
	7740.00000000	3.25425		-2.1141  0.2  0.2		4.1705503158		-1.0
	7770.00000000	2.75279		-2.01354  0.2  0.2		4.1705503158		-1.0
	7800.00000000	3.091		-1.96127  0.2  0.2		4.1705503158		-1.0
	7830.00000000	3.14483		-1.93883  0.2  0.2		4.1705503158		-1.0
	7860.00000000	2.87989		-1.82141  0.2  0.2		4.1705503158		-1.0
	7890.00000000	3.05633		-1.86677  0.2  0.2		4.1705503158		-1.0
	7920.00000000	3.41349		-2.02512  0.2  0.2		4.1705503158		-1.0
	7950.00000000	2.83862		-2.17293  0.2  0.2		4.1705503158		-1.0
	7980.00000000	2.86398		-2.31207  0.2  0.2		4.1705503158		-1.0
	8010.00000000	2.8245		-2.46644  0.2  0.2		4.1705503158		-1.0
	8040.00000000	3.22323		-2.41963  0.2  0.2		4.1705503158		-1.0
	8070.00000000	3.22253		-2.38342  0.2  0.2		4.1705503158		-1.0
	8100.00000000	2.88506		-2.20741  0.2  0.2		4.1705503158		-1.0
	8130.00000000	2.74235		-2.0327  0.2  0.2		4.1705503158		-1.0
	8160.00000000	2.79616		-2.05276  0.2  0.2		4.1705503158		-1.0
	8190.00000000	2.72882		-2.51439  0.2  0.2		4.1705503158		-1.0
	8220.00000000	2.66717		-2.89107  0.2  0.2		4.1705503158		-1.0
	8250.00000000	2.70992		-2.76839  0.2  0.2		4.1705503158		-1.0
	8280.00000000	2.62457		-2.74679  0.2  0.2		4.1705503158		-1.0
	8310.00000000	2.7467		-2.68756  0.2  0.2		4.1705503158		-1.0
	8340.00000000	2.77		-2.77059  0.2  0.2		4.1705503158		-1.0
	8370.00000000	2.76156		-3.02101  0.2  0.2		4.1705503158		-1.0
	8400.00000000	3.06018		3.05099  0.2  0.2		4.1705503158		-1.0
	8430.00000000	3.38565		2.9512  0.2  0.2		4.1705503158		-1.0
	8460.00000000	3.65448		2.90049  0.2  0.2		4.1705503158		-1.0
	8490.00000000	3.09775		2.74189  0.2  0.2		4.1705503158		-1.0
	8520.00000000	3.51873		2.64709  0.2  0.2		4.1705503158		-1.0
	8550.00000000	3.2418		2.45017  0.2  0.2		4.1705503158		-1.0
	8580.00000000	3.21288		2.45937  0.2  0.2		4.1705503158		-1.0
	8610.00000000	3.34716		2.44316  0.2  0.2		4.1705503158		-1.0
	8640.00000000	3.30437		2.31864  0.2  0.2		4.1705503158		-1.0
	8670.00000000	2.66393		2.21863  0.2  0.2		4.1705503158		-1.0
	8700.00000000	3.33227		2.03085  0.2  0.2		4.1705503158		-1.0
	8730.00000000	2.84802		2.07999  0.2  0.2		4.1705503158		-1.0
	8760.00000000	2.82555		2.12808  0.2  0.2		4.1705503158		-1.0
	8790.00000000	2.7796		2.24692  0.2  0.2		4.1705503158		-1.0
	8820.00000000	3.03419		2.36117  0.2  0.2		4.1705503158		-1.0
	8850.00000000	2.94767		2.11807  0.2  0.2		4.1705503158		-1.0
	8880.00000000	3.05827		2.01101  0.2  0.2		4.1705503158		-1.0
	8910.00000000	3.19699		1.98079  0.2  0.2		4.1705503158		-1.0
	8940.00000000	3.43836		1.9973  0.2  0.2		4.1705503158		-1.0
	8970.00000000	3.33608		1.65915  0.2  0.2		4.1705503158		-1.0
	9000.00000000	3.18533		1.47957  0.2  0.2		4.1705503158		-1.0
	9030.00000000	3.08279		1.55276  0.2  0.2		4.1705503158		-1.0
	9060.00000000	3.55337		1.78493  0.2  0.2		4.1705503158		-1.0
	9090.00000000	2.74213		2.06834  0.2  0.2		4.1705503158		-1.0
	9120.00000000	2.74104		2.40922  0.2  0.2		4.1705503158		-1.0
	9150.00000000	3.06132		2.40437  0.2  0.2		4.1705503158		-1.0
	9180.00000000	3.58313		2.25552  0.2  0.2		4.1705503158		-1.0
	9210.00000000	2.85948		2.10875  0.2  0.2		4.1705503158		-1.0
	9240.00000000	2.81259		2.20349  0.2  0.2		4.1705503158		-1.0
	9270.00000000	3.57906		2.28581  0.2  0.2		4.1705503158		-1.0
	9300.00000000	2.93157		2.12034  0.2  0.2		4.1705503158		-1.0
	9330.00000000	3.5904		2.112  0.2  0.2		4.1705503158		-1.0
	9360.00000000	2.66739		1.81885  0.2  0.2		4.1705503158		-1.0
	9390.00000000	3.0352		1.58613  0.2  0.2		4.1705503158		-1.0
	9420.00000000	3.33254		1.50584  0.2  0.2		4.1705503158		-1.0
	9450.00000000	3.41051		1.3432  0.2  0.2		4.1705503158		-1.0
	9480.00000000	3.36232		1.25612  0.2  0.2		4.1705503158		-1.0
	9510.00000000	3.14076		1.30025  0.2  0.2		4.1705503158		-1.0
	9540.00000000	3.44812		1.33551  0.2  0.2		4.1705503158		-1.0
	9570.00000000	3.19077		1.30796  0.2  0.2		4.1705503158		-1.0
	9600.00000000	3.34524		1.06187  0.2  0.2		4.1705503158		-1.0
	9630.00000000	3.19091		0.9308  0.2  0.2		4.1705503158		-1.0
	9660.00000000	3.28313		0.85538  0.2  0.2		4.1705503158		-1.0
	9690.00000000	3.18102		0.51565  0.2  0.2		4.1705503158		-1.0
	9720.00000000	3.04664		0.40201  0.2  0.2		4.1705503158		-1.0
	9750.00000000	3.06235		0.32857  0.2  0.2		4.1705503158		-1.0
	9780.00000000	3.34166		0.16352  0.2  0.2		4.1705503158		-1.0
	9810.00000000	2.94798		0.00261  0.2  0.2		4.1705503158		-1.0
	9840.00000000	3.28264		-0.20228  0.2  0.2		4.1705503158		-1.0
	9870.00000000	3.10728		-0.21273  0.2  0.2		4.1705503158		-1.0
	9900.00000000	3.23662		-0.59169  0.2  0.2		4.1705503158		-1.0
	9930.00000000	3.30333		-0.83343  0.2  0.2		4.1705503158		-1.0
	9960.00000000	3.08982		-0.82665  0.2  0.2		4.1705503158		-1.0
	9990.00000000	3.42967		-0.66706  0.2  0.2		4.1705503158		-1.0
	10020.00000000	3.17886		-0.49337  0.2  0.2		4.1705503158		-1.0
	10050.00000000	3.42572		-0.40375  0.2  0.2		4.1705503158		-1.0
	10080.00000000	3.11735		-0.46072  0.2  0.2		4.1705503158		-1.0
	10110.00000000	3.42331		-0.72573  0.2  0.2		4.1705503158		-1.0
	10140.00000000	3.14999		-0.97752  0.2  0.2		4.1705503158		-1.0
	10170.00000000	2.72938		-1.20521  0.2  0.2		4.1705503158		-1.0
	10200.00000000	2.6831		-0.82922  0.2  0.2		4.1705503158		-1.0
	10230.00000000	2.71568		-0.57818  0.2  0.2		4.1705503158		-1.0
	10260.00000000	2.73358		-0.8578  0.2  0.2		4.1705503158		-1.0
	10290.00000000	2.71624		-1.15855  0.2  0.2		4.1705503158		-1.0
	10320.00000000	2.78456		-1.17731  0.2  0.2		4.1705503158		-1.0
	10350.00000000	2.68294		-1.16074  0.2  0.2		4.1705503158		-1.0
	10380.00000000	2.66624		-0.7725  0.2  0.2		4.1705503158		-1.0
	10410.00000000	3.37878		-0.55501  0.2  0.2		4.1705503158		-1.0
	10440.00000000	3.21279		-0.54596  0.2  0.2		4.1705503158		-1.0
	10470.00000000	2.66826		-0.29479  0.2  0.2		4.1705503158		-1.0
	10500.00000000	2.89373		-0.19002  0.2  0.2		4.1705503158		-1.0
	10530.00000000	2.86807		-0.22222  0.2  0.2		4.1705503158		-1.0
	10560.00000000	2.87277		-0.14971  0.2  0.2		4.1705503158		-1.0
	10590.00000000	3.26297		0.02036  0.2  0.2		4.1705503158		-1.0
	10620.00000000	2.82911		0.08307  0.2  0.2		4.1705503158		-1.0
	10650.00000000	2.82217		0.19562  0.2  0.2		4.1705503158		-1.0
	10680.00000000	2.8994		0.49742  0.2  0.2		4.1705503158		-1.0
	10710.00000000	2.92001		0.61912  0.2  0.2		4.1705503158		-1.0
	10740.00000000	3.32283		0.77089  0.2  0.2		4.1705503158		-1.0
	10770.00000000	3.03345		0.93764  0.2  0.2		4.1705503158		-1.0
	10800.00000000	2.69315		1.25996  0.2  0.2		4.1705503158		-1.0
	10830.00000001	2.72446		1.45934  0.2  0.2		4.1705503158		-1.0
	10860.00000001	2.73951		1.22908  0.2  0.2		4.1705503158		-1.0
	10890.00000001	2.885		0.66393  0.2  0.2		4.1705503158		-1.0
	10920.00000001	3.25277		0.15921  0.2  0.2		4.1705503158		-1.0
	10950.00000001	3.05208		-0.28977  0.2  0.2		4.1705503158		-1.0
	10980.00000001	2.59412		-0.54996  0.2  0.2		4.1705503158		-1.0
	11010.00000001	2.66439		-0.32473  0.2  0.2		4.1705503158		-1.0
	11040.00000001	2.75507		0.11197  0.2  0.2		4.1705503158		-1.0
	11070.00000001	2.65155		0.63799  0.2  0.2		4.1705503158		-1.0
	11100.00000001	2.8541		0.94938  0.2  0.2		4.1705503158		-1.0
	11130.00000001	2.83485		1.18393  0.2  0.2		4.1705503158		-1.0
	11160.00000001	2.68956		1.49544  0.2  0.2		4.1705503158		-1.0
	11190.00000001	2.65899		1.64736  0.2  0.2		4.1705503158		-1.0
	11220.00000001	2.61146		1.67579  0.2  0.2		4.1705503158		-1.0
	11250.00000001	2.97616		1.69866  0.2  0.2		4.1705503158		-1.0
	11280.00000001	2.74835		1.52748  0.2  0.2		4.1705503158		-1.0
	11310.00000001	2.70835		1.47574  0.2  0.2		4.1705503158		-1.0
	11340.00000001	2.62907		1.45237  0.2  0.2		4.1705503158		-1.0
	11370.00000001	3.28711		1.36222  0.2  0.2		4.1705503158		-1.0
	11400.00000001	3.11065		1.04826  0.2  0.2		4.1705503158		-1.0
	11430.00000001	3.43396		0.68639  0.2  0.2		4.1705503158		-1.0
	11460.00000001	3.06589		0.61865  0.2  0.2		4.1705503158		-1.0
	11005.00000001	2.67267		-0.3566  0.2  0.2		4.1705503158		-1.0
	11035.00000001	2.69424		0.0295  0.2  0.2		4.1705503158		-1.0
	11065.00000001	2.64644		0.57102  0.2  0.2		4.1705503158		-1.0
	11095.00000001	2.73925		0.87941  0.2  0.2		4.1705503158		-1.0
	11125.00000001	2.75319		1.03172  0.2  0.2		4.1705503158		-1.0
	11155.00000001	2.66035		1.35687  0.2  0.2		4.1705503158		-1.0
	11185.00000001	2.62396		1.67336  0.2  0.2		4.1705503158		-1.0
	11215.00000001	2.71415		1.78699  0.2  0.2		4.1705503158		-1.0
	11245.00000001	2.99624		1.75167  0.2  0.2		4.1705503158		-1.0
	11275.00000001	2.69263		1.45869  0.2  0.2		4.1705503158		-1.0
	11305.00000001	2.7133		1.43871  0.2  0.2		4.1705503158		-1.0
	11335.00000001	2.64581		1.51283  0.2  0.2		4.1705503158		-1.0
	11365.00000001	3.13896		1.46061  0.2  0.2		4.1705503158		-1.0
	11395.00000001	3.11828		0.9617  0.2  0.2		4.1705503158		-1.0
	11425.00000001	3.25802		0.74931  0.2  0.2		4.1705503158		-1.0
	11455.00000001	3.17373		0.75737  0.2  0.2		4.1705503158		-1.0
	11485.00000001	2.81387		0.68661  0.2  0.2		4.1705503158		-1.0
	11515.00000001	2.80905		0.41901  0.2  0.2		4.1705503158		-1.0
	11545.00000001	2.70898		0.42832  0.2  0.2		4.1705503158		-1.0
	11575.00000001	2.77908		0.35292  0.2  0.2		4.1705503158		-1.0
	11605.00000001	2.79347		0.0664  0.2  0.2		4.1705503158		-1.0
	11635.00000001	3.37778		0.09089  0.2  0.2		4.1705503158		-1.0
	11665.00000001	2.9599		0.46827  0.2  0.2		4.1705503158		-1.0
	11695.00000001	3.40173		0.6894  0.2  0.2		4.1705503158		-1.0
	11725.00000001	3.29463		0.49058  0.2  0.2		4.1705503158		-1.0
	11755.00000001	3.1683		0.15442  0.2  0.2		4.1705503158		-1.0
	11785.00000001	3.58133		-0.13663  0.2  0.2		4.1705503158		-1.0
	11815.00000001	3.21849		-0.29247  0.2  0.2		4.1705503158		-1.0
	11845.00000001	3.50668		-0.24205  0.2  0.2		4.1705503158		-1.0
	11875.00000001	3.3465		-0.35064  0.2  0.2		4.1705503158		-1.0
	11905.00000001	3.36737		-0.24647  0.2  0.2		4.1705503158		-1.0
	11935.00000001	2.60042		-0.03531  0.2  0.2		4.1705503158		-1.0
	11965.00000001	2.6769		0.26237  0.2  0.2		4.1705503158		-1.0
	11995.00000001	2.76491		0.4947  0.2  0.2		4.1705503158		-1.0
	12025.00000001	2.71629		0.57731  0.2  0.2		4.1705503158		-1.0
	12055.00000001	2.71492		0.72701  0.2  0.2		4.1705503158		-1.0
	12085.00000001	2.75204		1.0622  0.2  0.2		4.1705503158		-1.0
	12115.00000001	2.68812		1.038  0.2  0.2		4.1705503158		-1.0
	12145.00000001	2.74784		0.94904  0.2  0.2		4.1705503158		-1.0
	12175.00000001	2.73605		1.11181  0.2  0.2		4.1705503158		-1.0
	12205.00000001	2.78508		0.94134  0.2  0.2		4.1705503158		-1.0
	12235.00000001	3.43418		0.90841  0.2  0.2		4.1705503158		-1.0
	12265.00000001	3.07426		1.23947  0.2  0.2		4.1705503158		-1.0
	12295.00000001	3.24837		1.40121  0.2  0.2		4.1705503158		-1.0
	12325.00000001	3.28558		1.41254  0.2  0.2		4.1705503158		-1.0
	12355.00000001	3.08447		1.6767  0.2  0.2		4.1705503158		-1.0
	12385.00000001	2.59122		1.71848  0.2  0.2		4.1705503158		-1.0
	12415.00000001	2.66746		1.64968  0.2  0.2		4.1705503158		-1.0
	12445.00000001	2.77288		1.58184  0.2  0.2		4.1705503158		-1.0
	12475.00000001	2.69565		1.80532  0.2  0.2		4.1705503158		-1.0
	12505.00000001	2.60119		2.17321  0.2  0.2		4.1705503158		-1.0
	12535.00000001	2.71843		2.26554  0.2  0.2		4.1705503158		-1.0
	12565.00000001	2.62566		2.59063  0.2  0.2		4.1705503158		-1.0
	12595.00000001	2.64206		2.80284  0.2  0.2		4.1705503158		-1.0
	12625.00000001	2.69492		3.01874  0.2  0.2		4.1705503158		-1.0
	12655.00000001	2.75241		3.09061  0.2  0.2		4.1705503158		-1.0
	12685.00000001	2.7387		2.80155  0.2  0.2		4.1705503158		-1.0
	12715.00000001	2.84782		2.19032  0.2  0.2		4.1705503158		-1.0
	12745.00000001	3.29282		2.16432  0.2  0.2		4.1705503158		-1.0
	12775.00000001	3.28518		1.99659  0.2  0.2		4.1705503158		-1.0
	12805.00000001	3.073		2.09043  0.2  0.2		4.1705503158		-1.0
	12835.00000001	3.28507		2.37611  0.2  0.2		4.1705503158		-1.0
	12865.00000001	3.40351		2.80815  0.2  0.2		4.1705503158		-1.0
	12895.00000001	2.69248		3.104  0.2  0.2		4.1705503158		-1.0
	12925.00000001	3.05388		-2.99156  0.2  0.2		4.1705503158		-1.0
	12955.00000001	3.26227		3.11627  0.2  0.2		4.1705503158		-1.0
	12985.00000001	2.64252		2.81033  0.2  0.2		4.1705503158		-1.0
	13015.00000001	2.58616		2.90377  0.2  0.2		4.1705503158		-1.0
	13045.00000001	2.69857		2.96058  0.2  0.2		4.1705503158		-1.0
	13075.00000001	2.92034		-3.10142  0.2  0.2		4.1705503158		-1.0
	13105.00000001	3.4388		3.07873  0.2  0.2		4.1705503158		-1.0
	13135.00000001	3.47598		2.96409  0.2  0.2		4.1705503158		-1.0
	13165.00000001	3.5478		2.73274  0.2  0.2		4.1705503158		-1.0
	13195.00000001	3.36362		2.61904  0.2  0.2		4.1705503158		-1.0
	13225.00000001	3.1834		2.52116  0.2  0.2		4.1705503158		-1.0
	13255.00000001	2.72336		2.47717  0.2  0.2		4.1705503158		-1.0
	13285.00000001	2.70921		2.49454  0.2  0.2		4.1705503158		-1.0
	13315.00000001	2.73378		2.54768  0.2  0.2		4.1705503158		-1.0
	13345.00000001	2.73441		2.41901  0.2  0.2		4.1705503158		-1.0
	13375.00000001	2.74532		2.35945  0.2  0.2		4.1705503158		-1.0
	13405.00000001	2.91995		2.10154  0.2  0.2		4.1705503158		-1.0
	13435.00000001	3.33217		1.8768  0.2  0.2		4.1705503158		-1.0
	13465.00000001	3.17698		2.00272  0.2  0.2		4.1705503158		-1.0
	13495.00000001	3.63202		1.99834  0.2  0.2		4.1705503158		-1.0
	13525.00000001	3.16789		1.7051  0.2  0.2		4.1705503158		-1.0
	13555.00000001	3.46411		1.40792  0.2  0.2		4.1705503158		-1.0
	13585.00000001	3.29674		1.23383  0.2  0.2		4.1705503158		-1.0
	13615.00000001	3.62219		1.2268  0.2  0.2		4.1705503158		-1.0
	13645.00000001	3.39703		1.42231  0.2  0.2		4.1705503158		-1.0
	13675.00000001	3.58413		1.73519  0.2  0.2		4.1705503158		-1.0
	13705.00000001	3.24059		1.69839  0.2  0.2		4.1705503158		-1.0
	13735.00000001	3.25667		1.36461  0.2  0.2		4.1705503158		-1.0
	13765.00000001	3.37731		1.05892  0.2  0.2		4.1705503158		-1.0
	13795.00000001	3.28966		1.22474  0.2  0.2		4.1705503158		-1.0
	13825.00000001	3.19001		1.66583  0.2  0.2		4.1705503158		-1.0
	13855.00000001	3.37174		2.07976  0.2  0.2		4.1705503158		-1.0
	13885.00000001	3.18722		1.99025  0.2  0.2		4.1705503158		-1.0
	13915.00000001	3.37352		1.63407  0.2  0.2		4.1705503158		-1.0
	13945.00000001	3.79789		1.62125  0.2  0.2		4.1705503158		-1.0
	13975.00000001	3.58239		1.83525  0.2  0.2		4.1705503158		-1.0
	14005.00000001	3.4376		2.09373  0.2  0.2		4.1705503158		-1.0
	14035.00000001	3.57537		2.27009  0.2  0.2		4.1705503158		-1.0
	14065.00000001	2.54041		2.31359  0.2  0.2		4.1705503158		-1.0
	14095.00000001	3.31333		2.23273  0.2  0.2		4.1705503158		-1.0
	14125.00000001	3.84968		2.15645  0.2  0.2		4.1705503158		-1.0
	14155.00000001	3.42755		2.36448  0.2  0.2		4.1705503158		-1.0
	14185.00000001	3.16182		2.5777  0.2  0.2		4.1705503158		-1.0
	14215.00000001	3.45064		2.46701  0.2  0.2		4.1705503158		-1.0
	14245.00000000	3.45118		2.58594  0.2  0.2		4.1705503158		-1.0
	14275.00000000	3.23346		2.66811  0.2  0.2		4.1705503158		-1.0
	14305.00000000	3.475		2.92235  0.2  0.2		4.1705503158		-1.0
	14335.00000000	2.98221		2.82109  0.2  0.2		4.1705503158		-1.0
	14365.00000000	2.73455		2.72629  0.2  0.2		4.1705503158		-1.0
	14395.00000000	2.86062		2.59505  0.2  0.2		4.1705503158		-1.0
	14425.00000000	3.32896		2.54408  0.2  0.2		4.1705503158		-1.0
	14455.00000000	3.2617		2.58773  0.2  0.2		4.1705503158		-1.0
	14485.00000000	3.71087		2.71425  0.2  0.2		4.1705503158		-1.0
	14515.00000000	3.29186		2.84671  0.2  0.2		4.1705503158		-1.0
	14545.00000000	3.62232		3.01004  0.2  0.2		4.1705503158		-1.0
	14575.00000000	3.05012		3.13106  0.2  0.2		4.1705503158		-1.0
	14605.00000000	3.29115		3.02412  0.2  0.2		4.1705503158		-1.0
	14635.00000000	3.63634		2.90273  0.2  0.2		4.1705503158		-1.0
	14665.00000000	3.4919		3.06827  0.2  0.2		4.1705503158		-1.0
	14695.00000000	2.86622		-3.1278  0.2  0.2		4.1705503158		-1.0
	14725.00000000	3.0026		3.04733  0.2  0.2		4.1705503158		-1.0
	14755.00000000	3.42587		2.95125  0.2  0.2		4.1705503158		-1.0
	14785.00000000	3.78443		2.8924  0.2  0.2		4.1705503158		-1.0
	14815.00000000	3.5729		2.84066  0.2  0.2		4.1705503158		-1.0
	14845.00000000	3.55902		-3.06682  0.2  0.2		4.1705503158		-1.0
	14875.00000000	3.39593		-2.93278  0.2  0.2		4.1705503158		-1.0
	14905.00000000	3.2765		-2.65198  0.2  0.2		4.1705503158		-1.0
	14935.00000000	3.27853		-2.56339  0.2  0.2		4.1705503158		-1.0
	14965.00000000	3.24409		-2.49149  0.2  0.2		4.1705503158		-1.0
	14995.00000000	3.18983		-2.5966  0.2  0.2		4.1705503158		-1.0
	15025.00000000	3.41013		-2.35534  0.2  0.2		4.1705503158		-1.0
	15055.00000000	2.70625		-2.1285  0.2  0.2		4.1705503158		-1.0
	15085.00000000	2.77494		-2.16828  0.2  0.2		4.1705503158		-1.0
	15115.00000000	3.04848		-2.2487  0.2  0.2		4.1705503158		-1.0
	15145.00000000	3.27505		-2.22308  0.2  0.2		4.1705503158		-1.0
	15175.00000000	3.0902		-2.28227  0.2  0.2		4.1705503158		-1.0
	15205.00000000	3.33037		-2.35477  0.2  0.2		4.1705503158		-1.0
	15235.00000000	2.65		-2.55071  0.2  0.2		4.1705503158		-1.0
	15265.00000000	2.60902		-2.36419  0.2  0.2		4.1705503158		-1.0
	15295.00000000	2.99037		-2.20205  0.2  0.2		4.1705503158		-1.0
	15325.00000000	2.81457		-1.68209  0.2  0.2		4.1705503158		-1.0
	15355.00000000	2.85687		-1.69768  0.2  0.2		4.1705503158		-1.0
	15385.00000000	2.749		-1.76754  0.2  0.2		4.1705503158		-1.0
	15415.00000000	2.76048		-1.80052  0.2  0.2		4.1705503158		-1.0
	15445.00000000	2.62993		-1.50607  0.2  0.2		4.1705503158		-1.0
	15475.00000000	2.81721		-1.53318  0.2  0.2		4.1705503158		-1.0
	15505.00000000	2.72815		-1.61861  0.2  0.2		4.1705503158		-1.0
	15535.00000000	2.55532		-1.80156  0.2  0.2		4.1705503158		-1.0
	15565.00000000	2.61986		-1.76742  0.2  0.2		4.1705503158		-1.0
	15595.00000000	3.01601		-1.55581  0.2  0.2		4.1705503158		-1.0
	15625.00000000	3.22459		-1.56647  0.2  0.2		4.1705503158		-1.0
	15655.00000000	3.5981		-1.80165  0.2  0.2		4.1705503158		-1.0
	15685.00000000	3.43544		-1.92993  0.2  0.2		4.1705503158		-1.0
	15715.00000000	3.42576		-2.38196  0.2  0.2		4.1705503158		-1.0
	15745.00000000	3.20357		-2.51043  0.2  0.2		4.1705503158		-1.0
	15775.00000000	2.58517		-2.64312  0.2  0.2		4.1705503158		-1.0
	15805.00000000	3.09787		-2.64741  0.2  0.2		4.1705503158		-1.0
	15835.00000000	3.54339		-2.52024  0.2  0.2		4.1705503158		-1.0
	15865.00000000	2.68182		-2.58092  0.2  0.2		4.1705503158		-1.0
	15895.00000000	3.55229		-2.45751  0.2  0.2		4.1705503158		-1.0
	15925.00000000	3.33698		-2.46424  0.2  0.2		4.1705503158		-1.0
	15955.00000000	3.7394		-2.56423  0.2  0.2		4.1705503158		-1.0
	15985.00000000	3.43025		-2.67816  0.2  0.2		4.1705503158		-1.0
	16015.00000000	3.68347		-2.59789  0.2  0.2		4.1705503158		-1.0
	16045.00000000	3.49053		-2.6707  0.2  0.2		4.1705503158		-1.0
	16075.00000000	3.65689		-2.90776  0.2  0.2		4.1705503158		-1.0
	16105.00000000	3.44893		-2.83828  0.2  0.2		4.1705503158		-1.0
	16135.00000000	3.58204		-2.81777  0.2  0.2		4.1705503158		-1.0
	16165.00000000	3.59509		-2.84774  0.2  0.2		4.1705503158		-1.0
	16195.00000000	3.76816		-2.99549  0.2  0.2		4.1705503158		-1.0
	16225.00000000	3.7732		-3.00596  0.2  0.2		4.1705503158		-1.0
	16255.00000000	2.80538		-2.72306  0.2  0.2		4.1705503158		-1.0
	16285.00000000	2.91874		-2.90925  0.2  0.2		4.1705503158		-1.0
	16315.00000000	3.39124		-2.97807  0.2  0.2		4.1705503158		-1.0
	16345.00000000	3.22107		3.12275  0.2  0.2		4.1705503158		-1.0
	16375.00000000	2.88892		-2.99667  0.2  0.2		4.1705503158		-1.0
	16405.00000000	3.13752		-2.71866  0.2  0.2		4.1705503158		-1.0
	16435.00000000	3.8887		-2.80006  0.2  0.2		4.1705503158		-1.0
	16465.00000000	4.26653		-2.85991  0.2  0.2		4.1705503158		-1.0
	16495.00000000	3.44565		-2.77519  0.2  0.2		4.1705503158		-1.0
	16525.00000000	2.71115		-2.54162  0.2  0.2		4.1705503158		-1.0
	16555.00000000	2.74048		-2.31874  0.2  0.2		4.1705503158		-1.0
	16585.00000000	2.79534		-2.26887  0.2  0.2		4.1705503158		-1.0
	16615.00000000	2.6817		-2.23324  0.2  0.2		4.1705503158		-1.0
	16645.00000000	3.73499		-2.20668  0.2  0.2		4.1705503158		-1.0
	16675.00000000	3.20015		-2.12301  0.2  0.2		4.1705503158		-1.0
	16705.00000000	3.48176		-1.9229  0.2  0.2		4.1705503158		-1.0
	16735.00000000	3.39162		-2.20255  0.2  0.2		4.1705503158		-1.0
	16765.00000000	3.48897		-2.30889  0.2  0.2		4.1705503158		-1.0
	16795.00000000	3.50375		-2.07815  0.2  0.2		4.1705503158		-1.0
	16825.00000000	3.56225		-1.96771  0.2  0.2		4.1705503158		-1.0
	16855.00000000	3.39079		-2.03346  0.2  0.2		4.1705503158		-1.0
	16885.00000000	3.35987		-2.23383  0.2  0.2		4.1705503158		-1.0
	16915.00000000	2.76188		-2.35709  0.2  0.2		4.1705503158		-1.0
	16945.00000000	2.77274		-2.55766  0.2  0.2		4.1705503158		-1.0
	16975.00000000	3.09667		-2.55018  0.2  0.2		4.1705503158		-1.0
	17005.00000000	2.64229		-2.43389  0.2  0.2		4.1705503158		-1.0
	17035.00000000	3.15258		-2.42127  0.2  0.2		4.1705503158		-1.0
	17065.00000000	2.8999		-2.43539  0.2  0.2		4.1705503158		-1.0
	17095.00000000	2.97552		-2.27021  0.2  0.2		4.1705503158		-1.0
	17125.00000000	3.00846		-2.18821  0.2  0.2		4.1705503158		-1.0
	17155.00000000	3.1573		-1.80121  0.2  0.2		4.1705503158		-1.0
	17185.00000000	3.48977		-1.67815  0.2  0.2		4.1705503158		-1.0
	17215.00000000	3.27822		-1.6166  0.2  0.2		4.1705503158		-1.0
	17245.00000000	3.30396		-1.53772  0.2  0.2		4.1705503158		-1.0
	17275.00000000	3.4247		-1.35585  0.2  0.2		4.1705503158		-1.0
	17305.00000000	3.18557		-1.02786  0.2  0.2		4.1705503158		-1.0
	17335.00000000	2.87543		-1.10968  0.2  0.2		4.1705503158		-1.0
	17365.00000000	2.73752		-1.19958  0.2  0.2		4.1705503158		-1.0
	17395.00000000	2.944		-0.97193  0.2  0.2		4.1705503158		-1.0
	17425.00000000	2.64495		-0.78415  0.2  0.2		4.1705503158		-1.0
	17455.00000000	2.78972		-0.89789  0.2  0.2		4.1705503158		-1.0
	17485.00000000	2.64319		-0.84691  0.2  0.2		4.1705503158		-1.0
	17515.00000000	2.65846		-1.0034  0.2  0.2		4.1705503158		-1.0
	17545.00000000	2.64558		-1.10998  0.2  0.2		4.1705503158		-1.0
	17575.00000000	2.6115		-1.37784  0.2  0.2		4.1705503158		-1.0
	17605.00000000	2.84264		-1.5081  0.2  0.2		4.1705503158		-1.0
	17635.00000000	2.71624		-1.43038  0.2  0.2		4.1705503158		-1.0
	17665.00000000	2.78952		-1.57244  0.2  0.2		4.1705503158		-1.0
	17695.00000000	3.63375		-1.42886  0.2  0.2		4.1705503158		-1.0
	17725.00000000	3.20577		-1.22511  0.2  0.2		4.1705503158		-1.0
	17755.00000000	3.43546		-0.98261  0.2  0.2		4.1705503158		-1.0
	17785.00000000	3.21041		-0.96333  0.2  0.2		4.1705503158		-1.0
	17815.00000000	3.55349		-1.0719  0.2  0.2		4.1705503158		-1.0
	17845.00000000	3.60191		-1.12542  0.2  0.2		4.1705503158		-1.0
	17875.00000000	3.44192		-1.00093  0.2  0.2		4.1705503158		-1.0
	17905.00000000	3.35412		-1.03026  0.2  0.2		4.1705503158		-1.0
	17935.00000000	3.56717		-1.17323  0.2  0.2		4.1705503158		-1.0
	17965.00000000	3.17351		-1.51594  0.2  0.2		4.1705503158		-1.0
	17995.00000000	3.79306		-1.64651  0.2  0.2		4.1705503158		-1.0
	18025.00000000	3.405		-1.68486  0.2  0.2		4.1705503158		-1.0
	18055.00000000	3.39642		-1.55043  0.2  0.2		4.1705503158		-1.0
	18085.00000000	3.4176		-1.40402  0.2  0.2		4.1705503158		-1.0
	18115.00000000	3.62		-1.64798  0.2  0.2		4.1705503158		-1.0
	18145.00000000	3.41678		-1.68431  0.2  0.2		4.1705503158		-1.0
	18175.00000000	3.41677		-1.62332  0.2  0.2		4.1705503158		-1.0
	18205.00000000	3.07846		-1.49269  0.2  0.2		4.1705503158		-1.0
	18235.00000000	3.2598		-1.63369  0.2  0.2		4.1705503158		-1.0
	18265.00000000	3.43529		-1.4627  0.2  0.2		4.1705503158		-1.0
	18295.00000000	3.85876		-1.21968  0.2  0.2		4.1705503158		-1.0
	18325.00000000	3.48229		-1.49626  0.2  0.2		4.1705503158		-1.0
	18355.00000000	3.9371		-1.61497  0.2  0.2		4.1705503158		-1.0
	18385.00000000	3.49557		-1.66133  0.2  0.2		4.1705503158		-1.0
	18415.00000000	2.86702		-1.80195  0.2  0.2		4.1705503158		-1.0
	18445.00000000	2.72123		-1.91616  0.2  0.2		4.1705503158		-1.0
	18475.00000000	2.85916		-2.07023  0.2  0.2		4.1705503158		-1.0
	18505.00000000	3.76274		-1.99031  0.2  0.2		4.1705503158		-1.0
	18535.00000000	3.62211		-1.80097  0.2  0.2		4.1705503158		-1.0
	18565.00000000	3.85443		-1.7197  0.2  0.2		4.1705503158		-1.0
	18595.00000000	3.95317		-1.78126  0.2  0.2		4.1705503158		-1.0
	18625.00000000	4.21805		-1.85169  0.2  0.2		4.1705503158		-1.0
	18655.00000000	3.63143		-1.79412  0.2  0.2		4.1705503158		-1.0
	18685.00000000	3.24508		-1.81889  0.2  0.2		4.1705503158		-1.0
	18715.00000000	2.57058		-1.55179  0.2  0.2		4.1705503158		-1.0
	18745.00000000	3.3011		-1.26982  0.2  0.2		4.1705503158		-1.0
	18775.00000000	3.18137		-1.4024  0.2  0.2		4.1705503158		-1.0
	18805.00000000	3.0676		-0.97924  0.2  0.2		4.1705503158		-1.0
	18835.00000000	3.7631		-0.76657  0.2  0.2		4.1705503158		-1.0
	18865.00000000	3.31709		-0.6233  0.2  0.2		4.1705503158		-1.0
	18895.00000000	3.58696		-0.61637  0.2  0.2		4.1705503158		-1.0
	18925.00000000	3.48854		-0.87255  0.2  0.2		4.1705503158		-1.0
	18955.00000000	3.1642		-0.92239  0.2  0.2		4.1705503158		-1.0
	18985.00000000	2.69697		-0.7377  0.2  0.2		4.1705503158		-1.0
	19015.00000000	2.94666		-0.46957  0.2  0.2		4.1705503158		-1.0
	19045.00000000	3.13872		-0.37405  0.2  0.2		4.1705503158		-1.0
	19075.00000000	3.56964		-0.41487  0.2  0.2		4.1705503158		-1.0
	19105.00000000	3.36373		-0.72331  0.2  0.2		4.1705503158		-1.0
	19135.00000000	3.45793		-0.83713  0.2  0.2		4.1705503158		-1.0
	19165.00000000	3.77906		-0.61561  0.2  0.2		4.1705503158		-1.0
	19195.00000000	3.26962		-0.15065  0.2  0.2		4.1705503158		-1.0
	19225.00000000	3.41183		0.25254  0.2  0.2		4.1705503158		-1.0
	19255.00000000	3.15505		0.37138  0.2  0.2		4.1705503158		-1.0
	19285.00000000	3.52168		0.26183  0.2  0.2		4.1705503158		-1.0
	19315.00000000	3.25072		0.25714  0.2  0.2		4.1705503158		-1.0
	19345.00000000	3.3053		0.28814  0.2  0.2		4.1705503158		-1.0
	19375.00000000	3.53373		0.42287  0.2  0.2		4.1705503158		-1.0
	19405.00000000	3.16552		0.6056  0.2  0.2		4.1705503158		-1.0
	19435.00000000	3.44277		0.88901  0.2  0.2		4.1705503158		-1.0
	19465.00000000	3.48173		0.93925  0.2  0.2		4.1705503158		-1.0
	19495.00000000	2.9373		0.93454  0.2  0.2		4.1705503158		-1.0
	19525.00000000	3.17915		1.03913  0.2  0.2		4.1705503158		-1.0
	19555.00000000	3.38399		0.99892  0.2  0.2		4.1705503158		-1.0
	19585.00000000	3.62664		0.65823  0.2  0.2		4.1705503158		-1.0
	19615.00000000	3.08373		0.24729  0.2  0.2		4.1705503158		-1.0
	19645.00000000	2.61101		-0.02918  0.2  0.2		4.1705503158		-1.0
	19675.00000000	2.66019		-0.3853  0.2  0.2		4.1705503158		-1.0
	19705.00000000	2.62365		-0.37096  0.2  0.2		4.1705503158		-1.0
	19735.00000000	3.19713		-0.41485  0.2  0.2		4.1705503158		-1.0
	19765.00000000	3.80709		-0.43511  0.2  0.2		4.1705503158		-1.0
	19795.00000000	3.3858		-0.058  0.2  0.2		4.1705503158		-1.0
	19825.00000000	3.43683		0.30045  0.2  0.2		4.1705503158		-1.0
	19855.00000000	3.06936		0.48928  0.2  0.2		4.1705503158		-1.0
	19885.00000000	2.7038		0.84094  0.2  0.2		4.1705503158		-1.0
	19915.00000000	2.51862		1.00085  0.2  0.2		4.1705503158		-1.0
	19945.00000000	2.68168		0.88353  0.2  0.2		4.1705503158		-1.0
	19975.00000000	2.67571		0.73472  0.2  0.2		4.1705503158		-1.0
	20005.00000000	2.63335		0.59176  0.2  0.2		4.1705503158		-1.0
	20035.00000000	2.66139		0.28549  0.2  0.2		4.1705503158		-1.0
	20065.00000000	3.21268		0.09201  0.2  0.2		4.1705503158		-1.0
	20095.00000000	3.60388		-0.03498  0.2  0.2		4.1705503158		-1.0
	20125.00000000	3.78534		-0.17437  0.2  0.2		4.1705503158		-1.0
	20155.00000000	3.29652		-0.13075  0.2  0.2		4.1705503158		-1.0
	20185.00000000	2.79566		-0.55862  0.2  0.2		4.1705503158		-1.0
	20215.00000000	2.94481		-0.7029  0.2  0.2		4.1705503158		-1.0
	20245.00000000	3.1916		-0.69805  0.2  0.2		4.1705503158		-1.0
	20275.00000000	3.61803		-0.80989  0.2  0.2		4.1705503158		-1.0
	20305.00000000	3.92841		-1.08576  0.2  0.2		4.1705503158		-1.0
	20335.00000000	3.33815		-0.84998  0.2  0.2		4.1705503158		-1.0
	20365.00000000	3.90944		-0.58865  0.2  0.2		4.1705503158		-1.0
	20395.00000000	3.58475		-0.51761  0.2  0.2		4.1705503158		-1.0
	20425.00000000	2.83109		-0.64942  0.2  0.2		4.1705503158		-1.0
	20455.00000000	2.97147		-0.74895  0.2  0.2		4.1705503158		-1.0
	20485.00000000	2.68609		-0.63304  0.2  0.2		4.1705503158		-1.0
	20515.00000000	3.1256		-0.62858  0.2  0.2		4.1705503158		-1.0
	20545.00000000	3.39223		-0.40668  0.2  0.2		4.1705503158		-1.0
	20575.00000000	3.57701		-0.23181  0.2  0.2		4.1705503158		-1.0
	20605.00000000	3.6797		0.04738  0.2  0.2		4.1705503158		-1.0
	20635.00000000	3.3789		0.2269  0.2  0.2		4.1705503158		-1.0
	20665.00000000	2.87126		0.36485  0.2  0.2		4.1705503158		-1.0
	20695.00000000	2.61311		0.36224  0.2  0.2		4.1705503158		-1.0
	20724.99999999	3.06494		0.23799  0.2  0.2		4.1705503158		-1.0
	20754.99999999	3.25695		0.03018  0.2  0.2		4.1705503158		-1.0
	20784.99999999	3.58053		-0.18932  0.2  0.2		4.1705503158		-1.0
	20814.99999999	3.75588		-0.39216  0.2  0.2		4.1705503158		-1.0
	20844.99999999	3.44479		-0.60851  0.2  0.2		4.1705503158		-1.0
	20874.99999999	3.24332		-0.51231  0.2  0.2		4.1705503158		-1.0
	20904.99999999	2.6266		-0.12577  0.2  0.2		4.1705503158		-1.0
	20934.99999999	2.66357		-0.17047  0.2  0.2		4.1705503158		-1.0
	20964.99999999	2.80326		-0.33581  0.2  0.2		4.1705503158		-1.0
	20994.99999999	2.72791		-0.34381  0.2  0.2		4.1705503158		-1.0
	21024.99999999	2.65255		0.16219  0.2  0.2		4.1705503158		-1.0
	21054.99999999	2.65407		0.35864  0.2  0.2		4.1705503158		-1.0
	21084.99999999	2.85926		0.24802  0.2  0.2		4.1705503158		-1.0
	21114.99999999	3.41719		0.30963  0.2  0.2		4.1705503158		-1.0
	21144.99999999	3.18076		0.63454  0.2  0.2		4.1705503158		-1.0
	21174.99999999	3.14709		0.94725  0.2  0.2		4.1705503158		-1.0
	21204.99999999	3.33031		0.90588  0.2  0.2		4.1705503158		-1.0
	21234.99999999	3.08657		0.72794  0.2  0.2		4.1705503158		-1.0
	21264.99999999	3.67647		0.38648  0.2  0.2		4.1705503158		-1.0
	21294.99999999	3.41689		-0.09006  0.2  0.2		4.1705503158		-1.0
	21324.99999999	4.04619		0.00238  0.2  0.2		4.1705503158		-1.0
	21354.99999999	3.40023		-0.10269  0.2  0.2		4.1705503158		-1.0
	21384.99999999	2.77676		-0.38711  0.2  0.2		4.1705503158		-1.0
	21414.99999999	2.86533		-0.64767  0.2  0.2		4.1705503158		-1.0
	21444.99999999	2.65277		-1.04042  0.2  0.2		4.1705503158		-1.0
	21474.99999999	2.77914		-1.11511  0.2  0.2		4.1705503158		-1.0
	21504.99999999	2.65758		-0.91876  0.2  0.2		4.1705503158		-1.0
	21534.99999999	2.63171		-0.92553  0.2  0.2		4.1705503158		-1.0
	21564.99999999	2.8394		-1.00573  0.2  0.2		4.1705503158		-1.0
	21594.99999999	3.57403		-0.90312  0.2  0.2		4.1705503158		-1.0
	21624.99999999	4.08672		-0.84316  0.2  0.2		4.1705503158		-1.0
	21654.99999999	4.10629		-1.0127  0.2  0.2		4.1705503158		-1.0
	21684.99999999	3.23295		-1.2477  0.2  0.2		4.1705503158		-1.0
	21714.99999999	2.85726		-1.179  0.2  0.2		4.1705503158		-1.0
	21744.99999999	3.58015		-1.13213  0.2  0.2		4.1705503158		-1.0
	21774.99999999	3.4434		-0.92191  0.2  0.2		4.1705503158		-1.0
	21804.99999999	3.10241		-0.81475  0.2  0.2		4.1705503158		-1.0
	21834.99999999	2.60487		-1.07875  0.2  0.2		4.1705503158		-1.0
	21864.99999999	2.58284		-1.16375  0.2  0.2		4.1705503158		-1.0
	21894.99999999	2.76888		-1.08292  0.2  0.2		4.1705503158		-1.0
	21924.99999999	2.70003		-0.80816  0.2  0.2		4.1705503158		-1.0
	21954.99999999	2.75603		-0.32023  0.2  0.2		4.1705503158		-1.0
	21984.99999999	3.03818		-0.17198  0.2  0.2		4.1705503158		-1.0
	22014.99999999	3.00131		-0.22076  0.2  0.2		4.1705503158		-1.0
	22044.99999999	2.88362		0.07677  0.2  0.2		4.1705503158		-1.0
	22074.99999999	2.8494		0.39406  0.2  0.2		4.1705503158		-1.0
	22104.99999999	2.55351		0.58028  0.2  0.2		4.1705503158		-1.0
	22134.99999999	2.56753		0.97723  0.2  0.2		4.1705503158		-1.0
	22164.99999999	2.60761		1.26634  0.2  0.2		4.1705503158		-1.0
	22194.99999999	2.68096		1.31434  0.2  0.2		4.1705503158		-1.0
	22224.99999999	2.96871		1.2075  0.2  0.2		4.1705503158		-1.0
	22254.99999999	3.20964		1.10267  0.2  0.2		4.1705503158		-1.0
	22284.99999999	3.33233		0.86663  0.2  0.2		4.1705503158		-1.0
	22314.99999999	3.58855		0.89979  0.2  0.2		4.1705503158		-1.0
	22344.99999999	3.63816		0.80849  0.2  0.2		4.1705503158		-1.0
	22374.99999999	3.7772		0.79755  0.2  0.2		4.1705503158		-1.0
	22404.99999999	3.64549		0.76784  0.2  0.2		4.1705503158		-1.0
	22434.99999999	3.44173		0.67452  0.2  0.2		4.1705503158		-1.0
	22464.99999999	3.24375		0.51983  0.2  0.2		4.1705503158		-1.0
	22494.99999999	3.60915		0.46895  0.2  0.2		4.1705503158		-1.0
	22524.99999999	3.65631		0.32021  0.2  0.2		4.1705503158		-1.0
	22554.99999999	3.79006		0.09702  0.2  0.2		4.1705503158		-1.0
	22584.99999999	3.5023		0.07221  0.2  0.2		4.1705503158		-1.0
	22614.99999999	3.38846		0.38044  0.2  0.2		4.1705503158		-1.0
	22644.99999999	3.25241		0.6384  0.2  0.2		4.1705503158		-1.0
	22674.99999999	3.30379		0.75874  0.2  0.2		4.1705503158		-1.0
	22704.99999999	3.99395		0.8175  0.2  0.2		4.1705503158		-1.0
	22734.99999999	3.68626		1.05206  0.2  0.2		4.1705503158		-1.0
	22764.99999999	3.76267		1.2977  0.2  0.2		4.1705503158		-1.0
	22794.99999999	3.65689		1.51823  0.2  0.2		4.1705503158		-1.0
	22824.99999999	3.71602		1.65202  0.2  0.2		4.1705503158		-1.0
	22854.99999999	3.83489		1.78364  0.2  0.2		4.1705503158		-1.0
	22884.99999999	3.48414		1.76482  0.2  0.2		4.1705503158		-1.0
	22914.99999999	2.89654		1.79126  0.2  0.2		4.1705503158		-1.0
	22944.99999999	2.74183		1.96422  0.2  0.2		4.1705503158		-1.0
	22974.99999999	2.6649		1.98635  0.2  0.2		4.1705503158		-1.0
	23004.99999999	2.74863		1.86323  0.2  0.2		4.1705503158		-1.0
	23034.99999999	2.77084		1.82409  0.2  0.2		4.1705503158		-1.0
	23064.99999999	2.86824		1.81551  0.2  0.2		4.1705503158		-1.0
	23094.99999999	3.39726		1.88862  0.2  0.2		4.1705503158		-1.0
	23124.99999999	3.34415		1.94191  0.2  0.2		4.1705503158		-1.0
	23154.99999999	2.55059		1.9564  0.2  0.2		4.1705503158		-1.0
	23184.99999999	2.61511		2.12583  0.2  0.2		4.1705503158		-1.0
	23214.99999999	2.72311		2.33866  0.2  0.2		4.1705503158		-1.0
	23244.99999999	2.59099		2.56578  0.2  0.2		4.1705503158		-1.0
	23274.99999999	3.23241		2.3238  0.2  0.2		4.1705503158		-1.0
	23304.99999999	3.93189		2.10226  0.2  0.2		4.1705503158		-1.0
	23334.99999999	3.5689		2.03284  0.2  0.2		4.1705503158		-1.0
	23364.99999999	3.65761		2.14853  0.2  0.2		4.1705503158		-1.0
	23394.99999999	3.81436		2.27432  0.2  0.2		4.1705503158		-1.0
	23424.99999999	3.75136		2.34463  0.2  0.2		4.1705503158		-1.0
	23454.99999999	3.82467		2.57972  0.2  0.2		4.1705503158		-1.0
	23484.99999999	3.8842		2.68105  0.2  0.2		4.1705503158		-1.0
	23514.99999999	3.62469		2.60478  0.2  0.2		4.1705503158		-1.0
	23544.99999999	3.7184		2.50179  0.2  0.2		4.1705503158		-1.0
	23574.99999999	3.71763		2.45942  0.2  0.2		4.1705503158		-1.0
	23604.99999999	2.9601		2.20296  0.2  0.2		4.1705503158		-1.0
	23634.99999999	3.33983		2.21359  0.2  0.2		4.1705503158		-1.0
	23664.99999999	2.88225		2.46146  0.2  0.2		4.1705503158		-1.0
	23694.99999999	2.75509		2.74688  0.2  0.2		4.1705503158		-1.0
	23724.99999999	2.73358		2.72546  0.2  0.2		4.1705503158		-1.0
	23754.99999999	2.71869		2.78918  0.2  0.2		4.1705503158		-1.0
	23784.99999999	2.74234		2.82677  0.2  0.2		4.1705503158		-1.0
	23814.99999999	2.59403		3.03234  0.2  0.2		4.1705503158		-1.0
	23844.99999999	2.54695		-3.11503  0.2  0.2		4.1705503158		-1.0
	23874.99999999	3.21091		2.90261  0.2  0.2		4.1705503158		-1.0
	23904.99999999	3.06731		2.79666  0.2  0.2		4.1705503158		-1.0
	23934.99999999	3.57982		2.82921  0.2  0.2		4.1705503158		-1.0
	23964.99999999	4.23781		2.85726  0.2  0.2		4.1705503158		-1.0
	23994.99999999	4.41845		2.94822  0.2  0.2		4.1705503158		-1.0
	24024.99999999	4.7585		2.70643  0.2  0.2		4.1705503158		-1.0
	24054.99999999	5.53643		2.67819  0.2  0.2		4.1705503158		-1.0
	24084.99999999	6.11203		2.68114  0.2  0.2		4.1705503158		-1.0
	24114.99999999	6.93195		2.78766  0.2  0.2		4.1705503158		-1.0
	24144.99999999	7.60647		2.81294  0.2  0.2		4.1705503158		-1.0
	24174.99999999	7.88327		2.56956  0.2  0.2		4.1705503158		-1.0
	24204.99999999	8.27972		2.48444  0.2  0.2		4.1705503158		-1.0
	24234.99999999	8.80236		2.45803  0.2  0.2		4.1705503158		-1.0
	24264.99999999	9.38976		2.74163  0.2  0.2		4.1705503158		-1.0
	24294.99999999	9.66585		2.70998  0.2  0.2		4.1705503158		-1.0
	24324.99999999	9.87615		2.54393  0.2  0.2		4.1705503158		-1.0
	24354.99999999	10.47092		2.52373  0.2  0.2		4.1705503158		-1.0
	24384.99999999	11.13598		2.87413  0.2  0.2		4.1705503158		-1.0
	24414.99999999	11.70537		2.75302  0.2  0.2		4.1705503158		-1.0
	24444.99999999	11.66489		2.29055  0.2  0.2		4.1705503158		-1.0
	24474.99999999	11.66568		2.15562  0.2  0.2		4.1705503158		-1.0
	24504.99999999	11.91317		2.03072  0.2  0.2		4.1705503158		-1.0
	24534.99999999	12.47223		2.14264  0.2  0.2		4.1705503158		-1.0
	24564.99999999	12.54644		2.22749  0.2  0.2		4.1705503158		-1.0
	24594.99999999	11.99422		2.46346  0.2  0.2		4.1705503158		-1.0
	24624.99999999	11.49965		2.49901  0.2  0.2		4.1705503158		-1.0
	24654.99999999	10.59586		2.12665  0.2  0.2		4.1705503158		-1.0
	24684.99999999	9.66171		2.07617  0.2  0.2		4.1705503158		-1.0
	24714.99999999	9.42505		2.26008  0.2  0.2		4.1705503158		-1.0
	24744.99999999	8.84255		2.13004  0.2  0.2		4.1705503158		-1.0
	24774.99999999	8.28937		2.31807  0.2  0.2		4.1705503158		-1.0
	24804.99999999	7.46492		2.15392  0.2  0.2		4.1705503158		-1.0
	24834.99999999	7.05946		1.7647  0.2  0.2		4.1705503158		-1.0
	24864.99999999	6.59626		1.46509  0.2  0.2		4.1705503158		-1.0
	24894.99999999	6.57615		1.37263  0.2  0.2		4.1705503158		-1.0
	24924.99999999	6.99001		1.29116  0.2  0.2		4.1705503158		-1.0
	24954.99999999	7.52518		1.38109  0.2  0.2		4.1705503158		-1.0
	24984.99999999	7.73886		1.56388  0.2  0.2		4.1705503158		-1.0
	25014.99999999	8.50879		1.60884  0.2  0.2		4.1705503158		-1.0
	25044.99999999	9.34679		1.92861  0.2  0.2		4.1705503158		-1.0
	25074.99999999	10.41887		2.13813  0.2  0.2		4.1705503158		-1.0
	25104.99999999	10.97434		2.0508  0.2  0.2		4.1705503158		-1.0
	25134.99999999	11.52873		2.13049  0.2  0.2		4.1705503158		-1.0
	25164.99999999	11.14647		2.19996  0.2  0.2		4.1705503158		-1.0
	25194.99999999	10.34263		2.51175  0.2  0.2		4.1705503158		-1.0
	25224.99999999	9.19996		2.48903  0.2  0.2		4.1705503158		-1.0
	25254.99999999	8.6523		2.62431  0.2  0.2		4.1705503158		-1.0
	25284.99999999	8.0484		2.61674  0.2  0.2		4.1705503158		-1.0
	25314.99999999	7.49273		2.58635  0.2  0.2		4.1705503158		-1.0
	25344.99999999	6.82994		2.55242  0.2  0.2		4.1705503158		-1.0
	25374.99999999	6.60836		2.47429  0.2  0.2		4.1705503158		-1.0
	25404.99999999	6.95088		2.27902  0.2  0.2		4.1705503158		-1.0
	25434.99999999	7.04172		2.15605  0.2  0.2		4.1705503158		-1.0
	25464.99999999	7.06322		1.98749  0.2  0.2		4.1705503158		-1.0
	25494.99999999	6.97576		1.92633  0.2  0.2		4.1705503158		-1.0
	25524.99999999	7.16477		1.86358  0.2  0.2		4.1705503158		-1.0
	25554.99999999	7.74617		1.80991  0.2  0.2		4.1705503158		-1.0
	25584.99999999	8.21521		1.6468  0.2  0.2		4.1705503158		-1.0
	25614.99999999	8.5084		1.73676  0.2  0.2		4.1705503158		-1.0
	25644.99999999	8.19548		1.74145  0.2  0.2		4.1705503158		-1.0
	25674.99999999	7.71881		2.03456  0.2  0.2		4.1705503158		-1.0
	25704.99999999	7.46392		2.19562  0.2  0.2		4.1705503158		-1.0
	25734.99999999	7.7779		2.29687  0.2  0.2		4.1705503158		-1.0
	25764.99999999	7.79032		2.02912  0.2  0.2		4.1705503158		-1.0
	25794.99999999	8.15234		1.96773  0.2  0.2		4.1705503158		-1.0
	25824.99999999	8.92585		2.12176  0.2  0.2		4.1705503158		-1.0
	25854.99999999	9.23655		2.03088  0.2  0.2		4.1705503158		-1.0
	25884.99999999	9.80387		2.08058  0.2  0.2		4.1705503158		-1.0
	25914.99999999	10.35533		2.11076  0.2  0.2		4.1705503158		-1.0
	25944.99999999	10.37979		2.36851  0.2  0.2		4.1705503158		-1.0
	25974.99999999	9.68174		2.49261  0.2  0.2		4.1705503158		-1.0
	26004.99999999	9.12658		2.6276  0.2  0.2		4.1705503158		-1.0
	26034.99999999	8.61924		3.04441  0.2  0.2		4.1705503158		-1.0
	26064.99999999	8.24094		3.10719  0.2  0.2		4.1705503158		-1.0
	26094.99999999	8.38188		-3.01889  0.2  0.2		4.1705503158		-1.0
	26124.99999999	8.63245		-3.00986  0.2  0.2		4.1705503158		-1.0
	26154.99999999	9.56191		-3.10988  0.2  0.2		4.1705503158		-1.0
	26184.99999999	10.26668		2.91353  0.2  0.2		4.1705503158		-1.0
	26214.99999999	10.76833		2.81583  0.2  0.2		4.1705503158		-1.0
	26244.99999999	10.97115		2.67654  0.2  0.2		4.1705503158		-1.0
	26274.99999999	11.4222		2.64641  0.2  0.2		4.1705503158		-1.0
	26304.99999999	11.76195		2.84716  0.2  0.2		4.1705503158		-1.0
	26334.99999999	11.89549		2.69233  0.2  0.2		4.1705503158		-1.0
	26364.99999999	12.24684		2.89211  0.2  0.2		4.1705503158		-1.0
	26394.99999999	12.23337		-2.96893  0.2  0.2		4.1705503158		-1.0
	26424.99999999	12.52224		2.8785  0.2  0.2		4.1705503158		-1.0
	26454.99999999	12.86012		2.44307  0.2  0.2		4.1705503158		-1.0
	26484.99999999	13.0015		2.37654  0.2  0.2		4.1705503158		-1.0
	26514.99999999	13.80708		2.79287  0.2  0.2		4.1705503158		-1.0
	26544.99999999	14.19149		2.56611  0.2  0.2		4.1705503158		-1.0
	26574.99999999	14.45681		2.12528  0.2  0.2		4.1705503158		-1.0
	26604.99999999	14.45504		1.95788  0.2  0.2		4.1705503158		-1.0
	26634.99999999	14.12328		1.74384  0.2  0.2		4.1705503158		-1.0
	26664.99999999	14.13476		1.57578  0.2  0.2		4.1705503158		-1.0
	26694.99999999	14.19568		1.44132  0.2  0.2		4.1705503158		-1.0
	26724.99999999	14.63261		1.16804  0.2  0.2		4.1705503158		-1.0
	26754.99999999	15.12407		1.16573  0.2  0.2		4.1705503158		-1.0
	26784.99999999	15.64561		1.63171  0.2  0.2		4.1705503158		-1.0
	26814.99999999	15.94352		1.80566  0.2  0.2		4.1705503158		-1.0
	26844.99999999	16.53876		2.05343  0.2  0.2		4.1705503158		-1.0
	26874.99999999	16.93381		3.05837  0.2  0.2		4.1705503158		-1.0
	26904.99999999	17.6164		-3.01553  0.2  0.2		4.1705503158		-1.0
	26934.99999999	18.52398		-2.66614  0.2  0.2		4.1705503158		-1.0
	26964.99999999	18.83851		-3.1231  0.2  0.2		4.1705503158		-1.0
	26994.99999999	18.69192		2.43467  0.2  0.2		4.1705503158		-1.0
	27024.99999999	18.37008		1.93498  0.2  0.2		4.1705503158		-1.0
	27054.99999999	17.68501		1.89025  0.2  0.2		4.1705503158		-1.0
	27084.99999999	16.89708		1.78048  0.2  0.2		4.1705503158		-1.0
	27114.99999999	16.48933		1.65648  0.2  0.2		4.1705503158		-1.0
	27144.99999999	16.18868		1.56919  0.2  0.2		4.1705503158		-1.0
	27174.99999999	16.3821		1.37593  0.2  0.2		4.1705503158		-1.0
	27204.99999999	15.98292		1.10776  0.2  0.2		4.1705503158		-1.0
	27234.99999998	15.22631		1.34342  0.2  0.2		4.1705503158		-1.0
	27264.99999998	15.0038		1.08376  0.2  0.2		4.1705503158		-1.0
	27294.99999998	14.70731		0.76418  0.2  0.2		4.1705503158		-1.0
	27324.99999998	14.59301		0.65512  0.2  0.2		4.1705503158		-1.0
	27354.99999998	14.47958		0.58548  0.2  0.2		4.1705503158		-1.0
	27384.99999998	13.86123		0.82736  0.2  0.2		4.1705503158		-1.0
	27414.99999998	13.34602		0.75278  0.2  0.2		4.1705503158		-1.0
	27444.99999998	12.75919		0.68125  0.2  0.2		4.1705503158		-1.0
	27474.99999998	12.40895		0.34497  0.2  0.2		4.1705503158		-1.0
	27504.99999998	11.74816		0.0102  0.2  0.2		4.1705503158		-1.0
	27534.99999998	11.51174		-0.21964  0.2  0.2		4.1705503158		-1.0
	27564.99999998	11.05338		-0.53851  0.2  0.2		4.1705503158		-1.0
	27594.99999998	10.37031		-0.53341  0.2  0.2		4.1705503158		-1.0
	27624.99999998	9.50535		-0.64801  0.2  0.2		4.1705503158		-1.0
	27654.99999998	8.8188		-0.66478  0.2  0.2		4.1705503158		-1.0
	27684.99999998	8.27605		-0.76928  0.2  0.2		4.1705503158		-1.0
	27714.99999998	7.79891		-0.52935  0.2  0.2		4.1705503158		-1.0
	27744.99999998	7.18712		-0.44755  0.2  0.2		4.1705503158		-1.0
	27774.99999998	7.12279		0.09131  0.2  0.2		4.1705503158		-1.0
	27804.99999998	7.20769		0.6152  0.2  0.2		4.1705503158		-1.0
	27834.99999998	7.74572		0.73787  0.2  0.2		4.1705503158		-1.0
	27864.99999998	7.98896		0.77079  0.2  0.2		4.1705503158		-1.0
	27894.99999998	7.96014		0.77026  0.2  0.2		4.1705503158		-1.0
	27924.99999998	7.43983		0.7787  0.2  0.2		4.1705503158		-1.0
	27954.99999998	7.33365		0.84452  0.2  0.2		4.1705503158		-1.0
	27984.99999998	6.87609		0.82208  0.2  0.2		4.1705503158		-1.0
	28014.99999998	6.21799		0.83828  0.2  0.2		4.1705503158		-1.0
	28044.99999998	5.87346		0.7805  0.2  0.2		4.1705503158		-1.0
	28074.99999998	5.50596		0.39196  0.2  0.2		4.1705503158		-1.0
	28104.99999998	5.70266		0.37972  0.2  0.2		4.1705503158		-1.0
	28134.99999998	5.74405		0.43149  0.2  0.2		4.1705503158		-1.0
	28164.99999998	6.21848		0.29769  0.2  0.2		4.1705503158		-1.0
	28194.99999998	6.59454		0.77946  0.2  0.2		4.1705503158		-1.0
	28224.99999998	6.57357		0.57026  0.2  0.2		4.1705503158		-1.0
	28254.99999998	7.08781		0.2156  0.2  0.2		4.1705503158		-1.0
	28284.99999998	7.56041		0.22595  0.2  0.2		4.1705503158		-1.0
	28314.99999998	7.58682		0.37141  0.2  0.2		4.1705503158		-1.0
	28344.99999998	8.40659		0.81971  0.2  0.2		4.1705503158		-1.0
	28374.99999998	9.15115		0.83464  0.2  0.2		4.1705503158		-1.0
	28404.99999998	10.22991		0.67287  0.2  0.2		4.1705503158		-1.0
	28434.99999998	11.07894		0.38762  0.2  0.2		4.1705503158		-1.0
	28464.99999998	11.93115		0.57191  0.2  0.2		4.1705503158		-1.0
	28494.99999998	12.65092		0.82613  0.2  0.2		4.1705503158		-1.0
	28524.99999998	12.81714		0.78505  0.2  0.2		4.1705503158		-1.0
	28554.99999998	13.09098		0.82191  0.2  0.2		4.1705503158		-1.0
	28584.99999998	13.36232		0.92218  0.2  0.2		4.1705503158		-1.0
	28614.99999998	13.88407		1.01441  0.2  0.2		4.1705503158		-1.0
	28644.99999998	14.72252		1.29605  0.2  0.2		4.1705503158		-1.0
	28674.99999998	15.20834		1.09229  0.2  0.2		4.1705503158		-1.0
	28704.99999998	15.85334		1.16186  0.2  0.2		4.1705503158		-1.0
	28734.99999998	16.36814		1.27776  0.2  0.2		4.1705503158		-1.0
	28764.99999998	16.80181		1.35139  0.2  0.2		4.1705503158		-1.0
	28794.99999998	17.51731		1.24579  0.2  0.2		4.1705503158		-1.0
	28824.99999998	18.03583		1.2816  0.2  0.2		4.1705503158		-1.0
	28854.99999998	18.40523		1.62159  0.2  0.2		4.1705503158		-1.0
	28884.99999998	18.96045		1.3659  0.2  0.2		4.1705503158		-1.0
	28914.99999998	19.76847		1.35248  0.2  0.2		4.1705503158		-1.0
	28944.99999998	20.06821		1.42067  0.2  0.2		4.1705503158		-1.0
	28974.99999998	20.64209		1.75515  0.2  0.2		4.1705503158		-1.0
	29004.99999998	20.93811		1.93011  0.2  0.2		4.1705503158		-1.0
	29034.99999998	20.98832		2.37319  0.2  0.2		4.1705503158		-1.0
	29064.99999998	20.75795		2.18087  0.2  0.2		4.1705503158		-1.0
	29094.99999998	20.7099		2.08848  0.2  0.2		4.1705503158		-1.0
	29124.99999998	21.03401		2.68068  0.2  0.2		4.1705503158		-1.0
	29154.99999998	20.67982		-2.98354  0.2  0.2		4.1705503158		-1.0
	29184.99999998	20.74294		-2.69118  0.2  0.2		4.1705503158		-1.0
	29214.99999998	20.79695		-2.1104  0.2  0.2		4.1705503158		-1.0
	29244.99999998	21.39013		-2.60589  0.2  0.2		4.1705503158		-1.0
	29274.99999998	21.70801		3.11981  0.2  0.2		4.1705503158		-1.0
	29304.99999998	22.11368		2.50823  0.2  0.2		4.1705503158		-1.0
	29334.99999998	22.39702		3.0565  0.2  0.2		4.1705503158		-1.0
	29364.99999998	22.47102		-2.44344  0.2  0.2		4.1705503158		-1.0
