	30.00000000	2.92704		1.51196  0.2  0.2		4.1705503158		-1.0
	60.00000000	2.85248		1.44303  0.2  0.2		4.1705503158		-1.0
	90.00000000	2.87154		1.14059  0.2  0.2		4.1705503158		-1.0
	120.00000000	2.9075		1.03334  0.2  0.2		4.1705503158		-1.0
	150.00000000	2.94101		0.85757  0.2  0.2		4.1705503158		-1.0
	180.00000000	2.86818		0.8383  0.2  0.2		4.1705503158		-1.0
	210.00000000	2.95946		1.0597  0.2  0.2		4.1705503158		-1.0
	240.00000000	3.0509		1.2728  0.2  0.2		4.1705503158		-1.0
	270.00000000	2.82212		1.47802  0.2  0.2		4.1705503158		-1.0
	300.00000000	3.06573		1.46066  0.2  0.2		4.1705503158		-1.0
	330.00000000	3.03393		1.74017  0.2  0.2		4.1705503158		-1.0
	360.00000000	2.89166		1.79479  0.2  0.2		4.1705503158		-1.0
	390.00000000	3.12837		1.5473  0.2  0.2		4.1705503158		-1.0
	420.00000000	2.93604		1.22199  0.2  0.2		4.1705503158		-1.0
	450.00000000	2.88656		1.13137  0.2  0.2		4.1705503158		-1.0
	480.00000000	3.06401		1.47243  0.2  0.2		4.1705503158		-1.0
	510.00000000	2.69683		1.36976  0.2  0.2		4.1705503158		-1.0
	540.00000000	3.14865		1.1037  0.2  0.2		4.1705503158		-1.0
	570.00000000	2.83843		0.75675  0.2  0.2		4.1705503158		-1.0
	600.00000000	2.75336		0.4408  0.2  0.2		4.1705503158		-1.0
	630.00000000	2.95132		0.33596  0.2  0.2		4.1705503158		-1.0
	660.00000000	3.0251		0.20333  0.2  0.2		4.1705503158		-1.0
	690.00000000	2.89432		-0.2076  0.2  0.2		4.1705503158		-1.0
	720.00000000	2.88698		-0.53351  0.2  0.2		4.1705503158		-1.0
	750.00000000	2.90662		-1.00364  0.2  0.2		4.1705503158		-1.0
	780.00000000	2.96325		-1.348  0.2  0.2		4.1705503158		-1.0
	810.00000000	2.98894		-1.19859  0.2  0.2		4.1705503158		-1.0
	840.00000000	2.93123		-0.788  0.2  0.2		4.1705503158		-1.0
	870.00000000	3.00738		-0.82521  0.2  0.2		4.1705503158		-1.0
	900.00000000	2.91367		-0.99356  0.2  0.2		4.1705503158		-1.0
	930.00000000	3.03723		-1.3277  0.2  0.2		4.1705503158		-1.0
	960.00000000	2.88595		-1.5627  0.2  0.2		4.1705503158		-1.0
	990.00000000	2.85259		-1.6238  0.2  0.2		4.1705503158		-1.0
	1020.00000000	2.77941		-1.24737  0.2  0.2		4.1705503158		-1.0
	1050.00000000	2.87243		-0.94995  0.2  0.2		4.1705503158		-1.0
	1080.00000000	2.88752		-0.72573  0.2  0.2		4.1705503158		-1.0
	1110.00000000	3.13746		-0.79284  0.2  0.2		4.1705503158		-1.0
	1140.00000000	2.89253		-0.67221  0.2  0.2		4.1705503158		-1.0
	1170.00000000	2.97565		-0.41412  0.2  0.2		4.1705503158		-1.0
	1200.00000000	2.86255		-0.38566  0.2  0.2		4.1705503158		-1.0
	1230.00000000	2.97422		-0.30681  0.2  0.2		4.1705503158		-1.0
	1260.00000000	2.99011		0.08063  0.2  0.2		4.1705503158		-1.0
	1290.00000000	3.0295		0.67177  0.2  0.2		4.1705503158		-1.0
	1320.00000000	2.89613		1.05199  0.2  0.2		4.1705503158		-1.0
	1350.00000000	3.20606		0.94803  0.2  0.2		4.1705503158		-1.0
	1380.00000000	2.79894		0.75694  0.2  0.2		4.1705503158		-1.0
	1410.00000000	3.08383		0.54702  0.2  0.2		4.1705503158		-1.0
	1440.00000000	2.87978		0.40393  0.2  0.2		4.1705503158		-1.0
	1470.00000000	2.87266		0.47618  0.2  0.2		4.1705503158		-1.0
	1500.00000000	3.0638		0.36344  0.2  0.2		4.1705503158		-1.0
	1530.00000000	2.83625		0.09814  0.2  0.2		4.1705503158		-1.0
	1560.00000000	2.98093		-0.13332  0.2  0.2		4.1705503158		-1.0
	1590.00000000	3.06171		-0.1424  0.2  0.2		4.1705503158		-1.0
	1620.00000000	2.90348		-0.18021  0.2  0.2		4.1705503158		-1.0
	1650.00000000	2.98548		-0.41312  0.2  0.2		4.1705503158		-1.0
	1680.00000000	2.84198		-0.91895  0.2  0.2		4.1705503158		-1.0
	1710.00000000	2.90949		-1.33859  0.2  0.2		4.1705503158		-1.0
	1740.00000000	2.97395		-1.56029  0.2  0.2		4.1705503158		-1.0
	1770.00000000	3.1639		-1.71004  0.2  0.2		4.1705503158		-1.0
	1800.00000000	2.84512		-1.71314  0.2  0.2		4.1705503158		-1.0
	1830.00000000	2.91262		-1.57943  0.2  0.2		4.1705503158		-1.0
	1860.00000000	3.14627		-1.65216  0.2  0.2		4.1705503158		-1.0
	1890.00000000	2.84439		-1.93561  0.2  0.2		4.1705503158		-1.0
	1920.00000000	2.77668		-2.10898  0.2  0.2		4.1705503158		-1.0
	1950.00000000	2.95454		-2.11063  0.2  0.2		4.1705503158		-1.0
	1980.00000000	2.93747		-2.10428  0.2  0.2		4.1705503158		-1.0
	2010.00000000	3.13314		-2.32901  0.2  0.2		4.1705503158		-1.0
	2040.00000000	2.92071		-2.59331  0.2  0.2		4.1705503158		-1.0
	2070.00000000	2.83511		-2.77711  0.2  0.2		4.1705503158		-1.0
	2100.00000000	2.89154		-2.81666  0.2  0.2		4.1705503158		-1.0
	2130.00000000	2.95963		-2.66961  0.2  0.2		4.1705503158		-1.0
	2160.00000000	2.89163		-2.53538  0.2  0.2		4.1705503158		-1.0
	2190.00000000	3.01049		-2.32612  0.2  0.2		4.1705503158		-1.0
	2220.00000000	2.98928		-2.20835  0.2  0.2		4.1705503158		-1.0
	2250.00000000	2.79538		-2.10275  0.2  0.2		4.1705503158		-1.0
	2280.00000000	3.00759		-1.97308  0.2  0.2		4.1705503158		-1.0
	2310.00000000	2.93407		-2.07062  0.2  0.2		4.1705503158		-1.0
	2340.00000000	3.0829		-2.28397  0.2  0.2		4.1705503158		-1.0
	2370.00000000	2.78926		-2.44597  0.2  0.2		4.1705503158		-1.0
	2400.00000000	2.91258		-2.49555  0.2  0.2		4.1705503158		-1.0
	2430.00000000	2.90298		-2.48023  0.2  0.2		4.1705503158		-1.0
	2460.00000000	2.79004		-2.3347  0.2  0.2		4.1705503158		-1.0
	2490.00000000	3.09934		-2.29651  0.2  0.2		4.1705503158		-1.0
	2520.00000000	3.05856		-2.44097  0.2  0.2		4.1705503158		-1.0
	2550.00000000	3.22061		-2.57801  0.2  0.2		4.1705503158		-1.0
	2580.00000000	2.89465		-2.67015  0.2  0.2		4.1705503158		-1.0
	2610.00000000	3.0574		-2.67961  0.2  0.2		4.1705503158		-1.0
	2640.00000000	3.18987		-2.91073  0.2  0.2		4.1705503158		-1.0
	2670.00000000	3.0562		-3.138  0.2  0.2		4.1705503158		-1.0
	2700.00000000	3.08608		2.90595  0.2  0.2		4.1705503158		-1.0
	2730.00000000	2.90243		2.87481  0.2  0.2		4.1705503158		-1.0
	2760.00000000	2.80401		3.07799  0.2  0.2		4.1705503158		-1.0
	2790.00000000	2.76048		-3.00324  0.2  0.2		4.1705503158		-1.0
	2820.00000000	2.94563		-3.1366  0.2  0.2		4.1705503158		-1.0
	2850.00000000	3.15235		2.96053  0.2  0.2		4.1705503158		-1.0
	2880.00000000	3.03511		2.59311  0.2  0.2		4.1705503158		-1.0
	2910.00000000	2.83891		2.55361  0.2  0.2		4.1705503158		-1.0
	2940.00000000	2.86952		2.61534  0.2  0.2		4.1705503158		-1.0
	2970.00000000	2.94945		2.87995  0.2  0.2		4.1705503158		-1.0
	3000.00000000	2.97348		2.95181  0.2  0.2		4.1705503158		-1.0
	3030.00000000	3.00771		2.83906  0.2  0.2		4.1705503158		-1.0
	3060.00000000	2.95545		2.75142  0.2  0.2		4.1705503158		-1.0
	3090.00000000	2.8477		2.80206  0.2  0.2		4.1705503158		-1.0
	3120.00000000	2.88718		3.13167  0.2  0.2		4.1705503158		-1.0
	3150.00000000	2.80868		3.10605  0.2  0.2		4.1705503158		-1.0
	3180.00000000	2.7519		-3.02245  0.2  0.2		4.1705503158		-1.0
	3210.00000000	3.02808		-2.92085  0.2  0.2		4.1705503158		-1.0
	3240.00000000	3.04358		-2.92299  0.2  0.2		4.1705503158		-1.0
	3270.00000000	3.09243		-2.70857  0.2  0.2		4.1705503158		-1.0
	3300.00000000	2.67227		-2.75987  0.2  0.2		4.1705503158		-1.0
	3330.00000000	3.06603		-3.00136  0.2  0.2		4.1705503158		-1.0
	3360.00000000	2.75194		3.12203  0.2  0.2		4.1705503158		-1.0
	3390.00000000	3.29746		3.07916  0.2  0.2		4.1705503158		-1.0
	3420.00000000	3.21742		-3.04559  0.2  0.2		4.1705503158		-1.0
	3450.00000000	3.05378		-2.87037  0.2  0.2		4.1705503158		-1.0
	3480.00000000	2.82725		-2.7341  0.2  0.2		4.1705503158		-1.0
	3510.00000000	2.73681		-2.75363  0.2  0.2		4.1705503158		-1.0
	3540.00000000	2.75554		-2.95732  0.2  0.2		4.1705503158		-1.0
	3570.00000000	2.83146		2.72979  0.2  0.2		4.1705503158		-1.0
	3600.00000000	2.86676		2.27715  0.2  0.2		4.1705503158		-1.0
	3630.00000000	2.82293		2.24499  0.2  0.2		4.1705503158		-1.0
	3660.00000000	2.77932		2.33309  0.2  0.2		4.1705503158		-1.0
	3690.00000000	3.0867		2.15354  0.2  0.2		4.1705503158		-1.0
	3720.00000000	3.15699		2.0603  0.2  0.2		4.1705503158		-1.0
	3750.00000000	2.98964		2.03944  0.2  0.2		4.1705503158		-1.0
	3780.00000000	2.88563		2.00306  0.2  0.2		4.1705503158		-1.0
	3810.00000000	2.79025		1.8725  0.2  0.2		4.1705503158		-1.0
	3840.00000000	2.89312		1.6788  0.2  0.2		4.1705503158		-1.0
	3870.00000000	2.95001		1.76434  0.2  0.2		4.1705503158		-1.0
	3900.00000000	2.79471		2.13338  0.2  0.2		4.1705503158		-1.0
	3930.00000000	3.01854		2.34609  0.2  0.2		4.1705503158		-1.0
	3960.00000000	2.9125		2.50095  0.2  0.2		4.1705503158		-1.0
	3990.00000000	2.86569		2.3673  0.2  0.2		4.1705503158		-1.0
	4020.00000000	3.13143		2.21842  0.2  0.2		4.1705503158		-1.0
	4050.00000000	2.72827		2.26944  0.2  0.2		4.1705503158		-1.0
	4080.00000000	3.09571		2.09721  0.2  0.2		4.1705503158		-1.0
	4110.00000000	2.80501		1.97516  0.2  0.2		4.1705503158		-1.0
	4140.00000000	2.91677		1.98167  0.2  0.2		4.1705503158		-1.0
	4170.00000000	2.82267		1.93933  0.2  0.2		4.1705503158		-1.0
	4200.00000000	2.77437		2.14174  0.2  0.2		4.1705503158		-1.0
	4230.00000000	2.78261		2.2379  0.2  0.2		4.1705503158		-1.0
	4260.00000000	2.82639		2.38401  0.2  0.2		4.1705503158		-1.0
	4290.00000000	3.15678		2.58336  0.2  0.2		4.1705503158		-1.0
	4320.00000000	3.27022		2.59618  0.2  0.2		4.1705503158		-1.0
	4350.00000000	2.80444		2.59644  0.2  0.2		4.1705503158		-1.0
	4380.00000000	2.95463		2.66867  0.2  0.2		4.1705503158		-1.0
	4410.00000000	2.66188		2.67765  0.2  0.2		4.1705503158		-1.0
	4440.00000000	3.01039		2.83701  0.2  0.2		4.1705503158		-1.0
	4470.00000000	2.81474		2.80632  0.2  0.2		4.1705503158		-1.0
	4500.00000000	2.76438		2.80272  0.2  0.2		4.1705503158		-1.0
	4530.00000000	2.67811		2.67439  0.2  0.2		4.1705503158		-1.0
	4560.00000000	2.64629		2.95351  0.2  0.2		4.1705503158		-1.0
	4590.00000000	2.78719		3.10325  0.2  0.2		4.1705503158		-1.0
	4620.00000000	2.74028		-3.11333  0.2  0.2		4.1705503158		-1.0
	4650.00000000	3.34923		2.92191  0.2  0.2		4.1705503158		-1.0
	4680.00000000	3.22981		2.69265  0.2  0.2		4.1705503158		-1.0
	4710.00000000	3.10933		2.81698  0.2  0.2		4.1705503158		-1.0
	4740.00000000	3.29126		2.8875  0.2  0.2		4.1705503158		-1.0
	4770.00000000	3.10649		3.03459  0.2  0.2		4.1705503158		-1.0
	4800.00000000	3.16029		-3.05753  0.2  0.2		4.1705503158		-1.0
	4830.00000000	3.35012		-3.13347  0.2  0.2		4.1705503158		-1.0
	4860.00000000	3.1306		-3.1066  0.2  0.2		4.1705503158		-1.0
	4890.00000000	3.34805		-2.99429  0.2  0.2		4.1705503158		-1.0
	4920.00000000	3.33591		-2.69425  0.2  0.2		4.1705503158		-1.0
	4950.00000000	3.39534		-2.49907  0.2  0.2		4.1705503158		-1.0
	4980.00000000	3.16843		-2.38823  0.2  0.2		4.1705503158		-1.0
	5010.00000000	3.26153		-2.26707  0.2  0.2		4.1705503158		-1.0
	5040.00000000	3.26243		-2.091  0.2  0.2		4.1705503158		-1.0
	5070.00000000	2.8077		-2.02323  0.2  0.2		4.1705503158		-1.0
	5100.00000000	3.09363		-1.84086  0.2  0.2		4.1705503158		-1.0
	5130.00000000	2.87515		-1.74453  0.2  0.2		4.1705503158		-1.0
	5160.00000000	2.90076		-1.75095  0.2  0.2		4.1705503158		-1.0
	5190.00000000	2.90256		-1.71208  0.2  0.2		4.1705503158		-1.0
	5220.00000000	3.24935		-1.78819  0.2  0.2		4.1705503158		-1.0
	5250.00000000	3.16393		-1.96606  0.2  0.2		4.1705503158		-1.0
	5280.00000000	2.83318		-2.15017  0.2  0.2		4.1705503158		-1.0
	5310.00000000	2.88208		-1.98361  0.2  0.2		4.1705503158		-1.0
	5340.00000000	2.77018		-1.81597  0.2  0.2		4.1705503158		-1.0
	5370.00000000	3.40018		-1.7441  0.2  0.2		4.1705503158		-1.0
	5400.00000000	2.65488		-1.55645  0.2  0.2		4.1705503158		-1.0
	5430.00000000	3.19669		-1.24371  0.2  0.2		4.1705503158		-1.0
	5460.00000000	2.9031		-1.26862  0.2  0.2		4.1705503158		-1.0
	5490.00000000	2.93864		-1.01281  0.2  0.2		4.1705503158		-1.0
	5520.00000000	3.17947		-0.72036  0.2  0.2		4.1705503158		-1.0
	5550.00000000	2.87944		-0.78199  0.2  0.2		4.1705503158		-1.0
	5580.00000000	3.08206		-0.92766  0.2  0.2		4.1705503158		-1.0
	5610.00000000	3.05673		-1.09504  0.2  0.2		4.1705503158		-1.0
	5640.00000000	3.223		-1.22837  0.2  0.2		4.1705503158		-1.0
	5670.00000000	3.10551		-1.19443  0.2  0.2		4.1705503158		-1.0
	5700.00000000	2.75029		-1.03525  0.2  0.2		4.1705503158		-1.0
	5730.00000000	2.73975		-1.22332  0.2  0.2		4.1705503158		-1.0
	5760.00000000	2.9678		-1.38414  0.2  0.2		4.1705503158		-1.0
	5790.00000000	2.72023		-1.31386  0.2  0.2		4.1705503158		-1.0
	5820.00000000	2.82495		-0.9974  0.2  0.2		4.1705503158		-1.0
	5850.00000000	2.87275		-0.58886  0.2  0.2		4.1705503158		-1.0
	5880.00000000	2.80253		-0.37347  0.2  0.2		4.1705503158		-1.0
	5910.00000000	2.92682		-0.22908  0.2  0.2		4.1705503158		-1.0
	5940.00000000	3.3072		-0.19259  0.2  0.2		4.1705503158		-1.0
	5970.00000000	2.72296		0.04604  0.2  0.2		4.1705503158		-1.0
	6000.00000000	3.09756		0.36541  0.2  0.2		4.1705503158		-1.0
	6030.00000000	2.79831		0.67906  0.2  0.2		4.1705503158		-1.0
	6060.00000000	3.04263		0.78349  0.2  0.2		4.1705503158		-1.0
	6090.00000000	2.7867		0.70793  0.2  0.2		4.1705503158		-1.0
	6120.00000000	2.7596		0.30895  0.2  0.2		4.1705503158		-1.0
	6150.00000000	2.98153		-0.05556  0.2  0.2		4.1705503158		-1.0
	6180.00000000	2.86388		-0.33376  0.2  0.2		4.1705503158		-1.0
	6210.00000000	2.79767		-0.32436  0.2  0.2		4.1705503158		-1.0
	6240.00000000	2.98418		-0.12252  0.2  0.2		4.1705503158		-1.0
	6270.00000000	2.84924		0.4448  0.2  0.2		4.1705503158		-1.0
	6300.00000000	3.09841		1.00592  0.2  0.2		4.1705503158		-1.0
	6330.00000000	2.79038		1.09919  0.2  0.2		4.1705503158		-1.0
	6360.00000000	2.7726		1.3024  0.2  0.2		4.1705503158		-1.0
	6390.00000000	2.85627		1.31945  0.2  0.2		4.1705503158		-1.0
	6420.00000000	2.89425		1.28847  0.2  0.2		4.1705503158		-1.0
	6450.00000000	3.24856		1.43492  0.2  0.2		4.1705503158		-1.0
	6480.00000000	3.14083		1.08572  0.2  0.2		4.1705503158		-1.0
	6510.00000000	3.01221		0.45512  0.2  0.2		4.1705503158		-1.0
	6540.00000000	2.88631		0.31043  0.2  0.2		4.1705503158		-1.0
	6570.00000000	3.17068		0.14052  0.2  0.2		4.1705503158		-1.0
	6600.00000000	3.23017		-0.07705  0.2  0.2		4.1705503158		-1.0
	6630.00000000	3.42721		-0.37137  0.2  0.2		4.1705503158		-1.0
	6660.00000000	3.16761		-0.72229  0.2  0.2		4.1705503158		-1.0
	6690.00000000	3.25194		-0.83743  0.2  0.2		4.1705503158		-1.0
	6720.00000000	3.34586		-0.96864  0.2  0.2		4.1705503158		-1.0
	6750.00000000	3.25021		-0.91343  0.2  0.2		4.1705503158		-1.0
	6780.00000000	2.78509		-1.0781  0.2  0.2		4.1705503158		-1.0
	6810.00000000	2.74664		-1.19692  0.2  0.2		4.1705503158		-1.0
	6840.00000000	2.88297		-1.33743  0.2  0.2		4.1705503158		-1.0
	6870.00000000	3.49554		-1.25179  0.2  0.2		4.1705503158		-1.0
	6900.00000000	2.94079		-0.96667  0.2  0.2		4.1705503158		-1.0
	6930.00000000	2.96189		-0.60459  0.2  0.2		4.1705503158		-1.0
	6960.00000000	2.81445		-0.49314  0.2  0.2		4.1705503158		-1.0
	6990.00000000	2.79225		-0.7068  0.2  0.2		4.1705503158		-1.0
	7020.00000000	2.73983		-0.91956  0.2  0.2		4.1705503158		-1.0
	7050.00000000	2.76674		-0.55237  0.2  0.2		4.1705503158		-1.0
	7080.00000000	2.70832		-0.57641  0.2  0.2		4.1705503158		-1.0
	7110.00000000	2.64125		-0.65418  0.2  0.2		4.1705503158		-1.0
	7140.00000000	3.07136		-0.7841  0.2  0.2		4.1705503158		-1.0
	7170.00000000	3.06192		-0.57005  0.2  0.2		4.1705503158		-1.0
	7200.00000000	3.29159		-0.40303  0.2  0.2		4.1705503158		-1.0
	7230.00000000	3.36676		-0.32319  0.2  0.2		4.1705503158		-1.0
	7260.00000000	2.71098		-0.03596  0.2  0.2		4.1705503158		-1.0
	7290.00000000	2.87221		0.2673  0.2  0.2		4.1705503158		-1.0
	7320.00000000	3.03883		0.42272  0.2  0.2		4.1705503158		-1.0
	7350.00000000	3.07302		0.67254  0.2  0.2		4.1705503158		-1.0
	7380.00000000	2.69492		0.81328  0.2  0.2		4.1705503158		-1.0
	7410.00000000	2.73626		0.96498  0.2  0.2		4.1705503158		-1.0
	7440.00000000	2.93285		0.59171  0.2  0.2		4.1705503158		-1.0
	7470.00000000	3.18811		0.6641  0.2  0.2		4.1705503158		-1.0
	7500.00000000	3.17206		0.76531  0.2  0.2		4.1705503158		-1.0
	7530.00000000	3.30233		1.08333  0.2  0.2		4.1705503158		-1.0
	7560.00000000	3.10228		1.22778  0.2  0.2		4.1705503158		-1.0
	7590.00000000	3.44368		1.0586  0.2  0.2		4.1705503158		-1.0
	7620.00000000	3.17314		1.09695  0.2  0.2		4.1705503158		-1.0
	7650.00000000	3.33427		1.1222  0.2  0.2		4.1705503158		-1.0
	7680.00000000	3.33545		1.0053  0.2  0.2		4.1705503158		-1.0
	7710.00000000	3.03497		1.18562  0.2  0.2		4.1705503158		-1.0
	7740.00000000	2.99643		1.46473  0.2  0.2		4.1705503158		-1.0
	7770.00000000	3.14681		1.53301  0.2  0.2		4.1705503158		-1.0
	7800.00000000	2.76953		1.58269  0.2  0.2		4.1705503158		-1.0
	7830.00000000	2.96131		1.60321  0.2  0.2		4.1705503158		-1.0
	7860.00000000	3.33964		1.75562  0.2  0.2		4.1705503158		-1.0
	7890.00000000	3.21833		1.91183  0.2  0.2		4.1705503158		-1.0
	7920.00000000	3.03442		1.80551  0.2  0.2		4.1705503158		-1.0
	7950.00000000	3.44505		1.81457  0.2  0.2		4.1705503158		-1.0
	7980.00000000	3.23443		2.01655  0.2  0.2		4.1705503158		-1.0
	8010.00000000	3.1877		2.1072  0.2  0.2		4.1705503158		-1.0
	8040.00000000	3.46762		1.9417  0.2  0.2		4.1705503158		-1.0
	8070.00000000	2.95768		2.11943  0.2  0.2		4.1705503158		-1.0
	8100.00000000	3.49992		2.38119  0.2  0.2		4.1705503158		-1.0
	8130.00000000	3.16993		2.34303  0.2  0.2		4.1705503158		-1.0
	8160.00000000	3.3102		2.3229  0.2  0.2		4.1705503158		-1.0
	8190.00000000	3.38362		2.34138  0.2  0.2		4.1705503158		-1.0
	8220.00000000	3.26005		2.37827  0.2  0.2		4.1705503158		-1.0
	8250.00000000	3.21888		2.63032  0.2  0.2		4.1705503158		-1.0
	8280.00000000	3.4295		2.67317  0.2  0.2		4.1705503158		-1.0
	8310.00000000	3.32477		2.85263  0.2  0.2		4.1705503158		-1.0
	8340.00000000	3.49563		2.94561  0.2  0.2		4.1705503158		-1.0
	8370.00000000	3.3885		2.99863  0.2  0.2		4.1705503158		-1.0
	8400.00000000	3.18651		3.08087  0.2  0.2		4.1705503158		-1.0
	8430.00000000	2.64627		3.07669  0.2  0.2		4.1705503158		-1.0
	8460.00000000	2.78858		-2.93414  0.2  0.2		4.1705503158		-1.0
	8490.00000000	2.82696		-2.74802  0.2  0.2		4.1705503158		-1.0
	8520.00000000	2.76282		-2.609  0.2  0.2		4.1705503158		-1.0
	8550.00000000	2.77399		-2.5054  0.2  0.2		4.1705503158		-1.0
	8580.00000000	2.81081		-2.66624  0.2  0.2		4.1705503158		-1.0
	8610.00000000	2.78117		-2.94923  0.2  0.2		4.1705503158		-1.0
	8640.00000000	2.72176		3.09321  0.2  0.2		4.1705503158		-1.0
	8670.00000000	2.85503		2.98077  0.2  0.2		4.1705503158		-1.0
	8700.00000000	2.80866		3.11034  0.2  0.2		4.1705503158		-1.0
	8730.00000000	3.46592		-3.06063  0.2  0.2		4.1705503158		-1.0
	8760.00000000	3.45416		-2.93025  0.2  0.2		4.1705503158		-1.0
	8790.00000000	3.24594		-2.86862  0.2  0.2		4.1705503158		-1.0
	8820.00000000	3.00789		-2.75257  0.2  0.2		4.1705503158		-1.0
	8850.00000000	3.43532		-2.57398  0.2  0.2		4.1705503158		-1.0
	8880.00000000	3.1936		-2.58465  0.2  0.2		4.1705503158		-1.0
	8910.00000000	3.3894		-2.58726  0.2  0.2		4.1705503158		-1.0
	8940.00000000	3.24999		-2.27273  0.2  0.2		4.1705503158		-1.0
	8970.00000000	3.12702		-1.97848  0.2  0.2		4.1705503158		-1.0
	9000.00000000	2.71172		-1.83521  0.2  0.2		4.1705503158		-1.0
	9030.00000000	2.75502		-1.77271  0.2  0.2		4.1705503158		-1.0
	9060.00000000	3.20901		-1.62809  0.2  0.2		4.1705503158		-1.0
	9090.00000000	3.36818		-1.63638  0.2  0.2		4.1705503158		-1.0
	9120.00000000	3.16063		-1.5373  0.2  0.2		4.1705503158		-1.0
	9150.00000000	3.42372		-1.52825  0.2  0.2		4.1705503158		-1.0
	9180.00000000	2.64681		-1.48689  0.2  0.2		4.1705503158		-1.0
	9210.00000000	3.22139		-1.63596  0.2  0.2		4.1705503158		-1.0
	9240.00000000	2.86208		-1.6481  0.2  0.2		4.1705503158		-1.0
	9270.00000000	2.97127		-1.75455  0.2  0.2		4.1705503158		-1.0
	9300.00000000	3.34615		-1.48421  0.2  0.2		4.1705503158		-1.0
	9330.00000000	2.65657		-1.09659  0.2  0.2		4.1705503158		-1.0
	9360.00000000	2.766		-0.94005  0.2  0.2		4.1705503158		-1.0
	9390.00000000	2.7735		-0.94139  0.2  0.2		4.1705503158		-1.0
	9420.00000000	2.86743		-0.8601  0.2  0.2		4.1705503158		-1.0
	9450.00000000	3.29655		-0.41717  0.2  0.2		4.1705503158		-1.0
	9480.00000000	3.0263		-0.16252  0.2  0.2		4.1705503158		-1.0
	9510.00000000	3.22639		-0.08803  0.2  0.2		4.1705503158		-1.0
	9540.00000000	3.11675		0.11712  0.2  0.2		4.1705503158		-1.0
	9570.00000000	3.41376		0.25795  0.2  0.2		4.1705503158		-1.0
	9600.00000000	3.26563		0.33213  0.2  0.2		4.1705503158		-1.0
	9630.00000000	3.28958		0.18509  0.2  0.2		4.1705503158		-1.0
	9660.00000000	3.33917		0.02505  0.2  0.2		4.1705503158		-1.0
	9690.00000000	3.33744		0.0679  0.2  0.2		4.1705503158		-1.0
	9720.00000000	3.37994		0.25743  0.2  0.2		4.1705503158		-1.0
	9750.00000000	3.32579		0.76334  0.2  0.2		4.1705503158		-1.0
	9780.00000000	2.87566		0.82731  0.2  0.2		4.1705503158		-1.0
	9810.00000000	2.83654		0.63502  0.2  0.2		4.1705503158		-1.0
	9840.00000000	2.83637		0.58515  0.2  0.2		4.1705503158		-1.0
	9870.00000000	2.88387		0.79488  0.2  0.2		4.1705503158		-1.0
	9900.00000000	3.15002		0.90189  0.2  0.2		4.1705503158		-1.0
	9930.00000000	3.2072		0.66964  0.2  0.2		4.1705503158		-1.0
	9960.00000000	3.12198		0.41714  0.2  0.2		4.1705503158		-1.0
	9990.00000000	3.11492		0.2953  0.2  0.2		4.1705503158		-1.0
	10020.00000000	2.74436		0.31912  0.2  0.2		4.1705503158		-1.0
	10050.00000000	2.82015		0.23881  0.2  0.2		4.1705503158		-1.0
	10080.00000000	2.8756		0.04882  0.2  0.2		4.1705503158		-1.0
	10110.00000000	2.90162		-0.09608  0.2  0.2		4.1705503158		-1.0
	10140.00000000	3.42254		-0.26056  0.2  0.2		4.1705503158		-1.0
	10170.00000000	3.17013		-0.2714  0.2  0.2		4.1705503158		-1.0
	10200.00000000	3.47277		-0.53837  0.2  0.2		4.1705503158		-1.0
	10230.00000000	3.3521		-0.90729  0.2  0.2		4.1705503158		-1.0
	10260.00000000	3.27984		-0.88305  0.2  0.2		4.1705503158		-1.0
	10290.00000000	3.41954		-0.72316  0.2  0.2		4.1705503158		-1.0
	10320.00000000	3.26105		-0.49884  0.2  0.2		4.1705503158		-1.0
	10350.00000000	3.18266		-0.48253  0.2  0.2		4.1705503158		-1.0
	10380.00000000	3.63041		-0.39671  0.2  0.2		4.1705503158		-1.0
	10410.00000000	2.96079		-0.36076  0.2  0.2		4.1705503158		-1.0
	10440.00000000	2.80031		-0.09909  0.2  0.2		4.1705503158		-1.0
	10470.00000000	2.78299		0.07135  0.2  0.2		4.1705503158		-1.0
	10500.00000000	2.76739		0.2339  0.2  0.2		4.1705503158		-1.0
	10530.00000000	2.84146		0.17642  0.2  0.2		4.1705503158		-1.0
	10560.00000000	2.94145		0.15584  0.2  0.2		4.1705503158		-1.0
	10590.00000000	3.6703		-0.10478  0.2  0.2		4.1705503158		-1.0
	10620.00000000	3.17926		-0.46983  0.2  0.2		4.1705503158		-1.0
	10650.00000000	3.39246		-0.71893  0.2  0.2		4.1705503158		-1.0
	10680.00000000	3.36598		-0.94826  0.2  0.2		4.1705503158		-1.0
	10710.00000000	3.33352		-1.1428  0.2  0.2		4.1705503158		-1.0
	10740.00000000	3.34107		-1.158  0.2  0.2		4.1705503158		-1.0
	10770.00000000	3.1864		-1.31109  0.2  0.2		4.1705503158		-1.0
	10800.00000000	3.43244		-0.99659  0.2  0.2		4.1705503158		-1.0
	10830.00000001	2.99366		-1.05469  0.2  0.2		4.1705503158		-1.0
	10860.00000001	3.45552		-1.31055  0.2  0.2		4.1705503158		-1.0
	10890.00000001	2.63233		-1.5997  0.2  0.2		4.1705503158		-1.0
	10920.00000001	3.18674		-1.60743  0.2  0.2		4.1705503158		-1.0
	10950.00000001	3.52004		-1.43288  0.2  0.2		4.1705503158		-1.0
	10980.00000001	2.87579		-1.19015  0.2  0.2		4.1705503158		-1.0
	11010.00000001	2.72738		-1.43381  0.2  0.2		4.1705503158		-1.0
	11040.00000001	2.72818		-1.63403  0.2  0.2		4.1705503158		-1.0
	11070.00000001	2.70845		-1.52974  0.2  0.2		4.1705503158		-1.0
	11100.00000001	2.93171		-1.49873  0.2  0.2		4.1705503158		-1.0
	11130.00000001	3.31082		-1.48231  0.2  0.2		4.1705503158		-1.0
	11160.00000001	3.13664		-1.58357  0.2  0.2		4.1705503158		-1.0
	11190.00000001	3.47176		-1.98348  0.2  0.2		4.1705503158		-1.0
	11220.00000001	3.21138		-1.9862  0.2  0.2		4.1705503158		-1.0
	11250.00000001	3.5007		-1.8882  0.2  0.2		4.1705503158		-1.0
	11280.00000001	3.46598		-1.67523  0.2  0.2		4.1705503158		-1.0
	11310.00000001	3.64625		-1.66704  0.2  0.2		4.1705503158		-1.0
	11340.00000001	3.03282		-1.95565  0.2  0.2		4.1705503158		-1.0
	11370.00000001	2.74579		-2.25286  0.2  0.2		4.1705503158		-1.0
	11400.00000001	2.73592		-2.37928  0.2  0.2		4.1705503158		-1.0
	11430.00000001	2.79414		-2.28898  0.2  0.2		4.1705503158		-1.0
	11460.00000001	2.7398		-1.99227  0.2  0.2		4.1705503158		-1.0
	11490.00000001	3.00018		-1.85644  0.2  0.2		4.1705503158		-1.0
	11520.00000001	3.46994		-1.9404  0.2  0.2		4.1705503158		-1.0
	11550.00000001	3.19529		-1.98488  0.2  0.2		4.1705503158		-1.0
	11580.00000001	3.50863		-2.03608  0.2  0.2		4.1705503158		-1.0
	11610.00000001	2.88665		-2.01198  0.2  0.2		4.1705503158		-1.0
	11640.00000001	2.8459		-1.95115  0.2  0.2		4.1705503158		-1.0
	11670.00000001	2.64792		-1.9977  0.2  0.2		4.1705503158		-1.0
	11700.00000001	3.34505		-2.12469  0.2  0.2		4.1705503158		-1.0
	11730.00000001	3.61046		-2.09915  0.2  0.2		4.1705503158		-1.0
	11760.00000001	3.27808		-2.07045  0.2  0.2		4.1705503158		-1.0
	11790.00000001	3.63213		-2.44693  0.2  0.2		4.1705503158		-1.0
	11820.00000001	3.1097		-2.40036  0.2  0.2		4.1705503158		-1.0
	11850.00000001	3.15511		-2.2691  0.2  0.2		4.1705503158		-1.0
	11880.00000001	3.668		-2.25849  0.2  0.2		4.1705503158		-1.0
	11910.00000001	3.25543		-2.51022  0.2  0.2		4.1705503158		-1.0
	11940.00000001	3.50138		-2.65167  0.2  0.2		4.1705503158		-1.0
	11970.00000001	3.12974		-2.75356  0.2  0.2		4.1705503158		-1.0
	12000.00000001	3.59466		-2.89752  0.2  0.2		4.1705503158		-1.0
	12030.00000001	3.05751		-2.63152  0.2  0.2		4.1705503158		-1.0
	12060.00000001	2.79569		-2.43285  0.2  0.2		4.1705503158		-1.0
	12090.00000001	2.88466		-2.38636  0.2  0.2		4.1705503158		-1.0
	12120.00000001	2.80254		-2.34497  0.2  0.2		4.1705503158		-1.0
	12150.00000001	2.78823		-2.49651  0.2  0.2		4.1705503158		-1.0
	12180.00000001	2.75017		-2.7271  0.2  0.2		4.1705503158		-1.0
	12210.00000001	2.74562		-2.67556  0.2  0.2		4.1705503158		-1.0
	12005.00000001	3.56776		-2.83729  0.2  0.2		4.1705503158		-1.0
	12035.00000001	2.95119		-2.62607  0.2  0.2		4.1705503158		-1.0
	12065.00000001	2.79876		-2.47649  0.2  0.2		4.1705503158		-1.0
	12095.00000001	2.89259		-2.38228  0.2  0.2		4.1705503158		-1.0
	12125.00000001	2.8428		-2.40915  0.2  0.2		4.1705503158		-1.0
	12155.00000001	2.81842		-2.55936  0.2  0.2		4.1705503158		-1.0
	12185.00000001	2.7758		-2.76399  0.2  0.2		4.1705503158		-1.0
	12215.00000001	2.72747		-2.65212  0.2  0.2		4.1705503158		-1.0
	12245.00000001	2.66073		-2.66822  0.2  0.2		4.1705503158		-1.0
	12275.00000001	2.6685		-2.76868  0.2  0.2		4.1705503158		-1.0
	12305.00000001	2.74069		-2.94696  0.2  0.2		4.1705503158		-1.0
	12335.00000001	2.63751		-2.94774  0.2  0.2		4.1705503158		-1.0
	12365.00000001	3.24195		-2.99787  0.2  0.2		4.1705503158		-1.0
	12395.00000001	3.47813		-3.00326  0.2  0.2		4.1705503158		-1.0
	12425.00000001	3.63109		-2.54134  0.2  0.2		4.1705503158		-1.0
	12455.00000001	3.23129		-2.47494  0.2  0.2		4.1705503158		-1.0
	12485.00000001	3.47401		-2.2698  0.2  0.2		4.1705503158		-1.0
	12515.00000001	3.2059		-2.31612  0.2  0.2		4.1705503158		-1.0
	12545.00000001	3.63879		-2.37752  0.2  0.2		4.1705503158		-1.0
	12575.00000001	3.43158		-2.41581  0.2  0.2		4.1705503158		-1.0
	12605.00000001	3.32628		-2.56837  0.2  0.2		4.1705503158		-1.0
	12635.00000001	3.21436		-2.8213  0.2  0.2		4.1705503158		-1.0
	12665.00000001	3.54466		-2.73618  0.2  0.2		4.1705503158		-1.0
	12695.00000001	3.3484		-2.64065  0.2  0.2		4.1705503158		-1.0
	12725.00000001	3.58692		-2.65238  0.2  0.2		4.1705503158		-1.0
	12755.00000001	3.86878		-2.70394  0.2  0.2		4.1705503158		-1.0
	12785.00000001	3.37755		-3.03239  0.2  0.2		4.1705503158		-1.0
	12815.00000001	3.14299		-3.03148  0.2  0.2		4.1705503158		-1.0
	12845.00000001	3.31787		-2.85629  0.2  0.2		4.1705503158		-1.0
	12875.00000001	4.06399		-2.98132  0.2  0.2		4.1705503158		-1.0
	12905.00000001	3.5419		-2.96879  0.2  0.2		4.1705503158		-1.0
	12935.00000001	2.99785		-3.02174  0.2  0.2		4.1705503158		-1.0
	12965.00000001	2.60257		-3.00203  0.2  0.2		4.1705503158		-1.0
	12995.00000001	2.64805		-3.09956  0.2  0.2		4.1705503158		-1.0
	13025.00000001	2.65021		3.02703  0.2  0.2		4.1705503158		-1.0
	13055.00000001	3.0743		2.97397  0.2  0.2		4.1705503158		-1.0
	13085.00000001	3.66158		3.05802  0.2  0.2		4.1705503158		-1.0
	13115.00000001	3.43636		3.05497  0.2  0.2		4.1705503158		-1.0
	13145.00000001	3.84051		2.96725  0.2  0.2		4.1705503158		-1.0
	13175.00000001	3.2431		2.79437  0.2  0.2		4.1705503158		-1.0
	13205.00000001	3.11352		2.58754  0.2  0.2		4.1705503158		-1.0
	13235.00000001	3.01341		2.58841  0.2  0.2		4.1705503158		-1.0
	13265.00000001	2.98903		2.60104  0.2  0.2		4.1705503158		-1.0
	13295.00000001	2.86675		2.50831  0.2  0.2		4.1705503158		-1.0
	13325.00000001	2.94468		2.48368  0.2  0.2		4.1705503158		-1.0
	13355.00000001	3.46659		2.42737  0.2  0.2		4.1705503158		-1.0
	13385.00000001	3.27755		2.45147  0.2  0.2		4.1705503158		-1.0
	13415.00000001	2.6195		2.71429  0.2  0.2		4.1705503158		-1.0
	13445.00000001	2.68093		2.68414  0.2  0.2		4.1705503158		-1.0
	13475.00000001	2.68317		2.49143  0.2  0.2		4.1705503158		-1.0
	13505.00000001	2.96777		2.38499  0.2  0.2		4.1705503158		-1.0
	13535.00000001	3.15892		2.3083  0.2  0.2		4.1705503158		-1.0
	13565.00000001	3.05133		2.23031  0.2  0.2		4.1705503158		-1.0
	13595.00000001	3.44674		2.01565  0.2  0.2		4.1705503158		-1.0
	13625.00000001	2.7285		1.98093  0.2  0.2		4.1705503158		-1.0
	13655.00000001	2.74338		1.78322  0.2  0.2		4.1705503158		-1.0
	13685.00000001	2.78198		1.8064  0.2  0.2		4.1705503158		-1.0
	13715.00000001	2.8329		1.66827  0.2  0.2		4.1705503158		-1.0
	13745.00000001	2.75226		1.75793  0.2  0.2		4.1705503158		-1.0
	13775.00000001	2.81232		2.10579  0.2  0.2		4.1705503158		-1.0
	13805.00000001	2.70873		2.35974  0.2  0.2		4.1705503158		-1.0
	13835.00000001	2.64724		2.36881  0.2  0.2		4.1705503158		-1.0
	13865.00000001	2.73293		2.63323  0.2  0.2		4.1705503158		-1.0
	13895.00000001	2.74568		2.61527  0.2  0.2		4.1705503158		-1.0
	13925.00000001	2.73878		2.29636  0.2  0.2		4.1705503158		-1.0
	13955.00000001	2.81104		2.22579  0.2  0.2		4.1705503158		-1.0
	13985.00000001	2.78074		2.0108  0.2  0.2		4.1705503158		-1.0
	14015.00000001	2.68325		1.94802  0.2  0.2		4.1705503158		-1.0
	14045.00000001	2.69544		1.8085  0.2  0.2		4.1705503158		-1.0
	14075.00000001	2.72833		1.45718  0.2  0.2		4.1705503158		-1.0
	14105.00000001	2.90492		1.37654  0.2  0.2		4.1705503158		-1.0
	14135.00000001	2.73465		1.3811  0.2  0.2		4.1705503158		-1.0
	14165.00000001	2.7523		1.2631  0.2  0.2		4.1705503158		-1.0
	14195.00000001	2.73453		1.10816  0.2  0.2		4.1705503158		-1.0
	14225.00000001	2.72666		1.01594  0.2  0.2		4.1705503158		-1.0
	14255.00000000	2.7505		1.17522  0.2  0.2		4.1705503158		-1.0
	14285.00000000	2.67949		1.13692  0.2  0.2		4.1705503158		-1.0
	14315.00000000	2.6177		1.15886  0.2  0.2		4.1705503158		-1.0
	14345.00000000	2.5866		1.27849  0.2  0.2		4.1705503158		-1.0
	14375.00000000	2.71393		1.6366  0.2  0.2		4.1705503158		-1.0
	14405.00000000	2.67309		1.884  0.2  0.2		4.1705503158		-1.0
	14435.00000000	2.80243		1.54419  0.2  0.2		4.1705503158		-1.0
	14465.00000000	3.35431		1.60182  0.2  0.2		4.1705503158		-1.0
	14495.00000000	3.01675		1.73281  0.2  0.2		4.1705503158		-1.0
	14525.00000000	3.47415		1.69505  0.2  0.2		4.1705503158		-1.0
	14555.00000000	3.40554		1.77089  0.2  0.2		4.1705503158		-1.0
	14585.00000000	3.10457		1.83463  0.2  0.2		4.1705503158		-1.0
	14615.00000000	3.51346		1.94578  0.2  0.2		4.1705503158		-1.0
	14645.00000000	3.32293		2.11367  0.2  0.2		4.1705503158		-1.0
	14675.00000000	3.13348		2.09618  0.2  0.2		4.1705503158		-1.0
	14705.00000000	3.30674		2.1473  0.2  0.2		4.1705503158		-1.0
	14735.00000000	2.62675		2.1714  0.2  0.2		4.1705503158		-1.0
	14765.00000000	2.92134		2.0662  0.2  0.2		4.1705503158		-1.0
	14795.00000000	3.29716		1.75242  0.2  0.2		4.1705503158		-1.0
	14825.00000000	3.30097		1.49669  0.2  0.2		4.1705503158		-1.0
	14855.00000000	3.23837		1.50066  0.2  0.2		4.1705503158		-1.0
	14885.00000000	3.21626		1.48118  0.2  0.2		4.1705503158		-1.0
	14915.00000000	3.41659		1.35543  0.2  0.2		4.1705503158		-1.0
	14945.00000000	3.17504		1.39468  0.2  0.2		4.1705503158		-1.0
	14975.00000000	3.24805		1.44785  0.2  0.2		4.1705503158		-1.0
	15005.00000000	3.23137		1.33144  0.2  0.2		4.1705503158		-1.0
	15035.00000000	3.27393		1.15286  0.2  0.2		4.1705503158		-1.0
	15065.00000000	3.2013		1.05651  0.2  0.2		4.1705503158		-1.0
	15095.00000000	3.05492		0.8203  0.2  0.2		4.1705503158		-1.0
	15125.00000000	2.73461		0.68281  0.2  0.2		4.1705503158		-1.0
	15155.00000000	2.60166		0.87097  0.2  0.2		4.1705503158		-1.0
	15185.00000000	2.72061		0.90376  0.2  0.2		4.1705503158		-1.0
	15215.00000000	2.77401		0.86991  0.2  0.2		4.1705503158		-1.0
	15245.00000000	2.67934		0.702  0.2  0.2		4.1705503158		-1.0
	15275.00000000	2.65948		0.40939  0.2  0.2		4.1705503158		-1.0
	15305.00000000	2.58232		0.18709  0.2  0.2		4.1705503158		-1.0
	15335.00000000	2.72171		0.01013  0.2  0.2		4.1705503158		-1.0
	15365.00000000	2.73021		-0.49769  0.2  0.2		4.1705503158		-1.0
	15395.00000000	2.60656		-0.79894  0.2  0.2		4.1705503158		-1.0
	15425.00000000	2.6241		-0.72126  0.2  0.2		4.1705503158		-1.0
	15455.00000000	2.64135		-0.72781  0.2  0.2		4.1705503158		-1.0
	15485.00000000	2.65646		-0.74683  0.2  0.2		4.1705503158		-1.0
	15515.00000000	2.62993		-0.51526  0.2  0.2		4.1705503158		-1.0
	15545.00000000	2.64681		-0.17541  0.2  0.2		4.1705503158		-1.0
	15575.00000000	2.7545		-0.13979  0.2  0.2		4.1705503158		-1.0
	15605.00000000	2.68735		-0.35188  0.2  0.2		4.1705503158		-1.0
	15635.00000000	2.70791		-0.57861  0.2  0.2		4.1705503158		-1.0
	15665.00000000	2.68057		-1.01758  0.2  0.2		4.1705503158		-1.0
	15695.00000000	2.69626		-1.34204  0.2  0.2		4.1705503158		-1.0
	15725.00000000	2.69428		-1.25152  0.2  0.2		4.1705503158		-1.0
	15755.00000000	2.63816		-1.26507  0.2  0.2		4.1705503158		-1.0
	15785.00000000	2.66562		-1.31964  0.2  0.2		4.1705503158		-1.0
	15815.00000000	2.84723		-1.53534  0.2  0.2		4.1705503158		-1.0
	15845.00000000	3.11701		-1.32716  0.2  0.2		4.1705503158		-1.0
	15875.00000000	3.03438		-0.57181  0.2  0.2		4.1705503158		-1.0
	15905.00000000	3.32918		0.09474  0.2  0.2		4.1705503158		-1.0
	15935.00000000	3.34964		0.56123  0.2  0.2		4.1705503158		-1.0
	15965.00000000	3.30923		0.60617  0.2  0.2		4.1705503158		-1.0
	15995.00000000	3.431		0.63279  0.2  0.2		4.1705503158		-1.0
	16025.00000000	3.3459		0.49445  0.2  0.2		4.1705503158		-1.0
	16055.00000000	3.3648		0.5567  0.2  0.2		4.1705503158		-1.0
	16085.00000000	3.60043		1.00312  0.2  0.2		4.1705503158		-1.0
	16115.00000000	3.54101		1.26222  0.2  0.2		4.1705503158		-1.0
	16145.00000000	3.49446		1.16279  0.2  0.2		4.1705503158		-1.0
	16175.00000000	3.51786		1.06228  0.2  0.2		4.1705503158		-1.0
	16205.00000000	3.53975		1.04509  0.2  0.2		4.1705503158		-1.0
	16235.00000000	3.58883		0.99659  0.2  0.2		4.1705503158		-1.0
	16265.00000000	3.33823		1.01294  0.2  0.2		4.1705503158		-1.0
	16295.00000000	2.57592		1.03461  0.2  0.2		4.1705503158		-1.0
	16325.00000000	3.27765		0.98398  0.2  0.2		4.1705503158		-1.0
	16355.00000000	3.5203		0.69879  0.2  0.2		4.1705503158		-1.0
	16385.00000000	3.65259		0.65416  0.2  0.2		4.1705503158		-1.0
	16415.00000000	3.5321		0.5843  0.2  0.2		4.1705503158		-1.0
	16445.00000000	3.28376		0.82373  0.2  0.2		4.1705503158		-1.0
	16475.00000000	2.67689		1.06589  0.2  0.2		4.1705503158		-1.0
	16505.00000000	3.13228		1.0645  0.2  0.2		4.1705503158		-1.0
	16535.00000000	2.88217		0.92638  0.2  0.2		4.1705503158		-1.0
	16565.00000000	2.68663		0.82954  0.2  0.2		4.1705503158		-1.0
	16595.00000000	2.66905		0.68262  0.2  0.2		4.1705503158		-1.0
	16625.00000000	2.74172		0.29468  0.2  0.2		4.1705503158		-1.0
	16655.00000000	2.66512		0.39161  0.2  0.2		4.1705503158		-1.0
	16685.00000000	2.65538		0.31625  0.2  0.2		4.1705503158		-1.0
	16715.00000000	2.73779		0.38107  0.2  0.2		4.1705503158		-1.0
	16745.00000000	2.62099		0.54933  0.2  0.2		4.1705503158		-1.0
	16775.00000000	2.63206		0.60689  0.2  0.2		4.1705503158		-1.0
	16805.00000000	2.65577		0.94161  0.2  0.2		4.1705503158		-1.0
	16835.00000000	2.68395		1.37355  0.2  0.2		4.1705503158		-1.0
	16865.00000000	2.6262		1.34997  0.2  0.2		4.1705503158		-1.0
	16895.00000000	2.83124		1.33438  0.2  0.2		4.1705503158		-1.0
	16925.00000000	2.64418		1.22953  0.2  0.2		4.1705503158		-1.0
	16955.00000000	2.67336		1.41066  0.2  0.2		4.1705503158		-1.0
	16985.00000000	2.83533		1.59917  0.2  0.2		4.1705503158		-1.0
	17015.00000000	2.83556		1.61392  0.2  0.2		4.1705503158		-1.0
	17045.00000000	3.34822		1.4817  0.2  0.2		4.1705503158		-1.0
	17075.00000000	3.62592		1.43104  0.2  0.2		4.1705503158		-1.0
	17105.00000000	3.41969		1.48307  0.2  0.2		4.1705503158		-1.0
	17135.00000000	3.61138		1.65496  0.2  0.2		4.1705503158		-1.0
	17165.00000000	3.20562		1.84522  0.2  0.2		4.1705503158		-1.0
	17195.00000000	3.5245		1.77021  0.2  0.2		4.1705503158		-1.0
	17225.00000000	3.60344		1.80982  0.2  0.2		4.1705503158		-1.0
	17255.00000000	2.97166		1.84288  0.2  0.2		4.1705503158		-1.0
	17285.00000000	3.34388		1.9695  0.2  0.2		4.1705503158		-1.0
	17315.00000000	3.83734		1.97688  0.2  0.2		4.1705503158		-1.0
	17345.00000000	3.51963		1.61619  0.2  0.2		4.1705503158		-1.0
	17375.00000000	3.66759		1.65458  0.2  0.2		4.1705503158		-1.0
	17405.00000000	3.71172		1.56279  0.2  0.2		4.1705503158		-1.0
	17435.00000000	2.95899		1.56339  0.2  0.2		4.1705503158		-1.0
	17465.00000000	2.71041		1.70885  0.2  0.2		4.1705503158		-1.0
	17495.00000000	3.07558		1.74138  0.2  0.2		4.1705503158		-1.0
	17525.00000000	3.22878		1.76153  0.2  0.2		4.1705503158		-1.0
	17555.00000000	3.45503		1.71597  0.2  0.2		4.1705503158		-1.0
	17585.00000000	3.72719		1.45322  0.2  0.2		4.1705503158		-1.0
	17615.00000000	3.68574		1.30051  0.2  0.2		4.1705503158		-1.0
	17645.00000000	3.56204		1.24643  0.2  0.2		4.1705503158		-1.0
	17675.00000000	3.01177		1.00667  0.2  0.2		4.1705503158		-1.0
	17705.00000000	3.10004		0.91542  0.2  0.2		4.1705503158		-1.0
	17735.00000000	3.45962		0.58055  0.2  0.2		4.1705503158		-1.0
	17765.00000000	3.43108		0.30646  0.2  0.2		4.1705503158		-1.0
	17795.00000000	3.1607		0.082  0.2  0.2		4.1705503158		-1.0
	17825.00000000	3.58993		0.17985  0.2  0.2		4.1705503158		-1.0
	17855.00000000	3.127		-0.10283  0.2  0.2		4.1705503158		-1.0
	17885.00000000	3.3185		-0.49028  0.2  0.2		4.1705503158		-1.0
	17915.00000000	3.23321		-0.44202  0.2  0.2		4.1705503158		-1.0
	17945.00000000	2.84202		-0.26675  0.2  0.2		4.1705503158		-1.0
	17975.00000000	2.7717		-0.25713  0.2  0.2		4.1705503158		-1.0
	18005.00000000	3.26967		-0.30788  0.2  0.2		4.1705503158		-1.0
	18035.00000000	3.45151		-0.04638  0.2  0.2		4.1705503158		-1.0
	18065.00000000	3.45033		0.26071  0.2  0.2		4.1705503158		-1.0
	18095.00000000	3.58929		0.27428  0.2  0.2		4.1705503158		-1.0
	18125.00000000	3.34042		0.08066  0.2  0.2		4.1705503158		-1.0
	18155.00000000	3.60443		0.1397  0.2  0.2		4.1705503158		-1.0
	18185.00000000	3.57012		0.21772  0.2  0.2		4.1705503158		-1.0
	18215.00000000	2.86118		0.05444  0.2  0.2		4.1705503158		-1.0
	18245.00000000	2.77634		-0.02681  0.2  0.2		4.1705503158		-1.0
	18275.00000000	2.64423		-0.05423  0.2  0.2		4.1705503158		-1.0
	18305.00000000	2.55933		-0.03749  0.2  0.2		4.1705503158		-1.0
	18335.00000000	3.49164		-0.17474  0.2  0.2		4.1705503158		-1.0
	18365.00000000	3.46801		-0.30833  0.2  0.2		4.1705503158		-1.0
	18395.00000000	3.70748		-0.4785  0.2  0.2		4.1705503158		-1.0
	18425.00000000	3.11722		-0.70863  0.2  0.2		4.1705503158		-1.0
	18455.00000000	3.26871		-1.06088  0.2  0.2		4.1705503158		-1.0
	18485.00000000	3.06764		-1.39014  0.2  0.2		4.1705503158		-1.0
	18515.00000000	3.3155		-1.3533  0.2  0.2		4.1705503158		-1.0
	18545.00000000	3.29504		-1.10955  0.2  0.2		4.1705503158		-1.0
	18575.00000000	3.33107		-0.99466  0.2  0.2		4.1705503158		-1.0
	18605.00000000	2.75283		-1.30244  0.2  0.2		4.1705503158		-1.0
	18635.00000000	2.8843		-1.40234  0.2  0.2		4.1705503158		-1.0
	18665.00000000	2.66269		-1.47275  0.2  0.2		4.1705503158		-1.0
	18695.00000000	2.58023		-1.65163  0.2  0.2		4.1705503158		-1.0
	18725.00000000	2.60702		-1.93094  0.2  0.2		4.1705503158		-1.0
	18755.00000000	2.67082		-2.17768  0.2  0.2		4.1705503158		-1.0
	18785.00000000	2.62831		-2.35834  0.2  0.2		4.1705503158		-1.0
	18815.00000000	2.74689		-2.29372  0.2  0.2		4.1705503158		-1.0
	18845.00000000	2.59372		-2.47648  0.2  0.2		4.1705503158		-1.0
	18875.00000000	2.5742		-2.78679  0.2  0.2		4.1705503158		-1.0
	18905.00000000	2.67852		-2.89597  0.2  0.2		4.1705503158		-1.0
	18935.00000000	2.70275		-2.80614  0.2  0.2		4.1705503158		-1.0
	18965.00000000	2.97165		-2.86439  0.2  0.2		4.1705503158		-1.0
	18995.00000000	3.271		-3.13567  0.2  0.2		4.1705503158		-1.0
	19025.00000000	3.5414		-3.11968  0.2  0.2		4.1705503158		-1.0
	19055.00000000	3.45349		3.03121  0.2  0.2		4.1705503158		-1.0
	19085.00000000	2.59502		2.89647  0.2  0.2		4.1705503158		-1.0
	19115.00000000	3.25891		2.78  0.2  0.2		4.1705503158		-1.0
	19145.00000000	3.40241		2.74947  0.2  0.2		4.1705503158		-1.0
	19175.00000000	3.33529		2.76508  0.2  0.2		4.1705503158		-1.0
	19205.00000000	3.53832		2.58756  0.2  0.2		4.1705503158		-1.0
	19235.00000000	3.18334		2.55853  0.2  0.2		4.1705503158		-1.0
	19265.00000000	3.55366		2.64699  0.2  0.2		4.1705503158		-1.0
	19295.00000000	3.44194		2.55049  0.2  0.2		4.1705503158		-1.0
	19325.00000000	3.06858		2.39358  0.2  0.2		4.1705503158		-1.0
	19355.00000000	3.66769		2.26336  0.2  0.2		4.1705503158		-1.0
	19385.00000000	3.31479		2.26622  0.2  0.2		4.1705503158		-1.0
	19415.00000000	3.66483		2.24324  0.2  0.2		4.1705503158		-1.0
	19445.00000000	3.08178		2.34117  0.2  0.2		4.1705503158		-1.0
	19475.00000000	3.43243		2.60037  0.2  0.2		4.1705503158		-1.0
	19505.00000000	3.63739		2.75316  0.2  0.2		4.1705503158		-1.0
	19535.00000000	3.49849		3.03469  0.2  0.2		4.1705503158		-1.0
	19565.00000000	2.63269		3.04396  0.2  0.2		4.1705503158		-1.0
	19595.00000000	2.57482		2.82786  0.2  0.2		4.1705503158		-1.0
	19625.00000000	2.61505		2.77527  0.2  0.2		4.1705503158		-1.0
	19655.00000000	2.70934		2.79973  0.2  0.2		4.1705503158		-1.0
	19685.00000000	2.69081		2.91455  0.2  0.2		4.1705503158		-1.0
	19715.00000000	2.88371		2.65941  0.2  0.2		4.1705503158		-1.0
	19745.00000000	3.58497		2.58138  0.2  0.2		4.1705503158		-1.0
	19775.00000000	3.65157		2.52175  0.2  0.2		4.1705503158		-1.0
	19805.00000000	3.69232		2.53026  0.2  0.2		4.1705503158		-1.0
	19835.00000000	3.22706		2.3761  0.2  0.2		4.1705503158		-1.0
	19865.00000000	3.46552		2.32279  0.2  0.2		4.1705503158		-1.0
	19895.00000000	3.99678		2.29412  0.2  0.2		4.1705503158		-1.0
	19925.00000000	3.08504		2.24143  0.2  0.2		4.1705503158		-1.0
	19955.00000000	2.80424		2.14711  0.2  0.2		4.1705503158		-1.0
	19985.00000000	2.6978		2.37178  0.2  0.2		4.1705503158		-1.0
	20015.00000000	2.5968		2.34891  0.2  0.2		4.1705503158		-1.0
	20045.00000000	2.61677		2.36658  0.2  0.2		4.1705503158		-1.0
	20075.00000000	2.65073		2.68354  0.2  0.2		4.1705503158		-1.0
	20105.00000000	2.64275		2.71325  0.2  0.2		4.1705503158		-1.0
	20135.00000000	2.63788		2.62882  0.2  0.2		4.1705503158		-1.0
	20165.00000000	2.61849		2.52952  0.2  0.2		4.1705503158		-1.0
	20195.00000000	2.76174		2.35205  0.2  0.2		4.1705503158		-1.0
	20225.00000000	2.62459		2.3227  0.2  0.2		4.1705503158		-1.0
	20255.00000000	2.70635		2.04707  0.2  0.2		4.1705503158		-1.0
	20285.00000000	3.31604		1.70032  0.2  0.2		4.1705503158		-1.0
	20315.00000000	3.46112		1.6239  0.2  0.2		4.1705503158		-1.0
	20345.00000000	3.21105		1.55706  0.2  0.2		4.1705503158		-1.0
	20375.00000000	2.63722		1.77722  0.2  0.2		4.1705503158		-1.0
	20405.00000000	2.67991		1.73886  0.2  0.2		4.1705503158		-1.0
	20435.00000000	2.70377		1.52012  0.2  0.2		4.1705503158		-1.0
	20465.00000000	2.79554		1.74908  0.2  0.2		4.1705503158		-1.0
	20495.00000000	2.69678		1.7328  0.2  0.2		4.1705503158		-1.0
	20525.00000000	2.72479		1.81266  0.2  0.2		4.1705503158		-1.0
	20555.00000000	2.84449		1.90073  0.2  0.2		4.1705503158		-1.0
	20585.00000000	3.60584		1.87584  0.2  0.2		4.1705503158		-1.0
	20615.00000000	4.0199		1.54367  0.2  0.2		4.1705503158		-1.0
	20645.00000000	3.58092		1.37381  0.2  0.2		4.1705503158		-1.0
	20675.00000000	3.41969		1.34695  0.2  0.2		4.1705503158		-1.0
	20705.00000000	3.00746		1.63568  0.2  0.2		4.1705503158		-1.0
	20734.99999999	2.70391		1.62285  0.2  0.2		4.1705503158		-1.0
	20764.99999999	2.62949		1.54262  0.2  0.2		4.1705503158		-1.0
	20794.99999999	2.64371		1.80019  0.2  0.2		4.1705503158		-1.0
	20824.99999999	2.78197		1.88824  0.2  0.2		4.1705503158		-1.0
	20854.99999999	3.64787		1.88947  0.2  0.2		4.1705503158		-1.0
	20884.99999999	3.9497		1.85098  0.2  0.2		4.1705503158		-1.0
	20914.99999999	3.76774		1.99829  0.2  0.2		4.1705503158		-1.0
	20944.99999999	3.68494		1.9348  0.2  0.2		4.1705503158		-1.0
	20974.99999999	3.6381		2.06954  0.2  0.2		4.1705503158		-1.0
	21004.99999999	3.33951		2.12926  0.2  0.2		4.1705503158		-1.0
	21034.99999999	3.94358		2.10508  0.2  0.2		4.1705503158		-1.0
	21064.99999999	4.29921		2.14266  0.2  0.2		4.1705503158		-1.0
	21094.99999999	4.13175		1.81606  0.2  0.2		4.1705503158		-1.0
	21124.99999999	3.87086		1.77181  0.2  0.2		4.1705503158		-1.0
	21154.99999999	4.61065		1.81729  0.2  0.2		4.1705503158		-1.0
	21184.99999999	5.32131		1.73475  0.2  0.2		4.1705503158		-1.0
	21214.99999999	6.20916		1.86516  0.2  0.2		4.1705503158		-1.0
	21244.99999999	6.9326		1.74982  0.2  0.2		4.1705503158		-1.0
	21274.99999999	7.68268		1.61838  0.2  0.2		4.1705503158		-1.0
	21304.99999999	8.1187		1.79826  0.2  0.2		4.1705503158		-1.0
	21334.99999999	7.53884		1.81487  0.2  0.2		4.1705503158		-1.0
	21364.99999999	6.9794		1.86233  0.2  0.2		4.1705503158		-1.0
	21394.99999999	6.189		1.94143  0.2  0.2		4.1705503158		-1.0
	21424.99999999	5.84972		2.13834  0.2  0.2		4.1705503158		-1.0
	21454.99999999	6.33351		2.31638  0.2  0.2		4.1705503158		-1.0
	21484.99999999	7.07973		2.27946  0.2  0.2		4.1705503158		-1.0
	21514.99999999	7.73116		2.4167  0.2  0.2		4.1705503158		-1.0
	21544.99999999	9.00027		2.62492  0.2  0.2		4.1705503158		-1.0
	21574.99999999	9.97455		2.67391  0.2  0.2		4.1705503158		-1.0
	21604.99999999	10.53081		2.69921  0.2  0.2		4.1705503158		-1.0
	21634.99999999	11.10562		2.8201  0.2  0.2		4.1705503158		-1.0
	21664.99999999	11.90056		2.49824  0.2  0.2		4.1705503158		-1.0
	21694.99999999	12.76553		2.59171  0.2  0.2		4.1705503158		-1.0
	21724.99999999	13.24971		2.44835  0.2  0.2		4.1705503158		-1.0
	21754.99999999	13.46294		2.27461  0.2  0.2		4.1705503158		-1.0
	21784.99999999	13.8074		2.39232  0.2  0.2		4.1705503158		-1.0
	21814.99999999	14.46009		2.60375  0.2  0.2		4.1705503158		-1.0
	21844.99999999	15.21265		2.71292  0.2  0.2		4.1705503158		-1.0
	21874.99999999	15.41984		2.53587  0.2  0.2		4.1705503158		-1.0
	21904.99999999	16.09796		2.48455  0.2  0.2		4.1705503158		-1.0
	21934.99999999	16.19048		2.28604  0.2  0.2		4.1705503158		-1.0
	21964.99999999	16.78952		2.35799  0.2  0.2		4.1705503158		-1.0
	21994.99999999	17.39159		2.38087  0.2  0.2		4.1705503158		-1.0
	22024.99999999	17.97424		2.51988  0.2  0.2		4.1705503158		-1.0
	22054.99999999	18.49687		2.32538  0.2  0.2		4.1705503158		-1.0
	22084.99999999	19.07436		2.23691  0.2  0.2		4.1705503158		-1.0
	22114.99999999	19.40885		2.42531  0.2  0.2		4.1705503158		-1.0
	22144.99999999	19.41747		2.38668  0.2  0.2		4.1705503158		-1.0
	22174.99999999	19.40933		2.23425  0.2  0.2		4.1705503158		-1.0
	22204.99999999	19.72241		2.13854  0.2  0.2		4.1705503158		-1.0
	22234.99999999	20.03524		1.93914  0.2  0.2		4.1705503158		-1.0
	22264.99999999	19.43717		1.94146  0.2  0.2		4.1705503158		-1.0
	22294.99999999	18.95539		1.86047  0.2  0.2		4.1705503158		-1.0
	22324.99999999	18.62191		1.96482  0.2  0.2		4.1705503158		-1.0
	22354.99999999	17.89644		1.83158  0.2  0.2		4.1705503158		-1.0
	22384.99999999	17.36424		1.72425  0.2  0.2		4.1705503158		-1.0
	22414.99999999	16.55028		1.65808  0.2  0.2		4.1705503158		-1.0
	22444.99999999	15.73447		1.7549  0.2  0.2		4.1705503158		-1.0
	22474.99999999	15.47363		1.64319  0.2  0.2		4.1705503158		-1.0
	22504.99999999	14.57507		1.65077  0.2  0.2		4.1705503158		-1.0
	22534.99999999	14.1298		1.67418  0.2  0.2		4.1705503158		-1.0
	22564.99999999	13.76192		1.61707  0.2  0.2		4.1705503158		-1.0
	22594.99999999	12.93498		1.69114  0.2  0.2		4.1705503158		-1.0
	22624.99999999	12.29398		1.74821  0.2  0.2		4.1705503158		-1.0
	22654.99999999	11.92893		1.73795  0.2  0.2		4.1705503158		-1.0
	22684.99999999	11.97961		1.49788  0.2  0.2		4.1705503158		-1.0
	22714.99999999	11.52996		1.18271  0.2  0.2		4.1705503158		-1.0
	22744.99999999	11.10466		1.11343  0.2  0.2		4.1705503158		-1.0
	22774.99999999	10.6774		0.89974  0.2  0.2		4.1705503158		-1.0
	22804.99999999	10.20388		0.93991  0.2  0.2		4.1705503158		-1.0
	22834.99999999	9.52333		1.11381  0.2  0.2		4.1705503158		-1.0
	22864.99999999	9.28097		1.3355  0.2  0.2		4.1705503158		-1.0
	22894.99999999	9.12792		1.6048  0.2  0.2		4.1705503158		-1.0
	22924.99999999	9.14382		1.81239  0.2  0.2		4.1705503158		-1.0
	22954.99999999	8.86922		2.08381  0.2  0.2		4.1705503158		-1.0
	22984.99999999	8.25286		2.14122  0.2  0.2		4.1705503158		-1.0
	23014.99999999	7.35729		2.15357  0.2  0.2		4.1705503158		-1.0
	23044.99999999	6.98265		2.11416  0.2  0.2		4.1705503158		-1.0
	23074.99999999	7.12137		2.54781  0.2  0.2		4.1705503158		-1.0
	23104.99999999	7.34598		2.84149  0.2  0.2		4.1705503158		-1.0
	23134.99999999	8.03194		-2.99456  0.2  0.2		4.1705503158		-1.0
	23164.99999999	9.07638		-3.02141  0.2  0.2		4.1705503158		-1.0
	23194.99999999	9.64119		-2.93712  0.2  0.2		4.1705503158		-1.0
	23224.99999999	10.23743		-2.96382  0.2  0.2		4.1705503158		-1.0
	23254.99999999	10.41561		2.99887  0.2  0.2		4.1705503158		-1.0
	23284.99999999	10.77347		-3.11076  0.2  0.2		4.1705503158		-1.0
	23314.99999999	11.02342		-3.0394  0.2  0.2		4.1705503158		-1.0
	23344.99999999	11.37115		3.07606  0.2  0.2		4.1705503158		-1.0
	23374.99999999	11.74041		2.89095  0.2  0.2		4.1705503158		-1.0
	23404.99999999	12.54162		2.60759  0.2  0.2		4.1705503158		-1.0
	23434.99999999	12.94679		1.91099  0.2  0.2		4.1705503158		-1.0
	23464.99999999	13.29951		2.00706  0.2  0.2		4.1705503158		-1.0
	23494.99999999	13.84246		1.97878  0.2  0.2		4.1705503158		-1.0
	23524.99999999	13.59872		2.02281  0.2  0.2		4.1705503158		-1.0
	23554.99999999	13.67326		2.319  0.2  0.2		4.1705503158		-1.0
	23584.99999999	13.70252		2.80802  0.2  0.2		4.1705503158		-1.0
	23614.99999999	14.04022		-3.12461  0.2  0.2		4.1705503158		-1.0
	23644.99999999	14.18129		3.12338  0.2  0.2		4.1705503158		-1.0
	23674.99999999	14.55107		-3.12075  0.2  0.2		4.1705503158		-1.0
	23704.99999999	14.70123		-2.80908  0.2  0.2		4.1705503158		-1.0
	23734.99999999	14.47538		-2.97854  0.2  0.2		4.1705503158		-1.0
	23764.99999999	14.13004		-2.63258  0.2  0.2		4.1705503158		-1.0
	23794.99999999	13.82828		-2.40729  0.2  0.2		4.1705503158		-1.0
	23824.99999999	13.30262		-2.29554  0.2  0.2		4.1705503158		-1.0
	23854.99999999	12.85873		-2.35503  0.2  0.2		4.1705503158		-1.0
	23884.99999999	12.61707		-2.29554  0.2  0.2		4.1705503158		-1.0
	23914.99999999	12.5809		-2.47106  0.2  0.2		4.1705503158		-1.0
	23944.99999999	12.39553		-2.94799  0.2  0.2		4.1705503158		-1.0
	23974.99999999	12.35138		-3.0759  0.2  0.2		4.1705503158		-1.0
	24004.99999999	11.97215		-3.08445  0.2  0.2		4.1705503158		-1.0
	24034.99999999	12.26796		-2.52452  0.2  0.2		4.1705503158		-1.0
	24064.99999999	12.41313		-2.4391  0.2  0.2		4.1705503158		-1.0
	24094.99999999	12.21767		-2.67619  0.2  0.2		4.1705503158		-1.0
	24124.99999999	11.64365		-2.81971  0.2  0.2		4.1705503158		-1.0
	24154.99999999	11.31784		-2.95421  0.2  0.2		4.1705503158		-1.0
	24184.99999999	10.8117		3.0791  0.2  0.2		4.1705503158		-1.0
	24214.99999999	9.79712		-3.08443  0.2  0.2		4.1705503158		-1.0
	24244.99999999	9.26272		-2.91529  0.2  0.2		4.1705503158		-1.0
	24274.99999999	9.11852		-2.5849  0.2  0.2		4.1705503158		-1.0
	24304.99999999	9.41965		-2.3426  0.2  0.2		4.1705503158		-1.0
	24334.99999999	9.87753		-2.23105  0.2  0.2		4.1705503158		-1.0
	24364.99999999	9.73506		-2.04414  0.2  0.2		4.1705503158		-1.0
	24394.99999999	9.61026		-1.91419  0.2  0.2		4.1705503158		-1.0
	24424.99999999	9.68187		-1.84334  0.2  0.2		4.1705503158		-1.0
	24454.99999999	9.91401		-2.10537  0.2  0.2		4.1705503158		-1.0
	24484.99999999	10.73838		-1.99017  0.2  0.2		4.1705503158		-1.0
	24514.99999999	11.04401		-2.18694  0.2  0.2		4.1705503158		-1.0
	24544.99999999	11.43766		-2.42939  0.2  0.2		4.1705503158		-1.0
	24574.99999999	11.86863		-2.39515  0.2  0.2		4.1705503158		-1.0
	24604.99999999	11.95132		-2.15543  0.2  0.2		4.1705503158		-1.0
	24634.99999999	11.34407		-2.018  0.2  0.2		4.1705503158		-1.0
	24664.99999999	10.5612		-2.0344  0.2  0.2		4.1705503158		-1.0
	24694.99999999	9.93301		-2.06285  0.2  0.2		4.1705503158		-1.0
	24724.99999999	10.65635		-2.29939  0.2  0.2		4.1705503158		-1.0
	24754.99999999	11.31154		-2.47647  0.2  0.2		4.1705503158		-1.0
	24784.99999999	11.79543		-2.66608  0.2  0.2		4.1705503158		-1.0
	24814.99999999	11.99067		-2.71668  0.2  0.2		4.1705503158		-1.0
	24844.99999999	12.10366		-2.38659  0.2  0.2		4.1705503158		-1.0
	24874.99999999	12.20824		-2.18681  0.2  0.2		4.1705503158		-1.0
	24904.99999999	12.51281		-1.94472  0.2  0.2		4.1705503158		-1.0
	24934.99999999	12.92464		-1.70809  0.2  0.2		4.1705503158		-1.0
	24964.99999999	12.93166		-1.5814  0.2  0.2		4.1705503158		-1.0
	24994.99999999	13.47148		-1.84032  0.2  0.2		4.1705503158		-1.0
	25024.99999999	14.39502		-1.97439  0.2  0.2		4.1705503158		-1.0
	25054.99999999	14.98821		-2.52686  0.2  0.2		4.1705503158		-1.0
	25084.99999999	15.31405		3.04193  0.2  0.2		4.1705503158		-1.0
	25114.99999999	15.44817		-2.89347  0.2  0.2		4.1705503158		-1.0
	25144.99999999	15.66855		-2.81505  0.2  0.2		4.1705503158		-1.0
	25174.99999999	16.46575		-2.45687  0.2  0.2		4.1705503158		-1.0
	25204.99999999	17.34496		-2.11451  0.2  0.2		4.1705503158		-1.0
	25234.99999999	17.95972		-2.33017  0.2  0.2		4.1705503158		-1.0
	25264.99999999	18.42623		-2.21462  0.2  0.2		4.1705503158		-1.0
	25294.99999999	19.06848		-1.98974  0.2  0.2		4.1705503158		-1.0
	25324.99999999	19.80267		-1.72822  0.2  0.2		4.1705503158		-1.0
	25354.99999999	19.77453		-1.92789  0.2  0.2		4.1705503158		-1.0
	25384.99999999	20.1048		-1.67102  0.2  0.2		4.1705503158		-1.0
	25414.99999999	20.52487		-1.26748  0.2  0.2		4.1705503158		-1.0
	25444.99999999	20.97266		-1.38408  0.2  0.2		4.1705503158		-1.0
	25474.99999999	20.97654		-1.53543  0.2  0.2		4.1705503158		-1.0
	25504.99999999	20.70192		-2.16807  0.2  0.2		4.1705503158		-1.0
	25534.99999999	20.22564		-2.8139  0.2  0.2		4.1705503158		-1.0
	25564.99999999	20.07399		3.09596  0.2  0.2		4.1705503158		-1.0
	25594.99999999	20.09983		2.71769  0.2  0.2		4.1705503158		-1.0
	25624.99999999	19.97923		2.90678  0.2  0.2		4.1705503158		-1.0
	25654.99999999	20.43494		3.12665  0.2  0.2		4.1705503158		-1.0
	25684.99999999	20.89674		2.94916  0.2  0.2		4.1705503158		-1.0
	25714.99999999	21.08401		2.58934  0.2  0.2		4.1705503158		-1.0
	25744.99999999	21.28709		1.47928  0.2  0.2		4.1705503158		-1.0
	25774.99999999	21.36398		1.18273  0.2  0.2		4.1705503158		-1.0
	25804.99999999	21.4847		1.37915  0.2  0.2		4.1705503158		-1.0
	25834.99999999	21.56248		1.69455  0.2  0.2		4.1705503158		-1.0
	25864.99999999	21.6023		2.04763  0.2  0.2		4.1705503158		-1.0
	25894.99999999	21.74192		2.2347  0.2  0.2		4.1705503158		-1.0
	25924.99999999	22.06414		2.32586  0.2  0.2		4.1705503158		-1.0
	25954.99999999	22.53066		2.73851  0.2  0.2		4.1705503158		-1.0
	25984.99999999	23.0653		-3.04355  0.2  0.2		4.1705503158		-1.0
	26014.99999999	23.54769		-2.58631  0.2  0.2		4.1705503158		-1.0
	26044.99999999	24.18337		-1.6895  0.2  0.2		4.1705503158		-1.0
	26074.99999999	24.88345		-1.50172  0.2  0.2		4.1705503158		-1.0
	26104.99999999	25.35617		-1.34057  0.2  0.2		4.1705503158		-1.0
	26134.99999999	25.53214		-1.29408  0.2  0.2		4.1705503158		-1.0
	26164.99999999	25.6388		-1.07317  0.2  0.2		4.1705503158		-1.0
	26194.99999999	25.85475		-1.02162  0.2  0.2		4.1705503158		-1.0
	26224.99999999	26.19552		-1.06041  0.2  0.2		4.1705503158		-1.0
	26254.99999999	26.54645		-1.14887  0.2  0.2		4.1705503158		-1.0
	26284.99999999	26.96983		-1.14748  0.2  0.2		4.1705503158		-1.0
	26314.99999999	27.34802		-1.32721  0.2  0.2		4.1705503158		-1.0
	26344.99999999	27.59724		-1.01845  0.2  0.2		4.1705503158		-1.0
	26374.99999999	27.94126		-0.76444  0.2  0.2		4.1705503158		-1.0
	26404.99999999	28.41351		-0.40165  0.2  0.2		4.1705503158		-1.0
	26434.99999999	28.59513		-0.88503  0.2  0.2		4.1705503158		-1.0
	26464.99999999	28.41253		-0.71544  0.2  0.2		4.1705503158		-1.0
	26494.99999999	28.26317		-0.99973  0.2  0.2		4.1705503158		-1.0
	26524.99999999	27.70528		-1.21883  0.2  0.2		4.1705503158		-1.0
	26554.99999999	27.71196		-1.4819  0.2  0.2		4.1705503158		-1.0
	26584.99999999	27.56003		-1.81319  0.2  0.2		4.1705503158		-1.0
	26614.99999999	27.26876		-1.92105  0.2  0.2		4.1705503158		-1.0
	26644.99999999	26.72016		-2.14792  0.2  0.2		4.1705503158		-1.0
	26674.99999999	26.41425		-2.28376  0.2  0.2		4.1705503158		-1.0
	26704.99999999	25.91767		-2.07663  0.2  0.2		4.1705503158		-1.0
	26734.99999999	25.4452		-2.02414  0.2  0.2		4.1705503158		-1.0
	26764.99999999	25.45312		-2.15458  0.2  0.2		4.1705503158		-1.0
	26794.99999999	25.61758		-2.29722  0.2  0.2		4.1705503158		-1.0
	26824.99999999	25.50995		-2.51191  0.2  0.2		4.1705503158		-1.0
	26854.99999999	25.36264		-2.63129  0.2  0.2		4.1705503158		-1.0
	26884.99999999	25.0298		-3.08666  0.2  0.2		4.1705503158		-1.0
	26914.99999999	24.44634		-3.13669  0.2  0.2		4.1705503158		-1.0
	26944.99999999	24.0922		2.99152  0.2  0.2		4.1705503158		-1.0
	26974.99999999	23.91594		3.03889  0.2  0.2		4.1705503158		-1.0
