	30.00000000	2.76756		1.53936  0.2  0.2		4.1705503158		-1.0
	60.00000000	2.87855		1.76371  0.2  0.2		4.1705503158		-1.0
	90.00000000	2.87094		1.95177  0.2  0.2		4.1705503158		-1.0
	120.00000000	2.83787		2.01448  0.2  0.2		4.1705503158		-1.0
	150.00000000	2.8835		2.11958  0.2  0.2		4.1705503158		-1.0
	180.00000000	3.02765		2.12501  0.2  0.2		4.1705503158		-1.0
	210.00000000	2.94996		2.33273  0.2  0.2		4.1705503158		-1.0
	240.00000000	2.93422		2.57558  0.2  0.2		4.1705503158		-1.0
	270.00000000	2.94422		2.80526  0.2  0.2		4.1705503158		-1.0
	300.00000000	2.8814		2.96391  0.2  0.2		4.1705503158		-1.0
	330.00000000	2.90436		-2.99962  0.2  0.2		4.1705503158		-1.0
	360.00000000	2.97149		-3.01342  0.2  0.2		4.1705503158		-1.0
	390.00000000	2.82925		3.01596  0.2  0.2		4.1705503158		-1.0
	420.00000000	3.02631		2.85951  0.2  0.2		4.1705503158		-1.0
	450.00000000	2.86343		2.75615  0.2  0.2		4.1705503158		-1.0
	480.00000000	2.81531		2.83768  0.2  0.2		4.1705503158		-1.0
	510.00000000	3.21138		2.98009  0.2  0.2		4.1705503158		-1.0
	540.00000000	2.92181		3.04766  0.2  0.2		4.1705503158		-1.0
	570.00000000	2.72878		3.04622  0.2  0.2		4.1705503158		-1.0
	600.00000000	3.18529		2.98703  0.2  0.2		4.1705503158		-1.0
	630.00000000	2.87683		2.81279  0.2  0.2		4.1705503158		-1.0
	660.00000000	3.21244		2.66181  0.2  0.2		4.1705503158		-1.0
	690.00000000	2.80101		2.74425  0.2  0.2		4.1705503158		-1.0
	720.00000000	2.8919		2.4303  0.2  0.2		4.1705503158		-1.0
	750.00000000	2.98974		2.56159  0.2  0.2		4.1705503158		-1.0
	780.00000000	2.85617		2.49716  0.2  0.2		4.1705503158		-1.0
	810.00000000	3.23739		2.48015  0.2  0.2		4.1705503158		-1.0
	840.00000000	2.89246		2.35277  0.2  0.2		4.1705503158		-1.0
	870.00000000	2.82191		2.12245  0.2  0.2		4.1705503158		-1.0
	900.00000000	2.90216		1.99382  0.2  0.2		4.1705503158		-1.0
	930.00000000	2.98935		1.72065  0.2  0.2		4.1705503158		-1.0
	960.00000000	2.94433		1.40047  0.2  0.2		4.1705503158		-1.0
	990.00000000	2.92709		1.41133  0.2  0.2		4.1705503158		-1.0
	1020.00000000	2.95156		1.37194  0.2  0.2		4.1705503158		-1.0
	1050.00000000	2.97536		1.32416  0.2  0.2		4.1705503158		-1.0
	1080.00000000	2.92626		1.04535  0.2  0.2		4.1705503158		-1.0
	1110.00000000	2.87653		0.86972  0.2  0.2		4.1705503158		-1.0
	1140.00000000	2.87091		0.93374  0.2  0.2		4.1705503158		-1.0
	1170.00000000	2.812		0.93706  0.2  0.2		4.1705503158		-1.0
	1200.00000000	2.92214		0.82142  0.2  0.2		4.1705503158		-1.0
	1230.00000000	2.88639		0.49665  0.2  0.2		4.1705503158		-1.0
	1260.00000000	2.81428		0.41135  0.2  0.2		4.1705503158		-1.0
	1290.00000000	2.84264		0.46722  0.2  0.2		4.1705503158		-1.0
	1320.00000000	3.03564		0.3639  0.2  0.2		4.1705503158		-1.0
	1350.00000000	3.02628		0.05299  0.2  0.2		4.1705503158		-1.0
	1380.00000000	3.02458		-0.23608  0.2  0.2		4.1705503158		-1.0
	1410.00000000	2.85624		-0.71243  0.2  0.2		4.1705503158		-1.0
	1440.00000000	2.9571		-1.13735  0.2  0.2		4.1705503158		-1.0
	1470.00000000	2.92245		-1.38539  0.2  0.2		4.1705503158		-1.0
	1500.00000000	3.00068		-1.28495  0.2  0.2		4.1705503158		-1.0
	1530.00000000	2.85849		-1.05628  0.2  0.2		4.1705503158		-1.0
	1560.00000000	2.76406		-0.51082  0.2  0.2		4.1705503158		-1.0
	1590.00000000	2.90033		-0.739  0.2  0.2		4.1705503158		-1.0
	1620.00000000	3.00426		-0.86943  0.2  0.2		4.1705503158		-1.0
	1650.00000000	2.98251		-1.11324  0.2  0.2		4.1705503158		-1.0
	1680.00000000	2.85564		-1.14549  0.2  0.2		4.1705503158		-1.0
	1710.00000000	3.16163		-0.97775  0.2  0.2		4.1705503158		-1.0
	1740.00000000	2.91859		-0.52162  0.2  0.2		4.1705503158		-1.0
	1770.00000000	2.72938		-0.04062  0.2  0.2		4.1705503158		-1.0
	1800.00000000	2.8583		0.20724  0.2  0.2		4.1705503158		-1.0
	1830.00000000	3.03915		0.11504  0.2  0.2		4.1705503158		-1.0
	1860.00000000	2.98751		-0.10374  0.2  0.2		4.1705503158		-1.0
	1890.00000000	2.89732		-0.46086  0.2  0.2		4.1705503158		-1.0
	1920.00000000	3.04799		-0.80167  0.2  0.2		4.1705503158		-1.0
	1950.00000000	2.89973		-0.66342  0.2  0.2		4.1705503158		-1.0
	1980.00000000	3.05806		-0.61132  0.2  0.2		4.1705503158		-1.0
	2010.00000000	2.91818		-0.39345  0.2  0.2		4.1705503158		-1.0
	2040.00000000	2.99449		-0.34288  0.2  0.2		4.1705503158		-1.0
	2070.00000000	2.8821		-0.23286  0.2  0.2		4.1705503158		-1.0
	2100.00000000	3.16963		-0.43634  0.2  0.2		4.1705503158		-1.0
	2130.00000000	3.20081		-0.675  0.2  0.2		4.1705503158		-1.0
	2160.00000000	2.9431		-0.95684  0.2  0.2		4.1705503158		-1.0
	2190.00000000	3.04971		-1.33419  0.2  0.2		4.1705503158		-1.0
	2220.00000000	3.1043		-1.17998  0.2  0.2		4.1705503158		-1.0
	2250.00000000	2.79206		-1.04031  0.2  0.2		4.1705503158		-1.0
	2280.00000000	2.93429		-1.0877  0.2  0.2		4.1705503158		-1.0
	2310.00000000	2.81455		-1.20745  0.2  0.2		4.1705503158		-1.0
	2340.00000000	2.95438		-1.58199  0.2  0.2		4.1705503158		-1.0
	2370.00000000	3.03532		-1.54348  0.2  0.2		4.1705503158		-1.0
	2400.00000000	2.74993		-1.52427  0.2  0.2		4.1705503158		-1.0
	2430.00000000	3.20817		-1.54069  0.2  0.2		4.1705503158		-1.0
	2460.00000000	2.70589		-1.4486  0.2  0.2		4.1705503158		-1.0
	2490.00000000	3.22671		-1.28159  0.2  0.2		4.1705503158		-1.0
	2520.00000000	3.1955		-1.20664  0.2  0.2		4.1705503158		-1.0
	2550.00000000	3.17769		-1.03795  0.2  0.2		4.1705503158		-1.0
	2580.00000000	3.25109		-0.91686  0.2  0.2		4.1705503158		-1.0
	2610.00000000	3.17461		-0.98882  0.2  0.2		4.1705503158		-1.0
	2640.00000000	2.60869		-0.99492  0.2  0.2		4.1705503158		-1.0
	2670.00000000	2.70039		-1.06359  0.2  0.2		4.1705503158		-1.0
	2700.00000000	3.16726		-0.77956  0.2  0.2		4.1705503158		-1.0
	2730.00000000	2.84507		-0.63344  0.2  0.2		4.1705503158		-1.0
	2760.00000000	2.97491		-0.17253  0.2  0.2		4.1705503158		-1.0
	2790.00000000	2.73607		0.32719  0.2  0.2		4.1705503158		-1.0
	2820.00000000	2.90613		0.79704  0.2  0.2		4.1705503158		-1.0
	2850.00000000	2.84127		1.11336  0.2  0.2		4.1705503158		-1.0
	2880.00000000	3.01971		1.34198  0.2  0.2		4.1705503158		-1.0
	2910.00000000	2.90821		1.20004  0.2  0.2		4.1705503158		-1.0
	2940.00000000	2.97012		0.90075  0.2  0.2		4.1705503158		-1.0
	2970.00000000	3.09606		0.43432  0.2  0.2		4.1705503158		-1.0
	3000.00000000	2.76124		0.62465  0.2  0.2		4.1705503158		-1.0
	3030.00000000	3.06495		1.12551  0.2  0.2		4.1705503158		-1.0
	3060.00000000	2.82677		1.39148  0.2  0.2		4.1705503158		-1.0
	3090.00000000	2.75832		1.36546  0.2  0.2		4.1705503158		-1.0
	3120.00000000	2.79531		1.06785  0.2  0.2		4.1705503158		-1.0
	3150.00000000	3.03812		0.75188  0.2  0.2		4.1705503158		-1.0
	3180.00000000	2.84747		0.29915  0.2  0.2		4.1705503158		-1.0
	3210.00000000	3.02423		-0.04495  0.2  0.2		4.1705503158		-1.0
	3240.00000000	2.84233		-0.10089  0.2  0.2		4.1705503158		-1.0
	3270.00000000	2.82752		0.13908  0.2  0.2		4.1705503158		-1.0
	3300.00000000	3.06281		0.3029  0.2  0.2		4.1705503158		-1.0
	3330.00000000	2.77976		0.89038  0.2  0.2		4.1705503158		-1.0
	3360.00000000	2.90633		1.3859  0.2  0.2		4.1705503158		-1.0
	3390.00000000	3.03436		1.59548  0.2  0.2		4.1705503158		-1.0
	3420.00000000	3.26316		1.37758  0.2  0.2		4.1705503158		-1.0
	3450.00000000	3.14879		1.35473  0.2  0.2		4.1705503158		-1.0
	3480.00000000	3.01337		1.5175  0.2  0.2		4.1705503158		-1.0
	3510.00000000	2.89212		1.54711  0.2  0.2		4.1705503158		-1.0
	3540.00000000	2.8485		1.5372  0.2  0.2		4.1705503158		-1.0
	3570.00000000	3.07734		1.67726  0.2  0.2		4.1705503158		-1.0
	3600.00000000	3.13846		1.70139  0.2  0.2		4.1705503158		-1.0
	3630.00000000	3.29928		1.72945  0.2  0.2		4.1705503158		-1.0
	3660.00000000	2.98565		1.95301  0.2  0.2		4.1705503158		-1.0
	3690.00000000	3.00168		1.90123  0.2  0.2		4.1705503158		-1.0
	3720.00000000	3.10619		1.94852  0.2  0.2		4.1705503158		-1.0
	3750.00000000	3.12254		2.16406  0.2  0.2		4.1705503158		-1.0
	3780.00000000	3.1964		2.32227  0.2  0.2		4.1705503158		-1.0
	3810.00000000	3.17055		2.37347  0.2  0.2		4.1705503158		-1.0
	3840.00000000	2.72477		2.34519  0.2  0.2		4.1705503158		-1.0
	3870.00000000	3.3133		2.19623  0.2  0.2		4.1705503158		-1.0
	3900.00000000	2.9641		2.25519  0.2  0.2		4.1705503158		-1.0
	3930.00000000	2.86682		2.42586  0.2  0.2		4.1705503158		-1.0
	3960.00000000	3.27474		2.76977  0.2  0.2		4.1705503158		-1.0
	3990.00000000	3.07402		2.65599  0.2  0.2		4.1705503158		-1.0
	4020.00000000	3.0209		2.32466  0.2  0.2		4.1705503158		-1.0
	4050.00000000	3.25311		2.15724  0.2  0.2		4.1705503158		-1.0
	4080.00000000	3.11032		2.25443  0.2  0.2		4.1705503158		-1.0
	4110.00000000	3.27668		2.05761  0.2  0.2		4.1705503158		-1.0
	4140.00000000	3.13528		1.94026  0.2  0.2		4.1705503158		-1.0
	4170.00000000	2.98528		1.88864  0.2  0.2		4.1705503158		-1.0
	4200.00000000	2.86294		1.78611  0.2  0.2		4.1705503158		-1.0
	4230.00000000	2.92976		1.7987  0.2  0.2		4.1705503158		-1.0
	4260.00000000	2.80746		1.94169  0.2  0.2		4.1705503158		-1.0
	4290.00000000	2.79514		1.89304  0.2  0.2		4.1705503158		-1.0
	4320.00000000	2.83165		1.72997  0.2  0.2		4.1705503158		-1.0
	4350.00000000	2.78608		1.77385  0.2  0.2		4.1705503158		-1.0
	4380.00000000	2.7945		1.69112  0.2  0.2		4.1705503158		-1.0
	4410.00000000	2.75996		1.41878  0.2  0.2		4.1705503158		-1.0
	4440.00000000	2.75589		1.09436  0.2  0.2		4.1705503158		-1.0
	4470.00000000	2.81184		1.18706  0.2  0.2		4.1705503158		-1.0
	4500.00000000	3.39596		1.20495  0.2  0.2		4.1705503158		-1.0
	4530.00000000	3.16906		1.01651  0.2  0.2		4.1705503158		-1.0
	4560.00000000	2.81677		0.83279  0.2  0.2		4.1705503158		-1.0
	4590.00000000	3.26631		0.70407  0.2  0.2		4.1705503158		-1.0
	4620.00000000	3.12042		1.02692  0.2  0.2		4.1705503158		-1.0
	4650.00000000	3.31169		1.0753  0.2  0.2		4.1705503158		-1.0
	4680.00000000	3.2689		0.86238  0.2  0.2		4.1705503158		-1.0
	4710.00000000	3.08048		0.61165  0.2  0.2		4.1705503158		-1.0
	4740.00000000	2.93734		0.49684  0.2  0.2		4.1705503158		-1.0
	4770.00000000	3.22087		0.59889  0.2  0.2		4.1705503158		-1.0
	4800.00000000	3.30648		1.06811  0.2  0.2		4.1705503158		-1.0
	4830.00000000	3.13407		1.33114  0.2  0.2		4.1705503158		-1.0
	4860.00000000	3.44363		1.41648  0.2  0.2		4.1705503158		-1.0
	4890.00000000	3.06122		1.30081  0.2  0.2		4.1705503158		-1.0
	4920.00000000	3.12408		1.12599  0.2  0.2		4.1705503158		-1.0
	4950.00000000	3.04702		0.69281  0.2  0.2		4.1705503158		-1.0
	4980.00000000	3.23107		0.28039  0.2  0.2		4.1705503158		-1.0
	5010.00000000	3.20909		0.08939  0.2  0.2		4.1705503158		-1.0
	5040.00000000	2.77088		-0.03082  0.2  0.2		4.1705503158		-1.0
	5070.00000000	2.65921		-0.1194  0.2  0.2		4.1705503158		-1.0
	5100.00000000	2.727		-0.48966  0.2  0.2		4.1705503158		-1.0
	5130.00000000	2.75191		-0.82438  0.2  0.2		4.1705503158		-1.0
	5160.00000000	2.90326		-1.29037  0.2  0.2		4.1705503158		-1.0
	5190.00000000	2.88137		-1.6519  0.2  0.2		4.1705503158		-1.0
	5220.00000000	2.89282		-1.65072  0.2  0.2		4.1705503158		-1.0
	5250.00000000	2.75559		-1.5314  0.2  0.2		4.1705503158		-1.0
	5280.00000000	3.06232		-1.77871  0.2  0.2		4.1705503158		-1.0
	5310.00000000	3.00268		-1.94427  0.2  0.2		4.1705503158		-1.0
	5340.00000000	2.86088		-1.65008  0.2  0.2		4.1705503158		-1.0
	5370.00000000	2.94533		-1.88549  0.2  0.2		4.1705503158		-1.0
	5400.00000000	2.96766		-2.13181  0.2  0.2		4.1705503158		-1.0
	5430.00000000	2.91866		-2.1974  0.2  0.2		4.1705503158		-1.0
	5460.00000000	3.1322		-2.19007  0.2  0.2		4.1705503158		-1.0
	5490.00000000	2.86135		-2.09566  0.2  0.2		4.1705503158		-1.0
	5520.00000000	2.79647		-2.08499  0.2  0.2		4.1705503158		-1.0
	5550.00000000	3.04088		-2.10137  0.2  0.2		4.1705503158		-1.0
	5580.00000000	3.06721		-2.16886  0.2  0.2		4.1705503158		-1.0
	5610.00000000	3.07093		-2.14943  0.2  0.2		4.1705503158		-1.0
	5640.00000000	2.7239		-2.17654  0.2  0.2		4.1705503158		-1.0
	5670.00000000	2.89381		-2.46698  0.2  0.2		4.1705503158		-1.0
	5700.00000000	3.04167		-2.61699  0.2  0.2		4.1705503158		-1.0
	5730.00000000	2.91972		-2.77377  0.2  0.2		4.1705503158		-1.0
	5760.00000000	2.88122		-2.81522  0.2  0.2		4.1705503158		-1.0
	5790.00000000	3.02007		-2.71292  0.2  0.2		4.1705503158		-1.0
	5820.00000000	2.80935		-2.57928  0.2  0.2		4.1705503158		-1.0
	5850.00000000	2.87201		-2.54197  0.2  0.2		4.1705503158		-1.0
	5880.00000000	3.05066		-2.44526  0.2  0.2		4.1705503158		-1.0
	5910.00000000	3.0344		-2.14997  0.2  0.2		4.1705503158		-1.0
	5940.00000000	2.75308		-2.06021  0.2  0.2		4.1705503158		-1.0
	5970.00000000	3.13695		-1.9827  0.2  0.2		4.1705503158		-1.0
	6000.00000000	3.21037		-1.70394  0.2  0.2		4.1705503158		-1.0
	6030.00000000	2.9715		-1.64141  0.2  0.2		4.1705503158		-1.0
	6060.00000000	2.94969		-1.7836  0.2  0.2		4.1705503158		-1.0
	6090.00000000	3.04264		-1.90022  0.2  0.2		4.1705503158		-1.0
	6120.00000000	2.66943		-1.66768  0.2  0.2		4.1705503158		-1.0
	6150.00000000	3.1361		-1.5417  0.2  0.2		4.1705503158		-1.0
	6180.00000000	3.10619		-1.65483  0.2  0.2		4.1705503158		-1.0
	6210.00000000	2.89145		-1.57996  0.2  0.2		4.1705503158		-1.0
	6240.00000000	3.14153		-1.53144  0.2  0.2		4.1705503158		-1.0
	6270.00000000	3.21998		-1.3591  0.2  0.2		4.1705503158		-1.0
	6300.00000000	3.36746		-1.37636  0.2  0.2		4.1705503158		-1.0
	6330.00000000	3.36779		-1.72375  0.2  0.2		4.1705503158		-1.0
	6360.00000000	3.24727		-1.92256  0.2  0.2		4.1705503158		-1.0
	6390.00000000	3.2706		-1.90041  0.2  0.2		4.1705503158		-1.0
	6420.00000000	3.20697		-1.93244  0.2  0.2		4.1705503158		-1.0
	6450.00000000	2.76762		-1.9236  0.2  0.2		4.1705503158		-1.0
	6480.00000000	3.37928		-2.19015  0.2  0.2		4.1705503158		-1.0
	6510.00000000	2.7886		-2.45831  0.2  0.2		4.1705503158		-1.0
	6540.00000000	2.95355		-2.48893  0.2  0.2		4.1705503158		-1.0
	6570.00000000	2.90201		-2.84503  0.2  0.2		4.1705503158		-1.0
	6600.00000000	2.7435		-3.13908  0.2  0.2		4.1705503158		-1.0
	6630.00000000	3.18596		-3.01448  0.2  0.2		4.1705503158		-1.0
	6660.00000000	2.76199		-2.78655  0.2  0.2		4.1705503158		-1.0
	6690.00000000	3.10814		-2.79986  0.2  0.2		4.1705503158		-1.0
	6720.00000000	3.20139		-2.77077  0.2  0.2		4.1705503158		-1.0
	6750.00000000	2.61429		-2.79144  0.2  0.2		4.1705503158		-1.0
	6780.00000000	2.84206		-2.92169  0.2  0.2		4.1705503158		-1.0
	6810.00000000	2.94739		-3.0632  0.2  0.2		4.1705503158		-1.0
	6840.00000000	3.18923		-3.09558  0.2  0.2		4.1705503158		-1.0
	6870.00000000	2.99353		3.10906  0.2  0.2		4.1705503158		-1.0
	6900.00000000	2.86739		3.03231  0.2  0.2		4.1705503158		-1.0
	6930.00000000	3.30422		2.9825  0.2  0.2		4.1705503158		-1.0
	6960.00000000	2.80192		2.90688  0.2  0.2		4.1705503158		-1.0
	6990.00000000	2.98173		2.92526  0.2  0.2		4.1705503158		-1.0
	7020.00000000	3.28677		2.97629  0.2  0.2		4.1705503158		-1.0
	7050.00000000	3.12039		2.99351  0.2  0.2		4.1705503158		-1.0
	7080.00000000	3.25428		-3.13725  0.2  0.2		4.1705503158		-1.0
	7110.00000000	3.11311		-2.93675  0.2  0.2		4.1705503158		-1.0
	7140.00000000	2.77956		-2.92045  0.2  0.2		4.1705503158		-1.0
	7170.00000000	3.35041		-2.94133  0.2  0.2		4.1705503158		-1.0
	7200.00000000	2.84692		-2.90693  0.2  0.2		4.1705503158		-1.0
	7230.00000000	2.66758		-3.03517  0.2  0.2		4.1705503158		-1.0
	7260.00000000	2.79497		3.12384  0.2  0.2		4.1705503158		-1.0
	7290.00000000	2.70516		2.9503  0.2  0.2		4.1705503158		-1.0
	7320.00000000	2.69305		2.712  0.2  0.2		4.1705503158		-1.0
	7350.00000000	2.95284		2.57608  0.2  0.2		4.1705503158		-1.0
	7380.00000000	3.2528		2.6871  0.2  0.2		4.1705503158		-1.0
	7410.00000000	3.16748		2.81977  0.2  0.2		4.1705503158		-1.0
	7440.00000000	2.91323		2.74956  0.2  0.2		4.1705503158		-1.0
	7470.00000000	2.89022		2.52267  0.2  0.2		4.1705503158		-1.0
	7500.00000000	2.64998		2.45606  0.2  0.2		4.1705503158		-1.0
	7530.00000000	2.74298		2.38141  0.2  0.2		4.1705503158		-1.0
	7560.00000000	2.71992		2.32644  0.2  0.2		4.1705503158		-1.0
	7590.00000000	2.70662		2.57703  0.2  0.2		4.1705503158		-1.0
	7620.00000000	2.78964		2.49313  0.2  0.2		4.1705503158		-1.0
	7650.00000000	2.95463		2.74721  0.2  0.2		4.1705503158		-1.0
	7680.00000000	3.42844		2.84072  0.2  0.2		4.1705503158		-1.0
	7710.00000000	3.59876		2.69211  0.2  0.2		4.1705503158		-1.0
	7740.00000000	3.37015		2.54138  0.2  0.2		4.1705503158		-1.0
	7770.00000000	3.17765		2.39555  0.2  0.2		4.1705503158		-1.0
	7800.00000000	3.25453		2.51245  0.2  0.2		4.1705503158		-1.0
	7830.00000000	3.41126		2.46912  0.2  0.2		4.1705503158		-1.0
	7860.00000000	3.42214		2.40672  0.2  0.2		4.1705503158		-1.0
	7890.00000000	3.3154		2.56229  0.2  0.2		4.1705503158		-1.0
	7920.00000000	2.67811		2.71279  0.2  0.2		4.1705503158		-1.0
	7950.00000000	2.68442		2.78117  0.2  0.2		4.1705503158		-1.0
	7980.00000000	2.7048		2.6465  0.2  0.2		4.1705503158		-1.0
	8010.00000000	3.19034		2.88504  0.2  0.2		4.1705503158		-1.0
	8040.00000000	3.44447		-3.11194  0.2  0.2		4.1705503158		-1.0
	8070.00000000	2.6649		-2.85683  0.2  0.2		4.1705503158		-1.0
	8100.00000000	3.45822		-2.79657  0.2  0.2		4.1705503158		-1.0
	8130.00000000	2.97989		-2.86984  0.2  0.2		4.1705503158		-1.0
	8160.00000000	3.44139		-3.05525  0.2  0.2		4.1705503158		-1.0
	8190.00000000	2.77094		-3.07663  0.2  0.2		4.1705503158		-1.0
	8220.00000000	2.86253		-2.93582  0.2  0.2		4.1705503158		-1.0
	8250.00000000	3.50271		-2.74473  0.2  0.2		4.1705503158		-1.0
	8280.00000000	2.68806		-2.712  0.2  0.2		4.1705503158		-1.0
	8310.00000000	3.15518		-2.52733  0.2  0.2		4.1705503158		-1.0
	8340.00000000	2.70823		-2.39067  0.2  0.2		4.1705503158		-1.0
	8370.00000000	3.02996		-2.52226  0.2  0.2		4.1705503158		-1.0
	8400.00000000	2.99045		-2.69567  0.2  0.2		4.1705503158		-1.0
	8430.00000000	2.71212		-2.45876  0.2  0.2		4.1705503158		-1.0
	8460.00000000	3.14753		-2.4646  0.2  0.2		4.1705503158		-1.0
	8490.00000000	3.23977		-2.64443  0.2  0.2		4.1705503158		-1.0
	8520.00000000	3.17025		-2.93549  0.2  0.2		4.1705503158		-1.0
	8550.00000000	3.29526		-3.1225  0.2  0.2		4.1705503158		-1.0
	8580.00000000	3.08186		3.12336  0.2  0.2		4.1705503158		-1.0
	8610.00000000	3.25914		-3.0526  0.2  0.2		4.1705503158		-1.0
	8640.00000000	3.19325		-2.87431  0.2  0.2		4.1705503158		-1.0
	8670.00000000	3.43427		-2.62038  0.2  0.2		4.1705503158		-1.0
	8700.00000000	2.92924		-2.39819  0.2  0.2		4.1705503158		-1.0
	8730.00000000	2.85992		-2.48504  0.2  0.2		4.1705503158		-1.0
	8760.00000000	2.83383		-2.66822  0.2  0.2		4.1705503158		-1.0
	8790.00000000	2.77963		-2.59175  0.2  0.2		4.1705503158		-1.0
	8820.00000000	2.8484		-2.50107  0.2  0.2		4.1705503158		-1.0
	8850.00000000	2.74307		-2.22914  0.2  0.2		4.1705503158		-1.0
	8880.00000000	2.77033		-1.89571  0.2  0.2		4.1705503158		-1.0
	8910.00000000	2.81036		-1.85567  0.2  0.2		4.1705503158		-1.0
	8940.00000000	2.94614		-1.62169  0.2  0.2		4.1705503158		-1.0
	8970.00000000	2.72982		-1.73598  0.2  0.2		4.1705503158		-1.0
	9000.00000000	2.7569		-1.61082  0.2  0.2		4.1705503158		-1.0
	9030.00000000	2.83388		-1.24416  0.2  0.2		4.1705503158		-1.0
	9060.00000000	2.76681		-1.23778  0.2  0.2		4.1705503158		-1.0
	9090.00000000	2.77264		-1.0167  0.2  0.2		4.1705503158		-1.0
	9120.00000000	2.8134		-0.84369  0.2  0.2		4.1705503158		-1.0
	9150.00000000	2.92594		-0.44967  0.2  0.2		4.1705503158		-1.0
	9180.00000000	3.18019		-0.0533  0.2  0.2		4.1705503158		-1.0
	9210.00000000	3.16169		-0.08821  0.2  0.2		4.1705503158		-1.0
	9240.00000000	3.10337		-0.44436  0.2  0.2		4.1705503158		-1.0
	9270.00000000	3.09919		-0.81937  0.2  0.2		4.1705503158		-1.0
	9300.00000000	3.21103		-1.04007  0.2  0.2		4.1705503158		-1.0
	9330.00000000	3.32348		-1.10337  0.2  0.2		4.1705503158		-1.0
	9360.00000000	3.39378		-1.02201  0.2  0.2		4.1705503158		-1.0
	9390.00000000	3.11644		-1.16763  0.2  0.2		4.1705503158		-1.0
	9420.00000000	2.64066		-1.09969  0.2  0.2		4.1705503158		-1.0
	9450.00000000	2.80922		-0.92343  0.2  0.2		4.1705503158		-1.0
	9480.00000000	2.65128		-0.36563  0.2  0.2		4.1705503158		-1.0
	9510.00000000	2.78301		-0.112  0.2  0.2		4.1705503158		-1.0
	9540.00000000	2.70201		-0.23808  0.2  0.2		4.1705503158		-1.0
	9570.00000000	2.9516		-0.38641  0.2  0.2		4.1705503158		-1.0
	9600.00000000	3.3414		-0.46185  0.2  0.2		4.1705503158		-1.0
	9630.00000000	3.23353		-0.33215  0.2  0.2		4.1705503158		-1.0
	9660.00000000	3.2348		-0.23602  0.2  0.2		4.1705503158		-1.0
	9690.00000000	3.30222		-0.35387  0.2  0.2		4.1705503158		-1.0
	9720.00000000	3.28182		-0.54895  0.2  0.2		4.1705503158		-1.0
	9750.00000000	3.28574		-0.63811  0.2  0.2		4.1705503158		-1.0
	9780.00000000	3.37518		-0.74047  0.2  0.2		4.1705503158		-1.0
	9810.00000000	2.75432		-0.78339  0.2  0.2		4.1705503158		-1.0
	9840.00000000	2.92543		-0.66364  0.2  0.2		4.1705503158		-1.0
	9870.00000000	2.71832		-0.63104  0.2  0.2		4.1705503158		-1.0
	9900.00000000	2.7459		-0.80809  0.2  0.2		4.1705503158		-1.0
	9930.00000000	2.71254		-0.70379  0.2  0.2		4.1705503158		-1.0
	9960.00000000	2.73643		-0.59901  0.2  0.2		4.1705503158		-1.0
	9990.00000000	2.96641		-0.1669  0.2  0.2		4.1705503158		-1.0
	10020.00000000	2.72829		-0.07998  0.2  0.2		4.1705503158		-1.0
	10050.00000000	3.13752		0.08399  0.2  0.2		4.1705503158		-1.0
	10080.00000000	3.40195		0.16883  0.2  0.2		4.1705503158		-1.0
	10110.00000000	2.8269		0.28772  0.2  0.2		4.1705503158		-1.0
	10140.00000000	2.93415		0.42964  0.2  0.2		4.1705503158		-1.0
	10170.00000000	3.40181		0.26996  0.2  0.2		4.1705503158		-1.0
	10200.00000000	3.09741		0.75496  0.2  0.2		4.1705503158		-1.0
	10230.00000000	2.66272		0.81878  0.2  0.2		4.1705503158		-1.0
	10260.00000000	3.09485		0.54846  0.2  0.2		4.1705503158		-1.0
	10290.00000000	3.40341		0.52902  0.2  0.2		4.1705503158		-1.0
	10320.00000000	3.11588		0.60372  0.2  0.2		4.1705503158		-1.0
	10350.00000000	3.30837		1.02032  0.2  0.2		4.1705503158		-1.0
	10380.00000000	2.68207		1.03855  0.2  0.2		4.1705503158		-1.0
	10410.00000000	3.2868		0.87529  0.2  0.2		4.1705503158		-1.0
	10440.00000000	2.85639		0.73231  0.2  0.2		4.1705503158		-1.0
	10470.00000000	2.6814		0.69484  0.2  0.2		4.1705503158		-1.0
	10500.00000000	2.67304		0.70259  0.2  0.2		4.1705503158		-1.0
	10530.00000000	2.8111		0.88429  0.2  0.2		4.1705503158		-1.0
	10560.00000000	2.73526		1.05653  0.2  0.2		4.1705503158		-1.0
	10590.00000000	2.65388		1.4447  0.2  0.2		4.1705503158		-1.0
	10620.00000000	2.69123		1.3668  0.2  0.2		4.1705503158		-1.0
	10650.00000000	2.68514		1.55532  0.2  0.2		4.1705503158		-1.0
	10680.00000000	2.71083		1.73432  0.2  0.2		4.1705503158		-1.0
	10710.00000000	2.66557		1.90267  0.2  0.2		4.1705503158		-1.0
	10740.00000000	2.66478		1.98304  0.2  0.2		4.1705503158		-1.0
	10770.00000000	2.7237		2.14728  0.2  0.2		4.1705503158		-1.0
	10800.00000000	2.76279		2.16723  0.2  0.2		4.1705503158		-1.0
	10830.00000001	2.81959		2.05081  0.2  0.2		4.1705503158		-1.0
	10860.00000001	2.74828		1.82568  0.2  0.2		4.1705503158		-1.0
	10890.00000001	2.76327		1.41309  0.2  0.2		4.1705503158		-1.0
	10920.00000001	2.6196		1.15995  0.2  0.2		4.1705503158		-1.0
	10950.00000001	2.62188		1.14543  0.2  0.2		4.1705503158		-1.0
	10980.00000001	3.25483		1.23878  0.2  0.2		4.1705503158		-1.0
	11010.00000001	2.94428		1.40458  0.2  0.2		4.1705503158		-1.0
	11040.00000001	2.69972		1.27167  0.2  0.2		4.1705503158		-1.0
	11070.00000001	3.11764		0.97964  0.2  0.2		4.1705503158		-1.0
	11100.00000001	3.32384		0.66531  0.2  0.2		4.1705503158		-1.0
	11130.00000001	3.45096		0.46318  0.2  0.2		4.1705503158		-1.0
	11160.00000001	2.84526		0.29762  0.2  0.2		4.1705503158		-1.0
	11190.00000001	2.80451		0.30525  0.2  0.2		4.1705503158		-1.0
	11220.00000001	2.78612		0.30963  0.2  0.2		4.1705503158		-1.0
	11250.00000001	2.92956		0.29438  0.2  0.2		4.1705503158		-1.0
	11280.00000001	3.35431		0.15585  0.2  0.2		4.1705503158		-1.0
	11310.00000001	3.42825		-0.18381  0.2  0.2		4.1705503158		-1.0
	11340.00000001	3.4135		-0.53306  0.2  0.2		4.1705503158		-1.0
	11370.00000001	3.45572		-0.8109  0.2  0.2		4.1705503158		-1.0
	11400.00000001	3.43772		-0.79582  0.2  0.2		4.1705503158		-1.0
	11430.00000001	2.92373		-0.80089  0.2  0.2		4.1705503158		-1.0
	11460.00000001	2.76941		-1.08997  0.2  0.2		4.1705503158		-1.0
	11490.00000001	2.8474		-1.19085  0.2  0.2		4.1705503158		-1.0
	11520.00000001	2.82383		-1.25277  0.2  0.2		4.1705503158		-1.0
	11550.00000001	2.72049		-1.50109  0.2  0.2		4.1705503158		-1.0
	11580.00000001	3.61525		-1.32256  0.2  0.2		4.1705503158		-1.0
	11610.00000001	3.0754		-1.37783  0.2  0.2		4.1705503158		-1.0
	11640.00000001	3.44735		-1.70992  0.2  0.2		4.1705503158		-1.0
	11670.00000001	3.48801		-1.68809  0.2  0.2		4.1705503158		-1.0
	11700.00000001	3.20582		-1.7804  0.2  0.2		4.1705503158		-1.0
	11730.00000001	3.5081		-1.85318  0.2  0.2		4.1705503158		-1.0
	11760.00000001	3.03162		-1.75558  0.2  0.2		4.1705503158		-1.0
	11790.00000001	2.76697		-1.76321  0.2  0.2		4.1705503158		-1.0
	11820.00000001	2.87764		-2.02743  0.2  0.2		4.1705503158		-1.0
	11850.00000001	2.92224		-1.91953  0.2  0.2		4.1705503158		-1.0
	11880.00000001	2.9199		-1.89194  0.2  0.2		4.1705503158		-1.0
	11910.00000001	3.59259		-2.07885  0.2  0.2		4.1705503158		-1.0
	11940.00000001	3.31319		-2.01729  0.2  0.2		4.1705503158		-1.0
	11970.00000001	3.5487		-1.87133  0.2  0.2		4.1705503158		-1.0
	12000.00000001	3.1412		-1.83163  0.2  0.2		4.1705503158		-1.0
	12030.00000001	3.45893		-1.85855  0.2  0.2		4.1705503158		-1.0
	12060.00000001	3.4249		-1.49875  0.2  0.2		4.1705503158		-1.0
	12090.00000001	3.73821		-1.21689  0.2  0.2		4.1705503158		-1.0
	12120.00000001	3.13782		-1.31266  0.2  0.2		4.1705503158		-1.0
	12150.00000001	3.46506		-1.52041  0.2  0.2		4.1705503158		-1.0
	12180.00000001	3.35434		-1.40335  0.2  0.2		4.1705503158		-1.0
	12210.00000001	3.46394		-1.25321  0.2  0.2		4.1705503158		-1.0
	12240.00000001	3.24825		-1.29468  0.2  0.2		4.1705503158		-1.0
	12270.00000001	2.64848		-1.54891  0.2  0.2		4.1705503158		-1.0
	12300.00000001	2.63121		-1.35664  0.2  0.2		4.1705503158		-1.0
	12330.00000001	2.69132		-1.3671  0.2  0.2		4.1705503158		-1.0
	12360.00000001	2.7057		-1.45231  0.2  0.2		4.1705503158		-1.0
	12390.00000001	2.92638		-1.53375  0.2  0.2		4.1705503158		-1.0
	12420.00000001	2.56906		-1.39725  0.2  0.2		4.1705503158		-1.0
	12450.00000001	3.09251		-1.39975  0.2  0.2		4.1705503158		-1.0
	12480.00000001	3.25866		-1.40132  0.2  0.2		4.1705503158		-1.0
	12510.00000001	3.49721		-1.33956  0.2  0.2		4.1705503158		-1.0
	12540.00000001	3.18828		-1.63826  0.2  0.2		4.1705503158		-1.0
	12570.00000001	3.26571		-1.76128  0.2  0.2		4.1705503158		-1.0
	12600.00000001	3.19524		-1.92298  0.2  0.2		4.1705503158		-1.0
	12630.00000001	3.26839		-2.14994  0.2  0.2		4.1705503158		-1.0
	12660.00000001	3.31467		-2.3144  0.2  0.2		4.1705503158		-1.0
	12690.00000001	3.36989		-2.06332  0.2  0.2		4.1705503158		-1.0
	12720.00000001	3.32901		-2.2977  0.2  0.2		4.1705503158		-1.0
	12750.00000001	3.28797		-2.42786  0.2  0.2		4.1705503158		-1.0
	12780.00000001	3.10194		-2.5331  0.2  0.2		4.1705503158		-1.0
	12810.00000001	3.3887		-2.46918  0.2  0.2		4.1705503158		-1.0
	12840.00000001	3.31097		-2.45992  0.2  0.2		4.1705503158		-1.0
	12870.00000001	3.48033		-2.31898  0.2  0.2		4.1705503158		-1.0
	12900.00000001	3.43685		-2.27289  0.2  0.2		4.1705503158		-1.0
	12930.00000001	2.92445		-2.37886  0.2  0.2		4.1705503158		-1.0
	12960.00000001	2.80382		-2.2547  0.2  0.2		4.1705503158		-1.0
	12990.00000001	2.81975		-2.23111  0.2  0.2		4.1705503158		-1.0
	13020.00000001	2.80322		-2.20795  0.2  0.2		4.1705503158		-1.0
	13050.00000001	2.71362		-2.12378  0.2  0.2		4.1705503158		-1.0
	13080.00000001	2.67722		-2.22207  0.2  0.2		4.1705503158		-1.0
	13110.00000001	2.61936		-2.23547  0.2  0.2		4.1705503158		-1.0
	13140.00000001	2.94983		-2.09246  0.2  0.2		4.1705503158		-1.0
	13170.00000001	3.40976		-2.09441  0.2  0.2		4.1705503158		-1.0
	13200.00000001	2.66398		-2.1807  0.2  0.2		4.1705503158		-1.0
	13230.00000001	3.16377		-2.13515  0.2  0.2		4.1705503158		-1.0
	13260.00000001	2.62584		-2.00029  0.2  0.2		4.1705503158		-1.0
	13290.00000001	2.57004		-1.89485  0.2  0.2		4.1705503158		-1.0
	13320.00000001	2.65845		-1.82026  0.2  0.2		4.1705503158		-1.0
	13350.00000001	2.66973		-1.88261  0.2  0.2		4.1705503158		-1.0
	13380.00000001	2.59015		-1.80425  0.2  0.2		4.1705503158		-1.0
	13410.00000001	2.61266		-1.73341  0.2  0.2		4.1705503158		-1.0
	13440.00000001	3.02328		-1.5224  0.2  0.2		4.1705503158		-1.0
	13470.00000001	2.60029		-1.26999  0.2  0.2		4.1705503158		-1.0
	13500.00000001	2.623		-0.96232  0.2  0.2		4.1705503158		-1.0
	13530.00000001	2.8179		-0.7997  0.2  0.2		4.1705503158		-1.0
	13560.00000001	3.27016		-0.85796  0.2  0.2		4.1705503158		-1.0
	13590.00000001	3.57651		-0.91441  0.2  0.2		4.1705503158		-1.0
	13620.00000001	3.44441		-1.09017  0.2  0.2		4.1705503158		-1.0
	13650.00000001	3.43819		-1.15624  0.2  0.2		4.1705503158		-1.0
	13680.00000001	3.61177		-1.05814  0.2  0.2		4.1705503158		-1.0
	13710.00000001	3.24695		-0.73509  0.2  0.2		4.1705503158		-1.0
	13740.00000001	3.09712		-0.4562  0.2  0.2		4.1705503158		-1.0
	13770.00000001	3.39955		-0.32101  0.2  0.2		4.1705503158		-1.0
	13800.00000001	3.43204		-0.34437  0.2  0.2		4.1705503158		-1.0
	13830.00000001	2.6677		-0.42003  0.2  0.2		4.1705503158		-1.0
	13860.00000001	3.10704		-0.5151  0.2  0.2		4.1705503158		-1.0
	13890.00000001	3.01804		-0.32162  0.2  0.2		4.1705503158		-1.0
	13920.00000001	2.83434		-0.21053  0.2  0.2		4.1705503158		-1.0
	13950.00000001	3.43966		-0.01163  0.2  0.2		4.1705503158		-1.0
	13980.00000001	3.07779		0.27591  0.2  0.2		4.1705503158		-1.0
	14010.00000001	3.33863		0.58557  0.2  0.2		4.1705503158		-1.0
	14040.00000001	3.23051		0.37572  0.2  0.2		4.1705503158		-1.0
	14070.00000001	2.76463		-0.11408  0.2  0.2		4.1705503158		-1.0
	14100.00000001	2.69615		-0.21288  0.2  0.2		4.1705503158		-1.0
	14130.00000001	2.97408		-0.18472  0.2  0.2		4.1705503158		-1.0
	14160.00000001	3.51417		-0.07051  0.2  0.2		4.1705503158		-1.0
	14190.00000001	3.31691		0.01197  0.2  0.2		4.1705503158		-1.0
	14220.00000001	2.99944		0.10512  0.2  0.2		4.1705503158		-1.0
	14250.00000000	3.2238		0.41013  0.2  0.2		4.1705503158		-1.0
	14280.00000000	3.55653		0.6101  0.2  0.2		4.1705503158		-1.0
	14310.00000000	3.44462		0.9538  0.2  0.2		4.1705503158		-1.0
	14340.00000000	3.65991		0.97229  0.2  0.2		4.1705503158		-1.0
	14370.00000000	3.22588		1.16637  0.2  0.2		4.1705503158		-1.0
	14400.00000000	3.37001		1.63866  0.2  0.2		4.1705503158		-1.0
	14430.00000000	3.40908		1.8024  0.2  0.2		4.1705503158		-1.0
	14460.00000000	3.33405		1.70578  0.2  0.2		4.1705503158		-1.0
	14490.00000000	3.39768		1.43746  0.2  0.2		4.1705503158		-1.0
	14520.00000000	3.50454		1.60115  0.2  0.2		4.1705503158		-1.0
	14550.00000000	3.25788		1.74651  0.2  0.2		4.1705503158		-1.0
	14580.00000000	3.40492		1.91992  0.2  0.2		4.1705503158		-1.0
	14610.00000000	3.47161		2.01754  0.2  0.2		4.1705503158		-1.0
	14640.00000000	3.46121		1.80975  0.2  0.2		4.1705503158		-1.0
	14500.00000000	3.32848		1.51471  0.2  0.2		4.1705503158		-1.0
	14530.00000000	3.37402		1.71884  0.2  0.2		4.1705503158		-1.0
	14560.00000000	3.50305		1.76047  0.2  0.2		4.1705503158		-1.0
	14590.00000000	3.22001		2.04053  0.2  0.2		4.1705503158		-1.0
	14620.00000000	3.56175		2.01103  0.2  0.2		4.1705503158		-1.0
	14650.00000000	3.27598		1.8052  0.2  0.2		4.1705503158		-1.0
	14680.00000000	3.28619		1.78604  0.2  0.2		4.1705503158		-1.0
	14710.00000000	3.36347		1.65416  0.2  0.2		4.1705503158		-1.0
	14740.00000000	3.20402		1.55922  0.2  0.2		4.1705503158		-1.0
	14770.00000000	3.46143		1.39811  0.2  0.2		4.1705503158		-1.0
	14800.00000000	3.3315		1.42283  0.2  0.2		4.1705503158		-1.0
	14830.00000000	3.07591		1.36727  0.2  0.2		4.1705503158		-1.0
	14860.00000000	3.61387		1.25126  0.2  0.2		4.1705503158		-1.0
	14890.00000000	2.94574		1.04502  0.2  0.2		4.1705503158		-1.0
	14920.00000000	2.86425		0.81799  0.2  0.2		4.1705503158		-1.0
	14950.00000000	2.73567		0.66492  0.2  0.2		4.1705503158		-1.0
	14980.00000000	2.78342		0.57449  0.2  0.2		4.1705503158		-1.0
	15010.00000000	2.74184		0.78637  0.2  0.2		4.1705503158		-1.0
	15040.00000000	3.49029		0.68717  0.2  0.2		4.1705503158		-1.0
	15070.00000000	3.27374		0.58325  0.2  0.2		4.1705503158		-1.0
	15100.00000000	2.84308		0.70294  0.2  0.2		4.1705503158		-1.0
	15130.00000000	2.81546		0.81845  0.2  0.2		4.1705503158		-1.0
	15160.00000000	2.69215		1.11779  0.2  0.2		4.1705503158		-1.0
	15190.00000000	2.78298		1.28381  0.2  0.2		4.1705503158		-1.0
	15220.00000000	2.82951		1.29439  0.2  0.2		4.1705503158		-1.0
	15250.00000000	2.74324		1.37127  0.2  0.2		4.1705503158		-1.0
	15280.00000000	2.82597		1.51346  0.2  0.2		4.1705503158		-1.0
	15310.00000000	2.75515		1.78578  0.2  0.2		4.1705503158		-1.0
	15340.00000000	3.8792		1.76351  0.2  0.2		4.1705503158		-1.0
	15370.00000000	3.20591		1.5892  0.2  0.2		4.1705503158		-1.0
	15400.00000000	3.26443		1.46686  0.2  0.2		4.1705503158		-1.0
	15430.00000000	3.71532		1.44156  0.2  0.2		4.1705503158		-1.0
	15460.00000000	3.19496		1.37465  0.2  0.2		4.1705503158		-1.0
	15490.00000000	3.84248		1.26457  0.2  0.2		4.1705503158		-1.0
	15520.00000000	3.3594		1.03343  0.2  0.2		4.1705503158		-1.0
	15550.00000000	3.63041		0.88074  0.2  0.2		4.1705503158		-1.0
	15580.00000000	3.25135		0.91594  0.2  0.2		4.1705503158		-1.0
	15610.00000000	3.35686		0.78597  0.2  0.2		4.1705503158		-1.0
	15640.00000000	3.49889		0.81356  0.2  0.2		4.1705503158		-1.0
	15670.00000000	3.07419		0.91818  0.2  0.2		4.1705503158		-1.0
	15700.00000000	3.45624		0.80139  0.2  0.2		4.1705503158		-1.0
	15730.00000000	3.55355		0.86573  0.2  0.2		4.1705503158		-1.0
	15760.00000000	2.8145		0.86126  0.2  0.2		4.1705503158		-1.0
	15790.00000000	2.82134		0.86126  0.2  0.2		4.1705503158		-1.0
	15820.00000000	2.73128		0.65701  0.2  0.2		4.1705503158		-1.0
	15850.00000000	2.72622		0.40901  0.2  0.2		4.1705503158		-1.0
	15880.00000000	2.7551		0.44555  0.2  0.2		4.1705503158		-1.0
	15910.00000000	3.14085		0.40743  0.2  0.2		4.1705503158		-1.0
	15940.00000000	3.82146		0.48105  0.2  0.2		4.1705503158		-1.0
	15970.00000000	3.27821		0.14356  0.2  0.2		4.1705503158		-1.0
	16000.00000000	3.3587		-0.01396  0.2  0.2		4.1705503158		-1.0
	16030.00000000	3.6023		-0.02691  0.2  0.2		4.1705503158		-1.0
	16060.00000000	3.18747		-0.05027  0.2  0.2		4.1705503158		-1.0
	16090.00000000	2.98062		-0.28992  0.2  0.2		4.1705503158		-1.0
	16120.00000000	2.66444		-0.6426  0.2  0.2		4.1705503158		-1.0
	16150.00000000	2.6165		-0.97832  0.2  0.2		4.1705503158		-1.0
	16180.00000000	2.7485		-0.91515  0.2  0.2		4.1705503158		-1.0
	16210.00000000	2.60388		-0.52927  0.2  0.2		4.1705503158		-1.0
	16240.00000000	2.7166		-0.20042  0.2  0.2		4.1705503158		-1.0
	16270.00000000	2.84771		0.28617  0.2  0.2		4.1705503158		-1.0
	16300.00000000	3.57494		0.4941  0.2  0.2		4.1705503158		-1.0
	16330.00000000	3.78672		0.5726  0.2  0.2		4.1705503158		-1.0
	16360.00000000	3.72159		0.58904  0.2  0.2		4.1705503158		-1.0
	16390.00000000	3.29977		0.90846  0.2  0.2		4.1705503158		-1.0
	16420.00000000	3.46961		1.11175  0.2  0.2		4.1705503158		-1.0
	16450.00000000	3.86387		0.94905  0.2  0.2		4.1705503158		-1.0
	16480.00000000	3.4456		1.01907  0.2  0.2		4.1705503158		-1.0
	16510.00000000	3.93158		1.1599  0.2  0.2		4.1705503158		-1.0
	16540.00000000	3.5971		1.26412  0.2  0.2		4.1705503158		-1.0
	16570.00000000	3.67372		1.48981  0.2  0.2		4.1705503158		-1.0
	16600.00000000	3.39707		1.62027  0.2  0.2		4.1705503158		-1.0
	16630.00000000	2.59808		1.80569  0.2  0.2		4.1705503158		-1.0
	16660.00000000	3.28472		1.76214  0.2  0.2		4.1705503158		-1.0
	16690.00000000	3.47368		2.04645  0.2  0.2		4.1705503158		-1.0
	16720.00000000	3.40829		2.19672  0.2  0.2		4.1705503158		-1.0
	16750.00000000	3.40866		2.03609  0.2  0.2		4.1705503158		-1.0
	16780.00000000	2.84479		2.17675  0.2  0.2		4.1705503158		-1.0
	16810.00000000	2.7972		2.34822  0.2  0.2		4.1705503158		-1.0
	16840.00000000	3.17008		2.49624  0.2  0.2		4.1705503158		-1.0
	16870.00000000	3.80468		2.40738  0.2  0.2		4.1705503158		-1.0
	16900.00000000	3.36966		2.24564  0.2  0.2		4.1705503158		-1.0
	16930.00000000	3.21137		2.32308  0.2  0.2		4.1705503158		-1.0
	16960.00000000	3.27938		2.44805  0.2  0.2		4.1705503158		-1.0
	16990.00000000	3.66209		2.31782  0.2  0.2		4.1705503158		-1.0
	17020.00000000	3.46439		2.23896  0.2  0.2		4.1705503158		-1.0
	17050.00000000	3.65482		2.40564  0.2  0.2		4.1705503158		-1.0
	17080.00000000	3.27474		2.56142  0.2  0.2		4.1705503158		-1.0
	17110.00000000	3.28748		2.5933  0.2  0.2		4.1705503158		-1.0
	17140.00000000	3.90697		2.65455  0.2  0.2		4.1705503158		-1.0
	17170.00000000	3.52939		2.55026  0.2  0.2		4.1705503158		-1.0
	17200.00000000	3.08109		2.70057  0.2  0.2		4.1705503158		-1.0
	17230.00000000	2.63178		2.79214  0.2  0.2		4.1705503158		-1.0
	17260.00000000	2.71904		2.51546  0.2  0.2		4.1705503158		-1.0
	17290.00000000	2.7146		2.2586  0.2  0.2		4.1705503158		-1.0
	17320.00000000	2.79426		2.12818  0.2  0.2		4.1705503158		-1.0
	17350.00000000	2.65128		2.25061  0.2  0.2		4.1705503158		-1.0
	17380.00000000	2.56265		2.10158  0.2  0.2		4.1705503158		-1.0
	17410.00000000	3.48844		2.04997  0.2  0.2		4.1705503158		-1.0
	17440.00000000	3.75599		2.02864  0.2  0.2		4.1705503158		-1.0
	17470.00000000	3.47669		2.08706  0.2  0.2		4.1705503158		-1.0
	17500.00000000	3.49334		2.26941  0.2  0.2		4.1705503158		-1.0
	17530.00000000	2.98426		2.13949  0.2  0.2		4.1705503158		-1.0
	17560.00000000	3.30551		2.01405  0.2  0.2		4.1705503158		-1.0
	17590.00000000	3.08128		2.00729  0.2  0.2		4.1705503158		-1.0
	17620.00000000	3.24473		1.81005  0.2  0.2		4.1705503158		-1.0
	17650.00000000	3.03934		1.56411  0.2  0.2		4.1705503158		-1.0
	17680.00000000	3.30063		1.45786  0.2  0.2		4.1705503158		-1.0
	17710.00000000	2.85286		1.57675  0.2  0.2		4.1705503158		-1.0
	17740.00000000	2.96369		1.72478  0.2  0.2		4.1705503158		-1.0
	17770.00000000	3.18002		1.87418  0.2  0.2		4.1705503158		-1.0
	17800.00000000	2.70251		1.96058  0.2  0.2		4.1705503158		-1.0
	17830.00000000	2.66263		1.79269  0.2  0.2		4.1705503158		-1.0
	17860.00000000	2.71499		1.51928  0.2  0.2		4.1705503158		-1.0
	17890.00000000	2.6685		1.83399  0.2  0.2		4.1705503158		-1.0
	17920.00000000	2.62147		2.00152  0.2  0.2		4.1705503158		-1.0
	17950.00000000	2.57147		2.18775  0.2  0.2		4.1705503158		-1.0
	17980.00000000	3.0486		2.29734  0.2  0.2		4.1705503158		-1.0
	18010.00000000	3.00685		2.29126  0.2  0.2		4.1705503158		-1.0
	18040.00000000	2.55298		2.49952  0.2  0.2		4.1705503158		-1.0
	18070.00000000	2.58594		2.63587  0.2  0.2		4.1705503158		-1.0
	18100.00000000	3.06055		2.53942  0.2  0.2		4.1705503158		-1.0
	18130.00000000	3.70855		2.67979  0.2  0.2		4.1705503158		-1.0
	18160.00000000	3.00271		2.82973  0.2  0.2		4.1705503158		-1.0
	18190.00000000	2.84769		-3.13496  0.2  0.2		4.1705503158		-1.0
	18220.00000000	3.31553		3.10496  0.2  0.2		4.1705503158		-1.0
	18250.00000000	3.5796		3.07986  0.2  0.2		4.1705503158		-1.0
	18280.00000000	3.4669		2.92463  0.2  0.2		4.1705503158		-1.0
	18310.00000000	3.47498		3.05084  0.2  0.2		4.1705503158		-1.0
	18340.00000000	3.14064		-3.02999  0.2  0.2		4.1705503158		-1.0
	18370.00000000	3.7091		3.126  0.2  0.2		4.1705503158		-1.0
	18400.00000000	3.57368		3.06683  0.2  0.2		4.1705503158		-1.0
	18430.00000000	3.58294		3.03182  0.2  0.2		4.1705503158		-1.0
	18460.00000000	3.62932		-3.13243  0.2  0.2		4.1705503158		-1.0
	18490.00000000	3.58246		-3.04762  0.2  0.2		4.1705503158		-1.0
	18520.00000000	3.50901		-2.86181  0.2  0.2		4.1705503158		-1.0
	18550.00000000	3.41876		-2.88136  0.2  0.2		4.1705503158		-1.0
	18580.00000000	3.79004		-2.8703  0.2  0.2		4.1705503158		-1.0
	18610.00000000	4.08906		-2.94068  0.2  0.2		4.1705503158		-1.0
	18640.00000000	3.52243		-3.02886  0.2  0.2		4.1705503158		-1.0
	18670.00000000	2.92398		-2.93735  0.2  0.2		4.1705503158		-1.0
	18700.00000000	3.02145		-2.96036  0.2  0.2		4.1705503158		-1.0
	18730.00000000	2.69871		3.10008  0.2  0.2		4.1705503158		-1.0
	18760.00000000	2.61754		-2.98638  0.2  0.2		4.1705503158		-1.0
	18790.00000000	3.21985		-2.88932  0.2  0.2		4.1705503158		-1.0
	18820.00000000	3.02508		-2.98558  0.2  0.2		4.1705503158		-1.0
	18850.00000000	2.82315		-3.09118  0.2  0.2		4.1705503158		-1.0
	18880.00000000	2.70144		-2.95594  0.2  0.2		4.1705503158		-1.0
	18910.00000000	2.66137		-2.98056  0.2  0.2		4.1705503158		-1.0
	18940.00000000	2.72162		-2.72125  0.2  0.2		4.1705503158		-1.0
	18970.00000000	2.96403		-2.56257  0.2  0.2		4.1705503158		-1.0
	19000.00000000	3.33899		-2.68804  0.2  0.2		4.1705503158		-1.0
	19030.00000000	3.27475		-2.61111  0.2  0.2		4.1705503158		-1.0
	19060.00000000	3.2119		-2.56035  0.2  0.2		4.1705503158		-1.0
	19090.00000000	2.91582		-2.24636  0.2  0.2		4.1705503158		-1.0
	19120.00000000	2.84414		-2.12724  0.2  0.2		4.1705503158		-1.0
	19150.00000000	3.08059		-2.34125  0.2  0.2		4.1705503158		-1.0
	19180.00000000	3.30671		-2.41384  0.2  0.2		4.1705503158		-1.0
	19210.00000000	3.72686		-2.40084  0.2  0.2		4.1705503158		-1.0
	19240.00000000	3.44062		-2.28516  0.2  0.2		4.1705503158		-1.0
	19270.00000000	3.60384		-2.06504  0.2  0.2		4.1705503158		-1.0
	19300.00000000	3.54652		-2.04288  0.2  0.2		4.1705503158		-1.0
	19330.00000000	3.85902		-2.13384  0.2  0.2		4.1705503158		-1.0
	19360.00000000	3.43534		-2.15141  0.2  0.2		4.1705503158		-1.0
	19390.00000000	3.85803		-2.09215  0.2  0.2		4.1705503158		-1.0
	19420.00000000	3.93355		-2.00658  0.2  0.2		4.1705503158		-1.0
	19450.00000000	2.87134		-2.23957  0.2  0.2		4.1705503158		-1.0
	19480.00000000	3.01923		-2.34988  0.2  0.2		4.1705503158		-1.0
	19510.00000000	3.1132		-2.0948  0.2  0.2		4.1705503158		-1.0
	19540.00000000	2.6454		-2.07627  0.2  0.2		4.1705503158		-1.0
	19570.00000000	2.55735		-1.84286  0.2  0.2		4.1705503158		-1.0
	19600.00000000	2.707		-1.30747  0.2  0.2		4.1705503158		-1.0
	19630.00000000	3.15381		-1.48808  0.2  0.2		4.1705503158		-1.0
	19660.00000000	3.58507		-1.77899  0.2  0.2		4.1705503158		-1.0
	19690.00000000	3.38214		-1.69365  0.2  0.2		4.1705503158		-1.0
	19720.00000000	3.11826		-1.74944  0.2  0.2		4.1705503158		-1.0
	19750.00000000	2.58715		-1.80584  0.2  0.2		4.1705503158		-1.0
	19780.00000000	2.59586		-1.55896  0.2  0.2		4.1705503158		-1.0
	19810.00000000	2.67732		-1.49238  0.2  0.2		4.1705503158		-1.0
	19840.00000000	2.65415		-1.2677  0.2  0.2		4.1705503158		-1.0
	19870.00000000	2.53722		-0.92721  0.2  0.2		4.1705503158		-1.0
	19900.00000000	3.23445		-0.7621  0.2  0.2		4.1705503158		-1.0
	19930.00000000	3.11222		-0.93268  0.2  0.2		4.1705503158		-1.0
	19960.00000000	3.24002		-1.04207  0.2  0.2		4.1705503158		-1.0
	19990.00000000	3.38937		-1.06271  0.2  0.2		4.1705503158		-1.0
	20020.00000000	2.96234		-0.98037  0.2  0.2		4.1705503158		-1.0
	20050.00000000	2.61483		-0.76229  0.2  0.2		4.1705503158		-1.0
	20080.00000000	2.74016		-0.33894  0.2  0.2		4.1705503158		-1.0
	20110.00000000	2.6648		0.01647  0.2  0.2		4.1705503158		-1.0
	20140.00000000	2.97756		0.28675  0.2  0.2		4.1705503158		-1.0
	20170.00000000	2.6849		0.20964  0.2  0.2		4.1705503158		-1.0
	20200.00000000	2.70469		0.15217  0.2  0.2		4.1705503158		-1.0
	20230.00000000	2.65617		0.11825  0.2  0.2		4.1705503158		-1.0
	20260.00000000	2.73798		0.48696  0.2  0.2		4.1705503158		-1.0
	20290.00000000	3.00928		0.94247  0.2  0.2		4.1705503158		-1.0
	20320.00000000	2.9802		1.15669  0.2  0.2		4.1705503158		-1.0
	20350.00000000	2.67516		1.16093  0.2  0.2		4.1705503158		-1.0
	20380.00000000	2.82517		0.91382  0.2  0.2		4.1705503158		-1.0
	20410.00000000	2.65546		0.85241  0.2  0.2		4.1705503158		-1.0
	20440.00000000	2.56712		1.05073  0.2  0.2		4.1705503158		-1.0
	20470.00000000	2.7579		1.20605  0.2  0.2		4.1705503158		-1.0
	20500.00000000	2.64564		1.44165  0.2  0.2		4.1705503158		-1.0
	20530.00000000	2.60359		1.4678  0.2  0.2		4.1705503158		-1.0
	20560.00000000	2.69863		1.58091  0.2  0.2		4.1705503158		-1.0
	20590.00000000	2.73968		1.41952  0.2  0.2		4.1705503158		-1.0
	20620.00000000	2.63433		1.46178  0.2  0.2		4.1705503158		-1.0
	20650.00000000	2.5954		1.29156  0.2  0.2		4.1705503158		-1.0
	20680.00000000	3.5046		0.97252  0.2  0.2		4.1705503158		-1.0
	20710.00000000	3.47496		1.12505  0.2  0.2		4.1705503158		-1.0
	20739.99999999	3.47308		1.3413  0.2  0.2		4.1705503158		-1.0
	20769.99999999	3.01149		1.50676  0.2  0.2		4.1705503158		-1.0
	20799.99999999	3.19441		1.42509  0.2  0.2		4.1705503158		-1.0
	20829.99999999	3.35293		1.43972  0.2  0.2		4.1705503158		-1.0
	20859.99999999	3.22356		1.78464  0.2  0.2		4.1705503158		-1.0
	20889.99999999	3.73045		1.8214  0.2  0.2		4.1705503158		-1.0
	20919.99999999	3.74244		1.59456  0.2  0.2		4.1705503158		-1.0
	20949.99999999	3.80523		1.64848  0.2  0.2		4.1705503158		-1.0
	20979.99999999	3.72002		1.73144  0.2  0.2		4.1705503158		-1.0
	21009.99999999	3.88699		1.67025  0.2  0.2		4.1705503158		-1.0
	21039.99999999	4.03085		1.66027  0.2  0.2		4.1705503158		-1.0
	21069.99999999	3.9802		1.67103  0.2  0.2		4.1705503158		-1.0
	21099.99999999	3.82109		1.82958  0.2  0.2		4.1705503158		-1.0
	21129.99999999	3.83012		1.94875  0.2  0.2		4.1705503158		-1.0
	21159.99999999	4.03716		2.09389  0.2  0.2		4.1705503158		-1.0
	21189.99999999	3.88073		2.23394  0.2  0.2		4.1705503158		-1.0
	21219.99999999	3.81129		2.26316  0.2  0.2		4.1705503158		-1.0
	21249.99999999	3.89779		2.27433  0.2  0.2		4.1705503158		-1.0
	21279.99999999	4.16386		2.34263  0.2  0.2		4.1705503158		-1.0
	21309.99999999	4.13582		2.21592  0.2  0.2		4.1705503158		-1.0
	21339.99999999	4.33381		2.19616  0.2  0.2		4.1705503158		-1.0
	21369.99999999	4.73309		1.9508  0.2  0.2		4.1705503158		-1.0
	21399.99999999	5.33587		1.86209  0.2  0.2		4.1705503158		-1.0
	21429.99999999	6.09145		1.88632  0.2  0.2		4.1705503158		-1.0
	21459.99999999	6.56355		1.79229  0.2  0.2		4.1705503158		-1.0
	21489.99999999	7.05941		1.7588  0.2  0.2		4.1705503158		-1.0
	21519.99999999	7.52659		1.52614  0.2  0.2		4.1705503158		-1.0
	21549.99999999	8.34142		1.44412  0.2  0.2		4.1705503158		-1.0
	21579.99999999	8.97431		1.46226  0.2  0.2		4.1705503158		-1.0
	21609.99999999	9.7412		1.55748  0.2  0.2		4.1705503158		-1.0
	21639.99999999	10.0639		1.72011  0.2  0.2		4.1705503158		-1.0
	21669.99999999	9.98696		1.82554  0.2  0.2		4.1705503158		-1.0
	21699.99999999	9.43507		1.86259  0.2  0.2		4.1705503158		-1.0
	21729.99999999	8.67263		1.95545  0.2  0.2		4.1705503158		-1.0
	21759.99999999	8.16096		2.05271  0.2  0.2		4.1705503158		-1.0
	21789.99999999	7.58344		2.19638  0.2  0.2		4.1705503158		-1.0
	21819.99999999	7.14503		2.39225  0.2  0.2		4.1705503158		-1.0
	21849.99999999	7.28607		2.57037  0.2  0.2		4.1705503158		-1.0
	21879.99999999	7.70456		2.33564  0.2  0.2		4.1705503158		-1.0
	21909.99999999	7.94753		2.35984  0.2  0.2		4.1705503158		-1.0
	21939.99999999	8.1714		2.36948  0.2  0.2		4.1705503158		-1.0
	21969.99999999	8.91615		2.37214  0.2  0.2		4.1705503158		-1.0
	21999.99999999	9.6523		2.26003  0.2  0.2		4.1705503158		-1.0
	22029.99999999	9.98715		2.32619  0.2  0.2		4.1705503158		-1.0
	22059.99999999	10.53804		2.2749  0.2  0.2		4.1705503158		-1.0
	22089.99999999	10.78485		2.13186  0.2  0.2		4.1705503158		-1.0
	22119.99999999	11.12695		2.31599  0.2  0.2		4.1705503158		-1.0
	22149.99999999	11.16706		2.33039  0.2  0.2		4.1705503158		-1.0
	22179.99999999	11.43161		2.26631  0.2  0.2		4.1705503158		-1.0
	22209.99999999	12.02135		2.50585  0.2  0.2		4.1705503158		-1.0
	22239.99999999	12.40571		2.71916  0.2  0.2		4.1705503158		-1.0
	22269.99999999	12.6161		2.99651  0.2  0.2		4.1705503158		-1.0
	22299.99999999	12.77923		-2.96015  0.2  0.2		4.1705503158		-1.0
	22329.99999999	12.98644		3.00204  0.2  0.2		4.1705503158		-1.0
	22359.99999999	12.98008		2.57458  0.2  0.2		4.1705503158		-1.0
	22389.99999999	12.88304		2.68881  0.2  0.2		4.1705503158		-1.0
	22419.99999999	12.49818		2.49201  0.2  0.2		4.1705503158		-1.0
	22449.99999999	11.74786		2.22177  0.2  0.2		4.1705503158		-1.0
	22479.99999999	11.48447		2.22362  0.2  0.2		4.1705503158		-1.0
	22509.99999999	11.33673		1.82541  0.2  0.2		4.1705503158		-1.0
	22539.99999999	11.72768		2.02455  0.2  0.2		4.1705503158		-1.0
	22569.99999999	12.16347		2.26117  0.2  0.2		4.1705503158		-1.0
	22599.99999999	12.47239		2.19784  0.2  0.2		4.1705503158		-1.0
	22629.99999999	12.33638		2.00067  0.2  0.2		4.1705503158		-1.0
	22659.99999999	12.69116		1.96651  0.2  0.2		4.1705503158		-1.0
	22689.99999999	13.16688		2.16238  0.2  0.2		4.1705503158		-1.0
	22719.99999999	13.70931		1.94003  0.2  0.2		4.1705503158		-1.0
	22749.99999999	13.97762		1.90436  0.2  0.2		4.1705503158		-1.0
	22779.99999999	14.6946		1.76189  0.2  0.2		4.1705503158		-1.0
	22809.99999999	15.00554		1.91821  0.2  0.2		4.1705503158		-1.0
	22839.99999999	15.5919		1.97634  0.2  0.2		4.1705503158		-1.0
	22869.99999999	15.90103		1.90853  0.2  0.2		4.1705503158		-1.0
	22899.99999999	16.06058		1.75991  0.2  0.2		4.1705503158		-1.0
	22929.99999999	16.60785		1.87935  0.2  0.2		4.1705503158		-1.0
	22959.99999999	17.16568		1.81076  0.2  0.2		4.1705503158		-1.0
	22989.99999999	17.74654		2.06551  0.2  0.2		4.1705503158		-1.0
	23019.99999999	18.36235		2.20852  0.2  0.2		4.1705503158		-1.0
	23049.99999999	18.95986		2.01049  0.2  0.2		4.1705503158		-1.0
	23079.99999999	19.58701		2.44365  0.2  0.2		4.1705503158		-1.0
	23109.99999999	20.02287		2.51554  0.2  0.2		4.1705503158		-1.0
	23139.99999999	20.70608		2.5602  0.2  0.2		4.1705503158		-1.0
	23169.99999999	20.68349		2.54869  0.2  0.2		4.1705503158		-1.0
	23199.99999999	20.65419		2.52881  0.2  0.2		4.1705503158		-1.0
	23229.99999999	20.873		2.96006  0.2  0.2		4.1705503158		-1.0
	23259.99999999	21.12165		3.12139  0.2  0.2		4.1705503158		-1.0
	23289.99999999	21.47984		2.79612  0.2  0.2		4.1705503158		-1.0
	23319.99999999	21.72048		1.56696  0.2  0.2		4.1705503158		-1.0
	23349.99999999	22.01115		1.73711  0.2  0.2		4.1705503158		-1.0
	23379.99999999	22.01367		1.81455  0.2  0.2		4.1705503158		-1.0
	23409.99999999	22.3148		2.058  0.2  0.2		4.1705503158		-1.0
	23439.99999999	22.37964		2.39379  0.2  0.2		4.1705503158		-1.0
	23469.99999999	22.57156		2.63947  0.2  0.2		4.1705503158		-1.0
	23499.99999999	22.84729		2.43838  0.2  0.2		4.1705503158		-1.0
	23529.99999999	23.12202		2.31742  0.2  0.2		4.1705503158		-1.0
	23559.99999999	23.14514		2.04848  0.2  0.2		4.1705503158		-1.0
	23589.99999999	23.37834		2.09075  0.2  0.2		4.1705503158		-1.0
	23619.99999999	23.65536		-2.93511  0.2  0.2		4.1705503158		-1.0
	23649.99999999	23.34832		3.03466  0.2  0.2		4.1705503158		-1.0
	23679.99999999	23.02088		-3.06488  0.2  0.2		4.1705503158		-1.0
	23709.99999999	22.671		-2.81121  0.2  0.2		4.1705503158		-1.0
	23739.99999999	22.55751		-2.30808  0.2  0.2		4.1705503158		-1.0
	23769.99999999	22.57319		-2.2548  0.2  0.2		4.1705503158		-1.0
	23799.99999999	22.58343		-2.48782  0.2  0.2		4.1705503158		-1.0
	23829.99999999	23.13466		-3.13922  0.2  0.2		4.1705503158		-1.0
	23859.99999999	22.93195		3.06582  0.2  0.2		4.1705503158		-1.0
	23889.99999999	22.84911		3.13173  0.2  0.2		4.1705503158		-1.0
	23919.99999999	22.53733		2.93223  0.2  0.2		4.1705503158		-1.0
	23949.99999999	22.24072		-3.01883  0.2  0.2		4.1705503158		-1.0
	23979.99999999	22.21765		3.10174  0.2  0.2		4.1705503158		-1.0
	24009.99999999	21.90791		2.99416  0.2  0.2		4.1705503158		-1.0
	24039.99999999	22.16148		2.95227  0.2  0.2		4.1705503158		-1.0
	24069.99999999	22.27687		2.43702  0.2  0.2		4.1705503158		-1.0
	24099.99999999	22.26426		1.32484  0.2  0.2		4.1705503158		-1.0
	24129.99999999	22.06206		0.59085  0.2  0.2		4.1705503158		-1.0
	24159.99999999	21.89244		0.17378  0.2  0.2		4.1705503158		-1.0
	24189.99999999	22.24113		-0.16136  0.2  0.2		4.1705503158		-1.0
	24219.99999999	22.38845		-0.36224  0.2  0.2		4.1705503158		-1.0
	24249.99999999	22.58691		-0.20857  0.2  0.2		4.1705503158		-1.0
	24279.99999999	22.97994		0.13747  0.2  0.2		4.1705503158		-1.0
	24309.99999999	23.05694		1.01463  0.2  0.2		4.1705503158		-1.0
	24339.99999999	22.91632		1.99535  0.2  0.2		4.1705503158		-1.0
	24369.99999999	22.73726		2.55634  0.2  0.2		4.1705503158		-1.0
	24399.99999999	22.07304		-2.87392  0.2  0.2		4.1705503158		-1.0
	24429.99999999	21.72489		3.03026  0.2  0.2		4.1705503158		-1.0
	24459.99999999	21.58842		2.5773  0.2  0.2		4.1705503158		-1.0
	24489.99999999	21.48799		2.28873  0.2  0.2		4.1705503158		-1.0
	24519.99999999	21.29739		2.49968  0.2  0.2		4.1705503158		-1.0
	24549.99999999	21.06331		2.53513  0.2  0.2		4.1705503158		-1.0
	24579.99999999	20.76133		2.46288  0.2  0.2		4.1705503158		-1.0
	24609.99999999	20.25564		2.55049  0.2  0.2		4.1705503158		-1.0
	24639.99999999	19.65555		2.99437  0.2  0.2		4.1705503158		-1.0
	24669.99999999	19.34839		3.00769  0.2  0.2		4.1705503158		-1.0
	24699.99999999	18.85743		2.99771  0.2  0.2		4.1705503158		-1.0
	24729.99999999	18.43331		2.93039  0.2  0.2		4.1705503158		-1.0
	24759.99999999	18.16932		2.84921  0.2  0.2		4.1705503158		-1.0
	24789.99999999	17.7989		2.88708  0.2  0.2		4.1705503158		-1.0
	24819.99999999	17.3776		-2.89909  0.2  0.2		4.1705503158		-1.0
	24849.99999999	17.26028		-2.7484  0.2  0.2		4.1705503158		-1.0
	24879.99999999	16.79039		-2.88798  0.2  0.2		4.1705503158		-1.0
	24909.99999999	16.50696		2.99943  0.2  0.2		4.1705503158		-1.0
	24939.99999999	17.18756		2.75218  0.2  0.2		4.1705503158		-1.0
	24969.99999999	17.46715		2.68818  0.2  0.2		4.1705503158		-1.0
	24999.99999999	17.75126		2.52662  0.2  0.2		4.1705503158		-1.0
	25029.99999999	18.42335		2.5592  0.2  0.2		4.1705503158		-1.0
	25059.99999999	19.38427		2.54542  0.2  0.2		4.1705503158		-1.0
	25089.99999999	19.79827		2.38089  0.2  0.2		4.1705503158		-1.0
	25119.99999999	20.19303		2.40775  0.2  0.2		4.1705503158		-1.0
	25149.99999999	20.71311		2.30967  0.2  0.2		4.1705503158		-1.0
	25179.99999999	21.46655		2.44195  0.2  0.2		4.1705503158		-1.0
	25209.99999999	22.26872		2.55547  0.2  0.2		4.1705503158		-1.0
	25239.99999999	22.83693		2.37999  0.2  0.2		4.1705503158		-1.0
	25269.99999999	23.16187		2.36354  0.2  0.2		4.1705503158		-1.0
	25299.99999999	23.62943		-1.88641  0.2  0.2		4.1705503158		-1.0
	25329.99999999	23.1511		-1.97312  0.2  0.2		4.1705503158		-1.0
	25359.99999999	22.57954		-1.92776  0.2  0.2		4.1705503158		-1.0
	25389.99999999	22.15492		-1.98271  0.2  0.2		4.1705503158		-1.0
	25419.99999999	21.21224		-2.15398  0.2  0.2		4.1705503158		-1.0
	25449.99999999	20.71705		-2.30164  0.2  0.2		4.1705503158		-1.0
	25479.99999999	20.58692		-2.06184  0.2  0.2		4.1705503158		-1.0
	25509.99999999	20.40325		-1.97287  0.2  0.2		4.1705503158		-1.0
	25539.99999999	19.68701		-1.77162  0.2  0.2		4.1705503158		-1.0
	25569.99999999	18.96704		-1.73691  0.2  0.2		4.1705503158		-1.0
	25599.99999999	18.46953		-1.90849  0.2  0.2		4.1705503158		-1.0
	25629.99999999	18.30559		-2.32962  0.2  0.2		4.1705503158		-1.0
	25659.99999999	17.75604		-2.59059  0.2  0.2		4.1705503158		-1.0
	25689.99999999	17.14967		-2.71037  0.2  0.2		4.1705503158		-1.0
	25719.99999999	16.54799		-2.58414  0.2  0.2		4.1705503158		-1.0
	25749.99999999	15.7054		-2.46887  0.2  0.2		4.1705503158		-1.0
	25779.99999999	14.78504		-2.2831  0.2  0.2		4.1705503158		-1.0
	25809.99999999	14.44725		-2.28759  0.2  0.2		4.1705503158		-1.0
	25839.99999999	14.01405		-2.50207  0.2  0.2		4.1705503158		-1.0
	25869.99999999	13.61319		-2.47081  0.2  0.2		4.1705503158		-1.0
	25899.99999999	13.14243		-2.47426  0.2  0.2		4.1705503158		-1.0
	25929.99999999	12.85294		-2.19022  0.2  0.2		4.1705503158		-1.0
	25959.99999999	12.41015		-2.06285  0.2  0.2		4.1705503158		-1.0
	25989.99999999	11.44518		-2.1245  0.2  0.2		4.1705503158		-1.0
	26019.99999999	10.95215		-1.97026  0.2  0.2		4.1705503158		-1.0
	26049.99999999	10.34061		-2.26568  0.2  0.2		4.1705503158		-1.0
	26079.99999999	9.69775		-2.40801  0.2  0.2		4.1705503158		-1.0
	26109.99999999	8.8858		-2.82157  0.2  0.2		4.1705503158		-1.0
	26139.99999999	8.59466		-2.87198  0.2  0.2		4.1705503158		-1.0
	26169.99999999	8.21523		-2.70274  0.2  0.2		4.1705503158		-1.0
	26199.99999999	7.84403		-2.5383  0.2  0.2		4.1705503158		-1.0
	26229.99999999	7.86254		-2.58755  0.2  0.2		4.1705503158		-1.0
	26259.99999999	7.41221		-2.8093  0.2  0.2		4.1705503158		-1.0
	26289.99999999	6.73835		-2.6092  0.2  0.2		4.1705503158		-1.0
	26319.99999999	6.46298		-2.64841  0.2  0.2		4.1705503158		-1.0
	26349.99999999	6.79368		-2.8367  0.2  0.2		4.1705503158		-1.0
	26379.99999999	7.04898		-2.96313  0.2  0.2		4.1705503158		-1.0
	26409.99999999	7.40362		3.08899  0.2  0.2		4.1705503158		-1.0
	26439.99999999	7.88561		2.82849  0.2  0.2		4.1705503158		-1.0
	26469.99999999	8.40495		2.64569  0.2  0.2		4.1705503158		-1.0
	26499.99999999	9.15243		2.69183  0.2  0.2		4.1705503158		-1.0
	26529.99999999	9.71789		2.73357  0.2  0.2		4.1705503158		-1.0
	26559.99999999	10.01387		2.75905  0.2  0.2		4.1705503158		-1.0
	26589.99999999	10.32147		3.0024  0.2  0.2		4.1705503158		-1.0
	26619.99999999	11.04802		3.0223  0.2  0.2		4.1705503158		-1.0
	26649.99999999	11.49454		3.10221  0.2  0.2		4.1705503158		-1.0
	26679.99999999	11.76048		-3.13649  0.2  0.2		4.1705503158		-1.0
	26709.99999999	12.16291		-3.11611  0.2  0.2		4.1705503158		-1.0
	26739.99999999	12.55297		-3.06649  0.2  0.2		4.1705503158		-1.0
	26769.99999999	12.66218		-2.97813  0.2  0.2		4.1705503158		-1.0
	26799.99999999	13.0392		-3.04903  0.2  0.2		4.1705503158		-1.0
	26829.99999999	13.78929		-3.00712  0.2  0.2		4.1705503158		-1.0
	26859.99999999	14.42369		-3.13982  0.2  0.2		4.1705503158		-1.0
	26889.99999999	15.22502		2.96862  0.2  0.2		4.1705503158		-1.0
	26919.99999999	16.04746		2.95173  0.2  0.2		4.1705503158		-1.0
	26949.99999999	16.6252		2.85074  0.2  0.2		4.1705503158		-1.0
	26979.99999999	17.21425		2.94824  0.2  0.2		4.1705503158		-1.0
	27009.99999999	17.31319		2.97148  0.2  0.2		4.1705503158		-1.0
	27039.99999999	16.96954		2.76769  0.2  0.2		4.1705503158		-1.0
	27069.99999999	16.4271		2.8185  0.2  0.2		4.1705503158		-1.0
	27099.99999999	15.57733		2.73075  0.2  0.2		4.1705503158		-1.0
	27129.99999999	15.11403		2.66758  0.2  0.2		4.1705503158		-1.0
	27159.99999999	15.02085		2.4607  0.2  0.2		4.1705503158		-1.0
	27189.99999999	14.84236		2.36713  0.2  0.2		4.1705503158		-1.0
	27219.99999999	14.87428		2.23527  0.2  0.2		4.1705503158		-1.0
	27249.99999998	14.52149		2.21056  0.2  0.2		4.1705503158		-1.0
	27279.99999998	14.13167		2.15157  0.2  0.2		4.1705503158		-1.0
	27309.99999998	14.08938		2.25875  0.2  0.2		4.1705503158		-1.0
	27339.99999998	13.50744		2.44271  0.2  0.2		4.1705503158		-1.0
	27369.99999998	13.21766		2.62599  0.2  0.2		4.1705503158		-1.0
	27399.99999998	13.89994		2.74142  0.2  0.2		4.1705503158		-1.0
	27429.99999998	14.58864		2.73468  0.2  0.2		4.1705503158		-1.0
	27459.99999998	14.86361		2.94312  0.2  0.2		4.1705503158		-1.0
	27489.99999998	15.79613		2.86008  0.2  0.2		4.1705503158		-1.0
	27519.99999998	16.74614		2.80623  0.2  0.2		4.1705503158		-1.0
	27549.99999998	17.36708		2.89502  0.2  0.2		4.1705503158		-1.0
	27579.99999998	18.05619		3.04725  0.2  0.2		4.1705503158		-1.0
	27609.99999998	18.89017		3.12039  0.2  0.2		4.1705503158		-1.0
	27639.99999998	19.68807		-2.98995  0.2  0.2		4.1705503158		-1.0
	27669.99999998	20.48049		-3.02801  0.2  0.2		4.1705503158		-1.0
	27699.99999998	20.77285		3.09937  0.2  0.2		4.1705503158		-1.0
	27729.99999998	20.46864		3.12871  0.2  0.2		4.1705503158		-1.0
	27759.99999998	19.87085		2.88196  0.2  0.2		4.1705503158		-1.0
	27789.99999998	19.62759		2.61109  0.2  0.2		4.1705503158		-1.0
	27819.99999998	18.84187		2.47848  0.2  0.2		4.1705503158		-1.0
	27849.99999998	18.46054		2.33498  0.2  0.2		4.1705503158		-1.0
	27879.99999998	17.41311		2.38321  0.2  0.2		4.1705503158		-1.0
	27909.99999998	17.02794		2.55581  0.2  0.2		4.1705503158		-1.0
	27939.99999998	16.97829		2.35193  0.2  0.2		4.1705503158		-1.0
	27969.99999998	16.8498		2.24335  0.2  0.2		4.1705503158		-1.0
	27999.99999998	16.43689		2.04265  0.2  0.2		4.1705503158		-1.0
	28029.99999998	15.833		1.76225  0.2  0.2		4.1705503158		-1.0
	28059.99999998	15.26094		1.72236  0.2  0.2		4.1705503158		-1.0
	28089.99999998	14.95643		1.78382  0.2  0.2		4.1705503158		-1.0
	28119.99999998	15.08184		1.59949  0.2  0.2		4.1705503158		-1.0
	28149.99999998	14.74272		1.45195  0.2  0.2		4.1705503158		-1.0
	28179.99999998	14.22296		1.37793  0.2  0.2		4.1705503158		-1.0
	28209.99999998	14.11051		1.56032  0.2  0.2		4.1705503158		-1.0
	28239.99999998	13.6812		1.34605  0.2  0.2		4.1705503158		-1.0
	28269.99999998	13.32404		1.33453  0.2  0.2		4.1705503158		-1.0
	28299.99999998	12.96592		1.3849  0.2  0.2		4.1705503158		-1.0
	28329.99999998	12.66707		1.07019  0.2  0.2		4.1705503158		-1.0
	28359.99999998	12.11672		1.07618  0.2  0.2		4.1705503158		-1.0
	28389.99999998	12.151		1.39347  0.2  0.2		4.1705503158		-1.0
	28419.99999998	11.8511		1.64522  0.2  0.2		4.1705503158		-1.0
	28449.99999998	11.67979		1.90496  0.2  0.2		4.1705503158		-1.0
	28479.99999998	11.13168		1.53397  0.2  0.2		4.1705503158		-1.0
	28509.99999998	10.57303		1.35675  0.2  0.2		4.1705503158		-1.0
	28539.99999998	10.39932		1.38977  0.2  0.2		4.1705503158		-1.0
	28569.99999998	10.54812		1.35394  0.2  0.2		4.1705503158		-1.0
	28599.99999998	10.17279		1.46235  0.2  0.2		4.1705503158		-1.0
	28629.99999998	9.81437		1.63918  0.2  0.2		4.1705503158		-1.0
	28659.99999998	9.14014		1.26973  0.2  0.2		4.1705503158		-1.0
	28689.99999998	8.50648		1.44293  0.2  0.2		4.1705503158		-1.0
	28719.99999998	7.89057		1.42479  0.2  0.2		4.1705503158		-1.0
	28749.99999998	7.58693		1.6192  0.2  0.2		4.1705503158		-1.0
	28779.99999998	7.38276		1.56121  0.2  0.2		4.1705503158		-1.0
	28809.99999998	7.24077		1.17039  0.2  0.2		4.1705503158		-1.0
	28839.99999998	7.01288		1.37805  0.2  0.2		4.1705503158		-1.0
	28869.99999998	6.87317		1.71995  0.2  0.2		4.1705503158		-1.0
	28899.99999998	6.43923		1.65514  0.2  0.2		4.1705503158		-1.0
	28929.99999998	6.07151		1.37663  0.2  0.2		4.1705503158		-1.0
	28959.99999998	5.58756		1.68662  0.2  0.2		4.1705503158		-1.0
	28989.99999998	6.07864		1.79832  0.2  0.2		4.1705503158		-1.0
	29019.99999998	6.73809		1.97108  0.2  0.2		4.1705503158		-1.0
	29049.99999998	7.42882		1.96425  0.2  0.2		4.1705503158		-1.0
	29079.99999998	7.4324		2.13257  0.2  0.2		4.1705503158		-1.0
	29109.99999998	7.78748		2.49794  0.2  0.2		4.1705503158		-1.0
	29139.99999998	7.74243		2.43558  0.2  0.2		4.1705503158		-1.0
	29169.99999998	7.39738		2.30426  0.2  0.2		4.1705503158		-1.0
	29199.99999998	6.77542		2.38434  0.2  0.2		4.1705503158		-1.0
	29229.99999998	5.95089		2.18621  0.2  0.2		4.1705503158		-1.0
	29259.99999998	5.4146		2.14834  0.2  0.2		4.1705503158		-1.0
	29289.99999998	5.42978		2.26401  0.2  0.2		4.1705503158		-1.0
	29319.99999998	5.76826		2.26121  0.2  0.2		4.1705503158		-1.0
	29349.99999998	5.92924		2.27706  0.2  0.2		4.1705503158		-1.0
	29379.99999998	6.62342		2.36852  0.2  0.2		4.1705503158		-1.0
	29409.99999998	6.76617		2.59036  0.2  0.2		4.1705503158		-1.0
	29439.99999998	6.51826		2.78236  0.2  0.2		4.1705503158		-1.0
