	30.00000000	2.84239		1.07606  0.2  0.2		4.1705503158		-1.0
	60.00000000	2.97968		1.09223  0.2  0.2		4.1705503158		-1.0
	90.00000000	2.9903		1.30178  0.2  0.2		4.1705503158		-1.0
	120.00000000	3.04602		1.68157  0.2  0.2		4.1705503158		-1.0
	150.00000000	2.99948		1.54312  0.2  0.2		4.1705503158		-1.0
	180.00000000	2.75765		1.27631  0.2  0.2		4.1705503158		-1.0
	210.00000000	2.94013		1.37356  0.2  0.2		4.1705503158		-1.0
	240.00000000	3.14199		1.33261  0.2  0.2		4.1705503158		-1.0
	270.00000000	2.84977		1.27339  0.2  0.2		4.1705503158		-1.0
	300.00000000	2.82286		1.24505  0.2  0.2		4.1705503158		-1.0
	330.00000000	3.02707		0.82871  0.2  0.2		4.1705503158		-1.0
	360.00000000	2.96605		0.81453  0.2  0.2		4.1705503158		-1.0
	390.00000000	2.82489		1.04031  0.2  0.2		4.1705503158		-1.0
	420.00000000	2.97682		0.92984  0.2  0.2		4.1705503158		-1.0
	450.00000000	2.89515		0.6039  0.2  0.2		4.1705503158		-1.0
	480.00000000	2.90409		0.13571  0.2  0.2		4.1705503158		-1.0
	510.00000000	3.01449		-0.05047  0.2  0.2		4.1705503158		-1.0
	540.00000000	2.88857		-0.24572  0.2  0.2		4.1705503158		-1.0
	570.00000000	2.96497		-0.70427  0.2  0.2		4.1705503158		-1.0
	600.00000000	2.96017		-1.2119  0.2  0.2		4.1705503158		-1.0
	630.00000000	2.92936		-1.01571  0.2  0.2		4.1705503158		-1.0
	660.00000000	2.92283		-0.95746  0.2  0.2		4.1705503158		-1.0
	690.00000000	2.99463		-0.92293  0.2  0.2		4.1705503158		-1.0
	720.00000000	2.87721		-1.04089  0.2  0.2		4.1705503158		-1.0
	750.00000000	2.7827		-1.21376  0.2  0.2		4.1705503158		-1.0
	780.00000000	2.91911		-1.27567  0.2  0.2		4.1705503158		-1.0
	810.00000000	2.87133		-1.56121  0.2  0.2		4.1705503158		-1.0
	840.00000000	2.87548		-1.62583  0.2  0.2		4.1705503158		-1.0
	870.00000000	3.13089		-1.49363  0.2  0.2		4.1705503158		-1.0
	900.00000000	2.9742		-1.35337  0.2  0.2		4.1705503158		-1.0
	930.00000000	2.84712		-1.16932  0.2  0.2		4.1705503158		-1.0
	960.00000000	3.09545		-0.75648  0.2  0.2		4.1705503158		-1.0
	990.00000000	2.93523		-0.40816  0.2  0.2		4.1705503158		-1.0
	1020.00000000	2.77459		-0.50024  0.2  0.2		4.1705503158		-1.0
	1050.00000000	2.84697		-0.82188  0.2  0.2		4.1705503158		-1.0
	1080.00000000	2.92402		-1.00211  0.2  0.2		4.1705503158		-1.0
	1110.00000000	2.76787		-1.15866  0.2  0.2		4.1705503158		-1.0
	1140.00000000	2.9277		-1.45931  0.2  0.2		4.1705503158		-1.0
	1170.00000000	2.84468		-1.476  0.2  0.2		4.1705503158		-1.0
	1200.00000000	2.88425		-1.63207  0.2  0.2		4.1705503158		-1.0
	1230.00000000	2.95299		-1.75444  0.2  0.2		4.1705503158		-1.0
	1260.00000000	2.97161		-2.06652  0.2  0.2		4.1705503158		-1.0
	1290.00000000	3.0492		-2.16163  0.2  0.2		4.1705503158		-1.0
	1320.00000000	2.94084		-2.24476  0.2  0.2		4.1705503158		-1.0
	1350.00000000	2.82165		-2.17491  0.2  0.2		4.1705503158		-1.0
	1380.00000000	2.86261		-2.00777  0.2  0.2		4.1705503158		-1.0
	1410.00000000	2.98332		-1.89824  0.2  0.2		4.1705503158		-1.0
	1440.00000000	2.86598		-1.97891  0.2  0.2		4.1705503158		-1.0
	1470.00000000	3.00754		-2.02055  0.2  0.2		4.1705503158		-1.0
	1500.00000000	2.83173		-2.30374  0.2  0.2		4.1705503158		-1.0
	1530.00000000	2.84342		-2.62241  0.2  0.2		4.1705503158		-1.0
	1560.00000000	2.86061		-2.86784  0.2  0.2		4.1705503158		-1.0
	1590.00000000	2.87667		-2.87031  0.2  0.2		4.1705503158		-1.0
	1620.00000000	3.02423		-2.86632  0.2  0.2		4.1705503158		-1.0
	1650.00000000	3.10484		-2.81116  0.2  0.2		4.1705503158		-1.0
	1680.00000000	2.84977		-2.95368  0.2  0.2		4.1705503158		-1.0
	1710.00000000	2.8862		-3.08075  0.2  0.2		4.1705503158		-1.0
	1740.00000000	3.03046		3.06675  0.2  0.2		4.1705503158		-1.0
	1770.00000000	3.16076		3.02292  0.2  0.2		4.1705503158		-1.0
	1800.00000000	2.89857		2.9846  0.2  0.2		4.1705503158		-1.0
	1830.00000000	2.82024		2.72664  0.2  0.2		4.1705503158		-1.0
	1860.00000000	3.06195		2.66547  0.2  0.2		4.1705503158		-1.0
	1890.00000000	3.08739		2.63506  0.2  0.2		4.1705503158		-1.0
	1920.00000000	2.84064		2.40147  0.2  0.2		4.1705503158		-1.0
	1950.00000000	2.87137		2.2072  0.2  0.2		4.1705503158		-1.0
	1980.00000000	3.00476		2.15226  0.2  0.2		4.1705503158		-1.0
	2010.00000000	2.85166		1.93096  0.2  0.2		4.1705503158		-1.0
	2040.00000000	2.8713		2.17774  0.2  0.2		4.1705503158		-1.0
	2070.00000000	3.02471		2.06551  0.2  0.2		4.1705503158		-1.0
	2100.00000000	3.03604		1.9046  0.2  0.2		4.1705503158		-1.0
	2130.00000000	2.84826		1.72175  0.2  0.2		4.1705503158		-1.0
	2160.00000000	3.01766		1.71377  0.2  0.2		4.1705503158		-1.0
	2190.00000000	3.07539		1.82724  0.2  0.2		4.1705503158		-1.0
	2220.00000000	2.85215		1.84918  0.2  0.2		4.1705503158		-1.0
	2250.00000000	2.98964		1.5769  0.2  0.2		4.1705503158		-1.0
	2280.00000000	2.79376		1.34993  0.2  0.2		4.1705503158		-1.0
	2310.00000000	2.8873		1.33177  0.2  0.2		4.1705503158		-1.0
	2340.00000000	2.935		1.34004  0.2  0.2		4.1705503158		-1.0
	2370.00000000	2.90171		1.04798  0.2  0.2		4.1705503158		-1.0
	2400.00000000	2.9491		0.90863  0.2  0.2		4.1705503158		-1.0
	2430.00000000	3.08726		0.58368  0.2  0.2		4.1705503158		-1.0
	2460.00000000	2.94041		0.58262  0.2  0.2		4.1705503158		-1.0
	2490.00000000	2.78847		0.79323  0.2  0.2		4.1705503158		-1.0
	2520.00000000	3.26973		0.82237  0.2  0.2		4.1705503158		-1.0
	2550.00000000	3.14474		0.85498  0.2  0.2		4.1705503158		-1.0
	2580.00000000	2.98757		1.14285  0.2  0.2		4.1705503158		-1.0
	2610.00000000	3.20121		1.11629  0.2  0.2		4.1705503158		-1.0
	2640.00000000	3.3281		0.83403  0.2  0.2		4.1705503158		-1.0
	2670.00000000	2.84408		0.883  0.2  0.2		4.1705503158		-1.0
	2700.00000000	3.20661		0.81923  0.2  0.2		4.1705503158		-1.0
	2730.00000000	2.88654		0.56716  0.2  0.2		4.1705503158		-1.0
	2760.00000000	2.81396		0.25429  0.2  0.2		4.1705503158		-1.0
	2790.00000000	3.02904		0.15991  0.2  0.2		4.1705503158		-1.0
	2820.00000000	3.00567		0.17405  0.2  0.2		4.1705503158		-1.0
	2850.00000000	2.80884		-0.05581  0.2  0.2		4.1705503158		-1.0
	2880.00000000	2.99606		-0.5125  0.2  0.2		4.1705503158		-1.0
	2910.00000000	2.94596		-0.77974  0.2  0.2		4.1705503158		-1.0
	2940.00000000	2.78489		-0.76832  0.2  0.2		4.1705503158		-1.0
	2970.00000000	2.83454		-0.91155  0.2  0.2		4.1705503158		-1.0
	3000.00000000	2.98914		-0.6004  0.2  0.2		4.1705503158		-1.0
	3030.00000000	3.00639		-0.20105  0.2  0.2		4.1705503158		-1.0
	3060.00000000	3.1329		-0.11055  0.2  0.2		4.1705503158		-1.0
	3090.00000000	2.78099		-0.0865  0.2  0.2		4.1705503158		-1.0
	3120.00000000	3.09929		-0.3442  0.2  0.2		4.1705503158		-1.0
	3150.00000000	2.69259		-0.60783  0.2  0.2		4.1705503158		-1.0
	3180.00000000	3.0891		-0.68501  0.2  0.2		4.1705503158		-1.0
	3210.00000000	3.17151		-0.9427  0.2  0.2		4.1705503158		-1.0
	3240.00000000	3.00815		-0.87001  0.2  0.2		4.1705503158		-1.0
	3270.00000000	2.89359		-0.5669  0.2  0.2		4.1705503158		-1.0
	3300.00000000	2.96963		-0.46385  0.2  0.2		4.1705503158		-1.0
	3330.00000000	2.82521		-0.10652  0.2  0.2		4.1705503158		-1.0
	3360.00000000	2.99824		0.02074  0.2  0.2		4.1705503158		-1.0
	3390.00000000	3.01136		0.23362  0.2  0.2		4.1705503158		-1.0
	3420.00000000	2.70268		0.53847  0.2  0.2		4.1705503158		-1.0
	3450.00000000	2.78767		0.56805  0.2  0.2		4.1705503158		-1.0
	3480.00000000	3.09048		0.4915  0.2  0.2		4.1705503158		-1.0
	3510.00000000	2.7797		0.20209  0.2  0.2		4.1705503158		-1.0
	3540.00000000	2.81527		-0.06873  0.2  0.2		4.1705503158		-1.0
	3570.00000000	2.9299		-0.18591  0.2  0.2		4.1705503158		-1.0
	3600.00000000	3.02713		-0.35758  0.2  0.2		4.1705503158		-1.0
	3630.00000000	2.7138		-0.47442  0.2  0.2		4.1705503158		-1.0
	3660.00000000	2.7064		-0.70492  0.2  0.2		4.1705503158		-1.0
	3690.00000000	2.79385		-1.06448  0.2  0.2		4.1705503158		-1.0
	3720.00000000	2.97549		-1.39538  0.2  0.2		4.1705503158		-1.0
	3750.00000000	3.08521		-1.2802  0.2  0.2		4.1705503158		-1.0
	3780.00000000	3.20296		-1.16902  0.2  0.2		4.1705503158		-1.0
	3810.00000000	3.14707		-1.15907  0.2  0.2		4.1705503158		-1.0
	3840.00000000	3.14207		-1.04159  0.2  0.2		4.1705503158		-1.0
	3870.00000000	3.27483		-1.0254  0.2  0.2		4.1705503158		-1.0
	3900.00000000	3.25795		-0.82871  0.2  0.2		4.1705503158		-1.0
	3930.00000000	3.18637		-0.50683  0.2  0.2		4.1705503158		-1.0
	3960.00000000	3.10201		-0.12407  0.2  0.2		4.1705503158		-1.0
	3990.00000000	3.17178		-0.0982  0.2  0.2		4.1705503158		-1.0
	4020.00000000	3.18451		-0.45474  0.2  0.2		4.1705503158		-1.0
	4050.00000000	3.31895		-0.85609  0.2  0.2		4.1705503158		-1.0
	4080.00000000	2.94151		-1.07746  0.2  0.2		4.1705503158		-1.0
	4110.00000000	2.81702		-1.27167  0.2  0.2		4.1705503158		-1.0
	4140.00000000	2.80588		-1.24151  0.2  0.2		4.1705503158		-1.0
	4170.00000000	2.77985		-1.20576  0.2  0.2		4.1705503158		-1.0
	4200.00000000	2.70626		-1.13023  0.2  0.2		4.1705503158		-1.0
	4230.00000000	2.70593		-1.27824  0.2  0.2		4.1705503158		-1.0
	4260.00000000	2.90378		-1.56535  0.2  0.2		4.1705503158		-1.0
	4290.00000000	2.95876		-1.74817  0.2  0.2		4.1705503158		-1.0
	4320.00000000	3.06437		-1.64502  0.2  0.2		4.1705503158		-1.0
	4350.00000000	3.0726		-1.76387  0.2  0.2		4.1705503158		-1.0
	4380.00000000	2.98477		-1.84631  0.2  0.2		4.1705503158		-1.0
	4410.00000000	3.25436		-1.75677  0.2  0.2		4.1705503158		-1.0
	4440.00000000	3.13041		-1.91659  0.2  0.2		4.1705503158		-1.0
	4470.00000000	2.96544		-2.41374  0.2  0.2		4.1705503158		-1.0
	4500.00000000	2.90538		-2.42348  0.2  0.2		4.1705503158		-1.0
	4530.00000000	2.87066		-2.57965  0.2  0.2		4.1705503158		-1.0
	4560.00000000	3.05754		-2.60716  0.2  0.2		4.1705503158		-1.0
	4590.00000000	2.78437		-2.48104  0.2  0.2		4.1705503158		-1.0
	4620.00000000	3.18053		-2.59419  0.2  0.2		4.1705503158		-1.0
	4650.00000000	2.7365		-2.33993  0.2  0.2		4.1705503158		-1.0
	4680.00000000	3.20733		-2.17212  0.2  0.2		4.1705503158		-1.0
	4710.00000000	2.76401		-2.0394  0.2  0.2		4.1705503158		-1.0
	4740.00000000	2.68892		-1.92673  0.2  0.2		4.1705503158		-1.0
	4770.00000000	2.75018		-1.7354  0.2  0.2		4.1705503158		-1.0
	4800.00000000	3.09918		-1.46021  0.2  0.2		4.1705503158		-1.0
	4830.00000000	3.25224		-1.47737  0.2  0.2		4.1705503158		-1.0
	4860.00000000	2.91274		-1.84206  0.2  0.2		4.1705503158		-1.0
	4890.00000000	2.90707		-2.27139  0.2  0.2		4.1705503158		-1.0
	4920.00000000	2.81315		-2.23769  0.2  0.2		4.1705503158		-1.0
	4950.00000000	3.03012		-2.2181  0.2  0.2		4.1705503158		-1.0
	4980.00000000	3.1619		-2.02488  0.2  0.2		4.1705503158		-1.0
	5010.00000000	3.21641		-2.01347  0.2  0.2		4.1705503158		-1.0
	5040.00000000	3.29771		-2.07268  0.2  0.2		4.1705503158		-1.0
	5070.00000000	3.28828		-2.08887  0.2  0.2		4.1705503158		-1.0
	5100.00000000	3.22665		-2.20324  0.2  0.2		4.1705503158		-1.0
	5130.00000000	3.24258		-2.40116  0.2  0.2		4.1705503158		-1.0
	5160.00000000	3.04483		-2.65754  0.2  0.2		4.1705503158		-1.0
	5190.00000000	2.97266		-2.83553  0.2  0.2		4.1705503158		-1.0
	5220.00000000	3.237		-2.71519  0.2  0.2		4.1705503158		-1.0
	5250.00000000	2.78137		-2.85866  0.2  0.2		4.1705503158		-1.0
	5280.00000000	2.95224		-3.13426  0.2  0.2		4.1705503158		-1.0
	5310.00000000	2.96002		-3.12509  0.2  0.2		4.1705503158		-1.0
	5340.00000000	2.83476		-3.12507  0.2  0.2		4.1705503158		-1.0
	5370.00000000	3.20323		-3.13911  0.2  0.2		4.1705503158		-1.0
	5400.00000000	3.13987		-3.03917  0.2  0.2		4.1705503158		-1.0
	5430.00000000	2.77778		-3.06231  0.2  0.2		4.1705503158		-1.0
	5460.00000000	2.93183		2.94439  0.2  0.2		4.1705503158		-1.0
	5490.00000000	2.91743		2.66602  0.2  0.2		4.1705503158		-1.0
	5520.00000000	2.98279		2.55134  0.2  0.2		4.1705503158		-1.0
	5550.00000000	2.80337		2.48286  0.2  0.2		4.1705503158		-1.0
	5580.00000000	2.87916		2.57117  0.2  0.2		4.1705503158		-1.0
	5610.00000000	3.02679		2.79164  0.2  0.2		4.1705503158		-1.0
	5640.00000000	2.7481		2.7267  0.2  0.2		4.1705503158		-1.0
	5670.00000000	2.83254		2.6623  0.2  0.2		4.1705503158		-1.0
	5700.00000000	2.85541		2.52847  0.2  0.2		4.1705503158		-1.0
	5730.00000000	3.15657		2.49279  0.2  0.2		4.1705503158		-1.0
	5760.00000000	3.14813		2.60184  0.2  0.2		4.1705503158		-1.0
	5790.00000000	3.1222		2.88681  0.2  0.2		4.1705503158		-1.0
	5820.00000000	2.75225		2.7361  0.2  0.2		4.1705503158		-1.0
	5850.00000000	3.21558		2.95507  0.2  0.2		4.1705503158		-1.0
	5880.00000000	3.08556		2.91916  0.2  0.2		4.1705503158		-1.0
	5910.00000000	2.99227		2.79447  0.2  0.2		4.1705503158		-1.0
	5940.00000000	3.45055		3.01258  0.2  0.2		4.1705503158		-1.0
	5970.00000000	2.79937		3.10424  0.2  0.2		4.1705503158		-1.0
	6000.00000000	2.87677		-3.0569  0.2  0.2		4.1705503158		-1.0
	6030.00000000	2.7621		-3.11065  0.2  0.2		4.1705503158		-1.0
	6060.00000000	2.81539		-3.00687  0.2  0.2		4.1705503158		-1.0
	6090.00000000	2.76521		-2.99512  0.2  0.2		4.1705503158		-1.0
	6120.00000000	3.43655		-2.81535  0.2  0.2		4.1705503158		-1.0
	6150.00000000	2.7564		-2.67615  0.2  0.2		4.1705503158		-1.0
	6180.00000000	3.30186		-2.81722  0.2  0.2		4.1705503158		-1.0
	6210.00000000	3.13112		-2.72074  0.2  0.2		4.1705503158		-1.0
	6240.00000000	2.71846		-2.70786  0.2  0.2		4.1705503158		-1.0
	6270.00000000	3.06463		-2.60161  0.2  0.2		4.1705503158		-1.0
	6300.00000000	3.09196		-2.42509  0.2  0.2		4.1705503158		-1.0
	6330.00000000	3.32183		-2.43048  0.2  0.2		4.1705503158		-1.0
	6360.00000000	3.27254		-2.73786  0.2  0.2		4.1705503158		-1.0
	6390.00000000	3.22399		-3.08528  0.2  0.2		4.1705503158		-1.0
	6420.00000000	3.11665		3.05657  0.2  0.2		4.1705503158		-1.0
	6450.00000000	3.22077		2.93164  0.2  0.2		4.1705503158		-1.0
	6480.00000000	3.20839		2.51231  0.2  0.2		4.1705503158		-1.0
	6510.00000000	2.87408		2.1624  0.2  0.2		4.1705503158		-1.0
	6540.00000000	3.19157		2.26834  0.2  0.2		4.1705503158		-1.0
	6570.00000000	2.84678		2.23351  0.2  0.2		4.1705503158		-1.0
	6600.00000000	3.23259		2.18316  0.2  0.2		4.1705503158		-1.0
	6630.00000000	2.93578		2.12502  0.2  0.2		4.1705503158		-1.0
	6660.00000000	2.84538		2.09871  0.2  0.2		4.1705503158		-1.0
	6690.00000000	3.41057		1.97809  0.2  0.2		4.1705503158		-1.0
	6720.00000000	2.71252		1.99465  0.2  0.2		4.1705503158		-1.0
	6750.00000000	3.21842		1.54271  0.2  0.2		4.1705503158		-1.0
	6780.00000000	3.10402		1.67948  0.2  0.2		4.1705503158		-1.0
	6810.00000000	3.15205		1.98505  0.2  0.2		4.1705503158		-1.0
	6840.00000000	3.02146		1.91714  0.2  0.2		4.1705503158		-1.0
	6870.00000000	2.95068		1.65153  0.2  0.2		4.1705503158		-1.0
	6900.00000000	2.75147		1.49947  0.2  0.2		4.1705503158		-1.0
	6930.00000000	2.78444		1.74056  0.2  0.2		4.1705503158		-1.0
	6960.00000000	2.78061		1.77263  0.2  0.2		4.1705503158		-1.0
	6990.00000000	2.7763		1.68875  0.2  0.2		4.1705503158		-1.0
	7020.00000000	2.73455		1.55729  0.2  0.2		4.1705503158		-1.0
	7050.00000000	2.82164		1.32057  0.2  0.2		4.1705503158		-1.0
	7080.00000000	2.76256		0.991  0.2  0.2		4.1705503158		-1.0
	7110.00000000	2.76407		0.80046  0.2  0.2		4.1705503158		-1.0
	7140.00000000	3.04711		0.60357  0.2  0.2		4.1705503158		-1.0
	7170.00000000	2.82039		0.21859  0.2  0.2		4.1705503158		-1.0
	7200.00000000	3.35912		0.45039  0.2  0.2		4.1705503158		-1.0
	7230.00000000	2.75391		0.56562  0.2  0.2		4.1705503158		-1.0
	7260.00000000	3.1726		0.50127  0.2  0.2		4.1705503158		-1.0
	7290.00000000	2.80339		0.31997  0.2  0.2		4.1705503158		-1.0
	7320.00000000	3.19802		0.56351  0.2  0.2		4.1705503158		-1.0
	7350.00000000	3.04963		0.53174  0.2  0.2		4.1705503158		-1.0
	7380.00000000	3.02263		0.42391  0.2  0.2		4.1705503158		-1.0
	7410.00000000	3.36924		0.28989  0.2  0.2		4.1705503158		-1.0
	7440.00000000	3.22452		0.34725  0.2  0.2		4.1705503158		-1.0
	7470.00000000	3.39048		0.4189  0.2  0.2		4.1705503158		-1.0
	7500.00000000	3.08714		0.2523  0.2  0.2		4.1705503158		-1.0
	7530.00000000	2.80711		0.39622  0.2  0.2		4.1705503158		-1.0
	7560.00000000	2.73952		0.38904  0.2  0.2		4.1705503158		-1.0
	7590.00000000	2.74826		0.67242  0.2  0.2		4.1705503158		-1.0
	7620.00000000	2.68368		0.6873  0.2  0.2		4.1705503158		-1.0
	7650.00000000	3.08487		0.36799  0.2  0.2		4.1705503158		-1.0
	7680.00000000	3.29115		0.22116  0.2  0.2		4.1705503158		-1.0
	7710.00000000	3.24759		-0.07794  0.2  0.2		4.1705503158		-1.0
	7740.00000000	3.10456		-0.22539  0.2  0.2		4.1705503158		-1.0
	7770.00000000	2.8979		-0.22438  0.2  0.2		4.1705503158		-1.0
	7800.00000000	3.3914		-0.28281  0.2  0.2		4.1705503158		-1.0
	7830.00000000	3.20934		-0.5003  0.2  0.2		4.1705503158		-1.0
	7860.00000000	3.36461		-0.58282  0.2  0.2		4.1705503158		-1.0
	7890.00000000	3.03179		-0.77833  0.2  0.2		4.1705503158		-1.0
	7920.00000000	2.88337		-0.82895  0.2  0.2		4.1705503158		-1.0
	7950.00000000	2.75189		-0.55602  0.2  0.2		4.1705503158		-1.0
	7980.00000000	2.61171		-0.26485  0.2  0.2		4.1705503158		-1.0
	8010.00000000	3.53585		-0.00094  0.2  0.2		4.1705503158		-1.0
	8040.00000000	3.06328		-0.01633  0.2  0.2		4.1705503158		-1.0
	8070.00000000	3.33862		0.03124  0.2  0.2		4.1705503158		-1.0
	8100.00000000	2.6561		0.07143  0.2  0.2		4.1705503158		-1.0
	8130.00000000	2.87966		0.37714  0.2  0.2		4.1705503158		-1.0
	8160.00000000	2.75662		0.60768  0.2  0.2		4.1705503158		-1.0
	8190.00000000	2.69694		1.11615  0.2  0.2		4.1705503158		-1.0
	8220.00000000	3.24903		1.25601  0.2  0.2		4.1705503158		-1.0
	8250.00000000	3.00346		0.91736  0.2  0.2		4.1705503158		-1.0
	8280.00000000	3.33962		0.7539  0.2  0.2		4.1705503158		-1.0
	8310.00000000	3.20114		0.96085  0.2  0.2		4.1705503158		-1.0
	8340.00000000	3.22212		1.31686  0.2  0.2		4.1705503158		-1.0
	8370.00000000	3.34161		1.37756  0.2  0.2		4.1705503158		-1.0
	8400.00000000	3.23557		1.24461  0.2  0.2		4.1705503158		-1.0
	8430.00000000	3.27548		1.08999  0.2  0.2		4.1705503158		-1.0
	8460.00000000	3.07438		1.08535  0.2  0.2		4.1705503158		-1.0
	8490.00000000	2.65842		1.16836  0.2  0.2		4.1705503158		-1.0
	8520.00000000	2.68573		0.72319  0.2  0.2		4.1705503158		-1.0
	8550.00000000	3.15882		0.60472  0.2  0.2		4.1705503158		-1.0
	8580.00000000	3.47925		0.8259  0.2  0.2		4.1705503158		-1.0
	8610.00000000	3.303		1.06156  0.2  0.2		4.1705503158		-1.0
	8640.00000000	3.39545		1.16295  0.2  0.2		4.1705503158		-1.0
	8670.00000000	2.57258		0.9112  0.2  0.2		4.1705503158		-1.0
	8700.00000000	3.03213		0.83252  0.2  0.2		4.1705503158		-1.0
	8730.00000000	2.77643		1.0049  0.2  0.2		4.1705503158		-1.0
	8760.00000000	2.72077		1.24708  0.2  0.2		4.1705503158		-1.0
	8790.00000000	2.78		1.41267  0.2  0.2		4.1705503158		-1.0
	8820.00000000	2.82549		1.62571  0.2  0.2		4.1705503158		-1.0
	8850.00000000	2.91817		1.5624  0.2  0.2		4.1705503158		-1.0
	8880.00000000	3.37204		1.69955  0.2  0.2		4.1705503158		-1.0
	8910.00000000	3.39535		1.62709  0.2  0.2		4.1705503158		-1.0
	8940.00000000	2.8264		1.46094  0.2  0.2		4.1705503158		-1.0
	8970.00000000	2.82451		1.68307  0.2  0.2		4.1705503158		-1.0
	9000.00000000	2.83379		2.03091  0.2  0.2		4.1705503158		-1.0
	9030.00000000	2.84013		2.05002  0.2  0.2		4.1705503158		-1.0
	9060.00000000	3.27038		2.13017  0.2  0.2		4.1705503158		-1.0
	9090.00000000	3.06053		2.2806  0.2  0.2		4.1705503158		-1.0
	9120.00000000	2.89225		2.69972  0.2  0.2		4.1705503158		-1.0
	9150.00000000	2.95659		2.96738  0.2  0.2		4.1705503158		-1.0
	9180.00000000	2.79497		3.00669  0.2  0.2		4.1705503158		-1.0
	9210.00000000	2.70223		2.91338  0.2  0.2		4.1705503158		-1.0
	9240.00000000	2.74555		2.7967  0.2  0.2		4.1705503158		-1.0
	9270.00000000	2.8484		2.64636  0.2  0.2		4.1705503158		-1.0
	9300.00000000	2.76661		2.85731  0.2  0.2		4.1705503158		-1.0
	9330.00000000	2.68608		-3.00975  0.2  0.2		4.1705503158		-1.0
	9360.00000000	2.67213		-2.90241  0.2  0.2		4.1705503158		-1.0
	9390.00000000	2.75331		-2.67808  0.2  0.2		4.1705503158		-1.0
	9420.00000000	2.71995		-2.77253  0.2  0.2		4.1705503158		-1.0
	9450.00000000	2.65913		-3.08378  0.2  0.2		4.1705503158		-1.0
	9480.00000000	2.57584		2.86646  0.2  0.2		4.1705503158		-1.0
	9510.00000000	2.74127		2.57892  0.2  0.2		4.1705503158		-1.0
	9540.00000000	2.91935		2.4891  0.2  0.2		4.1705503158		-1.0
	9570.00000000	3.2282		2.43346  0.2  0.2		4.1705503158		-1.0
	9600.00000000	3.31087		2.40941  0.2  0.2		4.1705503158		-1.0
	9630.00000000	3.11752		2.30085  0.2  0.2		4.1705503158		-1.0
	9660.00000000	3.33793		2.15989  0.2  0.2		4.1705503158		-1.0
	9690.00000000	3.4531		2.35425  0.2  0.2		4.1705503158		-1.0
	9720.00000000	3.42969		2.61151  0.2  0.2		4.1705503158		-1.0
	9750.00000000	3.29994		2.68846  0.2  0.2		4.1705503158		-1.0
	9780.00000000	3.37554		2.55214  0.2  0.2		4.1705503158		-1.0
	9810.00000000	3.29473		2.68347  0.2  0.2		4.1705503158		-1.0
	9840.00000000	3.43972		2.77952  0.2  0.2		4.1705503158		-1.0
	9870.00000000	3.48379		2.98814  0.2  0.2		4.1705503158		-1.0
	9900.00000000	3.23221		3.02837  0.2  0.2		4.1705503158		-1.0
	9930.00000000	3.46835		3.06945  0.2  0.2		4.1705503158		-1.0
	9960.00000000	3.28347		-2.95044  0.2  0.2		4.1705503158		-1.0
	9990.00000000	3.27348		-2.79529  0.2  0.2		4.1705503158		-1.0
	10020.00000000	2.80944		-2.69993  0.2  0.2		4.1705503158		-1.0
	10050.00000000	3.17776		-2.67139  0.2  0.2		4.1705503158		-1.0
	10080.00000000	3.38812		-2.45579  0.2  0.2		4.1705503158		-1.0
	10110.00000000	2.98203		-2.25328  0.2  0.2		4.1705503158		-1.0
	10140.00000000	2.7512		-2.20982  0.2  0.2		4.1705503158		-1.0
	10170.00000000	2.85819		-2.38971  0.2  0.2		4.1705503158		-1.0
	10200.00000000	2.86997		-2.55583  0.2  0.2		4.1705503158		-1.0
	10230.00000000	2.77408		-2.58329  0.2  0.2		4.1705503158		-1.0
	10260.00000000	3.02789		-2.48725  0.2  0.2		4.1705503158		-1.0
	10290.00000000	3.25738		-2.50598  0.2  0.2		4.1705503158		-1.0
	10320.00000000	3.34955		-2.57338  0.2  0.2		4.1705503158		-1.0
	10350.00000000	3.595		-2.64566  0.2  0.2		4.1705503158		-1.0
	10380.00000000	3.37678		-2.68778  0.2  0.2		4.1705503158		-1.0
	10410.00000000	3.3596		-2.87079  0.2  0.2		4.1705503158		-1.0
	10440.00000000	2.68112		-2.97959  0.2  0.2		4.1705503158		-1.0
	10470.00000000	2.78496		-3.04447  0.2  0.2		4.1705503158		-1.0
	10500.00000000	2.73363		-2.8288  0.2  0.2		4.1705503158		-1.0
	10530.00000000	2.7973		-2.51739  0.2  0.2		4.1705503158		-1.0
	10560.00000000	2.79054		-2.4068  0.2  0.2		4.1705503158		-1.0
	10590.00000000	2.66566		-2.32046  0.2  0.2		4.1705503158		-1.0
	10620.00000000	2.75998		-2.10803  0.2  0.2		4.1705503158		-1.0
	10650.00000000	2.70151		-1.63688  0.2  0.2		4.1705503158		-1.0
	10680.00000000	2.69833		-1.44659  0.2  0.2		4.1705503158		-1.0
	10710.00000000	2.73671		-1.65386  0.2  0.2		4.1705503158		-1.0
	10740.00000000	2.69171		-1.65473  0.2  0.2		4.1705503158		-1.0
	10770.00000000	2.67511		-1.74882  0.2  0.2		4.1705503158		-1.0
	10800.00000000	2.70803		-1.84255  0.2  0.2		4.1705503158		-1.0
	10830.00000001	2.69804		-1.81916  0.2  0.2		4.1705503158		-1.0
	10860.00000001	2.75778		-1.56129  0.2  0.2		4.1705503158		-1.0
	10890.00000001	2.85654		-1.27917  0.2  0.2		4.1705503158		-1.0
	10920.00000001	3.47952		-1.36439  0.2  0.2		4.1705503158		-1.0
	10950.00000001	2.97995		-1.51163  0.2  0.2		4.1705503158		-1.0
	10980.00000001	3.1504		-1.287  0.2  0.2		4.1705503158		-1.0
	11010.00000001	3.35121		-1.14402  0.2  0.2		4.1705503158		-1.0
	11040.00000001	3.3499		-1.35946  0.2  0.2		4.1705503158		-1.0
	11070.00000001	3.27937		-1.77286  0.2  0.2		4.1705503158		-1.0
	11100.00000001	3.22534		-1.87109  0.2  0.2		4.1705503158		-1.0
	11130.00000001	3.36555		-1.58783  0.2  0.2		4.1705503158		-1.0
	11160.00000001	3.32512		-1.58706  0.2  0.2		4.1705503158		-1.0
	11190.00000001	3.16783		-1.63864  0.2  0.2		4.1705503158		-1.0
	11220.00000001	3.30151		-1.61172  0.2  0.2		4.1705503158		-1.0
	11250.00000001	3.49715		-1.75385  0.2  0.2		4.1705503158		-1.0
	11280.00000001	3.18899		-2.16935  0.2  0.2		4.1705503158		-1.0
	11310.00000001	3.44586		-2.4116  0.2  0.2		4.1705503158		-1.0
	11340.00000001	3.07254		-2.21303  0.2  0.2		4.1705503158		-1.0
	11370.00000001	3.25834		-1.92991  0.2  0.2		4.1705503158		-1.0
	11400.00000001	3.48799		-1.85669  0.2  0.2		4.1705503158		-1.0
	11430.00000001	3.44895		-1.97961  0.2  0.2		4.1705503158		-1.0
	11460.00000001	3.44166		-1.97215  0.2  0.2		4.1705503158		-1.0
	11490.00000001	3.3477		-1.6195  0.2  0.2		4.1705503158		-1.0
	11520.00000001	3.35376		-1.65179  0.2  0.2		4.1705503158		-1.0
	11550.00000001	3.6115		-1.51548  0.2  0.2		4.1705503158		-1.0
	11580.00000001	3.00199		-1.31969  0.2  0.2		4.1705503158		-1.0
	11610.00000001	2.64598		-0.76121  0.2  0.2		4.1705503158		-1.0
	11640.00000001	2.73958		-0.6118  0.2  0.2		4.1705503158		-1.0
	11670.00000001	2.63865		-0.93139  0.2  0.2		4.1705503158		-1.0
	11700.00000001	2.64294		-1.38543  0.2  0.2		4.1705503158		-1.0
	11730.00000001	2.80933		-1.93114  0.2  0.2		4.1705503158		-1.0
	11760.00000001	2.82843		-2.04075  0.2  0.2		4.1705503158		-1.0
	11790.00000001	2.70618		-1.8704  0.2  0.2		4.1705503158		-1.0
	11820.00000001	2.72259		-1.74157  0.2  0.2		4.1705503158		-1.0
	11850.00000001	3.10458		-1.45224  0.2  0.2		4.1705503158		-1.0
	11880.00000001	3.33722		-1.07314  0.2  0.2		4.1705503158		-1.0
	11910.00000001	3.34112		-0.75782  0.2  0.2		4.1705503158		-1.0
	11940.00000001	3.32143		-0.59097  0.2  0.2		4.1705503158		-1.0
	11970.00000001	3.43196		-0.31861  0.2  0.2		4.1705503158		-1.0
	12000.00000001	3.24587		-0.047  0.2  0.2		4.1705503158		-1.0
	12030.00000001	3.3055		0.35757  0.2  0.2		4.1705503158		-1.0
	12060.00000001	3.27364		0.66563  0.2  0.2		4.1705503158		-1.0
	12090.00000001	3.19879		1.04063  0.2  0.2		4.1705503158		-1.0
	12120.00000001	2.6516		1.38851  0.2  0.2		4.1705503158		-1.0
	12150.00000001	3.50605		1.46548  0.2  0.2		4.1705503158		-1.0
	12180.00000001	3.15101		1.58512  0.2  0.2		4.1705503158		-1.0
	12210.00000001	3.29516		1.66392  0.2  0.2		4.1705503158		-1.0
	12240.00000001	3.3372		1.63827  0.2  0.2		4.1705503158		-1.0
	12270.00000001	3.34116		1.56144  0.2  0.2		4.1705503158		-1.0
	12300.00000001	3.4768		1.44853  0.2  0.2		4.1705503158		-1.0
	12330.00000001	3.57282		1.58386  0.2  0.2		4.1705503158		-1.0
	12360.00000001	2.93504		2.04057  0.2  0.2		4.1705503158		-1.0
	12390.00000001	2.9607		2.12525  0.2  0.2		4.1705503158		-1.0
	12420.00000001	3.56748		1.80602  0.2  0.2		4.1705503158		-1.0
	12450.00000001	3.25134		1.90094  0.2  0.2		4.1705503158		-1.0
	12480.00000001	3.33014		1.9826  0.2  0.2		4.1705503158		-1.0
	12510.00000001	3.59792		1.90874  0.2  0.2		4.1705503158		-1.0
	12540.00000001	3.10658		1.97119  0.2  0.2		4.1705503158		-1.0
	12570.00000001	2.81681		2.16547  0.2  0.2		4.1705503158		-1.0
	12600.00000001	2.75148		2.16562  0.2  0.2		4.1705503158		-1.0
	12630.00000001	2.77042		2.32912  0.2  0.2		4.1705503158		-1.0
	12660.00000001	2.71661		2.41695  0.2  0.2		4.1705503158		-1.0
	12690.00000001	2.71815		2.28114  0.2  0.2		4.1705503158		-1.0
	12720.00000001	2.76989		1.85884  0.2  0.2		4.1705503158		-1.0
	12750.00000001	2.67462		1.78311  0.2  0.2		4.1705503158		-1.0
	12780.00000001	2.6293		1.9144  0.2  0.2		4.1705503158		-1.0
	12810.00000001	2.72761		2.03446  0.2  0.2		4.1705503158		-1.0
	12840.00000001	2.65012		1.87355  0.2  0.2		4.1705503158		-1.0
	12870.00000001	2.71907		2.3425  0.2  0.2		4.1705503158		-1.0
	12900.00000001	2.84146		2.5729  0.2  0.2		4.1705503158		-1.0
	12930.00000001	2.68764		2.37311  0.2  0.2		4.1705503158		-1.0
	12960.00000001	3.15097		2.41713  0.2  0.2		4.1705503158		-1.0
	12990.00000001	3.32979		2.32516  0.2  0.2		4.1705503158		-1.0
	13005.00000001	3.36457		2.11911  0.2  0.2		4.1705503158		-1.0
	13035.00000001	3.46533		2.30926  0.2  0.2		4.1705503158		-1.0
	13065.00000001	3.34177		2.4147  0.2  0.2		4.1705503158		-1.0
	13095.00000001	3.19731		2.57307  0.2  0.2		4.1705503158		-1.0
	13125.00000001	3.28498		2.8367  0.2  0.2		4.1705503158		-1.0
	13155.00000001	3.56757		3.1124  0.2  0.2		4.1705503158		-1.0
	13185.00000001	3.11448		-3.06703  0.2  0.2		4.1705503158		-1.0
	13215.00000001	3.40694		-2.93805  0.2  0.2		4.1705503158		-1.0
	13245.00000001	3.58808		-2.86202  0.2  0.2		4.1705503158		-1.0
	13275.00000001	3.72071		-2.95254  0.2  0.2		4.1705503158		-1.0
	13305.00000001	3.43923		3.13702  0.2  0.2		4.1705503158		-1.0
	13335.00000001	3.02741		2.99201  0.2  0.2		4.1705503158		-1.0
	13365.00000001	2.8198		3.02694  0.2  0.2		4.1705503158		-1.0
	13395.00000001	2.63581		3.09068  0.2  0.2		4.1705503158		-1.0
	13425.00000001	2.67613		3.01587  0.2  0.2		4.1705503158		-1.0
	13455.00000001	2.69547		2.9795  0.2  0.2		4.1705503158		-1.0
	13485.00000001	2.79519		2.65239  0.2  0.2		4.1705503158		-1.0
	13515.00000001	2.71925		2.52813  0.2  0.2		4.1705503158		-1.0
	13545.00000001	2.67165		2.37336  0.2  0.2		4.1705503158		-1.0
	13575.00000001	2.69568		2.10604  0.2  0.2		4.1705503158		-1.0
	13605.00000001	2.75393		1.89991  0.2  0.2		4.1705503158		-1.0
	13635.00000001	2.87494		1.54472  0.2  0.2		4.1705503158		-1.0
	13665.00000001	2.70447		1.30511  0.2  0.2		4.1705503158		-1.0
	13695.00000001	2.74201		0.92883  0.2  0.2		4.1705503158		-1.0
	13725.00000001	2.66726		0.91211  0.2  0.2		4.1705503158		-1.0
	13755.00000001	2.71736		1.08984  0.2  0.2		4.1705503158		-1.0
	13785.00000001	3.08132		1.36057  0.2  0.2		4.1705503158		-1.0
	13815.00000001	3.11154		1.50181  0.2  0.2		4.1705503158		-1.0
	13845.00000001	3.48234		0.9589  0.2  0.2		4.1705503158		-1.0
	13875.00000001	3.38193		0.51538  0.2  0.2		4.1705503158		-1.0
	13905.00000001	3.14867		0.35739  0.2  0.2		4.1705503158		-1.0
	13935.00000001	2.71711		0.282  0.2  0.2		4.1705503158		-1.0
	13965.00000001	2.73118		0.24543  0.2  0.2		4.1705503158		-1.0
	13995.00000001	2.74581		0.20357  0.2  0.2		4.1705503158		-1.0
	14025.00000001	2.69648		-0.04001  0.2  0.2		4.1705503158		-1.0
	14055.00000001	2.82166		-0.44181  0.2  0.2		4.1705503158		-1.0
	14085.00000001	2.70048		-0.40601  0.2  0.2		4.1705503158		-1.0
	14115.00000001	2.73578		-0.21147  0.2  0.2		4.1705503158		-1.0
	14145.00000001	2.73549		-0.57153  0.2  0.2		4.1705503158		-1.0
	14175.00000001	2.60352		-0.96016  0.2  0.2		4.1705503158		-1.0
	14205.00000001	2.58338		-0.94591  0.2  0.2		4.1705503158		-1.0
	14235.00000000	2.8175		-0.64058  0.2  0.2		4.1705503158		-1.0
	14265.00000000	2.95873		-0.43606  0.2  0.2		4.1705503158		-1.0
	14295.00000000	3.0154		-0.28711  0.2  0.2		4.1705503158		-1.0
	14325.00000000	3.28993		-0.32997  0.2  0.2		4.1705503158		-1.0
	14355.00000000	3.22238		-0.41705  0.2  0.2		4.1705503158		-1.0
	14385.00000000	3.33445		-0.31167  0.2  0.2		4.1705503158		-1.0
	14415.00000000	3.18006		0.11934  0.2  0.2		4.1705503158		-1.0
	14445.00000000	3.30402		0.4301  0.2  0.2		4.1705503158		-1.0
	14475.00000000	3.60142		0.5641  0.2  0.2		4.1705503158		-1.0
	14505.00000000	3.10421		0.82207  0.2  0.2		4.1705503158		-1.0
	14535.00000000	2.56991		1.00488  0.2  0.2		4.1705503158		-1.0
	14565.00000000	2.90819		0.62302  0.2  0.2		4.1705503158		-1.0
	14595.00000000	2.66711		0.42687  0.2  0.2		4.1705503158		-1.0
	14625.00000000	2.67517		0.47219  0.2  0.2		4.1705503158		-1.0
	14655.00000000	2.73009		0.32376  0.2  0.2		4.1705503158		-1.0
	14685.00000000	2.81682		0.18366  0.2  0.2		4.1705503158		-1.0
	14715.00000000	2.68173		0.37251  0.2  0.2		4.1705503158		-1.0
	14745.00000000	2.68222		0.48432  0.2  0.2		4.1705503158		-1.0
	14775.00000000	2.66998		0.43076  0.2  0.2		4.1705503158		-1.0
	14805.00000000	2.97751		0.54503  0.2  0.2		4.1705503158		-1.0
	14835.00000000	3.49819		0.76342  0.2  0.2		4.1705503158		-1.0
	14865.00000000	3.44777		0.97094  0.2  0.2		4.1705503158		-1.0
	14895.00000000	3.56631		1.11744  0.2  0.2		4.1705503158		-1.0
	14925.00000000	3.27233		1.13084  0.2  0.2		4.1705503158		-1.0
	14955.00000000	2.93331		1.07945  0.2  0.2		4.1705503158		-1.0
	14985.00000000	3.09954		0.74613  0.2  0.2		4.1705503158		-1.0
	15015.00000000	3.52643		0.72322  0.2  0.2		4.1705503158		-1.0
	15045.00000000	3.57899		0.64851  0.2  0.2		4.1705503158		-1.0
	15075.00000000	3.15241		0.31283  0.2  0.2		4.1705503158		-1.0
	15105.00000000	3.39761		0.16761  0.2  0.2		4.1705503158		-1.0
	15135.00000000	3.41671		0.18212  0.2  0.2		4.1705503158		-1.0
	15165.00000000	3.079		0.22866  0.2  0.2		4.1705503158		-1.0
	15195.00000000	3.54134		0.15504  0.2  0.2		4.1705503158		-1.0
	15225.00000000	3.23369		-0.16822  0.2  0.2		4.1705503158		-1.0
	15255.00000000	3.55843		-0.38791  0.2  0.2		4.1705503158		-1.0
	15285.00000000	3.30104		-0.77046  0.2  0.2		4.1705503158		-1.0
	15315.00000000	3.17912		-1.09538  0.2  0.2		4.1705503158		-1.0
	15345.00000000	3.25497		-0.98399  0.2  0.2		4.1705503158		-1.0
	15375.00000000	2.54597		-0.67421  0.2  0.2		4.1705503158		-1.0
	15405.00000000	2.81219		-0.45607  0.2  0.2		4.1705503158		-1.0
	15435.00000000	2.61706		-0.46158  0.2  0.2		4.1705503158		-1.0
	15465.00000000	2.60761		-0.58049  0.2  0.2		4.1705503158		-1.0
	15495.00000000	2.63336		-0.55677  0.2  0.2		4.1705503158		-1.0
	15525.00000000	2.62153		-0.94719  0.2  0.2		4.1705503158		-1.0
	15555.00000000	2.64314		-1.18688  0.2  0.2		4.1705503158		-1.0
	15585.00000000	2.69403		-1.15562  0.2  0.2		4.1705503158		-1.0
	15615.00000000	2.64549		-0.89959  0.2  0.2		4.1705503158		-1.0
	15645.00000000	2.57748		-0.87059  0.2  0.2		4.1705503158		-1.0
	15675.00000000	2.65481		-1.09987  0.2  0.2		4.1705503158		-1.0
	15705.00000000	2.68951		-1.31511  0.2  0.2		4.1705503158		-1.0
	15735.00000000	2.84283		-1.23383  0.2  0.2		4.1705503158		-1.0
	15765.00000000	3.24193		-1.18273  0.2  0.2		4.1705503158		-1.0
	15795.00000000	3.36866		-1.07346  0.2  0.2		4.1705503158		-1.0
	15825.00000000	3.32687		-1.21492  0.2  0.2		4.1705503158		-1.0
	15855.00000000	2.91767		-1.37956  0.2  0.2		4.1705503158		-1.0
	15885.00000000	3.18977		-1.58239  0.2  0.2		4.1705503158		-1.0
	15915.00000000	2.56427		-1.65303  0.2  0.2		4.1705503158		-1.0
	15945.00000000	2.64078		-1.48654  0.2  0.2		4.1705503158		-1.0
	15975.00000000	2.81435		-1.54519  0.2  0.2		4.1705503158		-1.0
	16005.00000000	2.72807		-1.38045  0.2  0.2		4.1705503158		-1.0
	16035.00000000	2.68238		-1.06314  0.2  0.2		4.1705503158		-1.0
	16065.00000000	2.64783		-0.88283  0.2  0.2		4.1705503158		-1.0
	16095.00000000	2.70461		-0.4745  0.2  0.2		4.1705503158		-1.0
	16125.00000000	2.63367		-0.14512  0.2  0.2		4.1705503158		-1.0
	16155.00000000	2.71705		0.01465  0.2  0.2		4.1705503158		-1.0
	16185.00000000	2.79583		0.02213  0.2  0.2		4.1705503158		-1.0
	16215.00000000	2.86822		-0.42972  0.2  0.2		4.1705503158		-1.0
	16245.00000000	3.49289		-0.93058  0.2  0.2		4.1705503158		-1.0
	16275.00000000	3.35728		-1.24938  0.2  0.2		4.1705503158		-1.0
	16305.00000000	3.35851		-1.42665  0.2  0.2		4.1705503158		-1.0
	16335.00000000	3.1026		-1.50065  0.2  0.2		4.1705503158		-1.0
	16365.00000000	3.00612		-1.83753  0.2  0.2		4.1705503158		-1.0
	16395.00000000	3.47616		-2.15403  0.2  0.2		4.1705503158		-1.0
	16425.00000000	3.14103		-2.24771  0.2  0.2		4.1705503158		-1.0
	16455.00000000	3.57698		-2.23995  0.2  0.2		4.1705503158		-1.0
	16485.00000000	3.11868		-2.3823  0.2  0.2		4.1705503158		-1.0
	16515.00000000	2.62926		-2.49164  0.2  0.2		4.1705503158		-1.0
	16545.00000000	2.64709		-2.42365  0.2  0.2		4.1705503158		-1.0
	16575.00000000	2.67115		-2.37418  0.2  0.2		4.1705503158		-1.0
	16605.00000000	2.65296		-2.13823  0.2  0.2		4.1705503158		-1.0
	16635.00000000	2.67155		-2.00415  0.2  0.2		4.1705503158		-1.0
	16665.00000000	2.73652		-2.10994  0.2  0.2		4.1705503158		-1.0
	16695.00000000	2.7452		-2.20654  0.2  0.2		4.1705503158		-1.0
	16725.00000000	2.83018		-2.02149  0.2  0.2		4.1705503158		-1.0
	16755.00000000	3.22185		-1.94813  0.2  0.2		4.1705503158		-1.0
	16785.00000000	3.70619		-1.83233  0.2  0.2		4.1705503158		-1.0
	16815.00000000	3.50782		-1.42976  0.2  0.2		4.1705503158		-1.0
	16845.00000000	3.41488		-0.89409  0.2  0.2		4.1705503158		-1.0
	16875.00000000	3.35448		-0.80556  0.2  0.2		4.1705503158		-1.0
	16905.00000000	3.50273		-0.82166  0.2  0.2		4.1705503158		-1.0
	16935.00000000	3.47541		-0.60595  0.2  0.2		4.1705503158		-1.0
	16965.00000000	3.69875		-0.36547  0.2  0.2		4.1705503158		-1.0
	16995.00000000	3.54112		-0.05635  0.2  0.2		4.1705503158		-1.0
	17025.00000000	3.62342		0.0233  0.2  0.2		4.1705503158		-1.0
	17055.00000000	3.44992		0.0116  0.2  0.2		4.1705503158		-1.0
	17085.00000000	3.69547		0.2143  0.2  0.2		4.1705503158		-1.0
	17115.00000000	3.59824		0.11954  0.2  0.2		4.1705503158		-1.0
	17145.00000000	3.49107		0.1164  0.2  0.2		4.1705503158		-1.0
	17175.00000000	3.90155		0.22759  0.2  0.2		4.1705503158		-1.0
	17205.00000000	3.56931		0.41345  0.2  0.2		4.1705503158		-1.0
	17235.00000000	3.4523		0.43313  0.2  0.2		4.1705503158		-1.0
	17265.00000000	3.37484		0.17736  0.2  0.2		4.1705503158		-1.0
	17295.00000000	3.15536		0.23923  0.2  0.2		4.1705503158		-1.0
	17325.00000000	3.13045		0.57116  0.2  0.2		4.1705503158		-1.0
	17355.00000000	3.47599		0.87989  0.2  0.2		4.1705503158		-1.0
	17385.00000000	3.66941		0.93917  0.2  0.2		4.1705503158		-1.0
	17415.00000000	3.62499		0.7351  0.2  0.2		4.1705503158		-1.0
	17445.00000000	3.95136		0.79015  0.2  0.2		4.1705503158		-1.0
	17475.00000000	3.18321		0.88543  0.2  0.2		4.1705503158		-1.0
	17505.00000000	2.70795		1.11586  0.2  0.2		4.1705503158		-1.0
	17535.00000000	2.68785		0.92213  0.2  0.2		4.1705503158		-1.0
	17565.00000000	2.6808		0.64477  0.2  0.2		4.1705503158		-1.0
	17595.00000000	2.68087		0.56106  0.2  0.2		4.1705503158		-1.0
	17625.00000000	2.73532		0.71  0.2  0.2		4.1705503158		-1.0
	17655.00000000	2.7224		0.87755  0.2  0.2		4.1705503158		-1.0
	17685.00000000	2.59544		0.88492  0.2  0.2		4.1705503158		-1.0
	17715.00000000	2.88111		0.96422  0.2  0.2		4.1705503158		-1.0
	17745.00000000	3.40554		1.04137  0.2  0.2		4.1705503158		-1.0
	17775.00000000	3.51701		1.05139  0.2  0.2		4.1705503158		-1.0
	17805.00000000	3.02476		1.11205  0.2  0.2		4.1705503158		-1.0
	17835.00000000	3.22111		1.42566  0.2  0.2		4.1705503158		-1.0
	17865.00000000	3.14581		1.52333  0.2  0.2		4.1705503158		-1.0
	17895.00000000	3.13423		1.65692  0.2  0.2		4.1705503158		-1.0
	17925.00000000	3.23626		1.69326  0.2  0.2		4.1705503158		-1.0
	17955.00000000	3.12559		1.86294  0.2  0.2		4.1705503158		-1.0
	17985.00000000	3.43777		2.0124  0.2  0.2		4.1705503158		-1.0
	18015.00000000	3.61441		2.0097  0.2  0.2		4.1705503158		-1.0
	18045.00000000	3.26321		2.06369  0.2  0.2		4.1705503158		-1.0
	18075.00000000	3.07708		2.23621  0.2  0.2		4.1705503158		-1.0
	18105.00000000	3.07684		2.44679  0.2  0.2		4.1705503158		-1.0
	18135.00000000	3.18253		2.68748  0.2  0.2		4.1705503158		-1.0
	18165.00000000	3.5778		2.46546  0.2  0.2		4.1705503158		-1.0
	18195.00000000	3.01998		2.41456  0.2  0.2		4.1705503158		-1.0
	18225.00000000	3.56387		2.394  0.2  0.2		4.1705503158		-1.0
	18255.00000000	3.50995		2.48922  0.2  0.2		4.1705503158		-1.0
	18285.00000000	3.5554		2.64525  0.2  0.2		4.1705503158		-1.0
	18315.00000000	3.35667		2.84921  0.2  0.2		4.1705503158		-1.0
	18345.00000000	3.51255		2.82398  0.2  0.2		4.1705503158		-1.0
	18375.00000000	3.68937		2.90921  0.2  0.2		4.1705503158		-1.0
	18405.00000000	3.81135		2.96004  0.2  0.2		4.1705503158		-1.0
	18435.00000000	3.41174		3.06284  0.2  0.2		4.1705503158		-1.0
	18465.00000000	3.21735		-3.04562  0.2  0.2		4.1705503158		-1.0
	18495.00000000	2.96459		3.00567  0.2  0.2		4.1705503158		-1.0
	18525.00000000	3.10835		2.9947  0.2  0.2		4.1705503158		-1.0
	18555.00000000	3.15826		3.09016  0.2  0.2		4.1705503158		-1.0
	18585.00000000	3.04817		-3.0497  0.2  0.2		4.1705503158		-1.0
	18615.00000000	3.05641		-2.74409  0.2  0.2		4.1705503158		-1.0
	18645.00000000	2.9654		-2.71487  0.2  0.2		4.1705503158		-1.0
	18675.00000000	2.73124		-2.84715  0.2  0.2		4.1705503158		-1.0
	18705.00000000	3.14094		-2.87245  0.2  0.2		4.1705503158		-1.0
	18735.00000000	3.86747		-3.00741  0.2  0.2		4.1705503158		-1.0
	18765.00000000	3.63523		3.1241  0.2  0.2		4.1705503158		-1.0
	18795.00000000	3.77943		3.01081  0.2  0.2		4.1705503158		-1.0
	18825.00000000	3.92509		2.96398  0.2  0.2		4.1705503158		-1.0
	18855.00000000	3.68063		2.86042  0.2  0.2		4.1705503158		-1.0
	18885.00000000	3.22022		2.9244  0.2  0.2		4.1705503158		-1.0
	18915.00000000	2.65596		2.88761  0.2  0.2		4.1705503158		-1.0
	18945.00000000	2.72447		2.94559  0.2  0.2		4.1705503158		-1.0
	18975.00000000	2.65991		2.98213  0.2  0.2		4.1705503158		-1.0
	19005.00000000	2.61563		-3.0607  0.2  0.2		4.1705503158		-1.0
	19035.00000000	2.52945		-2.87573  0.2  0.2		4.1705503158		-1.0
	19065.00000000	2.70567		-2.72888  0.2  0.2		4.1705503158		-1.0
	19095.00000000	2.57983		-2.57382  0.2  0.2		4.1705503158		-1.0
	19125.00000000	2.6658		-2.4224  0.2  0.2		4.1705503158		-1.0
	19155.00000000	2.83191		-2.34069  0.2  0.2		4.1705503158		-1.0
	19185.00000000	3.68724		-2.38498  0.2  0.2		4.1705503158		-1.0
	19215.00000000	3.6057		-2.45312  0.2  0.2		4.1705503158		-1.0
	19245.00000000	3.39752		-2.5006  0.2  0.2		4.1705503158		-1.0
	19275.00000000	3.21657		-2.41547  0.2  0.2		4.1705503158		-1.0
	19305.00000000	3.66933		-2.29994  0.2  0.2		4.1705503158		-1.0
	19335.00000000	3.64435		-2.09923  0.2  0.2		4.1705503158		-1.0
	19365.00000000	3.54474		-2.12719  0.2  0.2		4.1705503158		-1.0
	19395.00000000	3.7535		-2.20851  0.2  0.2		4.1705503158		-1.0
	19425.00000000	3.58514		-2.13584  0.2  0.2		4.1705503158		-1.0
	19455.00000000	3.10683		-1.81549  0.2  0.2		4.1705503158		-1.0
	19485.00000000	2.60958		-1.7736  0.2  0.2		4.1705503158		-1.0
	19515.00000000	2.61849		-1.37138  0.2  0.2		4.1705503158		-1.0
	19545.00000000	3.11245		-1.23542  0.2  0.2		4.1705503158		-1.0
	19575.00000000	3.81493		-1.27352  0.2  0.2		4.1705503158		-1.0
	19605.00000000	3.57146		-1.43444  0.2  0.2		4.1705503158		-1.0
	19635.00000000	3.62405		-1.79901  0.2  0.2		4.1705503158		-1.0
	19665.00000000	3.65167		-1.92839  0.2  0.2		4.1705503158		-1.0
	19695.00000000	3.62692		-1.61212  0.2  0.2		4.1705503158		-1.0
	19725.00000000	2.97847		-1.5011  0.2  0.2		4.1705503158		-1.0
	19755.00000000	3.29892		-1.24347  0.2  0.2		4.1705503158		-1.0
	19785.00000000	3.46731		-1.23788  0.2  0.2		4.1705503158		-1.0
	19815.00000000	3.41794		-1.24681  0.2  0.2		4.1705503158		-1.0
	19845.00000000	2.9906		-1.32235  0.2  0.2		4.1705503158		-1.0
	19875.00000000	2.61244		-1.42492  0.2  0.2		4.1705503158		-1.0
	19905.00000000	2.65964		-1.62865  0.2  0.2		4.1705503158		-1.0
	19935.00000000	2.7357		-1.56797  0.2  0.2		4.1705503158		-1.0
	19965.00000000	3.36523		-1.2914  0.2  0.2		4.1705503158		-1.0
	19995.00000000	3.953		-1.56582  0.2  0.2		4.1705503158		-1.0
	20025.00000000	3.64679		-1.64197  0.2  0.2		4.1705503158		-1.0
	20055.00000000	3.55028		-1.42676  0.2  0.2		4.1705503158		-1.0
	20085.00000000	3.89394		-1.27282  0.2  0.2		4.1705503158		-1.0
	20115.00000000	3.5541		-1.39932  0.2  0.2		4.1705503158		-1.0
	20145.00000000	4.01905		-1.37245  0.2  0.2		4.1705503158		-1.0
	20175.00000000	3.96929		-1.3612  0.2  0.2		4.1705503158		-1.0
	20205.00000000	3.69015		-1.00451  0.2  0.2		4.1705503158		-1.0
	20235.00000000	3.59978		-1.01869  0.2  0.2		4.1705503158		-1.0
	20265.00000000	3.96815		-1.04875  0.2  0.2		4.1705503158		-1.0
	20295.00000000	3.38058		-0.86511  0.2  0.2		4.1705503158		-1.0
	20325.00000000	3.46364		-0.51126  0.2  0.2		4.1705503158		-1.0
	20355.00000000	3.49023		-0.70213  0.2  0.2		4.1705503158		-1.0
	20385.00000000	3.56687		-0.92458  0.2  0.2		4.1705503158		-1.0
	20415.00000000	3.14603		-0.76696  0.2  0.2		4.1705503158		-1.0
	20445.00000000	3.21604		-0.3864  0.2  0.2		4.1705503158		-1.0
	20475.00000000	3.12628		-0.72981  0.2  0.2		4.1705503158		-1.0
	20505.00000000	2.9554		-1.15559  0.2  0.2		4.1705503158		-1.0
	20535.00000000	3.26681		-1.2926  0.2  0.2		4.1705503158		-1.0
	20565.00000000	3.25901		-1.30026  0.2  0.2		4.1705503158		-1.0
	20595.00000000	3.1615		-1.43617  0.2  0.2		4.1705503158		-1.0
	20625.00000000	3.43079		-1.40552  0.2  0.2		4.1705503158		-1.0
	20655.00000000	4.28671		-1.56236  0.2  0.2		4.1705503158		-1.0
	20685.00000000	4.30624		-1.84774  0.2  0.2		4.1705503158		-1.0
	20715.00000000	3.58273		-2.10143  0.2  0.2		4.1705503158		-1.0
	20744.99999999	3.11465		-2.03891  0.2  0.2		4.1705503158		-1.0
	20774.99999999	3.24365		-2.07646  0.2  0.2		4.1705503158		-1.0
	20804.99999999	2.94886		-2.05082  0.2  0.2		4.1705503158		-1.0
	20834.99999999	2.64458		-2.21179  0.2  0.2		4.1705503158		-1.0
	20864.99999999	3.35752		-2.25118  0.2  0.2		4.1705503158		-1.0
	20894.99999999	4.23353		-2.30493  0.2  0.2		4.1705503158		-1.0
	20924.99999999	3.87873		-2.46808  0.2  0.2		4.1705503158		-1.0
	20954.99999999	3.4444		-2.65601  0.2  0.2		4.1705503158		-1.0
	20984.99999999	3.91505		-2.66402  0.2  0.2		4.1705503158		-1.0
	21014.99999999	3.39146		-2.45945  0.2  0.2		4.1705503158		-1.0
	21044.99999999	3.15406		-2.39366  0.2  0.2		4.1705503158		-1.0
	21074.99999999	4.04844		-2.55418  0.2  0.2		4.1705503158		-1.0
	21104.99999999	3.62693		-2.81164  0.2  0.2		4.1705503158		-1.0
	21134.99999999	3.80478		-2.87521  0.2  0.2		4.1705503158		-1.0
	21164.99999999	4.10662		-2.76919  0.2  0.2		4.1705503158		-1.0
	21194.99999999	3.58475		-2.94895  0.2  0.2		4.1705503158		-1.0
	21224.99999999	4.33818		-2.88079  0.2  0.2		4.1705503158		-1.0
	21254.99999999	4.81358		-3.07263  0.2  0.2		4.1705503158		-1.0
	21284.99999999	5.17974		3.14009  0.2  0.2		4.1705503158		-1.0
	21314.99999999	5.40743		3.13198  0.2  0.2		4.1705503158		-1.0
	21344.99999999	5.76837		3.12341  0.2  0.2		4.1705503158		-1.0
	21374.99999999	6.17296		2.90162  0.2  0.2		4.1705503158		-1.0
	21404.99999999	7.01301		2.79014  0.2  0.2		4.1705503158		-1.0
	21434.99999999	7.48456		2.70875  0.2  0.2		4.1705503158		-1.0
	21464.99999999	7.57382		2.44277  0.2  0.2		4.1705503158		-1.0
	21494.99999999	7.59359		2.30641  0.2  0.2		4.1705503158		-1.0
	21524.99999999	7.87776		1.78123  0.2  0.2		4.1705503158		-1.0
	21554.99999999	7.77771		1.30398  0.2  0.2		4.1705503158		-1.0
	21584.99999999	7.83513		0.96467  0.2  0.2		4.1705503158		-1.0
	21614.99999999	8.09821		0.56089  0.2  0.2		4.1705503158		-1.0
	21644.99999999	8.40494		0.45971  0.2  0.2		4.1705503158		-1.0
	21674.99999999	8.89176		0.55385  0.2  0.2		4.1705503158		-1.0
	21704.99999999	10.00089		0.47146  0.2  0.2		4.1705503158		-1.0
	21734.99999999	10.55243		0.56916  0.2  0.2		4.1705503158		-1.0
	21764.99999999	11.26617		0.49659  0.2  0.2		4.1705503158		-1.0
	21794.99999999	12.04408		0.49165  0.2  0.2		4.1705503158		-1.0
	21824.99999999	12.55817		0.48979  0.2  0.2		4.1705503158		-1.0
	21854.99999999	12.7386		0.51082  0.2  0.2		4.1705503158		-1.0
	21884.99999999	12.51996		0.46623  0.2  0.2		4.1705503158		-1.0
	21914.99999999	12.32428		0.63469  0.2  0.2		4.1705503158		-1.0
	21944.99999999	11.96393		0.48046  0.2  0.2		4.1705503158		-1.0
	21974.99999999	11.39971		0.29112  0.2  0.2		4.1705503158		-1.0
	22004.99999999	10.6919		0.36739  0.2  0.2		4.1705503158		-1.0
	22034.99999999	10.42604		0.52955  0.2  0.2		4.1705503158		-1.0
	22064.99999999	10.44713		0.74043  0.2  0.2		4.1705503158		-1.0
	22094.99999999	10.41058		1.03005  0.2  0.2		4.1705503158		-1.0
	22124.99999999	9.7697		1.17679  0.2  0.2		4.1705503158		-1.0
	22154.99999999	9.65563		1.19371  0.2  0.2		4.1705503158		-1.0
	22184.99999999	9.81735		1.2842  0.2  0.2		4.1705503158		-1.0
	22214.99999999	10.46254		1.0305  0.2  0.2		4.1705503158		-1.0
	22244.99999999	11.15236		1.10226  0.2  0.2		4.1705503158		-1.0
	22274.99999999	11.65408		1.21365  0.2  0.2		4.1705503158		-1.0
	22304.99999999	11.87143		1.19941  0.2  0.2		4.1705503158		-1.0
	22334.99999999	12.27362		1.05431  0.2  0.2		4.1705503158		-1.0
	22364.99999999	12.62646		0.94567  0.2  0.2		4.1705503158		-1.0
	22394.99999999	12.93806		0.90385  0.2  0.2		4.1705503158		-1.0
	22424.99999999	13.30919		0.96294  0.2  0.2		4.1705503158		-1.0
	22454.99999999	13.49122		1.06142  0.2  0.2		4.1705503158		-1.0
	22484.99999999	13.7508		1.38528  0.2  0.2		4.1705503158		-1.0
	22514.99999999	13.96798		1.71654  0.2  0.2		4.1705503158		-1.0
	22544.99999999	14.04456		1.52819  0.2  0.2		4.1705503158		-1.0
	22574.99999999	14.08171		1.40863  0.2  0.2		4.1705503158		-1.0
	22604.99999999	14.79384		1.45333  0.2  0.2		4.1705503158		-1.0
	22634.99999999	15.31843		1.59439  0.2  0.2		4.1705503158		-1.0
	22664.99999999	15.83237		1.75697  0.2  0.2		4.1705503158		-1.0
	22694.99999999	16.19049		1.7009  0.2  0.2		4.1705503158		-1.0
	22724.99999999	16.0534		1.49129  0.2  0.2		4.1705503158		-1.0
	22754.99999999	15.98937		1.38665  0.2  0.2		4.1705503158		-1.0
	22784.99999999	15.36277		1.35276  0.2  0.2		4.1705503158		-1.0
	22814.99999999	14.85681		1.16975  0.2  0.2		4.1705503158		-1.0
	22844.99999999	14.26248		1.08127  0.2  0.2		4.1705503158		-1.0
	22874.99999999	14.01798		1.04682  0.2  0.2		4.1705503158		-1.0
	22904.99999999	13.79875		1.31911  0.2  0.2		4.1705503158		-1.0
	22934.99999999	13.42629		1.33847  0.2  0.2		4.1705503158		-1.0
	22964.99999999	12.94242		1.4242  0.2  0.2		4.1705503158		-1.0
	22994.99999999	12.10724		1.62824  0.2  0.2		4.1705503158		-1.0
	23024.99999999	11.4044		1.47922  0.2  0.2		4.1705503158		-1.0
	23054.99999999	10.49198		1.50189  0.2  0.2		4.1705503158		-1.0
	23084.99999999	10.47799		1.8954  0.2  0.2		4.1705503158		-1.0
	23114.99999999	10.11491		2.25018  0.2  0.2		4.1705503158		-1.0
	23144.99999999	9.60105		2.20423  0.2  0.2		4.1705503158		-1.0
	23174.99999999	9.18056		2.15603  0.2  0.2		4.1705503158		-1.0
	23204.99999999	8.75698		2.33572  0.2  0.2		4.1705503158		-1.0
	23234.99999999	8.30675		2.1545  0.2  0.2		4.1705503158		-1.0
	23264.99999999	7.77532		2.22563  0.2  0.2		4.1705503158		-1.0
	23294.99999999	7.48368		2.26378  0.2  0.2		4.1705503158		-1.0
	23324.99999999	6.77669		2.36405  0.2  0.2		4.1705503158		-1.0
	23354.99999999	6.71065		2.30107  0.2  0.2		4.1705503158		-1.0
	23384.99999999	6.35392		2.27726  0.2  0.2		4.1705503158		-1.0
	23414.99999999	5.91528		2.13369  0.2  0.2		4.1705503158		-1.0
	23444.99999999	5.57681		1.92575  0.2  0.2		4.1705503158		-1.0
	23474.99999999	6.1964		1.81378  0.2  0.2		4.1705503158		-1.0
	23504.99999999	7.02619		1.79531  0.2  0.2		4.1705503158		-1.0
	23534.99999999	7.4669		1.73908  0.2  0.2		4.1705503158		-1.0
	23564.99999999	7.5037		1.62933  0.2  0.2		4.1705503158		-1.0
	23594.99999999	7.62748		1.88752  0.2  0.2		4.1705503158		-1.0
	23624.99999999	7.16039		2.21324  0.2  0.2		4.1705503158		-1.0
	23654.99999999	6.78173		2.35456  0.2  0.2		4.1705503158		-1.0
	23684.99999999	5.90872		2.75053  0.2  0.2		4.1705503158		-1.0
	23714.99999999	5.66449		2.67525  0.2  0.2		4.1705503158		-1.0
	23744.99999999	5.61663		2.62905  0.2  0.2		4.1705503158		-1.0
	23774.99999999	6.13967		2.5296  0.2  0.2		4.1705503158		-1.0
	23804.99999999	6.66806		2.62636  0.2  0.2		4.1705503158		-1.0
	23834.99999999	7.3376		2.96313  0.2  0.2		4.1705503158		-1.0
	23864.99999999	7.63577		-2.98046  0.2  0.2		4.1705503158		-1.0
	23894.99999999	7.99785		-3.03588  0.2  0.2		4.1705503158		-1.0
	23924.99999999	7.90985		-2.82807  0.2  0.2		4.1705503158		-1.0
	23954.99999999	7.60667		-2.73722  0.2  0.2		4.1705503158		-1.0
	23984.99999999	6.62029		-2.83972  0.2  0.2		4.1705503158		-1.0
	24014.99999999	5.92145		-3.13023  0.2  0.2		4.1705503158		-1.0
	24044.99999999	5.83408		3.12985  0.2  0.2		4.1705503158		-1.0
	24074.99999999	5.54157		-2.9851  0.2  0.2		4.1705503158		-1.0
	24104.99999999	5.51514		-2.65283  0.2  0.2		4.1705503158		-1.0
	24134.99999999	6.03166		-2.68729  0.2  0.2		4.1705503158		-1.0
	24164.99999999	6.16815		-3.01377  0.2  0.2		4.1705503158		-1.0
	24194.99999999	6.65284		-3.05617  0.2  0.2		4.1705503158		-1.0
	24224.99999999	6.92996		-2.87583  0.2  0.2		4.1705503158		-1.0
	24254.99999999	7.34369		-2.91189  0.2  0.2		4.1705503158		-1.0
	24284.99999999	7.82679		-3.12192  0.2  0.2		4.1705503158		-1.0
	24314.99999999	7.71924		2.87911  0.2  0.2		4.1705503158		-1.0
	24344.99999999	7.87981		2.73757  0.2  0.2		4.1705503158		-1.0
	24374.99999999	8.33816		2.71164  0.2  0.2		4.1705503158		-1.0
	24404.99999999	8.97611		2.73787  0.2  0.2		4.1705503158		-1.0
	24434.99999999	9.57088		2.70506  0.2  0.2		4.1705503158		-1.0
	24464.99999999	9.94064		2.77235  0.2  0.2		4.1705503158		-1.0
	24494.99999999	10.20835		2.81029  0.2  0.2		4.1705503158		-1.0
	24524.99999999	10.72034		2.55917  0.2  0.2		4.1705503158		-1.0
	24554.99999999	11.23556		2.53713  0.2  0.2		4.1705503158		-1.0
	24584.99999999	11.74156		2.50435  0.2  0.2		4.1705503158		-1.0
	24614.99999999	12.19576		2.61483  0.2  0.2		4.1705503158		-1.0
	24644.99999999	12.75135		2.41558  0.2  0.2		4.1705503158		-1.0
	24674.99999999	13.27405		2.28422  0.2  0.2		4.1705503158		-1.0
	24704.99999999	13.91207		2.18435  0.2  0.2		4.1705503158		-1.0
	24734.99999999	14.47473		1.9061  0.2  0.2		4.1705503158		-1.0
	24764.99999999	15.06497		1.86458  0.2  0.2		4.1705503158		-1.0
	24794.99999999	15.5242		1.94186  0.2  0.2		4.1705503158		-1.0
	24824.99999999	15.94851		1.7812  0.2  0.2		4.1705503158		-1.0
	24854.99999999	16.18632		2.27094  0.2  0.2		4.1705503158		-1.0
	24884.99999999	16.63772		2.44136  0.2  0.2		4.1705503158		-1.0
	24914.99999999	17.23424		2.44312  0.2  0.2		4.1705503158		-1.0
	24944.99999999	17.54734		2.23906  0.2  0.2		4.1705503158		-1.0
	24974.99999999	18.19236		2.11366  0.2  0.2		4.1705503158		-1.0
	25004.99999999	18.89204		2.00186  0.2  0.2		4.1705503158		-1.0
	25034.99999999	19.7833		1.75215  0.2  0.2		4.1705503158		-1.0
	25064.99999999	20.10825		1.64589  0.2  0.2		4.1705503158		-1.0
	25094.99999999	20.65706		1.56278  0.2  0.2		4.1705503158		-1.0
	25124.99999999	21.17106		1.13857  0.2  0.2		4.1705503158		-1.0
	25154.99999999	21.43243		0.83244  0.2  0.2		4.1705503158		-1.0
	25184.99999999	21.91946		-0.2062  0.2  0.2		4.1705503158		-1.0
	25214.99999999	22.20812		-1.03229  0.2  0.2		4.1705503158		-1.0
	25244.99999999	22.0663		-1.15904  0.2  0.2		4.1705503158		-1.0
	25274.99999999	21.59835		-1.50308  0.2  0.2		4.1705503158		-1.0
	25304.99999999	21.09422		-1.65555  0.2  0.2		4.1705503158		-1.0
	25334.99999999	20.32461		-2.18165  0.2  0.2		4.1705503158		-1.0
	25364.99999999	19.93982		-2.58814  0.2  0.2		4.1705503158		-1.0
	25394.99999999	19.13916		-2.92971  0.2  0.2		4.1705503158		-1.0
	25424.99999999	19.17184		3.09599  0.2  0.2		4.1705503158		-1.0
	25454.99999999	18.81401		2.85923  0.2  0.2		4.1705503158		-1.0
	25484.99999999	19.20201		2.73754  0.2  0.2		4.1705503158		-1.0
	25514.99999999	19.25546		2.599  0.2  0.2		4.1705503158		-1.0
	25544.99999999	20.03478		2.48328  0.2  0.2		4.1705503158		-1.0
	25574.99999999	20.27346		2.72512  0.2  0.2		4.1705503158		-1.0
	25604.99999999	20.42062		2.75245  0.2  0.2		4.1705503158		-1.0
	25634.99999999	20.14614		2.90093  0.2  0.2		4.1705503158		-1.0
	25664.99999999	20.73645		2.94241  0.2  0.2		4.1705503158		-1.0
	25694.99999999	20.97115		3.08653  0.2  0.2		4.1705503158		-1.0
	25724.99999999	21.40009		2.70246  0.2  0.2		4.1705503158		-1.0
	25754.99999999	21.66006		-3.06601  0.2  0.2		4.1705503158		-1.0
	25784.99999999	21.75993		-2.57172  0.2  0.2		4.1705503158		-1.0
	25814.99999999	21.97872		-2.03947  0.2  0.2		4.1705503158		-1.0
	25844.99999999	22.2088		-1.82814  0.2  0.2		4.1705503158		-1.0
	25874.99999999	22.39581		-2.01713  0.2  0.2		4.1705503158		-1.0
	25904.99999999	22.79151		-1.68402  0.2  0.2		4.1705503158		-1.0
	25934.99999999	23.27558		-2.12239  0.2  0.2		4.1705503158		-1.0
	25964.99999999	23.60494		-2.57939  0.2  0.2		4.1705503158		-1.0
	25994.99999999	24.31156		-2.84424  0.2  0.2		4.1705503158		-1.0
	26024.99999999	25.01905		-2.94106  0.2  0.2		4.1705503158		-1.0
	26054.99999999	25.24787		-3.12248  0.2  0.2		4.1705503158		-1.0
	26084.99999999	25.59923		-2.72157  0.2  0.2		4.1705503158		-1.0
	26114.99999999	25.901		-2.40248  0.2  0.2		4.1705503158		-1.0
	26144.99999999	26.13055		-2.38402  0.2  0.2		4.1705503158		-1.0
	26174.99999999	26.61547		-2.95372  0.2  0.2		4.1705503158		-1.0
	26204.99999999	26.66228		-2.78559  0.2  0.2		4.1705503158		-1.0
	26234.99999999	26.81185		-2.69236  0.2  0.2		4.1705503158		-1.0
	26264.99999999	26.89249		-2.71576  0.2  0.2		4.1705503158		-1.0
	26294.99999999	27.03999		-2.67767  0.2  0.2		4.1705503158		-1.0
	26324.99999999	27.35447		-2.68844  0.2  0.2		4.1705503158		-1.0
	26354.99999999	27.90835		-2.39216  0.2  0.2		4.1705503158		-1.0
	26384.99999999	27.80809		-2.3159  0.2  0.2		4.1705503158		-1.0
	26414.99999999	27.85381		-2.14874  0.2  0.2		4.1705503158		-1.0
	26444.99999999	28.48759		-2.20477  0.2  0.2		4.1705503158		-1.0
	26474.99999999	28.70463		-2.33386  0.2  0.2		4.1705503158		-1.0
	26504.99999999	28.68408		-2.51911  0.2  0.2		4.1705503158		-1.0
	26534.99999999	28.95001		-2.69629  0.2  0.2		4.1705503158		-1.0
	26564.99999999	28.83881		3.0406  0.2  0.2		4.1705503158		-1.0
	26594.99999999	28.56715		3.09835  0.2  0.2		4.1705503158		-1.0
	26624.99999999	28.16284		3.07124  0.2  0.2		4.1705503158		-1.0
	26654.99999999	28.12051		-3.06242  0.2  0.2		4.1705503158		-1.0
	26684.99999999	28.14313		-2.85979  0.2  0.2		4.1705503158		-1.0
	26714.99999999	27.75111		-2.54903  0.2  0.2		4.1705503158		-1.0
	26744.99999999	27.413		-2.70527  0.2  0.2		4.1705503158		-1.0
	26774.99999999	27.57338		-3.02003  0.2  0.2		4.1705503158		-1.0
	26804.99999999	27.39615		2.98463  0.2  0.2		4.1705503158		-1.0
	26834.99999999	27.05292		2.84518  0.2  0.2		4.1705503158		-1.0
	26864.99999999	26.87727		2.51712  0.2  0.2		4.1705503158		-1.0
	26894.99999999	26.95918		2.34966  0.2  0.2		4.1705503158		-1.0
	26924.99999999	26.59058		1.90292  0.2  0.2		4.1705503158		-1.0
	26954.99999999	26.34943		2.25253  0.2  0.2		4.1705503158		-1.0
	26984.99999999	26.19218		2.75841  0.2  0.2		4.1705503158		-1.0
	27014.99999999	26.24118		2.81223  0.2  0.2		4.1705503158		-1.0
	27044.99999999	25.76087		2.92007  0.2  0.2		4.1705503158		-1.0
	27074.99999999	25.62938		-2.99189  0.2  0.2		4.1705503158		-1.0
	27104.99999999	25.0959		3.00619  0.2  0.2		4.1705503158		-1.0
	27134.99999999	24.89766		2.59077  0.2  0.2		4.1705503158		-1.0
	27164.99999999	24.57076		2.60152  0.2  0.2		4.1705503158		-1.0
	27194.99999999	24.12434		2.58438  0.2  0.2		4.1705503158		-1.0
	27224.99999998	23.37316		2.81441  0.2  0.2		4.1705503158		-1.0
	27254.99999998	23.32397		2.76997  0.2  0.2		4.1705503158		-1.0
	27284.99999998	23.64569		2.58431  0.2  0.2		4.1705503158		-1.0
	27314.99999998	24.11476		2.22047  0.2  0.2		4.1705503158		-1.0
	27344.99999998	24.45379		2.28141  0.2  0.2		4.1705503158		-1.0
	27374.99999998	24.84103		1.82146  0.2  0.2		4.1705503158		-1.0
	27404.99999998	24.66478		1.82809  0.2  0.2		4.1705503158		-1.0
	27434.99999998	25.05624		1.81002  0.2  0.2		4.1705503158		-1.0
	27464.99999998	25.46778		2.12293  0.2  0.2		4.1705503158		-1.0
	27494.99999998	25.99481		1.97847  0.2  0.2		4.1705503158		-1.0
	27524.99999998	25.7596		1.85277  0.2  0.2		4.1705503158		-1.0
	27554.99999998	25.73023		1.77335  0.2  0.2		4.1705503158		-1.0
	27584.99999998	26.00411		2.48265  0.2  0.2		4.1705503158		-1.0
	27614.99999998	26.04424		2.83499  0.2  0.2		4.1705503158		-1.0
	27644.99999998	25.82398		-2.78673  0.2  0.2		4.1705503158		-1.0
	27674.99999998	25.64919		-1.55601  0.2  0.2		4.1705503158		-1.0
	27704.99999998	25.28362		-1.34863  0.2  0.2		4.1705503158		-1.0
	27734.99999998	25.67377		-0.9953  0.2  0.2		4.1705503158		-1.0
	27764.99999998	26.11188		-0.9444  0.2  0.2		4.1705503158		-1.0
	27794.99999998	26.13832		-0.55482  0.2  0.2		4.1705503158		-1.0
	27824.99999998	25.9748		-1.68957  0.2  0.2		4.1705503158		-1.0
	27854.99999998	25.99478		-1.81067  0.2  0.2		4.1705503158		-1.0
	27884.99999998	26.30934		-1.84817  0.2  0.2		4.1705503158		-1.0
	27914.99999998	26.43064		-1.34568  0.2  0.2		4.1705503158		-1.0
